-1.876
-2.038
-0.940
0.002
-0.032
2.465
0.144
0.438
1.978
0.771
0.027
2.615
0.791
0.162
-0.175
1.803
0.458
0.148
0.051
0.037
-0.410
-0.261
-2.112
0.027
-0.422
0.034
-0.252
0.048
-0.001
-0.240
0.033
1.148
-0.420
-0.133
-0.790
0.184
-0.142
0.712
0.221
0.615
0.740
0.932
0.142
0.095
0.203
0.222
-0.268
-0.003
0.741
0.424
0.817
0.623
1.144
0.507
-0.021
-0.040
2.849
-0.676
-0.066
-0.544
2.250
0.750
1.544
0.051
0.026
-0.297
-0.036
1.045
-0.053
-0.989
-1.015
-0.359
-0.553
-0.156
-0.156
-0.052
-2.710
-0.486
-0.444
-0.582
2.882
0.088
-0.144
1.660
0.049
2.223
1.257
0.100
0.097
-0.172
0.108
0.107
-0.229
0.197
2.285
-0.370
0.020
0.004
3.110
0.600
0.307
0.052
3.769
0.213
1.938
1.577
-0.360
-0.160
3.107
-0.119
0.020
0.039
-0.130
-2.814
-0.013
-0.837
3.145
-0.515
0.621
0.648
1.467
2.616
1.472
0.509
0.078
0.600
1.255
-0.123
-0.080
0.204
-0.497
-0.293
-0.086
0.402
0.187
0.221
1.012
-0.133
0.325
-3.739
2.142
0.426
0.329
0.445
0.207
1.410
-2.438
-2.484
-0.205
-0.750
-0.030
-0.069
-0.053
1.424
1.100
1.248
-0.739
0.766
0.227
1.282
0.505
0.725
-1.628
0.620
-0.774
2.464
0.291
0.276
0.600
0.757
0.422
0.640
0.150
-0.239
0.414
0.547
0.219
-0.061
0.067
-0.398
-0.001
1.010
0.516
0.122
0.069
-0.209
0.062
3.120
1.948
1.188
3.137
2.703
0.613
0.512
0.651
0.428
0.433
-0.144
0.028
0.085
-0.381
-0.314
0.206
0.224
0.297
0.215
0.036
2.726
1.007
-1.378
0.794
0.881
1.040
0.150
1.536
0.853
0.492
0.370
0.462
-0.401
-0.109
0.178
0.374
0.417
-0.313
-0.416
-0.735
0.830
0.020
1.232
1.277
-0.030
-0.007
0.227
0.656
0.482
0.910
-0.921
0.062
0.231
1.105
1.469
0.417
0.686
0.490
-0.100
0.078
-0.083
-0.019
-0.198
-0.519
0.842
0.271
0.410
0.350
-0.222
0.085
0.523
0.108
0.106
0.122
-0.184
0.286
-0.481
-0.085
-0.393
-0.846
0.222
0.101
-0.403
0.108
-0.141
0.033
-0.321
-0.005
0.803
0.534
0.274
0.628
-0.438
-0.205
0.098
-0.114
0.316
2.118
-0.073
-0.026
-0.036
1.179
0.496
0.002
-0.031
0.009
-0.009
0.009
-0.007
-0.439
-0.281
0.020
0.017
-0.278
0.050
-0.049
0.012
0.008
0.036
0.082
-3.750
-2.698
-2.689
-1.988
-0.177
-0.854
0.022
-0.911
-1.011
-0.196
0.208
0.054
0.031
0.099
0.103
0.060
-1.503
-0.464
0.427
-0.113
0.392
0.631
0.165
0.224
0.312
0.021
-0.258
0.368
-0.483
0.270
1.341
1.844
1.343
0.340
2.300
