1.313
1.334
0.702
-0.287
0.600
3.144
0.038
0.088
1.842
0.876
0.013
4.041
0.801
-0.255
-0.281
2.155
0.689
-0.084
0.062
0.357
-0.071
0.062
-1.316
0.331
0.032
-0.367
0.062
0.510
0.088
-0.041
0.033
1.530
0.452
0.465
-0.477
0.188
0.120
0.153
0.329
0.769
0.119
0.209
-0.109
0.062
0.260
0.411
0.101
0.010
1.434
0.076
1.489
-1.530
0.946
1.504
0.261
0.187
3.089
-0.351
0.007
-1.210
2.112
1.524
0.678
0.087
0.007
0.268
0.062
0.811
0.484
-0.439
-0.802
-0.015
-0.075
0.787
0.145
-0.041
-0.253
-0.103
-0.128
-0.271
3.130
0.187
-0.449
0.494
0.259
3.450
2.503
0.076
0.062
0.350
0.062
0.135
-0.099
-0.099
1.487
0.208
0.019
0.304
2.485
0.616
0.434
-0.019
3.714
-0.042
2.181
0.562
-0.531
0.763
1.965
0.068
0.084
-0.162
0.233
-2.535
-0.148
-0.367
4.347
-0.313
1.145
1.386
1.848
1.872
1.529
0.690
0.416
0.173
0.930
-0.260
0.287
1.628
-0.357
0.046
0.164
0.099
0.085
0.034
2.434
0.213
0.777
-1.077
2.580
-0.147
0.105
0.086
-0.129
0.890
-1.740
-0.180
-0.144
0.353
0.294
-0.442
-0.004
2.730
1.544
5.041
-1.554
1.354
1.540
2.599
0.895
0.409
-4.872
0.924
-2.656
4.334
1.343
1.498
2.548
1.723
1.141
0.540
0.248
-0.080
0.217
0.567
0.129
0.242
0.062
0.062
-0.600
1.521
0.571
0.048
0.988
0.062
0.652
2.126
1.666
0.431
2.903
3.871
0.735
0.554
0.062
0.465
0.120
0.062
0.050
0.062
0.048
0.055
0.062
0.062
0.210
0.062
0.548
3.301
1.284
0.101
0.854
1.630
1.165
0.333
2.263
0.099
0.062
0.062
0.289
-1.114
0.062
0.072
0.062
0.062
0.062
0.014
-0.167
1.967
0.114
1.133
1.806
0.018
-0.119
0.127
0.792
0.204
0.504
-0.372
0.596
0.131
1.806
1.326
0.549
0.313
1.200
-0.046
0.062
0.094
0.126
-0.083
-0.467
0.361
0.021
0.298
0.496
-0.068
0.542
-0.735
0.287
0.386
0.090
0.289
0.509
-0.662
-0.156
-0.953
-0.126
1.340
0.920
-0.128
0.176
0.087
0.244
-0.051
-0.158
1.172
0.062
0.062
0.023
0.062
0.062
0.062
0.062
0.062
2.569
0.078
-0.136
0.062
2.151
0.641
0.627
-0.051
0.011
-0.668
-0.103
-0.132
-0.518
0.025
0.009
-0.052
-0.883
0.062
-0.014
0.072
0.004
0.069
-0.062
-3.991
-2.052
-2.184
-1.328
0.054
-0.678
0.146
-0.628
-0.666
0.518
0.330
0.446
0.062
2.308
1.161
0.210
-0.766
-0.302
0.600
-0.156
1.101
1.794
0.123
0.138
1.098
0.252
-0.027
0.444
-0.073
0.082
2.515
4.153
2.703
-0.287
1.405
