-0.123
-0.178
0.694
0.114
-1.004
1.477
0.043
0.818
0.818
0.185
-0.260
2.831
0.906
0.620
0.192
1.764
0.454
0.410
-0.119
-0.205
-0.102
-0.324
-0.495
0.424
-2.461
0.514
-0.542
0.792
-0.757
-0.419
-0.068
2.983
-1.174
-0.131
-0.161
0.050
-0.032
0.084
-0.015
0.594
-0.227
0.232
0.792
-0.123
0.136
0.244
-0.152
0.137
1.651
1.718
0.200
1.793
1.715
-0.880
2.214
0.480
3.617
-1.578
-0.054
-1.312
2.489
1.267
0.711
-0.150
0.166
0.388
0.713
0.341
0.958
0.462
0.245
0.948
0.875
0.631
1.412
0.830
0.161
0.549
0.261
0.583
1.872
0.035
0.037
1.131
0.192
3.751
2.226
0.251
0.165
-0.561
-0.043
0.178
0.166
-0.748
1.582
-0.123
-0.098
-0.111
1.193
0.041
0.351
0.006
2.214
-0.177
2.153
1.473
-0.025
0.432
2.359
0.124
-0.125
-0.103
0.334
-0.562
0.355
-0.132
3.532
-0.037
0.472
1.773
1.458
2.435
1.818
1.180
1.352
0.245
1.791
-0.197
1.493
0.311
-0.051
-0.748
-1.028
-0.316
1.189
0.945
2.215
0.480
-0.434
-1.558
1.443
-0.515
-0.116
0.525
-0.715
0.401
-1.947
-1.405
0.279
-0.459
-0.348
0.047
0.099
1.463
0.994
1.413
-2.103
0.631
0.129
1.210
-0.178
0.382
-1.611
0.373
-1.240
3.236
-0.364
-1.817
1.271
0.690
0.690
0.936
0.384
-0.424
0.572
0.497
-0.180
-0.110
-0.363
-0.448
-0.123
0.309
-0.211
-0.003
0.127
-1.141
-0.047
3.149
1.758
0.514
1.946
1.640
0.414
-0.255
0.013
0.025
0.154
-0.085
-0.123
-0.123
0.291
-0.158
-0.100
-0.072
-0.147
-0.047
-0.006
1.729
0.113
-0.746
0.315
1.905
1.605
0.296
1.968
0.379
0.183
0.117
0.745
-0.390
0.070
0.088
0.049
-0.191
-0.352
0.196
-1.403
0.309
0.237
0.793
0.367
-0.730
-0.007
-0.123
0.552
-0.406
0.736
-0.826
-0.028
0.165
1.131
1.289
0.148
0.780
-0.209
0.522
-0.150
0.055
-0.123
0.442
-0.783
0.950
0.112
-0.041
0.733
-0.249
-0.092
0.038
-0.097
-0.106
-0.112
-0.079
-0.114
-0.387
-0.156
-0.284
-0.167
0.300
0.750
-0.255
0.445
0.666
0.486
-0.514
-0.179
0.425
1.339
0.272
0.874
-0.094
-0.035
1.165
0.209
0.593
1.771
-0.166
0.338
0.351
1.105
0.388
0.394
-0.117
-0.423
-0.582
-0.151
-0.594
-0.848
0.544
-0.236
-0.380
-0.408
-0.173
-0.138
-0.457
-0.493
-0.157
0.144
-1.964
-1.038
-1.186
-0.588
-2.917
-3.514
-0.103
-0.551
-0.899
-0.492
0.989
-0.009
0.427
-0.076
-0.204
-0.282
-0.653
-0.468
0.255
-0.183
1.471
0.543
0.207
-0.113
0.173
0.301
-0.062
-0.462
0.963
0.146
4.440
3.260
0.860
2.126
2.423
