0.008
-0.051
-0.252
-0.252
-0.618
4.266
-0.118
-0.027
2.051
0.692
-0.036
2.174
0.564
0.409
0.070
1.650
0.219
0.534
0.181
-0.277
0.133
-0.059
0.120
0.264
-0.172
0.024
-0.308
0.087
-0.264
-0.212
-0.156
1.444
-0.232
0.366
0.159
0.676
0.655
1.259
0.126
0.719
-0.011
0.087
-0.080
0.236
-0.017
0.007
-0.227
-0.015
1.996
0.520
1.989
-0.050
0.748
-0.164
0.156
0.100
1.782
1.902
-0.047
0.917
1.660
0.562
1.554
0.141
-0.073
-0.931
-0.168
1.162
-0.164
-0.171
-0.343
-0.289
-0.131
-0.463
-0.343
-0.136
-1.284
-0.195
-0.234
-0.184
2.538
-0.103
-0.073
2.369
0.189
2.835
2.210
-0.003
-0.129
-0.022
-0.099
-0.014
-0.066
0.279
2.477
0.159
0.165
0.451
3.616
0.230
0.422
0.058
2.862
0.760
2.083
0.887
-0.022
0.520
3.229
0.192
-0.083
-0.098
-0.011
-0.288
-0.036
-0.080
3.188
-0.593
0.300
0.563
1.095
0.576
0.692
0.154
-0.065
1.419
1.011
-0.278
0.364
0.293
-1.081
-0.099
-0.844
0.433
0.144
0.002
0.897
0.065
0.208
-3.510
1.993
1.587
-0.013
0.066
-0.247
0.929
-2.288
-2.108
-0.082
-0.332
0.151
-0.205
-0.838
0.495
0.338
1.417
-1.039
-0.141
-0.099
0.442
0.325
0.279
-0.981
0.095
-0.133
3.210
1.898
1.581
1.430
2.318
0.786
0.228
0.475
-0.501
0.173
0.261
0.693
0.335
0.074
-0.747
-0.151
2.004
0.800
0.154
-0.252
-0.090
-0.253
2.134
0.944
0.303
1.737
2.812
0.882
0.910
0.136
0.127
0.162
-0.389
-0.277
-0.224
-0.064
-0.186
-0.037
-0.038
-0.405
0.006
-0.003
2.900
1.030
-0.544
0.938
1.671
1.157
0.112
1.773
0.443
-0.052
-0.078
0.040
-0.266
-0.044
0.057
0.021
-0.785
-0.006
0.504
-0.121
0.399
-0.403
1.524
0.158
0.189
-0.422
-0.052
0.487
0.164
1.113
-0.286
0.089
0.044
0.500
0.788
-0.076
0.216
0.001
0.643
0.067
-0.315
-0.027
0.296
-0.328
0.249
-0.354
0.158
0.159
-0.059
-0.145
0.333
-0.102
0.236
0.197
0.085
0.158
0.062
0.156
0.653
0.020
-0.041
-0.270
-0.217
0.007
-0.147
0.011
0.013
0.121
-0.300
1.214
0.135
0.333
0.115
0.184
0.634
0.100
0.303
0.611
-0.029
-0.281
-0.145
0.366
-0.149
0.408
-1.026
-0.023
-0.046
0.090
-0.320
-0.207
0.207
0.102
-0.422
-0.128
0.020
-0.126
-0.021
-0.341
-0.036
0.175
-2.599
-0.777
-0.824
-0.565
0.254
0.053
0.468
-0.336
0.127
-0.597
-0.066
0.261
-0.316
-0.021
-0.054
-0.123
-0.997
0.096
0.447
-1.132
0.526
1.769
-0.154
0.083
0.134
0.566
0.306
0.277
-0.381
-0.078
2.340
3.099
1.040
1.105
2.553
