1.950
1.626
0.097
-0.023
0.146
3.317
0.164
1.544
2.622
0.763
0.229
2.846
0.639
0.089
0.620
2.441
1.041
1.281
0.178
0.375
-0.116
-0.295
-1.030
0.708
-0.335
0.153
-0.613
0.158
-0.201
-0.220
-0.251
1.080
-0.750
0.404
0.390
0.583
0.866
0.628
0.111
0.060
0.164
1.083
0.993
0.341
0.714
0.741
0.058
-0.038
1.432
0.834
1.326
-0.420
1.570
1.616
0.138
0.214
3.067
-0.388
0.449
-0.309
2.971
0.978
2.711
-0.008
-0.102
-0.209
-0.577
0.818
0.006
-0.746
-0.833
-0.346
0.044
-0.372
-0.068
-0.115
-0.634
-0.180
-0.403
-0.455
2.911
-0.164
-0.100
2.012
0.580
3.438
3.066
0.165
0.160
0.043
0.164
0.164
0.158
-0.045
4.495
0.861
-0.053
0.043
3.064
1.376
-0.067
-0.138
3.274
-0.628
1.530
0.704
-0.643
0.343
2.425
-0.899
0.070
-0.404
0.261
-1.824
-0.399
-0.630
3.737
-1.013
0.814
0.393
1.724
2.882
1.522
0.470
-0.061
1.203
1.279
-0.058
0.372
0.678
-0.273
0.163
-0.113
1.626
0.103
0.111
1.694
-0.434
0.180
-2.136
3.025
0.380
-0.078
0.099
-0.449
0.033
-1.351
-0.427
-0.319
-0.082
0.087
-0.562
0.047
1.333
0.866
2.633
-1.143
0.518
0.351
1.367
0.484
0.405
-0.807
0.618
-0.511
3.229
1.224
1.055
1.018
1.533
0.665
0.637
0.221
0.141
0.164
0.223
0.164
0.090
0.159
0.161
0.025
2.504
0.829
-0.264
0.083
-0.896
-0.370
2.730
1.533
0.963
2.933
2.805
0.723
0.400
0.713
0.704
0.696
-0.511
0.096
0.164
0.104
0.129
0.259
0.339
0.164
0.328
-0.356
2.904
0.721
-0.413
0.920
2.422
1.500
0.263
3.262
1.106
0.486
0.164
0.139
-0.099
0.192
0.251
0.194
0.092
0.253
0.397
0.164
1.202
-0.146
1.316
1.025
-0.284
-0.152
0.049
0.811
-0.085
0.692
-0.611
-0.012
0.325
1.927
1.339
0.712
0.847
1.315
0.164
0.067
-0.712
0.142
0.221
-0.958
1.044
0.345
0.013
1.145
-0.592
-0.025
-0.614
-0.214
-0.266
0.588
-0.239
0.023
-0.648
-0.638
-0.939
-0.625
0.546
0.177
0.311
0.310
0.059
-0.761
-0.279
-0.063
0.578
0.333
0.164
0.296
0.009
0.159
0.309
0.147
0.164
2.892
0.164
-0.129
0.164
0.954
0.520
0.041
0.011
0.273
-0.096
0.082
-0.024
-0.164
0.194
0.173
-0.291
-0.185
0.293
-0.062
0.273
-0.150
-0.291
-0.270
-3.679
-3.370
-3.500
-2.417
0.042
-0.363
0.068
-1.647
-0.839
-0.745
0.322
0.329
0.164
0.070
0.159
0.072
-0.739
-0.437
-0.141
-0.223
0.438
1.789
-0.022
-0.103
0.102
-0.704
-1.396
0.157
-0.026
0.061
3.899
2.854
3.500
0.814
2.151
