-0.814
-1.041
-0.632
0.082
-0.169
3.729
0.128
0.926
1.820
0.667
-0.068
3.083
0.965
-0.217
-0.040
2.199
0.886
0.993
0.212
0.378
-0.188
-0.184
-0.409
0.675
-0.436
0.162
-0.606
0.167
0.104
0.127
0.076
0.916
0.013
0.016
-0.513
0.302
0.897
0.791
0.174
0.786
0.198
0.673
1.035
0.459
0.241
0.223
-0.216
0.076
0.854
0.507
1.220
0.050
1.971
0.773
0.345
0.204
2.954
-0.942
0.186
-0.818
2.699
1.168
2.326
0.108
-0.020
-0.019
0.155
1.171
0.067
-0.371
-0.316
-0.273
-0.122
-0.149
-0.330
0.052
-0.843
-0.063
-0.053
-0.197
2.883
0.337
0.049
2.171
0.674
3.286
2.481
0.267
0.267
-0.003
0.240
0.131
-0.113
0.024
3.360
0.097
0.081
0.284
3.669
1.684
0.220
0.025
3.489
0.294
1.460
1.202
0.029
0.161
3.158
-0.219
-0.008
0.007
0.010
-1.866
0.094
-0.594
4.237
-1.014
0.705
1.001
1.511
2.530
1.321
0.648
0.238
1.451
1.595
-0.047
-0.537
0.779
-0.771
0.026
0.112
1.051
0.056
0.055
1.687
-0.187
0.070
-1.899
2.858
0.923
0.158
0.602
-0.294
0.508
-1.951
-1.430
0.053
-0.378
-0.276
0.088
-0.022
0.959
0.649
2.263
-1.051
-0.109
0.293
0.746
0.529
0.509
-1.189
0.614
-0.469
3.021
0.312
0.635
0.961
0.780
0.310
0.077
0.274
-0.323
0.290
0.319
0.212
0.018
-0.142
-0.358
0.056
2.420
0.895
0.007
-0.018
-0.377
0.141
2.812
1.806
1.243
2.731
3.300
0.938
0.388
0.750
0.487
0.615
-0.166
0.006
0.198
-0.105
-0.070
0.405
0.363
0.159
0.393
0.124
2.647
1.047
-0.444
1.076
1.348
1.397
0.433
2.717
1.262
0.421
0.481
0.142
-0.238
-0.187
-0.112
0.178
0.180
-0.306
-0.095
-0.778
0.786
-0.476
0.851
0.636
0.070
0.025
0.090
0.308
-0.325
0.647
-0.448
-0.014
0.361
1.441
1.729
0.072
1.055
0.234
-0.259
0.109
0.021
-0.099
0.057
-0.322
0.991
0.422
-0.085
0.535
-0.582
-0.156
-0.621
-0.200
-0.266
-0.149
-0.375
-0.088
-0.871
-0.288
-1.081
-0.698
0.474
0.057
0.128
-0.039
0.040
0.028
-0.533
-0.040
0.210
0.434
0.282
0.537
-0.117
-0.113
0.240
-0.129
0.227
2.790
0.032
0.019
0.345
0.714
0.478
0.243
-0.552
0.135
0.012
0.173
0.015
-0.420
-0.040
0.026
-0.166
-0.212
0.184
0.024
0.183
0.027
0.104
0.139
-2.046
-1.425
-1.736
-1.216
-0.005
-0.288
-0.003
-1.117
-0.865
-0.852
0.214
0.318
0.088
0.693
0.477
0.044
-0.991
-0.507
0.532
-0.171
0.802
1.300
-0.003
0.083
0.340
0.032
-0.570
-0.181
-0.232
0.021
3.045
3.212
3.568
0.756
1.717
