-0.062
-0.009
-1.233
0.065
-0.844
3.114
0.211
0.530
2.038
1.056
0.113
4.383
1.305
0.193
0.025
1.379
0.512
-0.197
0.040
-0.076
-0.394
-1.741
-1.316
0.747
-0.297
0.840
-0.612
1.127
-0.253
-0.043
0.070
1.275
-0.648
0.244
0.154
1.032
0.115
0.733
0.158
0.351
0.229
0.395
0.128
0.275
0.006
0.021
-0.096
0.141
0.618
1.114
0.825
0.479
1.947
0.614
1.324
0.256
3.313
-1.666
0.044
-0.846
2.143
0.973
1.931
-0.052
0.043
-0.841
0.228
0.231
0.217
-0.546
-0.902
0.044
0.239
0.729
-0.019
-0.216
-1.388
-0.106
-0.341
-0.423
3.228
0.055
0.220
1.433
0.797
2.984
1.201
-0.013
-0.018
0.085
-0.035
0.055
-0.062
-0.068
3.572
-0.088
-0.036
0.049
2.600
-0.744
0.340
-0.015
2.329
0.424
1.974
1.092
-0.636
0.260
2.229
0.759
-0.005
0.031
0.468
-2.309
0.222
-0.568
3.083
-0.436
0.421
0.958
1.457
1.406
1.616
0.764
0.042
1.765
2.279
-0.033
1.673
1.180
-0.366
0.178
-0.132
0.088
0.031
0.050
1.423
-0.040
-0.274
-0.885
3.058
0.670
0.458
0.425
-0.267
0.692
-3.011
-1.436
0.124
-0.544
0.593
0.008
0.067
2.443
1.682
3.202
-1.682
0.857
0.415
2.079
0.518
0.617
-0.878
0.506
-0.362
4.155
0.404
0.278
1.331
0.815
0.662
0.556
0.549
-0.056
0.171
0.495
0.320
-0.011
0.122
-0.161
0.083
1.108
0.351
-0.010
0.045
-0.224
0.190
2.790
2.232
1.211
2.530
2.270
0.562
-0.086
0.193
0.245
0.270
-0.049
-0.149
0.143
0.261
0.116
0.071
0.127
-0.009
0.225
0.004
2.396
0.821
-0.544
0.340
1.638
1.272
0.665
2.387
0.955
0.538
0.378
0.253
-0.394
0.170
0.171
0.101
0.084
-0.000
-0.120
-1.485
0.863
-0.255
1.064
0.688
-0.026
0.120
0.044
0.416
0.981
0.672
-1.363
0.054
0.077
0.541
0.404
0.054
0.107
1.123
0.405
-0.080
0.148
0.191
0.400
-0.448
0.891
-0.042
0.369
0.638
0.283
0.299
0.047
0.219
0.158
0.366
-0.018
0.413
-0.038
0.386
-0.898
-0.672
0.196
0.065
-0.377
-0.372
-0.051
-0.114
-0.112
0.007
0.293
0.766
1.057
0.462
-0.126
0.136
0.400
0.268
0.719
2.182
0.454
0.015
0.141
2.033
0.440
0.220
-0.248
0.149
-0.004
0.086
-0.086
-0.582
0.483
0.035
-0.088
-0.504
0.326
0.166
0.206
0.028
0.036
-0.022
-2.761
-2.444
-2.238
-1.763
-0.480
-0.978
0.154
-1.099
-0.173
-0.673
0.180
0.308
0.001
-0.032
0.124
0.006
-0.341
-0.005
0.325
-0.140
0.250
0.771
0.323
0.147
0.078
0.013
-0.759
0.041
0.073
-0.060
4.985
3.365
1.341
-0.659
2.756
