0.971
1.158
-0.055
-0.258
-0.247
-1.640
-0.415
-0.515
-3.057
-2.050
-0.112
-2.244
-0.528
-0.067
1.023
-1.409
-0.791
-0.316
-0.078
-0.163
-0.649
-0.011
0.179
-0.251
-0.078
0.396
0.394
0.127
-0.028
0.922
-0.028
-2.237
-0.062
-0.374
0.355
-0.254
-0.357
-0.258
-0.691
-0.908
-0.306
-0.334
-0.385
-0.092
-0.705
-0.795
0.132
-0.135
-0.181
-0.217
-0.618
-0.639
-1.208
-0.663
-0.197
-0.113
-1.918
0.660
-0.139
0.265
-2.721
-1.030
-2.598
-0.085
-0.113
0.198
-0.143
-0.540
0.024
0.579
0.335
0.404
0.551
0.139
0.445
0.056
2.061
0.165
0.001
0.635
-2.163
-0.082
-0.141
-1.501
-0.466
-3.108
-2.080
-0.184
0.078
0.018
0.058
-0.189
-0.038
-0.777
-2.412
0.561
-0.113
-0.788
-2.695
-1.540
-0.160
-0.003
-4.084
-0.358
-2.300
-1.372
-0.063
-0.380
-2.170
-0.028
-0.375
0.053
-0.228
1.338
-0.191
-0.015
-2.361
0.178
-0.735
-0.821
-1.639
-1.345
-1.209
-0.475
-0.168
-1.022
-1.070
0.005
-0.235
-0.935
1.135
0.722
0.071
-0.317
-0.110
-0.148
-0.968
-0.040
-0.024
2.550
-2.115
-0.218
0.205
-0.411
-0.551
-0.689
2.611
0.922
-0.077
-0.063
-0.194
-0.161
0.042
-1.773
-1.524
-2.542
-0.544
-1.366
-1.071
-1.552
-0.195
-0.199
1.026
-0.131
0.421
-3.127
-2.320
-1.253
-1.828
-2.710
-0.396
-0.150
-0.359
-0.113
-0.071
-0.244
-0.228
-0.113
-0.113
-0.113
-0.148
-1.107
-0.719
-0.395
-0.139
-0.101
-0.336
-4.067
-1.309
-1.457
-2.876
-2.834
-0.885
-0.032
-0.275
-0.611
-1.265
-0.262
-0.113
-0.678
-0.113
-0.113
-0.989
-0.834
-0.217
-0.772
-0.057
-1.811
-0.734
1.046
-0.230
-0.784
-1.216
-0.086
-2.186
-1.314
-0.714
-0.606
-0.753
-0.091
-0.266
-0.084
-0.297
-0.231
0.156
-0.125
0.057
-0.956
0.433
-1.697
-0.658
-0.669
-0.497
0.218
-0.383
-0.710
-0.320
0.290
-0.064
-0.175
-1.612
-1.387
-0.613
-0.844
-0.205
0.211
-0.062
-0.113
0.132
-0.082
0.129
-0.877
-0.933
-0.113
-0.183
-0.113
-0.018
-0.068
-0.095
-0.158
-0.105
-0.008
-0.209
0.348
0.030
-0.113
0.005
-0.096
-0.025
1.606
-0.113
-0.115
-0.090
0.069
-0.333
-0.608
-0.572
-0.192
-0.330
-0.041
-0.108
-0.537
-0.110
-0.427
-1.011
-0.058
-0.066
-0.286
-2.028
-0.207
0.200
0.210
-0.433
-0.362
-0.209
-0.529
-0.183
-0.914
-0.338
0.265
-0.066
-0.319
0.011
-0.417
0.100
-0.073
-0.113
2.972
1.734
2.020
1.446
-0.303
0.162
-0.170
0.701
1.729
-0.120
-0.069
-0.429
-0.291
-0.250
-0.052
0.054
1.514
-0.384
-0.294
-0.233
-0.670
-1.307
-0.359
-0.393
-0.463
-0.146
0.473
0.848
-0.253
-0.030
-2.591
-3.603
-2.042
-0.139
-2.289
