0.127
0.414
-0.106
-0.149
-0.544
-3.652
-0.178
-0.649
-2.167
-0.949
0.117
-3.152
-1.264
-0.812
-0.081
-2.558
-0.918
-0.815
-0.327
-0.108
-0.209
-0.094
0.320
-0.708
0.281
-0.166
1.156
-0.300
0.222
0.414
-0.152
-1.364
0.662
-0.293
0.732
-0.275
-0.311
-0.702
-0.287
-0.754
-0.240
-0.337
-0.598
-0.244
-0.152
-0.152
0.102
-0.131
-0.470
-0.584
-1.659
-0.371
-2.173
-1.772
-0.944
-0.420
-2.941
0.564
-0.408
0.269
-2.975
-1.547
-2.538
0.201
-0.046
-0.082
-0.097
-1.073
-0.239
0.732
0.685
0.564
0.384
-0.164
0.899
0.012
0.423
0.034
0.325
0.409
-2.653
-0.257
0.022
-2.167
-0.709
-3.350
-2.334
-0.302
-0.292
-0.467
-0.189
-0.470
-0.078
-0.574
-2.754
-0.142
-0.028
-0.394
-3.071
-1.355
-0.242
-0.031
-3.743
-0.750
-1.865
-1.081
0.144
-0.368
-2.896
-0.295
-0.061
0.442
-0.216
2.013
-0.036
0.254
-4.211
0.315
-0.744
-0.913
-2.040
-3.274
-1.878
-0.652
-0.372
-1.125
-1.763
0.282
-0.589
-1.214
0.998
-0.695
0.157
-1.220
-0.220
-0.238
-1.825
-0.588
-0.792
1.991
-2.553
-0.477
-0.330
-0.585
0.135
-0.940
2.720
1.020
0.267
0.309
-0.582
-0.058
0.299
-1.752
-0.557
-3.339
0.626
-0.611
-0.694
-1.697
-0.555
-0.124
1.593
-0.427
0.780
-4.403
-0.843
-1.216
-1.526
-1.725
-0.715
-0.226
-0.627
-0.140
-0.275
-0.291
-0.235
-0.152
-0.124
-0.066
0.039
-2.312
-1.040
0.062
0.054
0.475
-0.066
-3.613
-1.983
-1.064
-2.739
-4.061
-0.773
-0.743
-0.509
-0.710
-1.108
0.266
-0.152
-0.123
-0.152
-0.152
-0.545
-0.375
-0.432
-0.631
-0.092
-3.055
-1.118
0.004
-0.611
-1.456
-1.184
-0.287
-3.103
-1.253
-0.807
-0.568
-0.471
-0.023
-0.152
-0.152
-0.331
-0.199
-0.139
-0.152
-0.125
-0.996
0.258
-1.358
-1.227
0.150
-0.071
-0.037
-0.319
-0.152
-0.294
0.150
-0.081
-0.175
-0.351
-1.110
-0.470
-0.372
-0.794
-0.139
0.322
0.110
-0.152
-0.039
0.545
-1.467
-0.407
-0.245
-0.187
-0.041
-0.121
-0.459
-0.120
-0.095
-0.136
-0.114
-0.212
0.025
-0.090
0.163
0.124
-0.252
0.063
-0.223
-0.034
-0.253
0.024
-0.152
0.103
-0.516
-0.663
-0.426
-0.293
0.062
-0.227
-0.626
-0.201
-0.224
-3.796
-0.144
-0.151
-0.075
-0.871
-0.313
0.079
-1.532
-0.152
-0.074
-0.152
-0.091
0.177
-0.152
-0.152
0.355
-0.005
-0.222
-0.144
-0.173
0.068
-0.048
-0.076
2.981
2.127
2.461
1.467
0.354
0.606
-0.047
0.436
0.790
-0.437
-0.589
-0.323
-0.218
-0.483
-1.063
-0.086
1.624
0.310
-0.192
-0.072
-0.732
-1.555
-0.128
-0.437
-0.676
-0.152
0.437
-0.191
-0.268
-0.400
-2.621
-3.023
-3.589
-0.721
-2.375
