-0.726
-1.160
0.005
0.014
-0.554
-2.696
0.329
-0.212
-1.364
-0.205
-0.024
-2.294
-0.420
-0.557
-1.326
-2.014
-1.558
-0.048
-0.239
-0.051
-0.286
-0.375
1.786
-0.484
-0.361
0.124
0.100
-1.545
-0.306
0.471
-0.068
-0.380
0.656
0.230
1.357
-0.222
-0.127
-0.015
-0.475
0.032
0.133
-0.537
-0.838
0.001
-0.280
-0.261
0.618
0.068
-1.077
-0.623
-1.074
0.609
-1.049
-1.204
-1.674
-0.792
-1.484
0.006
-0.017
1.099
-1.777
-1.151
-1.387
0.270
0.078
-0.025
-0.711
-0.447
-0.016
0.494
0.511
0.475
0.381
0.243
0.519
-0.016
1.122
0.556
0.085
0.346
-2.287
-0.125
-0.647
-1.808
-0.389
-2.523
-2.005
-0.527
-0.847
0.061
-0.462
-0.173
0.338
-0.341
-2.028
0.915
0.091
-0.298
-2.966
-1.667
-0.052
-0.034
-2.919
-0.038
-1.427
-0.309
-0.334
-0.639
-3.191
-0.353
-0.284
0.339
0.124
1.006
-0.224
-0.227
-4.280
0.677
-0.752
-0.903
-2.217
-2.221
-1.438
-0.459
-0.109
-1.282
-1.039
0.009
0.122
-1.109
1.853
-0.781
0.082
-1.092
-0.083
-0.206
-0.911
-0.036
-0.325
1.448
-1.647
-0.694
0.418
-0.336
0.904
0.232
2.214
0.124
0.079
0.510
0.098
-0.224
0.019
-1.283
1.542
-0.745
0.702
0.066
0.124
0.007
-0.832
-0.764
1.060
-0.744
0.756
-1.922
0.124
-0.805
-0.620
-0.003
-0.324
0.076
-0.250
0.124
-0.323
-0.459
-0.185
-0.158
-0.079
0.129
-0.139
-1.344
-0.773
-0.005
-0.249
0.902
-0.226
-2.988
-2.625
-0.924
-2.617
-5.078
-0.391
-0.704
-0.380
-0.480
-0.148
0.249
0.007
-0.418
0.124
0.124
-0.639
-0.550
0.065
-0.339
-0.202
-1.965
-0.750
0.911
-0.126
-1.944
-0.563
-0.315
-2.249
-0.824
0.394
-0.479
-0.337
0.431
-0.085
0.211
0.352
0.149
-0.077
0.425
0.124
-0.666
0.340
-0.572
-0.684
-0.045
-0.047
-0.041
-0.294
0.124
-0.780
0.412
0.040
-0.154
0.124
0.120
-0.589
0.123
-0.942
0.419
0.712
1.324
0.366
0.800
0.594
-0.425
-0.109
-0.435
-1.110
0.768
1.573
-0.274
-0.414
-0.408
-0.765
1.096
-0.596
1.109
0.227
1.665
-0.262
-0.080
0.260
0.638
0.007
-0.111
0.019
-0.105
0.137
-0.470
-0.314
0.123
-0.209
0.089
0.070
-0.268
0.243
-0.198
-2.424
-0.066
0.196
-0.183
0.124
-0.631
0.879
1.059
-0.142
1.246
-0.221
0.138
0.395
-0.477
-0.030
0.392
0.097
-0.436
0.470
-0.212
-0.010
-0.154
-0.039
2.743
1.552
1.807
1.121
0.022
0.505
0.003
0.243
0.706
-0.479
-0.228
-0.203
-0.206
-0.130
-0.939
0.058
1.151
-0.014
-0.297
0.262
-0.337
-1.136
-0.352
0.490
-0.282
-0.323
0.286
-0.125
0.019
-0.394
-1.630
-3.253
-1.811
-0.845
-1.523
