1.036
1.073
1.637
0.163
0.078
-3.294
-0.342
-0.201
-2.517
-0.555
-0.029
-3.569
-1.035
0.421
-0.416
-2.495
-0.640
-0.309
-0.023
-0.296
0.167
0.453
0.890
-0.448
0.830
-0.917
0.867
-0.327
0.312
0.509
-0.108
-1.555
0.295
-0.017
0.285
-0.070
-0.422
-0.030
0.094
-0.299
-0.118
-0.903
-0.803
-0.518
-0.416
-0.331
0.158
-0.018
-0.872
0.053
-0.739
-0.304
-1.503
-1.513
-1.327
-0.858
-1.976
0.857
-0.022
0.688
-3.033
-1.297
-2.197
0.062
0.185
0.355
0.198
-1.293
-0.142
0.796
0.463
0.225
0.053
0.200
0.062
-0.016
0.924
0.393
0.253
0.591
-2.724
0.287
0.277
-2.651
-0.957
-2.454
-1.371
-0.133
-0.130
0.216
-0.096
-0.108
0.029
0.173
-3.664
0.374
0.174
0.059
-3.009
-2.053
-0.366
0.055
-2.916
-0.166
-2.377
-1.599
0.163
-0.097
-2.545
-0.498
-0.144
0.162
-0.152
1.921
0.101
0.418
-3.696
0.781
-0.462
-0.437
-1.439
-2.711
-1.672
-0.252
-0.100
-1.104
-1.471
-0.019
-0.530
-0.345
0.534
-0.368
0.158
-1.129
-0.047
-0.079
-1.718
-0.300
0.327
1.328
-2.344
-0.417
0.221
0.189
0.378
-0.806
2.380
1.160
0.209
0.089
-0.205
-0.135
0.167
-1.271
-0.321
-2.637
1.132
-0.151
-0.238
-1.196
-0.010
-0.011
1.278
-0.009
0.668
-2.009
0.001
-0.249
-0.721
-0.268
-0.290
0.239
-0.143
0.126
-0.389
-0.283
-0.131
-0.037
0.031
0.739
-0.182
-1.848
-0.457
-0.425
-0.341
0.763
-1.108
-3.042
-2.384
-0.920
-3.230
-4.019
-0.578
-0.364
-0.297
-0.507
-0.555
0.068
-0.006
-0.013
0.233
0.002
-0.219
-0.114
0.108
-0.070
0.031
-2.543
-0.993
0.694
-0.622
-1.296
-0.539
-0.365
-2.394
-0.953
-0.081
-0.155
-0.034
0.198
0.086
0.058
-0.286
-0.255
0.176
0.020
0.039
-0.971
-0.038
-1.129
-0.872
0.046
-0.103
0.073
-0.917
-0.312
-0.900
0.405
0.052
-0.001
-0.502
-0.122
-0.612
-0.065
-0.326
0.684
-0.172
0.394
-0.018
-0.321
1.069
-0.898
-0.247
-0.186
-0.421
0.654
0.422
-0.009
0.573
-0.144
0.422
0.663
-0.383
0.428
0.575
0.834
0.374
0.063
-0.095
-0.211
-0.002
0.146
-0.005
0.260
-0.062
-0.247
-0.525
-0.500
-0.232
0.267
-0.009
-0.073
-0.170
-0.301
-1.684
-0.178
-0.013
0.085
-0.051
-0.029
0.667
-0.301
-0.352
-0.183
-0.257
-0.220
0.078
-0.558
-0.294
0.015
0.112
-0.334
-0.256
-0.172
-0.261
0.047
-0.116
2.617
1.667
2.044
1.350
0.121
0.086
-0.426
0.942
0.735
-0.338
-0.008
0.185
0.003
-0.237
-0.689
-0.238
2.268
0.605
-0.064
-0.132
-0.643
-0.737
0.079
-0.208
0.105
0.205
0.866
0.283
-0.254
0.183
-1.193
-3.120
-3.584
-0.987
-1.708
