0.327
0.385
-1.106
0.436
0.343
2.352
0.476
1.110
2.538
1.341
0.431
3.973
0.972
0.645
0.421
2.647
1.087
-0.069
-0.017
0.203
-0.535
0.068
-1.035
0.639
-0.079
0.719
-1.125
0.388
-0.084
-0.655
-0.059
0.933
0.016
0.181
-0.382
0.759
0.857
0.850
0.656
0.695
0.610
0.367
1.240
0.152
-0.205
-0.146
-1.053
0.465
1.370
0.538
1.579
1.047
1.365
1.919
1.402
0.631
2.364
-0.608
0.855
0.113
3.522
1.269
2.390
-0.034
-0.033
0.298
0.000
1.117
0.047
-0.653
-0.485
-0.108
0.063
-0.081
0.007
0.032
-1.068
-0.659
-0.035
-0.083
2.315
0.172
0.019
1.664
0.549
3.839
2.256
0.006
-0.020
0.263
0.033
-0.080
-0.143
0.499
1.831
-0.489
-0.030
0.584
2.764
1.045
-0.247
0.001
3.296
-0.014
1.239
0.398
0.150
0.043
2.973
0.428
-0.068
0.001
-0.239
-2.060
-0.156
-0.165
3.386
0.473
0.549
1.331
2.094
3.353
1.982
0.790
0.156
1.264
2.456
0.208
0.845
0.619
-2.821
0.759
0.243
1.335
-0.175
0.033
1.739
0.037
0.058
-1.717
2.333
0.508
-0.010
0.300
0.034
0.625
-1.988
-1.573
-0.251
-0.414
0.324
-0.068
-0.129
1.417
0.108
3.777
-0.686
0.060
0.089
0.928
1.140
0.865
-0.531
1.059
-0.288
3.045
0.801
0.450
1.117
1.576
0.529
0.676
0.364
-0.663
0.385
0.407
0.084
0.327
0.124
0.035
0.238
1.975
0.683
0.498
0.275
-0.778
0.481
3.310
2.735
1.796
2.050
3.773
0.928
0.616
0.939
0.583
0.805
-0.057
0.108
0.174
0.089
0.111
0.980
0.344
0.316
0.328
0.018
2.578
1.317
0.111
1.222
1.390
0.404
1.016
2.938
1.331
0.095
0.221
0.673
-0.513
-0.052
0.174
0.318
0.265
-0.124
-0.810
-0.606
0.970
0.250
1.604
1.001
0.514
0.573
0.067
0.435
0.133
1.052
-0.290
0.240
0.272
0.662
1.172
0.953
0.765
0.911
0.261
-0.320
-0.572
0.111
-0.121
-0.377
1.585
0.011
0.268
0.613
-1.194
-2.420
1.720
2.538
0.658
-0.283
-0.900
1.717
-1.229
-0.638
-1.961
-0.113
0.181
-0.237
0.254
0.097
-0.638
-0.145
0.126
-0.311
1.033
0.354
0.468
0.484
-0.252
-0.258
0.136
0.052
0.332
2.185
0.179
0.015
0.332
0.122
0.900
-0.023
-2.826
0.096
0.025
0.289
0.190
-0.196
0.354
0.178
-0.427
-0.326
0.228
0.182
-0.035
-0.152
0.760
-0.031
-3.013
-1.939
-2.161
-1.644
-0.154
-0.493
0.291
0.221
-0.516
-0.818
-0.091
0.588
-0.119
0.559
0.870
-0.081
-1.148
0.082
0.444
0.049
0.864
1.507
-0.131
-0.462
0.392
0.377
-0.342
-0.064
0.460
-0.015
1.380
3.105
2.753
1.277
2.304
