2.116
2.722
0.003
-0.555
-0.607
-3.347
0.002
-0.946
-2.428
-0.833
-0.019
-3.617
-1.067
0.427
-1.709
-2.542
-0.702
-0.191
-0.373
0.503
0.041
-0.114
-0.091
-0.729
0.068
0.003
2.874
-1.418
0.008
0.535
-0.065
-0.941
0.087
-0.525
0.038
-0.080
-1.121
-0.714
-0.479
-0.435
-0.371
-0.370
-0.831
-0.293
-0.060
-0.087
1.013
1.341
-1.671
-0.464
-1.687
-0.108
-1.602
-1.723
-1.055
-1.848
-2.554
0.362
-0.377
0.560
-3.426
-1.133
-2.582
-0.028
0.154
0.176
0.097
-0.802
-0.002
1.120
0.963
0.256
0.152
-0.068
0.283
0.077
1.177
0.200
0.056
0.276
-3.478
-0.207
-0.257
-2.073
-0.676
-3.929
-2.685
-0.096
-0.005
-0.492
-0.219
-0.240
0.034
-0.232
-3.387
0.756
0.160
-0.682
-3.836
-1.822
-0.552
0.048
-3.688
-0.462
-1.216
-0.428
-0.008
-0.019
-2.392
0.279
-0.276
0.198
0.064
1.578
0.086
0.294
-4.025
0.377
-1.237
-0.716
-2.031
-3.455
-2.253
-0.477
-0.162
-1.043
-1.881
-0.195
-0.852
-0.711
1.051
-0.884
-0.064
-1.026
0.170
-0.048
-2.056
-0.234
-0.739
1.849
-1.757
-0.891
0.388
-0.285
0.432
-0.937
1.271
0.605
-0.081
-0.029
-0.411
0.240
0.110
-1.026
2.681
-3.097
0.254
-0.155
-0.128
-0.884
-0.069
0.003
0.029
-0.114
0.006
-4.190
-1.609
-1.356
-1.216
-1.877
-0.469
-0.273
-0.525
0.095
-0.463
-0.510
-0.192
-0.089
-0.008
0.038
0.037
-1.911
-0.888
-0.306
0.073
0.811
0.106
-3.116
-1.162
-0.831
-2.559
-4.341
-0.780
-0.964
-0.284
-0.086
-1.140
0.006
0.003
-0.009
0.003
0.003
-0.015
-0.106
-0.101
-0.075
-0.072
-2.146
-0.420
0.780
-0.356
-1.811
-0.742
-0.397
-2.970
-1.310
-0.436
-0.467
-0.109
0.108
0.045
-0.006
-0.222
-0.118
0.253
0.202
0.003
-0.404
0.395
-0.801
-0.950
0.105
0.355
-0.115
-0.518
-0.496
-0.310
0.006
0.007
-0.150
0.003
-1.164
-0.071
-0.315
-0.549
-0.003
0.101
0.462
0.003
0.670
0.544
-0.897
0.017
-0.015
-0.023
0.003
0.858
0.008
-0.475
0.038
0.003
0.088
-0.050
1.832
0.003
1.811
0.689
-0.386
0.312
-0.128
-0.122
-0.384
0.056
0.003
0.035
-0.838
-0.440
-0.145
-0.316
-0.047
0.003
-0.170
-0.048
-0.078
-3.279
-0.165
0.121
0.147
1.022
-0.048
-0.055
1.155
0.003
0.500
0.008
0.003
0.003
-0.005
0.003
0.379
0.003
-0.008
0.003
0.003
0.105
0.235
0.094
2.433
1.099
1.304
0.820
-0.203
0.003
-0.038
-0.027
0.580
-0.103
-0.311
-0.241
-0.122
-0.190
-0.140
-0.092
0.842
0.085
0.003
-0.368
-0.379
-0.815
-0.128
-0.026
-0.566
-0.163
0.335
-0.107
0.013
-0.216
-3.554
-3.644
-3.787
-0.087
-2.726
