1.647
1.875
0.100
0.045
0.849
3.649
0.098
-0.410
1.563
0.308
-0.066
2.608
0.601
-0.476
0.208
1.455
0.067
0.606
0.098
-0.248
-0.054
-0.657
-0.954
0.595
-0.244
0.197
-0.589
0.075
-0.434
-0.098
0.165
0.527
-0.474
-0.117
-1.019
0.098
0.077
-0.304
0.158
0.040
0.098
0.185
0.098
0.098
0.098
0.178
-1.176
-0.406
0.506
0.218
0.565
-0.313
1.199
1.141
0.625
0.089
1.934
0.720
0.057
-0.238
2.820
1.480
2.080
0.079
-0.272
0.264
-0.015
0.543
0.394
-0.809
-0.938
-0.637
-0.134
0.037
-0.262
-0.169
-0.466
0.005
-0.291
-0.311
2.391
0.137
-0.281
1.426
-0.012
2.396
1.277
0.102
0.098
-0.489
0.102
0.155
-0.355
-0.370
2.710
-0.134
-0.399
0.116
3.172
1.894
-0.700
0.047
5.080
0.204
1.177
0.482
0.015
-0.042
2.958
-0.080
-0.211
-0.967
0.138
-1.335
-0.263
-0.197
4.092
-0.389
0.642
0.976
2.077
2.593
1.587
0.005
-0.258
0.345
1.197
-0.135
0.241
1.099
-0.618
0.613
0.089
0.927
0.237
0.050
1.042
0.377
0.054
-1.917
2.063
0.205
0.001
0.096
-0.144
0.142
-1.693
-1.147
-0.590
0.206
0.098
-0.142
-0.556
0.566
-0.367
3.307
-1.160
0.156
-0.285
0.186
0.016
0.098
-0.793
0.046
-0.434
2.897
0.443
1.029
1.565
0.557
0.290
0.098
0.424
0.049
0.206
0.203
0.324
0.085
-0.217
-0.598
0.066
2.052
0.335
0.002
0.068
-0.648
-0.087
2.792
1.950
0.723
1.234
2.413
0.001
0.913
1.028
0.171
0.196
-0.117
-0.002
0.046
-0.046
-0.758
0.179
0.103
0.174
0.098
-0.286
1.465
0.232
0.097
0.292
0.972
0.607
0.178
2.418
1.382
0.156
0.158
0.045
-0.230
0.050
0.086
0.101
0.094
0.028
0.095
-0.393
0.203
-0.360
0.409
0.283
-0.041
0.243
0.105
0.176
0.103
0.398
-0.753
0.088
0.084
0.278
0.098
0.179
0.107
0.997
0.062
0.283
-0.257
-0.020
-0.076
-0.616
0.189
0.123
0.098
0.098
-0.507
0.098
-0.520
-0.005
-0.160
-0.018
-0.231
-0.086
-0.031
0.013
-0.983
-0.322
0.090
0.068
-0.987
0.135
0.278
0.056
0.098
-0.077
0.269
0.457
0.722
0.261
-0.061
0.086
0.106
0.074
0.124
2.347
-0.052
-0.056
0.079
-0.611
0.032
-0.943
0.241
0.098
-0.676
0.095
-0.111
-0.006
-0.055
0.098
-0.370
-0.148
0.023
0.053
0.189
-0.144
0.124
0.015
-3.734
-2.349
-2.646
-1.944
-0.483
-0.676
0.232
-0.906
-0.291
-0.096
0.098
0.098
0.051
-0.088
0.167
-0.201
-2.291
-0.576
-0.380
0.152
0.092
1.174
-0.031
0.050
0.116
0.098
-0.027
-0.230
0.098
0.069
1.762
1.772
3.088
1.504
2.764
