-0.222
-0.446
-0.080
-0.080
-0.112
-2.089
0.286
-0.132
-1.019
-0.477
0.038
-2.470
-0.706
0.713
-0.005
-2.508
-0.741
-0.080
-0.080
-0.071
-0.076
0.040
1.766
-0.439
0.128
-0.080
0.179
-0.139
0.105
0.140
-0.219
-1.317
0.023
0.368
1.104
-0.088
-0.267
-0.544
-0.152
-0.611
-0.622
-0.280
-0.261
-0.229
-0.191
-0.162
0.122
-0.080
-0.711
-0.103
-0.697
-0.080
-1.654
-1.438
-0.411
-0.285
-2.437
-0.072
-0.080
-0.296
-2.752
-1.931
-1.656
-0.024
-0.087
0.201
-0.126
-1.018
-0.094
0.443
0.432
0.239
-0.041
-0.001
0.336
0.163
0.676
0.474
0.064
0.221
-2.250
-0.129
-0.026
-1.953
-0.518
-2.321
-1.756
0.150
0.150
0.096
0.066
0.052
0.097
-0.149
-2.508
-0.080
0.051
-0.261
-2.456
-0.772
0.334
-0.037
-2.938
-0.111
-1.784
-0.442
0.265
-0.182
-2.537
-0.134
-0.118
0.057
0.023
1.401
-0.128
-0.148
-2.888
0.268
0.127
-0.799
-1.954
-2.036
-1.520
-0.201
-0.047
-0.958
-1.362
0.284
-0.752
-1.174
-0.081
-0.415
-0.067
-0.694
-0.050
-0.027
-2.067
-0.184
-0.422
1.676
-1.922
-0.999
0.028
-0.608
0.190
-0.917
1.806
1.617
0.111
0.859
-0.163
0.162
0.436
-0.758
0.793
-2.376
1.125
0.518
0.173
-0.563
-0.171
-0.450
1.153
-0.536
0.521
-3.349
-0.857
-0.746
-1.241
-1.126
-0.057
-0.219
-0.083
0.351
-0.041
-0.066
0.007
0.045
0.155
0.370
-0.053
-1.610
-0.633
-0.122
-0.003
0.881
0.190
-2.556
-2.063
-0.989
-2.788
-2.576
-0.638
-0.071
-0.604
-0.533
-0.496
0.076
0.014
-0.117
0.250
0.084
-0.194
-0.229
-0.117
-0.411
0.075
-2.014
-0.934
0.245
-0.670
-1.135
0.029
-0.519
-3.051
-1.278
-0.216
-0.884
-0.478
0.572
0.242
0.207
-0.214
-0.080
0.215
0.663
0.047
-0.160
-0.017
-1.129
-0.434
0.060
-0.032
-0.032
-0.120
-0.080
-0.080
0.132
-0.032
-0.108
-0.145
-0.548
-0.328
-0.080
-0.302
0.109
-0.079
0.283
0.051
0.508
0.611
-0.387
-0.080
-0.507
-0.400
-0.061
0.318
-1.423
-0.077
-0.080
-0.120
0.400
-0.269
0.782
-0.394
0.465
-0.051
-0.080
-0.062
-0.253
0.088
0.023
-0.001
-0.279
-0.415
-0.544
-0.241
-0.313
-0.735
0.220
0.320
-0.102
0.150
-0.155
-2.349
0.011
0.335
-0.080
0.440
-0.436
0.104
2.125
-0.208
-0.080
-0.271
-0.340
-0.172
-0.102
-0.221
-0.080
-0.190
-0.098
-0.148
-0.089
-0.144
-0.079
-0.105
3.451
2.722
2.977
2.127
-0.441
-0.045
0.169
0.076
0.937
0.295
-0.560
-0.675
-0.116
-0.080
-0.446
-0.211
1.022
-0.012
-0.216
-0.080
-0.143
-1.321
0.055
0.559
-0.178
-0.046
0.733
0.303
-0.163
-0.040
-1.669
-1.501
-2.263
-0.944
-1.728
