-0.035
0.068
0.006
0.006
-0.692
-2.364
0.006
-0.753
-2.030
0.080
0.006
-3.524
-0.196
-0.534
1.885
-1.737
-0.140
-0.031
0.006
-0.033
0.006
-0.525
0.006
0.818
1.610
-0.062
0.798
-0.139
0.738
0.092
-0.059
-0.231
0.666
-0.616
-0.609
-0.672
-0.011
-0.579
0.061
-0.627
-0.065
-0.265
-0.341
-0.041
-0.267
-0.499
0.263
0.038
-0.495
-0.054
-0.376
0.006
-2.613
-1.438
-0.363
-0.441
-1.668
0.682
-0.071
0.634
-3.139
-0.872
-2.052
0.026
0.091
0.173
0.252
-0.150
0.022
0.430
0.226
0.319
0.546
0.006
0.443
0.517
0.433
0.422
0.613
0.320
-0.666
0.065
0.272
-0.383
0.063
-1.481
-0.530
-0.029
0.006
0.006
0.006
0.006
0.089
-0.430
-2.418
0.087
0.243
-0.291
-2.782
-1.422
-0.425
0.378
-1.852
1.247
-0.960
-0.561
0.440
-0.201
-1.498
0.372
0.252
0.006
-0.518
1.420
-0.979
0.856
-3.411
1.566
-1.485
-0.906
-2.195
-1.658
-0.806
0.329
-0.012
0.636
-1.385
1.132
-0.763
-0.351
0.006
0.006
0.107
0.006
0.006
0.006
-0.655
0.493
-0.125
1.384
-2.309
-0.399
-0.106
0.308
0.531
0.264
1.768
2.290
0.172
0.776
0.049
0.332
0.138
-0.685
-0.217
-3.140
0.624
-0.561
-0.019
-0.760
-0.511
0.089
1.685
-0.087
1.395
-3.035
-0.205
-0.454
-0.058
-0.869
-0.229
-0.124
-0.265
-0.015
-0.032
0.031
-0.050
-0.209
0.277
-0.080
0.006
-2.201
-0.022
-0.060
0.105
0.083
0.563
-0.871
-1.757
-0.082
-1.962
-1.075
-0.760
0.173
0.006
0.006
-0.061
0.006
0.006
0.006
0.006
0.006
0.006
0.006
0.006
0.006
0.363
-1.848
0.001
0.087
-0.154
-1.827
-0.883
-0.000
-2.160
-0.409
-0.008
0.006
0.006
0.116
0.235
0.036
0.006
0.052
0.765
0.128
0.010
-0.811
1.462
-1.812
-0.217
0.246
0.006
0.006
-0.471
-0.085
-0.647
0.655
-0.104
0.094
-0.545
-0.429
-0.032
-0.213
-0.658
-0.164
0.073
0.006
0.283
0.579
0.111
-0.316
-0.261
0.006
0.006
1.065
0.606
-0.016
1.329
0.663
0.086
0.207
0.046
0.517
0.057
1.183
0.853
0.006
0.006
0.483
0.438
-0.061
0.006
0.006
0.263
-0.030
-0.176
-0.557
-0.097
0.302
0.168
-0.165
0.047
-0.206
-2.119
0.055
0.081
0.019
-0.461
-0.507
1.227
0.006
0.006
0.006
0.006
0.006
0.006
0.006
0.006
0.126
0.006
0.006
-0.020
0.006
-0.008
0.513
1.124
4.290
0.822
1.509
1.193
-0.183
-0.035
0.324
-0.039
0.978
-0.285
0.006
0.004
0.006
-0.129
-0.256
0.553
1.145
1.138
0.036
-0.013
-0.003
-0.698
0.006
0.006
0.312
-0.392
1.805
0.006
-0.061
0.105
-3.169
-1.889
-1.165
-0.001
-0.596
