0.073
0.031
0.156
-0.146
1.379
2.327
0.156
0.215
1.806
0.808
-0.261
2.271
0.385
0.027
0.349
2.614
1.491
0.678
0.013
-0.102
-0.011
-0.609
-1.511
0.577
0.156
0.133
-1.228
0.431
-0.314
-0.231
0.087
0.589
-1.133
0.156
0.156
0.125
0.985
0.574
0.503
0.633
0.900
0.691
1.109
0.534
0.301
0.302
-1.103
-0.639
0.524
0.354
0.833
0.620
1.426
1.532
0.860
1.274
2.140
0.082
0.466
-0.057
3.728
1.153
1.688
-0.169
-0.010
-0.059
0.048
0.878
0.044
-0.792
-0.620
-0.540
-0.318
0.176
-0.639
-0.034
-0.138
-0.724
-0.137
-0.502
2.532
0.080
-0.198
2.901
0.951
2.824
1.913
0.241
0.406
0.477
0.105
-0.276
-0.700
0.401
2.170
-0.690
-0.176
0.620
2.794
1.470
-0.047
-0.032
2.887
-0.038
0.771
0.588
-0.099
0.265
2.755
0.400
0.052
0.129
0.032
-1.465
0.462
-0.161
3.256
0.338
1.202
0.749
1.973
3.074
2.023
0.693
0.078
1.374
1.731
-0.118
0.450
0.246
-0.677
1.126
0.107
1.330
0.901
0.291
1.214
0.356
0.084
0.149
2.278
0.756
0.120
0.660
-0.237
0.635
-1.930
-1.254
-0.057
-0.282
0.468
-0.054
-0.429
2.066
0.291
2.806
-0.857
0.172
0.893
1.663
0.659
0.769
-1.399
0.924
-1.223
2.492
0.251
0.941
1.184
0.537
0.415
-0.039
0.126
0.020
0.145
0.173
0.262
-0.068
0.124
-0.393
-0.014
1.369
0.320
0.208
0.029
-0.865
0.191
2.894
1.763
1.076
2.321
5.467
0.603
0.896
1.067
0.518
0.714
0.123
0.392
0.206
0.155
0.155
0.494
0.472
0.411
0.348
-0.015
1.797
0.565
-0.257
0.381
0.695
0.964
0.474
3.029
1.658
0.087
0.053
0.637
0.335
0.042
-0.053
0.029
0.073
0.156
-0.591
-1.046
0.681
-0.082
0.856
0.749
0.252
0.411
0.012
0.497
0.156
0.689
-0.129
0.003
0.434
1.039
0.508
0.851
0.566
0.156
0.033
0.436
-0.067
0.144
-0.113
-0.500
1.442
0.502
0.581
0.593
-0.032
-0.519
0.588
1.073
0.642
0.659
-0.632
1.086
-0.359
0.565
-0.569
-0.081
0.071
-0.001
-0.813
0.005
0.156
-0.048
0.156
0.358
0.734
0.323
0.327
0.131
-0.144
0.067
0.323
-0.162
0.165
2.895
-0.008
0.089
0.640
0.272
0.905
-0.785
-1.168
-0.027
-0.039
0.337
-0.261
-0.413
0.173
-0.328
-0.288
-0.262
0.301
-0.081
-0.079
-0.311
0.339
0.370
-3.289
-1.626
-1.948
-1.467
0.032
0.012
0.438
-0.014
-0.631
0.005
0.058
0.206
0.626
-0.079
0.823
-0.361
-1.946
-0.276
0.460
0.092
0.334
1.985
0.147
-0.080
0.423
0.359
-0.265
0.132
0.176
0.161
1.571
2.454
3.201
1.778
2.093
