-0.982
-1.054
-1.673
-0.018
-0.782
1.808
0.062
0.389
0.907
0.300
-0.156
2.455
0.931
0.201
-0.250
0.712
0.259
-0.190
-0.071
-0.116
1.613
-1.167
-0.606
0.105
-0.360
0.754
-0.491
1.057
-0.049
-0.158
-0.191
1.416
-0.210
-0.236
-0.559
-1.399
-0.617
0.523
0.212
0.889
-0.129
0.988
0.298
0.095
0.064
0.046
-0.342
0.039
0.187
1.864
1.739
-0.464
2.492
2.809
0.465
0.357
2.154
-1.548
-0.043
-0.932
2.281
0.747
2.039
0.064
0.160
1.235
0.972
0.601
0.064
-0.029
-0.059
-0.008
0.316
0.175
0.062
0.064
-0.539
0.026
0.064
0.046
1.771
0.140
0.184
1.675
0.672
1.681
0.902
-0.029
-0.120
-0.230
-0.091
-0.062
-0.279
-0.452
4.333
-0.368
0.033
0.263
1.762
1.001
0.581
0.035
1.687
0.403
1.071
0.928
0.440
0.564
2.185
0.418
-0.205
-0.056
0.441
-2.013
0.476
-1.035
2.873
-0.478
-0.071
1.703
1.663
0.852
0.680
0.470
-0.066
1.257
0.942
0.223
0.196
0.471
-0.924
0.565
-0.103
0.698
0.046
0.064
1.034
0.486
0.689
-2.077
2.218
0.060
-0.039
0.243
-1.292
0.288
-3.302
-1.745
-0.512
-0.544
0.055
-0.019
0.033
0.316
0.313
1.145
-0.856
-0.004
0.046
0.331
-0.086
0.035
-1.329
0.034
-0.884
3.198
-0.328
-0.443
1.960
0.478
0.689
0.160
0.238
-0.671
0.473
0.444
0.185
-0.596
-0.035
-0.655
0.049
1.548
0.312
-0.025
-0.005
-0.597
-1.141
2.816
0.988
1.170
2.208
1.987
0.364
-0.014
0.171
0.188
0.064
0.026
-0.004
0.064
-0.032
-0.021
0.001
0.022
0.065
0.097
-0.165
1.351
0.899
-1.362
-0.122
0.827
0.893
0.202
2.382
1.309
0.064
0.064
-0.275
-0.592
-0.040
0.064
0.064
0.064
-0.113
-0.017
-2.738
1.048
-0.214
0.959
0.421
0.055
-0.149
0.048
0.566
0.089
0.644
-0.298
0.253
-0.070
1.053
0.513
0.058
0.642
1.514
-0.097
0.064
-0.042
0.508
0.281
-0.062
0.869
-0.263
-0.049
0.077
-0.179
-0.037
-0.378
-0.029
0.035
0.014
-0.227
-0.027
-0.078
-0.077
-0.572
-1.084
0.265
-0.199
-0.216
0.132
-1.559
-0.024
-0.317
0.064
0.065
1.078
0.367
1.452
-0.176
-0.121
0.741
0.644
0.089
1.272
-0.034
0.008
-0.588
0.240
0.072
0.416
0.020
0.082
0.064
-0.090
-0.352
-0.273
0.045
0.064
-0.358
-0.187
0.041
-0.029
0.064
-0.091
0.032
-0.070
-3.431
-2.072
-1.854
-1.759
0.042
-0.415
0.089
-0.396
-0.322
0.221
0.370
0.139
0.064
0.213
0.284
0.033
-0.635
-0.144
0.745
-0.120
1.167
1.852
0.151
0.035
0.244
-0.082
-0.210
-0.041
-0.566
0.072
5.389
3.547
3.610
0.148
1.790
