-1.528
-1.528
-1.747
-0.114
-0.135
3.493
0.001
0.005
1.447
0.648
0.016
2.895
0.497
0.601
0.019
1.883
0.640
0.182
-0.003
-0.013
-0.013
-0.317
-0.780
0.099
-0.013
1.360
-0.445
1.072
-0.082
-1.343
0.010
0.903
-0.240
0.228
0.059
0.708
0.308
0.303
0.000
0.446
0.148
0.478
0.336
0.103
-0.032
-0.068
-1.669
-0.164
0.138
0.015
0.796
0.406
0.860
0.545
0.362
0.121
2.516
-1.208
-0.311
-1.507
2.556
1.154
2.562
-0.026
-0.013
-0.176
0.135
0.834
-0.056
-0.572
-0.780
-0.260
-0.072
-0.441
-0.041
-0.021
-1.060
-0.289
-0.224
-0.208
3.458
-0.029
0.159
1.892
0.797
2.681
1.467
-0.127
0.045
-0.060
-0.004
-0.112
-0.042
0.057
3.451
-0.357
0.070
0.509
2.230
1.459
0.642
0.048
2.445
0.018
1.737
0.544
-0.025
0.575
2.573
-0.188
-0.536
-0.143
-0.165
-1.614
0.138
-0.437
3.525
-1.070
1.266
0.617
1.883
1.711
0.839
0.265
-0.012
1.135
1.997
-0.050
0.684
0.343
-0.047
0.372
0.002
0.652
0.205
0.055
1.716
-0.585
0.636
-1.919
2.874
0.418
0.148
0.247
-0.170
0.579
-2.877
-1.984
-0.048
-0.264
0.475
-0.193
-0.013
1.659
0.857
1.786
-0.454
0.509
0.353
1.252
0.271
0.311
-2.034
0.226
-1.592
3.778
0.906
-0.497
1.360
1.856
0.059
-0.001
0.034
0.042
-0.012
-0.013
0.080
0.102
0.018
0.016
-0.062
1.234
0.595
-0.052
-0.013
-0.371
0.006
2.761
1.914
1.192
1.471
1.515
0.869
-0.107
1.175
0.137
0.193
-0.013
-0.024
-0.013
-0.019
-0.013
0.280
0.048
-0.005
0.086
-0.013
1.764
0.519
-0.745
0.449
1.127
1.181
0.102
2.761
1.358
0.364
0.165
-0.013
-0.287
-0.276
-0.278
-0.030
-0.026
-0.384
-0.257
-0.264
0.231
-0.010
0.944
1.169
0.121
0.164
-0.136
-0.007
-0.013
0.579
-0.793
-0.004
-0.252
1.427
0.976
0.226
0.271
1.051
0.153
-0.013
0.556
-0.175
0.072
-0.392
1.046
-0.170
0.047
0.316
-0.037
0.001
0.489
0.005
-0.144
-0.029
-0.273
0.050
-0.243
-0.016
-0.258
-0.372
0.262
-0.013
0.051
-0.009
-0.013
-0.057
-0.013
-0.284
0.031
-0.012
0.274
0.087
-0.132
-0.013
0.022
-0.013
-0.027
2.100
0.046
0.005
-0.013
0.621
0.146
-0.538
-0.301
0.173
-0.012
0.131
0.053
0.065
0.252
0.020
-0.355
-0.081
0.240
-0.092
0.139
0.066
-0.029
-0.336
-2.857
-2.466
-2.142
-1.693
-0.062
-0.258
0.025
-0.720
-0.726
0.521
0.255
0.104
0.006
-0.074
-0.043
-0.072
-1.425
-0.380
0.554
-0.355
0.235
1.027
0.028
0.437
0.217
0.293
-0.188
-0.013
-0.123
0.284
2.784
3.574
1.718
1.298
2.889
