1.663
2.425
1.447
-0.484
0.511
-2.105
0.016
-0.766
-1.743
-0.930
-0.651
-4.166
-1.159
0.972
0.682
-1.854
-0.522
0.447
-0.470
0.294
0.303
0.038
1.197
-0.510
1.114
-1.112
0.201
-0.852
-0.739
0.068
-0.041
-1.935
0.183
-0.211
-0.039
-0.228
0.268
0.122
-0.753
-0.204
-0.045
-0.947
-1.146
-0.250
0.169
0.184
0.371
-0.014
0.197
-2.703
-0.558
-1.402
-2.791
-2.020
-1.283
-0.078
-1.785
-0.164
-0.446
0.037
-2.846
-1.298
-1.377
0.056
-0.034
0.488
0.055
-0.247
0.063
0.115
0.122
0.090
-0.073
0.203
0.139
0.172
0.205
0.049
0.210
0.070
-1.810
-0.186
-0.288
-1.514
-0.460
-1.798
-0.639
0.063
0.057
0.076
0.031
-0.008
0.225
-0.094
-1.581
0.383
-0.457
-0.626
-1.334
0.544
-0.394
0.155
-3.510
-0.021
-2.413
-2.016
0.066
-0.386
-2.186
0.194
0.078
0.090
0.491
1.723
0.337
0.931
-3.131
-0.042
-1.333
-0.272
-1.606
-2.151
-0.269
0.036
-0.804
-0.390
-0.792
-0.150
-1.224
-0.716
1.906
-0.137
0.091
-0.182
0.052
0.074
-1.498
-0.003
-0.324
2.245
-4.201
0.041
-1.336
-1.057
-0.390
-0.821
2.190
1.641
0.142
0.835
0.248
0.069
0.090
-1.426
-1.246
-1.064
3.262
-0.072
-0.370
-1.273
-0.623
-0.763
2.146
-0.824
1.577
-3.126
-0.712
-0.095
-1.171
-1.372
-0.718
-0.531
-0.874
0.108
-0.079
-0.368
-0.171
0.064
-0.387
0.109
0.035
-1.231
-0.143
-0.198
0.055
0.665
-0.146
-2.649
-0.945
-0.315
-3.005
-1.733
-0.391
0.119
-0.779
0.045
-0.028
0.033
0.099
0.090
0.045
-0.032
0.090
0.080
0.016
-0.012
-0.021
-2.044
-0.298
0.268
-0.133
-1.002
-0.478
0.114
-1.178
0.285
-0.074
-0.144
-0.289
0.188
0.013
-0.358
-0.130
0.090
0.031
0.261
-0.016
-1.025
0.089
-1.003
-0.271
-0.241
-0.173
0.032
-0.889
-0.817
-0.485
1.382
-0.264
-1.183
-1.689
-1.539
-2.144
-1.516
-1.586
-0.209
-0.092
0.035
-0.205
-0.870
0.278
-0.679
0.005
-0.052
-0.223
-0.049
-0.078
0.049
-0.153
-0.253
-0.108
-0.209
0.011
0.260
0.072
0.195
0.860
0.049
0.077
0.539
0.332
0.039
0.514
0.504
0.090
-1.581
-0.289
0.014
-0.747
0.104
0.090
-0.220
-0.196
-0.610
-3.157
0.092
0.090
0.078
-1.545
-1.007
0.299
0.049
-0.118
-0.148
0.118
0.090
-0.116
-0.263
0.090
0.043
0.038
-0.356
-0.623
-0.143
-0.181
0.060
0.370
1.962
2.849
1.231
2.436
-0.232
0.090
0.099
1.737
0.670
-0.580
-0.063
0.019
0.071
0.010
0.041
0.084
1.808
1.140
-0.320
0.235
-0.540
-0.518
0.090
0.090
-0.030
-0.272
0.685
0.150
-0.035
-0.005
-4.311
-2.707
-0.811
0.273
-0.836
