0.595
0.997
1.561
-0.087
-0.359
-3.098
-0.200
-0.367
-1.267
-0.409
-0.097
-2.429
-0.471
-0.712
-0.444
-2.009
-0.426
0.071
-0.182
0.179
0.559
0.605
1.191
-0.588
0.275
-0.137
0.623
-0.459
-0.156
0.188
0.183
-1.062
-0.003
0.028
0.043
0.038
-0.542
-0.391
-0.259
-0.576
-0.371
-0.431
-0.402
-0.170
-0.128
-0.143
0.304
-0.143
-0.450
-0.462
-1.382
0.186
-1.520
-1.297
-0.475
-0.658
-1.695
1.046
-0.345
1.297
-2.070
-0.796
-1.670
0.003
0.093
-0.183
-0.155
-0.827
-0.015
0.648
0.535
0.259
0.183
0.486
0.074
0.052
0.934
0.082
0.236
0.348
-2.316
-0.195
0.101
-1.731
-0.324
-1.799
-1.526
-0.201
-0.072
-0.227
-0.186
-0.237
0.105
-0.176
-2.386
0.299
0.115
-0.210
-2.609
-1.189
-0.225
0.049
-2.919
-0.188
-1.274
-0.367
-0.096
-0.446
-2.307
-0.261
0.012
0.033
0.268
1.078
-0.156
-0.121
-3.196
0.294
-0.405
-0.739
-1.772
-2.049
-1.091
-0.331
-0.253
-1.340
-1.092
0.031
-0.437
-0.662
0.962
-0.684
-0.086
-1.074
-0.041
-0.052
-1.289
-0.277
-0.386
2.098
-2.266
-0.393
-0.231
-0.352
-0.128
-0.778
1.472
0.706
0.067
0.356
-0.183
0.254
0.050
-0.770
-0.321
-2.482
0.197
-0.294
-0.431
-0.829
-0.505
-0.517
0.654
-0.552
0.109
-2.627
-0.093
-0.349
-1.106
-0.122
-0.363
-0.438
-0.099
0.082
-0.085
-0.301
-0.073
-0.082
0.131
0.327
-0.072
-1.854
-0.623
-0.070
0.169
0.793
-0.180
-2.383
-1.811
-1.148
-1.921
-2.822
-0.475
-0.734
-0.408
-0.273
-0.371
0.015
-0.087
-0.105
-0.135
-0.154
-0.212
-0.183
-0.252
-0.220
-0.084
-2.226
-0.881
0.998
-0.507
-1.075
-0.679
-0.247
-2.616
-1.061
-0.214
-0.266
-0.038
0.237
0.020
0.007
-0.180
-0.158
-0.007
0.136
0.557
-0.497
-0.328
-1.099
-0.527
-0.224
-0.197
-0.021
-0.449
-0.174
-0.566
0.773
-0.019
-0.321
-0.883
-0.386
-0.923
-0.455
-0.841
-0.006
-0.096
0.083
-0.087
-0.449
0.310
-0.811
-0.332
-0.258
-0.912
0.081
0.066
0.053
-0.007
-0.133
-0.341
0.003
-0.188
0.015
0.117
0.301
-0.114
-0.252
-0.155
0.022
-0.068
-0.031
-0.051
0.198
-0.161
-0.369
-0.665
-0.279
-0.284
0.097
-0.011
-0.223
0.055
-0.328
-2.409
-0.046
0.023
-0.284
-0.174
-0.480
0.438
-0.510
-0.455
0.117
-0.246
0.150
0.271
-0.412
-0.232
0.221
0.037
-0.471
0.096
-0.463
-0.057
0.014
-0.047
2.435
1.363
1.768
0.754
0.034
0.662
-0.215
0.611
0.254
-0.570
-0.266
-0.169
-0.185
-0.185
-0.211
-0.067
0.209
-0.155
-0.032
0.133
-0.264
-1.347
-0.474
-0.070
-0.315
-0.057
0.334
-0.064
-0.146
-0.421
-1.379
-1.977
-2.444
-0.871
-1.625
