-0.566
-0.829
-0.280
0.097
0.206
2.829
0.189
0.664
1.798
0.494
0.087
2.775
0.458
-0.819
0.407
2.515
0.844
-0.146
0.074
-0.281
-0.644
-0.217
-1.082
0.424
-0.079
0.326
-0.580
0.135
-0.256
-0.411
-0.146
1.546
0.267
-0.629
-1.198
0.011
-0.137
0.178
0.109
0.582
1.609
1.090
0.341
0.150
0.006
0.310
-0.223
0.105
0.230
0.564
0.265
0.026
1.884
0.229
1.886
1.245
2.147
-0.273
0.167
-0.363
1.990
1.016
2.576
0.439
-0.092
-0.250
0.635
0.652
0.126
-0.150
-0.254
-0.148
0.030
0.145
0.064
0.093
-0.434
-0.149
0.061
-0.016
2.171
0.301
0.002
2.126
1.589
3.319
3.294
0.028
0.031
-0.209
-0.044
0.024
-0.029
0.014
2.479
-0.328
0.149
0.987
3.010
0.983
0.674
0.163
3.369
0.104
0.625
-0.015
-0.840
0.091
2.253
0.068
0.195
-0.152
-0.513
-1.735
0.417
-0.149
3.376
-0.563
0.007
0.359
0.198
2.758
0.250
0.739
0.615
-0.050
1.841
-0.042
1.582
0.021
-0.737
0.086
0.039
0.690
0.111
0.100
1.936
1.126
-0.218
-1.758
2.670
0.305
0.197
0.216
0.095
0.173
-2.405
-0.593
-0.209
-0.002
-0.236
-0.159
-0.112
1.327
0.048
1.302
-0.209
-0.328
0.839
1.342
0.689
0.823
-0.599
0.597
-0.258
2.102
-0.640
0.253
0.629
-0.192
0.674
0.623
0.361
0.140
0.152
0.106
0.338
0.111
0.062
0.043
0.147
2.269
0.115
0.158
0.222
-0.561
0.552
1.786
0.915
0.625
3.166
3.132
0.983
0.155
0.140
0.912
1.553
0.152
0.091
0.103
0.195
0.289
0.217
0.572
0.540
0.885
0.030
3.017
1.402
-0.501
0.450
1.777
0.758
0.319
2.716
1.518
0.693
0.484
0.100
-0.048
-0.109
-0.484
0.122
0.135
-0.094
-0.510
-0.200
0.805
0.137
0.234
0.084
0.117
0.015
-0.018
0.157
-0.163
0.703
-0.264
0.001
0.454
1.083
0.356
0.501
0.097
0.577
0.009
0.205
-0.184
-0.705
0.384
-0.355
1.307
0.097
0.317
0.398
-0.002
0.072
-0.361
0.319
0.192
0.267
-0.078
0.420
-0.239
0.194
-0.124
-0.181
0.334
0.438
0.018
0.209
0.094
0.084
0.043
0.097
0.506
0.351
0.135
0.083
0.070
0.067
0.138
0.084
0.165
2.790
0.182
-0.166
0.039
-0.088
0.656
0.054
-0.146
-0.016
-0.265
-0.144
0.055
-0.542
-0.334
-0.135
-0.382
-0.226
0.053
-0.650
0.010
-0.228
0.095
-0.184
-3.086
-1.658
-1.501
-1.246
-0.029
-0.607
0.385
-0.758
-0.271
-0.290
0.135
0.146
0.119
-0.108
-0.035
0.031
-0.515
0.373
0.292
-0.173
0.293
0.941
0.097
0.258
0.991
-0.315
-0.503
-0.147
0.469
0.094
1.988
2.322
0.162
0.895
1.348
