-1.622
-2.024
-1.814
0.190
0.374
2.591
0.212
0.413
1.874
0.569
0.111
2.702
0.791
-0.329
0.493
2.301
0.687
0.560
0.104
0.211
-0.358
-0.508
-1.940
0.630
-0.194
-0.456
-0.938
0.559
-0.170
-0.290
0.096
0.845
-0.676
-0.560
-1.128
-0.794
0.006
0.433
0.210
0.480
0.062
0.446
0.359
0.152
0.407
0.464
-0.876
0.154
0.677
0.535
1.088
-0.186
1.478
0.685
0.221
0.149
2.042
-0.836
0.087
-0.791
2.548
0.988
1.826
0.020
-0.120
0.183
-0.414
0.942
-0.071
-0.736
-0.763
-0.514
-0.372
-0.363
-0.347
-0.226
-0.788
-0.506
-0.179
-0.467
2.132
-0.061
-0.298
1.584
0.377
1.990
1.543
0.272
0.202
-0.295
0.244
0.268
-0.358
0.486
3.494
-0.552
-0.205
0.126
2.449
0.951
0.182
-0.215
3.099
0.135
0.969
0.147
0.108
0.329
2.371
-0.242
0.166
-0.030
-0.604
-2.068
-0.085
0.154
2.948
-0.370
-0.123
0.609
1.290
2.599
1.084
0.586
0.207
1.109
0.990
0.225
0.208
0.622
-1.489
0.544
-0.048
1.188
-0.070
0.146
0.978
0.451
-0.581
-2.846
2.474
0.494
-0.395
0.349
-0.341
0.665
-2.200
-1.911
-0.109
-0.625
0.250
-0.280
-0.454
1.095
-0.645
1.851
-0.973
-0.944
0.455
1.091
0.432
0.408
-1.596
0.549
-0.639
3.441
1.201
0.651
1.261
1.610
0.282
-0.041
0.196
-0.382
0.285
0.311
0.104
-0.018
-0.324
-0.341
0.038
1.569
0.662
-0.004
-0.116
-0.800
-0.118
2.553
1.615
0.898
2.859
3.824
0.619
0.581
0.392
0.412
0.508
-0.223
-0.117
-0.157
-0.327
-0.255
0.338
0.331
0.258
0.406
0.345
2.011
0.732
-1.108
0.523
1.041
0.432
0.330
2.183
0.690
0.483
0.443
-0.227
-0.424
-0.347
-0.266
0.238
0.214
-0.369
-0.356
-0.428
0.474
0.263
0.955
0.462
0.178
0.338
0.048
0.297
-0.333
0.468
-0.697
-0.021
0.180
0.052
1.095
0.580
0.399
0.089
-0.381
-0.016
0.202
-0.270
-0.105
-1.013
0.842
0.254
0.395
0.621
-0.689
-0.670
0.146
0.071
0.134
-0.006
-0.594
0.537
-1.074
-0.438
-1.221
0.272
0.102
-0.199
-1.194
-0.010
-0.242
0.077
-0.258
0.192
0.644
0.303
0.346
0.166
-0.223
-0.225
0.008
-0.269
0.192
2.761
-0.018
0.067
-0.218
-0.665
0.624
-0.603
-0.934
0.204
-0.383
0.128
0.014
-0.341
-0.159
0.106
-0.538
-0.383
0.274
-0.031
0.249
-0.305
-0.204
0.164
-2.826
-1.875
-2.413
-1.366
-0.077
-0.559
0.160
-1.227
-0.671
-0.036
0.096
0.163
-0.041
0.215
0.512
0.048
-1.130
-0.331
0.407
-0.121
0.553
1.134
0.140
0.161
0.012
0.274
-0.656
-0.155
-0.078
0.137
1.975
2.658
3.636
0.746
2.347
