-0.702
-0.899
0.241
-0.109
1.374
2.971
-0.109
-0.037
2.889
1.277
-0.542
3.812
1.332
0.499
-0.109
2.790
0.991
1.441
0.235
0.168
-0.109
0.330
-0.763
0.973
-0.195
-0.109
-1.345
0.629
-0.316
-0.136
-0.109
1.497
-0.529
0.490
-0.366
0.054
0.379
1.059
0.588
0.886
0.337
2.104
1.523
2.189
-0.109
-0.015
-0.527
-0.041
0.059
0.253
1.269
-0.070
1.839
1.286
0.043
-0.033
3.230
-0.143
0.201
-0.491
3.399
1.498
1.663
0.012
-0.109
-0.717
0.584
1.378
-0.073
-0.647
-0.483
-0.352
-0.099
-0.050
-0.230
-0.103
-0.510
-0.118
-0.109
-0.444
3.255
0.487
-0.170
1.744
0.987
3.069
2.480
-0.109
-0.109
-0.392
-0.109
0.344
-0.635
0.803
2.812
-0.209
-0.109
1.387
3.738
1.946
0.904
-0.213
4.311
0.108
2.316
1.128
-0.381
-0.018
3.729
-0.081
0.353
0.161
-0.109
-2.311
-0.109
-0.887
4.157
-1.022
0.432
1.354
2.451
3.866
2.683
0.892
-0.115
0.472
2.798
0.538
0.996
-0.109
-0.928
-0.109
-0.375
0.224
-0.106
0.311
1.638
0.375
1.233
-2.542
3.848
1.803
0.702
0.865
-1.055
1.283
-1.915
-1.137
-0.109
-0.676
0.315
-0.090
-0.127
1.898
-3.131
3.719
-1.034
0.540
0.520
1.520
0.088
-0.109
-2.868
0.196
-2.059
4.783
1.278
2.174
2.417
2.126
1.403
0.220
1.377
-0.109
0.716
1.071
-0.109
-0.031
-0.053
-0.225
-0.271
2.949
1.460
-0.529
-0.108
-0.516
0.301
3.647
0.961
1.585
3.715
6.776
1.111
0.901
0.266
0.686
0.934
-0.193
-0.109
-0.100
-0.109
-0.109
0.267
0.494
0.041
0.286
-0.084
3.287
1.895
-0.786
0.564
1.841
0.599
0.190
3.090
1.500
0.767
0.442
0.109
-0.218
-0.122
-0.101
0.139
0.404
-0.136
-0.243
-0.192
1.626
-0.881
1.749
1.730
0.157
0.630
-0.109
0.220
-0.109
0.030
-0.112
-0.126
1.084
-0.109
1.251
2.035
1.047
-0.048
-0.223
-0.109
-0.009
-0.109
-0.581
-0.875
1.180
0.967
0.719
1.100
-0.748
-0.412
0.329
0.701
0.602
1.023
-0.148
2.256
-0.087
-0.101
-1.210
-0.653
-0.111
-0.140
-0.272
-0.109
0.088
0.187
-0.109
-0.062
1.060
0.525
0.489
1.232
-0.466
-0.109
0.245
-0.085
0.605
5.020
0.170
0.055
0.691
-2.606
0.202
-0.251
-0.431
0.189
-0.109
0.345
0.092
-0.109
-0.003
0.010
-0.207
0.060
-0.109
-0.109
-0.033
-0.162
-0.215
0.321
-2.787
-2.614
-2.225
-1.735
-0.109
-0.109
0.063
-0.369
-0.879
1.283
0.373
-0.109
0.119
-0.109
0.059
-0.062
-1.729
-0.980
-0.107
0.928
0.828
1.762
-0.167
0.128
0.757
-0.046
-0.570
0.100
-0.101
-0.164
3.759
5.092
3.205
0.693
3.547
