0.604
1.168
1.766
-0.009
-0.901
-1.733
-0.176
-1.095
-2.117
-1.084
-0.331
-3.963
-0.926
0.062
0.584
-2.226
-0.670
-1.089
-0.165
-0.656
0.264
0.548
0.422
-0.656
-0.074
0.428
0.455
-0.422
0.096
0.039
-0.235
-1.127
-0.456
0.208
0.354
0.646
-1.432
-0.593
-0.241
-0.049
-0.117
-0.747
-0.815
-0.560
-0.207
-0.515
-0.232
0.407
-0.488
-0.398
-1.630
-0.169
-1.693
-0.810
-1.865
-1.046
-3.237
0.998
0.023
1.402
-3.125
-1.114
-2.102
-0.232
0.280
-0.012
0.151
-0.674
-0.165
0.386
0.314
0.269
-0.126
0.032
0.459
-0.120
0.626
-0.000
-0.090
-0.114
-1.648
-0.322
-0.136
-1.985
-1.006
-3.826
-3.121
-0.758
-0.726
0.289
-0.074
-0.758
-0.910
0.045
-2.799
0.311
-0.167
-0.024
-3.929
-1.369
0.168
0.144
-3.551
-0.179
-1.622
-0.971
-0.110
-0.277
-3.631
-0.436
-0.302
0.496
0.228
1.157
-0.076
0.220
-3.378
0.787
-0.039
-0.692
-1.685
-3.959
-1.054
-0.252
-0.346
-1.106
-1.841
-0.327
-0.422
0.093
0.364
-0.589
-0.319
-0.533
-0.094
-0.080
-1.522
-0.111
-0.444
2.245
-2.968
-0.967
-0.186
-0.254
0.410
-0.326
1.606
1.373
0.412
0.639
0.128
0.172
-0.124
-1.085
1.019
-2.371
0.705
-0.697
0.096
-0.265
-1.024
0.126
0.953
-1.044
0.755
-4.488
-0.606
-1.018
-1.575
-0.780
-0.597
0.084
-0.718
0.257
-0.450
-0.607
0.645
-0.308
0.086
0.549
-0.116
-1.825
-0.591
-0.323
-0.183
0.776
-0.507
-3.456
-2.030
-0.812
-2.739
-3.706
-0.996
-1.013
-0.637
-0.511
-0.398
0.087
-0.154
-0.373
0.267
0.247
-0.336
-0.462
0.454
-0.403
-0.186
-2.636
-0.712
0.332
-0.801
-1.897
-0.322
-0.071
-3.149
-0.916
0.201
0.013
-0.062
0.205
0.078
0.116
-0.142
-0.075
0.416
0.177
0.321
-0.417
-0.246
-1.054
-0.972
0.159
-0.018
0.187
-0.563
0.011
-0.998
0.437
-0.063
-0.133
0.135
-1.389
-0.459
-0.514
-0.305
1.096
-0.104
-0.581
0.199
0.181
0.468
-0.746
-0.284
-1.574
-2.002
-0.008
0.027
-0.054
-5.490
-1.203
-1.564
0.255
-1.618
0.298
-1.522
0.313
0.154
-0.201
0.048
-0.093
-0.327
-0.013
-0.060
0.126
0.222
-0.382
-0.511
-0.190
-0.287
-0.074
-0.263
-0.362
0.212
-0.311
-2.120
-0.053
0.073
-0.196
1.051
-0.726
0.543
-0.791
-0.205
0.821
-0.242
-0.159
0.439
-0.217
0.241
0.059
0.289
-0.275
1.391
-0.290
-0.221
-0.185
-0.372
3.494
1.462
1.630
1.561
-0.069
0.372
-0.236
0.179
0.395
-0.330
-0.170
0.092
-0.187
-0.025
-0.582
-0.217
1.802
0.109
-0.141
-0.338
-0.700
-0.985
-0.622
0.399
-0.619
-0.200
0.451
-0.105
0.680
0.037
-1.921
-3.331
-3.541
-0.873
-1.915
