0.706
0.344
-1.362
-0.133
0.627
3.789
0.347
1.570
2.081
0.663
0.467
3.351
1.008
0.704
0.405
2.645
0.366
0.925
0.454
0.472
0.044
0.217
-1.268
0.707
-0.155
0.648
-0.514
-0.043
-0.141
-0.069
-0.177
1.710
-0.161
0.070
-0.174
0.162
0.780
0.504
0.511
0.376
0.326
0.748
0.594
0.296
0.820
0.752
0.317
-0.136
1.333
0.958
1.320
-0.054
2.882
2.321
0.650
0.819
2.821
-0.061
0.257
0.207
3.020
0.946
2.152
0.049
0.033
-0.163
-0.063
1.211
-0.116
-0.437
-0.462
-0.248
-0.234
-0.686
-0.285
-0.093
-0.770
-0.336
-0.219
-0.251
2.755
0.502
0.070
2.894
0.778
3.759
2.658
0.446
0.109
0.088
0.524
0.520
-0.450
0.180
3.476
0.069
-0.086
0.334
4.081
2.170
0.533
-0.103
4.042
0.362
2.109
0.948
-0.342
0.355
3.233
-0.104
0.204
-0.217
-0.017
-1.440
0.696
-0.050
4.347
-0.409
0.422
0.991
2.318
3.596
1.928
0.494
0.661
1.211
1.726
-0.100
0.432
0.680
-1.730
1.765
0.267
2.325
0.100
0.121
2.020
0.509
0.613
-2.543
2.366
0.943
0.018
0.259
-0.192
0.784
-2.635
-1.209
0.080
0.156
0.408
-0.162
-0.405
1.827
0.819
3.895
-0.710
0.068
0.418
1.438
0.452
0.355
-1.088
0.500
-0.646
2.880
0.857
0.554
1.278
1.296
0.633
0.660
0.406
-0.082
0.483
0.613
0.103
0.039
-0.445
-0.190
-0.115
2.437
0.572
-0.054
-0.031
-0.535
-0.059
3.701
2.317
1.524
3.240
4.466
0.796
0.845
0.515
0.882
0.786
-0.061
0.110
-0.002
-0.064
-0.013
0.667
0.687
0.517
0.717
-0.118
3.616
1.349
-0.002
0.864
2.099
1.444
0.556
3.455
1.449
0.660
0.672
0.045
-0.279
-0.115
0.027
0.456
0.345
-0.002
-0.002
-0.002
1.211
-0.317
1.719
0.713
-0.308
-0.268
0.062
0.716
-0.237
1.005
-0.813
-0.085
0.289
1.693
0.978
0.798
0.365
1.355
-0.043
-0.188
-0.262
-0.009
-1.083
-0.525
1.106
0.145
-0.019
1.596
-1.166
-1.289
-0.454
0.295
0.911
-0.494
-0.607
0.137
-0.966
-0.630
-1.909
-0.089
1.262
0.444
1.001
-0.178
-0.275
-0.097
-0.002
0.066
0.875
0.922
0.789
0.456
-0.217
0.004
0.776
-0.002
0.106
2.888
0.313
-0.243
-0.011
0.600
0.377
-1.120
-0.697
0.162
0.067
-0.370
-0.176
-0.250
0.279
0.239
-0.108
-0.152
0.170
-0.023
0.016
-0.042
0.097
0.049
-3.012
-1.869
-2.317
-1.274
-0.292
-0.437
0.153
-0.456
-0.812
0.012
0.466
0.541
0.277
0.588
0.846
0.042
-1.068
-0.528
0.142
-0.025
0.420
1.964
0.366
-0.125
0.635
-0.078
-0.386
0.307
0.464
0.526
2.405
3.645
3.524
1.645
2.840
