-0.400
-0.451
-0.005
0.172
0.282
2.083
-0.005
0.223
1.339
0.769
-0.271
2.566
0.798
0.107
0.411
1.998
0.668
0.685
0.125
0.087
-0.088
-0.212
-0.862
0.724
-0.405
0.008
-1.109
0.605
-0.218
-0.516
-0.092
0.996
-1.158
-0.123
-0.629
-0.186
0.159
0.473
0.131
0.472
0.156
0.367
0.270
0.321
0.282
-0.029
-0.161
-0.553
0.857
0.283
0.978
-0.399
1.477
1.268
0.384
0.420
2.096
-0.610
0.193
-0.005
2.349
0.966
2.113
-0.107
-0.012
-0.010
0.042
0.743
0.237
-0.586
-0.612
-0.418
-0.168
0.152
-0.236
-0.042
-0.329
-0.479
-0.141
-0.341
2.430
0.038
0.032
1.908
0.451
2.173
1.618
0.054
0.037
-0.491
0.114
0.228
-0.649
0.186
2.389
-0.580
-0.028
0.755
2.242
0.934
-0.032
-0.164
2.799
-0.116
1.204
0.473
-0.072
0.593
1.792
-0.151
0.065
-0.062
-0.005
-1.520
0.301
-0.140
2.622
-0.562
0.382
0.632
1.467
2.768
1.593
0.592
0.136
0.830
1.293
0.192
0.218
0.201
-0.617
0.738
0.026
0.918
0.302
-0.007
1.136
0.081
-0.423
-0.681
1.697
0.583
-0.137
0.165
-0.331
0.366
-1.489
-1.437
-0.361
-0.900
0.055
-0.097
-0.238
1.041
-0.218
1.930
-0.826
0.001
0.422
0.921
0.453
0.723
-1.498
0.745
-0.744
2.782
0.593
0.735
1.594
0.873
0.339
0.010
0.460
-0.106
0.328
0.371
0.037
0.147
-0.176
-0.066
0.704
1.829
0.864
-0.016
0.023
-0.502
0.087
2.811
2.269
0.951
2.478
3.191
0.393
0.594
0.357
0.428
0.575
-0.168
0.098
0.137
-0.149
-0.023
0.306
0.479
0.157
0.449
-0.063
1.593
0.828
-0.504
0.424
0.924
0.266
0.590
2.232
1.036
0.263
0.390
-0.005
-0.301
-0.177
-0.069
0.289
0.258
-0.249
-0.103
-0.149
0.624
-0.042
1.218
0.735
-0.039
0.173
-0.061
0.292
-0.054
0.534
-0.374
0.059
0.034
0.097
0.475
0.292
0.057
0.824
-0.022
0.470
-1.078
-0.006
-0.389
-0.506
1.120
0.317
0.551
0.653
-0.582
-0.180
0.180
0.228
0.748
0.788
-0.342
0.803
-0.761
0.369
-0.706
-0.143
0.155
-0.396
0.505
0.304
0.381
-0.008
-0.005
-0.182
0.378
0.316
0.409
0.234
-0.201
-0.051
0.355
-0.056
-0.037
1.989
0.123
-0.110
-0.056
-0.239
0.656
-0.176
-1.688
-0.167
-0.286
-0.164
-0.140
-0.122
0.215
-0.092
-0.253
-0.243
0.160
-0.309
-0.027
-0.192
0.108
0.225
-2.807
-1.979
-1.805
-1.598
-0.118
-0.603
0.162
-0.659
-0.645
-0.266
0.198
0.688
0.073
-0.287
-0.021
-0.132
-1.524
-0.288
-0.061
0.790
0.255
1.515
-0.151
0.032
0.222
0.195
-1.021
-0.066
-0.200
-0.060
1.823
2.166
2.689
0.855
1.572
