0.395
0.818
1.856
-0.124
-0.291
-3.010
-0.296
-0.410
-2.288
-1.054
-0.127
-2.599
-0.602
-0.163
-0.513
-2.249
-0.693
-0.116
-0.174
0.231
0.362
-0.366
1.705
-0.453
0.157
-0.146
0.584
-0.790
-0.182
0.208
-0.276
-0.548
0.132
-0.309
0.428
0.064
-0.365
-0.377
-0.357
-0.461
0.008
-0.839
-0.118
-0.238
-0.025
-0.427
0.273
0.154
-0.658
0.023
-0.855
0.098
-1.642
-1.637
-1.172
-0.196
-2.161
1.031
-0.076
1.000
-2.330
-0.996
-2.190
0.093
0.123
-0.108
0.380
-1.352
-0.261
0.733
0.750
0.252
0.409
0.264
0.155
0.114
1.478
0.155
0.170
0.249
-2.599
-0.117
0.397
-1.989
-0.426
-2.427
-1.537
-0.291
0.069
-0.314
0.142
-0.299
0.105
-0.015
-3.638
0.241
0.095
-0.198
-2.058
-1.008
-0.304
0.188
-3.204
-0.051
-1.062
-0.307
-0.219
0.393
-2.528
0.077
-0.112
0.461
0.404
1.202
0.521
-0.021
-3.618
0.424
-0.888
-0.537
-1.548
-2.439
-1.560
-0.598
-0.182
-0.769
-1.135
-0.009
-0.350
-0.697
0.823
-1.097
0.056
-1.730
-0.202
-0.306
-1.006
-0.198
-0.473
2.906
-2.228
-0.497
-0.179
-0.375
0.451
-0.452
2.191
1.591
0.322
-0.030
-0.572
0.375
0.363
-1.392
-0.422
-2.224
0.373
-0.051
-0.450
-1.371
-0.416
-0.236
1.482
-0.429
0.908
-2.991
-1.162
-0.513
-1.113
-1.368
-0.479
-0.157
-0.442
0.339
-0.359
-0.281
0.037
-0.213
0.038
0.540
-0.045
-1.626
-0.730
-0.110
0.032
0.626
-0.063
-2.577
-0.675
-0.971
-2.063
-2.992
-0.748
-0.820
-0.963
-0.551
-0.552
0.313
0.022
0.078
0.426
0.369
-0.538
-0.368
0.225
-0.403
0.087
-1.917
-0.721
0.409
-0.773
-1.554
-0.826
-0.547
-2.311
-0.856
0.196
0.235
0.456
0.345
0.254
0.448
-0.128
-0.214
0.424
0.032
0.438
-0.954
0.083
-1.110
-0.942
-0.131
-0.151
-0.036
-0.564
0.172
-0.806
0.508
0.001
-0.359
-0.922
-0.966
-0.745
-0.722
-0.888
0.198
0.259
0.379
0.310
-0.689
0.677
-0.887
-0.271
-0.980
-1.374
0.240
-0.396
-0.770
-0.349
-0.909
-0.771
0.367
-0.892
0.543
-0.994
0.476
-0.176
-0.882
-0.403
0.423
-0.385
-0.167
0.109
-0.671
-0.279
-0.429
-0.370
-0.511
-0.160
0.133
0.038
-0.157
0.036
-0.119
-2.901
-0.451
-0.073
-0.167
-0.207
-0.453
-0.085
-0.014
-0.062
0.178
0.124
0.245
0.371
0.146
-0.193
0.357
0.346
-0.099
0.366
-0.064
-0.085
-0.105
-0.145
4.286
1.768
2.783
1.205
-0.231
-0.036
-0.146
0.673
0.481
-0.787
-0.160
-0.306
-0.083
-0.161
-0.225
-0.110
1.487
0.336
-0.440
0.364
-0.505
-1.727
-0.201
-0.502
-0.263
-0.176
0.497
0.462
0.151
-0.207
-1.932
-2.356
-1.760
-0.369
-2.188
