-0.146
-0.429
-0.610
0.040
0.607
2.640
0.090
0.350
1.671
0.403
-0.285
2.964
0.560
-0.449
-0.264
1.763
0.430
0.628
0.274
-0.177
-0.076
-0.134
-1.027
0.233
-0.154
-0.466
-0.275
0.279
-0.157
-0.053
-0.066
0.937
-0.023
-0.122
-0.202
0.527
-0.016
0.352
0.108
0.397
-0.002
0.518
-0.122
-0.117
0.077
0.356
-0.151
-0.359
0.547
0.596
0.737
0.146
1.898
2.321
0.781
0.115
2.259
-0.605
0.029
-0.843
2.302
0.846
1.584
-0.140
-0.015
0.023
-0.040
1.177
0.034
-0.490
-0.418
-0.075
-0.129
-0.124
0.302
-0.147
-0.431
-0.005
-0.309
-0.375
2.997
-0.056
-0.206
2.304
0.213
2.436
1.944
0.084
-0.100
-0.165
-0.197
0.065
-0.135
0.386
2.891
-0.290
-0.179
-0.303
2.477
1.424
0.124
-0.160
2.960
0.190
1.452
0.667
0.098
-0.045
2.526
-0.093
0.054
-0.436
-0.432
-1.128
0.343
-0.173
3.006
-0.141
0.807
0.398
1.510
2.121
0.950
0.207
0.067
0.418
1.427
0.029
0.539
0.836
-1.485
0.392
-0.222
1.433
0.054
-0.131
1.377
0.250
-0.296
-1.534
2.419
0.927
0.477
0.692
0.193
0.454
-1.624
-1.131
-0.008
-0.442
0.273
-0.344
-0.208
1.234
0.084
2.592
-0.383
0.738
0.038
0.653
0.557
-0.012
-1.352
0.793
-0.677
3.171
1.260
0.915
1.241
1.661
0.587
0.482
0.245
-0.146
0.312
0.160
0.123
0.006
-0.086
-0.172
-0.049
1.568
0.473
0.057
-0.090
-0.470
0.015
2.207
0.973
0.761
2.807
2.808
0.565
0.764
0.349
0.506
0.389
-0.352
-0.215
-0.118
-0.251
-0.201
0.266
0.159
-0.017
0.017
-0.137
2.686
0.749
-0.470
0.518
1.410
0.638
0.716
2.024
0.608
-0.141
-0.150
0.257
-0.154
-0.307
-0.273
-0.150
-0.103
-0.179
-0.113
-0.289
0.800
0.071
0.906
0.679
0.437
0.092
-0.246
0.449
-0.251
0.804
-0.459
0.202
0.340
1.473
0.352
0.599
0.395
1.384
-0.149
-0.149
-0.200
-0.264
-0.115
-0.548
1.073
0.097
0.258
0.213
-0.467
-0.244
-0.024
-0.065
-0.104
-0.163
-0.296
0.151
-0.644
-0.205
-0.929
-0.151
0.136
-0.005
-1.077
-0.115
-0.093
-0.059
-0.082
0.452
0.155
0.786
0.531
0.432
-0.102
-0.056
-0.121
-0.010
0.517
2.532
0.246
-0.051
0.020
-0.108
0.702
0.875
-1.409
-0.097
-0.425
-0.156
-0.202
-0.179
0.311
-0.148
-0.129
-0.248
0.178
-0.152
-0.044
-0.152
-0.127
-0.040
-3.486
-1.572
-2.222
-1.294
-0.507
-0.782
-0.043
-0.513
-0.605
0.108
0.185
-0.059
-0.041
0.019
0.074
-0.149
-0.418
-0.271
-0.014
-0.166
0.390
1.109
0.090
0.211
0.111
-0.145
-0.505
-0.244
0.267
0.247
2.295
2.755
3.241
0.349
2.840
