-1.595
-2.048
-1.159
0.013
0.239
3.040
0.235
1.039
1.584
0.415
0.137
3.572
1.436
0.674
-0.944
2.501
0.339
-0.462
-0.427
-0.962
-0.521
-0.324
-1.711
0.183
0.060
-0.190
-0.526
0.015
-0.294
0.332
0.080
1.676
-0.312
0.023
-0.542
0.553
0.134
0.732
-0.031
0.681
0.682
0.414
0.597
0.227
0.213
0.301
-1.051
-0.654
0.457
1.226
1.020
0.284
2.308
2.208
0.759
0.228
2.647
-1.644
-0.125
-1.180
3.172
1.317
2.367
0.274
0.336
-0.465
0.333
1.434
0.484
-0.136
-0.498
-0.445
0.438
0.700
0.197
0.403
-0.082
0.339
0.418
0.105
2.887
0.067
-0.304
2.447
0.784
3.593
2.189
-0.005
-0.020
-0.313
-0.004
0.085
-0.036
-0.533
2.141
-0.291
0.166
0.154
2.598
0.292
0.669
0.124
4.187
1.230
1.726
1.357
0.095
-0.005
2.828
0.605
0.099
0.122
0.761
-1.935
0.674
-0.583
4.403
-0.142
0.243
1.705
2.132
1.658
0.919
0.138
0.151
1.117
1.143
-0.080
0.566
1.679
-0.508
0.670
0.255
0.898
0.425
0.334
1.839
0.299
0.280
-2.324
3.610
0.546
0.423
0.217
-0.756
0.621
-3.046
-1.867
-0.100
-0.809
-0.279
-0.224
0.135
1.849
1.885
2.835
-0.524
2.028
0.375
1.753
0.986
0.898
-1.345
0.933
-0.292
3.401
-0.020
0.521
1.542
0.050
0.827
1.190
0.759
0.375
0.425
0.533
0.781
0.002
0.410
0.469
0.390
2.113
1.037
-0.146
0.139
-0.160
0.340
3.734
2.343
1.578
3.683
4.506
1.476
0.093
0.436
0.265
0.284
0.091
-0.164
-0.010
-0.681
-0.583
0.141
0.240
-0.509
0.240
0.170
2.160
0.692
-0.604
0.889
2.190
1.465
-0.015
2.320
0.814
0.198
0.224
-0.233
-0.519
0.184
0.158
0.223
0.282
0.099
0.053
-0.911
0.719
0.418
1.405
1.320
0.545
0.166
-0.119
0.386
0.223
0.450
-0.644
0.027
0.119
1.958
0.851
1.031
1.240
0.548
0.426
0.279
0.166
0.205
0.110
-0.507
1.127
-0.433
0.340
1.234
0.205
0.240
0.617
0.390
0.378
0.385
0.057
0.329
0.262
0.270
0.004
-0.813
0.533
0.147
0.186
0.309
0.052
0.116
-0.246
0.042
-0.224
0.490
0.123
0.614
-0.160
0.232
0.138
0.303
0.189
2.647
0.072
0.301
0.360
1.914
0.700
0.057
-1.338
0.162
0.019
-0.010
-0.114
-0.381
-0.632
0.089
-0.522
-0.106
0.025
0.198
0.249
-0.201
0.165
-0.096
-2.786
-1.598
-1.456
-1.023
-2.012
-2.531
0.032
-0.141
-0.005
-0.505
0.751
0.890
0.081
0.146
-0.038
0.202
-0.306
-0.270
0.847
0.027
1.116
1.770
0.371
0.184
0.110
-0.089
-0.240
-0.205
0.177
0.556
3.006
2.894
0.541
-0.391
1.389
