0.684
0.494
0.526
0.258
-0.531
-2.700
-0.364
-0.103
-1.472
-0.208
-0.547
-3.086
-0.942
-0.379
-0.647
-2.182
-0.888
-0.666
-0.037
-0.178
0.082
0.514
0.445
-0.774
0.287
-0.163
0.679
-0.504
0.150
0.151
-0.296
-0.998
0.549
0.914
1.282
0.145
-0.477
-0.682
-0.560
-0.739
0.158
-0.464
-0.094
-0.053
-0.232
0.119
0.537
-0.583
-0.720
-1.121
-1.396
-0.338
-2.304
-1.041
-0.903
0.033
-2.340
0.368
0.006
0.321
-2.632
-1.234
-1.463
-0.163
0.063
-0.027
-0.584
-0.700
-0.142
0.756
0.471
0.373
0.417
-0.218
0.597
-0.071
1.076
0.363
-0.018
0.396
-2.705
-0.419
0.055
-1.866
-0.196
-2.199
-1.274
-0.410
-0.343
1.039
-0.423
-0.174
0.439
-0.085
-3.092
0.987
0.205
-0.189
-1.416
-0.145
0.224
0.080
-3.161
-0.189
-1.529
-0.490
0.269
-0.006
-2.620
-0.034
0.096
0.362
0.083
1.993
-0.331
0.346
-3.943
1.063
0.523
-1.138
-1.049
-2.576
-1.438
-0.800
-0.322
-1.385
-1.601
0.177
0.012
-0.483
0.654
-0.843
-0.164
-1.314
0.085
-0.181
-1.278
-0.673
0.481
1.534
-1.871
-1.021
0.085
-0.506
0.420
-0.738
1.910
1.233
-0.030
0.289
-0.140
0.029
-0.088
-1.061
0.045
-2.407
0.706
0.257
-0.686
-1.059
-0.809
-0.006
0.973
-0.669
0.479
-3.341
-0.230
-0.854
-1.589
-0.604
-0.346
0.009
-0.350
0.245
-0.198
-0.441
0.047
0.009
0.324
0.547
-0.598
-1.926
-0.685
-0.441
-0.239
0.910
-0.648
-2.677
-2.089
-1.280
-2.374
-3.358
-0.571
-1.298
-0.315
-0.561
-0.639
-0.070
0.043
-0.301
0.065
0.045
-0.614
-0.633
-0.102
-0.490
-0.228
-2.174
-1.062
1.110
-0.657
-1.296
-0.452
-0.677
-2.713
-1.240
-0.045
-0.306
0.022
0.269
0.132
0.123
-0.176
-0.169
0.212
0.524
0.425
-0.550
-0.524
-1.092
-0.423
-0.343
-0.465
-0.050
-0.423
0.094
-0.943
0.602
-0.223
-0.748
0.075
-0.811
-0.643
-0.568
-0.795
0.121
-0.102
0.655
0.951
0.954
0.332
-1.040
-0.109
-0.545
-0.830
0.213
0.038
0.146
-0.272
-0.208
-0.321
0.110
-0.549
0.777
-0.325
0.731
0.392
-0.565
-0.319
-0.714
-0.505
-0.224
0.013
0.292
-0.272
-0.398
-0.349
-0.358
-0.225
0.124
0.052
-0.202
0.043
-0.221
-2.411
-0.171
-0.179
0.045
0.045
-0.486
0.307
0.488
-0.112
-0.045
0.161
-0.122
0.100
0.185
-0.114
0.298
0.109
-0.260
-0.134
-0.113
-0.280
-0.028
0.157
2.495
1.953
2.069
1.500
0.219
0.374
0.226
0.965
0.722
1.018
-0.193
-0.113
-0.209
0.452
-0.084
0.180
1.188
0.266
0.042
0.088
-0.873
-1.427
0.229
0.549
-0.375
-0.854
0.508
0.255
0.167
-0.020
-2.863
-3.360
-2.527
-1.308
-2.104
