-0.098
0.095
-0.242
-0.103
-0.176
4.180
0.038
0.601
1.830
0.526
-0.102
3.656
0.959
-0.883
-0.265
1.521
0.490
0.978
-0.860
-0.191
0.194
-0.531
-0.727
0.046
-0.686
-0.597
-1.263
-0.848
-0.856
0.348
-0.348
2.812
-0.488
0.467
0.269
0.969
-0.581
0.233
0.606
-0.965
0.661
1.744
1.122
0.641
0.131
0.113
-0.198
0.208
0.862
2.625
0.897
0.575
2.260
1.195
0.064
0.281
2.210
-0.697
-0.417
-0.382
2.929
0.749
1.298
0.095
0.025
0.077
0.271
1.358
0.491
-0.669
-0.225
0.463
0.419
0.733
0.366
0.404
-0.962
0.451
-0.134
-0.478
2.737
-0.024
-0.111
2.212
1.399
2.402
0.689
0.690
0.273
-0.655
0.075
0.368
0.029
-0.235
2.594
-0.058
0.548
0.488
2.055
-2.806
0.903
-0.083
1.660
-0.137
1.928
2.009
-0.002
0.218
1.906
-0.428
0.200
0.079
-0.257
-1.459
-0.727
-0.823
3.989
-0.594
0.340
2.177
1.591
2.333
2.892
0.736
-0.492
1.043
0.872
-0.504
0.443
0.627
0.447
0.011
-0.215
-0.638
0.575
0.455
1.061
-1.232
-0.790
-3.229
3.396
0.806
0.544
0.471
0.170
1.348
-2.950
-1.574
-0.561
-0.804
0.666
-0.613
0.068
2.374
1.479
2.703
-0.883
0.901
0.265
1.563
0.555
0.101
-1.419
0.461
-0.682
3.204
0.663
0.620
0.584
1.198
1.333
1.059
0.683
-0.647
1.316
0.787
-0.611
-0.388
0.350
-0.297
-0.817
2.211
1.036
-0.100
-0.064
-0.209
-0.017
2.921
1.336
1.039
3.440
3.805
0.889
0.279
0.158
0.290
-0.073
0.128
0.134
0.206
-0.036
0.238
0.205
0.324
0.169
0.141
-0.525
2.817
0.843
-0.418
0.355
1.029
1.608
0.241
3.269
0.603
0.307
0.044
0.056
-0.548
0.059
0.470
0.607
0.078
-0.528
-0.192
-0.644
1.276
-0.047
0.449
0.243
1.256
0.511
-0.410
0.534
1.070
0.620
-1.049
0.155
0.915
1.714
2.551
1.249
1.833
2.236
0.410
0.457
-0.043
-0.033
0.210
-0.154
0.714
0.536
0.197
0.582
-0.115
0.378
-1.450
-0.067
-0.410
-0.056
0.008
0.102
-0.072
0.500
-0.412
-1.377
0.143
0.022
-0.317
0.454
-0.977
0.130
-1.333
0.169
0.630
0.635
0.595
0.306
-0.645
-0.569
0.185
0.340
0.137
2.485
-0.224
-0.133
-0.686
1.081
0.327
0.116
-0.680
-0.274
-0.375
0.091
0.126
-0.810
-0.190
0.313
-0.247
-0.759
0.329
0.111
-0.135
0.074
-0.074
0.107
-2.910
-1.576
-1.527
-0.922
0.020
-0.255
-0.429
-0.191
-0.054
-1.473
0.147
0.166
-0.002
0.219
0.189
0.093
-1.198
0.455
0.603
-0.411
0.041
1.152
-0.541
-0.703
0.557
0.233
-0.800
-0.007
0.130
0.316
2.573
4.341
0.670
0.236
2.408
