-0.105
0.100
0.189
-0.062
0.911
-3.043
-0.002
0.130
-1.677
-0.432
-0.005
-3.596
-0.644
0.186
0.194
-3.009
-0.185
-0.482
-0.172
0.906
0.614
1.172
0.833
0.717
-0.005
-0.028
0.589
-0.342
0.185
0.060
-0.275
-0.520
0.353
-0.056
-0.116
-0.660
-0.059
-0.499
-0.028
-0.657
-0.005
-0.959
-0.175
-0.005
-0.888
-0.639
0.882
0.037
-0.290
-0.349
-1.455
-0.293
-2.149
-0.476
0.178
-0.668
-2.253
0.450
0.125
0.129
-2.412
-1.043
-0.681
-0.229
0.054
-0.375
-0.482
-1.476
-0.040
0.262
0.158
-0.005
0.027
-0.219
0.012
0.002
0.892
-0.005
0.204
0.125
-2.789
0.191
0.141
-2.204
-0.389
-3.378
-1.802
-0.414
0.100
0.847
0.002
-0.472
0.300
-0.028
-3.979
0.663
0.027
0.122
-2.282
1.224
0.832
0.066
-4.092
0.679
-0.550
-0.192
0.227
0.012
-4.283
0.038
-0.005
-0.016
0.749
1.830
-0.007
0.544
-4.182
0.879
-0.914
-0.761
-2.006
-3.191
-0.635
-0.083
0.036
-0.362
-1.249
0.396
-0.388
-0.937
1.578
-0.759
0.249
-1.186
-0.049
-0.041
-2.246
-1.272
0.856
4.286
-1.481
-0.141
0.097
-0.005
-0.005
-0.643
2.706
1.386
-0.262
1.125
-0.712
0.244
1.025
-1.396
-0.010
-2.653
1.120
-0.523
-0.676
-1.404
-0.775
-0.487
1.795
-0.487
0.876
-5.631
-0.082
0.028
-1.272
-1.240
-0.303
0.030
-0.060
0.061
-0.161
-0.375
-0.093
0.001
0.042
0.293
0.327
-1.259
-0.197
-0.010
0.021
0.603
0.114
-3.468
-2.547
-1.314
-3.861
-5.386
-1.081
0.736
-0.732
-0.310
-0.281
-0.005
-0.005
-0.267
0.299
0.274
-0.149
-0.669
-0.182
-0.493
-0.002
-2.630
-0.648
1.001
0.046
-1.125
-0.743
0.021
-3.339
-1.454
0.018
-0.003
0.427
0.110
0.170
-0.030
-0.005
0.164
0.259
0.492
0.667
-0.838
0.368
-1.148
-0.810
0.333
-0.021
-0.170
0.032
0.224
-0.129
1.051
0.040
-0.044
-0.080
-0.143
-0.122
-0.005
-0.120
0.230
0.142
0.069
-0.005
0.283
0.106
-1.054
-0.948
-0.161
-0.189
0.045
-0.036
-0.631
-0.104
-0.120
-0.264
0.479
-0.116
0.719
-0.187
0.648
0.755
0.005
0.159
1.413
-0.137
-0.101
0.003
-0.005
0.321
-0.005
-0.182
-0.042
-0.666
-0.005
0.102
-0.061
-0.005
-0.048
-2.307
-0.242
0.199
-0.011
0.127
-0.394
-0.076
0.497
-0.031
-0.005
-0.005
-0.005
-0.005
-0.158
-0.008
0.141
-0.005
-0.050
0.243
-0.055
-0.005
-0.257
-0.040
2.270
1.450
1.335
1.749
0.230
1.433
-0.052
1.481
1.095
0.230
-0.151
-0.005
-0.038
-0.603
0.299
-0.081
1.173
0.443
-0.218
0.024
0.135
-0.703
-0.049
0.029
-0.631
-0.068
0.729
0.676
0.064
-0.968
-2.612
-4.547
-3.212
-1.187
-3.216
