-0.022
0.034
0.430
0.178
0.103
-2.904
0.062
-0.435
-1.218
-0.306
-0.052
-4.229
-0.490
0.017
0.179
-1.549
-0.399
-0.776
-0.252
-0.109
0.111
0.594
0.911
-0.895
-0.020
-1.603
1.374
-0.328
0.749
0.282
-0.338
-0.754
0.271
0.003
0.621
0.160
-0.309
-0.303
-0.527
-0.624
0.014
-0.400
-0.390
-0.001
-0.003
0.008
0.432
-0.207
-0.464
-0.129
-0.520
0.140
-2.110
-2.048
-0.173
-0.470
-2.128
0.254
-0.131
-0.345
-3.370
-1.435
-2.102
0.180
-0.070
-0.022
-0.142
-0.529
-0.011
1.343
0.761
0.532
0.287
0.528
0.760
-0.059
0.136
0.672
0.366
0.689
-2.430
-0.057
-0.007
-1.868
-0.173
-3.217
-1.840
-0.187
0.143
0.335
0.131
-0.121
0.672
-0.418
-2.246
1.013
-0.233
-0.447
-2.821
-1.473
-0.203
-0.082
-3.811
-0.184
-1.772
-1.542
-0.141
-0.146
-2.466
-0.132
-0.088
-0.064
-0.391
2.130
-0.260
-0.076
-3.694
0.490
-0.055
-1.384
-1.756
-3.209
-1.879
-0.498
-0.046
-1.662
-1.971
-0.130
-0.311
-0.622
1.013
-0.499
0.289
-0.480
-0.073
-0.027
-1.738
-0.318
-0.542
1.879
-1.748
-0.617
0.643
0.010
0.837
-0.596
1.965
0.480
-0.154
0.005
-0.567
-0.097
0.262
-0.498
-0.453
-2.618
0.676
0.107
-0.386
-0.649
-0.449
-0.413
1.211
-0.491
0.723
-3.143
-0.110
-0.480
-1.444
-1.067
-0.373
0.218
-0.344
0.322
-0.436
-0.479
-0.172
0.126
0.098
0.876
-0.349
-1.682
-0.727
-0.326
-0.089
0.596
-0.092
-2.891
-2.403
-0.795
-1.817
-3.930
-0.516
-0.063
-0.621
-0.598
-0.701
0.245
0.122
-0.101
0.218
0.032
-0.366
-0.423
-0.531
-0.483
-0.117
-2.149
-0.750
0.508
-0.364
-1.102
0.304
-0.109
-4.301
-1.214
-0.177
-0.082
0.291
0.074
0.165
0.185
-0.085
0.058
0.219
0.542
0.055
-0.913
-0.071
-1.034
-0.231
-0.053
-0.265
-0.135
-0.773
-0.456
-0.804
0.754
-0.081
-0.653
-1.208
-1.343
-1.188
-0.946
-0.640
0.379
0.208
0.152
0.086
0.624
1.005
-0.740
-0.231
-0.815
-1.376
0.054
0.104
1.377
-0.276
-0.623
-0.313
-0.091
-0.765
0.075
-0.352
0.180
0.148
-0.310
0.014
-0.093
-0.146
0.046
0.086
0.249
-0.073
-0.925
-0.325
-0.304
-0.322
0.464
0.439
-0.335
0.185
-0.002
-2.877
-0.087
0.001
0.055
-0.472
-0.331
0.184
0.112
-0.096
-0.135
0.298
0.023
0.318
0.174
-0.036
0.427
0.462
0.073
0.111
-0.110
0.237
0.039
-0.127
3.612
2.086
2.173
1.602
0.075
1.300
-0.102
0.339
0.513
-0.248
-0.069
0.139
-0.070
-0.124
-0.019
0.125
0.709
-0.185
-0.405
0.073
-0.329
-1.025
0.310
0.333
-0.487
-0.169
0.346
0.349
0.176
0.095
-1.593
-2.685
-2.261
-0.443
-1.411
