0.472
0.551
1.547
0.054
0.298
-3.166
-0.446
-1.029
-1.385
-0.352
-0.055
-3.020
-0.607
0.339
0.466
-1.603
-0.350
-0.856
-0.566
-0.711
0.432
0.329
1.504
0.094
0.446
0.462
0.810
-0.060
0.294
0.441
-0.330
-1.554
0.457
0.332
0.796
-0.040
-0.385
-0.479
-0.557
-0.774
-0.240
-0.762
-0.397
-0.347
0.015
-0.131
0.298
-0.360
-0.352
-0.370
-0.938
2.172
-1.881
-1.286
-0.265
-0.124
-2.037
-0.326
-0.003
-0.112
-1.780
-0.698
-1.934
0.086
0.319
0.879
0.458
-1.066
-0.067
0.782
0.541
0.153
0.366
0.485
0.002
0.074
0.585
0.220
0.287
0.566
-3.080
-0.216
0.291
-1.722
0.020
-2.354
-1.729
-0.156
-0.303
0.982
-0.017
-0.087
0.309
-0.034
-2.004
0.095
0.289
-0.356
-2.730
-0.725
-0.039
0.380
-3.603
0.384
-1.627
-0.800
0.326
0.256
-3.312
0.177
-0.039
-0.095
0.328
2.058
-0.075
0.635
-3.025
0.495
-0.524
-0.792
-1.317
-1.791
-0.890
-0.047
-0.442
-0.432
-1.107
0.518
0.321
-0.450
0.496
-0.420
0.398
-0.885
-0.099
-0.124
-1.730
0.493
0.371
2.543
-2.277
0.026
0.475
0.406
1.462
-0.282
2.216
1.320
0.279
0.132
-0.110
-0.057
0.278
-1.457
0.484
-1.869
0.989
-0.837
-0.381
-1.216
-0.873
-0.645
1.295
-0.733
0.560
-2.470
0.088
-0.050
-0.738
-0.686
-0.701
-0.346
-0.636
-0.022
-0.168
-0.294
-0.092
-0.045
-0.131
0.002
0.259
-1.369
-0.559
0.151
-0.023
0.468
0.446
-2.782
-1.326
-0.905
-2.778
-2.821
-0.761
-0.250
-0.179
-0.724
-0.536
-0.032
-0.218
-0.332
-0.384
-0.459
-0.711
-0.549
-0.328
-0.636
0.242
-2.898
-0.829
0.182
-0.532
-1.683
-1.426
0.034
-3.168
-1.709
-0.213
-0.124
0.189
0.921
0.055
0.163
-0.084
-0.021
0.055
0.429
0.643
-1.245
-0.135
-1.261
-0.984
0.336
-0.013
0.066
-0.297
-0.304
-0.622
0.623
0.027
-0.063
-0.145
-0.255
-0.309
-0.411
-0.550
0.216
0.042
0.424
0.344
0.832
0.927
-0.783
0.214
-0.521
-0.455
1.173
0.586
-0.339
0.069
0.062
0.092
0.842
-0.487
1.327
-0.082
1.389
0.628
-0.368
0.066
0.021
0.012
0.193
-0.026
-0.109
0.105
-0.189
-1.034
-0.617
-0.420
0.070
-0.109
-0.751
-0.177
-0.109
-2.354
-0.076
-0.054
-0.419
0.377
-0.714
-0.092
0.463
-0.307
-0.026
-0.262
-0.122
0.192
-0.060
-0.242
0.078
0.111
-0.201
-0.005
-0.312
-0.052
-0.063
0.033
3.166
2.261
2.369
1.466
0.571
1.305
-0.167
0.723
0.784
1.307
-0.147
-0.059
-0.109
-0.534
-0.521
0.039
1.289
0.753
-0.364
-0.211
-0.435
-1.254
-0.058
0.053
-0.233
-0.678
0.872
0.620
0.476
0.089
-2.691
-3.546
-2.649
-0.599
-2.126
