-1.201
-1.207
-0.037
-0.037
-1.123
-2.475
-0.268
-0.675
-2.565
-0.681
-0.284
-3.514
-1.522
0.088
-0.037
-2.592
-0.649
-0.234
-0.436
-0.137
0.306
-1.293
1.571
0.551
0.242
-0.037
0.362
-0.230
0.045
0.350
-0.185
-1.441
0.406
0.305
0.111
-0.037
-0.313
-0.315
-0.857
-0.969
-0.044
-0.424
-0.303
-0.352
0.088
-0.550
0.024
0.164
-0.895
-0.130
-0.926
0.427
-2.047
-1.062
-0.489
-0.037
-2.277
0.076
-0.037
0.189
-2.167
-0.467
-2.115
-0.026
-0.043
0.372
-0.027
-1.811
-0.112
0.501
0.673
0.365
0.315
0.393
0.370
0.012
0.086
0.350
-0.201
0.242
-1.921
-0.988
0.250
-2.308
-0.952
-3.348
-1.176
-0.260
0.107
-0.035
-0.044
-0.589
0.005
-0.451
-3.332
0.625
0.020
-0.808
-3.063
-0.481
-0.540
-0.034
-3.717
-0.536
-1.864
-0.316
0.015
0.054
-3.023
-0.441
-0.372
0.132
0.408
2.236
0.029
1.080
-2.035
0.726
0.131
-0.086
-0.283
-1.844
-1.551
-0.973
-0.344
-0.806
-1.609
0.176
-0.155
-0.347
0.005
-0.982
-0.321
-1.368
-0.027
-0.203
-0.763
0.182
0.070
0.535
-1.133
-0.099
-0.037
-0.720
0.181
-0.266
1.899
0.070
-0.037
-0.510
-0.623
0.235
0.040
-3.041
-0.037
-2.500
0.767
-0.636
-0.626
-1.748
-0.330
-0.037
0.688
-1.089
0.302
-2.062
-0.037
-0.194
-0.948
-0.133
-0.407
-0.146
-0.405
0.129
-0.153
-0.028
-0.037
-0.003
0.068
0.119
-0.307
-2.301
-0.951
-0.117
-0.089
0.564
-0.800
-3.094
-2.686
-1.574
-1.980
-2.133
-0.420
-1.310
-0.450
-0.774
-0.970
0.019
-0.037
-0.365
-0.037
-0.037
-0.496
-0.549
0.034
-0.752
-0.086
-2.671
-1.457
1.488
-0.657
-1.832
-1.395
-0.272
-4.346
-1.626
-0.639
-0.490
-0.815
0.066
-0.036
-0.032
-0.352
-0.037
0.030
0.696
0.170
-1.142
-0.320
-0.997
-1.204
-1.215
-0.274
-0.317
-0.562
-0.212
-1.154
0.044
-0.231
-0.318
0.223
-0.037
0.112
-0.404
-1.054
0.342
-0.037
0.548
0.698
0.041
0.703
-0.702
-0.085
-0.475
-0.278
0.408
0.284
0.121
-0.036
-0.422
-0.079
0.038
-0.415
0.430
0.106
0.442
0.870
-0.816
-0.045
-0.167
-0.263
-0.162
-0.033
0.251
-0.027
-0.056
-0.562
-0.295
-0.615
0.023
0.001
-0.403
-0.030
-0.037
-2.054
-0.036
0.002
-0.037
-0.037
-0.960
0.009
1.043
-0.096
-0.037
-0.037
-0.037
-0.037
-0.377
-0.158
-0.037
-0.037
-0.140
-0.037
-0.246
-0.115
-0.191
-0.088
2.674
2.253
2.216
1.718
0.096
0.698
-0.065
0.284
0.039
0.395
-0.038
-0.005
-0.066
-0.135
-0.244
0.026
1.525
0.299
-0.445
-0.123
-1.864
-1.676
-0.089
-0.545
-0.167
-0.103
0.261
0.265
-0.226
-0.091
-1.526
-3.215
-2.545
-1.029
-2.284
