-0.002
-0.106
-0.521
0.070
-0.483
-2.729
0.053
-0.054
-1.109
-0.393
0.245
-4.579
-0.781
0.213
0.033
-3.137
-1.162
-0.088
-0.024
-0.404
0.003
0.033
1.320
-1.106
0.033
0.033
0.590
-0.009
0.033
0.035
-0.412
-0.751
1.982
-0.384
0.613
0.033
-1.682
-0.396
-0.420
-0.752
-0.156
-0.831
-0.586
-1.001
-0.216
-0.415
0.066
-0.011
-1.505
-0.467
-1.341
0.033
-2.006
-1.697
-1.619
-1.162
-2.333
0.033
-0.599
0.015
-2.774
-1.231
-2.605
0.188
0.427
-0.194
-0.052
-1.710
-0.478
0.978
0.942
0.508
-0.910
-0.565
0.324
0.252
0.545
0.619
-0.134
0.623
-2.142
-0.300
0.121
-1.894
-0.204
-2.983
-2.077
-0.128
-0.202
0.054
0.017
0.240
0.576
-0.297
-5.528
0.439
0.110
-0.181
-3.081
-1.632
0.079
0.300
-2.699
0.123
-0.125
0.035
0.033
0.051
-1.936
0.172
-0.467
0.079
0.167
0.926
-0.368
-0.156
-2.851
0.660
-0.293
-0.538
-1.438
-3.750
-2.296
-0.554
-0.152
-2.478
-2.202
-0.213
-0.776
-1.517
0.833
-2.072
0.311
-1.953
-0.342
-0.482
-1.040
-0.512
-0.217
0.033
-1.790
-0.394
0.472
0.161
0.521
-0.632
2.137
1.500
0.451
-0.175
-0.422
0.268
0.275
-1.051
1.892
-2.866
0.718
-0.426
0.033
-0.551
-1.048
-1.194
1.601
-0.532
1.128
-4.918
-1.263
-0.851
-1.797
-1.873
-0.371
-0.079
-0.646
0.387
-0.271
-0.524
0.052
0.044
0.154
0.376
-0.442
-2.913
-1.369
-0.241
-0.012
0.805
-0.158
-6.246
-3.974
-1.176
-2.508
-4.294
-0.519
-0.909
-0.426
-0.376
-0.181
0.085
0.023
-0.562
0.225
0.120
-0.399
-0.387
0.405
-0.465
-0.162
-2.961
-1.161
0.033
-0.452
-1.212
-0.401
-0.337
-3.068
-1.231
0.033
-0.057
-0.255
0.138
0.080
0.258
-0.287
-0.259
0.166
1.086
0.749
-0.637
0.314
-0.591
-1.432
-0.103
0.146
0.351
0.003
0.033
0.033
0.359
0.231
0.042
0.033
-0.043
0.036
0.028
-0.093
0.415
-0.134
0.376
0.033
-0.033
0.951
-0.886
-0.260
-0.852
-0.766
0.707
0.306
-0.233
-0.357
-0.900
-1.414
0.549
-1.476
0.194
-0.455
0.107
-0.202
-0.119
-0.014
-2.263
-0.118
-0.322
0.182
0.119
0.015
-0.292
-0.380
-0.381
-0.301
0.481
0.467
-0.470
0.313
-0.155
-3.044
0.104
-0.241
0.266
1.277
-0.401
-0.357
1.423
0.033
0.033
-1.274
-0.471
0.033
0.110
0.008
0.033
0.033
0.233
0.033
-0.192
-0.170
0.027
-0.676
3.839
2.740
2.934
1.444
0.439
0.662
-0.393
0.073
0.520
-1.168
-0.362
-0.003
-0.105
0.058
0.044
0.032
2.087
0.672
-0.102
-0.032
-0.361
-1.884
-0.058
0.201
-0.471
0.033
0.393
0.203
0.125
-0.117
-3.179
-2.833
-3.337
-1.113
-2.405
