1.437
1.187
1.593
-0.149
-0.929
-2.614
-0.226
-0.555
-2.332
-0.830
0.665
-4.236
-1.210
-0.850
-0.096
-1.606
-0.089
-0.584
-0.135
-0.105
1.353
1.956
0.072
-0.521
-0.083
-0.662
0.045
-0.592
-0.607
-0.227
-0.922
-2.378
1.521
-0.017
0.300
-0.715
-0.198
0.318
-0.980
-0.138
-0.045
-1.085
-1.814
-0.391
-0.030
-0.047
0.736
-0.701
-0.917
-2.405
-0.365
0.246
-2.389
-0.036
-2.438
-1.153
-3.273
0.399
0.083
-0.050
-4.781
-1.285
-2.333
0.067
0.551
0.031
-1.681
-0.721
-0.830
0.054
-0.164
-0.194
0.000
-0.685
-0.182
-0.187
-0.074
-0.144
-0.254
-0.132
-2.396
-0.592
0.190
-1.691
-0.282
-2.214
-0.440
-0.092
0.075
0.246
0.006
-0.104
0.214
0.130
-3.503
1.288
-0.181
-1.322
-2.791
0.153
-1.476
-0.064
-5.105
-0.172
-2.973
-2.408
-0.038
-0.480
-5.174
-0.197
-0.081
0.214
-0.027
2.419
0.047
1.392
-3.703
0.501
0.175
-1.925
-1.184
-1.001
-1.560
-0.239
0.087
0.109
-2.641
-0.018
-2.439
-1.141
0.456
-0.185
-0.741
-0.358
-0.072
-0.120
-2.299
0.366
-0.069
0.089
-3.937
-2.065
0.193
-0.034
0.944
-0.330
3.473
1.214
-0.411
-0.115
-0.505
0.051
-0.085
-3.500
-1.920
-4.332
1.128
-0.979
-1.025
-2.289
-1.476
-1.299
0.693
-1.535
0.662
-3.482
-0.809
-0.041
-1.179
-1.411
-1.215
-1.396
-0.951
-0.491
-1.327
-0.805
-0.699
-0.037
-0.413
-0.379
-0.059
-0.940
0.030
-0.108
-0.548
0.986
-0.092
-3.941
-1.308
-0.273
-3.274
-3.721
-0.728
0.162
-0.326
-0.271
-0.341
0.632
0.501
-0.012
-0.028
-0.028
-0.310
-0.222
0.282
-0.305
0.280
-3.127
-1.736
0.478
0.145
-2.004
-1.449
-0.023
-2.088
-0.450
-0.418
-1.467
0.083
0.024
0.108
-0.207
-0.111
0.092
0.391
0.478
0.705
-1.411
-0.148
-1.702
-1.283
0.201
-0.438
-0.175
-1.237
-1.258
-1.348
1.438
-0.547
-1.184
-2.670
-0.213
-1.004
-1.384
-0.586
-0.001
-0.212
-0.281
0.103
-0.642
0.135
-0.576
-0.303
-0.293
-0.917
-0.395
-1.018
-0.602
-0.383
-0.524
-0.452
-0.441
-0.292
-0.254
-0.484
-0.423
0.867
-0.173
-0.054
0.278
-0.160
0.113
0.057
0.245
0.400
-0.150
-0.995
-0.273
-0.539
0.812
0.211
-1.366
-0.062
-0.899
-0.992
-0.229
-0.040
0.073
-1.875
-1.241
1.238
0.840
-1.711
-0.797
-0.417
-0.606
0.271
-1.476
-0.359
1.406
0.033
-0.795
-0.124
-1.537
-0.369
0.053
-0.244
1.075
1.640
1.307
1.015
0.201
1.130
0.227
0.202
0.566
1.041
-0.280
-1.241
0.110
-0.224
-0.612
-0.028
0.937
0.327
-0.800
-0.023
-0.433
-1.336
-0.029
0.005
-0.105
-1.222
-0.163
-0.045
0.402
-0.133
-5.289
-4.281
-2.853
0.958
-2.690
