-0.193
-0.479
-1.110
0.592
0.726
3.095
-0.035
0.498
2.334
1.130
0.210
3.577
1.222
0.219
1.057
3.682
1.145
0.617
0.035
0.047
-0.271
-0.093
-0.933
0.254
-0.060
0.065
-0.947
-0.014
-0.432
-0.316
-0.008
0.770
0.095
0.404
-0.134
0.868
1.134
0.780
0.391
0.198
-0.023
0.096
0.875
0.110
0.231
0.415
-0.245
-0.035
1.223
0.319
1.251
0.593
2.699
2.234
0.516
2.118
3.484
-1.237
0.908
-0.569
3.241
1.463
2.715
-0.016
-0.026
0.242
-0.057
0.749
0.114
-0.796
-0.778
-0.370
-0.279
-0.562
-0.404
-0.151
-0.519
-0.375
-0.142
-0.475
2.860
-0.024
-0.704
2.471
0.472
3.236
2.235
-0.202
-0.157
-0.168
-0.177
-0.176
-0.090
-0.231
4.321
-0.408
-0.035
0.027
2.850
1.596
-0.316
-0.096
3.900
0.077
2.167
0.327
0.058
0.206
2.707
0.058
0.108
-0.122
-0.066
-1.789
-0.157
-0.165
4.687
-0.608
1.606
0.380
3.044
3.719
1.475
0.502
0.467
1.885
2.072
-0.203
0.229
0.801
-0.813
0.554
-0.004
1.380
-0.057
-0.062
1.318
0.111
0.080
-1.729
2.286
1.027
-0.803
0.080
-0.469
-0.031
-2.877
-2.743
-0.062
-0.975
0.415
-0.492
-0.271
1.448
0.591
2.215
-0.366
0.053
0.066
1.180
0.108
0.303
-1.249
0.453
-0.854
3.425
1.423
1.027
1.637
1.820
0.104
0.156
0.135
0.047
0.106
0.086
0.007
0.007
-0.006
0.090
0.131
1.860
0.594
0.037
0.083
-0.480
-0.138
3.099
2.064
1.226
3.181
5.223
1.007
0.440
0.454
0.337
0.961
-0.075
0.024
0.068
-0.086
0.076
0.190
0.366
0.128
0.219
-0.031
2.279
0.861
-0.554
0.943
2.676
0.041
0.320
3.243
1.891
0.245
0.392
0.251
-0.127
-0.017
0.031
0.191
0.272
-0.056
-0.035
-0.051
0.395
0.047
2.012
0.812
0.030
-0.180
-0.091
0.034
-0.214
0.343
-0.516
-0.029
0.135
0.504
2.272
0.771
1.460
1.353
-0.767
-0.098
-0.400
-0.765
-0.327
-0.939
1.188
-0.081
0.204
0.895
-0.194
-0.135
0.250
0.267
0.169
1.337
-0.090
0.259
-0.377
-0.035
-0.877
-0.092
0.319
0.108
-0.091
-0.107
0.105
-0.135
-0.099
-0.091
0.586
0.247
0.166
0.424
-0.339
-0.340
-0.019
-0.076
-0.089
3.019
0.040
-0.175
-0.145
0.390
0.536
-0.231
-3.099
-0.028
-0.032
-0.005
0.041
-0.112
0.023
0.108
-0.015
-0.035
0.058
0.022
-0.035
-0.024
0.000
-0.065
-3.557
-2.718
-2.757
-1.920
-0.210
-0.835
0.192
-0.578
-0.883
0.649
0.253
0.384
0.243
-0.314
0.209
0.291
-0.831
-0.064
0.071
0.058
-0.017
0.631
0.347
-0.624
0.168
0.460
-0.336
-0.292
0.045
-0.085
1.259
1.637
1.144
0.779
1.972
