-0.538
-0.509
0.489
-0.101
-0.945
-2.586
-0.172
-0.556
-1.718
-0.701
0.162
-2.382
-0.786
-0.437
-0.074
-1.916
-0.629
-0.190
-0.126
-0.035
0.073
0.303
1.290
-0.651
0.429
-0.802
0.964
-0.622
0.135
0.446
0.089
-0.845
0.563
-0.401
0.484
-0.034
-0.348
-0.550
-0.202
-0.560
-0.326
-0.337
-0.368
-0.213
-0.348
-0.305
0.018
-0.005
-0.828
-0.462
-1.422
-0.256
-2.089
-1.874
-0.986
-0.446
-1.925
0.348
-0.188
0.216
-2.213
-0.580
-1.135
0.064
0.034
-0.124
-0.020
-0.814
-0.046
0.501
0.434
0.291
0.129
0.521
0.173
-0.013
0.322
0.178
0.110
0.255
-2.370
-0.243
-0.009
-1.187
-0.105
-1.871
-1.185
-0.238
-0.232
-0.345
-0.170
-0.250
0.001
-0.357
-2.159
0.249
0.033
-0.132
-2.086
-0.876
-0.269
0.126
-3.101
-0.242
-1.206
-0.583
0.124
-0.333
-2.163
0.042
0.152
0.090
0.100
1.873
0.166
0.252
-2.845
0.639
-0.498
-0.838
-1.550
-2.500
-1.196
-0.422
-0.248
-1.134
-1.164
-0.079
-0.345
-0.833
1.166
-0.569
-0.057
-1.138
-0.021
-0.028
-0.814
0.045
0.456
1.354
-1.759
-0.415
-0.368
-0.459
0.611
-0.443
2.050
1.241
0.006
0.521
-0.270
-0.009
0.106
-0.953
-0.633
-1.793
0.736
0.300
-0.605
-0.976
-0.608
-0.552
1.444
-0.640
0.692
-2.331
-0.770
-0.687
-1.083
-1.013
-0.203
-0.124
-0.200
0.260
-0.230
-0.313
0.148
-0.041
0.293
0.652
0.102
-1.308
-0.605
-0.182
-0.036
0.411
0.123
-2.546
-1.696
-0.950
-2.206
-2.879
-0.504
-0.908
0.070
-0.323
-0.332
0.109
-0.116
0.070
0.173
0.133
-0.385
-0.292
0.149
-0.214
0.189
-2.010
-0.712
0.641
-0.497
-0.716
-0.592
-0.043
-2.014
-0.896
0.180
-0.032
0.137
0.188
0.193
0.419
0.077
0.092
0.293
0.227
0.285
-0.457
0.112
-1.097
-0.563
-0.161
0.013
0.039
-0.421
-0.209
-0.655
0.666
0.321
-0.409
-1.154
-1.322
-0.531
-0.774
-0.923
0.158
0.176
0.003
0.182
-0.182
0.345
-0.673
-0.229
-1.389
-1.573
-0.121
0.108
-1.301
-0.424
-0.177
-1.016
0.041
-1.331
0.182
-1.034
0.380
0.148
-0.103
0.201
0.537
-0.117
-0.017
0.127
-0.149
-0.245
-0.259
-0.240
-0.351
-0.146
0.238
0.112
-0.159
0.132
-0.151
-1.785
-0.029
0.013
-0.089
-0.620
-0.473
0.108
1.101
-0.177
-0.172
-0.177
-0.135
0.027
0.127
-0.207
0.342
-0.083
-0.118
0.190
-0.012
0.080
-0.055
0.067
2.509
1.669
2.182
1.055
0.084
0.491
-0.030
0.518
0.761
-0.787
-0.134
-0.162
-0.070
-0.262
-0.356
0.070
1.033
-0.018
0.028
-0.056
-0.499
-0.934
-0.035
-0.023
-0.126
-0.244
0.977
0.184
-0.241
-0.199
-1.284
-2.545
-2.935
-0.743
-2.040
