0.779
0.569
-0.038
-0.100
-0.122
4.174
-0.128
0.510
2.449
0.342
-0.154
3.318
1.187
1.294
-0.078
2.904
0.599
0.362
-0.105
0.152
0.099
-0.327
0.691
0.113
-0.174
0.011
-1.356
0.094
-1.200
-0.827
-0.008
1.105
-0.875
0.625
0.696
0.378
0.431
0.406
0.580
0.252
0.289
0.623
0.458
0.151
-0.257
-0.168
-1.197
-0.140
0.239
1.326
1.688
0.491
2.637
2.308
0.841
0.190
2.700
-0.641
0.109
-0.329
3.157
0.477
1.586
-0.324
-0.174
-0.822
-0.172
1.000
-0.052
-0.790
-0.931
-0.752
-0.134
-0.085
-0.675
-0.288
-0.101
-0.563
-0.298
-0.771
1.806
-0.001
-0.513
1.893
0.037
2.456
1.233
-0.145
-0.102
0.022
-0.143
-0.164
-0.889
0.349
5.128
-0.087
0.039
-0.159
3.392
0.819
-0.287
-0.193
3.603
-0.188
1.858
1.564
-1.881
-0.240
4.115
0.158
-0.260
-0.638
-0.161
-1.624
-0.208
-1.904
4.368
-1.771
1.099
0.830
2.312
1.847
0.369
0.012
-1.134
1.019
2.209
-1.175
0.385
0.290
-0.129
0.436
-0.552
2.343
0.039
-0.115
2.273
-0.134
0.615
0.077
2.115
0.321
-0.626
-0.616
-1.102
0.241
-1.863
-1.388
-0.288
-1.272
0.720
0.378
-0.242
1.498
0.993
1.216
-1.869
0.685
0.396
1.351
0.232
0.771
-1.740
0.803
-1.458
4.116
1.921
0.545
2.170
2.502
0.234
0.635
0.299
0.120
0.306
0.142
-0.091
-0.125
-0.039
0.106
-0.460
3.191
0.801
-0.293
-0.098
-0.525
-0.653
4.200
3.257
0.997
2.460
2.696
0.237
0.042
1.191
0.099
0.719
-0.689
-0.145
-0.145
-0.197
-0.232
0.400
-0.082
0.015
-0.066
-1.108
3.517
0.570
-0.145
0.916
2.664
1.096
0.135
3.528
0.887
0.488
0.595
1.042
-0.117
0.048
0.172
0.185
0.152
-0.090
0.048
0.051
1.686
-0.776
1.231
1.884
-1.151
-1.964
-0.378
-0.156
0.553
0.990
-1.377
-0.527
0.120
1.045
1.164
0.713
0.583
0.586
0.281
0.203
0.036
0.142
0.109
-0.900
0.639
-0.098
-0.081
0.719
-0.982
-0.432
0.454
-0.854
-0.360
-0.062
-1.164
0.272
-0.779
-0.503
-0.747
-1.788
0.516
0.027
0.407
-0.080
-0.072
-0.003
0.075
0.024
0.862
0.356
0.423
0.907
-0.656
-0.088
0.273
0.118
0.269
2.659
-0.032
-0.083
0.586
0.849
0.773
-0.135
0.093
0.128
0.048
0.431
-0.128
-0.408
0.309
-0.105
-0.520
-0.325
0.279
-0.151
0.710
-0.435
-0.058
-0.064
-1.746
-0.953
-1.026
-1.198
-0.220
-0.448
0.213
0.101
-1.350
-0.967
0.130
0.428
-0.125
0.190
0.390
0.106
-1.165
-0.870
0.488
-0.145
0.396
1.732
-0.158
0.146
0.121
-0.007
-1.223
-0.093
-0.376
-0.096
3.063
4.089
3.467
0.165
4.268
