-0.217
-0.183
-1.379
0.112
1.461
2.067
0.131
0.250
1.711
0.380
0.133
2.603
0.724
-0.009
0.103
2.034
0.770
0.243
0.120
0.205
-0.195
-0.247
-0.294
0.409
-0.649
0.097
-0.444
0.342
-0.451
-0.424
0.106
1.410
-0.042
0.082
-1.340
-0.067
0.143
0.598
0.223
0.726
0.106
0.518
0.723
0.143
0.106
0.249
-0.050
0.010
1.235
0.196
1.110
0.106
2.149
1.841
0.138
1.360
1.907
-0.185
0.176
-0.473
3.362
1.289
1.856
0.083
-0.128
-0.116
0.157
1.394
0.102
0.106
0.106
0.106
0.106
0.106
-0.873
0.106
0.061
0.088
0.106
0.106
3.126
0.049
-0.232
2.694
0.297
3.011
1.830
0.308
0.068
0.195
0.134
0.224
0.008
0.419
3.364
-0.761
-0.348
0.358
3.257
1.164
-0.201
-0.151
3.485
-0.130
1.677
1.368
-0.178
0.106
2.494
0.072
0.075
0.272
-0.035
-2.195
0.179
-0.151
3.321
-1.528
0.371
0.223
1.753
2.715
1.984
0.615
0.107
0.942
1.342
0.131
0.405
0.791
-1.801
0.563
0.256
1.129
0.106
0.106
0.898
0.447
0.066
-2.976
2.759
0.894
-0.401
0.131
-0.017
0.186
-3.257
-0.479
-0.095
-1.193
-0.103
-0.034
-0.087
0.841
-3.539
0.300
-0.632
0.299
-0.795
0.112
0.754
0.106
-0.474
0.403
-0.042
3.434
0.217
0.575
1.331
0.506
0.374
0.106
0.436
0.106
0.255
0.372
0.036
0.218
0.147
0.130
-0.009
1.461
0.591
0.033
-0.026
-0.588
0.054
2.831
1.130
1.173
2.527
3.785
0.155
0.539
0.237
0.713
0.233
0.103
0.106
0.214
0.106
0.106
0.520
0.451
-0.018
0.550
0.106
2.021
0.552
-0.287
0.340
1.042
-0.073
0.182
2.743
1.146
0.393
0.152
0.106
-0.017
-0.036
0.093
0.106
0.103
-0.065
-0.610
-0.027
0.643
-0.008
1.543
0.287
-0.285
-0.119
-0.194
0.703
0.144
0.809
-0.711
0.094
0.116
0.507
1.175
0.353
0.142
0.985
0.106
0.153
-0.558
-0.398
-0.020
-0.220
0.480
0.106
0.473
0.457
-0.730
-0.604
-0.015
0.873
0.202
0.213
-0.857
0.567
0.066
-0.154
-0.115
0.077
0.274
0.795
-0.190
0.106
0.064
0.027
-0.126
-0.159
0.191
0.442
0.524
0.103
0.006
0.073
0.252
0.111
0.106
3.605
0.116
0.120
0.076
-2.108
0.529
0.028
0.860
0.463
-0.011
0.070
0.282
0.072
-0.705
0.207
-0.359
0.116
0.173
-0.129
0.338
0.096
0.106
0.106
-2.717
-1.115
-1.889
-0.948
-0.117
-0.713
0.526
-0.527
-0.256
-0.045
0.169
0.492
0.108
0.056
0.382
0.083
-2.677
0.072
0.110
-0.204
0.426
0.851
0.184
-0.247
0.248
-0.026
-0.450
-0.191
-0.088
0.150
1.684
4.491
2.695
0.723
3.528
