0.039
-0.135
-0.513
-0.165
1.303
2.722
0.001
0.680
2.061
0.404
-0.012
2.600
0.941
0.120
-0.466
2.518
1.269
0.714
-0.005
0.475
-0.005
-0.513
0.026
0.551
-0.005
1.216
0.099
0.906
1.186
-0.241
0.369
0.234
-0.691
0.426
0.343
0.312
0.781
0.912
0.136
0.878
0.210
0.626
-0.297
0.091
0.328
0.708
-0.376
-0.005
0.303
0.188
2.397
-0.119
1.607
1.750
-0.203
0.402
2.517
-0.041
0.080
-0.091
3.079
1.508
2.053
-0.427
-0.331
-0.343
-0.074
0.452
0.128
-0.064
-0.082
-0.067
0.277
-0.060
-1.062
-0.004
-0.166
-0.005
-0.061
-0.005
3.144
0.384
-0.046
1.682
0.415
3.204
3.001
0.189
0.239
-0.302
0.171
0.006
-0.058
-0.002
4.528
-0.050
-0.541
0.742
2.557
2.105
0.990
0.000
2.718
0.794
1.175
0.693
-0.013
-0.005
2.274
0.081
-0.005
-0.285
-0.077
-2.673
0.307
-0.102
2.294
-0.422
0.876
0.727
1.760
2.467
1.334
0.676
-0.058
0.346
2.188
0.379
0.533
0.320
-1.576
0.495
0.020
1.031
0.067
-0.005
2.629
0.660
0.721
-1.045
2.021
0.398
-0.005
-0.005
-0.005
0.802
-3.779
-1.777
-0.159
-0.898
-0.132
0.427
-0.004
1.147
1.028
2.795
-0.888
0.746
0.160
0.986
0.380
0.245
-2.010
0.404
-0.856
3.673
0.655
1.067
1.608
1.896
0.796
0.637
0.724
0.412
0.456
0.562
0.645
0.783
0.373
0.297
0.192
1.479
0.646
0.188
-0.197
-0.344
-0.004
2.520
0.866
1.031
3.191
2.376
0.788
0.501
0.041
0.127
0.682
-0.038
0.016
0.011
0.012
-0.101
0.088
0.072
0.021
0.000
0.006
1.880
0.941
-0.646
0.478
1.461
1.271
0.045
2.340
1.182
0.342
0.181
0.317
-0.238
0.007
0.244
0.247
0.090
0.012
-0.005
-0.205
1.204
0.183
2.031
1.149
0.564
0.002
-0.375
0.683
0.185
0.482
-0.601
0.014
-0.048
0.039
0.820
0.006
-0.005
0.574
0.069
0.090
-0.012
-0.003
-0.736
-0.473
1.088
0.003
0.640
1.430
-0.242
-0.086
0.280
-0.094
-0.005
-0.086
-0.138
0.145
-0.705
-0.238
-0.559
-0.170
0.479
0.253
0.576
-0.005
0.127
-0.005
-0.005
-0.169
1.454
0.340
0.704
0.029
-0.005
-0.005
0.238
0.000
0.000
1.359
-0.020
0.081
0.375
1.177
0.395
0.157
1.381
-0.005
-0.005
0.033
-0.005
-0.005
0.219
-0.005
-0.046
-0.051
0.002
-0.176
-0.005
-0.005
-0.146
-0.113
-3.863
-2.158
-2.855
-1.795
0.234
0.007
0.317
-0.162
-0.726
0.031
0.066
-0.001
-0.005
-0.078
-0.050
-0.117
-1.402
0.058
0.097
-0.296
0.972
1.206
-0.005
0.144
0.457
-0.242
-1.287
0.044
-0.361
0.039
3.913
3.378
1.581
1.482
2.413
