4.021
2.375
0.352
-0.951
-0.192
-0.302
-0.019
-0.286
-0.778
-1.051
0.193
-0.887
-0.755
0.580
-0.249
-0.981
-1.476
0.130
-0.053
0.017
-0.149
0.051
1.666
-0.953
0.148
-1.113
0.419
-1.559
-0.093
0.009
-0.053
-0.299
1.031
1.019
0.408
-0.135
0.353
-0.715
-0.053
-1.479
0.050
-0.219
-0.043
0.074
-0.241
-0.053
-0.058
-0.056
0.147
-1.261
-0.611
-0.433
-1.648
-1.412
-0.263
-0.146
-0.060
1.979
0.038
1.535
-1.670
-1.272
-1.208
0.571
-0.143
0.019
-0.373
-0.053
0.261
0.266
0.398
-0.012
0.234
0.170
0.061
0.083
0.946
0.196
0.230
0.406
-1.190
0.038
0.175
-0.575
-0.711
-0.504
-0.092
-0.053
-0.053
-0.053
-0.053
-0.053
-0.053
0.486
-1.111
-0.017
-0.047
-1.454
-1.270
-0.484
-1.032
-0.153
-1.060
-0.267
-0.678
-0.240
-0.109
-0.700
-1.186
-0.304
-0.065
0.049
-0.108
2.251
0.066
0.840
-1.219
1.133
-0.050
-1.193
-0.430
-0.737
-0.169
-1.398
-0.071
-0.926
-0.415
0.087
-1.947
-0.058
-0.046
-0.257
-0.041
0.102
0.032
-0.053
-3.014
-1.693
-1.717
1.742
-1.007
-0.225
0.049
0.050
1.483
0.711
2.741
2.880
-0.486
1.115
-0.093
-0.063
-0.053
-1.370
-2.103
-2.110
2.803
1.101
-1.522
-1.813
-0.117
-0.714
0.501
-0.539
0.034
-1.383
-0.178
-1.223
-1.726
-0.006
-0.533
-0.176
-0.433
0.426
0.337
-0.120
-0.224
1.196
-0.218
0.565
-0.028
-0.355
-0.213
0.111
-0.032
0.926
-0.063
-1.048
-0.538
-0.896
-0.311
-0.873
-0.109
0.791
-0.053
-0.053
-0.053
-0.053
-0.053
-0.053
0.006
0.003
-0.053
-0.053
0.186
-0.053
-0.062
-0.589
-0.719
0.057
-0.400
-0.743
-0.252
-0.708
-2.193
-1.891
-0.053
-0.053
-0.267
0.023
-0.053
-0.085
-0.053
-0.053
-0.031
0.001
0.414
-1.357
-0.439
-0.249
-0.139
-0.457
0.261
-0.053
-0.638
0.349
-0.950
0.257
-0.053
0.700
-0.272
0.859
0.820
-0.042
0.258
-0.224
0.175
-0.053
0.477
0.448
-0.029
-0.557
-0.013
-0.922
-1.180
-0.473
-0.259
-0.657
-0.548
-0.053
-0.722
-0.064
-1.223
0.461
-1.167
0.566
0.971
-0.703
-0.552
-0.476
-1.691
0.391
0.213
-0.053
-0.337
-0.340
-0.337
0.133
-0.053
-0.021
-0.053
-0.413
-1.002
-0.114
-0.183
-0.135
-0.053
-0.802
-2.385
-0.548
0.610
-0.105
-0.081
-0.039
-0.004
0.032
0.563
-0.283
0.184
0.155
0.100
-0.259
-0.124
-0.399
-0.065
-0.026
-0.623
4.062
2.846
3.309
1.899
0.063
0.091
-0.053
2.626
0.656
1.077
-0.053
0.056
-0.053
-0.118
0.066
0.063
0.500
-0.085
-0.304
-0.301
-0.075
0.152
-0.294
0.027
-0.305
0.018
0.210
-0.085
0.151
-0.048
-1.045
-0.564
-0.178
-1.001
-0.914
