-0.005
-0.005
-0.005
0.004
0.800
2.800
0.200
-0.665
0.943
0.190
-0.855
2.930
0.627
0.093
0.757
1.589
0.452
0.398
-0.002
-0.060
0.063
-0.367
-0.499
0.260
-0.023
-0.005
-0.229
1.278
0.054
-0.696
0.007
0.551
-1.183
-0.275
-1.232
-0.581
0.726
0.267
0.405
0.021
-0.002
0.453
0.483
0.185
-0.377
-0.163
-0.910
0.329
1.175
0.654
1.670
0.383
0.909
0.907
0.665
0.911
2.879
-0.204
-0.171
-0.387
2.456
0.433
1.756
-0.049
-0.013
-0.026
-0.016
0.919
0.255
-0.328
-0.538
-0.273
-0.005
0.211
-0.181
0.040
-0.513
-0.430
-0.014
-0.108
1.446
0.303
-0.171
1.762
0.793
1.760
1.725
0.427
0.511
0.226
0.434
-0.138
-0.252
0.243
2.917
-0.599
0.010
0.330
3.268
1.834
-0.585
0.017
2.958
-0.028
1.423
0.941
0.057
0.422
2.636
0.372
0.015
-0.423
-0.057
-2.497
0.044
-0.069
3.279
-0.183
1.096
0.792
1.840
2.695
2.279
0.278
0.497
1.433
1.783
0.013
0.690
1.183
-0.513
0.009
-0.034
0.771
0.663
0.303
1.242
0.162
0.605
-2.378
3.250
0.923
-0.308
0.098
-0.555
0.483
-2.002
-1.958
0.009
-0.267
0.614
0.062
-0.360
1.816
-0.355
3.053
-0.754
0.199
0.558
1.483
0.568
-0.101
-1.385
0.632
-1.303
4.152
1.437
0.896
2.079
1.970
0.398
-0.024
0.290
0.064
0.354
0.451
0.155
-0.004
0.049
-0.419
0.091
1.187
0.522
0.173
-0.362
-0.645
-0.105
2.520
1.144
0.394
2.418
5.714
0.537
1.346
0.593
0.690
0.298
-0.201
0.466
0.316
-0.005
0.002
0.826
0.983
0.268
0.682
-0.153
1.880
0.440
-0.232
1.101
2.099
0.856
0.642
2.822
0.916
0.412
0.164
0.373
-0.089
-0.252
-0.592
0.300
0.294
-0.460
-0.297
-0.473
0.674
0.119
0.632
0.644
0.476
0.017
-0.345
0.155
-0.005
0.174
-0.187
0.228
-0.048
-0.005
0.241
-0.005
-0.110
0.022
0.093
0.249
-0.840
-0.146
-0.546
-0.325
1.316
0.304
0.420
2.205
-0.118
-0.652
0.197
0.222
-0.147
0.778
-0.237
3.160
-0.540
0.022
-0.551
-0.257
0.158
-0.301
0.266
0.227
0.020
0.017
-0.005
0.110
0.860
0.366
0.377
0.396
-0.201
-0.177
0.238
0.068
0.107
2.908
0.359
-0.137
0.352
-0.005
0.540
-0.058
-1.584
-0.101
-1.299
0.126
-0.188
-0.377
-0.298
0.159
-0.422
-0.439
0.171
-0.144
-0.206
-0.176
0.119
0.015
-3.742
-2.497
-2.765
-1.763
-0.284
-0.327
0.046
-0.036
-0.650
0.549
0.325
0.251
-0.143
0.073
0.141
0.259
-2.043
-0.651
-0.172
0.175
0.483
1.370
-0.062
0.157
0.757
0.571
-0.321
-0.210
-0.272
0.284
2.410
3.365
1.541
1.529
2.206
