0.504
0.338
0.666
-0.022
0.751
-3.250
-0.307
-0.726
-1.707
-0.431
-0.314
-2.293
-0.410
-0.412
0.047
-1.412
-0.381
0.065
0.269
0.323
0.552
1.397
2.081
-0.169
0.589
-0.228
0.677
0.380
0.558
0.582
0.186
-0.781
0.479
0.176
0.351
0.202
0.437
-0.240
-0.018
-0.178
-0.273
-0.454
-0.992
-0.368
0.097
0.130
0.293
0.208
-0.312
-0.129
-0.430
0.476
-0.822
-0.684
0.220
-0.311
-1.799
1.176
-0.740
0.953
-1.946
-0.044
-2.724
0.212
-0.157
0.519
-0.593
-0.340
-0.117
0.059
0.125
-0.034
-0.126
-0.030
0.039
-0.142
0.254
0.101
-0.116
0.047
-1.026
0.085
0.707
-0.926
-0.560
-1.442
-0.693
-0.126
-0.090
-0.340
-0.125
-0.127
-0.061
0.061
-1.014
0.025
0.417
-0.274
-1.693
0.626
-0.293
0.030
-2.182
0.208
-0.587
0.355
0.455
0.127
-1.593
0.391
-0.064
0.102
-0.388
3.002
-0.057
0.636
-2.463
0.832
-0.007
-0.281
-0.936
-1.824
-0.911
-0.216
-0.060
-0.182
-0.739
0.389
-0.908
0.131
0.528
0.306
0.771
-0.012
-0.424
-0.413
-0.558
-0.098
0.695
2.524
-3.236
-0.726
0.632
0.933
1.466
-0.201
4.290
2.570
-1.001
0.618
-0.777
0.117
0.072
-0.661
-0.227
-1.629
0.681
0.232
-0.009
-0.535
-0.207
-0.365
0.936
-0.267
0.179
-2.652
-0.722
-1.149
-0.963
-0.719
-0.181
-0.587
-0.148
-0.096
-0.398
-0.263
0.178
0.266
-0.224
0.014
0.088
-0.484
-0.243
-0.003
0.265
0.499
-0.183
-2.140
-1.638
-0.590
-1.514
-2.460
-0.258
0.163
0.071
-0.319
-0.730
-0.094
0.241
0.011
0.350
0.396
-0.123
-0.131
-0.256
-0.323
0.017
-1.279
-0.456
0.791
0.233
-0.538
-0.497
-0.019
-2.343
-0.639
-0.090
-0.116
-0.240
0.382
0.094
-0.235
-0.059
0.142
0.225
0.808
0.922
-0.533
-0.126
-0.493
-0.304
0.148
-0.375
-0.059
-0.166
-0.062
-0.377
0.730
0.064
-0.393
-1.055
-0.137
-0.944
-0.606
-0.266
-0.139
0.008
-0.774
0.041
0.606
0.259
-1.290
-0.371
-0.185
-1.156
0.959
0.276
-0.819
0.445
-0.122
0.174
0.403
-0.185
0.730
-0.004
1.851
0.635
-0.338
0.095
-0.195
-0.450
-0.358
0.139
-0.352
0.481
-0.563
-0.291
-0.033
-0.378
0.069
0.104
-0.308
-0.704
-0.106
-1.421
-0.803
0.191
0.310
-0.251
-0.270
0.563
0.548
-0.070
-0.031
-0.258
0.382
0.307
0.487
0.077
0.321
0.591
-0.357
0.017
-0.048
-0.198
-0.129
-0.397
3.379
2.691
2.487
1.675
0.522
0.865
0.054
1.046
0.479
0.212
-0.154
0.011
0.278
-0.242
-0.375
0.008
0.529
0.257
-0.310
0.044
-0.489
-0.450
0.106
-0.217
-0.205
0.449
1.069
0.819
0.127
-0.063
-3.549
-2.603
-1.926
-0.117
-0.509
