0.039
-0.078
0.147
0.273
-0.109
2.664
0.141
0.153
1.873
0.755
0.012
3.255
0.595
-0.060
-0.062
2.132
0.382
0.217
0.215
0.108
-0.284
-0.771
-1.939
0.812
-0.269
0.008
-1.042
0.414
-0.361
-0.183
0.179
1.107
-1.507
0.293
-0.601
-0.163
0.671
0.869
0.367
0.626
0.250
0.706
0.344
0.157
0.505
0.415
-0.395
-0.103
1.614
0.303
2.409
0.524
1.736
1.481
0.486
1.137
3.092
-1.179
0.051
-0.968
3.487
1.514
1.873
0.015
0.011
0.362
0.128
0.739
0.040
-1.512
-0.731
-0.548
-0.575
0.147
-0.564
-0.140
0.080
-0.282
-0.415
-0.820
2.371
0.084
-0.323
1.583
0.335
2.757
2.030
0.590
0.489
0.158
0.492
0.499
-0.753
0.525
2.631
-0.873
0.134
0.497
3.207
1.843
0.489
-0.020
3.675
0.043
1.724
1.442
-0.061
0.095
2.967
-0.105
0.001
0.069
-0.582
-1.985
-0.036
0.053
3.271
-0.703
1.229
2.266
3.122
3.190
2.521
0.597
0.412
1.485
2.560
-0.013
-0.102
0.632
-1.242
0.646
0.009
0.513
0.098
0.179
1.317
0.094
-0.248
-0.366
1.898
1.584
-0.420
0.371
-0.842
0.846
-2.513
-1.723
-0.173
-0.655
0.661
-0.095
0.062
1.333
0.786
2.656
-0.776
-0.338
0.013
1.131
0.542
0.132
-1.419
0.577
-1.278
3.602
0.466
0.761
0.749
0.570
0.177
0.199
-0.031
-0.389
0.172
0.142
0.207
0.114
-0.247
-0.534
0.206
2.428
1.057
0.277
0.046
-1.090
0.184
3.523
2.552
1.592
2.506
3.319
0.498
0.187
0.371
0.879
1.013
-0.216
0.132
0.157
-0.257
0.027
0.680
0.729
0.512
0.637
0.035
2.395
1.058
-0.071
0.437
1.926
0.323
0.296
3.332
2.107
0.452
0.349
-0.420
-0.316
0.070
-0.175
0.399
0.443
-0.408
-0.447
-0.508
0.622
0.035
1.245
0.511
0.109
0.350
0.171
0.223
-0.458
0.899
-0.530
0.221
0.688
0.707
1.105
0.407
1.057
0.342
-0.508
-0.155
0.071
-0.244
0.393
-0.787
1.150
0.422
0.856
0.984
-0.330
-0.069
0.429
0.250
-0.244
0.398
-0.247
0.794
-0.191
0.031
0.062
-0.011
0.261
-0.072
-0.598
0.356
0.277
-0.079
0.001
-0.176
0.623
0.453
0.358
0.364
-0.364
0.005
0.149
0.065
0.555
2.911
-0.019
0.002
0.350
0.374
0.506
0.076
-0.186
0.064
0.023
-0.173
-0.110
-0.046
-0.123
0.041
-0.391
-0.330
-0.168
0.003
0.007
-0.164
0.220
-0.113
-2.998
-2.990
-2.852
-2.042
-0.819
-1.231
-0.011
-1.336
-0.311
-0.025
0.264
0.734
0.110
0.343
0.330
0.038
-1.432
-0.463
0.036
0.187
0.237
1.744
0.269
0.021
0.070
0.258
-0.590
0.001
0.383
0.159
2.979
3.809
5.920
1.677
1.587
