-0.365
-0.445
-0.062
0.007
-0.173
-2.603
-0.003
0.016
-2.628
-0.605
0.064
-2.615
-0.691
0.653
-0.229
-2.039
-0.554
-1.115
0.016
-0.101
-0.237
0.055
1.594
-0.625
0.161
-0.780
0.654
-0.071
-0.007
0.588
-0.020
-0.607
0.052
0.031
0.653
0.112
-0.136
-0.030
-0.668
-0.082
-0.101
-0.437
0.016
-0.162
-0.077
-0.178
0.067
-0.112
-0.223
0.040
-0.960
-0.042
-1.503
-1.083
-0.059
0.016
-1.839
0.920
0.016
1.183
-2.616
-1.057
-1.746
0.334
-0.123
-0.740
0.028
-1.166
-0.041
0.313
0.652
0.295
0.210
-0.136
0.247
0.241
0.042
0.068
0.318
0.227
-2.293
0.164
-0.113
-2.283
-0.398
-2.461
-1.621
-0.084
0.042
-0.540
0.016
-0.146
-0.174
0.006
-4.166
-0.033
0.036
0.013
-2.824
-0.978
-0.081
0.010
-3.573
0.005
-1.346
-0.585
0.118
-0.185
-3.015
0.048
0.076
0.048
0.040
2.064
-0.302
0.344
-3.545
0.479
-0.857
-0.176
-1.846
-2.232
-2.085
-0.201
-0.220
-0.184
-1.398
-0.232
-1.106
-0.148
0.016
0.129
0.123
-0.600
0.035
0.041
-1.900
-1.037
-1.640
0.630
-0.996
-0.120
-0.009
0.014
0.485
-0.269
2.195
0.982
0.137
0.428
-0.035
0.578
0.442
-0.464
-0.296
-2.736
0.261
-0.028
-0.097
-0.430
-0.250
0.005
1.217
-0.244
0.603
-2.771
-0.955
-0.461
-1.703
-1.431
-0.110
-0.320
-0.034
0.451
-0.151
-0.042
0.001
0.015
0.070
0.355
0.041
-1.389
-0.052
-0.017
-0.116
0.081
0.247
-3.604
-2.074
-0.801
-2.236
-1.420
-0.209
-0.193
-0.587
-0.653
-1.430
0.002
-0.014
0.016
0.074
0.016
-0.344
-0.204
-0.342
-0.308
0.087
-2.935
-1.144
0.048
-0.608
-0.769
-0.010
-0.032
-2.815
-0.597
-0.846
-0.630
-0.148
0.169
0.179
0.024
0.023
-0.249
0.035
-0.005
0.098
-0.384
0.068
-1.574
-1.247
0.046
-0.021
0.036
-0.780
0.036
-0.815
0.210
-0.009
-0.905
-1.417
-0.656
-0.532
-0.087
-0.075
0.008
0.347
0.076
0.318
0.016
0.851
-0.816
-0.123
-0.728
-2.199
0.757
0.792
0.472
0.299
0.267
0.008
0.488
-0.611
0.826
-0.411
0.232
0.228
-0.065
-0.007
-0.789
-0.061
-0.026
0.007
0.038
-0.115
-0.647
-0.264
-0.584
-0.572
0.024
0.016
-0.168
0.016
-0.220
-1.951
-0.119
-0.076
0.016
-0.240
-0.402
-0.025
0.130
0.028
0.447
-0.004
0.043
-0.009
-0.430
0.013
0.092
0.052
-0.056
0.017
0.036
0.241
0.072
0.020
3.279
1.737
2.190
1.008
0.022
0.439
-0.106
0.148
0.513
0.385
0.015
0.016
0.094
0.032
-0.781
-0.006
1.237
0.459
-0.064
-0.943
0.015
-1.360
0.111
-0.082
-0.269
-0.350
0.252
-0.028
-0.757
-0.000
-2.730
-3.787
-2.237
-0.069
-1.207
