1.362
1.809
1.353
0.053
-0.439
-2.020
-0.350
-0.377
-1.916
-0.653
-0.008
-2.706
-0.790
-0.177
-0.238
-2.856
-0.557
0.032
-0.333
0.110
0.380
0.209
2.564
-0.681
0.399
-0.624
0.712
-0.358
0.197
0.316
0.046
-0.748
0.298
-0.065
0.991
0.071
0.128
-0.492
-0.314
-0.426
-0.075
-0.553
-0.491
-0.245
-0.098
-0.115
0.222
0.083
-0.637
-0.945
-1.086
0.037
-2.272
-1.300
-0.316
-0.273
-2.366
0.210
-0.253
0.088
-2.721
-0.939
-1.489
0.149
0.167
0.209
0.014
-0.475
0.145
0.723
0.603
0.463
0.291
0.370
0.308
0.214
0.879
0.399
0.453
0.552
-2.214
-0.186
0.085
-0.901
-0.097
-2.143
-1.264
-0.147
-0.082
-0.010
-0.127
-0.119
0.112
-0.314
-2.261
0.065
0.201
-0.096
-2.058
-0.424
0.440
0.088
-3.299
0.251
-1.170
-0.795
0.106
-0.201
-3.109
0.214
0.017
0.074
0.154
1.711
0.019
0.114
-3.875
0.574
-0.072
-0.334
-1.681
-2.156
-0.578
-0.530
-0.494
-1.653
-1.150
0.356
-0.430
-0.774
1.591
-0.140
0.038
-0.965
-0.027
0.002
-0.679
-0.067
0.588
2.560
-2.519
-0.001
-0.406
-0.610
-0.174
-0.310
1.896
1.341
0.090
0.738
-0.498
-0.056
0.237
-1.254
-0.473
-1.804
1.113
1.088
-0.400
-0.837
-0.447
-0.368
0.989
-0.442
0.530
-4.141
-1.867
-1.320
-1.607
-2.567
-0.181
0.206
-0.245
0.112
-0.187
-0.227
-0.132
-0.038
0.073
0.174
-0.065
-1.964
-1.014
0.042
0.052
0.677
-0.029
-2.550
-1.730
-0.883
-3.350
-2.378
-0.286
-0.967
-0.013
-0.267
-0.176
0.341
-0.087
0.021
0.013
-0.005
-0.366
-0.232
-0.169
-0.191
0.090
-1.802
-0.445
0.885
-0.107
-0.858
-0.463
-0.069
-2.563
-1.255
-0.132
-0.090
-0.009
0.074
0.138
0.381
-0.045
-0.038
0.149
0.517
0.260
-0.463
0.176
-0.877
-0.782
-0.340
0.159
0.124
-0.222
0.658
-0.679
0.341
0.072
0.222
-1.599
-1.093
-0.718
-0.480
-1.594
-0.053
0.073
0.248
0.111
0.401
0.565
-0.822
-0.051
-0.289
-0.934
0.663
0.372
0.805
0.129
0.070
0.001
0.777
-0.257
0.900
0.403
0.896
0.356
-0.394
0.034
0.305
-0.011
0.064
0.142
0.025
-0.095
-0.259
-0.195
-0.185
-0.045
0.141
-0.014
-0.183
0.017
-0.080
-3.200
-0.098
0.114
0.069
-0.505
-0.275
-0.115
-0.032
0.013
0.061
0.026
0.045
0.072
0.310
-0.109
0.146
0.103
-0.075
0.021
0.032
-0.026
0.092
0.007
3.404
2.808
3.503
2.194
0.101
0.455
-0.036
1.426
0.811
-0.024
-0.094
-0.008
0.072
0.034
-0.133
0.058
1.576
0.702
-0.162
-0.168
-0.254
-1.052
0.074
0.202
0.157
0.149
0.712
-0.006
0.120
0.257
-2.703
-4.057
-2.591
-0.438
-2.601
