0.950
1.063
-0.036
-0.029
0.443
2.531
-0.056
0.064
1.547
0.594
-0.072
3.311
0.059
-0.703
-0.205
1.984
-0.064
0.519
0.429
0.351
-0.207
-0.691
-1.172
0.698
-0.417
-0.053
-0.853
0.359
-0.053
-0.935
0.163
0.779
-0.175
-0.048
-0.221
-0.166
0.208
0.474
0.474
-0.252
-0.028
0.791
0.108
0.507
0.256
0.215
-0.527
-0.704
1.041
0.560
1.553
-0.626
1.377
1.354
0.902
0.646
1.982
-0.636
0.795
-0.829
3.005
1.439
2.012
-0.122
-0.297
-0.339
-0.098
0.841
0.110
-0.718
-0.595
-0.621
-0.254
-0.155
-0.870
-0.351
-0.502
-0.557
-0.476
-0.494
2.732
0.162
-0.801
2.347
0.284
2.804
2.430
0.168
0.330
-0.946
-0.075
0.045
-0.376
0.167
3.443
-0.357
-0.145
0.690
2.396
1.290
-0.379
-0.000
3.030
-0.099
1.283
0.015
0.145
-0.126
3.187
-0.493
0.114
-0.296
-0.092
-2.379
-0.101
-0.384
4.460
-0.386
0.343
0.847
1.638
3.657
2.646
0.804
0.506
1.607
1.653
-0.382
-0.072
-0.060
-0.075
0.803
-0.380
0.800
0.155
0.191
1.325
0.235
-0.027
-1.171
2.394
0.512
0.356
-0.063
-0.309
0.511
-1.761
-1.007
-0.477
-0.347
0.137
-0.005
-0.036
1.327
-0.599
2.622
-0.871
-0.075
1.037
1.255
1.292
0.771
-1.886
1.261
-1.005
3.943
-0.034
0.586
1.372
0.056
0.374
0.054
0.371
-0.017
0.268
0.490
-0.165
-0.024
-0.084
-0.178
-0.142
1.722
0.341
0.165
0.444
-0.731
0.279
2.599
1.899
0.733
2.325
4.041
-0.074
0.662
1.034
0.816
0.265
-0.146
-0.030
-0.056
-0.056
-0.056
0.484
0.742
-0.130
0.814
0.198
1.873
0.702
-1.010
0.080
1.423
0.481
0.275
2.703
0.693
-0.363
-0.450
-0.033
-0.387
-0.289
-0.145
0.193
-0.086
-0.247
-0.405
-0.595
0.628
0.866
0.800
0.713
0.285
0.632
-0.226
0.620
0.100
0.662
-0.825
0.256
0.393
0.833
0.785
0.943
0.546
0.996
-1.470
0.159
0.505
-0.078
-0.894
-0.318
0.529
0.317
2.387
5.146
-0.302
-0.832
1.840
2.481
0.854
1.959
0.032
3.860
0.216
0.707
-0.765
-0.527
0.139
-0.160
0.852
0.380
0.059
-0.121
0.051
-0.698
0.849
0.479
0.482
0.322
-0.274
-0.110
0.401
-0.153
0.226
3.496
-0.077
0.101
-0.049
-0.466
0.711
-0.591
-1.243
0.170
-0.385
-0.008
-0.063
0.116
0.281
0.274
-0.515
-0.284
0.075
-0.892
0.072
-0.319
0.137
0.186
-3.004
-2.058
-2.326
-1.542
-0.262
-0.512
0.358
-1.246
-0.872
1.299
0.295
0.131
0.198
2.240
1.785
-0.019
-1.578
-0.514
0.186
0.228
0.619
1.665
0.096
-0.492
0.610
0.368
-0.661
-0.296
0.076
0.075
2.911
3.378
3.507
1.527
2.779
