0.260
0.076
1.211
-0.903
-0.078
-2.859
-0.128
-0.300
-2.537
-0.717
-0.174
-3.005
-1.051
0.316
-0.370
-2.594
-0.758
-0.726
-0.606
-0.395
0.330
0.203
0.695
-0.398
0.251
0.653
0.476
-0.464
0.235
0.040
0.084
-1.866
0.242
-0.193
-0.003
-0.244
-0.396
-0.517
-0.625
-0.269
-0.423
-1.248
-1.447
-0.075
-1.098
-1.077
-0.241
-0.010
-0.698
-0.296
-1.350
-0.391
-2.563
-1.201
-0.941
-1.129
-2.571
0.879
-0.131
1.388
-2.975
-0.924
-1.864
0.106
0.313
-0.049
-0.013
-0.710
0.037
0.323
0.151
0.232
0.076
0.533
0.466
0.054
0.336
0.295
0.129
0.209
-3.584
-0.430
0.065
-2.256
-0.830
-3.688
-2.902
-0.489
-0.029
-0.161
-0.211
-0.486
0.023
-0.284
-3.851
-0.040
0.252
-0.528
-3.454
-1.007
0.114
0.380
-3.657
-0.319
-1.654
-0.011
-0.085
-0.029
-3.054
0.112
-0.340
0.196
0.110
1.501
-0.111
-0.031
-3.981
0.105
-0.296
-0.837
-1.778
-2.559
-0.686
-0.215
-0.398
-1.364
-1.632
-0.089
-0.408
-0.397
0.970
-0.294
0.172
-0.514
-0.186
-0.131
-1.757
-0.059
0.338
2.106
-2.498
-0.138
0.085
-0.049
0.135
-0.140
1.543
1.094
0.046
1.007
-0.359
0.210
-0.029
-1.447
0.229
-1.285
0.713
0.081
-0.029
-0.151
-0.734
-0.255
1.152
-0.927
0.642
-3.620
-0.530
-0.880
-1.229
-0.835
-0.592
-0.168
-0.029
-0.087
-0.452
-0.362
-0.139
-0.049
-0.027
-0.120
-0.021
-2.118
-0.867
-0.051
-0.042
0.823
-0.121
-2.694
-1.961
-0.991
-3.227
-3.345
-1.005
-0.454
-0.104
-0.791
-0.826
0.029
-0.029
-0.029
-0.029
-0.029
-0.729
-0.648
0.071
-0.134
0.073
-2.907
-1.141
0.059
-0.715
-1.357
-0.418
-0.796
-3.169
-1.109
-0.344
-0.382
-0.038
0.220
-0.015
-0.004
-0.115
-0.029
-0.028
0.105
0.029
-0.743
-0.060
-1.343
-1.230
0.058
0.071
0.127
-0.541
-0.033
-0.831
0.427
-0.017
-0.233
-0.029
-0.694
-0.540
-0.349
-0.076
0.138
0.144
0.463
0.007
1.077
0.479
-0.737
-0.248
-0.188
-1.252
0.838
0.610
0.089
0.069
0.227
-0.143
0.093
-0.721
0.702
0.463
0.847
-0.004
-0.387
-0.037
0.142
0.349
0.065
0.108
-0.018
-0.042
-0.583
-0.488
-0.280
-0.513
0.265
0.057
-0.027
0.046
-0.224
-3.510
0.012
-0.230
-0.029
0.254
-0.830
0.615
0.058
-0.032
1.984
0.027
0.309
0.248
-0.067
0.053
0.377
0.387
-0.305
0.004
-0.040
0.157
-0.214
-0.045
2.247
2.413
2.960
1.984
0.178
0.626
-0.144
0.431
1.045
-0.436
-0.147
-0.025
-0.080
-0.335
-0.297
-0.276
0.591
0.523
-0.074
-0.013
-0.532
-1.454
-0.134
-0.079
-0.801
-0.028
0.800
-0.294
0.068
-0.038
-1.685
-3.275
-2.950
-0.799
-2.283
