0.739
-0.868
-0.554
0.955
-0.709
5.063
-0.094
1.812
2.194
1.068
-0.032
4.341
2.438
-0.919
-0.082
2.183
0.964
-0.000
0.576
-0.248
-1.446
-0.328
-1.683
0.060
-0.951
-0.294
-0.068
0.368
0.452
-0.940
-0.071
0.961
0.058
-0.350
-0.805
-0.499
0.703
0.808
-0.018
0.785
0.033
-0.063
0.136
-0.305
0.308
0.780
-0.109
0.300
0.894
1.156
0.805
0.058
4.026
4.801
0.229
0.072
3.287
-1.005
0.013
-1.385
2.914
0.616
3.265
-0.145
-0.047
0.058
0.096
0.463
0.053
-0.506
-0.269
-0.114
-0.147
0.008
-0.031
-0.064
-2.741
-0.265
-0.244
-0.373
3.793
-0.102
-0.128
2.173
0.134
3.148
2.266
0.091
-0.032
-0.202
-0.018
0.096
-0.054
0.242
3.370
-0.454
0.001
0.259
2.458
1.014
0.616
-0.018
3.304
0.686
1.621
0.312
0.067
0.348
1.281
-0.074
0.028
-0.006
0.356
-0.971
0.402
-0.738
3.944
-0.103
0.400
1.204
1.758
2.274
-0.060
0.816
0.796
0.010
0.973
-0.156
0.048
1.452
-1.199
0.733
0.103
0.015
-0.059
0.059
2.091
1.247
0.800
-3.521
1.779
0.665
0.974
0.235
1.240
0.468
-1.280
-0.763
-0.262
0.172
-0.391
-2.640
0.078
1.915
1.368
2.623
-0.320
-0.457
0.523
1.451
0.015
-0.617
-1.108
-0.040
-1.096
3.128
1.236
0.467
1.593
1.638
0.876
0.012
0.808
0.745
0.385
0.632
1.179
0.958
0.443
0.660
-0.039
0.572
0.050
-0.024
0.185
-0.284
0.854
0.753
0.913
-0.056
1.405
1.716
0.922
-0.296
0.873
0.688
1.339
-0.013
-0.000
0.213
0.371
0.531
0.218
0.061
0.028
0.194
-0.288
1.928
0.283
-0.476
1.735
0.831
0.850
0.009
3.056
0.898
0.026
-0.095
-0.184
-1.184
0.109
-0.052
-0.018
-0.162
0.126
0.045
-1.720
0.916
0.027
1.350
0.767
-0.545
0.453
0.014
0.352
-1.198
0.162
-0.076
0.069
-0.381
1.041
0.090
-1.291
-0.081
2.791
-0.089
-0.165
-0.247
-0.018
1.151
-0.957
1.678
0.385
0.353
0.227
0.153
0.171
0.039
0.266
-0.202
0.212
-0.226
0.398
-0.855
-0.010
-0.342
-0.592
0.067
-0.108
-0.019
-0.129
-0.218
-0.316
-0.281
-0.150
0.595
0.752
0.147
0.026
-0.072
-0.092
-0.030
-0.112
-0.069
2.117
-0.102
0.091
0.429
0.783
0.020
0.187
-0.602
0.051
-0.463
0.700
-0.038
-0.063
0.068
0.125
-0.270
-0.075
0.731
-0.016
-0.029
0.082
0.046
-0.122
-3.279
-2.815
-1.691
-2.711
-0.518
-1.326
0.021
-0.186
-0.560
0.321
0.100
-0.262
0.070
0.235
0.241
0.044
-0.743
0.306
0.291
-0.331
0.400
0.682
-0.444
-0.971
-0.107
0.236
-1.186
-0.320
-0.018
-0.188
1.815
3.741
3.096
1.629
2.219
