-0.086
0.133
0.996
-0.165
-0.359
-2.752
-0.165
-0.064
-1.243
-0.167
-0.032
-1.571
-0.383
-0.124
0.156
-1.490
-0.666
-0.184
-0.164
-0.112
1.020
-0.095
0.542
-0.052
0.194
0.250
0.266
-0.480
0.131
-0.223
-0.161
-0.790
-0.068
0.074
0.789
-0.124
-0.250
0.057
-0.531
-0.195
-0.165
-0.547
-0.579
-0.453
-0.165
-0.165
-0.037
1.199
-0.268
-0.104
-1.243
0.150
-2.429
-2.379
-0.049
-0.165
-1.896
0.369
-0.165
0.187
-2.074
-0.745
-1.183
-0.041
0.221
-0.155
0.238
-0.252
0.053
0.274
0.131
-0.083
-0.085
0.177
0.061
-0.016
0.965
0.331
0.303
0.152
-2.488
-0.337
0.380
-1.011
-0.212
-1.174
-0.217
-0.342
-0.183
-0.126
-0.149
-0.302
-0.317
-0.153
-2.591
0.159
0.272
-0.143
-2.289
-1.239
0.214
0.780
-2.048
-0.277
-0.836
0.063
-0.128
-0.269
-2.463
-0.051
-0.027
-0.165
0.982
2.412
0.145
0.526
-3.516
0.764
-0.924
-0.826
-1.945
-2.036
-0.922
-0.628
-0.171
-0.969
-0.507
-0.153
-0.137
0.139
0.048
-0.361
-0.094
-1.352
0.089
-0.015
-1.095
-0.120
0.020
2.145
-1.580
-0.397
-0.095
-0.216
0.087
-0.112
1.913
0.669
0.076
-0.095
-0.165
0.065
0.031
-0.728
-0.165
-2.389
0.427
-0.297
-0.203
-0.611
-0.201
-0.165
0.050
-0.190
-0.102
-2.333
-1.117
-0.670
-1.495
-1.307
-0.325
0.036
-0.107
0.042
-0.361
-0.307
-0.035
-0.435
0.105
0.576
-0.298
-1.296
-0.671
-0.127
-0.110
0.367
-0.079
-2.068
-1.946
-0.804
-1.729
-3.064
-0.591
-0.376
-0.249
-0.165
-0.283
-0.165
-0.165
-0.165
0.257
0.294
-0.194
-0.165
-0.134
-0.165
-0.043
-1.635
-0.274
0.116
-0.367
-0.713
-0.170
-0.204
-2.486
-0.712
-0.109
-0.005
-0.094
0.236
0.262
0.365
-0.170
-0.083
0.256
0.272
0.483
-0.165
0.003
-0.528
-0.582
-0.096
-0.006
-0.164
-0.551
-0.012
-0.593
0.413
-0.083
-0.162
-0.165
-0.588
-0.383
-0.330
-0.422
-0.049
-0.089
-0.069
0.571
-0.163
0.316
-0.219
-0.185
-0.255
-0.543
0.030
0.416
-0.483
-0.153
-0.165
-0.270
0.185
-0.170
0.387
-0.264
0.086
0.798
-0.172
-0.161
-0.350
-0.155
-0.001
0.039
0.261
0.484
-0.273
-0.216
-0.159
-0.253
0.121
-0.165
-0.092
-0.146
-0.072
-2.121
-0.072
-0.223
-0.163
-0.089
-0.153
0.108
0.360
0.009
0.155
0.107
0.091
0.129
-0.158
0.017
-0.029
-0.007
-0.080
0.023
-0.036
-0.034
0.064
-0.126
3.291
1.323
1.912
0.839
0.516
1.000
-0.334
-0.061
0.329
-0.934
-0.188
-0.186
-0.092
0.189
0.133
-0.045
1.324
-0.579
-0.137
-0.272
-0.231
-0.927
-0.127
-0.213
-0.165
-0.113
-0.017
0.198
-0.110
-0.205
-2.885
-1.543
-2.568
-0.689
-0.814
