-0.274
-0.057
0.112
0.044
-0.550
-2.406
-0.862
-1.138
-2.539
-0.906
0.060
-2.976
-0.796
-0.355
-0.333
-2.155
-0.559
-0.312
-0.581
-0.679
0.158
0.041
0.112
-0.299
0.104
0.272
0.090
-0.470
-0.156
0.022
-0.048
-0.676
-0.019
0.242
0.537
0.250
-0.047
-0.699
-0.214
-0.137
-0.012
-0.895
-1.018
-0.705
-0.012
-0.276
-0.317
-0.252
-1.467
-0.206
-1.776
-0.012
-1.876
-1.463
-0.854
0.082
-2.836
-0.227
-0.133
0.009
-2.510
-0.729
-2.347
0.110
0.097
0.091
0.211
-0.858
-0.071
0.564
0.673
0.381
0.091
0.031
0.688
0.158
0.140
0.569
0.293
0.291
-2.909
0.098
0.112
-2.378
-0.678
-3.349
-3.261
-0.326
-0.278
-0.680
-0.271
-0.422
-0.634
-0.255
-3.428
0.159
0.058
-0.551
-3.101
-1.474
-0.586
0.095
-2.992
-0.097
-0.915
-0.282
-0.014
-0.666
-2.852
0.392
-0.032
0.194
0.503
1.493
0.070
0.201
-3.597
0.407
-0.843
-0.785
-2.244
-3.031
-2.111
-0.528
0.030
-1.200
-2.299
-0.479
-1.048
-0.312
1.204
-0.672
0.149
-0.144
0.273
-0.126
-1.728
-0.012
-0.168
0.112
-1.711
-0.550
0.137
0.127
0.409
-0.063
1.451
0.852
0.332
0.792
-0.352
0.279
0.229
-1.739
0.057
-2.044
0.788
0.110
-1.175
-1.903
-0.779
-0.414
1.330
-0.692
0.626
-3.111
-1.462
-0.812
-0.946
-2.366
-0.484
-0.229
-0.421
-0.052
-0.271
-0.589
-0.065
-0.116
-0.012
0.112
0.164
-1.829
-0.537
0.156
0.014
0.627
0.158
-3.152
-2.289
-0.884
-2.843
-4.421
-0.776
-0.835
-0.486
-0.324
-0.701
0.123
0.112
0.101
0.112
0.112
-0.236
-0.267
-0.046
-0.364
0.258
-2.183
-1.075
0.147
-0.922
-1.406
-0.941
-0.765
-2.401
-1.316
-0.028
-0.030
0.084
0.114
0.073
0.189
-0.006
-0.102
0.172
0.133
0.132
-0.397
0.082
-1.151
-1.227
0.398
0.075
0.062
-0.144
-0.054
-0.731
0.717
0.113
0.034
0.014
-2.074
-0.517
-0.748
-0.966
0.098
0.272
-0.104
0.159
0.112
0.468
-0.445
-0.292
-0.417
-0.170
0.484
1.248
-0.116
-0.823
-0.659
-0.706
0.098
-0.559
1.002
0.020
-0.238
0.253
-0.435
0.187
-0.373
0.188
0.036
0.137
-0.343
-0.114
-0.497
-0.515
-0.310
-0.737
0.325
0.095
-0.077
0.031
-0.141
-2.729
-0.118
0.171
0.331
0.295
-0.372
-0.016
1.312
-0.022
0.583
0.158
0.034
0.068
-0.174
-0.090
0.374
0.059
-0.034
0.114
-0.003
-0.039
0.061
0.084
2.480
2.341
2.914
1.776
0.249
0.686
0.558
0.498
0.572
0.423
-0.155
-0.982
-0.323
-0.176
-0.785
-0.694
0.919
0.250
-0.137
0.033
-0.536
-1.162
-0.192
-0.273
-0.049
-0.376
0.434
0.048
0.032
0.282
-1.774
-2.733
-2.614
-0.064
-2.381
