0.603
0.376
2.201
-0.102
-0.131
-2.201
-0.105
-0.779
-1.950
-0.501
-0.179
-2.298
-0.643
-0.277
-0.383
-1.743
-0.497
-0.558
-0.450
0.081
0.082
-0.076
0.771
-0.079
0.266
-0.207
0.643
-0.284
0.076
0.137
-0.256
-1.087
0.271
0.060
0.917
0.452
-0.500
-0.542
-0.351
-0.759
-0.220
-0.560
-0.036
-0.419
-0.237
-0.264
0.493
-0.070
-0.952
-0.371
-1.532
-0.327
-2.369
-1.792
-0.782
-0.178
-2.305
-0.105
-0.132
-0.278
-2.478
-0.803
-1.305
-0.045
-0.154
0.416
-0.127
-1.007
-0.049
0.328
0.375
0.174
0.135
0.204
0.043
-0.075
0.596
0.223
0.086
0.143
-2.470
-0.355
-0.159
-1.880
-0.123
-2.096
-1.171
-0.040
0.110
0.156
-0.068
-0.058
0.044
-0.474
-2.789
0.418
-0.066
-0.156
-2.477
-0.637
-0.474
-0.104
-3.509
-0.240
-1.613
-0.981
-0.031
-0.172
-3.070
0.082
-0.084
-0.027
0.079
1.832
0.005
0.233
-3.209
0.380
0.148
-0.876
-1.277
-2.110
-1.257
-0.314
-0.304
-1.217
-1.571
0.143
-0.283
-1.155
1.533
-0.428
0.078
-1.121
-0.216
-0.206
-1.539
-0.367
-0.039
2.647
-2.110
-0.466
0.061
-0.240
0.116
-0.489
2.001
0.974
-0.099
0.491
0.075
-0.176
0.001
-1.177
-0.798
-2.147
1.091
0.187
-0.304
-0.895
-0.412
-0.485
1.273
-0.497
0.674
-2.511
-0.604
-0.535
-1.233
-0.899
-0.407
-0.331
-0.317
0.130
-0.365
-0.341
-0.375
-0.058
0.233
0.165
-0.131
-1.625
-0.805
0.068
-0.130
0.840
-0.112
-2.698
-1.667
-1.149
-2.502
-2.473
-0.667
-0.649
-0.595
-0.418
-0.478
0.006
-0.003
-0.082
0.085
-0.044
-0.344
-0.345
-0.298
-0.335
-0.120
-2.168
-0.773
1.325
-0.918
-1.284
-0.955
-0.182
-2.302
-1.249
-0.189
-0.219
0.059
0.251
0.015
0.387
-0.149
-0.147
0.279
0.127
0.534
-0.629
0.010
-0.805
-0.762
-0.236
-0.048
-0.030
-0.521
0.128
-0.731
0.567
-0.071
-0.242
-1.117
-0.883
-0.448
-0.563
-0.495
0.155
-0.067
0.005
0.152
-0.043
0.437
-0.954
-0.106
-0.258
-0.489
0.345
0.031
0.303
-0.165
-0.289
-0.177
0.111
-0.243
0.739
0.144
1.063
0.159
-0.585
0.050
-0.194
-0.640
0.047
-0.128
0.134
-0.121
-0.282
-0.303
-0.434
-0.402
0.087
-0.007
-0.222
0.005
-0.282
-1.939
-0.085
-0.040
-0.067
-0.680
-0.496
-0.015
-0.012
-0.188
-0.085
-0.081
-0.053
0.185
0.474
-0.218
0.422
0.335
-0.233
-0.066
-0.201
0.092
-0.101
-0.099
2.900
2.199
2.568
1.644
0.140
0.375
-0.097
1.076
0.836
0.095
-0.361
-0.444
-0.149
0.279
-0.026
0.215
1.282
0.315
-0.549
0.059
-0.656
-1.730
-0.198
0.073
-0.396
-0.189
0.392
-0.107
-0.080
-0.230
-2.173
-2.138
-2.529
-1.025
-2.041
