-0.201
-0.137
-1.889
0.090
-0.129
2.600
-0.042
0.417
2.514
1.310
-0.102
2.927
0.916
0.997
0.054
1.161
0.386
-1.154
-0.683
-0.164
0.133
-0.131
-0.547
0.937
-0.126
1.263
-0.068
1.307
0.053
-0.104
-0.376
0.909
-0.486
-0.587
-0.895
0.345
0.603
0.693
-0.047
0.758
0.737
0.364
0.042
0.039
-0.073
-0.082
-0.524
-0.304
0.722
2.119
0.188
1.168
1.658
1.668
0.080
-0.273
2.390
-1.561
0.488
-1.289
2.367
0.689
2.247
-0.052
-0.069
0.593
0.779
0.405
-0.109
-0.547
-0.449
-0.071
0.061
-0.404
-0.021
-0.060
-1.592
-0.036
-0.239
-0.315
2.158
-0.674
-0.251
2.652
0.711
3.284
1.820
0.087
-0.043
-0.219
0.051
0.055
0.017
-0.238
2.773
-0.318
0.169
0.335
1.518
0.357
0.792
-0.014
2.614
0.829
1.652
1.335
0.505
0.458
2.925
0.464
0.038
-0.042
0.112
-1.832
0.388
-0.379
3.409
-0.481
0.795
1.231
2.041
1.410
2.115
0.698
-0.203
0.735
0.927
-0.186
0.192
0.195
-1.474
-0.054
-0.029
0.355
-0.143
0.068
2.138
0.111
0.843
-1.760
2.239
0.380
0.580
0.785
-0.364
0.333
-2.297
-1.847
-0.047
-0.194
0.255
0.111
-0.170
1.268
0.782
2.186
-0.717
0.178
0.410
0.886
0.493
0.664
-1.408
0.763
-0.777
3.523
0.009
-0.018
1.479
0.534
0.439
0.099
0.195
-0.506
0.155
0.265
0.165
-0.142
-0.021
-0.408
0.006
1.026
0.085
0.452
-0.102
-0.174
0.112
2.829
1.746
1.079
2.848
1.881
0.804
-0.004
0.035
0.071
0.095
-0.055
-0.042
-0.057
-0.115
-0.043
-0.138
-0.032
-0.265
0.013
-0.095
2.510
1.164
-0.451
0.273
1.707
1.515
-0.150
2.047
0.948
-0.239
-0.211
-0.307
-0.395
-0.161
-0.112
0.101
0.075
-0.761
-0.867
-1.925
0.664
0.093
0.649
0.249
0.722
0.065
-0.234
0.721
0.407
0.967
-1.049
0.030
0.900
2.036
0.695
1.782
1.683
1.828
-0.064
-0.091
-0.211
0.434
-0.082
-0.240
1.568
-0.053
0.073
0.547
-0.451
-0.038
0.173
-0.102
0.100
-0.063
-0.215
0.195
-1.229
0.196
-1.066
-0.576
-0.068
-0.012
-0.822
0.166
-0.315
0.063
0.042
0.048
0.488
0.388
0.220
0.509
0.109
0.221
0.137
0.073
0.064
2.987
-0.099
-0.005
0.127
0.701
0.247
-0.461
-1.194
-0.009
-0.015
-0.271
-0.559
-0.267
-0.382
0.501
-0.147
-0.308
0.212
0.036
-0.016
-0.022
-0.049
-0.317
-2.192
-1.695
-1.726
-1.165
0.063
-0.272
0.106
-0.804
0.436
0.637
0.073
0.852
-0.014
-0.234
-0.099
-0.003
0.096
0.262
0.617
0.036
0.524
1.404
-0.020
-0.111
0.558
-0.395
-0.336
-0.148
-0.081
-0.036
4.938
3.643
2.149
-0.555
0.989
