-0.737
-1.204
0.491
0.031
0.727
2.793
0.187
-0.053
1.891
0.862
-0.064
2.589
0.947
0.191
0.754
1.483
0.772
0.648
0.517
0.696
-0.389
-0.113
-1.463
0.290
-0.965
0.057
-1.048
1.189
0.123
-0.881
-1.250
0.783
-0.476
0.021
-0.492
-0.005
0.434
0.630
-0.042
0.127
0.112
0.433
0.639
0.179
0.038
0.201
-1.011
-0.238
0.527
0.275
1.336
0.077
1.273
1.208
0.609
2.461
2.335
0.142
0.731
-0.257
2.341
1.085
1.613
-0.361
-0.127
-0.379
0.129
0.168
-0.363
-0.983
-0.824
-0.718
-0.601
-0.963
-0.683
-0.509
-1.160
-0.686
-0.565
-0.823
0.623
0.130
-0.485
1.060
0.291
2.283
2.186
0.583
0.671
0.300
0.355
0.438
0.159
0.485
2.621
-0.401
0.057
0.482
2.376
0.803
-0.042
-0.172
2.758
-0.341
1.260
0.331
0.002
0.400
2.026
-0.498
0.211
-0.196
0.022
-2.327
0.066
-0.509
2.917
-0.746
0.262
0.805
1.501
2.374
1.252
0.582
0.200
1.027
2.344
0.079
0.878
1.491
-1.274
0.022
-0.495
0.652
0.211
0.281
1.185
-0.034
0.322
-2.566
1.106
0.188
0.003
0.059
-0.143
0.058
-2.518
-1.808
0.057
0.094
0.323
-0.038
-0.680
1.593
-0.222
2.944
-1.251
0.179
-0.103
0.875
-0.166
0.284
-1.505
0.548
-1.095
2.921
0.057
0.625
1.364
0.198
0.459
0.078
0.367
0.118
-0.140
0.320
0.290
0.304
0.083
0.004
-0.397
1.640
0.610
-0.277
0.045
-0.810
0.024
2.774
2.296
1.161
1.685
3.532
0.521
0.264
0.574
0.299
0.460
-0.095
0.059
0.066
0.057
0.055
0.338
0.328
0.157
0.235
-0.156
1.848
0.915
-0.984
0.675
1.132
0.070
0.448
2.012
0.573
0.641
0.142
0.139
-0.265
-0.165
-0.456
0.358
0.236
-0.215
-0.554
-0.267
0.764
0.057
0.449
0.627
-0.273
-0.421
-0.174
0.057
0.057
0.105
0.057
0.078
0.127
0.057
1.399
0.469
0.763
0.418
-0.556
-0.569
-0.732
-0.715
-0.616
-0.565
0.859
0.633
0.146
0.819
-0.315
-0.466
0.139
3.280
-0.136
0.585
-0.166
0.794
-0.297
0.053
-0.540
-0.480
0.129
-0.627
0.701
-0.426
-0.220
-0.223
-0.148
-0.603
0.583
0.247
-0.054
0.371
-0.413
-0.409
0.192
-0.122
-0.153
2.459
-0.264
-0.509
-0.122
-0.638
0.407
-0.649
-0.924
0.066
-1.387
0.095
-0.388
-0.306
0.199
0.068
-0.332
-0.440
0.170
-0.141
0.125
0.015
0.071
0.314
-4.323
-2.768
-2.663
-1.949
-0.121
-0.743
0.614
-0.338
-1.147
-0.536
0.204
0.524
0.067
-0.235
0.575
0.486
-1.841
-0.942
0.106
-0.817
0.426
0.587
0.324
-0.465
0.291
0.103
-0.281
-0.203
-0.122
-0.435
2.162
3.600
3.343
0.737
2.249
