-1.063
-1.102
-0.109
-0.219
0.146
-4.264
-0.061
-1.085
-3.367
-1.087
0.020
-2.894
-0.565
0.131
-1.090
-3.059
-0.595
0.122
-0.123
-0.144
-0.205
0.530
1.266
-0.392
0.096
-0.394
0.924
-0.515
0.250
0.148
-0.131
-1.744
0.152
0.149
0.418
-0.036
-0.164
-0.173
-0.094
-0.053
-0.134
-0.285
-0.284
-0.214
-0.232
-0.208
0.291
-0.573
-1.195
-0.143
-0.796
-0.028
-1.807
-1.875
-0.820
-0.196
-1.069
0.778
-0.200
0.452
-3.358
-1.291
-3.089
-0.094
0.002
0.727
0.408
-0.821
-0.386
0.900
0.885
1.055
-0.122
-0.418
0.745
0.031
-0.071
-0.063
-0.012
0.200
-4.332
-0.093
0.230
-2.270
-0.208
-2.785
-1.177
-0.094
-0.094
-0.140
-0.094
-0.094
-0.051
-0.082
-4.151
-0.047
0.018
0.301
-3.453
-1.509
0.042
-0.032
-5.273
0.143
-2.369
-0.524
0.599
-0.453
-4.609
0.380
0.001
0.013
0.076
2.907
-0.059
0.828
-4.135
0.850
0.079
-0.496
-1.902
-2.251
-1.680
-0.273
-0.272
-0.983
-1.112
0.156
-0.495
-0.239
0.874
-1.484
-0.007
-1.908
-0.094
-0.075
-0.710
-0.161
0.409
2.071
-1.907
-0.080
0.775
0.562
0.537
-0.632
2.723
1.309
0.060
0.022
-0.024
0.189
0.225
-0.871
-0.348
-3.135
0.729
0.311
-0.288
-0.767
-0.301
0.236
1.982
-0.061
0.933
-3.041
-0.873
-0.647
-1.438
-0.922
-0.426
-0.130
-0.094
-0.094
-0.381
-0.249
-0.131
-0.045
0.024
-0.116
0.517
-1.486
-0.186
0.076
0.146
1.140
-0.114
-3.742
-1.543
-0.649
-2.514
-3.753
-0.002
-1.348
-0.134
-0.396
-0.192
-0.008
-0.094
-0.094
-0.026
-0.035
-0.141
-0.126
0.089
-0.128
0.169
-3.668
-1.229
1.106
-0.173
-1.661
-1.010
-0.097
-2.310
-0.964
0.029
-0.290
-0.094
0.501
0.343
-0.094
-0.068
-0.038
-0.159
0.116
0.102
-0.173
0.134
-0.657
-0.200
0.008
0.229
-0.094
-0.074
0.022
-0.554
0.926
-0.034
-0.100
-1.095
-0.303
-0.601
-0.970
-0.901
-0.085
-0.094
-0.022
-0.008
0.189
1.134
-0.448
-0.183
-0.075
-0.852
0.067
-0.102
0.207
-0.124
-0.094
-0.157
-0.093
-0.083
-0.105
0.028
0.242
0.761
-0.308
-0.235
0.250
-0.117
-0.094
-0.118
0.227
-0.094
-0.193
-0.047
-0.129
-0.103
0.096
-0.070
0.009
-0.047
-0.078
-4.259
-0.121
-0.107
0.103
-0.105
0.093
0.074
-0.181
-0.130
-0.094
-0.267
-0.154
-0.094
0.387
-0.271
0.300
-0.091
-0.094
-0.170
-0.078
-0.065
-0.026
-0.046
3.514
2.881
3.135
2.107
0.043
0.740
0.210
0.652
0.410
0.622
-0.094
-0.094
-0.094
0.025
-0.094
-0.037
1.379
0.660
0.165
0.038
-0.298
-0.643
-0.094
0.125
0.128
-0.222
0.063
0.123
-0.080
-0.094
-1.794
-5.097
-5.078
-0.464
-2.038
