-0.874
-0.862
-0.997
0.421
0.914
2.121
0.275
0.356
1.956
0.611
0.103
3.012
0.672
-0.227
0.155
2.020
0.781
-0.129
-0.077
-0.354
0.060
-0.206
-0.541
0.324
0.037
0.233
-1.511
0.289
-0.718
-0.623
-0.115
0.546
-1.188
-0.155
-0.918
0.523
0.181
0.611
0.100
0.926
0.255
0.658
0.157
0.217
0.448
0.437
-0.614
0.168
0.465
0.238
0.839
-0.330
1.918
1.925
-0.074
0.083
2.588
-0.260
0.114
-0.288
2.681
0.827
1.800
0.104
0.064
-0.273
0.419
0.792
-0.002
-0.597
-0.586
-0.081
0.044
-0.133
0.135
-0.042
-1.033
-0.268
-0.083
-0.262
2.685
0.102
0.093
1.805
0.622
2.924
1.707
0.165
-0.011
-0.769
0.076
0.198
0.131
0.038
1.780
-0.652
0.122
0.154
2.167
1.158
0.476
0.229
2.682
0.185
0.905
-0.082
-0.033
0.099
2.114
-0.536
0.083
0.043
-0.609
-2.322
0.065
-0.843
3.070
-0.868
0.396
0.477
1.255
2.371
1.307
0.608
0.206
0.496
1.290
0.157
-0.176
0.210
-0.734
0.182
0.079
0.418
0.155
0.142
1.479
0.377
-0.202
-2.860
2.478
0.536
0.219
0.324
-0.268
1.051
-2.265
-1.494
0.127
-0.404
-0.286
-0.056
0.084
0.920
0.533
1.668
-0.340
0.145
0.499
0.801
0.738
1.084
-1.559
1.157
-0.887
2.815
0.329
0.085
1.188
0.942
0.382
0.191
0.453
-0.423
0.353
0.492
0.105
0.107
-0.147
-0.293
0.131
1.998
0.850
0.172
0.133
-0.507
0.405
1.907
1.598
0.935
2.623
3.637
0.826
0.247
0.615
0.405
0.458
0.003
0.069
0.155
-0.129
0.074
0.265
0.183
0.155
0.258
0.105
1.763
0.532
-1.777
0.297
1.304
0.989
0.155
2.366
1.057
0.155
0.207
-0.083
-0.180
-0.056
-0.172
0.160
0.122
-0.492
-0.118
-0.609
0.837
0.033
0.785
0.663
0.199
-0.248
-0.134
0.221
0.117
0.611
-0.515
0.006
0.588
1.741
0.312
0.682
0.718
0.698
0.138
0.137
-0.699
-0.415
-0.416
-0.543
1.093
0.164
0.323
0.544
-1.136
-0.406
0.040
-0.299
0.336
0.038
-0.305
0.532
-0.773
0.086
-1.913
-1.041
0.186
0.150
-0.396
0.155
0.145
0.154
0.093
0.109
0.820
0.281
0.284
0.139
0.067
0.107
0.170
0.135
0.260
1.960
0.170
0.065
0.155
0.536
1.125
-0.779
-0.388
0.184
0.078
0.071
0.078
-0.195
-0.032
-0.158
-0.482
-0.548
0.238
0.144
0.126
0.029
0.090
-0.103
-2.276
-1.698
-1.775
-1.004
0.155
-0.096
-0.021
-0.749
-0.168
0.614
0.205
0.140
0.122
0.012
0.356
0.036
-1.058
-0.254
0.370
0.121
0.757
0.908
0.055
-0.145
0.335
-0.075
-0.460
-0.204
0.066
0.234
1.090
2.369
2.824
0.299
1.939
