-2.256
-2.039
-0.134
-0.233
-0.659
-1.966
-0.395
-0.554
-1.181
-0.377
-0.063
-2.476
-0.495
-0.188
-1.126
-0.976
-0.545
-0.111
-0.224
-0.148
0.421
-0.006
1.807
-0.104
0.148
-0.134
0.592
-1.038
-0.134
0.180
0.020
-1.073
0.801
-0.134
0.207
-0.389
-0.605
-0.366
-0.454
-0.273
-0.134
-0.484
-0.688
-0.134
0.219
-0.134
0.268
-0.027
-0.740
-0.128
-1.359
-0.134
-1.521
-1.749
-1.126
-0.366
-1.967
-0.340
-0.347
0.208
-2.073
-1.028
-1.527
-0.053
0.063
-0.324
-0.505
-0.653
-0.288
0.459
0.764
0.154
0.534
-0.325
0.403
-0.132
0.725
0.249
0.114
0.245
-2.586
-0.172
-0.155
-1.931
-0.773
-2.355
-1.726
-0.461
-1.057
0.520
-0.310
-0.288
-0.107
-0.258
-1.698
0.035
-0.100
-0.502
-2.391
-1.261
-0.259
-0.153
-3.304
-0.124
-1.284
-1.368
-0.095
-0.134
-2.286
-0.318
-0.408
0.100
-0.038
1.156
-0.309
0.041
-3.215
0.052
-0.494
-0.822
-1.545
-2.297
-1.337
-0.405
-0.490
-1.049
-1.110
-0.537
-0.647
-0.738
0.743
-0.605
0.014
-0.529
-0.351
-0.337
-0.764
-0.176
-0.233
1.450
-1.630
-0.328
0.131
0.023
0.485
-0.564
2.673
0.871
0.058
0.467
-0.448
0.035
0.204
-1.081
6.234
-1.623
0.209
-0.728
0.028
-0.574
-0.169
-0.133
1.278
-0.546
0.652
-3.110
-0.499
-0.746
-1.010
-0.641
-0.358
-0.141
-0.354
0.212
-0.360
-0.360
-0.160
0.142
-0.069
0.161
-0.087
-1.238
-0.486
0.021
-0.126
0.345
-0.027
-2.343
-1.790
-0.975
-2.077
-2.373
-0.650
-0.557
-0.482
-0.397
-0.883
0.038
-0.005
-0.029
0.027
-0.038
-0.127
-0.351
-0.080
-0.426
-0.043
-1.713
-0.594
0.269
-0.799
-0.952
-0.376
-0.345
-1.784
-0.757
-0.132
-0.212
0.085
0.299
0.199
0.194
-0.097
0.248
0.126
0.141
0.391
-0.307
-0.237
-0.514
-0.470
-0.221
-0.347
-0.169
-0.389
-0.227
-1.113
0.287
-0.125
-0.359
-0.134
-0.134
-0.651
-0.368
-0.857
0.067
-0.387
0.918
-0.134
0.013
0.130
-0.971
-0.532
-0.503
-0.339
0.204
0.665
-0.391
-0.106
-0.277
-0.493
0.361
-0.915
1.180
0.302
-0.080
-0.030
-0.197
0.082
0.032
-0.095
-1.014
0.139
0.122
0.265
-0.462
-0.399
-0.148
-0.280
0.088
0.385
-0.156
0.064
-0.104
-2.193
-0.184
-0.025
-0.116
5.559
-0.344
0.171
-0.206
-0.175
2.527
-0.134
0.108
0.014
-0.530
-0.024
0.265
0.061
-0.196
0.218
0.102
0.051
-0.326
0.158
3.143
1.555
2.233
1.117
-0.158
0.147
-0.290
-0.205
0.055
0.791
-0.248
-0.513
-0.197
-0.124
-0.976
-0.220
1.277
0.126
0.322
1.001
-0.531
-1.054
-0.078
-0.112
-0.434
-0.224
0.223
0.289
-0.465
-0.099
-1.586
-1.612
-2.957
-0.712
-1.188
