0.240
1.025
-0.111
-0.111
-0.417
-2.880
0.266
-0.391
-2.101
-0.737
-0.066
-3.317
-0.703
-0.385
-0.205
-2.917
-0.629
0.418
-0.085
-0.015
0.539
-0.108
0.600
-0.668
-0.262
0.584
0.450
-0.203
0.051
0.148
0.012
-1.289
0.329
0.912
1.438
-0.034
-0.155
-0.558
-0.396
-0.674
-0.302
-0.713
-0.602
-0.719
-0.015
-0.322
1.064
-0.097
-0.722
-0.266
-1.593
-0.170
-1.660
-1.595
-0.111
-0.111
-2.781
0.576
-0.388
0.843
-2.912
-0.730
-1.237
-0.009
0.104
-0.092
0.012
-0.324
-0.147
0.992
0.655
0.572
0.255
-0.272
1.615
0.258
0.509
0.684
0.297
0.621
-2.936
-0.586
0.134
-2.276
-0.395
-3.172
-1.706
-0.214
0.246
-0.189
-0.231
-0.360
0.307
-0.160
-4.857
0.601
0.018
-0.168
-3.156
-1.068
-0.137
-0.006
-3.535
-0.087
-1.162
-0.111
0.080
0.245
-2.864
0.196
-0.158
0.167
0.172
2.584
-0.132
-0.000
-4.006
0.142
-0.283
-0.978
-1.723
-2.905
-1.478
-0.360
-0.016
-1.211
-2.207
-0.211
-0.782
-1.306
0.067
-0.099
-0.042
-0.493
0.205
-0.107
-1.443
-0.177
0.280
2.119
-2.259
-0.322
0.116
-0.406
0.449
-0.025
2.457
1.460
0.584
0.223
-0.175
0.039
0.149
-0.596
1.992
-2.118
0.346
-0.111
-0.036
-0.231
-0.143
-0.111
0.315
-0.156
-0.054
-3.503
-1.100
-0.905
-1.673
-1.610
-0.548
-0.336
-0.296
0.440
-0.432
-0.643
-0.286
-0.122
0.014
0.438
-0.135
-1.822
-0.799
-0.184
-0.144
0.512
0.081
-4.539
-2.335
-0.646
-2.816
-5.227
-0.619
-0.215
-0.265
-0.402
-1.236
-0.111
-0.111
-0.136
-0.093
-0.111
-0.419
-0.280
-0.119
-0.261
0.213
-2.718
-0.944
1.226
-0.800
-1.805
-0.394
-0.372
-2.996
-0.706
-0.274
-0.376
-0.431
0.602
0.044
0.322
-0.072
-0.108
0.320
0.710
1.419
-0.374
-0.097
-0.172
-0.679
0.009
0.079
0.447
-0.306
-0.171
-0.424
-0.104
-0.080
-0.160
-0.027
-1.179
-0.312
-0.154
-0.456
0.052
-0.092
0.971
0.582
1.026
0.637
-0.924
-0.221
-0.259
-0.247
0.249
0.221
-0.111
-0.530
-0.192
-0.281
-0.078
-0.578
0.455
0.303
1.015
-0.130
-0.108
0.273
-0.200
0.027
-0.137
0.030
-0.032
-0.121
-0.572
-0.377
-0.312
-0.376
0.272
-0.066
-0.071
-0.056
-0.153
-3.136
-0.166
0.307
-0.075
1.147
-0.111
0.096
1.121
-0.111
0.357
-0.054
-0.093
-0.111
-0.608
-0.112
0.126
-0.111
-0.286
-0.111
-0.105
0.066
-0.423
-0.116
3.486
2.352
1.912
1.976
-0.097
0.281
-0.083
0.026
0.910
0.421
-0.219
-0.129
-0.855
0.038
-0.348
-0.126
1.557
0.169
-0.125
0.581
-0.497
-1.225
-0.024
0.023
-0.366
-0.128
0.371
0.532
0.026
0.009
-2.551
-3.596
-1.602
-0.832
-1.706
