0.016
-0.066
-1.196
-0.120
0.320
3.637
-0.060
0.698
1.867
0.537
0.115
3.437
0.793
0.907
-0.192
2.988
0.657
0.721
-0.055
-0.236
-0.125
-0.265
-0.230
0.429
-0.611
0.050
-0.993
0.176
-0.691
-0.352
-0.209
0.720
-0.469
0.241
0.103
0.528
0.595
0.456
0.159
0.706
-0.124
0.305
0.046
0.072
0.404
0.377
-0.128
-0.079
0.454
0.404
0.638
0.491
2.247
2.042
0.191
-0.045
2.794
-0.670
-0.031
-0.603
2.660
0.863
1.985
-0.131
0.067
-0.549
0.159
0.984
-0.025
-0.679
-0.654
-0.314
-0.398
-0.382
-0.147
-0.005
-0.858
-0.264
-0.080
-0.349
3.549
-0.003
-0.054
1.698
0.182
2.746
1.709
-0.039
-0.027
-0.360
-0.027
-0.038
-0.162
0.042
2.529
-0.030
-0.058
0.436
2.729
1.084
0.506
0.041
3.226
0.342
1.651
1.234
0.092
0.617
2.921
-0.005
-0.146
-0.079
-0.481
-1.429
-0.161
-0.744
2.874
-0.278
0.935
0.729
1.294
2.209
0.607
0.298
-0.235
0.559
1.840
-0.354
0.857
1.087
-1.166
0.107
-0.343
0.676
0.022
0.064
1.874
-0.364
0.718
-2.355
2.224
0.419
0.190
0.262
0.109
0.784
-1.803
-0.878
0.007
-0.348
0.489
-0.049
-0.115
1.513
1.044
1.944
-1.399
0.370
0.372
1.244
0.484
0.377
-1.069
0.453
-0.433
2.491
0.552
0.254
0.915
1.028
0.567
0.251
0.466
-0.045
0.143
0.416
0.335
0.190
0.029
-0.429
-0.152
1.897
0.641
-0.186
-0.067
-0.473
-0.255
2.514
1.457
0.869
3.392
3.116
1.040
0.352
0.652
0.474
0.042
-0.151
-0.017
-0.033
0.004
0.032
0.394
0.286
0.124
0.355
-0.102
3.111
0.942
-0.025
1.649
2.178
1.281
0.219
3.300
1.291
0.076
0.048
-0.106
-0.192
-0.118
0.028
0.036
0.043
-0.136
-0.138
-0.137
1.318
-0.126
1.195
1.008
-0.240
0.137
0.036
0.827
0.393
0.981
-0.957
-0.066
-0.040
1.108
1.461
0.329
0.341
1.228
-0.132
0.120
-0.275
-0.211
-0.184
-0.722
0.961
0.059
0.110
0.660
-0.124
-0.022
-0.195
-0.014
0.599
0.592
-0.194
0.160
-0.119
-0.057
-0.182
-0.705
0.308
-0.419
-0.560
0.372
-0.090
-0.067
-0.096
-0.249
0.232
0.141
0.104
0.380
-0.170
-0.202
0.164
-0.152
-0.001
2.063
-0.026
-0.085
-0.067
1.056
0.414
-0.746
0.105
0.012
-0.045
0.061
-0.038
-0.226
0.010
0.013
-0.534
-0.413
-0.048
-0.211
0.009
-0.208
-0.067
-0.271
-1.936
-1.675
-2.136
-1.191
0.007
-0.165
0.005
-0.269
-0.767
0.527
0.055
0.023
0.055
-0.027
-0.067
-0.100
-0.367
0.160
0.117
-0.067
0.990
1.780
-0.086
0.282
0.695
-0.346
-0.891
0.229
-0.001
0.281
2.165
2.093
3.443
1.219
2.166
