1.652
1.535
0.323
-0.379
0.589
3.018
0.323
-0.083
1.842
0.451
-0.231
2.793
0.761
-0.226
0.323
3.265
1.301
0.609
0.247
0.323
-0.020
-0.174
-0.365
0.754
-0.190
0.323
0.067
0.323
0.323
-1.506
0.323
1.075
-0.451
0.323
0.296
0.323
0.899
0.656
0.323
0.346
0.911
0.338
0.503
0.326
-0.194
0.269
-0.951
0.323
1.495
0.418
2.422
0.350
1.955
1.423
0.323
0.711
2.204
-0.854
0.180
-0.371
2.868
1.727
2.009
0.180
0.096
0.310
0.303
0.482
0.080
-0.662
-0.477
-0.220
-0.013
0.054
-0.507
-0.038
-0.626
-0.763
-0.081
-0.204
0.323
0.393
0.143
2.155
1.214
2.552
1.575
0.318
0.323
0.895
0.323
0.689
0.085
0.840
3.485
-0.506
0.261
0.317
2.888
0.978
0.036
-0.099
3.461
0.309
1.701
0.917
0.339
0.511
2.325
0.414
0.442
-0.038
0.323
-1.623
0.030
-0.265
2.622
-0.367
1.624
1.051
1.851
2.681
1.948
0.549
0.323
1.579
1.961
0.240
0.354
0.323
0.109
-0.056
0.043
1.075
0.207
0.326
1.724
0.284
0.249
-0.051
1.964
1.224
0.283
0.451
0.083
0.541
-1.984
-1.750
-0.100
0.873
0.767
-0.232
-0.336
1.136
0.455
3.745
0.096
0.171
0.384
0.762
0.323
-0.162
-0.494
0.101
-0.931
3.125
0.958
1.420
1.714
1.689
0.489
0.513
0.449
-0.070
0.512
0.574
0.321
0.259
0.319
-0.451
0.434
1.694
0.679
-0.548
-0.331
-0.453
-0.196
2.728
1.983
1.141
2.425
3.755
0.827
0.572
0.473
0.376
0.380
0.049
0.323
0.323
0.323
0.323
0.351
0.347
0.292
0.361
0.323
1.935
0.983
-0.156
0.529
1.915
0.795
0.218
2.031
1.390
0.537
0.559
0.329
-0.113
0.323
0.329
0.323
0.323
0.323
0.289
0.292
0.541
-0.525
1.498
0.861
0.690
0.008
0.034
0.254
0.323
0.368
0.065
-0.119
0.365
1.341
1.386
0.922
1.152
0.409
0.314
0.323
-0.204
0.323
0.226
-0.519
0.980
0.735
0.323
0.330
0.051
0.187
0.809
0.207
0.332
0.272
0.213
0.323
-1.109
0.323
-0.763
-0.006
0.454
0.150
0.409
0.373
0.323
0.192
0.321
0.276
1.291
0.548
0.588
0.326
-0.152
0.323
0.313
0.323
0.323
2.240
0.265
-0.124
0.179
0.435
0.198
0.249
-0.079
0.224
0.232
0.278
0.259
0.323
0.134
0.301
0.105
0.132
0.316
0.241
-0.287
0.196
0.397
0.330
-3.627
-1.206
-1.744
-1.214
-0.483
-1.164
0.199
0.313
-0.938
0.982
0.327
0.655
0.310
0.290
0.408
0.046
-1.519
-0.538
0.360
0.347
0.998
1.274
0.084
0.318
0.194
0.323
-0.304
0.079
0.257
0.153
1.767
3.318
3.251
1.348
1.764
