0.693
0.233
0.622
0.326
0.383
2.347
0.101
0.904
2.176
0.331
0.285
2.973
0.676
0.652
0.218
2.190
0.456
0.190
-0.065
0.188
-0.106
0.010
-0.241
0.267
-0.008
0.989
-1.198
1.152
-0.003
-0.265
0.058
0.587
-0.295
0.341
0.008
0.284
0.788
0.432
0.102
0.245
0.786
0.320
0.595
-0.013
0.255
0.125
-0.093
-0.017
1.132
-0.005
2.188
0.491
1.251
1.530
0.596
0.032
1.994
-0.935
0.238
-0.478
3.954
0.963
1.599
-0.163
-0.151
-0.036
-0.195
0.582
0.084
-0.665
-0.693
-0.960
-0.065
-0.191
-0.241
-0.285
-0.065
-0.166
-0.237
-0.485
2.616
-0.019
-0.301
2.051
0.299
2.570
1.293
0.800
0.932
0.326
0.687
0.062
-0.197
-0.055
4.828
-0.148
-0.100
0.261
3.028
0.632
0.082
-0.071
4.185
-0.002
1.479
0.781
-0.269
-0.088
2.681
0.015
-0.037
-0.309
-0.450
-0.540
-0.465
-0.440
3.274
-0.420
0.914
0.515
1.947
2.454
1.744
0.392
0.661
0.906
2.179
-0.395
0.023
0.610
0.034
0.088
-0.237
0.519
0.450
-0.042
1.342
-0.154
-0.383
-1.078
1.855
0.676
-0.041
-0.051
-0.184
0.237
-2.068
-0.433
-0.096
-0.793
0.026
0.031
-0.402
0.999
0.909
4.590
-0.436
0.762
-0.127
0.822
0.310
0.085
-2.121
0.265
-1.289
2.084
1.244
1.601
1.564
1.160
0.048
0.225
0.067
-0.007
-0.076
0.095
-0.049
0.031
-0.061
-0.041
-0.273
2.304
0.182
0.704
-0.320
-1.031
0.189
2.390
2.902
1.377
2.988
4.055
0.804
0.183
0.161
0.542
0.615
-0.020
0.028
0.060
-0.082
-0.092
0.091
0.415
0.291
0.339
-0.244
2.539
0.642
-0.444
1.174
1.567
0.831
0.029
1.448
0.862
-0.286
0.036
-0.032
-0.141
-0.036
-0.058
-0.019
-0.011
-0.037
-0.201
-0.517
0.489
-0.230
0.483
0.707
-0.230
-0.513
-0.175
0.160
-0.064
0.447
-0.818
0.280
-0.017
0.782
0.799
0.519
1.129
1.128
-0.643
0.092
0.273
0.022
-1.231
-0.675
0.580
0.177
3.125
4.964
-0.187
1.514
2.545
0.999
3.143
1.888
-0.101
2.638
-0.163
1.987
-0.342
-1.103
0.038
-0.049
1.095
0.142
0.217
0.054
0.294
0.382
0.176
0.345
0.450
0.411
-0.337
0.002
0.122
0.008
0.174
3.282
0.047
-0.182
0.096
0.922
0.135
-0.079
0.657
0.125
-0.004
0.241
-0.046
-0.060
0.694
0.143
-0.127
-0.010
0.034
-0.044
0.047
-0.119
-0.144
-0.067
-2.891
-2.627
-2.625
-1.626
-0.298
-0.305
0.045
-0.582
-0.952
0.508
-0.050
-0.012
-0.110
0.166
0.278
-0.035
-1.781
0.068
0.234
0.225
0.793
1.368
0.132
-0.286
0.170
0.204
-0.599
0.083
0.363
-0.193
2.555
2.778
2.915
1.568
3.349
