-0.714
-0.976
-0.274
0.136
0.405
2.676
0.248
0.511
2.811
1.092
0.128
3.137
1.054
0.535
0.165
2.846
0.968
0.165
-0.141
0.062
-0.012
-0.457
-0.061
0.798
-0.044
0.517
-0.237
0.151
-0.133
0.017
0.104
1.056
0.097
0.254
-0.238
0.442
0.644
0.429
0.101
0.608
0.174
0.320
0.777
0.226
0.308
0.215
0.077
-0.108
0.346
0.744
1.312
0.395
2.368
2.131
0.680
1.042
3.193
-0.921
-0.207
-0.280
3.279
1.239
2.020
-0.058
-0.049
-0.312
-0.278
0.670
0.017
-0.300
-0.314
-0.225
0.047
-0.052
-0.924
0.047
-0.886
-0.153
0.052
-0.139
2.985
0.165
-0.048
1.642
0.191
2.805
1.532
0.389
0.182
0.130
0.444
0.339
0.180
0.366
2.587
0.052
0.003
-0.051
3.524
1.860
0.319
-0.069
4.309
-0.034
2.071
1.063
-0.081
0.422
2.848
-0.184
-0.008
-0.060
-0.032
-1.687
-0.131
-0.065
4.465
-0.318
1.436
0.752
2.815
2.729
1.492
0.508
0.099
1.471
1.974
-0.376
0.078
-0.040
-0.905
0.298
0.032
0.574
0.021
0.125
1.475
0.262
0.373
-2.249
2.689
0.575
0.338
0.298
0.017
0.061
-2.038
-1.286
0.118
-0.295
0.109
-0.127
-0.091
1.275
0.619
3.605
-0.210
0.567
0.099
0.930
0.943
0.751
-0.793
0.907
-0.548
3.406
0.954
0.424
1.676
1.491
0.321
0.478
0.244
-0.013
0.312
0.401
0.122
0.240
-0.081
-0.078
-0.120
2.237
1.011
-0.033
0.022
-0.626
-0.027
3.497
2.780
1.158
2.317
4.021
0.571
0.247
0.486
0.384
0.756
-0.095
0.098
0.146
0.022
0.064
0.403
0.215
0.004
0.247
-0.029
2.967
0.824
-0.133
0.578
1.771
1.027
0.543
2.779
1.166
0.096
0.314
0.198
-0.080
-0.081
-0.237
0.173
0.061
-0.038
0.073
-0.034
0.628
0.229
0.938
1.093
-0.018
0.142
0.074
0.556
0.211
0.459
-0.427
0.033
0.187
1.528
2.406
0.165
0.608
1.641
-0.394
-0.062
0.190
0.007
0.116
-0.641
0.938
0.419
0.206
0.517
-0.129
-0.172
0.154
-0.054
0.188
0.268
0.012
0.252
-0.155
0.139
-0.731
-0.361
0.163
0.122
0.474
0.131
-0.056
0.123
0.223
-0.075
0.335
0.202
0.400
0.294
-0.116
-0.065
0.151
-0.094
0.300
2.699
0.170
-0.036
0.439
0.548
0.740
-0.662
-0.261
-0.107
-0.150
-0.093
-0.117
-0.145
-0.178
-0.062
-0.097
-0.194
0.228
-0.160
0.038
-0.070
0.163
-0.042
-3.198
-1.903
-2.330
-1.212
-0.606
-1.214
0.057
-0.876
-0.590
-0.195
0.261
0.544
0.230
0.137
0.971
0.087
-0.250
-0.096
0.522
-0.046
0.494
1.201
-0.371
-0.049
0.159
0.050
-0.242
-0.022
-0.064
0.144
1.735
1.509
3.836
0.416
1.664
