0.758
0.308
-0.047
0.197
-0.126
-2.914
-0.093
-0.493
-2.270
-0.636
-0.073
-2.578
-0.932
-0.353
-0.424
-1.993
-0.727
-0.217
-0.095
-0.062
0.140
0.227
1.920
-0.475
0.344
0.423
0.814
-0.572
-0.003
0.288
-0.468
-0.990
-0.176
-0.773
0.150
-0.076
-0.813
-0.514
-0.641
-0.509
-0.180
-0.309
-0.276
-0.160
-0.062
-0.336
0.432
-0.096
-1.073
0.284
-2.501
1.112
-1.501
-1.514
0.432
-0.501
-2.322
0.584
-0.108
0.823
-2.827
-0.732
-1.733
-0.051
-0.111
-0.045
-0.028
-1.682
-0.195
0.174
0.109
0.017
-0.219
-0.037
-0.021
-0.192
0.297
-0.046
-0.050
0.122
-3.468
-0.127
0.042
-1.866
-0.675
-3.234
-2.764
-0.787
-0.713
-0.641
-0.660
-0.358
-0.263
-0.066
-4.112
0.208
0.207
-0.189
-2.655
-1.104
-0.096
0.315
-4.481
0.236
-1.806
-0.687
-0.397
0.157
-3.787
-0.123
0.183
0.247
0.270
1.478
-0.046
0.065
-2.985
0.846
0.324
-0.812
-1.358
-3.318
-1.911
-0.645
0.012
-1.015
-1.442
0.058
-0.815
-1.484
0.444
-0.351
-0.052
-0.596
-0.112
-0.182
-1.339
-1.372
-1.073
1.981
-2.993
-0.333
-0.091
-0.223
-0.030
-1.228
2.301
1.238
0.660
-0.558
-0.318
0.112
0.003
-0.423
1.701
-4.269
0.668
0.059
-0.121
-0.439
-0.149
0.827
2.289
-0.198
1.759
-1.844
-0.727
-0.766
-1.560
-1.093
-0.475
-0.340
-0.208
0.210
-0.400
-0.261
-0.146
-0.250
-0.087
0.157
0.293
-1.896
-0.272
-0.174
-0.002
0.694
0.092
-3.329
-1.951
-0.931
-2.811
-4.127
-0.210
-0.658
-0.364
-0.880
-1.110
-0.111
-0.096
-0.125
-0.076
-0.070
-0.602
-0.189
-0.092
-0.289
0.068
-3.108
-0.910
0.930
-1.609
-0.965
-0.956
-0.632
-3.210
-0.737
-0.350
-0.175
-0.136
-0.062
-0.074
-0.172
-0.096
-0.083
-0.068
0.015
-0.077
-0.894
0.118
-0.497
-0.918
0.068
-0.242
0.080
-0.096
-0.096
-0.101
0.081
-0.029
-0.169
0.073
-1.830
-0.644
-0.629
-0.633
-0.014
-0.032
-0.107
-0.051
0.032
0.809
-0.988
-0.688
-0.488
-1.136
0.126
0.141
-1.596
0.063
-0.231
-0.295
0.341
-0.588
0.196
-0.067
0.322
-0.049
-0.501
0.096
0.496
0.256
-0.133
-0.031
-0.070
-0.086
-0.438
-0.233
-0.428
-0.143
-0.001
-0.169
-0.090
-0.083
-0.088
-3.210
-0.282
-0.180
-0.096
1.316
0.071
-0.165
0.171
-0.214
0.008
-0.105
-0.096
-0.096
-0.461
-0.096
-0.004
-0.096
-0.359
-0.088
-0.096
-0.016
0.268
0.010
2.898
1.735
2.616
1.379
-0.066
0.079
-0.093
-0.004
0.538
-0.120
-0.160
-0.361
-0.093
-0.310
-0.553
-0.312
1.716
0.537
-0.442
-0.082
-0.651
-1.137
-0.035
0.384
-0.182
-0.514
0.349
0.099
-0.113
-0.409
-1.628
-2.737
-3.362
-1.142
-1.654
