0.592
0.774
0.051
0.051
0.596
1.953
0.051
0.819
1.999
0.715
0.265
2.558
0.532
0.138
0.585
1.713
0.562
0.289
0.414
0.211
-0.010
-0.651
-1.333
0.380
0.100
0.076
-0.954
0.897
-0.033
-0.229
0.009
0.959
-0.770
-0.404
-1.401
0.051
0.359
0.181
0.436
0.222
0.051
0.393
0.247
0.051
0.147
0.651
-0.701
0.087
1.520
0.371
1.803
0.140
1.469
1.141
0.954
0.989
1.950
-0.420
0.515
0.024
2.049
0.723
1.519
-0.173
-0.091
0.093
0.246
1.321
-0.181
-0.444
-0.615
-0.477
-0.106
-0.190
-0.267
-0.127
-0.930
-0.227
-0.184
-0.237
2.299
0.553
0.119
1.991
0.843
2.688
2.492
0.343
0.094
0.269
0.518
0.368
-0.003
0.216
2.247
0.047
-0.188
0.495
1.494
0.619
-0.289
-0.167
2.655
-0.099
1.376
1.095
-0.009
0.407
2.278
0.261
0.150
-0.241
0.702
-1.705
0.088
-0.102
2.634
-0.344
0.971
0.696
1.764
2.263
1.354
0.113
0.863
1.024
0.953
-0.082
0.596
1.347
-1.388
0.892
-0.163
0.225
0.051
0.079
1.107
0.062
0.356
-0.225
2.005
0.824
-0.197
-0.277
-0.339
0.651
-2.205
-1.380
-0.021
-0.660
0.008
-0.027
-0.182
0.051
-1.156
0.765
-0.660
0.173
0.051
0.051
0.257
0.070
-1.182
0.556
-1.097
2.923
0.731
0.473
1.094
0.959
0.308
0.134
0.571
0.165
0.199
0.392
0.142
0.044
0.237
0.129
0.407
1.302
0.576
0.349
-0.058
-0.513
0.171
2.407
1.895
0.838
1.938
1.966
0.226
0.271
0.619
0.512
0.806
-0.154
0.051
0.053
0.013
0.037
0.337
0.328
-0.114
0.658
-0.135
1.970
0.775
-0.250
0.672
0.879
0.693
0.656
2.650
0.844
0.155
0.103
0.141
-0.040
-0.230
-0.172
0.136
0.151
-0.288
0.051
0.051
0.415
-0.058
0.467
0.341
0.009
0.252
-0.258
0.447
0.355
0.790
-0.658
0.162
-0.023
0.051
0.686
0.008
0.051
-0.299
-0.907
-0.128
-1.679
0.036
-0.478
-0.445
0.825
0.607
0.273
0.722
-0.124
-0.085
0.143
0.016
0.422
0.351
-0.223
0.778
0.165
0.051
0.121
-0.202
0.116
-0.013
0.063
-0.335
0.040
-0.003
0.131
-0.089
0.423
0.500
0.245
0.587
-0.318
-0.413
0.496
-0.265
0.289
1.918
0.293
-0.007
0.062
0.051
0.388
0.492
-0.293
0.176
-0.413
0.267
0.007
-0.092
0.313
-0.251
-0.265
-0.235
0.057
-0.264
0.176
-0.209
0.509
0.129
-3.943
-2.312
-2.350
-1.239
-0.879
-0.533
-0.078
-0.173
-0.687
-0.807
0.235
0.051
0.137
0.873
0.501
0.125
-1.580
-0.388
0.058
0.074
0.675
1.182
-0.119
-0.304
-0.170
0.152
-0.156
0.082
-0.015
-0.339
2.463
3.075
3.051
0.139
2.364
