0.275
0.699
0.057
-0.012
0.759
2.803
0.397
0.633
1.589
0.602
-0.097
3.045
0.600
-0.954
0.473
2.045
0.696
0.572
0.582
0.063
0.040
0.092
-0.828
0.848
0.012
0.057
-0.058
0.110
0.137
0.137
0.316
1.420
-0.369
0.181
-0.025
0.318
0.546
0.382
0.569
0.361
0.498
0.458
0.926
0.328
0.285
0.299
-0.280
0.057
2.107
0.654
2.175
0.335
1.258
1.188
1.185
1.114
2.584
-0.519
0.213
-0.940
2.705
0.782
2.333
-0.037
0.022
-0.062
0.059
1.403
-0.056
-0.767
-0.306
-0.185
-0.100
-0.010
-0.259
-0.155
-0.983
-0.372
-0.297
-0.559
2.573
-0.000
0.052
1.734
0.545
2.855
2.020
0.193
0.027
-0.070
0.080
0.164
-0.291
0.304
2.948
0.067
0.064
0.435
3.011
2.072
0.006
-0.030
3.361
0.218
1.505
1.069
-0.448
-0.306
2.680
0.044
0.194
-0.014
-0.097
-1.490
0.402
0.046
2.588
-0.703
0.570
1.071
1.457
2.992
1.831
0.631
0.354
0.412
1.913
0.215
0.625
0.473
0.115
0.268
-0.425
1.393
0.046
0.169
1.975
0.733
0.868
-0.059
2.388
0.930
0.133
0.368
-0.256
0.084
-2.349
-0.946
-0.203
-1.143
0.391
0.020
-0.476
1.808
-2.244
2.771
-0.497
0.690
0.525
1.967
0.668
0.760
-1.339
1.034
-0.885
3.652
1.198
0.929
2.235
1.553
0.326
0.086
0.814
-0.256
0.467
0.596
-0.106
0.114
-0.029
-0.384
0.005
1.620
0.617
0.001
-0.065
-0.460
0.001
3.244
2.321
0.612
2.053
3.515
0.283
1.092
0.397
0.604
0.572
0.026
0.057
0.057
-0.015
0.053
0.379
0.231
0.090
0.496
0.175
2.229
0.501
-0.886
0.747
2.401
0.368
0.463
3.653
1.043
0.326
0.366
0.167
-0.443
-0.166
-0.085
0.338
0.391
-0.211
-0.444
-0.400
0.650
0.292
0.849
1.082
0.191
0.057
0.073
0.597
0.498
0.804
-0.534
0.091
0.381
0.057
1.686
0.709
0.505
0.857
-0.929
-0.110
-0.994
0.088
0.111
-0.748
1.003
0.420
0.608
1.074
-0.457
-0.748
0.356
0.296
0.800
0.574
-0.586
0.683
-0.658
0.131
-1.365
-0.211
0.177
-0.001
0.205
0.194
0.441
0.170
0.022
-0.008
0.383
0.585
0.554
0.653
-0.016
0.048
0.057
0.274
0.426
2.826
0.043
-0.151
-0.066
-0.254
0.900
-0.047
-0.538
0.191
-2.530
0.307
0.128
0.285
0.186
0.279
-0.077
0.120
0.057
0.168
0.309
0.400
0.110
-0.119
-2.732
-2.487
-2.187
-2.419
-0.031
-0.164
0.366
-0.164
-1.180
-0.296
0.431
0.067
0.257
-0.155
0.002
0.172
-1.682
-0.675
0.378
-0.150
0.320
1.496
0.296
-0.189
0.611
0.313
-0.494
-0.111
0.030
0.151
2.383
3.328
5.340
0.476
1.876
