0.034
-0.263
0.531
0.241
0.318
2.709
-0.011
0.622
2.113
1.499
0.164
2.403
0.867
-0.924
-0.702
2.169
0.574
0.219
0.129
0.528
-0.072
-1.694
0.234
0.435
0.116
0.337
-0.227
0.211
0.308
-0.162
1.836
1.065
-1.743
0.933
0.496
1.439
0.221
0.767
0.169
0.659
0.113
0.656
0.125
-0.082
-0.074
-0.043
-0.081
0.243
2.215
0.184
0.936
0.752
3.168
2.434
-0.561
0.223
2.183
-0.081
0.213
-0.081
2.257
0.775
1.014
0.012
0.085
-0.421
0.356
1.406
0.269
-0.235
-0.161
0.012
-0.013
0.579
0.080
-0.074
-0.138
-0.016
-0.081
-0.081
3.128
-0.012
-0.139
1.490
0.004
2.446
1.290
0.086
-0.192
0.010
-0.149
0.036
-0.056
0.403
3.105
-0.081
0.002
0.294
2.621
-0.031
0.844
-0.203
4.201
-0.212
2.276
1.538
0.178
0.237
2.604
-0.289
-0.006
-0.068
0.542
-1.576
1.438
-0.001
2.727
-0.670
0.725
0.238
1.303
2.083
1.093
0.817
0.040
0.456
1.266
-1.350
0.332
0.266
0.059
0.050
-0.405
1.274
0.405
0.241
1.472
-0.023
0.533
-0.122
2.139
-0.113
0.775
-0.573
0.119
0.282
-2.036
-1.849
-0.195
0.168
0.243
-0.023
-0.032
1.725
1.379
1.766
-1.118
0.880
-0.024
1.578
1.178
0.444
-0.327
0.787
0.048
1.609
0.475
0.140
0.886
0.575
0.331
0.461
0.460
0.322
0.408
0.287
0.221
-0.025
0.001
0.297
0.021
1.021
0.392
-0.191
-0.081
-0.772
-0.284
4.079
2.404
2.156
2.839
1.143
0.809
0.047
0.599
0.275
0.292
-0.135
-0.025
0.036
0.287
0.267
-0.195
0.055
0.085
0.154
0.143
1.904
0.112
0.175
1.196
1.529
0.429
-0.139
2.872
0.562
0.501
0.262
0.292
-0.081
0.032
-0.002
0.059
-0.373
0.060
-0.032
-0.042
0.307
1.357
0.554
0.809
-0.944
-0.437
0.038
0.392
0.560
1.189
-1.138
-0.055
0.456
1.616
1.221
1.279
0.752
1.283
-0.024
-0.034
0.377
0.126
0.102
-0.540
2.019
0.217
0.663
1.308
-0.009
0.031
0.747
-0.090
0.206
0.080
-0.004
0.550
0.040
0.243
-0.065
0.055
1.717
0.707
0.925
-0.048
-0.076
0.146
-0.030
0.541
0.873
1.232
0.493
0.924
-0.083
0.140
1.304
-0.008
0.117
1.691
-0.034
-0.066
-0.213
1.548
0.617
-2.463
0.058
0.339
0.147
0.405
0.214
-0.003
0.580
0.170
-0.061
-0.038
0.029
0.279
-0.081
-0.005
0.384
-0.055
-2.238
-1.816
-2.646
-1.196
-1.155
-3.413
-0.180
-0.507
-0.669
-0.561
0.474
0.693
0.334
-0.309
-0.154
-0.044
0.593
-0.078
1.169
0.080
0.140
1.022
-0.012
0.284
0.229
0.332
-1.009
0.858
-0.024
-0.049
3.727
2.522
1.376
0.046
3.507
