0.479
0.536
0.171
-0.055
-0.062
-2.902
-0.204
-0.768
-1.930
-0.457
0.069
-3.056
-0.839
-0.349
0.002
-2.029
-0.462
-0.484
-0.027
-0.048
-0.095
0.109
-0.635
-0.464
0.127
0.188
0.205
0.026
0.123
0.158
-0.558
-0.998
0.312
-0.656
-0.292
-0.909
-0.647
-0.738
-0.381
-0.837
-0.447
-0.693
-0.194
-0.440
-0.399
-0.385
-0.035
0.206
-0.628
-0.965
-0.998
0.277
-1.795
-1.123
-0.542
-0.341
-2.793
0.175
-0.065
-0.001
-1.975
-0.396
-2.325
-0.300
-0.044
-0.171
-0.149
-1.212
-0.134
0.485
0.239
0.115
0.032
-0.197
-0.060
-0.105
0.176
0.009
0.011
0.182
-3.208
-0.311
0.224
-1.327
-0.254
-2.824
-1.208
-0.086
-0.055
0.264
-0.055
-0.095
0.039
-0.467
-2.311
0.029
-0.120
-0.322
-2.752
-1.474
-0.421
-0.015
-2.775
-0.001
-1.417
-0.618
-0.313
-0.923
-2.626
-0.075
0.178
-0.132
0.219
0.877
-0.104
0.240
-3.313
0.118
-0.852
-0.676
-1.564
-2.296
-1.377
-0.424
0.100
-1.032
-1.247
-0.030
-0.193
-1.017
0.830
-0.238
0.351
-1.117
-0.109
0.025
-1.437
0.130
-0.165
2.051
-3.490
-0.232
-0.274
-0.203
-0.002
-0.491
2.510
1.862
-0.089
1.036
-0.681
0.186
0.084
-0.801
-0.496
-1.910
0.534
-0.201
-0.402
-0.640
-0.565
-0.581
1.616
-0.639
0.851
-3.091
-0.561
-0.818
-0.748
-1.372
-0.219
-0.283
-0.189
0.102
-0.337
-0.154
-0.202
-0.155
-0.025
0.064
-0.017
-1.677
-0.410
0.060
-0.052
0.370
-0.088
-2.078
-2.091
-1.243
-2.747
-3.135
-0.668
-0.461
-0.914
-0.827
-0.732
-0.010
-0.186
-0.087
-0.066
-0.066
-0.410
-0.555
-0.405
-0.522
-0.069
-1.874
-0.687
0.086
-0.593
-1.626
-0.959
-0.005
-3.376
-1.729
-0.400
-0.066
-0.024
0.439
0.154
0.002
-0.249
-0.044
0.060
0.159
0.190
-0.525
-0.017
-0.808
-0.973
-0.208
-0.420
-0.056
-0.554
-0.279
-0.665
0.404
0.014
-0.275
-1.497
-1.449
-0.429
-0.561
-0.625
-0.140
0.003
0.313
-0.013
-0.823
0.208
-1.139
-0.108
-0.383
-0.985
-0.014
-0.270
-0.289
-0.099
-0.350
-0.305
0.095
-0.380
0.093
-0.164
0.505
0.611
-0.373
-0.217
0.501
0.073
-0.005
-0.132
0.002
0.117
-0.214
-0.274
-0.455
-0.419
0.280
0.113
-0.296
0.160
-0.298
-2.466
-0.080
-0.039
-0.055
-0.544
-0.629
-0.614
0.115
-0.160
-0.021
0.063
0.089
0.017
-0.365
-0.186
0.110
0.222
-0.278
0.107
-0.079
-0.006
-0.072
0.006
1.676
1.380
1.408
0.818
0.339
1.207
-0.371
0.648
0.580
0.127
-0.416
-0.658
-0.057
-0.358
-0.545
-0.000
0.040
-0.141
-0.183
-0.254
-0.455
-1.735
-0.269
-0.396
-0.826
-0.052
0.458
-0.107
-0.230
-0.264
-2.486
-2.448
-3.651
-0.950
-2.462
