0.452
0.287
-0.088
-0.111
0.283
2.785
0.408
-0.079
1.811
0.598
-0.156
4.048
0.697
-0.413
0.513
2.982
1.010
0.331
0.234
0.085
-0.089
-1.008
-0.840
0.660
-0.302
-0.170
-0.150
-0.108
-0.109
-1.639
-0.047
1.004
-0.007
-0.012
-1.173
-0.111
0.402
0.626
0.532
0.594
0.668
1.219
1.243
0.797
0.124
0.300
-0.061
-0.021
1.569
-0.005
1.773
0.064
2.319
2.031
-0.004
0.166
3.404
-0.197
0.199
-0.899
2.441
0.065
0.485
-0.164
-0.215
0.017
0.001
0.899
0.226
-0.444
-0.313
-0.248
-0.032
0.734
-1.594
-0.019
-0.214
-0.437
-0.153
-0.266
2.928
-0.111
-0.440
2.203
0.399
4.012
2.284
0.325
0.540
2.125
0.399
0.046
0.605
0.387
4.321
-0.428
-0.118
0.309
2.776
1.400
0.189
-0.187
4.272
-0.021
1.856
0.919
-0.126
-0.111
2.690
-0.264
0.139
-0.133
-0.287
-1.631
-0.111
-0.218
3.869
-0.489
0.831
1.211
2.750
2.924
1.679
0.435
-0.147
1.539
1.912
0.460
0.858
0.326
-2.296
1.133
-0.154
2.422
-0.076
-0.068
1.791
0.152
0.065
0.094
1.841
1.034
-0.354
0.254
-0.424
0.580
-2.400
-1.474
-0.151
-0.085
-0.080
-0.152
0.159
0.233
-0.111
3.542
-0.150
-0.186
-0.023
0.214
-0.043
-0.091
-0.864
-0.010
-0.530
3.596
-0.088
0.553
1.730
0.072
0.355
0.173
0.332
-0.140
0.555
0.604
0.067
-0.088
-0.108
-0.318
0.049
1.939
0.988
-0.183
-0.197
-0.908
0.174
3.343
1.842
1.195
3.037
4.539
0.871
0.515
0.251
-0.020
0.781
-0.111
-0.111
-0.088
-0.111
-0.111
-0.016
-0.041
-0.075
-0.048
0.193
2.646
1.278
-0.098
0.771
1.320
-0.007
0.525
3.465
1.849
0.002
0.154
0.286
-0.250
-0.104
-0.182
0.167
0.209
-0.297
-0.244
-0.187
0.024
0.004
0.010
0.943
0.042
0.158
0.144
0.138
-0.075
0.018
-0.111
0.096
0.308
-0.041
1.773
0.346
0.080
0.974
-0.004
-0.111
0.473
-0.774
-0.220
-0.888
0.956
0.117
0.357
0.812
-0.118
-0.266
0.258
1.664
0.436
-0.010
-0.202
0.673
-0.553
0.018
-0.479
-0.111
0.117
-0.111
-0.322
0.345
0.244
-0.115
-0.060
-0.022
0.573
0.703
0.441
0.348
-0.446
-0.111
-0.070
-0.111
0.318
3.369
0.055
0.030
-0.112
-0.111
0.026
-0.076
-1.007
0.228
-0.161
0.341
0.241
-0.007
0.841
0.261
-0.216
-0.259
-0.111
0.347
-0.088
-0.271
-0.093
0.036
-3.911
-2.026
-2.327
-1.943
0.079
-0.522
-0.007
-0.262
-0.486
-0.330
0.207
0.245
0.113
0.321
0.742
0.439
-0.962
-0.581
-0.011
-0.111
0.879
1.201
0.520
-0.003
0.091
0.055
-0.374
0.017
0.051
0.028
1.672
4.530
1.987
0.309
2.231
