-0.804
0.331
0.124
-0.156
-1.341
-3.075
-0.124
-1.485
-1.323
-0.086
-0.012
-3.103
-0.669
-0.067
0.552
-2.040
-0.669
-0.617
-0.124
-0.124
0.023
-0.116
0.041
-0.189
0.195
-1.550
0.709
-1.445
0.428
0.688
0.098
-0.600
0.134
-0.012
0.229
-0.414
-0.236
-0.701
-0.265
-0.765
-0.124
-0.118
-0.223
-0.105
-0.199
-0.300
-0.124
-0.109
-1.802
-0.230
-0.580
-0.044
-0.124
-0.124
-0.103
-0.026
-2.633
1.063
-0.370
0.818
-3.729
-1.623
-2.111
0.033
0.016
-0.130
-0.010
-1.063
-0.124
0.299
0.104
-0.124
0.023
0.285
-0.124
-0.124
0.040
0.092
-0.124
-0.100
-3.407
-0.124
0.439
-3.206
-1.255
-2.455
-2.160
-0.174
-0.189
-0.124
-0.124
-0.136
-0.006
-0.045
-2.550
-0.124
-0.095
-0.175
-2.507
-1.471
-0.403
-0.116
-2.066
-0.024
-1.172
-0.195
-0.012
-0.406
-2.284
0.014
-0.171
-0.297
0.158
2.033
-0.021
0.738
-4.560
-0.046
-0.441
-1.020
-2.051
-4.222
-0.994
-0.189
-0.341
-0.574
-1.189
0.234
-0.868
-0.663
0.396
0.110
0.323
0.050
-0.059
-0.078
-1.873
0.381
-0.647
2.436
-1.960
-0.263
0.493
0.305
0.880
-0.328
2.355
1.113
-0.171
0.009
-0.114
0.123
-0.083
-1.150
-1.148
-2.774
0.218
-0.308
-0.508
-1.128
-0.339
-0.095
1.267
-0.258
1.272
-4.336
0.171
0.683
0.006
-0.799
-0.218
-0.124
-0.124
-0.116
-0.124
-0.116
-0.124
-0.121
-0.123
-0.112
-0.040
-1.748
-0.437
-0.296
-0.113
0.251
-0.037
-2.151
-1.408
-0.851
-2.149
-2.897
-0.154
-0.189
-0.234
-0.359
-0.535
-0.125
-0.117
-0.128
-0.052
-0.124
-0.503
-0.188
-0.261
-0.183
0.022
-1.932
-0.686
0.023
-0.759
-1.726
-0.444
-0.575
-3.816
-1.022
-0.107
-0.124
-0.223
0.106
-0.017
-0.108
-0.192
-0.161
0.003
-0.133
0.123
-0.873
0.118
-0.397
-0.496
-0.267
-0.215
-0.115
-0.124
-0.115
-0.319
0.148
0.112
-0.197
-1.628
-1.973
-0.915
-0.442
-1.104
0.347
-0.085
0.127
-0.096
-0.191
0.713
-1.114
-0.168
-0.173
-0.480
-0.139
-0.127
-0.380
-0.144
-0.156
-0.170
-0.122
-0.127
-0.106
-0.129
0.053
0.603
-0.159
-0.251
-0.202
-0.290
-0.141
-0.078
0.217
-0.270
-0.124
-0.291
-0.334
-0.771
-0.124
-0.068
-0.244
-0.189
-0.184
-2.222
-0.068
-0.151
-0.332
-0.659
-0.333
0.695
-0.647
-0.028
-0.065
-0.049
-0.041
0.267
-0.300
0.016
0.401
0.108
-0.202
0.043
-0.056
0.162
-0.142
-0.004
3.410
1.592
2.191
1.410
0.534
1.013
-0.304
0.227
1.422
-0.384
-0.111
-0.124
-0.110
-0.138
-0.124
-0.124
1.120
0.424
-0.101
-0.626
-0.508
-1.374
-0.124
-0.124
-0.211
-0.122
0.415
-0.068
0.086
-0.017
-1.491
-3.218
-5.208
-0.966
-1.690
