-2.332
-2.921
-0.030
-0.084
0.173
2.373
0.047
-0.076
1.507
0.608
0.013
1.720
0.260
-0.138
0.333
1.896
0.624
0.643
0.030
-0.219
-0.563
-0.774
-1.093
0.935
-0.044
0.310
-1.122
1.270
-0.525
-0.419
-0.081
0.956
-1.135
0.184
-0.692
0.047
0.154
0.431
0.285
0.428
-0.075
0.420
0.223
0.265
0.064
0.039
-0.503
-0.171
0.237
0.348
0.240
-0.861
1.240
1.493
0.753
0.714
1.575
-0.443
0.200
-0.611
1.907
0.390
1.551
-0.204
-0.083
-0.243
0.019
1.097
0.314
-0.440
-0.325
-0.246
-0.300
0.164
-0.226
-0.028
-0.147
-0.375
-0.048
-0.209
1.338
0.177
-0.241
1.373
0.304
2.463
0.765
-0.192
0.102
0.065
0.015
-0.212
-0.495
0.456
2.874
-0.809
0.047
0.335
2.411
0.821
-0.328
-0.319
3.463
0.267
0.739
0.332
-0.054
0.062
2.927
-0.605
0.030
-0.278
-0.623
-1.457
0.167
-0.251
2.568
-0.614
-0.009
0.669
0.966
2.866
1.750
0.533
-0.081
0.817
1.393
0.138
-0.057
0.522
-1.186
0.448
-0.023
0.730
-0.245
-0.053
0.872
-0.122
-0.361
-2.002
1.843
0.642
-0.044
0.141
-0.268
0.372
-2.314
-1.451
-0.356
-0.294
0.118
-0.102
-0.418
0.885
0.057
1.233
-0.644
-0.068
0.291
0.875
0.607
0.698
-0.921
0.739
-0.600
1.829
0.176
0.301
1.212
0.248
0.219
0.169
0.179
-0.660
0.166
0.147
0.218
0.029
-0.330
-0.505
0.112
1.493
0.343
-0.074
-0.147
-0.603
-0.219
2.427
1.876
0.540
1.741
2.364
0.550
0.337
0.796
0.211
0.504
-0.214
0.047
0.047
-0.100
-0.065
0.263
0.104
-0.009
0.140
-0.215
1.880
0.559
-0.198
0.308
0.703
0.259
0.060
1.836
0.955
0.250
0.283
0.139
-0.204
-0.026
-0.158
0.205
0.199
0.029
-0.230
-0.061
0.452
-0.249
0.401
0.637
-0.365
0.011
-0.115
0.201
-0.024
0.413
-0.492
-0.128
0.424
0.047
0.363
0.668
0.319
0.848
0.003
-0.289
-0.525
0.024
-0.598
-0.342
0.930
0.380
0.132
0.104
-0.620
-0.435
-0.547
0.197
0.140
-0.158
-0.529
0.229
0.375
-0.342
-0.427
-0.208
0.342
-0.295
0.434
-0.011
0.272
-0.089
0.047
0.466
0.444
0.584
0.886
0.468
-0.317
0.027
0.214
0.034
0.425
2.089
-0.045
0.029
0.041
0.017
0.426
-0.531
-1.310
0.184
-0.236
-0.102
-0.033
-0.070
0.052
0.066
-0.203
-0.076
0.116
0.072
0.260
-0.163
-0.006
-0.329
-2.425
-1.605
-2.038
-1.284
-0.009
-0.516
-0.126
-0.802
-0.649
-0.025
0.457
0.276
0.232
-0.059
0.066
-0.167
-1.653
-0.828
0.135
0.130
0.341
1.713
-0.364
0.010
0.344
0.049
-0.382
-0.180
0.092
-0.370
1.433
2.314
1.855
0.915
1.987
