-1.012
-1.106
0.126
-0.033
-0.022
-3.161
0.030
-0.222
-1.331
-0.491
-0.145
-2.250
-0.534
0.240
-0.378
-1.552
-0.471
-0.906
-0.210
0.040
0.141
0.379
0.126
-0.744
0.147
0.058
0.413
-0.373
-0.418
0.282
0.165
-0.648
-0.063
-0.197
0.461
0.126
-0.999
-0.440
-0.196
-0.632
-0.934
-0.973
-1.150
-0.613
-0.205
-0.223
0.251
0.039
-1.496
-0.536
-1.760
-0.050
-1.724
-1.647
-0.026
-0.676
-1.975
0.030
-0.610
0.268
-2.647
-0.670
-1.490
0.344
0.139
0.280
0.285
-0.714
0.036
0.780
0.319
0.570
0.167
-0.085
0.402
-0.030
0.184
0.179
0.202
0.606
-2.717
0.046
0.180
-1.635
-0.550
-3.864
-2.068
-0.210
0.102
-0.436
-0.097
-0.370
0.426
-0.289
-1.991
0.330
0.305
-0.226
-2.949
-1.107
-0.429
0.076
-3.053
0.131
-1.821
0.090
0.104
0.340
-2.390
0.208
-0.157
0.010
0.122
1.913
-0.012
0.270
-3.725
0.126
0.005
-0.771
-1.994
-2.775
-1.668
-0.439
-0.411
-1.168
-1.256
0.019
0.689
-1.123
2.730
-0.486
0.267
-0.408
-0.456
-0.146
-1.335
-0.116
0.106
2.874
-2.123
-0.558
0.106
0.122
0.619
-0.478
2.249
0.905
0.144
0.083
-0.040
-0.037
0.456
-0.960
0.128
-2.572
0.838
0.186
0.012
-0.595
-0.085
-0.078
0.973
-0.206
0.706
-2.268
-0.625
-0.206
-0.654
-0.858
-0.572
-0.078
-0.669
0.125
-0.202
-0.334
-0.206
-0.092
0.126
0.241
0.159
-2.107
-0.668
-0.175
-0.171
0.667
-0.042
-2.818
-2.154
-0.989
-1.779
-4.043
-0.288
-0.103
-0.485
-0.711
-0.661
0.278
0.113
0.111
0.126
0.126
-0.452
-0.562
-0.360
-0.679
0.082
-2.677
-0.907
1.101
-0.507
-1.653
-0.347
-0.350
-2.826
-0.659
-0.174
-0.425
-0.036
0.126
0.067
0.052
-0.291
0.066
0.126
0.177
0.126
-0.639
-0.329
-0.760
-0.706
0.068
0.256
0.099
-0.596
-0.431
-0.532
0.483
0.157
-0.052
0.109
-0.094
-0.254
-0.237
-0.879
0.345
0.282
0.736
0.126
0.798
0.602
-1.013
-0.270
-0.545
-0.880
0.392
0.258
-1.074
-1.640
-0.504
-0.238
0.292
-1.161
0.889
0.000
0.678
0.273
-0.061
0.214
0.222
0.225
0.084
0.053
0.144
0.006
-0.699
-0.619
-0.439
-0.714
0.283
0.113
-0.535
0.126
-0.230
-2.264
0.092
0.247
0.096
0.126
-0.235
0.781
0.332
-0.232
0.260
0.126
0.292
0.269
-0.669
0.329
0.315
0.359
-0.199
0.087
-0.188
0.145
-0.177
-0.196
2.930
2.046
2.283
1.475
0.086
0.240
-0.615
0.607
0.968
0.018
-0.280
-0.146
-0.281
-0.216
-0.401
-0.226
1.266
0.825
-0.107
-0.418
-0.334
-1.580
-0.090
0.249
-0.128
-0.292
0.737
-0.063
0.189
0.211
-1.960
-2.856
-1.109
-0.355
-2.409
