-0.773
-1.019
0.060
-0.069
-0.405
-1.559
0.148
-0.280
-1.429
-0.559
0.155
-2.670
-0.756
0.003
0.191
-1.966
-0.401
0.358
-0.098
0.243
0.446
0.250
0.955
-0.065
0.239
0.184
1.150
-0.722
0.525
0.500
-0.012
-0.829
0.272
0.528
1.220
0.447
-0.223
-0.271
-0.289
-0.140
-0.414
-0.097
-0.671
-0.011
-0.546
-0.550
0.260
0.127
-0.962
-0.381
-1.977
-0.286
-1.015
-1.024
-0.176
-0.972
-2.002
1.285
-0.426
0.909
-2.089
-0.706
-1.476
0.059
0.104
0.111
0.142
-0.665
0.098
0.402
0.292
0.215
0.246
0.076
0.192
0.099
0.428
0.482
0.120
0.267
-2.128
0.142
0.188
-1.254
-0.126
-2.046
-1.229
-0.731
-0.287
-0.308
-0.723
-0.726
0.431
-0.115
-1.670
0.925
0.048
-0.130
-2.495
-0.742
0.249
0.031
-2.696
0.171
-0.933
-0.366
0.276
0.100
-2.284
0.231
-0.085
0.341
0.131
1.439
0.063
0.018
-2.588
0.051
-0.607
-0.759
-1.488
-2.180
-1.402
-0.090
0.235
-0.739
-1.380
-0.143
-0.472
-0.485
0.932
-0.669
-0.025
-0.765
0.216
0.035
-1.014
-0.102
-0.181
2.014
-1.548
-0.451
0.643
0.146
0.844
-0.041
2.006
1.283
0.037
0.776
-0.077
0.214
0.234
-0.999
1.614
-1.624
0.822
0.504
0.046
-0.851
-0.301
-0.480
0.952
-0.707
0.449
-3.175
0.189
-0.468
-1.019
-0.110
-0.273
-0.115
-0.335
0.183
-0.257
-0.413
-0.118
0.101
0.133
0.465
-0.059
-1.307
-0.475
0.006
-0.101
0.878
0.013
-2.799
0.090
-1.059
-2.171
-3.111
-0.478
-0.550
-0.427
-0.293
-0.902
0.206
0.094
0.097
0.399
0.204
-0.417
-0.212
-0.099
-0.409
-0.057
-2.187
-0.610
0.585
-0.136
-0.818
-0.540
-0.890
-2.093
-0.868
0.009
-0.309
-0.349
0.238
0.189
0.246
-0.045
0.018
0.247
0.221
0.102
-0.270
0.092
-0.954
-0.565
-0.017
0.053
-0.048
-0.442
0.102
-0.860
0.523
-0.048
-0.338
0.221
-0.730
-0.646
-0.646
-0.864
-0.166
0.121
0.096
0.916
0.899
0.362
-0.693
-0.066
0.016
-0.488
0.525
0.662
0.055
-0.151
-0.030
-0.185
0.112
-0.338
0.498
0.437
0.573
-0.056
-0.126
-0.102
-0.301
-0.051
-0.054
0.027
0.102
0.102
-0.525
-0.130
-0.033
-0.344
0.138
0.131
-0.053
0.001
0.040
-1.963
-0.037
-0.060
-0.194
1.306
-0.472
0.233
2.049
0.079
0.242
0.202
0.035
0.188
-0.217
0.023
0.428
0.351
-0.188
-0.045
-0.103
-0.013
0.092
0.093
2.693
2.141
2.076
1.496
-0.012
0.347
0.052
0.816
0.562
0.093
-0.148
-0.030
-0.027
0.154
-0.101
-0.253
1.745
0.325
-0.051
0.011
-0.126
-0.576
0.207
0.094
-0.163
0.100
0.395
0.211
0.362
0.069
-1.658
-1.440
-2.775
-0.791
-1.814
