-0.193
-0.049
0.408
0.868
1.050
2.613
0.414
1.119
2.324
0.652
0.199
2.467
0.655
-0.502
0.441
2.048
0.486
0.785
0.347
0.393
-0.547
-0.224
-0.064
0.414
0.510
-0.184
0.085
0.314
0.211
0.264
-0.073
0.430
-0.404
-0.648
-1.069
-0.250
0.315
0.295
0.870
0.040
0.750
0.448
0.507
0.245
0.464
0.398
-0.399
0.583
1.570
0.496
1.746
0.325
2.256
1.738
0.064
0.970
2.182
-0.000
-0.013
-0.675
1.821
0.631
2.087
-0.135
-0.056
-0.104
-0.097
0.750
0.326
-0.142
-0.028
0.287
1.648
-0.062
-0.232
0.049
-0.216
0.396
-0.082
0.179
2.498
0.424
0.034
1.935
0.603
2.932
2.068
0.720
0.388
0.653
0.598
0.269
-0.013
-0.116
3.659
0.038
-0.022
0.410
2.815
0.801
-0.330
-0.033
2.488
-0.020
1.575
1.304
-0.148
-0.166
2.562
-0.051
0.319
-0.257
-0.022
-1.619
0.174
-0.083
2.968
-0.072
0.360
0.692
1.641
2.887
1.293
0.364
0.539
0.812
1.764
0.202
0.583
0.665
-0.364
0.533
-0.056
0.709
0.392
-0.077
1.159
-0.278
-0.165
-0.753
2.049
0.604
-0.444
-0.046
-0.451
0.304
-1.991
-1.255
-0.158
-0.821
0.049
-0.078
-0.345
1.338
-0.270
0.328
-0.784
-1.272
0.374
1.038
0.522
0.697
-0.914
0.545
-0.656
2.905
1.856
0.868
1.660
1.553
0.461
0.116
0.482
-0.457
0.345
0.458
-0.427
0.297
-0.324
-0.230
0.099
1.484
0.526
-0.012
0.047
-0.403
-0.045
2.914
1.265
0.695
2.717
3.208
0.624
0.611
0.505
0.420
0.619
-0.186
0.103
0.101
0.101
0.173
0.381
0.370
-0.307
0.294
-0.035
2.235
0.528
-0.366
0.631
0.839
0.428
0.400
2.445
0.968
0.263
0.304
0.625
-0.227
-0.183
-0.292
0.168
0.034
-0.071
0.219
-0.103
0.491
-0.072
1.118
0.895
-0.018
-0.010
-0.015
0.038
0.108
0.403
-0.543
-0.045
0.163
0.101
0.198
0.176
0.101
0.809
-0.317
0.455
-0.392
0.101
-0.555
-0.399
1.073
0.301
0.465
0.701
-0.306
-0.317
0.652
-0.158
-0.086
0.017
-0.135
0.772
-0.487
-0.004
-0.989
-0.040
0.499
0.067
0.272
0.053
0.444
0.053
0.081
0.052
0.756
0.536
0.665
0.875
-0.315
-0.176
0.484
-0.179
0.295
1.994
0.414
-0.027
0.287
-0.102
0.335
0.499
-1.818
0.119
0.101
0.243
0.112
0.112
0.866
0.034
0.313
0.101
0.334
0.101
0.008
0.288
0.472
0.050
-2.285
-1.828
-1.902
-1.232
-0.003
-0.245
0.260
-1.143
-0.607
-0.320
0.240
0.381
0.228
0.755
0.525
0.213
-1.508
-0.583
0.170
0.128
0.230
0.987
-0.245
-0.134
-0.032
0.338
-0.362
-0.619
0.162
-0.045
2.437
3.415
3.513
0.883
2.343
