-0.149
-0.018
-0.355
-0.089
-0.932
2.202
-0.067
-0.108
1.936
1.015
-0.053
2.654
1.441
-0.640
-0.260
1.363
0.789
0.045
-0.159
-0.568
2.063
1.362
-0.671
1.065
0.232
1.157
-0.475
1.016
0.350
-0.108
0.011
1.432
-0.317
0.118
0.041
0.610
0.625
1.112
0.180
0.511
0.176
0.066
0.362
-0.114
0.195
0.157
-0.117
0.321
1.153
0.600
0.242
0.547
1.500
2.347
-0.159
-0.383
2.259
-0.448
0.326
-0.011
2.898
1.550
2.339
-0.101
-0.105
0.921
1.337
0.102
0.149
-0.753
-1.048
0.007
0.066
0.018
0.626
-0.088
-1.143
-0.231
-0.289
-0.836
1.933
-0.065
0.805
2.235
0.550
2.307
1.110
0.087
-0.108
0.124
-0.108
0.141
-0.108
-0.031
4.437
-0.663
-0.281
0.762
1.824
0.637
1.005
0.079
2.419
0.882
1.343
0.793
0.018
0.226
1.277
0.343
0.146
0.555
1.213
-1.086
1.355
-0.310
1.747
-0.086
0.029
0.545
0.395
2.484
2.524
1.756
0.997
-0.279
1.432
-0.037
0.530
0.573
-0.192
-0.232
0.105
0.298
-0.132
-0.108
2.120
0.930
1.062
-0.094
2.588
1.034
1.325
1.444
0.453
1.237
-1.691
-1.020
0.770
1.218
0.537
-1.630
0.139
1.351
1.439
1.426
-0.863
1.969
0.956
1.141
1.216
-0.108
-1.411
1.039
-0.651
2.635
1.021
1.108
1.986
0.467
1.242
1.268
0.349
0.438
1.026
1.092
0.134
-0.044
-0.015
-0.425
-0.159
1.957
0.217
0.422
0.349
-1.055
0.391
2.759
2.557
0.855
1.592
1.918
-0.515
-0.097
0.017
0.516
0.073
-0.160
-0.710
-0.075
-0.314
-0.146
-0.142
0.088
-0.287
0.622
0.375
1.847
1.208
-0.255
0.855
2.172
1.160
0.192
0.969
0.347
0.357
-0.227
0.306
-0.818
-0.046
0.466
0.096
-0.209
-1.506
-0.168
-1.200
1.002
1.198
0.222
0.453
1.059
-0.586
-0.344
0.305
0.473
0.694
-0.187
-0.149
0.725
1.280
0.985
-0.317
0.441
0.606
-0.214
-0.108
-0.155
0.230
0.519
-0.088
1.728
1.047
0.745
0.721
-0.026
-0.328
2.117
0.079
0.475
0.269
-0.085
0.570
-0.534
0.224
-0.159
-0.164
-0.050
0.045
0.852
-0.335
-1.253
-0.428
-0.639
-0.090
1.275
0.244
0.101
0.373
-0.342
-0.108
0.140
-0.361
0.969
2.707
-0.108
0.105
1.652
0.838
0.653
-0.865
0.899
0.067
0.118
0.157
-0.222
-0.856
0.594
-0.036
-0.807
-0.275
-0.220
0.257
0.147
-0.217
-0.149
0.515
-3.130
-1.824
-1.781
-1.717
-1.522
-1.950
0.148
-1.072
0.208
-0.349
-0.089
-0.145
-0.108
0.391
0.608
0.353
-0.369
0.224
1.350
-0.096
0.006
0.480
-0.007
0.863
0.707
-0.028
-0.112
0.455
-0.064
-0.100
3.905
2.951
0.843
0.683
1.469
