1.349
1.447
0.481
1.106
0.247
3.235
0.033
0.819
2.388
0.544
0.037
3.750
0.660
-0.093
0.555
1.947
0.049
0.708
0.271
-0.234
0.048
-0.499
-1.944
1.397
-0.811
0.103
-0.477
0.432
-0.123
-0.171
-0.360
1.076
-0.827
0.004
-0.631
0.062
0.724
0.230
0.225
0.807
0.083
0.973
0.372
0.286
0.426
0.507
-1.254
-0.026
0.497
0.810
0.698
-0.482
2.712
2.221
-0.141
0.387
3.292
-0.899
-0.151
-0.979
4.095
1.746
2.659
-0.348
-0.206
-0.076
0.384
1.124
-0.216
-0.586
-0.508
-0.410
-0.271
-0.547
-0.505
-0.316
-0.660
-0.527
-0.385
-0.323
4.254
0.641
-0.151
2.336
0.137
3.090
1.641
0.121
-0.121
-1.185
0.109
-0.169
-0.413
-0.107
2.891
-0.711
-0.221
0.060
2.104
1.731
0.258
0.053
4.185
0.655
2.322
0.169
0.060
0.370
3.888
-0.206
0.195
-0.181
-0.329
-1.845
0.182
-0.209
3.586
-0.957
0.475
1.434
1.856
3.683
2.474
0.875
0.048
1.313
1.634
-0.018
-0.013
0.634
-1.423
0.690
0.056
0.778
-0.141
-0.141
2.285
0.605
0.031
-2.278
2.781
0.414
-0.874
-0.129
-0.853
-0.341
-2.736
-1.573
-0.557
-0.677
0.065
0.029
-0.006
1.588
1.085
3.340
-1.034
-0.120
0.666
1.268
-0.067
0.244
-1.489
-0.267
-1.138
4.061
0.444
0.540
1.691
1.511
0.395
0.315
0.343
-0.126
-0.141
0.219
-0.077
-0.001
-0.087
-0.130
0.054
2.513
1.168
0.106
-0.097
-0.861
0.255
3.629
2.234
1.620
2.883
4.034
-0.138
-0.016
0.696
0.394
0.235
-0.252
-0.028
-0.274
-0.171
-0.125
0.077
0.217
0.104
0.221
-0.176
1.810
0.606
-1.271
0.738
2.055
0.829
-0.137
4.145
1.459
-0.041
-0.110
-0.141
-0.143
-0.159
-0.175
0.376
0.102
-0.278
-0.280
-0.219
0.593
0.033
1.136
0.497
-0.002
0.139
-0.091
0.243
-0.391
0.721
-1.166
0.001
0.021
0.809
1.456
0.627
0.048
1.672
-0.206
-0.410
-0.121
-0.207
-0.094
-0.946
1.559
0.646
2.303
1.525
-0.667
-1.360
0.451
1.466
1.607
1.625
0.195
2.522
-0.343
1.596
-0.107
-0.460
-0.289
-0.473
-0.887
-0.097
0.381
-0.359
-0.203
-0.035
0.719
0.168
-0.028
-0.034
-0.264
-0.136
0.031
-0.141
-0.107
2.808
-0.165
-0.085
-0.141
0.865
0.019
-0.162
-0.735
0.240
0.129
-0.232
-0.195
-0.396
-0.111
-0.179
-0.307
-0.236
0.307
-0.198
-0.029
-0.061
-0.008
-0.117
-4.351
-3.158
-3.642
-2.433
-1.111
-1.530
0.193
-0.761
-0.955
0.035
0.278
0.024
-0.112
0.016
-0.127
-0.101
-2.339
-0.510
0.298
0.081
0.773
2.198
-0.125
-0.624
0.140
0.153
-0.222
-0.374
-0.155
-0.031
2.996
3.384
3.307
1.032
1.764
