0.133
-0.150
0.167
-0.345
-0.562
-2.218
-0.566
-0.711
-1.989
-0.914
-0.222
-2.843
-1.125
0.022
-0.152
-1.414
-0.595
-0.857
-0.444
-0.765
0.147
0.694
0.222
-0.350
0.280
-0.443
1.049
-0.587
0.159
0.376
0.086
-0.890
0.557
0.161
1.045
0.694
-0.056
-0.432
-0.588
-0.241
0.098
-0.266
-0.487
0.156
-0.047
-0.242
0.744
0.407
-1.087
-0.179
-1.408
0.047
-1.587
-1.505
-1.627
-0.909
-2.385
0.134
0.011
1.822
-2.353
-0.840
-1.220
-0.072
0.295
0.112
-0.138
-0.750
0.106
0.631
0.468
0.613
0.262
0.203
0.510
0.093
0.909
0.599
0.341
0.454
-2.015
-0.129
0.128
-1.893
-0.907
-2.491
-2.075
-0.406
-0.505
0.041
-0.242
-0.529
-0.086
-0.221
-1.985
-0.028
0.238
-0.639
-2.842
-0.918
0.511
0.377
-2.479
-0.077
-1.283
0.156
0.232
-0.534
-1.868
0.473
-0.096
-0.026
0.156
1.915
0.136
0.640
-2.721
0.071
-0.693
-0.763
-1.804
-2.520
-1.377
-0.562
-0.027
-0.839
-1.533
-0.174
-0.634
0.054
0.935
-0.350
0.207
-0.497
0.020
0.020
-1.226
0.390
-0.435
2.066
-1.817
-0.763
0.817
-0.070
0.478
-0.204
1.576
1.814
0.057
0.077
0.259
-0.082
0.015
-1.327
1.164
-2.572
0.913
-0.260
0.156
0.156
-0.106
-0.329
1.105
-0.251
0.747
-2.657
0.126
-0.770
-1.257
0.113
-0.284
-0.099
-0.628
0.112
-0.172
-0.079
0.136
-0.189
-0.127
0.214
0.051
-1.768
-0.678
0.098
0.087
0.618
0.039
-2.238
-1.604
-0.864
-2.649
-3.629
-0.641
-0.656
-0.412
0.156
-0.930
0.364
0.228
0.088
0.266
0.252
-0.053
0.156
0.402
0.156
-0.010
-2.170
-1.295
0.784
-0.975
-1.076
-0.811
-0.852
-2.303
-0.946
0.156
-0.027
-0.152
0.408
0.417
0.308
-0.015
0.157
0.332
0.890
0.156
-0.391
0.211
-0.888
-0.804
0.037
0.090
0.561
-0.306
0.076
-0.530
0.649
0.014
0.035
0.101
-0.746
-0.266
-0.719
-0.906
0.120
0.313
0.618
0.156
1.053
0.541
-0.851
-0.699
-0.219
-0.592
0.265
0.147
-0.108
-0.199
-0.603
-0.308
0.181
-0.694
0.323
0.337
0.643
0.634
-0.364
0.108
-0.490
0.526
-0.096
0.071
0.171
0.254
-0.194
-0.643
-0.588
-0.560
0.330
0.138
-0.657
0.146
-0.221
-2.139
0.020
0.088
0.380
0.166
-0.101
0.156
-0.688
-0.001
0.440
-0.059
-0.011
0.007
0.333
0.016
-0.058
0.339
-0.082
0.229
-0.001
0.071
0.143
0.248
3.976
2.316
2.759
2.015
0.297
0.742
-0.027
0.981
0.919
0.992
-0.245
-0.207
0.067
0.147
-0.521
-0.063
1.231
0.098
-0.298
0.010
-0.326
-0.989
-0.225
0.187
-0.104
-0.092
0.815
0.344
-0.128
-0.036
-1.499
-1.805
-3.001
-0.656
-2.003
