0.329
0.464
0.007
-0.908
0.495
-2.002
-0.000
-0.811
-2.790
-0.791
0.052
-4.361
-0.972
0.015
0.517
-2.686
-0.610
-1.717
0.007
0.007
0.053
0.383
0.750
0.803
0.158
-0.223
0.214
-0.331
0.007
0.104
0.384
-1.143
0.519
0.007
0.009
-0.846
-0.543
-0.962
-0.132
0.072
0.007
-1.161
-0.418
-0.689
-0.456
-0.798
0.527
0.310
-0.414
0.007
-0.345
-0.134
-1.980
-1.962
-1.119
-0.096
-1.394
0.430
0.032
0.267
-2.352
-0.510
-2.897
-0.070
0.187
0.140
-0.085
0.007
0.146
0.540
0.668
0.260
0.253
0.297
0.458
0.094
1.048
0.706
0.414
0.298
-3.113
0.017
0.202
-3.022
-1.437
-3.170
-1.482
0.007
0.007
0.124
0.007
-0.003
0.055
0.052
-3.352
0.123
0.007
-0.859
-1.945
-0.765
-0.047
0.007
-2.234
-0.240
-1.120
-0.190
-0.135
-0.330
-1.985
0.047
-0.065
0.006
-0.048
1.113
0.013
0.126
-2.086
0.357
-0.221
-0.515
-1.000
-2.572
-0.587
-0.682
-0.100
-0.792
-1.512
-0.445
-0.537
-1.271
0.298
0.043
0.007
0.007
0.007
0.007
-1.649
0.503
0.486
1.705
-1.073
-0.547
0.078
0.021
0.237
-0.631
3.280
1.264
0.104
0.493
-0.013
-0.178
-0.028
-0.644
-0.344
-2.281
1.186
-0.885
0.030
-0.818
-0.960
-0.171
1.693
-0.664
1.238
-1.418
-0.029
-0.182
-1.067
0.004
-0.167
-0.164
-0.086
0.324
-0.050
-0.068
0.007
-0.024
0.007
0.445
0.337
-0.040
0.042
0.169
0.007
0.228
0.007
-2.083
-0.206
-0.695
-1.975
-1.118
-0.737
-0.131
-0.043
-0.552
0.007
0.044
0.011
0.007
-1.954
-1.139
0.007
0.007
0.009
-0.081
-0.184
-1.158
-0.409
0.144
-0.470
-1.494
-0.814
0.007
-0.883
-0.056
0.007
0.003
-0.625
0.107
0.068
-0.033
-0.147
0.141
-0.043
-0.004
0.007
-1.902
0.092
-0.614
-0.635
0.060
-0.049
0.166
-0.412
0.001
-0.944
0.419
0.081
0.355
-0.629
-0.173
-0.495
-0.355
-0.847
-0.111
0.029
0.007
0.007
0.007
0.083
-0.829
-0.025
-0.165
-2.715
-0.051
-0.503
-0.843
-0.238
-0.052
-0.145
-0.152
-0.107
0.099
0.127
-0.347
0.165
0.007
0.007
0.777
0.007
0.241
0.007
-0.078
0.156
-0.107
-0.364
-0.271
-0.128
-0.006
0.007
0.007
0.004
-0.096
-2.376
0.007
-0.120
0.039
-0.403
-0.852
-0.052
-0.048
-0.455
-0.159
-0.074
0.309
0.007
0.007
-0.008
0.541
-0.090
-0.458
0.097
-0.507
0.005
0.154
0.030
2.448
2.043
2.119
1.619
0.211
1.018
-0.257
1.053
0.517
-0.430
0.007
0.007
0.007
0.007
0.409
-0.057
1.195
-0.584
-0.996
-0.107
-1.020
-1.152
0.007
0.007
0.007
-0.886
0.058
0.029
0.035
0.077
-0.445
-5.030
-4.981
0.132
-2.520
