1.304
2.216
-0.821
0.097
0.822
3.617
0.856
1.679
1.330
0.576
0.319
2.469
0.738
0.746
1.205
2.648
0.703
0.562
0.770
0.120
0.502
-0.506
-2.036
1.232
-0.110
0.421
-0.041
0.175
0.180
-0.491
0.105
1.281
-0.576
0.126
-0.089
0.255
0.721
0.498
0.158
0.762
0.314
0.937
0.404
0.987
0.328
0.261
-1.377
0.026
3.377
0.184
1.938
0.260
1.577
0.747
-0.028
0.169
2.227
-1.064
0.102
-1.140
3.702
1.698
1.580
-0.100
0.071
-0.138
-0.011
0.130
0.087
-0.897
-1.170
-0.440
-0.045
-0.180
-0.139
0.021
-1.503
-0.239
-0.100
-0.187
1.436
0.023
0.108
1.602
0.848
3.447
1.852
0.065
0.084
-0.996
0.085
-0.016
-0.296
0.141
3.176
-0.737
-0.013
0.125
3.841
1.266
0.319
0.079
2.867
-0.108
1.180
0.105
-0.036
0.174
3.024
0.331
-0.175
-0.471
0.567
-0.976
0.021
0.102
3.336
-0.744
0.168
1.124
2.678
2.985
1.387
0.330
0.471
1.364
1.472
-0.084
0.077
0.036
0.017
0.760
0.092
1.200
0.116
0.105
2.324
0.492
0.118
-2.508
3.703
1.475
0.304
0.369
-0.040
1.428
-3.085
-1.377
-0.020
-0.627
0.441
-0.105
-0.893
1.437
1.600
2.757
-1.157
-0.122
0.205
1.172
1.033
0.717
-1.069
0.887
-0.716
2.129
0.229
0.265
0.661
1.124
0.330
0.170
0.140
0.165
0.293
0.385
0.710
0.064
0.281
0.073
0.055
1.836
0.365
0.132
0.103
-1.028
0.160
2.204
2.022
0.827
1.243
5.984
1.134
0.314
0.513
1.246
0.782
-0.067
0.119
0.115
-0.343
-0.681
0.711
0.493
0.837
0.469
-0.076
2.782
1.115
-1.422
1.788
2.838
0.444
0.342
2.605
1.381
0.825
0.402
0.216
-1.489
-0.017
-0.170
0.347
0.273
0.422
0.111
-0.174
0.674
-0.017
1.147
1.507
-0.068
-0.203
-0.163
0.003
0.118
0.506
-0.928
-0.009
0.267
0.785
0.278
0.552
0.402
0.974
-0.130
0.095
0.209
-0.163
-0.478
-0.230
0.718
1.082
0.714
0.634
-0.048
-0.142
0.181
0.070
0.080
-0.001
0.119
0.690
-0.454
-0.250
-0.160
0.200
0.282
0.279
-0.221
-0.066
0.052
-0.082
1.036
-0.156
0.843
1.207
0.690
0.900
-0.041
0.124
0.377
0.140
0.373
3.810
0.043
0.102
0.026
0.718
0.641
0.397
0.159
0.175
0.204
0.024
0.085
0.063
-0.261
0.119
-0.606
-0.499
0.050
0.075
0.096
-0.217
0.089
0.110
-3.336
-2.970
-2.684
-1.200
-1.278
-1.136
0.028
-0.081
-0.135
1.056
0.514
0.489
0.372
-0.247
0.015
-0.084
-1.584
-0.604
-0.181
0.360
0.742
1.226
0.081
0.540
0.626
0.122
-0.251
0.180
0.235
0.019
0.769
2.701
2.036
1.116
2.187
