-0.499
-0.435
-0.017
-0.131
-0.520
-1.889
0.075
-0.082
-1.590
-0.741
0.067
-2.403
-0.879
-0.270
-0.727
-1.832
-0.755
-0.305
-0.168
-0.335
0.399
1.006
0.481
-0.625
0.383
-0.152
0.896
-0.811
0.309
0.013
-0.090
-1.047
1.355
0.016
1.004
0.944
-0.350
-0.470
-0.041
-0.907
-0.059
-0.431
-0.667
-0.441
-0.324
-0.335
0.622
0.395
-0.638
-0.488
-1.535
0.181
-1.158
-1.079
-0.656
-0.400
-2.020
0.131
-0.469
-0.044
-2.218
-0.830
-1.755
-0.018
0.436
0.075
0.090
-0.859
-0.049
0.440
0.441
0.403
0.143
0.108
0.481
0.056
0.380
0.528
0.126
0.224
-2.254
-0.257
0.275
-2.306
-1.349
-1.973
-1.523
-0.392
-0.588
-0.293
-0.404
-0.074
0.417
-0.045
-2.620
0.416
0.327
-0.786
-2.589
-1.138
-0.124
0.356
-3.183
0.021
-1.530
-1.161
-0.011
-0.408
-2.160
-0.137
-0.344
0.085
0.319
1.048
-0.276
0.101
-3.223
0.329
-0.869
-0.674
-1.691
-2.096
-1.571
-0.340
-0.448
-1.019
-1.280
-0.132
-0.378
-1.228
0.524
-0.745
0.088
-1.139
-0.110
-0.116
-0.910
-0.036
0.327
2.342
-1.611
-0.627
0.322
-0.314
0.335
-0.296
2.021
0.944
0.164
0.956
0.312
0.011
0.110
-1.100
0.609
-2.506
0.489
0.001
-0.385
-1.109
-0.635
-0.618
1.280
-0.567
0.626
-2.728
-0.169
-0.794
-1.421
-0.290
-0.205
-0.436
-0.244
0.135
-0.106
-0.260
-0.071
-0.156
0.032
0.234
-0.432
-1.511
-0.681
-0.040
-0.198
0.565
-0.125
-2.937
-2.149
-1.050
-2.433
-3.750
-0.639
-0.630
-0.346
-0.215
-0.483
0.219
0.128
-0.151
0.321
0.149
-0.231
-0.334
0.113
-0.254
-0.018
-1.979
-1.136
0.362
-0.890
-1.357
-0.376
-0.391
-1.974
-0.872
-0.020
-0.437
-0.217
0.239
0.054
0.333
-0.137
-0.058
0.135
0.299
0.277
-0.368
-0.109
-0.971
-0.818
-0.100
-0.523
0.132
-0.609
-0.028
-0.692
0.527
0.023
-0.338
-0.942
-0.130
-0.429
-0.541
-0.628
0.140
-0.059
0.691
0.230
0.263
0.354
-0.628
-0.191
-0.107
-0.647
0.620
0.389
0.624
0.012
-0.177
-0.315
0.423
-0.568
0.685
0.149
0.943
0.067
-0.526
-0.117
-0.127
-0.017
-0.313
-0.005
0.037
0.005
-0.270
-0.226
-0.239
-0.443
0.254
0.180
-0.192
0.159
-0.132
-2.333
-0.041
0.071
0.123
0.631
-0.523
0.159
1.035
-0.152
-0.035
-0.204
-0.204
0.002
0.013
-0.204
0.001
-0.214
-0.160
-0.040
-0.100
0.105
-0.270
-0.043
2.992
2.305
2.285
1.733
-0.261
0.118
-0.300
0.436
0.901
-0.682
-0.230
-0.565
-0.197
-0.026
0.029
-0.132
1.639
0.426
-0.034
-0.216
-0.671
-1.280
-0.389
0.318
-0.198
-0.101
0.918
0.119
-0.259
-0.180
-1.231
-1.632
-2.880
-0.927
-1.719
