-1.234
-1.750
-0.170
0.035
-0.755
-2.898
0.128
0.389
-1.537
-0.666
0.827
-3.097
-0.574
-0.106
-0.143
-1.785
-0.510
-0.382
0.287
-0.156
0.762
0.334
1.994
-0.746
0.195
0.952
1.323
-0.053
0.514
-0.070
-0.135
-1.589
0.317
-0.039
0.309
-0.130
-0.622
-0.237
-0.317
0.168
-0.274
-1.048
-1.600
-0.076
-0.225
-0.087
1.241
-1.104
-0.959
-0.155
-1.142
-0.296
-1.215
-0.862
0.031
0.176
-2.354
0.301
-0.658
0.570
-2.910
-0.818
-1.663
0.241
0.571
-0.136
0.098
-1.025
-0.195
0.635
0.636
0.363
0.127
0.017
1.104
-0.033
0.289
0.783
0.047
0.236
-2.507
-0.362
0.426
-1.639
-0.248
-2.170
-1.154
-0.123
-0.054
-0.201
-0.067
-0.058
0.376
-0.223
-2.278
0.737
0.731
-0.511
-2.122
-0.523
-0.216
1.092
-3.150
-0.216
-3.469
-1.744
-0.002
0.455
-2.724
-0.004
-0.452
0.334
0.349
2.654
0.163
-0.293
-2.872
-0.125
0.042
-0.944
-1.548
-3.893
-2.711
-0.285
0.243
-0.836
-2.344
-0.380
-0.712
-0.644
2.298
-0.832
-0.079
-1.792
-0.298
-0.004
-2.160
-0.260
-0.269
1.884
-2.627
-1.026
0.461
-0.220
1.186
-1.225
1.932
0.756
0.199
0.600
-0.514
0.300
0.785
-1.512
1.297
-2.909
1.393
1.192
0.823
0.289
-0.164
0.166
1.671
-0.322
1.261
-3.206
0.174
-0.691
-0.953
0.093
-0.573
-0.357
-0.451
0.127
-0.782
-0.640
-0.245
0.023
0.213
0.287
-0.159
-1.451
-0.336
-0.053
-0.150
0.693
0.011
-4.209
0.184
-0.924
-1.717
-4.353
-0.314
-0.396
-0.656
-0.208
-1.026
0.206
0.123
0.127
0.127
0.129
-0.053
-0.087
-0.077
-0.108
-0.190
-1.713
-0.531
0.469
-0.556
-0.977
-0.256
-0.135
-2.689
-1.085
-0.404
-0.280
0.018
0.325
0.341
0.251
-0.151
0.022
0.374
0.611
0.487
-0.527
0.736
-0.799
-0.824
-0.160
0.047
0.007
-0.450
0.086
-1.272
0.536
0.005
-0.327
0.968
-0.454
-0.651
-0.512
-0.736
0.089
0.227
0.143
0.127
0.290
1.150
-0.431
-0.641
-0.487
-0.746
0.595
0.974
0.735
-0.298
0.113
-0.368
-0.279
-0.492
0.917
-0.206
0.943
-0.243
-0.280
0.379
0.775
0.138
0.143
-0.102
0.292
0.232
-0.311
-0.443
-0.466
-0.517
0.415
0.176
-0.170
0.115
0.073
-2.795
0.146
-0.085
-0.006
1.036
-0.288
0.398
3.466
-0.031
0.762
0.120
0.332
0.162
0.056
0.080
0.449
0.201
-0.170
0.170
-0.019
0.193
-0.572
-0.217
2.802
2.007
2.320
0.998
0.453
1.252
-0.218
0.974
0.848
-0.354
-0.228
-0.020
-0.136
-0.238
-0.560
-0.411
1.168
0.128
0.045
-0.032
-0.255
-1.309
-0.030
0.267
-0.556
-0.037
0.274
0.020
0.744
-0.252
-0.718
-3.258
-2.114
-1.212
-1.666
