-0.219
-0.699
0.362
0.083
0.083
-2.870
-0.016
-0.119
-2.033
-0.407
0.064
-2.815
-0.634
-0.676
-0.897
-1.642
-0.340
-0.598
-0.008
0.190
0.422
0.023
1.708
-0.419
0.143
0.154
0.258
-0.055
0.162
0.085
-0.521
-1.512
-0.171
0.143
0.698
0.434
-0.344
-0.605
-0.336
-0.670
0.111
-0.635
-0.954
-0.387
-0.208
-0.349
0.109
-0.068
-0.844
-0.098
-1.163
-0.639
-1.264
-1.246
-0.147
-0.223
-2.345
0.779
0.015
0.825
-2.306
-0.461
-2.359
0.109
0.209
-0.074
0.203
-1.047
-0.009
0.299
0.415
0.291
0.134
0.030
1.154
-0.022
0.816
0.320
0.085
0.174
-1.992
0.201
0.019
-1.951
-0.709
-2.427
-1.852
-0.060
0.077
-0.164
0.004
-0.063
-0.189
-0.222
-3.600
0.795
0.219
-0.807
-2.296
-0.971
0.099
0.063
-4.521
-0.176
-1.757
-1.221
-0.200
-0.543
-2.598
0.074
-0.095
0.039
0.578
1.298
-0.033
0.008
-3.069
0.012
0.181
-0.442
-1.228
-1.844
-1.399
-0.252
0.023
-0.637
-1.633
0.054
-0.407
-0.721
0.218
-0.424
-0.140
-0.394
0.081
0.087
-1.294
-0.106
0.102
1.131
-3.076
-1.109
0.379
0.273
0.644
-0.526
1.268
0.830
0.083
0.551
0.158
0.731
0.202
-0.723
0.163
-1.666
0.216
-0.132
-0.082
-0.767
-0.488
-0.092
1.052
-0.638
0.229
-3.130
-0.547
-0.406
-0.804
-0.562
-0.399
-0.123
-0.306
0.707
-0.406
-0.309
0.113
0.141
0.196
0.326
-0.002
-1.940
-0.693
-0.284
0.025
0.738
-0.035
-2.730
-2.024
-1.088
-2.160
-2.833
-0.616
-0.611
-0.371
-0.422
-0.334
0.215
0.167
0.152
0.156
0.131
-0.250
-0.036
-0.115
-0.232
0.033
-2.234
-0.429
0.536
-0.616
-1.340
-0.758
-0.221
-2.605
-1.037
0.185
0.039
-0.188
0.206
0.174
0.189
-0.243
-0.267
0.041
0.087
0.155
-0.583
0.014
-0.959
-0.445
-0.083
-0.160
0.191
-0.186
0.157
-0.544
0.765
0.146
-0.283
-0.778
-0.291
-0.522
-1.054
-0.582
0.561
0.163
0.330
0.096
-0.198
0.629
-0.479
-0.123
-0.273
-0.295
0.216
0.151
-0.546
-0.041
-0.378
-0.003
-0.212
-0.289
0.328
0.010
0.791
-0.061
0.070
0.132
0.018
-0.076
0.029
-0.045
0.334
0.303
-0.188
-0.496
-0.495
-0.231
0.117
0.089
-0.324
0.169
-0.386
-1.875
-0.234
-0.007
-0.162
0.163
-0.704
-0.284
0.949
-0.257
0.177
0.057
0.060
0.170
0.087
0.097
0.250
0.247
-0.232
0.494
-0.273
-0.054
0.189
-0.046
2.055
1.268
1.397
0.936
0.171
0.335
0.239
0.179
0.157
0.081
-0.089
0.012
-0.024
-0.060
0.115
0.295
0.802
0.524
-0.160
-0.361
-0.513
-1.248
-0.034
0.044
-0.200
-0.031
0.346
0.029
-0.083
-0.049
-2.273
-1.110
-1.984
-0.689
-1.731
