-0.424
-1.271
-1.330
-0.013
-0.179
2.769
-0.014
-0.165
3.304
2.031
-0.056
2.141
0.334
0.079
-0.379
1.169
0.161
-0.072
-0.105
-0.299
-0.116
-2.003
-2.332
0.431
-1.113
0.683
-0.551
0.281
-0.187
-0.273
0.011
0.814
-0.118
0.056
-0.397
0.099
0.183
0.046
-0.023
0.541
0.130
0.175
0.202
-0.035
-0.023
-0.023
-0.720
-0.023
0.161
0.992
0.707
0.138
3.445
2.345
1.855
0.117
1.214
-1.623
0.065
-1.258
3.309
0.912
1.797
0.016
-0.528
-0.267
0.048
1.158
-0.188
-0.516
-0.486
-0.726
-0.479
-0.070
-1.159
-0.290
-0.644
-0.070
-0.103
-0.143
0.874
-0.221
-0.147
2.084
0.847
2.370
0.803
-0.033
-0.039
0.022
-0.023
-0.044
-0.033
0.140
3.203
-0.090
-0.069
-0.023
2.148
0.625
0.457
-0.635
3.709
0.309
0.945
0.601
-0.393
-0.096
3.674
0.970
-0.023
0.023
-0.402
-1.988
-0.468
-0.423
3.113
0.189
0.403
1.128
1.396
1.291
1.005
0.847
1.134
0.557
1.047
-0.127
0.137
1.083
-1.474
-0.137
-0.023
1.301
-0.023
0.036
1.630
-0.194
-1.105
-2.016
2.516
-0.077
0.088
-0.114
-0.789
0.014
-2.031
-0.371
-0.029
-0.854
0.455
-0.211
-0.023
0.663
0.213
0.584
-0.972
-0.140
-0.191
0.672
0.057
0.020
-1.471
0.028
-0.797
3.608
-0.637
-0.213
1.058
-0.204
0.292
0.052
0.070
0.435
-0.023
0.102
0.919
-0.031
-0.023
0.455
-0.042
0.316
-0.005
0.307
0.085
-0.060
-0.024
3.446
1.995
1.080
2.291
2.667
0.411
-0.587
0.548
0.223
0.314
-0.085
-0.079
-0.361
0.363
0.013
0.077
0.039
-0.467
0.103
0.061
2.523
1.084
-0.612
0.912
1.280
0.991
-0.007
2.635
1.305
-0.023
-0.023
0.037
-0.143
0.001
0.162
0.167
0.109
-0.037
-0.051
-0.608
1.086
0.080
0.494
0.644
0.174
0.061
-0.086
0.065
0.061
0.118
-0.453
1.246
0.242
0.746
1.106
0.061
0.458
0.750
-0.166
-0.039
0.285
0.430
0.070
-0.000
0.918
-0.034
0.173
0.549
-0.111
0.062
0.846
-0.017
0.006
0.141
-0.082
0.129
-0.156
0.278
-0.098
-0.324
0.667
-0.324
-0.374
0.729
-0.140
-0.062
-0.222
-0.059
0.275
0.618
0.091
0.567
-0.041
-0.049
0.433
-0.023
0.438
2.257
0.046
0.117
-0.266
0.330
-0.307
0.131
-0.511
-0.009
-0.071
-0.023
0.007
-0.032
0.074
0.012
-0.378
-0.120
0.051
-0.643
-0.027
0.075
-0.111
-0.044
-2.124
-2.240
-1.873
-1.672
0.312
-0.579
0.134
-0.629
-0.303
-0.350
-0.028
-0.068
-0.526
0.095
0.068
-0.023
-1.289
-0.419
0.266
-0.141
0.691
1.316
-0.023
0.206
-0.091
0.371
-1.055
0.505
-0.778
-0.081
2.923
3.637
2.175
0.837
1.395
