1.309
1.602
2.654
-0.727
-0.154
-0.461
-0.101
-0.446
-0.857
-0.928
-0.981
-1.798
-1.469
0.556
-0.376
-1.310
-1.314
0.070
-0.358
1.138
-0.085
0.356
2.724
-1.286
-0.030
0.262
0.240
-0.618
-0.015
0.332
0.369
-1.232
0.019
1.167
1.477
0.824
-0.337
-1.335
-0.066
-0.873
-0.092
-1.083
-0.247
-0.145
-0.396
-1.080
0.317
-0.157
-0.921
-0.217
-0.739
0.225
-1.342
-0.818
-0.018
-0.983
-0.642
1.377
-0.227
0.833
-1.381
-1.445
-1.412
-0.044
-0.014
-1.072
-1.386
-0.197
-0.229
0.364
0.146
-0.091
-0.055
-0.121
0.134
0.012
1.249
0.084
0.049
0.468
-1.317
-0.007
0.454
-0.896
-0.424
-0.400
-0.414
-0.411
-0.111
-0.191
-0.134
-0.863
-0.705
0.044
-0.689
0.999
0.147
-0.306
-1.717
-1.761
-0.728
0.227
-1.360
-1.340
-1.035
-0.523
-1.015
-1.020
-0.904
-0.796
-0.115
-0.102
-0.109
1.566
-1.720
-0.160
-1.669
0.770
1.700
-0.715
0.543
-0.642
-0.560
-1.280
0.163
-0.203
-0.858
-0.456
-0.211
-0.192
0.803
-0.072
-0.232
0.022
-0.136
-0.145
-2.588
-1.681
-0.751
3.524
-2.152
-0.259
-0.224
-0.709
-0.125
-1.637
2.823
1.423
-0.274
-0.470
-0.267
0.551
0.023
-1.408
0.171
-0.639
0.219
0.523
-1.258
-1.454
0.261
0.280
1.155
-1.336
1.029
-1.493
0.323
-1.997
-2.088
0.343
-0.597
-0.687
-0.203
0.099
-0.257
-0.371
-0.213
-0.132
-0.084
0.087
-0.894
-0.885
-1.004
-0.001
-0.240
0.660
-1.364
-1.686
-1.341
-1.558
-1.036
-1.703
-0.896
-0.657
-0.844
-0.610
-0.745
-0.145
-0.145
-0.145
-0.018
-0.052
-0.569
-0.254
-0.722
-0.145
-1.125
-1.170
-1.232
2.133
-0.608
-0.973
-1.424
-0.191
-1.284
-1.386
-0.404
-0.145
-0.145
0.013
-0.055
0.280
-0.241
0.201
-0.044
0.307
0.374
-1.019
-0.283
-1.751
-1.029
-1.374
-2.745
-0.396
0.002
0.247
-1.063
0.738
-0.332
0.222
-0.059
0.955
-0.177
-0.007
-2.365
-0.057
-0.041
-0.176
0.631
0.555
0.897
-0.248
-0.061
-0.421
-0.566
-0.041
-0.047
-0.145
-0.274
-0.252
-0.289
-0.308
-0.367
0.125
0.176
-0.068
-0.097
-0.253
-0.095
-0.095
-0.029
-0.108
-0.082
0.195
-0.195
-0.201
-0.582
-0.129
-0.476
-0.014
0.072
-0.229
-0.005
-0.190
-1.381
-0.325
0.051
0.025
0.107
-0.990
-0.175
-0.251
-0.038
-0.013
0.074
0.113
0.664
-0.060
0.226
0.319
0.588
-0.134
-0.108
-0.224
0.184
-0.450
-0.029
3.655
3.310
3.916
2.371
-0.037
0.813
-0.214
0.966
0.272
0.125
-0.765
-0.094
-0.606
0.077
-0.097
-0.105
0.744
0.324
-0.942
0.128
-1.080
-1.306
-0.120
-0.132
-0.430
0.449
0.508
-1.093
-0.041
-0.498
-0.869
-1.059
-1.284
-0.725
-1.310
