0.167
0.192
0.061
0.323
0.034
1.566
-0.091
0.200
2.347
1.055
-0.527
2.948
0.716
0.225
0.075
2.651
0.434
1.012
0.171
0.017
-1.255
-0.704
-1.973
0.485
0.038
-0.075
-0.843
0.435
-0.487
-0.944
0.176
1.476
0.121
0.264
-0.320
0.049
0.336
0.174
0.227
0.311
1.032
0.339
-0.080
0.217
0.159
0.605
-0.242
0.403
0.848
0.706
2.263
1.378
2.076
2.045
0.001
0.192
2.369
-0.356
0.128
-1.006
3.142
1.228
1.765
-0.308
-0.157
-0.506
-0.112
1.176
0.037
-0.608
-0.823
-0.204
0.355
0.092
-0.370
-0.151
-0.098
-0.215
-0.461
-0.691
3.418
0.042
-0.929
1.471
0.551
2.162
1.816
0.438
0.086
0.583
0.288
0.229
0.224
0.728
3.829
-0.270
-0.078
0.108
2.558
1.185
0.003
-0.410
2.873
0.094
1.581
-0.065
-0.394
-0.125
3.276
-0.289
-0.068
-0.303
-0.144
-1.685
0.185
0.071
4.065
-0.666
0.308
0.847
1.859
2.783
2.108
0.306
0.696
1.473
1.049
-0.010
0.531
1.303
-1.188
-0.038
-0.290
0.115
0.052
-0.103
1.207
0.242
-0.703
-0.224
1.856
0.197
-0.096
-0.096
-0.096
0.269
-1.744
-1.360
-0.131
-0.208
0.254
-0.096
-1.092
1.271
-1.308
2.922
-1.355
-0.261
0.418
0.932
1.185
0.092
-1.386
0.996
-1.158
3.335
1.692
1.518
2.222
1.963
0.240
0.642
0.137
-0.024
0.084
0.132
0.141
0.208
-0.035
-0.000
-0.031
2.164
0.712
-0.173
0.047
-0.693
0.114
3.013
2.607
1.000
2.181
1.979
0.194
0.032
0.844
0.230
0.159
-0.192
-0.096
-0.096
-0.157
-0.181
0.091
-0.063
0.166
0.010
0.186
2.315
0.393
-0.488
1.233
1.337
0.430
0.689
2.446
1.054
0.356
0.537
0.271
-0.175
-0.067
-0.085
0.057
-0.005
-0.031
-0.131
-0.265
0.549
-0.296
1.315
0.526
0.002
-0.129
0.349
0.406
0.038
0.885
-0.818
0.110
0.088
0.041
0.280
0.365
0.332
0.638
-0.345
0.158
-0.237
-0.520
-0.009
-1.502
0.682
0.477
0.646
0.121
-0.012
0.064
0.994
0.149
0.357
0.476
0.069
0.821
-0.149
-0.146
-0.076
-0.005
0.050
0.004
-0.220
0.559
-0.096
-0.109
-0.096
-0.018
0.241
0.265
0.083
0.773
-0.096
-0.051
0.271
0.074
-0.040
2.522
-0.070
-0.315
-0.096
-0.953
0.623
-0.356
-0.268
0.018
-1.417
0.040
-0.143
-0.121
1.151
0.027
-0.425
-0.169
-0.017
-0.107
-0.085
-0.247
0.335
-0.216
-3.028
-2.517
-3.056
-1.505
-0.029
-0.378
-0.067
-0.990
-0.954
0.006
-0.047
-0.048
-0.077
0.017
0.053
-0.116
-1.239
-0.330
-0.424
-0.050
0.248
1.293
-0.230
-0.070
0.235
0.179
-0.262
-0.540
-0.077
0.102
1.497
2.911
3.700
0.067
1.214
