0.745
0.350
-1.683
-0.205
0.279
3.165
0.167
0.833
2.313
0.709
-0.165
2.705
0.652
0.556
-0.095
2.202
0.524
0.390
0.008
0.210
-0.310
-0.151
-0.871
0.356
-0.363
0.525
-0.625
0.211
-0.215
-0.205
-0.258
0.579
-0.319
-0.123
-0.570
0.021
0.540
0.446
0.058
0.493
0.157
0.667
0.587
0.410
0.175
0.171
-0.179
-0.133
0.667
0.439
1.094
-0.058
2.006
1.332
0.575
-0.085
2.620
-0.289
-0.077
-0.239
2.414
0.731
2.456
-0.080
-0.148
-0.297
-0.133
0.967
-0.027
-0.455
-0.520
-0.332
-0.134
0.008
-0.156
-0.113
-0.884
-0.313
-0.095
-0.250
2.990
0.154
-0.152
2.035
0.513
2.780
2.102
0.097
0.079
0.129
0.058
0.058
0.106
-0.156
3.097
-0.349
-0.077
0.303
2.982
1.083
0.379
-0.108
3.010
-0.019
1.588
0.599
-0.306
0.346
2.976
-0.055
-0.032
0.026
-0.198
-1.237
-0.100
-0.294
3.716
-0.820
-0.086
0.652
1.438
2.414
0.708
0.519
0.329
1.062
1.487
-0.095
0.799
0.410
-0.721
0.668
-0.202
1.549
0.026
0.060
1.526
-0.349
0.192
-2.220
2.332
0.411
-0.120
0.233
-0.158
0.451
-2.364
-1.332
-0.056
-0.193
0.135
-0.182
-0.180
1.207
0.887
2.597
-0.787
-0.338
0.288
1.018
0.476
0.392
-1.349
0.448
-0.719
3.163
0.962
0.559
1.036
1.331
0.337
0.237
0.295
-0.473
0.431
0.344
0.088
-0.072
-0.195
-0.443
-0.081
2.187
0.881
-0.222
-0.024
-0.539
-0.093
2.917
1.997
1.177
2.749
3.794
0.549
1.249
0.613
0.237
0.236
-0.133
-0.006
-0.002
0.048
0.024
0.350
0.118
0.139
0.159
-0.134
2.303
0.703
-0.989
0.921
1.512
1.063
0.193
2.833
1.174
0.451
0.548
-0.083
-0.452
0.029
-0.021
0.219
0.213
-0.001
0.082
-0.561
0.416
-0.263
0.893
0.718
-0.057
0.138
0.031
0.287
-0.307
0.708
-0.801
-0.065
0.207
1.641
1.479
0.432
0.886
0.706
-0.087
-0.122
-0.408
0.124
-0.108
-0.791
0.829
0.072
0.397
1.512
-0.380
-0.304
0.648
-0.193
0.127
-0.058
-0.356
0.187
-0.715
-0.259
-0.521
-0.403
0.457
0.093
0.104
0.142
-0.101
-0.086
-0.716
-0.114
0.591
0.325
0.275
0.176
-0.254
0.009
0.284
0.084
0.086
2.323
0.082
-0.039
-0.159
0.912
0.371
-0.682
0.065
0.162
0.016
0.135
-0.105
-0.186
-0.040
0.207
-0.355
-0.141
0.220
0.081
0.168
-0.131
-0.148
-0.133
-2.158
-1.824
-1.949
-1.219
-0.241
-0.474
-0.059
-1.284
-0.576
0.483
0.097
-0.276
0.071
-0.069
0.434
-0.105
-1.230
-0.587
0.656
-0.003
0.735
1.346
0.153
-0.159
0.074
-0.187
-0.637
-0.204
-0.357
0.066
2.225
2.632
3.333
1.122
2.362
