1.649
2.143
1.960
0.623
1.828
-3.310
-0.382
-0.744
-1.920
-0.327
0.002
-3.606
-1.454
0.537
-0.110
-1.817
-0.825
-0.225
-0.044
-0.151
0.896
0.102
1.388
-0.592
0.362
-0.042
0.129
-0.279
-0.005
0.358
-0.109
-0.788
0.786
-0.036
-0.028
-0.272
-0.608
-0.365
-0.105
-0.142
-0.105
-0.148
-0.494
-0.043
-0.367
-0.459
0.241
0.031
-0.588
-0.333
-1.568
0.931
-2.750
-2.948
-0.290
-0.178
-2.434
0.830
0.087
0.843
-2.256
-0.589
-2.188
-0.169
0.645
0.764
0.555
-0.432
-0.105
0.177
-0.076
-0.078
0.291
-0.105
-0.105
-0.105
0.063
-0.105
-0.105
-0.045
-2.211
-0.093
0.490
-2.511
-0.655
-2.820
-1.428
-0.168
-0.105
0.336
-0.105
-0.111
0.071
-0.083
-1.772
-0.089
1.314
-0.019
-2.913
-1.826
-0.471
0.021
-2.451
0.201
-1.795
-0.380
0.340
0.199
-1.325
0.057
-0.317
0.342
-0.045
2.450
0.060
0.453
-3.825
0.104
-0.143
-0.969
-1.917
-2.629
-0.837
-0.169
-0.856
-0.700
-1.921
0.142
-0.489
-0.377
0.391
-0.737
0.555
-1.154
-0.105
-0.105
-1.894
-1.131
-0.099
2.292
-1.699
-0.033
-0.105
-0.222
0.927
0.094
3.222
1.286
2.711
0.016
0.036
1.199
-0.013
-1.643
1.386
-2.580
1.626
-1.390
-0.660
-1.433
-0.462
0.920
2.356
-0.422
1.232
-3.787
-0.113
-0.637
-0.964
-0.887
-0.211
-0.105
-0.105
-0.105
-0.105
-0.107
-0.105
-0.105
-0.105
-0.105
0.531
-2.464
-0.990
0.060
-0.105
1.490
0.531
-2.210
-1.326
-0.532
-3.255
-3.919
-0.247
0.144
-0.594
-0.360
-0.346
-0.113
-0.105
-0.137
-0.105
-0.105
-0.175
-0.199
-0.150
-0.146
-0.109
-1.833
-0.060
0.776
-1.075
-2.094
-1.367
-0.105
-4.579
-1.638
-0.105
-0.156
0.138
0.783
-0.155
-0.178
-0.105
-0.196
-0.126
-0.105
-0.338
-0.196
0.461
-0.751
-0.494
0.880
0.001
-0.147
-0.066
0.265
-0.266
0.489
-0.232
0.378
-0.368
-0.973
-0.365
-0.390
-1.239
0.066
-0.591
0.627
0.061
-0.105
0.455
-0.160
0.139
-0.203
-0.105
-0.236
-0.207
-0.121
-0.271
-0.105
-0.213
-0.174
-0.208
0.048
-0.202
0.077
0.139
-0.367
-0.179
0.922
-0.063
-0.105
-0.068
-0.067
-0.638
-0.133
-0.461
-0.938
-0.196
0.027
-0.105
-0.105
-0.105
-0.105
-1.299
-0.111
0.403
-0.105
0.174
0.140
-0.105
-0.081
-0.105
-0.105
0.034
0.023
-0.088
-0.105
-0.105
0.166
-0.105
-0.105
0.160
-0.105
-0.065
0.706
-0.105
2.852
2.264
2.425
1.554
0.017
0.420
-0.105
0.304
0.371
-0.257
-0.105
-0.199
-0.105
-1.646
-1.275
-0.037
1.374
0.734
-0.236
0.275
-0.472
-0.678
-0.148
0.538
-0.202
0.761
1.112
-0.111
-0.078
-0.020
-2.087
-2.115
-4.254
-0.101
-1.639
