-0.003
0.051
-0.999
0.349
0.615
2.041
0.140
0.096
1.074
0.816
-0.044
2.216
1.312
0.950
0.673
2.300
0.957
-1.259
-2.707
-0.403
-0.662
-0.320
-0.164
0.043
-0.533
1.363
1.557
2.472
1.502
0.059
0.234
1.045
-0.757
-0.548
-0.743
-0.007
0.466
0.741
0.077
0.291
0.233
0.456
-0.185
-0.038
0.297
0.304
0.171
0.173
0.056
1.154
0.470
-0.258
1.321
0.079
0.559
-0.739
2.376
-0.863
-0.259
-0.579
1.180
0.546
1.497
-0.262
0.158
-0.035
0.624
0.602
0.467
-0.418
-0.317
0.793
0.827
0.007
0.855
0.216
-0.920
-0.268
0.110
-0.249
1.389
0.465
-0.057
0.928
0.561
2.322
1.358
-0.075
-0.156
-1.307
-0.122
-0.040
-0.035
0.299
1.207
-0.340
-0.120
0.163
1.390
-0.086
0.325
-0.066
1.571
0.055
1.312
0.589
0.251
0.271
1.260
0.213
0.318
0.055
-0.604
-1.859
-0.653
-1.060
2.408
-0.662
-0.479
1.411
0.783
2.077
0.853
0.167
-0.264
0.488
2.236
-0.656
1.552
1.458
-0.379
-0.458
-0.918
0.093
0.261
0.319
1.531
0.612
0.431
-1.056
2.019
0.535
0.157
0.018
-1.206
0.443
-2.410
-0.700
-0.019
0.474
0.468
-1.354
-0.075
1.723
0.583
-0.392
-0.890
0.597
-0.291
0.770
0.435
-0.078
-0.933
0.552
-0.833
1.517
0.071
-0.134
1.499
0.018
0.516
0.493
0.459
-0.319
0.381
0.695
0.871
0.108
0.331
-0.282
-0.092
0.440
-0.112
-0.205
-0.017
-0.872
0.010
2.036
1.476
0.974
2.373
0.973
1.009
-0.371
1.250
0.722
0.985
-0.014
0.062
0.215
0.099
0.072
0.106
0.025
0.151
0.104
-0.087
1.668
1.392
-0.327
0.601
0.655
1.720
0.072
4.286
1.115
0.256
0.546
0.918
-0.180
0.029
0.726
0.170
0.074
-0.632
0.061
-1.056
1.685
0.394
1.659
1.046
-0.740
-0.854
-0.009
1.069
1.232
0.633
-0.327
0.365
0.479
1.751
1.964
0.537
1.348
0.729
-0.864
-0.402
0.128
0.122
-0.238
-0.482
1.476
0.072
0.596
2.051
-0.598
0.032
1.171
-0.450
-0.351
-0.211
-0.710
0.378
-1.413
0.480
-1.945
-0.892
-0.366
-0.039
-0.855
-0.108
0.012
0.515
-0.389
-0.723
0.757
0.692
0.669
0.979
-0.170
-0.051
0.450
0.062
0.283
1.711
0.118
0.359
0.614
1.309
0.872
-0.821
0.072
0.185
0.273
0.059
0.202
-1.685
0.113
-0.028
-0.345
-0.048
0.128
0.034
0.217
-0.114
-0.086
0.029
-1.512
-0.730
-0.905
-0.350
-0.695
-1.142
0.033
-0.631
-0.640
0.412
0.491
0.741
-0.005
-0.036
-0.853
-0.626
0.095
0.061
0.562
-0.376
0.512
1.478
0.377
-0.070
-0.072
0.288
-0.328
-0.074
-0.117
0.336
1.103
2.560
1.436
0.164
1.694
