1.138
1.299
2.211
0.087
-0.034
-1.747
-0.083
-0.349
-1.877
-0.707
0.051
-2.175
-0.562
0.171
-0.248
-2.100
-0.528
-0.276
-0.069
-0.030
0.146
0.289
1.207
-0.462
0.006
-0.418
0.706
-0.325
0.013
0.092
-0.036
-0.753
0.364
0.107
0.724
0.246
-0.229
-0.422
-0.254
-0.375
-0.218
-0.403
-0.486
-0.264
-0.269
-0.280
0.309
0.036
-0.855
-0.654
-0.895
-0.052
-1.696
-0.758
-0.394
-0.184
-1.781
0.362
-0.025
0.268
-2.402
-0.732
-1.737
-0.061
-0.020
0.020
-0.009
-0.775
-0.045
0.419
0.565
0.216
0.002
0.189
0.070
-0.045
1.479
0.089
0.004
0.282
-2.263
-0.142
-0.012
-1.529
-0.190
-2.091
-1.504
-0.299
-0.314
-0.017
-0.309
-0.202
0.069
-0.079
-2.479
0.512
-0.058
-0.480
-2.383
-0.705
0.243
-0.052
-3.235
-0.189
-1.132
-0.766
-0.039
-0.155
-2.371
0.217
-0.045
-0.058
0.306
1.246
0.100
0.284
-2.621
0.736
-0.080
-0.361
-0.860
-2.740
-1.048
-0.398
-0.203
-0.822
-1.292
-0.081
-0.504
-0.107
1.475
-0.428
0.170
-0.676
-0.047
-0.048
-0.769
-0.214
-0.063
2.564
-2.099
-0.532
0.109
-0.286
0.210
-0.227
1.911
1.450
-0.014
0.459
-0.047
-0.086
0.226
-0.990
-0.799
-1.753
0.599
-0.022
-0.229
-0.865
-0.291
-0.283
1.258
-0.277
0.907
-2.468
-0.433
-0.593
-0.835
-0.920
-0.247
-0.056
-0.246
0.240
-0.221
-0.162
-0.200
-0.103
0.022
0.342
-0.049
-1.576
-0.645
0.094
-0.039
0.515
-0.045
-2.572
-1.422
-0.823
-2.873
-2.834
-0.521
-0.435
-0.404
-0.455
-0.384
0.297
0.111
0.108
0.367
0.312
-0.419
-0.340
-0.251
-0.363
-0.072
-1.872
-0.576
0.927
-0.459
-1.012
-0.914
-0.296
-1.960
-0.783
-0.376
-0.414
-0.159
0.267
0.073
0.318
-0.254
-0.248
0.283
-0.014
0.332
-0.460
0.093
-0.665
-0.595
-0.161
-0.025
0.179
-0.418
0.119
-0.654
0.596
-0.032
-0.356
-1.079
-1.590
-0.647
-0.702
-0.209
0.375
0.033
0.192
-0.036
-0.174
0.442
-0.869
-0.329
-0.202
-0.509
0.307
0.049
0.529
-0.026
0.033
-0.061
0.035
-0.236
0.782
0.194
0.712
0.314
-0.323
-0.045
0.519
-0.248
-0.040
-0.057
-0.071
-0.087
-0.487
-0.257
-0.280
-0.078
0.149
0.075
-0.160
0.180
-0.229
-2.319
-0.043
-0.048
-0.306
-0.669
-0.238
-0.230
-0.031
-0.146
-0.053
0.072
0.041
0.410
0.464
-0.074
0.283
0.254
-0.139
0.282
-0.126
-0.009
-0.052
-0.052
3.008
2.153
2.563
1.584
0.168
0.379
-0.049
0.795
0.537
0.329
-0.207
0.032
-0.001
-0.216
-0.275
-0.063
1.434
0.472
-0.279
0.070
-0.487
-1.135
0.009
-0.290
-0.149
-0.054
0.459
0.164
-0.268
-0.234
-1.943
-2.495
-2.136
-0.972
-1.407
