0.548
0.532
1.287
-0.014
0.814
-2.547
-0.121
-0.634
-2.396
-1.166
0.048
-3.171
-1.415
-0.492
0.386
-1.357
-0.506
-0.610
-0.404
-0.342
0.280
0.520
0.496
-0.144
0.648
-0.748
0.396
-1.108
-0.135
0.309
-0.121
-0.902
0.997
0.273
0.763
-0.496
-0.370
-1.528
-0.240
-0.506
0.231
-0.368
-0.051
-0.355
0.286
0.177
0.281
-0.089
-1.605
-1.485
-0.624
0.198
-2.030
-0.924
-0.224
0.082
-2.160
1.071
0.018
0.851
-3.077
-1.290
-1.409
0.204
0.202
0.339
-0.196
-1.183
0.410
0.996
0.889
0.623
0.354
0.703
0.522
0.392
2.328
0.545
0.558
0.862
-2.075
0.036
-0.491
-1.988
-0.943
-3.104
-1.733
-0.150
-0.079
-0.017
-0.112
-0.054
-0.182
0.049
-2.537
0.783
0.123
-0.345
-1.540
-0.615
-0.401
0.135
-2.703
-0.721
-1.329
-0.523
0.493
-0.062
-2.169
-0.677
-0.117
0.073
0.053
1.657
-0.320
0.739
-2.511
0.757
0.305
-0.675
-0.878
-1.428
-0.800
-0.601
0.149
-1.950
-1.799
0.244
-1.609
-1.085
0.707
0.256
0.176
-0.337
-0.415
-0.467
-1.476
0.544
0.129
3.071
-2.329
-1.256
-0.524
-0.107
0.799
-0.797
1.717
0.935
0.131
-0.338
-0.744
0.099
-0.015
-1.541
-1.520
-1.309
0.534
-1.684
0.381
-1.516
-0.217
-0.412
1.284
-0.211
0.735
-2.621
-0.314
-0.451
-1.350
-0.180
-0.445
-1.179
-0.346
0.434
-0.280
-0.299
-0.369
0.387
0.078
0.533
0.318
-0.734
-0.194
-0.109
0.084
0.367
0.268
-2.971
-2.662
-1.571
-1.668
-1.376
-0.203
-0.229
-0.444
-0.765
-0.038
0.155
0.117
-0.086
0.083
0.180
-0.485
-0.106
-0.605
-0.669
0.292
-2.491
-0.848
0.446
-0.477
-1.702
-1.237
-0.205
-2.650
-1.282
-0.337
-0.323
-0.755
0.452
-0.010
-0.342
-0.231
-0.276
0.105
-0.328
0.795
-0.413
0.323
-0.918
-0.910
0.674
0.028
0.000
-0.723
-1.610
-0.745
1.179
-0.133
-0.743
-2.061
-0.997
-1.100
-1.524
-0.814
-0.248
0.179
0.187
-0.180
-0.209
0.642
-0.952
-0.278
0.126
-0.850
0.301
0.276
0.030
0.265
0.305
0.354
0.528
-0.019
0.590
0.350
1.018
0.855
-0.084
-0.083
1.277
0.555
-0.167
0.077
-0.313
0.157
-0.398
-0.221
-0.106
0.101
0.369
0.037
-0.241
0.522
-0.189
-2.043
-0.194
0.277
0.132
-1.520
-0.198
0.008
0.278
-0.211
-0.159
-0.339
-0.059
0.297
-0.779
-0.242
0.207
0.247
-0.328
-0.217
-0.275
-0.052
0.229
0.062
1.967
1.710
2.150
1.153
-0.025
0.910
0.114
1.719
1.350
0.840
-0.189
0.138
-0.048
-0.049
-0.076
0.117
0.569
0.212
-0.798
0.759
-0.900
-1.563
-0.374
-0.419
0.006
0.112
0.796
0.296
0.181
0.092
-4.268
-3.432
-2.220
-0.371
-1.831
