0.417
0.399
-0.004
-0.050
-0.553
-2.891
-0.138
-0.456
-2.212
-0.898
0.291
-2.682
-0.804
-0.694
-0.139
-2.107
-0.765
-0.818
-0.025
0.759
-0.046
0.129
1.497
-0.344
0.911
-0.793
1.757
-0.197
0.979
0.869
-0.024
-1.143
0.194
0.176
0.862
0.033
-0.381
-0.547
-0.106
-0.679
-0.054
-0.686
-0.220
-0.016
-0.148
-0.194
0.747
0.118
-1.164
-0.935
-1.715
0.462
-1.470
-1.281
-0.530
-0.913
-2.434
0.739
-0.489
0.523
-2.478
-0.749
-2.267
0.188
0.175
0.131
0.094
-1.268
-0.104
1.163
1.182
0.802
-0.015
0.005
0.524
0.161
0.448
0.282
0.306
0.565
-2.713
-0.244
0.235
-2.144
-0.475
-2.819
-1.911
-0.061
-0.004
-0.008
-0.089
-0.125
0.092
-0.036
-3.310
0.144
0.055
-0.523
-2.837
-1.097
-0.106
0.184
-3.198
-0.225
-1.822
-0.483
0.438
-0.629
-2.951
0.236
-0.036
-0.004
0.289
1.382
0.064
0.387
-2.997
1.027
-0.622
-0.677
-1.746
-2.940
-0.909
-0.608
0.192
-1.176
-1.540
-0.089
-0.669
-0.996
0.719
-0.901
0.153
-1.308
-0.032
-0.022
-1.443
-0.491
-0.426
2.412
-1.797
-0.269
0.236
-0.376
0.320
-0.640
2.362
1.673
0.147
0.372
0.090
0.400
0.356
-1.285
-0.601
-2.479
0.999
0.046
-0.445
-1.124
-0.611
-0.636
1.753
-0.745
1.081
-2.882
-0.785
-0.726
-1.260
-0.964
-0.161
-0.058
-0.082
0.125
-0.139
-0.086
-0.052
-0.004
0.063
0.169
0.047
-2.100
-0.931
0.340
0.123
1.060
0.175
-3.031
-2.104
-1.179
-3.123
-3.412
-0.576
-1.094
-0.532
-0.790
-0.827
0.367
-0.006
-0.004
0.171
0.035
-0.712
-0.468
-0.004
-0.603
0.139
-2.538
-0.950
1.031
-0.808
-1.628
-0.920
-0.144
-2.880
-1.263
-0.622
-0.726
-0.281
0.113
0.139
0.424
-0.269
-0.156
0.113
0.301
-0.004
-1.118
-0.022
-1.102
-0.727
0.114
0.068
0.041
-0.506
0.079
-0.672
1.021
0.089
-0.195
-1.354
-1.422
-0.646
-0.809
-1.081
0.061
-0.174
1.185
0.048
0.755
0.920
-0.770
-0.290
-0.297
-1.004
0.554
0.243
-0.038
-0.033
-0.304
-0.327
0.414
-0.367
0.459
0.039
0.855
0.495
-0.028
0.290
0.115
-0.278
-0.004
0.267
0.382
0.077
-0.480
-0.349
-0.182
-0.226
0.438
0.012
-0.165
-0.004
-0.004
-2.544
-0.019
0.138
0.081
-0.587
-0.694
0.547
0.617
0.108
0.555
0.233
0.516
0.536
0.118
-0.004
0.818
0.885
-0.113
0.019
0.064
0.434
-0.101
0.161
3.500
2.679
3.136
1.878
0.253
0.987
0.001
0.606
0.977
-1.032
-0.197
-0.138
-0.027
-0.247
-1.186
-0.113
1.214
0.495
-0.314
0.036
-0.527
-1.801
0.035
0.335
-0.255
0.012
1.050
0.168
-0.163
-0.062
-2.221
-2.586
-2.829
-1.388
-2.266
