0.586
0.737
0.001
0.001
1.398
2.843
0.001
1.219
2.080
0.841
-0.033
2.858
0.617
0.296
0.807
2.412
0.575
1.035
0.001
0.479
-0.193
0.112
-0.041
0.272
-0.098
-0.023
-0.351
0.872
-0.174
-0.067
0.022
0.001
-0.309
0.001
-0.056
0.221
0.519
0.678
0.266
0.377
0.076
0.775
0.001
0.007
0.009
0.058
-0.074
-0.008
0.980
0.923
1.163
0.330
1.936
1.665
1.886
1.273
2.269
-0.044
0.004
-0.421
2.810
1.093
1.602
0.064
-0.032
-0.603
-0.585
1.018
0.015
-0.313
-0.308
-0.116
0.001
-0.141
-0.095
0.122
-0.349
-0.035
-0.084
-0.059
2.090
0.607
0.001
2.494
0.180
3.105
1.646
0.790
0.801
0.422
0.532
0.468
-0.491
0.164
3.928
-0.028
0.070
0.053
2.474
0.978
0.442
-0.178
2.848
0.039
2.099
1.487
0.408
0.545
2.845
0.011
0.267
0.001
-0.783
-1.972
-0.387
-0.164
3.960
-0.738
1.437
0.896
2.424
2.682
1.197
0.369
0.001
1.585
2.058
0.065
0.877
0.685
0.054
0.323
-0.498
0.962
0.017
0.162
1.840
0.058
1.116
-1.618
2.187
0.468
0.225
0.604
-0.474
0.318
-1.902
-1.013
0.044
-0.857
0.074
-0.155
-0.060
2.710
-0.209
2.764
-1.054
1.646
1.218
2.335
0.063
0.030
-1.806
0.281
-1.030
2.542
1.178
0.522
1.094
1.209
0.536
0.234
0.399
0.001
0.415
0.325
0.087
0.001
0.001
0.001
-0.071
2.179
0.718
-0.164
0.042
-0.989
0.313
3.623
1.873
1.067
2.856
2.672
1.297
0.654
0.580
0.452
0.372
-0.165
0.081
0.070
0.015
0.006
0.420
0.309
0.001
0.327
-0.001
2.483
0.650
-0.608
1.165
1.911
0.831
0.001
2.963
0.957
0.206
0.115
0.187
0.001
0.001
0.001
0.088
0.013
0.001
0.001
0.001
0.783
-0.465
1.181
0.930
0.164
0.111
-0.296
0.102
0.001
0.019
-0.475
0.086
0.001
1.209
0.851
0.124
0.699
1.143
0.001
-0.027
0.077
0.028
-0.032
-0.385
1.054
0.388
1.629
2.509
-0.048
-0.156
1.077
0.739
0.624
0.839
-0.351
1.489
-0.034
0.226
-0.062
-0.382
0.433
0.097
0.594
0.251
0.001
-0.058
0.328
0.879
1.163
0.560
0.668
0.349
-0.056
0.001
0.297
0.001
0.271
2.431
0.103
0.093
0.137
-0.376
0.097
0.001
0.994
0.001
-0.048
0.025
-0.011
-0.036
0.001
0.001
-0.036
-0.156
0.002
-0.004
0.002
0.001
0.132
0.001
-2.849
-2.005
-2.649
-1.368
0.333
-1.054
0.281
-0.147
-0.469
0.739
0.125
0.528
0.089
1.528
1.231
0.085
-1.363
-0.063
0.001
0.708
0.854
1.777
0.001
0.329
0.824
0.001
-0.438
0.098
0.393
0.191
2.630
3.464
3.788
1.976
3.293
