-0.295
0.344
1.915
0.051
-0.817
-2.898
0.170
-0.534
-1.933
-0.738
0.048
-3.350
-0.602
0.222
-0.208
-2.078
-0.392
-0.616
-0.119
-0.358
0.481
0.196
2.459
-0.310
0.140
-0.335
0.418
-0.306
0.252
0.331
-0.083
-1.098
0.012
0.320
1.516
0.382
0.057
-0.270
-0.114
-0.422
-0.130
-0.558
-0.162
-0.383
-0.140
-0.028
0.484
-0.158
-0.461
-0.500
-1.292
0.095
-2.445
-1.721
-2.015
-0.342
-2.820
-0.168
-0.185
-0.458
-2.766
-0.977
-2.194
0.099
0.025
0.232
0.101
-1.026
0.052
0.673
0.691
0.075
0.119
0.093
-0.046
0.033
0.965
0.289
0.167
0.274
-3.350
0.004
0.111
-2.022
-0.106
-2.845
-1.334
0.127
0.277
0.073
0.144
0.049
-0.226
-0.012
-2.374
0.567
0.042
-0.089
-2.823
-0.754
0.406
-0.005
-3.727
0.186
-1.306
-0.514
0.237
0.153
-2.681
0.325
0.085
0.011
0.035
2.169
-0.037
0.229
-4.513
0.485
-0.268
-0.877
-2.117
-2.120
-1.019
-0.178
0.070
-1.571
-1.288
0.199
0.058
-0.608
1.013
-0.714
0.219
-1.973
0.034
0.033
-0.741
0.126
0.787
2.681
-2.140
-0.880
-0.025
-0.213
0.160
-0.206
1.856
1.200
0.002
0.503
-0.187
0.259
0.106
-0.934
-0.536
-3.468
0.835
0.322
-0.183
-0.801
0.019
-0.117
0.995
-0.097
0.417
-3.817
-1.292
-0.538
-1.473
-1.760
-0.297
-0.071
-0.201
0.401
-0.288
-0.311
0.030
0.190
0.194
0.628
0.108
-2.029
-0.951
0.014
0.060
0.790
0.082
-2.566
-2.227
-1.137
-2.566
-2.724
-0.372
-0.725
-0.193
-0.397
-0.375
0.180
0.100
0.031
0.153
0.047
-0.160
-0.186
-0.003
-0.286
-0.014
-2.446
-0.417
0.575
-0.697
-1.149
-0.364
-0.126
-3.049
-1.276
-0.043
-0.114
0.503
0.157
0.345
0.332
-0.132
-0.165
0.275
0.198
0.035
-0.429
0.149
-1.168
-0.412
-0.012
-0.110
-0.044
-0.063
1.173
-0.704
0.853
0.049
-0.304
-1.034
-1.581
-0.530
-0.508
-1.493
0.091
0.152
0.259
0.036
0.329
0.709
-0.497
-0.229
-1.085
-1.378
0.937
0.627
-0.417
-0.268
-1.014
-0.654
0.339
-1.139
0.466
-0.453
0.537
0.410
-0.239
0.056
-0.556
-0.228
0.163
-0.005
0.064
0.037
-0.293
-0.242
-0.244
-0.124
0.237
0.092
-0.074
0.140
-0.094
-2.587
-0.026
-0.036
-0.349
-0.418
-0.087
0.648
0.489
-0.121
-0.095
-0.027
0.075
0.184
0.044
-0.060
0.139
0.149
-0.139
-0.090
-0.100
-0.032
0.137
0.219
2.853
2.215
2.557
1.502
0.131
0.574
-0.024
0.956
0.774
-0.306
-0.196
-0.133
-0.017
-0.176
-0.163
-0.109
1.255
0.674
-0.159
-0.007
-0.312
-1.338
0.066
-0.088
0.151
0.270
0.636
0.219
0.122
0.011
-2.080
-2.932
-2.956
-0.431
-2.781
