0.006
0.006
0.006
0.369
0.330
2.180
0.076
0.096
1.881
1.414
0.094
3.147
2.208
-0.337
1.132
2.745
2.135
0.074
0.386
0.025
-0.509
-0.529
-0.481
0.259
0.817
0.006
-0.434
-0.072
-0.116
0.006
0.734
1.414
0.150
0.074
0.037
0.006
0.570
0.681
0.092
0.541
0.071
1.053
0.088
0.110
0.132
0.001
-0.493
0.050
1.151
-0.106
0.607
0.819
1.159
1.070
0.601
0.979
2.488
0.035
0.066
0.006
2.943
2.316
0.596
0.287
0.006
-0.261
0.860
0.006
0.484
-0.076
-0.052
0.006
0.006
0.222
0.006
0.006
0.006
-0.026
0.071
0.006
2.478
0.073
-0.156
2.314
0.819
3.496
1.790
0.014
0.006
1.762
0.006
0.009
0.099
0.472
3.277
-0.090
0.045
0.360
2.851
2.354
0.398
0.006
3.021
1.351
1.146
0.054
0.130
0.659
2.456
-0.166
-0.048
0.006
-0.027
-1.724
1.493
-0.985
3.153
-1.201
-0.078
1.129
0.549
1.170
0.619
1.015
0.345
0.096
1.889
0.427
0.477
0.269
-0.463
0.006
0.006
0.006
0.006
0.006
1.751
0.103
0.885
-1.639
1.023
0.045
0.268
0.714
-0.580
0.960
-2.300
-0.842
0.130
0.135
0.796
0.006
0.006
0.593
-0.105
0.852
-0.008
0.383
0.278
0.465
1.549
0.373
-1.428
1.654
-0.531
4.715
0.660
1.157
3.600
0.975
0.951
0.006
0.974
0.119
0.073
0.172
0.171
0.601
0.370
0.454
0.006
2.371
1.089
0.518
0.076
-0.095
0.594
1.773
1.858
0.870
3.393
2.825
1.621
2.478
0.006
0.049
0.608
0.006
0.006
0.006
0.006
0.006
0.006
0.006
0.006
0.006
0.272
2.320
1.401
-0.116
0.718
1.014
1.852
0.083
2.357
1.315
0.006
-0.022
0.097
-0.030
0.066
0.096
0.006
0.398
0.006
-0.085
0.006
1.098
0.073
1.763
0.380
1.023
0.135
0.006
-0.149
-1.200
0.668
0.006
0.071
0.006
0.006
0.006
0.006
-0.170
0.942
0.145
0.138
0.240
-0.290
2.131
-0.390
0.956
0.006
0.052
0.615
-0.015
0.006
0.006
0.071
0.006
0.006
-0.097
0.006
-0.214
0.046
-0.139
-0.443
0.042
-0.024
0.182
0.006
0.006
0.006
0.006
-0.466
0.006
0.787
0.730
0.138
-0.133
-0.210
0.725
0.121
0.140
2.872
-0.073
0.054
-0.237
-0.015
2.101
0.913
-0.078
0.006
0.006
0.046
0.006
0.006
0.061
0.043
-0.166
0.006
0.383
0.006
0.006
-0.017
0.082
0.434
-1.570
-1.520
-1.510
-1.159
0.062
-0.006
0.034
-0.369
0.438
0.911
0.238
0.296
0.130
1.193
1.781
0.728
-0.059
0.675
0.462
0.006
0.198
1.674
0.337
-0.294
0.374
1.543
-0.158
0.588
0.006
0.272
1.337
2.825
2.611
0.823
0.811
