0.201
0.485
1.573
-0.123
-0.883
-2.460
-0.264
-0.276
-1.677
-0.730
-0.047
-2.492
-0.830
-0.511
0.211
-2.415
-0.536
-0.581
-0.176
-0.657
0.505
0.644
1.362
-0.702
0.229
0.407
0.506
-0.370
0.057
-0.001
-0.046
-0.963
0.294
0.261
1.141
1.526
-0.425
-0.298
-0.144
-0.185
-0.575
-1.076
-1.120
-0.527
-0.037
-0.079
0.495
0.301
-1.425
-0.799
-1.552
0.443
-1.419
-1.206
-0.783
-0.493
-2.238
0.585
-0.748
0.132
-1.672
-0.268
-2.443
0.186
0.502
-0.102
0.176
-0.715
-0.079
0.511
0.403
0.275
0.308
0.186
0.309
-0.077
0.655
0.739
0.192
0.311
-3.113
-0.281
1.039
-2.098
-1.024
-2.139
-1.808
-0.231
0.247
-0.341
-0.341
-0.436
-0.217
-0.041
-3.024
0.974
0.121
0.028
-3.139
-1.188
-0.316
1.151
-3.699
-0.296
-1.425
-0.862
-0.102
0.379
-2.656
0.158
0.169
0.252
0.120
2.323
0.146
0.192
-3.846
0.727
-1.072
-0.262
-1.763
-2.704
-1.295
-0.339
0.078
-1.083
-1.238
0.021
-0.029
-0.176
0.606
-0.603
-0.141
-0.999
0.163
-0.158
-1.340
-0.281
0.088
2.411
-2.171
-0.381
0.093
-0.134
0.333
0.040
2.100
0.689
0.088
0.112
-0.306
0.173
0.084
-0.578
1.545
-3.191
0.304
0.550
0.074
0.074
-0.513
0.074
1.185
-0.651
0.563
-3.365
-0.559
-0.519
-1.037
-0.584
-0.391
-0.317
-0.386
0.375
0.019
-0.422
-0.008
0.102
0.253
0.168
-0.197
-1.600
-0.358
0.143
-0.231
0.762
0.320
-3.080
0.074
-1.188
-3.024
-3.966
-0.690
-1.060
-0.851
-0.576
-1.136
0.118
-0.023
0.076
0.164
0.112
-0.433
-0.538
0.065
-0.203
0.002
-2.476
-1.049
0.647
-0.338
-1.211
-0.817
-0.486
-3.121
-1.565
0.502
-0.052
0.417
0.347
0.074
0.217
-0.223
0.128
-0.030
0.100
0.481
-0.348
-0.492
-1.071
-0.657
-0.080
-0.229
0.325
-0.726
0.309
-1.212
0.605
-0.104
-0.319
0.074
-1.721
-0.624
-1.016
-1.090
0.074
0.165
0.158
0.130
0.025
0.762
-0.801
-0.537
-0.137
-0.412
0.627
0.816
0.519
-1.542
-0.274
-0.996
0.147
-1.023
0.495
0.276
0.753
0.297
-0.112
-0.040
0.200
-0.136
-0.092
-0.111
0.081
0.161
-0.142
-0.481
-0.673
-0.749
0.174
0.110
-0.785
0.174
0.074
-2.276
-0.204
-0.216
0.208
1.991
-0.345
0.401
0.537
-0.101
0.399
0.169
-0.180
-0.133
-0.576
-0.255
0.495
-0.051
-0.107
0.277
0.087
0.197
-0.503
0.033
2.973
2.272
2.651
1.650
0.068
0.366
-0.772
0.270
0.401
-0.557
-0.558
-0.023
-0.275
-0.549
-1.012
-0.597
0.993
-0.044
0.074
-2.021
-0.384
-1.667
-0.581
0.037
-0.256
-0.123
0.728
-0.001
0.154
-0.141
-1.297
-2.810
-3.399
-0.678
-1.622
