0.068
-0.264
1.367
0.137
0.132
-2.623
0.178
-0.252
-1.173
-0.579
0.037
-3.489
-0.936
-0.815
0.463
-1.999
-0.435
0.008
0.107
0.083
0.684
1.142
1.951
0.270
-0.031
0.020
0.775
-0.004
0.294
0.128
-0.097
-1.354
0.055
-0.815
-0.616
-0.915
0.228
-0.906
-0.401
-0.339
0.104
-1.887
-0.128
-1.012
0.382
0.201
0.474
0.182
-0.496
-1.261
-1.092
1.058
-3.005
-2.665
-0.866
0.171
-2.837
0.773
-0.210
0.832
-2.628
-0.574
-1.895
0.216
0.044
0.162
-0.015
-1.284
0.086
0.057
0.077
0.096
0.027
0.349
0.157
0.117
0.555
0.148
0.048
0.076
-2.009
0.165
0.710
-1.493
-0.200
-2.754
-1.049
0.119
0.256
0.144
0.173
0.137
0.193
-0.720
-0.869
-0.155
0.233
-0.352
-2.025
-0.091
0.451
0.339
-2.773
-0.035
-1.249
-1.342
-0.119
-0.276
-2.162
-0.256
-0.181
-0.128
0.231
1.244
0.372
0.548
-3.157
0.479
-0.653
-0.640
-1.578
-1.900
-1.433
0.152
0.563
-2.735
-1.353
0.480
-0.264
-0.198
0.151
0.587
0.298
0.122
-0.048
0.020
-1.183
-0.085
0.393
1.470
-3.349
0.016
-1.536
-1.911
-1.159
0.089
2.619
1.700
-0.076
0.504
0.125
2.023
0.191
-2.564
-1.672
-2.374
1.087
-0.570
-0.205
-1.747
-0.920
-0.393
0.204
-0.915
-0.270
-3.383
-1.132
-0.798
-1.151
-0.885
-0.513
-0.457
-0.130
0.135
-0.304
-0.187
0.002
0.125
0.154
0.092
0.208
-1.653
-0.665
0.217
0.097
0.769
-0.197
-3.106
-2.021
-1.095
-2.082
-0.624
-0.254
-0.075
-0.449
-0.128
-0.288
0.226
0.164
0.119
-0.233
-0.031
0.183
0.087
0.109
-0.129
0.114
-2.334
-0.493
0.510
-0.861
-1.366
-1.271
0.163
-1.894
-0.271
-0.302
-0.169
-0.089
0.433
0.022
-0.264
-0.275
0.140
-0.191
0.244
0.731
-1.418
0.080
-0.758
-0.962
-0.009
0.300
-0.116
-0.482
-0.786
-0.004
1.162
-0.054
-0.076
-1.431
-1.148
-0.227
-0.950
-2.119
0.110
0.171
0.132
0.263
-0.200
0.425
-0.862
0.281
-0.632
-1.203
-0.543
-0.228
-1.844
-0.132
0.129
-0.528
-0.039
-0.626
-0.177
-0.901
0.180
0.529
-0.107
0.156
0.222
-0.030
-0.220
0.116
-0.011
0.069
0.103
-0.487
0.011
-0.805
0.233
0.110
0.054
-0.254
0.043
-1.995
0.079
0.117
0.171
-1.481
-0.699
0.217
0.554
-0.063
0.268
0.186
0.162
0.188
-0.067
-0.172
0.488
0.384
0.068
0.148
-0.063
0.109
0.122
-0.049
2.031
2.031
2.435
1.104
1.569
1.659
0.078
0.647
0.393
0.672
0.072
0.064
0.144
-0.002
-0.060
0.207
1.219
0.607
-0.391
0.309
-1.026
-1.245
0.192
0.106
0.537
0.367
0.871
-0.142
0.061
0.175
-3.007
-4.974
-0.448
0.396
-0.905
