0.153
0.288
-0.026
-0.380
-0.245
-2.976
0.004
-0.087
-2.036
-0.920
0.074
-4.107
-1.122
-0.403
-0.258
-1.731
-0.907
-0.452
-0.119
-0.162
0.450
0.448
1.761
-0.759
0.274
-0.239
1.212
0.344
0.388
0.666
-0.085
-0.703
0.697
0.029
0.406
0.011
-0.520
-0.913
-0.169
-0.071
-0.152
-0.539
-1.534
-0.279
-0.203
-0.113
0.055
0.033
-0.304
-0.509
-1.657
-0.251
-1.684
-1.822
-1.443
-0.908
-3.061
-0.005
-0.985
-0.592
-3.638
-1.199
-2.269
0.016
0.110
-0.145
-0.039
-0.595
-0.649
0.400
0.839
0.094
-0.190
-0.386
-0.008
0.225
0.088
0.116
0.233
0.033
-3.261
-0.032
0.176
-2.344
-0.594
-2.255
-1.197
-0.151
-0.072
0.124
-0.031
0.009
0.034
0.026
-2.663
0.671
-0.044
-0.040
-2.978
-0.372
0.317
0.018
-5.068
-0.020
-1.242
-0.347
0.131
-0.216
-3.586
0.414
0.033
0.033
0.037
1.956
0.128
0.369
-5.494
0.486
-1.426
-0.841
-2.935
-3.184
-1.899
-0.726
0.001
-1.497
-2.361
0.161
-0.102
-0.085
0.362
-0.772
-0.012
-1.397
0.046
0.138
-1.003
-0.213
-0.205
2.214
-1.659
-0.560
0.045
-0.246
0.554
-0.111
2.413
1.421
0.032
0.015
0.144
0.113
0.238
-0.926
-0.732
-3.076
0.556
-0.207
-0.053
-0.720
-0.333
-0.368
0.960
-0.391
0.785
-2.668
0.115
-0.097
-0.564
-0.012
-0.109
-0.363
-0.099
0.175
-0.253
-0.246
-0.045
0.027
0.118
0.458
0.170
-2.146
-0.740
0.086
0.077
1.295
0.070
-3.096
-2.494
-0.967
-3.276
-4.159
-0.191
-0.220
-0.517
-0.298
-0.734
0.066
0.028
0.033
0.033
0.033
-0.555
-0.191
-0.285
-0.318
-0.074
-2.699
-1.181
0.884
-0.232
-1.187
-0.492
-0.160
-3.112
-1.244
-0.542
-0.802
-0.253
0.329
0.375
0.432
-0.026
-0.013
0.225
0.630
1.001
-0.791
-0.053
-0.992
-0.834
0.033
-0.040
0.072
-0.468
0.110
-0.997
1.191
-0.099
-0.036
-1.472
-1.124
-0.488
-0.102
-2.004
-0.034
0.039
-0.536
0.751
0.096
0.778
-1.006
-0.046
-0.097
-1.090
1.130
1.242
0.138
-0.772
-0.214
-1.002
0.845
-0.358
1.568
0.065
1.789
0.313
-0.098
0.010
-0.849
-0.312
0.033
-0.043
0.033
0.011
-0.481
-0.119
-0.059
-0.195
0.286
0.223
-0.009
0.248
-0.078
-3.784
-0.072
0.100
-0.217
-0.725
-0.356
0.671
2.189
0.037
0.174
0.568
0.523
0.434
0.300
0.027
0.507
0.365
0.203
0.050
-0.077
0.490
0.006
-0.043
3.292
2.437
3.202
1.614
0.378
0.655
-0.101
0.273
0.909
-0.207
-0.128
-0.240
-0.052
-0.624
-0.511
-0.215
0.844
-0.100
-0.274
0.028
-0.094
-1.142
0.046
0.256
-0.120
-0.560
0.492
0.116
-0.376
0.004
-1.244
-2.721
-2.624
-1.020
-1.253
