0.798
0.836
-0.318
0.132
0.185
3.463
0.243
0.653
3.051
1.447
-0.074
3.073
1.128
0.436
0.079
2.369
0.950
0.552
0.121
-0.264
0.523
-0.114
-1.095
0.569
-0.200
0.759
-0.966
0.724
-0.360
-0.208
0.382
1.757
-0.120
-0.005
-0.838
-0.157
0.411
0.384
0.200
0.644
0.581
0.755
0.607
0.414
0.613
0.571
-0.224
0.276
1.200
0.401
1.389
0.172
2.708
2.084
0.922
0.451
2.318
-0.201
-0.110
-0.205
3.203
1.156
1.367
-0.173
0.138
-0.641
-0.251
0.527
0.157
-0.599
-0.792
-0.339
0.059
0.252
-0.273
-0.084
-0.811
-0.118
-0.243
-0.442
2.268
0.330
-0.168
2.009
0.168
2.275
1.706
0.309
0.316
0.450
0.347
0.268
0.205
0.219
3.630
-0.833
0.192
0.474
2.937
1.269
0.016
0.110
3.464
-0.017
1.832
0.171
-0.607
0.596
2.982
-0.294
-0.146
-0.157
0.547
-2.341
-0.042
-0.264
3.524
-1.450
0.438
0.345
1.605
2.110
1.651
0.458
-0.294
0.469
1.596
-0.282
0.500
0.391
-0.261
0.005
0.038
2.023
0.281
0.166
1.914
0.043
0.180
-2.419
2.300
0.387
-0.149
0.203
-0.661
0.310
-3.784
-2.187
-0.098
-0.386
0.005
-0.158
-0.029
1.612
1.042
3.315
-0.635
0.445
0.674
1.375
0.701
0.624
-1.440
0.768
-0.771
2.519
0.082
0.643
1.041
0.422
0.665
0.722
0.474
-0.118
0.688
0.721
0.186
0.120
0.053
-0.042
-0.102
2.221
1.078
-0.020
-0.005
-0.855
0.119
3.407
2.227
1.455
3.237
3.639
0.772
0.638
0.594
0.306
0.603
-0.365
-0.014
0.015
-0.418
-0.191
0.430
0.368
0.217
0.326
-0.164
2.984
1.070
-0.629
1.104
1.601
1.235
0.338
2.057
0.839
0.303
0.393
0.276
-0.405
-0.197
-0.118
0.069
0.086
-0.136
-0.577
-0.144
0.887
0.160
1.287
0.803
-0.187
0.030
0.172
0.959
-0.097
0.924
-1.253
0.025
0.051
1.383
0.945
0.370
0.743
0.603
-0.234
0.149
-0.162
-0.292
-0.046
-0.618
1.219
0.278
0.472
1.085
0.539
0.787
0.732
-0.171
0.131
0.954
-0.048
0.484
-0.135
-0.168
-0.651
-0.357
0.158
-0.002
-0.132
0.010
0.223
0.051
-0.002
0.060
1.170
0.220
0.275
0.416
-0.191
-0.071
0.107
-0.024
0.251
2.784
0.244
0.093
0.074
1.112
0.733
-0.400
0.857
0.181
0.121
0.196
0.034
-0.175
-0.646
0.258
-0.872
-0.634
-0.017
-0.044
0.164
-0.529
0.056
-0.092
-3.191
-2.413
-2.636
-1.731
0.063
-0.562
0.033
-1.534
-1.047
0.589
0.092
0.207
0.080
0.414
0.586
0.254
-1.190
-0.394
0.347
0.113
0.645
1.703
0.108
-0.341
1.006
0.269
-0.502
-0.051
0.485
0.405
2.298
3.099
3.417
1.441
1.747
