0.693
0.331
-1.293
0.302
0.674
2.854
0.304
0.494
1.834
0.639
0.114
2.948
0.533
0.434
0.703
2.433
0.428
0.866
0.142
0.160
-0.309
0.015
-1.297
0.654
0.123
-0.557
-0.500
0.995
0.245
-0.165
0.182
1.139
-0.213
0.145
-0.380
0.076
0.541
0.413
0.309
0.495
0.286
0.557
0.851
0.523
-0.428
-0.006
-0.292
0.334
1.082
0.449
1.072
0.266
2.282
2.138
0.193
0.289
2.388
-0.898
0.303
-1.145
2.314
0.554
2.151
0.140
0.148
0.245
-0.112
0.977
0.185
-0.427
-0.362
-0.306
-0.425
0.193
-0.217
0.069
-0.857
-0.353
0.126
-0.093
2.635
0.386
-0.331
2.381
1.040
2.905
2.058
0.436
0.386
0.253
0.393
0.428
0.337
0.309
3.006
-0.122
0.027
0.189
2.537
1.168
-0.154
-0.072
3.086
0.148
1.367
0.706
0.194
-0.020
2.980
0.151
0.209
-0.082
-0.297
-0.644
-0.193
0.162
3.328
-0.503
0.210
0.667
1.497
2.970
1.603
0.499
0.199
0.942
1.472
0.257
0.764
0.846
-1.036
0.290
0.121
1.052
0.241
0.236
1.280
0.243
0.190
-2.003
1.628
0.570
-0.092
0.510
-0.316
0.566
-2.216
-1.562
-0.119
-0.612
0.359
-0.258
-0.228
0.693
-1.097
1.809
-0.631
-0.099
-0.109
0.413
0.373
-0.198
-0.742
0.411
-0.444
2.820
0.935
0.839
1.237
1.029
0.282
0.262
0.067
-0.426
0.354
0.275
0.243
0.128
-0.030
-0.397
0.162
1.936
0.657
0.399
0.150
-0.455
0.286
2.835
2.237
0.990
2.535
3.056
0.997
0.573
0.211
0.330
0.281
-0.009
-0.050
0.222
-0.092
-0.069
0.405
0.229
0.229
0.138
0.264
2.092
0.503
-0.804
0.639
1.142
0.478
0.201
2.893
0.893
0.199
0.309
0.229
-0.266
-0.159
-0.176
0.151
0.159
-0.257
-0.262
-0.354
0.552
0.263
0.888
0.843
0.276
0.144
0.053
0.465
-0.066
0.750
-0.487
0.089
0.053
-0.081
1.415
0.449
0.451
1.177
-0.019
-0.103
-0.357
-0.174
-0.229
-0.417
0.767
0.491
0.212
0.405
-0.578
-0.694
-0.546
0.167
0.200
-0.017
-0.342
0.202
-0.750
-0.067
-1.118
0.229
0.197
-0.039
-0.143
0.259
0.067
0.066
-0.325
0.246
0.322
0.288
0.426
0.377
-0.149
-0.091
-0.145
-0.109
0.152
1.767
0.160
0.113
-0.156
-1.404
0.320
-0.819
-2.110
0.129
-0.508
0.142
-0.173
0.020
-0.163
0.222
-0.417
-0.005
0.123
0.164
0.110
-0.158
0.196
0.075
-2.795
-1.842
-2.076
-1.407
0.110
-0.230
0.112
-0.421
-0.506
-0.026
0.263
0.384
0.173
0.299
0.792
0.209
-1.049
-0.159
0.089
0.167
0.417
1.658
0.214
0.265
0.217
0.290
-0.383
0.028
0.232
0.088
1.446
2.221
2.862
1.652
1.372
