-0.933
0.041
-0.216
-0.595
-1.064
-3.312
-0.227
-0.249
-2.387
-1.214
0.503
-2.237
-0.920
0.584
-0.013
-2.712
-1.342
-0.140
0.148
-0.303
-0.216
-0.154
1.889
-0.259
0.692
-0.216
1.218
-0.216
0.470
0.079
0.495
-1.414
-0.171
-0.299
-0.061
-0.071
-0.522
-0.256
-0.164
-0.197
-0.216
-0.300
-0.227
-0.546
-0.216
-0.269
0.793
-0.216
-0.330
-0.168
-1.505
-0.033
-1.554
-1.740
-2.059
-0.579
-2.319
-0.046
-0.378
-0.070
-2.595
-1.015
-0.862
-0.286
-0.151
0.631
-0.210
-0.287
-0.216
0.355
1.139
0.469
0.163
0.232
0.079
-0.098
2.109
0.881
-0.189
0.075
-1.886
0.215
0.305
-1.999
-0.419
-2.257
-0.956
-0.168
0.322
-0.090
0.439
-0.135
0.720
-0.250
-4.080
-0.034
-0.210
-0.591
-2.598
-1.731
0.097
0.114
-3.891
0.312
-1.670
-0.592
-0.007
-0.091
-2.415
0.036
-0.903
0.041
0.142
1.540
0.336
0.364
-5.111
-0.132
-0.314
-1.125
-2.070
-3.000
-2.842
-0.312
0.069
-1.392
-1.689
0.126
0.317
-1.023
1.167
-0.459
0.237
-1.257
-0.057
-0.076
-1.693
-0.918
-0.158
1.191
-1.847
-0.242
-0.125
-0.557
-0.173
-0.898
2.034
1.280
-0.202
-0.216
-0.903
-0.089
0.116
-1.646
-0.685
-3.465
0.361
-0.437
-0.239
-1.216
0.093
-0.402
2.124
0.029
1.845
-1.881
-1.122
-0.748
-2.148
-1.338
-0.664
-0.336
-0.214
-0.061
-0.568
-0.565
-0.390
-0.240
-0.148
0.311
-0.212
-1.277
-0.413
0.574
-0.241
0.420
-0.171
-2.820
-1.641
-1.102
-3.741
-2.604
-1.017
-0.342
-0.247
-0.726
-0.366
0.230
-0.092
-0.188
0.330
0.450
-0.189
-0.231
-0.451
-0.352
0.215
-1.884
-0.871
-0.112
-1.005
-0.894
-1.071
-0.163
-3.384
-1.685
-0.524
-0.275
-0.169
0.001
-0.216
-0.216
-0.233
-0.229
-0.216
-0.193
-0.134
-0.257
0.539
-0.609
-1.002
0.494
0.516
-0.236
-0.488
-0.502
-0.841
2.315
0.100
-0.211
-1.908
-0.370
-0.614
-1.125
-1.263
0.497
-0.062
0.041
-0.196
0.308
1.505
-0.630
-0.061
0.007
-0.190
0.342
0.048
-0.061
0.577
-0.185
0.042
0.121
-0.072
0.000
-0.216
0.866
0.174
-0.142
-0.134
1.822
0.617
0.276
-0.022
-0.206
-0.155
-0.885
-0.544
-0.398
-1.129
0.680
0.166
-0.298
-0.235
-0.168
-2.871
-0.142
-0.165
-0.619
-1.075
-0.122
0.665
-0.216
-0.366
-0.298
-0.298
-0.253
0.121
-0.338
-0.122
0.735
-0.116
-0.280
-0.245
-0.236
0.296
-0.402
-0.222
4.351
3.126
2.752
2.898
-0.119
0.090
-0.183
0.226
2.222
-1.673
-0.353
-0.216
-0.246
0.749
0.384
0.127
1.302
-0.203
0.457
-0.607
-0.255
-1.546
1.246
-0.106
-0.885
-0.193
0.426
0.360
-0.046
-0.021
-0.987
-4.468
-3.381
-0.230
-0.595
