1.337
1.637
0.083
0.286
0.770
2.606
0.084
0.291
1.316
0.460
0.122
2.459
0.787
0.707
0.053
2.112
1.301
0.066
0.219
0.358
-0.040
-0.437
-1.541
1.545
0.161
-0.040
-0.603
0.000
0.233
-0.255
-0.096
0.868
0.353
0.104
-0.165
-0.040
0.060
0.464
0.308
0.789
0.400
0.473
0.817
0.289
0.111
0.426
0.055
-0.040
0.717
-0.127
0.020
0.450
2.572
2.042
0.827
0.277
2.842
-0.624
0.104
-0.080
3.372
1.891
1.797
-0.476
-0.247
0.251
0.330
0.859
-0.063
-0.915
-0.746
-0.762
-0.376
0.201
-0.564
-0.156
-0.638
-0.800
-0.002
-0.651
2.875
0.228
-0.208
2.079
0.576
3.069
1.242
0.145
0.170
-0.128
-0.013
0.300
-0.360
0.030
3.605
-0.802
-0.170
0.582
2.710
1.641
0.411
-0.297
3.611
0.564
0.725
-0.040
-0.040
-0.040
2.898
0.247
-0.128
-0.007
-0.235
-1.284
0.446
0.750
3.556
0.571
0.177
1.249
1.859
3.049
1.869
0.749
-0.112
1.562
1.826
-0.031
0.198
0.829
-1.210
1.253
0.036
1.111
0.263
0.022
1.097
0.585
-0.541
-2.064
1.940
0.530
0.336
0.578
-0.069
0.186
-2.517
-0.981
-0.031
0.317
0.402
-0.171
-0.243
0.819
-0.040
2.933
-0.735
-0.173
-0.037
-0.024
0.375
0.023
-0.965
0.397
-0.434
3.768
0.146
0.647
1.842
0.766
0.603
0.763
-0.039
-0.030
0.475
0.740
0.527
0.261
0.011
0.058
0.353
1.680
0.591
-0.040
0.217
-0.696
0.558
3.151
2.560
0.697
1.956
5.423
1.139
1.009
0.985
-0.040
0.141
-0.267
-0.165
-0.064
-0.211
-0.073
0.129
0.494
-0.040
0.525
0.318
2.363
0.915
-1.028
0.812
1.338
1.086
0.790
3.213
1.810
0.386
0.337
0.332
-0.422
-0.083
-0.310
0.404
0.315
-0.176
-0.762
-0.536
0.684
0.281
0.899
0.525
0.443
1.558
-0.075
0.017
-0.040
0.172
-0.661
-0.129
-0.005
-0.040
0.077
-0.004
0.000
1.132
-0.304
-0.416
-0.733
-0.452
-0.162
-0.797
0.999
0.090
0.536
0.673
-0.830
-0.674
-0.182
2.120
1.075
1.049
-0.325
1.320
-0.086
-0.045
-0.705
0.972
0.321
-0.207
-0.214
-0.071
0.097
0.087
-0.040
-0.028
0.637
-0.032
0.014
0.399
-0.257
-0.042
-0.214
-0.160
-0.093
3.429
0.038
-0.003
0.378
-0.040
0.319
-0.441
-1.384
0.154
-1.781
0.071
0.020
0.027
0.365
-0.009
-0.300
-0.125
0.486
0.067
0.076
0.041
0.271
-0.040
-3.602
-2.948
-2.802
-2.192
-0.214
-0.735
0.204
-0.273
-1.152
-0.163
-0.040
-0.040
0.153
0.120
0.494
0.069
-1.587
0.218
0.367
-0.060
0.234
1.352
-0.204
-0.746
0.612
0.015
-0.174
-0.017
0.444
-0.189
2.214
2.366
5.377
1.230
1.794
