0.261
0.060
1.693
-0.561
-1.340
-2.994
-0.826
-1.330
-1.791
-0.522
-0.930
-3.673
-0.742
-0.739
-0.709
-2.276
-0.253
0.113
-0.230
-0.035
0.515
0.624
1.967
-0.421
0.150
0.414
1.335
-0.761
0.414
0.987
-0.095
-1.360
1.850
-0.106
0.395
0.414
-1.198
-0.906
-0.365
-0.273
-0.069
-0.188
-0.759
0.247
0.114
-0.403
1.658
0.118
-1.470
-0.467
-2.134
-0.238
-2.781
-3.339
-1.997
0.414
-3.083
-0.439
-0.331
0.414
-2.562
-1.010
-2.061
0.389
0.548
-0.557
0.495
-1.379
-0.224
0.814
0.852
0.738
-0.343
-0.594
0.549
0.213
0.515
0.638
0.047
0.546
-4.022
-0.385
0.377
-2.437
-1.299
-4.100
-3.958
-0.426
-0.450
0.681
-0.046
-0.108
0.608
-0.566
-3.216
0.739
0.118
-0.751
-3.382
-1.748
-0.668
0.479
-3.793
-0.180
-2.541
-1.195
-0.188
0.414
-2.995
-0.551
-0.239
-0.287
0.424
1.761
0.414
-0.223
-4.109
-0.378
-1.063
-1.182
-2.458
-3.079
-1.464
-0.504
-0.434
-1.588
-2.544
-0.363
-0.661
-1.551
0.894
-0.570
-0.119
-0.957
-0.237
-0.239
-2.066
-0.429
-0.605
1.890
-2.548
-0.707
0.499
-0.038
0.714
-0.760
2.085
1.499
0.414
0.914
-0.860
0.449
0.446
-1.979
0.414
-4.604
0.754
0.069
0.118
-1.794
-0.605
0.388
2.050
-0.675
1.229
-3.834
-0.708
-1.469
-1.573
-1.069
-0.472
0.414
-0.609
0.363
-0.438
-0.476
-0.280
-0.165
-0.309
0.392
-0.026
-1.527
-0.750
-0.352
-0.322
0.581
0.034
-2.057
0.414
-1.060
-2.669
-3.763
-1.131
-2.362
-0.771
-0.218
-0.603
0.390
0.409
0.410
0.654
0.782
0.059
0.016
0.190
-0.340
-0.220
-2.787
-1.084
0.596
-1.152
-1.543
-0.965
-0.316
-2.523
-1.039
-0.368
0.139
0.016
0.406
0.260
0.339
-0.355
-0.380
0.463
0.414
0.399
-0.555
0.430
-0.984
-1.008
-1.020
-0.944
0.188
-0.189
-0.448
-0.559
0.265
-0.252
-0.377
0.414
-0.936
-0.049
-0.306
-0.601
0.414
-0.271
0.927
0.414
0.704
0.351
-1.443
-0.252
-0.646
-0.100
-0.138
0.280
-0.242
-0.363
-0.348
-0.588
-0.183
-1.198
0.039
-0.077
0.288
-0.236
-0.614
0.414
0.090
-0.523
-0.282
0.220
0.338
-0.374
0.079
-0.487
-0.315
-0.337
0.329
0.192
-0.113
-0.180
0.054
-2.240
-0.201
0.150
-0.337
0.414
-0.671
0.163
-0.083
-0.277
1.121
0.360
0.414
0.398
-0.132
-0.053
0.626
0.432
-0.436
0.428
-0.269
0.848
-0.311
-0.327
2.775
2.290
2.161
1.902
0.301
0.596
-0.245
0.318
0.713
-0.783
-0.122
0.414
0.210
-0.279
0.641
-0.290
1.731
0.374
-0.327
0.286
-1.056
-1.464
0.471
0.183
-0.567
-0.623
-0.016
0.239
0.233
-0.293
-1.832
-3.264
-3.734
-0.655
-2.744
