0.332
0.232
0.784
0.373
0.003
3.310
0.457
0.001
2.054
0.433
-0.008
4.008
1.058
-0.173
0.419
2.140
1.200
-0.896
0.387
-0.481
-0.979
-0.804
-1.131
0.536
-0.614
-0.152
-0.171
0.550
0.064
-0.296
0.094
0.178
-1.221
-0.099
-1.002
0.064
0.671
0.550
0.424
0.310
0.214
0.252
0.575
0.095
0.163
0.289
0.014
0.354
0.392
0.182
1.322
0.064
2.151
1.574
0.046
0.073
2.154
-0.764
0.125
-0.342
3.637
2.174
2.330
-0.163
0.012
-0.173
-0.188
0.526
0.067
-1.552
-1.501
-1.363
-0.009
0.055
-1.255
-1.020
-1.425
-1.512
-0.504
-1.385
1.523
0.179
-0.428
1.482
0.465
2.172
1.631
0.091
0.064
0.043
0.064
0.094
-0.480
0.459
2.585
0.064
0.039
0.637
3.554
1.390
-0.236
0.001
2.921
-0.078
1.078
0.104
-0.033
0.064
2.064
-0.500
0.053
-0.164
-0.070
-2.102
-0.022
-0.271
3.181
-0.130
0.414
0.775
2.236
3.344
2.515
0.593
0.064
0.775
2.401
0.034
1.203
1.218
-0.320
0.227
-0.242
0.504
0.065
0.043
1.732
0.336
0.972
-0.220
2.471
0.399
-0.068
0.075
-0.395
0.095
-2.533
-1.853
-0.517
0.064
0.080
-0.056
-0.391
1.779
0.515
2.879
-0.759
0.193
0.116
1.641
0.503
0.194
-2.064
1.234
-1.356
3.290
1.353
0.666
0.648
2.198
0.553
0.068
0.128
-0.497
0.140
0.275
0.439
0.113
0.150
-0.355
0.218
2.028
0.686
0.150
0.029
-0.687
-0.457
2.630
2.974
1.037
2.232
4.297
0.295
0.064
0.311
0.229
0.469
-0.082
0.064
0.064
0.055
0.064
0.177
0.118
0.064
0.295
-0.152
2.627
0.558
-1.251
0.587
2.042
-0.103
0.254
2.767
0.613
0.268
0.506
-0.180
-0.554
-0.277
-0.588
-0.255
-0.190
-0.538
-0.654
-0.214
0.324
-0.437
1.556
0.814
-0.480
0.757
-0.248
0.129
0.064
0.064
-0.382
0.134
0.178
0.033
0.557
0.566
0.230
0.931
0.064
0.172
-1.050
0.002
-1.778
-0.610
0.582
-0.029
0.149
0.773
-0.037
-0.391
0.105
1.841
0.004
0.148
0.072
0.776
-0.822
0.064
-0.406
-0.179
0.064
0.027
0.118
0.217
0.064
0.080
-0.138
-0.024
0.473
0.415
0.365
0.486
-0.018
-0.016
-0.132
0.001
0.246
3.037
0.018
-0.294
0.053
0.221
1.075
-0.537
-0.780
0.162
-0.016
-0.080
0.028
-0.124
-0.600
0.181
-0.415
0.002
0.207
-0.196
-0.044
-0.276
-0.314
-0.009
-3.738
-2.041
-2.560
-1.567
-0.096
-0.561
-0.018
-0.135
-1.063
-0.519
0.252
0.087
0.114
0.134
0.064
-0.062
-2.516
-1.337
-0.117
0.065
0.477
1.186
-0.005
-0.273
0.263
0.217
-0.300
0.064
0.083
0.139
2.389
3.232
3.042
0.310
1.522
