0.704
0.389
0.445
0.078
1.249
-3.926
0.001
0.273
-2.615
-0.148
0.626
-2.941
-0.730
0.724
1.125
-1.478
-0.508
-0.910
0.124
0.243
0.155
0.769
0.245
-0.177
0.444
0.021
0.796
-0.299
0.480
0.444
0.345
-1.094
0.256
0.169
0.502
0.310
-0.516
-0.004
-0.925
-0.052
-0.106
-0.149
-0.167
-0.141
-0.194
-0.181
0.307
-0.369
-0.412
-0.046
-0.501
-0.380
-2.007
-0.980
-0.599
-0.337
-2.479
0.312
-0.189
0.256
-2.172
-0.510
-1.483
0.024
0.321
0.011
0.042
-1.615
0.010
0.328
0.480
0.129
0.142
0.154
0.225
0.039
0.301
0.157
0.233
0.154
-2.909
0.053
0.220
-2.871
-0.485
-2.746
-1.976
0.043
0.084
0.096
-0.189
0.104
0.409
-0.168
-3.215
0.727
0.106
-0.854
-2.907
-1.099
-0.056
-0.047
-2.345
0.168
-1.272
-0.550
0.213
0.216
-2.041
0.290
0.038
0.017
-0.002
1.288
-0.037
0.123
-2.687
0.181
-0.482
-0.048
-0.476
-2.032
-1.087
-0.254
0.140
-0.854
-1.377
0.204
0.156
-0.176
1.999
0.217
0.116
-0.414
0.124
0.149
-1.301
0.382
-0.021
3.717
-2.119
-0.393
0.170
0.445
0.076
-1.065
2.518
2.648
0.346
1.386
-1.123
-0.151
0.277
-0.809
-0.773
-0.820
0.788
-0.384
-0.336
-0.995
-0.345
-0.189
2.574
-0.463
1.417
-2.417
-0.543
0.304
-0.474
-1.569
-0.383
0.101
-0.279
-0.167
-0.030
-0.017
-0.061
-0.389
-0.130
-0.126
0.120
-1.342
-0.596
-0.228
0.454
0.232
0.009
-2.943
-2.009
-1.213
-2.908
-3.648
-0.423
-2.441
-0.005
-1.064
-0.495
-0.110
-0.091
-0.440
0.133
0.033
-0.514
-0.652
-0.356
-0.682
0.176
-1.623
-0.265
0.886
-0.709
-1.859
-0.463
-0.396
-2.430
-0.796
-0.502
-0.643
0.025
0.513
0.150
-0.009
-0.083
-0.036
0.482
0.105
0.091
-0.373
0.047
-1.133
-1.062
0.337
-0.094
-0.052
-0.595
0.052
-1.122
0.665
0.042
-0.031
-0.856
-0.384
-0.780
-0.131
-0.745
-0.012
0.182
0.163
0.034
0.404
0.664
-1.428
0.123
-0.005
-0.491
0.458
0.284
1.234
0.027
-0.449
-0.323
0.228
0.054
0.367
0.255
0.031
0.207
-0.028
0.022
0.997
0.057
0.093
0.106
-0.168
-0.073
-2.425
-0.789
-0.712
-0.367
-0.040
-0.099
-0.548
-0.492
-0.175
-1.257
0.150
0.053
-0.286
-0.729
-0.515
0.174
0.581
0.107
0.239
0.071
0.014
0.287
-0.028
0.009
0.438
0.307
0.005
0.585
0.095
0.345
0.199
0.172
2.528
1.885
2.104
1.180
0.552
1.204
0.012
0.533
0.506
0.149
-0.479
-0.119
-0.242
0.073
-0.441
-0.036
1.052
1.216
-0.010
0.116
-0.335
-0.979
-0.363
-0.041
-0.385
-0.352
0.230
-0.029
-0.110
-0.464
-2.015
-2.719
-3.697
-1.038
-1.899
