-0.072
-0.586
-0.072
-0.069
-0.610
-3.617
-0.072
-0.235
-2.455
-0.900
-0.072
-3.271
-0.649
0.117
-0.111
-3.325
-1.243
-0.390
-0.260
-0.031
0.016
0.434
0.293
-0.240
0.053
-1.517
0.098
-0.072
-0.076
0.078
0.503
-0.833
0.301
-0.806
-0.062
-1.440
-1.168
-0.647
-0.258
-0.768
-0.513
-0.631
-1.019
-0.090
0.018
-0.072
-0.072
-0.062
-0.562
-0.072
-0.796
-0.179
-3.157
-3.351
-1.109
-0.297
-2.392
0.244
-0.141
0.312
-4.484
-1.784
-2.235
-0.084
-0.016
-0.480
-0.117
-1.205
-0.062
0.625
0.788
0.446
-0.003
0.397
0.283
-0.056
0.581
0.183
0.020
0.151
-3.722
-0.270
0.762
-2.301
-0.295
-3.897
-1.860
-0.128
-0.083
-0.515
-0.193
0.040
0.676
-0.143
-3.696
0.084
0.309
-0.411
-3.650
-2.398
-0.285
0.211
-5.184
0.024
-3.152
-1.227
-0.414
-0.467
-1.865
0.823
-0.072
0.291
0.016
1.200
0.166
-0.088
-4.978
-0.286
-1.194
-1.222
-3.463
-4.070
-2.270
-0.478
-0.214
-2.255
-3.810
0.651
0.422
-0.876
0.227
0.134
0.261
-2.340
-0.215
-0.186
-2.030
-0.067
-0.783
1.073
-1.974
-0.785
0.107
-0.147
0.880
-0.071
2.487
1.967
0.122
0.850
-0.294
0.250
0.696
-1.924
-0.680
-4.044
1.230
-0.768
0.098
-1.189
-0.089
-0.016
0.614
-0.079
0.276
-4.048
-0.803
-0.484
-2.115
-1.520
-0.610
-0.340
-0.311
-0.080
-0.154
-0.254
-0.441
-0.072
-0.324
-0.201
-0.003
-2.247
-1.214
0.074
0.374
1.200
-0.087
-2.996
-1.063
-0.263
-3.202
-3.304
-0.627
-0.693
-0.720
-1.232
-0.812
0.054
-0.088
-0.079
-0.081
-0.303
-0.772
-1.025
-0.459
-0.915
0.097
-3.391
-0.838
0.496
-0.854
-1.959
-0.027
-0.213
-3.251
-1.780
-0.233
-0.610
-0.363
0.245
-0.083
0.199
-0.083
-0.300
-0.072
0.129
-0.019
-0.808
0.017
-2.103
-0.984
-0.173
-1.260
0.181
-0.982
-1.130
-0.637
0.221
-0.108
-0.072
-0.563
-1.363
-0.072
-0.378
-0.952
-0.135
-0.059
0.348
-0.053
0.564
0.440
-1.506
-0.150
-1.027
-1.520
0.118
0.409
-0.318
-3.154
-0.158
-0.072
0.100
-1.369
0.153
-0.206
0.487
0.317
-0.217
0.013
-1.185
-0.123
-0.009
0.012
-0.079
-0.305
-0.884
-0.546
-0.618
-0.223
0.157
-0.072
-0.261
-0.072
-0.296
-2.391
0.002
0.058
-0.070
-0.385
-0.072
-0.208
1.343
-0.020
0.136
-0.095
0.024
-0.075
-0.072
-0.245
0.021
-0.072
-0.162
-0.084
0.189
0.012
0.128
-0.115
3.080
0.986
1.885
0.813
0.089
0.267
-0.274
-0.019
0.602
-1.241
-0.127
-0.226
-0.104
-0.312
-0.666
0.137
1.553
0.968
-0.067
-0.072
-0.821
-1.395
-0.178
0.469
-0.486
-0.130
1.169
-0.112
0.087
0.095
-1.519
-3.623
-3.804
-1.037
-2.631
