0.365
0.080
1.352
-0.167
0.104
-3.021
-0.213
-1.071
-2.341
-0.664
0.230
-2.632
-0.765
-0.089
0.122
-1.523
-0.361
0.137
-0.104
-0.111
0.010
0.807
0.485
-0.665
0.513
-0.104
0.596
-0.850
0.095
0.638
0.012
-1.273
0.075
-0.176
-0.098
-0.291
-0.081
-0.131
-0.148
-0.868
-0.130
-0.582
-0.562
0.308
-0.188
-0.243
0.291
0.001
-1.858
-0.433
-1.166
0.582
-2.029
-1.445
-1.159
-0.204
-2.125
0.459
-0.104
1.284
-2.401
-0.659
-2.126
-0.039
0.351
0.028
0.112
-0.848
-0.068
0.547
0.384
0.117
0.005
-0.117
0.183
-0.067
1.020
0.060
0.207
0.261
-1.925
-0.011
0.697
-2.365
-0.538
-3.443
-1.294
-0.232
-0.104
0.039
-0.243
-0.141
-0.169
-0.505
-3.487
0.648
0.127
0.076
-3.227
-2.320
-0.085
0.314
-3.673
-0.121
-1.589
-0.519
0.075
-0.615
-2.680
-0.056
-0.277
0.029
1.552
1.067
0.074
0.310
-2.402
0.417
-0.387
-0.301
-1.198
-2.012
-1.252
-0.461
-0.029
-0.437
-2.623
0.026
-1.299
-1.158
-0.026
-0.636
-0.135
-0.628
0.001
-0.124
-2.407
-0.307
-0.500
4.441
-1.401
0.013
0.261
-0.303
0.401
-0.459
1.897
0.534
-0.235
-0.014
-0.323
0.409
-0.068
-1.159
1.045
-2.606
0.417
-0.017
-0.446
-0.860
0.263
-0.104
1.956
-0.225
0.977
-2.528
0.318
-0.155
-1.521
-0.758
-0.436
0.855
-0.438
0.337
-0.479
-0.328
0.097
0.666
0.377
0.281
0.146
-0.304
-0.071
-0.198
-0.009
0.305
1.102
-1.853
-2.147
-1.569
-1.409
-1.200
-0.579
-0.068
-0.150
-0.803
-1.173
-0.088
-0.108
-0.226
-0.648
-0.295
-0.100
-0.578
-0.351
-0.210
-0.131
-2.326
-0.903
1.328
-0.921
-2.031
-1.699
-0.631
-2.570
-1.024
-0.030
-0.144
0.072
1.120
-0.057
-0.070
-0.197
-0.010
0.054
0.098
0.190
-1.158
0.002
-1.181
-0.117
-0.047
-0.077
0.067
-0.102
-0.073
-0.158
0.878
-0.127
-0.104
-0.104
-0.731
-0.533
-0.233
-0.991
1.040
0.119
0.693
0.915
-1.080
0.412
-1.078
0.110
-0.395
-0.801
-0.011
0.166
-0.194
0.061
0.125
0.058
0.215
-0.700
0.739
0.361
0.149
0.315
-0.791
-0.114
0.055
0.197
0.168
-0.072
-0.065
0.604
-0.527
-0.115
-0.218
-0.226
0.210
-0.004
-0.104
-0.104
-0.104
-2.280
-0.257
0.714
-0.471
1.966
-0.161
-0.031
-0.467
-0.143
0.491
-0.045
-0.082
-0.065
-0.113
-0.136
0.415
-0.089
-0.117
0.039
0.071
-0.062
0.121
-0.094
4.879
1.386
1.509
1.531
-0.129
0.332
0.004
1.076
0.813
-0.279
-0.248
-0.493
0.113
0.003
0.206
0.071
1.151
0.455
0.138
0.228
-0.772
-1.016
0.087
-0.565
-0.285
-0.259
0.335
0.176
0.106
0.157
-2.528
-3.725
-3.535
-1.327
-1.047
