-0.553
-0.854
-0.919
0.104
0.960
3.226
-0.078
0.655
1.728
0.477
0.447
3.350
1.164
0.311
0.685
1.863
0.617
0.213
0.043
0.583
0.407
0.139
-0.902
0.770
-0.309
1.245
-0.608
0.554
-0.239
-0.076
0.205
1.386
-0.267
0.091
-0.360
0.163
0.009
0.981
0.363
0.912
0.147
0.814
1.009
0.680
0.265
0.126
-0.397
0.393
0.704
0.913
1.339
0.365
2.283
2.099
1.411
0.380
2.489
0.352
0.131
0.649
2.789
1.101
1.587
-0.030
0.140
0.293
0.266
1.141
0.205
-0.719
-0.711
-0.405
-0.073
0.079
-0.386
0.079
-0.939
-0.342
0.009
-0.234
3.067
0.801
0.303
1.955
0.763
2.933
1.416
0.157
0.308
0.025
0.131
0.109
-0.119
0.327
2.374
-0.990
0.240
0.572
2.415
1.295
0.322
0.084
3.356
0.332
1.819
0.312
0.515
0.390
3.348
-0.077
-0.216
0.039
0.299
-2.305
0.304
0.326
3.945
-0.062
0.040
1.075
1.692
2.837
1.743
0.735
0.588
1.576
1.671
0.507
0.559
0.626
-0.139
0.115
0.130
1.427
0.150
0.058
1.544
0.498
0.385
-1.649
2.249
0.802
-0.054
0.058
-0.483
0.265
-2.042
-1.570
0.172
-0.638
0.306
0.234
-0.028
1.138
0.789
2.833
-0.526
-0.103
0.400
0.945
0.677
0.600
-0.952
0.644
-0.596
2.481
0.590
1.051
1.125
0.981
0.520
0.022
0.474
-0.045
0.397
0.425
0.269
0.095
-0.029
-0.103
0.181
1.704
0.861
0.252
0.387
-1.011
0.452
3.658
3.012
1.488
2.724
5.170
0.793
0.706
0.347
0.549
0.133
-0.075
-0.008
0.271
-0.081
-0.028
0.437
0.445
0.117
0.392
0.415
2.151
0.848
-0.741
0.970
1.339
0.904
0.309
3.206
1.436
0.770
0.721
0.025
-0.176
-0.057
-0.135
0.254
0.171
-0.194
-0.738
-0.082
0.541
-0.024
1.001
0.817
0.444
0.454
0.272
0.331
-0.036
1.016
-0.727
0.277
0.152
1.286
0.732
0.672
0.604
1.142
-0.130
-0.065
-0.657
-0.665
-1.069
-0.745
0.898
0.957
0.239
0.376
-0.441
-0.460
-0.721
0.085
0.376
0.189
-0.661
0.266
-1.510
-0.120
-1.116
0.274
0.375
-0.084
0.088
0.358
0.127
0.150
-0.028
0.090
0.643
0.615
0.507
0.437
-0.218
-0.057
0.334
-0.032
0.221
2.480
0.195
0.047
-0.026
0.673
0.486
-0.027
-0.550
0.194
0.017
-0.080
-0.122
-0.040
0.288
0.210
0.004
-0.185
0.410
0.017
0.118
0.074
0.245
-0.097
-3.350
-2.385
-2.221
-2.067
-0.055
-0.850
0.075
-0.524
-0.898
-0.382
0.248
0.155
0.241
0.258
0.173
0.022
-1.065
-0.308
0.412
0.320
1.053
1.192
-0.229
-0.616
0.644
0.487
-0.667
-0.004
0.037
0.169
1.920
2.126
2.407
1.794
2.289
