0.117
0.117
0.117
0.049
-0.426
-2.553
0.172
-0.216
-2.180
-0.681
-0.000
-3.074
-0.613
0.094
0.617
-1.375
-0.412
-0.124
0.039
0.021
0.181
0.301
1.213
-0.412
0.375
0.366
0.544
-0.813
0.308
0.129
0.032
-0.806
0.433
0.418
0.679
-0.330
-1.023
-0.457
-0.345
0.251
-0.285
-0.385
-0.510
0.173
-0.824
-0.811
-0.352
0.382
-0.387
-0.443
-1.008
-0.162
-1.347
-1.207
-1.880
-0.021
-2.700
-0.023
0.382
0.186
-2.516
-1.123
-1.204
0.371
0.128
0.042
0.039
-0.983
0.431
0.957
0.979
0.838
0.711
0.309
0.762
0.311
1.628
0.538
0.562
0.718
-2.487
-0.022
-0.020
-1.591
-0.772
-2.901
-2.347
0.560
0.482
0.592
0.519
0.449
0.334
-0.514
-2.260
0.542
0.138
-0.634
-2.621
-1.488
0.029
0.314
-2.852
0.037
-1.884
-0.964
0.040
-0.347
-2.466
-0.019
0.128
0.104
0.028
1.517
0.043
0.077
-3.173
0.016
-0.336
-0.573
-2.133
-3.051
-1.825
-0.369
-0.311
-1.094
-1.467
0.040
-0.509
0.193
0.938
-0.740
0.118
-1.170
0.044
-0.096
-1.212
0.118
-0.402
1.729
-2.289
-1.083
0.603
-0.142
0.804
-0.380
0.659
0.789
0.369
0.291
-0.444
0.029
0.303
-1.715
2.397
-3.170
0.939
-0.635
0.437
-0.682
-0.431
-0.444
0.678
-0.476
0.242
-3.174
-0.606
-1.593
-1.498
-1.782
-0.296
-0.105
-0.365
0.155
-0.359
-0.307
0.320
-0.297
0.069
0.095
0.194
-1.168
-0.248
0.146
0.181
0.775
0.117
-3.212
-1.876
-0.589
-2.195
-2.767
-0.369
-0.903
-0.365
-0.639
0.096
0.422
0.190
-0.255
0.117
0.294
-0.470
-0.463
-0.094
-0.724
0.047
-2.063
-0.070
1.134
-0.172
-1.440
0.016
-0.309
-2.400
-0.654
-0.174
-0.248
0.024
0.537
0.371
-0.138
-0.345
-0.084
0.269
0.430
0.266
-0.623
0.029
-0.767
-1.015
0.085
0.047
0.002
-0.498
-0.501
-0.620
0.944
0.043
-0.008
0.176
-0.786
-0.745
-0.132
-0.740
0.249
0.529
0.487
0.198
0.264
0.847
-0.972
-0.349
-0.617
-1.618
0.534
1.128
0.973
0.029
-0.417
-0.101
0.013
-0.828
0.562
-0.361
1.046
0.135
-0.245
0.016
0.203
0.246
0.107
0.141
-0.779
0.300
-0.393
-0.628
-0.445
-0.543
0.452
0.360
-0.539
0.084
-0.237
-2.946
-0.101
0.236
0.380
0.461
-0.372
-0.078
1.320
0.047
1.203
0.059
0.084
0.158
0.099
-0.073
0.146
0.297
0.029
0.129
-0.009
0.034
-0.221
0.655
2.953
3.034
2.374
2.224
-0.011
0.540
0.025
0.869
0.919
0.666
-0.283
-0.125
-0.177
0.021
-0.943
-0.020
1.486
-0.020
-0.201
0.176
0.071
-1.306
-0.071
0.500
-0.248
0.013
0.886
-0.160
0.116
0.171
-2.345
-2.486
-3.472
-1.157
-2.210
