1.785
1.805
0.565
-1.027
-0.017
-1.370
-0.315
-1.101
-1.001
-1.155
0.226
-0.628
-0.214
0.448
0.121
-1.511
-1.569
-0.330
0.165
-0.310
-0.587
0.178
1.921
-0.673
-0.458
-0.250
-0.578
-1.281
-1.240
-0.179
-0.354
-1.252
0.766
1.216
1.994
1.700
0.295
-0.901
-0.620
-1.422
-0.048
-0.537
0.185
-0.022
-1.156
-1.112
-0.443
-0.850
-0.193
-1.140
-0.666
-0.655
-0.121
0.466
-0.140
-0.400
-0.538
0.429
-0.320
0.322
-1.452
-1.489
-0.993
-0.156
0.021
-0.081
-1.107
-0.410
-0.135
0.617
0.431
0.017
-0.079
-0.225
-0.073
-0.128
0.964
-0.101
-0.093
0.071
-0.971
-0.235
0.120
-0.826
-0.485
-1.100
-1.060
-0.317
-0.075
-0.036
-0.088
-0.419
0.030
-0.320
-0.836
0.658
-0.076
-0.872
-1.438
-0.521
-0.738
-0.055
-1.297
-1.339
-1.365
-0.452
-0.940
-1.233
-1.349
-1.008
-0.056
0.015
-1.209
2.624
-1.279
0.299
-1.454
0.378
0.652
-1.423
-0.638
-0.154
-1.843
-1.258
-1.629
-0.944
-1.217
-1.195
-1.370
-0.121
1.437
0.088
-0.198
-0.195
-0.085
-0.081
-1.329
-1.496
-1.769
1.447
-1.041
-0.165
-0.220
-1.117
-0.111
-0.872
1.446
1.159
0.044
-0.678
-0.417
-0.535
-0.008
-0.939
0.477
-1.581
1.186
-0.110
-1.152
-1.083
-1.273
-0.543
1.696
-1.120
0.381
-1.310
0.515
-0.378
-1.272
0.436
-0.434
0.383
-0.383
0.345
-0.058
-0.444
-0.445
0.026
0.018
0.459
-0.381
-1.023
-0.967
-0.733
-0.409
0.643
-1.396
-1.515
-1.270
-1.646
-1.372
-1.448
-1.430
0.151
-0.490
-0.190
-0.214
-0.088
-0.072
-0.122
0.052
-0.004
-0.116
-0.160
-0.114
-0.199
-1.062
-1.332
-1.395
0.908
-0.515
-0.824
-0.252
-0.082
-1.365
-1.486
-0.520
-0.335
0.082
0.745
-0.027
-0.011
-0.376
-0.372
-0.019
0.336
0.768
-0.647
-0.449
-0.519
-0.320
-1.089
-0.911
-0.335
-0.907
0.863
-1.045
0.091
-0.157
0.353
-0.595
0.910
-1.277
-0.128
-0.171
-0.069
-0.101
-0.152
0.919
-0.326
0.221
-0.754
-0.427
-0.738
-0.900
0.128
-0.801
0.475
-0.758
-0.631
-0.741
-0.727
-0.785
0.587
-0.216
0.438
0.431
-0.534
-0.407
-0.126
-0.266
-0.100
-0.067
-0.069
-0.249
-0.391
-0.431
-0.061
-0.446
0.005
-0.047
-0.429
-0.173
-0.124
-1.588
-0.075
-0.388
0.049
0.233
-1.169
-1.484
0.370
-0.749
-0.213
0.191
0.116
0.382
-0.369
-0.383
0.206
-0.006
-0.757
-0.878
-0.817
-0.589
-0.380
-0.602
1.842
1.222
1.769
0.646
-0.188
0.523
-0.110
1.621
0.275
-0.269
-0.216
-0.402
-0.194
0.004
0.640
0.130
0.868
0.635
-0.412
0.073
-1.162
-1.252
-0.306
-0.052
-0.524
-0.495
0.554
0.277
-0.130
-0.240
-1.513
-1.685
-1.070
0.374
-0.763
