0.929
1.448
1.356
-0.683
-0.493
-3.027
-0.127
-1.093
-1.153
-0.254
-0.536
-2.215
-0.601
-0.446
-0.009
-2.327
-0.517
-1.613
-0.311
-0.349
-0.104
0.057
0.381
-0.478
-0.047
0.211
0.594
-1.026
0.153
-0.066
-0.367
-1.229
-0.206
-0.012
0.330
-0.089
-0.420
-0.605
-0.500
-0.274
-0.398
-0.541
-0.448
-0.492
-0.202
-0.320
0.051
0.193
-0.623
-0.546
-1.274
-0.321
-2.355
-2.245
-0.552
-0.447
-1.997
-0.003
-0.342
0.883
-1.685
-0.924
-1.529
-0.068
0.020
-0.136
-0.092
-0.306
-0.073
0.551
0.139
0.082
0.195
0.116
1.136
-0.091
0.698
-0.004
0.108
0.471
-1.819
-0.184
-0.005
-1.768
-0.614
-2.582
-1.116
0.128
0.287
0.054
-0.011
-0.176
0.290
-0.303
-2.618
-0.033
-0.085
-0.459
-1.686
-0.964
-0.289
-0.048
-2.316
-0.232
-0.822
-0.151
-0.071
-0.004
-2.128
0.037
-0.219
-0.215
-0.085
1.430
-0.254
-0.275
-2.746
0.278
-0.696
-0.899
-2.027
-2.340
-1.095
-0.374
-0.364
-1.101
-1.231
-0.217
-0.507
-1.036
0.271
-0.739
-0.060
-0.908
-0.107
-0.125
-1.047
0.268
0.041
1.508
-1.389
-0.242
-0.439
-0.573
0.026
-0.562
1.136
0.935
-0.095
0.396
-0.284
0.096
0.200
-1.396
1.478
-2.478
0.644
0.388
-0.633
-1.326
-0.351
-0.125
0.737
-0.439
0.039
-2.813
-0.968
-0.744
-0.881
-1.430
-0.460
-0.268
-0.135
-0.114
-0.358
-0.420
-0.125
-0.125
-0.130
-0.107
-0.279
-2.511
-0.774
-0.087
-0.247
0.613
-0.142
-2.601
-1.960
-0.950
-1.837
-2.979
-0.077
-0.410
-0.501
-0.614
-0.604
0.130
-0.208
-0.298
-0.124
-0.125
-0.254
-0.422
-0.125
-0.125
-0.136
-1.548
-0.583
0.433
-0.558
-1.181
-0.418
-0.251
-3.230
-0.984
-0.160
-0.378
0.146
0.471
-0.099
0.158
-0.157
-0.066
0.552
0.057
-0.089
-0.767
-0.121
-0.780
-0.756
-0.235
-0.143
-0.049
-0.411
-0.125
-0.443
0.524
-0.213
-0.366
-0.125
-1.449
-0.607
-0.635
-1.405
-0.104
0.182
0.153
0.508
-0.097
0.605
-0.554
-0.513
-0.223
-0.625
0.017
-0.146
0.139
-0.184
-0.651
-0.294
0.143
0.005
-0.115
-0.125
0.076
-0.082
-0.481
-0.731
-0.115
-0.250
-0.090
-0.273
-0.014
-0.132
-0.708
-0.410
-0.164
-0.602
-0.117
-0.038
-0.125
-0.134
-0.298
-2.207
-0.326
-0.148
-0.228
1.078
-0.394
-0.121
0.846
-0.345
1.166
0.044
0.096
0.097
-0.096
-0.324
0.397
-0.105
-0.288
0.174
-0.249
0.063
-0.204
-0.037
1.752
0.760
1.286
0.477
-0.217
0.144
-0.199
-0.080
0.033
-0.501
-0.394
-0.496
-0.387
-0.214
-0.362
-0.356
0.537
0.201
-0.144
-0.084
-0.239
-1.593
-0.297
0.049
-0.301
-0.032
0.194
0.068
0.007
-0.070
-2.194
-2.819
-2.732
-1.342
-2.083
