0.121
0.918
-0.932
-0.886
-0.469
-2.586
-0.492
-0.566
-1.034
-0.175
-0.370
-2.714
-0.734
-0.026
-0.729
-2.067
-1.081
-0.287
0.145
-0.265
-0.119
0.860
0.880
-0.663
0.069
-0.057
0.509
-0.479
0.302
-0.324
0.117
-0.576
0.123
-0.095
0.770
0.194
-0.836
-0.395
-0.114
-0.404
-0.391
-0.610
-0.520
-0.422
-0.206
-0.294
0.181
-0.286
-1.354
-0.053
-1.200
0.155
-1.579
-1.598
-1.445
-0.645
-1.693
0.162
-0.021
0.184
-2.670
-1.221
-1.438
-0.185
0.042
-0.102
-0.053
-0.983
-0.305
0.208
0.227
0.133
-0.062
-0.434
0.109
-0.160
0.432
0.055
0.027
0.236
-2.238
-0.070
-0.007
-1.216
-0.306
-3.079
-2.049
-0.558
-0.557
-0.312
-0.420
-0.042
0.497
-0.636
-1.931
0.435
-0.190
-0.359
-3.074
-1.032
0.047
0.005
-2.715
0.067
-1.026
-0.097
-0.084
-0.035
-1.650
0.183
-0.116
0.089
-0.542
1.822
0.093
0.241
-3.336
0.217
-0.127
-0.775
-2.023
-2.725
-1.297
-0.403
-0.427
-1.217
-1.489
0.163
-0.265
-1.037
0.636
-0.751
0.059
-0.934
-0.053
-0.105
-1.389
0.149
0.053
1.660
-1.089
-0.219
0.054
-0.184
0.511
-0.692
1.717
1.243
-0.051
-0.064
-0.502
0.015
0.295
-1.762
-1.222
-3.405
0.457
-0.079
-0.085
-1.393
-0.871
-0.493
1.007
-0.797
0.575
-3.339
-1.286
-0.880
-1.357
-1.511
-0.761
-0.375
-0.527
0.063
-0.391
-0.648
-0.638
-0.447
-0.362
-0.199
-0.012
-2.416
-1.055
-0.261
0.043
0.273
-0.050
-1.124
-1.247
-0.792
-2.139
-2.863
-0.689
-0.487
-0.549
-0.452
-0.690
0.229
-0.304
-0.253
-0.052
-0.143
-0.303
-0.374
-0.327
-0.513
-0.011
-2.502
-0.924
1.047
-0.486
-1.440
-0.990
-0.032
-2.866
-0.885
-0.396
-0.121
-0.086
0.421
-0.170
0.341
-0.201
-0.303
-0.050
0.218
0.113
-0.522
-0.189
-1.001
-0.707
0.124
-0.051
0.199
-0.390
-0.205
-0.738
0.567
-0.053
-0.166
-1.042
-1.313
-0.461
-0.897
-0.550
0.464
0.067
-0.186
-0.070
0.030
0.345
-1.196
-0.271
-0.770
-2.290
-0.282
0.164
0.483
-0.488
-1.131
-0.529
-0.065
-0.728
0.074
-0.416
0.691
0.046
-0.243
-0.047
-0.227
-0.374
-0.076
-0.004
0.091
0.159
-0.544
-0.667
-0.399
-0.470
0.291
0.104
-0.305
0.056
-0.122
-1.956
0.033
0.119
0.129
-1.159
-0.508
0.452
-2.823
-0.009
0.254
-0.165
0.244
0.039
-0.196
0.049
0.224
0.297
-0.381
0.035
-0.123
0.178
-0.161
0.003
2.092
1.782
1.744
1.500
0.350
0.512
-0.056
0.676
0.677
0.019
-0.285
-0.007
-0.054
-0.062
-0.331
0.078
0.892
0.466
-0.064
0.423
-0.518
-1.506
-0.218
-0.221
-0.602
-0.213
0.406
-0.097
-0.732
-0.154
-2.200
-2.763
-3.152
-2.326
-1.538
