-1.199
-0.975
-0.001
-0.100
0.119
2.050
-0.009
-0.054
1.428
0.327
-0.073
2.139
0.897
-0.014
-0.600
2.530
0.529
0.262
0.165
-0.349
0.095
-0.299
-1.266
-0.073
-0.088
0.293
-0.187
0.379
-0.045
-0.454
0.059
0.797
-0.342
-0.928
-1.488
-0.512
0.083
0.066
0.188
0.378
0.050
0.633
0.226
0.179
0.228
0.138
-0.301
0.054
0.876
0.450
0.849
-0.356
0.829
0.853
0.060
-0.088
1.757
-1.660
0.021
-0.883
3.065
1.128
1.396
0.029
0.027
-0.171
-0.065
1.012
-0.003
-0.205
-0.115
-0.016
-0.001
-0.299
-0.015
-0.014
-0.589
-0.069
-0.001
-0.201
2.040
0.538
-0.055
1.067
0.018
1.821
0.236
0.017
0.013
0.216
0.030
0.002
-0.076
0.071
3.982
0.279
-0.035
-0.023
1.978
0.769
-0.139
0.022
4.070
-0.450
1.101
-0.019
-0.689
0.470
3.477
-0.222
0.007
-0.070
-0.187
-2.869
-0.246
-0.530
2.914
-0.199
0.357
0.357
1.534
3.678
2.456
0.413
-0.185
0.419
0.696
-0.123
-0.143
0.421
-0.463
0.107
-0.723
0.654
0.142
0.010
1.114
0.101
-1.054
-0.537
1.246
0.043
-0.437
-0.117
-0.522
0.132
-2.087
-0.925
-0.065
-1.388
0.061
0.052
-0.220
1.490
1.121
2.054
-0.769
-0.476
0.577
1.246
0.119
-0.036
-0.276
0.232
-0.178
2.641
1.535
1.038
1.292
1.006
0.420
0.525
0.107
-0.194
0.458
0.365
0.067
0.025
-0.117
-0.468
0.075
1.590
0.460
0.189
-0.098
-0.994
0.268
2.655
1.897
0.480
1.620
2.056
-0.028
0.106
0.481
0.625
0.556
-0.369
-0.001
0.034
-0.093
-0.530
0.342
0.364
0.078
0.553
-0.367
2.933
0.892
-0.500
0.812
1.008
0.811
0.149
2.271
1.268
0.420
0.464
-0.121
-0.004
-0.002
-0.023
0.082
0.478
-0.068
-0.012
-0.188
0.188
-0.431
0.719
0.148
-0.685
-0.012
-0.030
0.231
-0.505
0.425
-0.751
-0.044
0.035
0.899
0.465
0.027
0.533
0.848
0.071
0.023
-0.379
-0.080
-0.314
-0.692
0.008
0.126
0.192
0.611
-0.012
0.078
0.540
0.137
0.206
0.834
0.033
0.166
-0.112
0.141
-0.507
-0.366
0.075
-0.163
-0.537
-0.001
0.363
-0.098
-0.280
0.007
0.126
0.639
0.707
0.411
-0.126
0.083
0.280
-0.081
0.355
2.993
-0.001
-0.308
-0.073
1.270
0.039
-0.078
0.140
0.161
0.062
-0.001
0.008
-0.001
0.166
0.040
0.173
-0.001
0.062
0.035
0.143
0.050
-0.041
-0.102
-2.605
-2.496
-2.620
-2.059
0.481
-0.247
0.011
-0.820
-0.873
-0.853
0.013
-0.039
-0.001
0.081
0.549
0.020
-1.806
-0.884
0.014
-0.041
0.065
1.108
-0.278
-0.113
0.376
0.134
-0.175
-0.091
-0.041
0.346
0.863
3.538
2.500
1.694
0.118
