1.160
0.875
1.591
0.190
-0.096
-1.620
-0.083
-0.619
-2.110
-1.270
0.060
-2.697
-1.423
0.287
-0.045
-1.663
-0.867
0.040
-0.177
0.242
-0.016
0.514
0.954
-0.331
0.052
-0.189
0.786
-0.160
0.177
-0.035
-0.144
-0.577
0.474
-0.371
-0.056
-1.128
0.037
-0.750
-0.224
-0.220
-0.682
-0.923
-0.701
-0.579
-0.487
-0.506
0.390
0.142
-0.161
-0.900
-0.507
0.777
-1.519
-0.321
-1.221
-0.102
-2.190
0.344
0.046
0.360
-2.149
-1.054
-2.110
0.291
0.071
0.489
-0.432
-0.866
-0.113
0.406
0.338
0.168
-0.046
-0.002
0.115
-0.007
1.033
0.114
0.201
0.199
-1.914
-0.197
0.316
-1.430
-0.525
-2.050
-0.841
-0.128
-0.066
0.083
-0.116
-0.108
-0.011
-0.076
-1.920
0.411
0.203
-0.475
-1.907
0.033
-0.279
0.157
-2.245
0.241
-1.416
-0.831
-0.188
-0.280
-1.261
0.217
-0.051
0.121
0.110
1.809
-0.184
0.643
-2.246
0.430
-0.312
-1.030
-1.044
-1.706
-0.943
-0.797
-0.061
-0.069
-0.959
0.144
-0.132
-0.756
0.718
-0.179
0.236
-0.685
-0.096
-0.131
-1.243
0.162
-0.223
2.770
-1.508
-0.454
0.113
0.003
0.870
-0.459
2.353
1.784
0.080
0.144
-0.053
-0.056
0.117
-1.471
-0.745
-1.795
0.818
0.060
-0.063
-1.216
-0.654
-0.394
1.612
-0.706
0.790
-2.047
-0.479
-0.506
-1.181
-0.568
-0.693
-0.622
-0.624
0.150
-0.247
-0.423
-0.306
0.052
0.092
0.316
0.162
-2.169
-1.386
-0.227
0.050
0.636
0.035
-1.616
-0.765
-0.836
-1.585
-1.686
-0.661
0.030
-0.399
-0.724
-0.723
0.031
0.023
-0.321
-0.090
0.098
0.031
-0.282
-0.332
-0.639
-0.063
-1.646
-0.722
0.423
-0.449
-1.240
-1.165
0.069
-2.103
-1.036
-0.171
0.007
-0.019
0.696
-0.141
-0.255
-0.285
-0.342
0.292
0.231
0.673
-1.204
0.125
-1.218
-0.848
-0.199
0.025
-0.050
-0.511
-0.306
-0.808
0.600
-0.116
0.352
-1.011
-1.274
0.219
-0.941
-0.182
-0.072
0.174
0.279
-0.220
-0.346
0.471
-0.613
0.002
-0.400
-0.463
0.218
0.054
0.350
0.062
-0.293
-0.030
0.166
-0.249
0.178
0.030
0.050
0.616
-0.221
-0.085
0.530
-0.119
0.336
0.047
0.955
-0.011
-0.680
-0.614
-0.257
-0.508
0.153
0.068
-0.488
0.014
-0.066
-2.314
0.051
-0.079
0.425
-0.830
-0.697
-0.131
-0.373
-0.363
-0.026
0.027
0.504
0.017
-0.359
-0.129
0.098
0.102
-0.381
-0.415
-0.377
-0.103
-0.162
-0.089
2.230
1.916
2.220
1.385
-0.283
0.394
-0.187
1.247
0.705
1.070
-0.310
0.742
0.044
-0.222
-0.150
-0.100
0.899
0.355
-0.652
0.503
-0.391
-1.234
-0.028
0.105
0.065
0.234
0.617
-0.014
0.930
0.661
-2.239
-2.082
-2.275
-0.431
-1.378
