-0.499
-0.804
0.542
-0.334
0.713
2.182
0.031
0.161
1.358
0.124
0.094
3.171
0.649
0.579
0.399
1.255
0.571
0.334
-0.191
0.035
0.056
0.426
-1.152
0.488
0.227
0.074
-0.714
0.962
0.173
-0.278
0.265
0.630
-0.682
0.074
-0.112
0.182
0.853
0.625
0.402
-0.021
0.035
0.441
0.083
0.123
0.044
-0.042
-0.090
-0.158
0.077
0.240
1.711
0.025
1.966
1.972
0.619
0.794
2.162
-0.767
0.072
-0.631
1.966
0.863
2.200
-0.011
-0.237
-0.226
-0.621
0.716
0.014
-0.579
-0.525
-0.292
-0.338
0.055
-0.523
-0.118
-0.960
-0.321
-0.164
-0.405
2.407
0.254
-0.265
1.530
0.186
2.095
1.812
0.038
0.007
-0.010
0.059
0.067
-0.444
0.071
3.182
-0.370
-0.029
0.011
2.480
1.426
-0.062
-0.050
3.210
0.193
1.660
0.761
0.033
0.618
2.945
0.066
0.049
-0.047
-0.645
-2.096
0.007
-0.404
3.231
-0.480
1.320
0.744
1.930
2.560
1.413
0.542
0.094
1.461
1.955
0.149
0.522
0.006
-0.274
0.690
0.125
1.495
0.037
0.094
1.130
0.424
0.776
-2.214
2.062
0.320
-0.061
0.037
-0.161
-0.026
-1.988
-1.632
-0.620
-0.707
-0.177
-0.265
0.002
1.174
-0.097
2.548
-0.863
0.230
-0.147
0.940
0.723
0.023
-1.196
0.679
-0.941
3.159
0.715
1.017
1.921
0.780
0.319
0.148
0.274
-0.210
0.489
0.511
0.063
0.109
-0.095
-0.519
-0.166
1.172
0.224
-0.165
-0.067
-0.312
0.081
2.643
2.175
0.854
2.295
3.142
0.505
0.062
0.236
0.207
0.682
0.073
0.076
0.071
0.072
0.074
0.381
0.263
0.085
0.264
0.114
1.854
0.285
-0.705
0.603
1.156
0.341
0.171
2.542
0.898
0.416
0.282
0.142
-0.113
-0.066
-0.098
0.134
0.144
0.020
-0.293
-0.301
0.242
-0.266
1.208
0.679
0.120
0.363
0.216
0.752
-0.300
0.474
-0.613
0.100
0.129
-0.330
1.456
0.117
0.192
1.268
-0.036
0.016
-0.034
-0.650
-0.626
-0.266
0.420
0.124
0.009
0.137
-0.078
-0.140
0.061
-0.115
0.346
0.223
-0.059
-0.070
0.149
-0.020
-0.758
-0.475
0.294
0.360
-0.167
0.223
0.153
0.346
0.061
0.095
0.313
0.213
0.112
0.056
-0.046
0.071
0.052
0.017
0.074
1.631
0.196
0.282
0.093
-0.099
0.512
0.065
-0.576
0.047
-0.650
0.083
0.017
-0.011
-0.083
0.111
0.047
-0.326
0.115
0.087
0.128
0.088
-0.360
-0.010
-3.022
-1.568
-1.937
-1.044
0.029
-0.258
-0.015
-0.022
-0.503
0.789
0.151
0.062
0.084
0.057
0.400
0.043
-1.446
-0.616
0.022
-0.032
0.453
1.394
-0.184
0.297
0.729
0.352
-0.233
0.148
0.085
0.013
2.085
3.734
3.143
1.117
2.027
