-0.180
-0.095
0.606
-0.122
0.699
-2.449
-0.066
-0.151
-2.187
-1.608
-0.230
-2.382
-0.544
-0.759
0.211
-1.883
-1.133
-1.150
-0.347
-0.121
-0.039
-0.172
1.977
-0.148
0.000
0.676
-0.389
-1.010
-0.180
-0.050
-0.241
-1.148
0.134
-0.885
-0.668
-1.153
0.182
-0.461
-0.544
-0.669
-1.187
-0.367
-0.222
-0.193
0.181
0.217
0.235
-0.067
-1.682
-1.795
-0.939
-1.287
-1.784
-1.630
-0.465
-0.545
-2.544
0.375
-0.086
0.273
-1.860
-0.672
-1.287
-0.111
-0.072
0.048
-0.330
-0.309
-0.050
0.393
0.164
0.019
-0.179
-0.014
-0.031
0.133
0.395
0.083
0.087
0.400
-2.099
-0.294
-0.340
-0.391
0.598
-1.401
-0.213
-0.081
0.093
-0.351
0.192
0.076
0.045
-0.310
-1.579
-0.462
-0.301
-0.274
-1.737
4.179
-0.468
-0.016
-2.386
-0.132
-1.584
-0.940
-0.238
-0.864
-1.723
-0.116
0.151
0.194
0.910
2.071
-0.126
0.687
-3.337
0.368
-1.318
-0.629
-1.887
-2.046
-0.825
-0.953
-0.343
-1.135
-2.271
0.055
-2.686
-0.409
0.517
0.165
0.283
0.077
-0.163
-0.190
-1.753
-0.343
0.288
2.262
-1.582
0.209
-0.757
-0.846
-0.869
-0.437
2.974
1.042
-0.039
0.541
-0.806
-0.787
-0.000
-2.563
-1.721
-2.293
1.217
-0.328
-0.310
-2.203
-1.332
-0.128
1.259
-1.156
0.822
-3.242
-0.504
-0.342
-1.649
-1.224
-0.435
-1.127
-0.397
-0.528
-0.255
-0.165
-0.596
-0.045
-0.688
-0.101
-0.016
-0.780
-0.340
-0.059
-0.034
0.602
0.146
-2.663
-2.930
-1.182
-3.135
-1.222
-1.004
-0.214
-0.065
-0.083
-0.298
0.014
0.214
-0.090
-0.066
0.018
-0.026
0.072
-0.020
-0.012
-0.090
-1.987
-0.861
0.172
-0.397
-0.758
-1.609
0.062
-2.079
-0.688
-0.066
-0.066
-0.492
0.248
0.255
-0.151
-0.115
-0.080
0.000
0.377
0.824
-1.096
0.919
-1.297
-1.014
-0.881
0.295
-0.410
-0.394
-0.492
-0.595
0.894
-0.105
-0.064
-1.661
-0.309
-0.333
-0.530
-1.563
0.062
-0.047
-0.363
-0.066
-0.222
0.466
-0.718
-0.651
-1.404
-1.905
-0.740
-0.737
-0.551
-1.387
-1.424
-1.555
-0.035
-1.555
0.196
-1.680
0.134
0.945
-0.208
-0.094
0.059
0.227
0.043
-0.066
-0.187
-0.028
-0.534
-1.078
-0.354
-1.037
-0.219
-1.158
-0.838
-1.241
-0.084
-1.414
-0.670
-0.070
0.026
-1.595
-0.993
0.072
0.381
-0.137
-0.190
-0.047
-0.111
-0.211
-0.022
-0.290
-0.034
0.085
-0.231
-0.057
-0.133
-0.171
-0.063
-0.090
2.168
2.421
2.608
1.982
-0.018
0.628
-0.158
1.421
0.382
-0.813
-0.320
-0.309
-0.002
-0.156
-0.512
-0.145
0.067
-0.327
-0.803
0.162
-0.446
-1.347
0.090
0.192
-0.074
-0.410
0.573
0.088
0.053
0.222
-4.009
-2.439
-0.753
-0.116
-1.342
