0.821
0.966
-0.389
-0.106
-0.210
-1.824
-0.038
-0.274
-0.887
-0.504
-0.126
-2.452
-0.293
0.877
0.323
-1.318
-0.490
-0.304
-0.260
-0.512
0.330
1.150
2.064
-0.696
0.323
0.323
0.873
-1.514
0.633
0.343
0.277
-0.836
0.337
0.265
0.554
0.323
-0.505
-0.181
0.242
0.305
0.385
-0.688
-0.183
-0.197
0.323
-0.202
0.323
0.243
-0.203
-0.075
-1.337
0.233
-1.602
-0.681
0.051
0.072
-1.490
0.003
-0.241
0.598
-2.063
-1.131
-1.223
0.193
0.275
0.157
0.323
-0.050
-0.015
0.200
0.232
0.218
-0.028
0.089
0.185
-0.103
0.322
0.143
0.006
0.201
-0.373
-0.556
0.323
-2.310
-1.043
-1.831
-1.047
-0.179
-0.390
-0.393
-0.333
-0.192
0.778
0.252
-3.411
0.175
0.323
-1.711
-2.694
-1.086
-0.410
0.429
-2.544
-0.019
-1.673
-0.029
-0.020
0.114
-1.701
-0.142
-0.020
-0.146
0.323
2.770
0.323
0.021
-3.126
0.413
0.433
-0.279
-1.345
-1.499
-0.665
-0.090
0.080
-0.086
-2.695
-0.771
-1.253
-0.077
1.561
-0.208
0.210
-0.398
0.148
0.057
-1.703
-0.574
-0.387
2.340
-2.129
-1.098
0.505
0.219
0.323
-0.262
1.498
1.143
0.323
1.008
-0.010
0.274
0.246
-0.719
0.323
-3.864
0.955
0.642
0.323
-0.282
-0.270
0.323
0.951
-0.302
0.581
-3.374
0.313
-1.001
-1.773
0.291
-1.114
0.011
-0.973
0.323
-0.441
-0.496
-0.954
-0.485
0.323
0.352
0.159
-1.153
0.234
-0.071
0.013
0.440
0.116
-2.188
-1.959
-0.383
-2.190
-3.313
-0.017
0.041
-0.342
-0.537
-0.296
0.399
0.130
-0.085
0.289
0.323
-0.596
-0.463
0.276
-0.815
0.311
-1.960
-0.691
1.103
-0.142
-1.000
0.075
-0.288
-1.796
-0.225
-0.310
-0.366
0.174
0.337
0.307
0.449
-0.009
-0.098
0.355
0.323
0.515
0.034
0.265
-0.490
-0.559
0.797
0.262
0.242
0.161
0.125
0.034
0.323
0.173
-0.032
0.323
-0.405
-0.548
0.116
-0.666
0.295
0.304
0.637
0.323
0.767
0.538
-1.295
-0.176
-0.778
0.125
0.323
0.323
0.323
0.052
0.155
-0.278
0.296
-0.508
0.323
-0.086
0.356
-0.354
-0.346
0.276
-0.359
-0.013
0.284
0.226
0.057
0.517
0.548
-0.281
-0.213
-0.429
0.347
0.347
-0.275
0.280
-0.309
-1.571
-0.053
-0.022
0.293
0.323
0.042
0.780
0.226
-0.130
0.652
0.358
0.148
0.378
-0.121
0.199
0.230
0.147
-0.148
0.145
-0.276
0.137
0.102
0.237
3.325
2.213
2.475
1.547
0.461
0.525
-0.199
1.098
0.715
1.541
-0.164
0.323
-0.372
-0.172
0.109
-0.115
1.872
0.242
0.271
0.065
-0.527
-0.837
-0.054
0.323
-0.058
-0.101
0.323
0.291
0.166
0.298
-1.661
-2.742
-3.545
-0.541
-0.946
