-0.776
-0.011
-1.836
0.585
0.166
3.971
0.028
0.612
1.444
0.086
0.113
2.770
0.463
0.077
0.405
2.141
0.060
0.891
0.096
0.135
-0.542
-0.148
-1.518
0.484
-0.200
-0.611
-0.836
0.474
-0.235
0.211
0.344
1.262
-0.240
-0.165
-1.075
-0.438
0.174
0.412
0.298
0.649
0.013
0.603
0.061
0.083
0.104
0.141
-0.256
0.277
0.345
0.422
1.512
0.895
2.294
1.812
0.666
0.612
2.232
-0.326
0.455
-0.424
2.224
0.583
2.232
-0.066
-0.244
-0.750
-0.228
0.657
0.273
-0.425
-0.554
-0.215
-0.249
-0.148
-0.138
0.286
-1.068
-0.253
0.068
-0.111
2.985
0.320
-0.267
2.348
0.770
2.141
1.336
0.426
-0.217
0.516
-0.001
0.569
-0.019
0.307
3.312
-0.706
-0.210
0.593
2.164
0.717
-0.209
-0.042
3.199
0.401
1.613
0.321
-0.094
-0.415
2.207
-0.209
0.199
-0.308
-0.356
-1.481
-0.292
-0.258
4.188
-0.491
-0.089
0.755
1.500
2.202
1.195
0.339
-0.154
1.512
1.354
-0.033
0.374
0.998
-0.353
0.647
-0.167
0.473
-0.141
-0.022
1.072
0.150
-0.384
-2.406
2.253
0.825
0.008
0.371
-0.174
0.980
-1.688
-0.841
-0.443
-1.119
0.155
-0.588
-0.210
1.382
-0.310
2.598
-0.372
0.370
0.745
1.009
0.600
-0.210
-0.897
0.462
-0.420
3.062
0.604
0.862
1.114
0.864
0.251
0.155
0.302
-0.441
0.254
0.219
-0.196
0.056
-0.149
-0.343
-0.091
1.857
0.625
-0.134
-0.064
-0.628
0.326
2.905
1.580
1.126
2.392
3.523
0.455
1.036
0.271
0.801
0.784
-0.072
-0.139
0.241
-0.122
-0.129
0.758
0.622
-0.262
0.855
0.076
3.078
0.854
-0.626
0.504
1.047
0.870
0.071
2.434
0.932
-0.480
0.022
0.423
-0.288
-0.108
-0.323
0.129
-0.100
-0.342
-0.278
-0.693
0.579
0.003
0.648
0.832
0.284
0.200
0.267
0.253
-0.002
0.447
-0.525
0.214
-0.007
-0.009
1.087
0.816
0.770
1.475
-0.570
-0.214
-0.211
-0.410
-0.235
-0.988
0.538
0.248
1.597
1.349
0.128
0.008
0.459
1.078
1.289
1.464
0.021
1.700
-0.748
0.503
0.061
-0.143
0.155
0.212
0.631
0.392
-0.026
-0.042
-0.100
0.142
0.100
0.749
0.739
0.667
-0.140
-0.009
0.544
-0.000
0.438
2.253
0.079
-0.087
0.060
-0.333
0.492
-0.159
-0.993
0.116
-0.296
-0.232
-0.144
-0.100
0.555
-0.167
-0.178
-0.201
-0.033
-0.510
0.112
-0.118
0.005
0.166
-3.388
-2.436
-2.399
-1.618
-0.018
-0.259
0.294
-0.670
-0.102
0.528
0.422
0.403
0.213
-0.213
0.872
0.002
-1.457
-0.507
0.664
-0.091
0.788
1.468
-0.157
0.387
-0.138
0.067
-0.354
-0.183
0.027
0.073
1.738
1.880
3.324
0.387
2.026
