-2.110
-2.047
-4.581
-0.142
0.285
2.197
-0.042
0.478
2.372
1.073
0.150
2.425
1.436
0.047
-0.516
0.901
0.414
0.130
0.420
-0.161
0.047
-0.677
-0.693
0.580
0.038
-0.064
-0.015
0.794
0.156
-0.089
0.083
0.372
-0.035
0.301
0.277
0.292
-0.958
1.291
0.278
0.995
-0.070
0.134
0.283
-0.011
-0.300
-0.260
-0.113
0.155
0.336
-0.937
0.920
1.277
1.139
1.214
-1.199
0.122
2.393
-2.012
-0.130
-1.666
2.753
1.053
1.503
-0.070
-0.135
-0.021
0.317
0.152
-0.085
-0.257
-0.168
0.003
0.200
-0.390
-0.073
-0.096
-1.423
-0.310
-0.150
-0.383
1.553
-0.138
-0.054
0.590
-0.035
2.774
1.046
1.011
-0.070
0.877
0.376
0.674
-0.030
-0.315
1.474
0.077
0.533
0.219
1.912
0.861
0.918
-0.161
2.631
-0.267
1.152
0.696
0.950
0.265
1.584
0.018
0.256
-0.763
-2.121
-3.083
-0.715
-1.570
2.605
-1.271
0.796
0.210
1.758
1.452
0.407
1.192
0.232
0.208
2.325
-0.305
1.367
1.431
-2.660
-0.333
-0.631
-0.145
-0.070
0.053
1.516
0.606
-0.309
-2.039
1.282
-1.318
0.085
0.221
-1.441
-0.003
-3.084
-2.454
-0.507
0.312
-0.158
-0.152
-0.070
1.904
1.097
0.038
-1.923
-0.994
-0.287
1.399
0.763
0.538
-1.522
0.583
-0.380
2.095
-0.074
-0.163
0.383
-0.256
0.507
0.060
0.380
0.069
0.043
0.110
0.274
-0.129
-0.070
-0.150
-0.955
0.167
0.033
-0.070
-0.624
-0.300
0.109
3.154
2.630
1.143
0.687
2.054
0.188
-0.457
-0.070
0.635
0.211
-0.310
-0.945
-0.569
-0.795
-0.720
-0.721
-0.370
-0.378
-0.021
-0.041
1.310
0.569
-1.945
0.491
1.592
1.491
0.807
2.525
0.556
-0.070
-0.070
-0.492
-0.296
-0.070
-0.070
-0.007
-0.070
-0.063
-0.035
-1.878
0.332
0.331
1.317
0.367
-1.184
-0.506
-0.296
0.044
-0.082
0.343
-0.308
0.615
0.162
1.294
-0.048
0.419
0.221
0.706
-0.009
-0.116
0.268
-0.070
-0.118
0.141
1.345
0.719
0.364
0.480
-0.427
-0.341
0.471
-0.252
0.216
0.022
-1.504
0.376
-1.205
-0.345
-1.091
-1.617
0.307
-0.013
-0.293
-0.486
-0.209
0.462
-0.263
-0.151
0.249
1.100
0.403
0.506
0.164
-0.165
0.952
0.287
0.572
2.618
0.022
-0.070
0.539
1.019
0.525
0.114
0.185
-0.070
-0.070
-0.070
-0.070
-0.113
-0.070
-0.122
-0.070
-0.070
-0.070
-0.070
-0.070
-0.070
-0.121
0.162
-2.304
-2.306
-2.601
-1.860
-0.214
-1.347
0.596
-0.477
-0.466
-1.077
0.080
-0.329
0.015
-0.114
-0.322
-0.091
-1.176
-0.743
0.779
-0.294
1.017
1.816
-0.070
0.597
-0.362
0.860
-1.640
-0.747
-0.841
-0.169
3.416
1.758
1.667
-0.320
1.704
