-0.406
-0.117
1.263
-0.013
1.298
-3.237
-0.104
-0.416
-2.033
-0.760
0.089
-2.065
-0.341
-0.665
0.194
-2.002
-0.304
-0.239
0.053
-0.002
0.540
0.169
-0.452
-0.022
0.642
-0.012
1.000
-0.458
0.256
0.017
0.001
-1.411
1.019
-1.172
-0.815
-0.775
-0.462
-0.552
-0.619
-0.548
-0.732
-1.076
-0.305
-0.818
-0.002
-0.002
-0.002
0.073
-0.665
-1.087
-0.872
-0.355
-1.087
-0.764
1.051
-0.001
-1.763
0.137
-0.002
0.046
-3.062
-0.740
-2.921
-0.064
0.130
0.920
0.379
-0.072
0.230
0.835
0.936
0.573
0.082
0.806
0.248
0.169
1.708
0.426
0.189
0.494
-1.206
-0.134
0.463
-2.465
-0.235
-2.501
-1.290
-0.124
-0.002
-0.002
-0.066
-0.077
0.516
-0.246
-1.962
-0.002
-0.026
-0.251
-2.897
0.997
-0.197
-0.034
-3.137
-0.757
-1.802
-0.652
0.343
-0.206
-2.076
0.168
0.069
0.134
-0.631
1.496
-0.528
0.832
-2.311
1.037
-0.339
-0.630
-1.296
-2.188
-2.491
-1.250
0.397
-0.882
-2.202
0.312
-1.483
-1.232
-0.339
0.050
0.516
-0.170
-0.305
-0.278
-1.656
1.304
-0.977
1.574
-3.693
-1.594
0.147
0.197
0.585
-1.216
2.448
0.870
-0.076
0.193
-0.423
-0.104
-0.002
-2.264
-1.482
-2.133
0.856
-0.878
-0.765
-1.811
-0.528
-0.385
0.399
-0.567
0.071
-2.257
-0.705
-0.183
-0.557
-0.661
-0.607
-0.669
-0.634
-0.366
-0.794
-0.443
0.028
-0.313
-0.056
-0.325
-0.002
-0.569
-0.066
0.123
-0.002
0.334
-0.452
-2.862
-1.906
-0.802
-1.940
-2.468
-0.422
0.924
-0.003
-0.206
-0.409
0.379
-0.024
-0.020
0.119
0.014
-0.002
-0.040
-0.002
-0.151
-0.002
-1.369
-0.437
-0.002
-0.230
-1.611
-1.489
-0.094
-1.757
-0.765
-0.734
-0.812
-0.082
-0.002
-0.124
-0.321
-0.435
-0.050
-0.109
-0.355
-0.002
-1.544
0.319
-1.062
-1.204
0.017
-0.002
0.091
-0.002
-0.066
-0.068
0.648
0.383
-0.587
-2.302
-2.578
-1.054
-1.133
-0.846
0.706
-0.002
0.048
-0.521
-0.162
0.883
-1.629
-0.012
-0.410
-1.119
-0.054
-0.051
-0.515
0.033
-0.586
0.036
0.093
-0.457
-0.035
-0.115
-0.028
0.949
-0.439
-0.715
-0.002
-0.005
-0.002
-0.014
-0.002
-0.144
-0.840
-0.484
-0.316
-0.914
0.379
-0.034
-0.225
-0.062
-0.069
-3.110
0.064
-0.002
-0.076
-1.350
-0.380
-0.096
0.106
0.276
0.222
-0.031
0.382
0.883
-0.129
-0.015
-0.108
0.803
-0.075
1.313
0.202
0.069
0.097
-0.036
2.157
2.012
1.835
1.248
-0.002
0.043
-0.212
-0.039
0.537
1.500
-0.002
-0.002
0.416
-0.038
-0.020
-0.002
-0.015
0.271
-1.021
0.089
-0.480
-1.013
-0.011
-0.002
-0.027
1.366
1.192
-0.157
-0.002
0.234
-3.475
-2.859
-1.165
-0.115
-1.253
