-1.307
-1.252
1.871
-0.006
-0.445
-3.812
-0.362
-0.713
-2.508
-1.210
0.035
-3.334
-1.219
-0.852
-0.750
-2.496
-1.008
-0.337
-0.151
-0.067
0.441
0.357
1.367
-0.729
0.354
0.218
0.360
0.101
0.094
0.107
0.141
-1.089
0.064
-0.428
0.758
0.252
-0.701
-0.728
-0.378
-0.702
-0.736
-0.593
-0.635
-0.459
-0.352
-0.400
0.207
0.103
-0.315
-0.691
-1.078
-0.240
-1.980
-1.673
-0.278
0.245
-2.860
0.115
0.049
0.014
-3.273
-1.321
-2.089
0.098
0.158
0.290
0.254
-1.562
0.103
0.401
0.372
0.283
0.133
0.028
0.166
0.130
0.649
0.263
0.252
0.323
-3.023
0.001
0.168
-2.306
-0.279
-2.993
-2.046
-0.301
-0.239
-0.251
-0.275
-0.256
-0.015
-0.230
-3.352
0.303
0.070
-0.586
-3.208
-1.690
-0.379
-0.014
-3.547
-0.521
-1.747
-1.213
0.229
0.232
-3.399
0.347
-0.003
-0.033
0.032
1.568
0.147
0.061
-3.954
0.289
-0.348
-0.895
-1.953
-3.144
-1.593
-0.665
0.046
-1.490
-1.817
0.074
-0.042
-0.385
1.359
-0.979
0.034
-1.573
-0.010
-0.024
-1.635
-0.207
-0.011
2.337
-3.059
-1.061
0.046
-0.090
0.348
-1.035
1.629
0.671
-0.023
-0.018
-0.558
0.038
0.335
-1.611
-1.102
-3.218
0.749
-0.012
-0.024
-1.255
-1.005
-0.795
1.029
-0.955
0.537
-3.676
-1.915
-1.215
-1.770
-2.321
-0.356
-0.419
-0.319
0.251
-0.266
-0.298
-0.210
0.094
0.381
0.331
0.198
-2.242
-1.144
0.121
0.033
0.681
0.133
-3.276
-2.337
-1.541
-3.070
-3.840
-0.870
-1.285
-0.571
-0.573
-0.368
0.312
0.058
0.098
0.118
0.036
-0.434
-0.477
-0.296
-0.536
0.191
-2.754
-1.125
0.466
-1.280
-1.787
-1.182
-0.414
-3.013
-1.261
-0.421
-0.341
0.059
0.242
0.152
0.371
-0.203
-0.230
0.144
0.085
0.277
-1.057
0.152
-1.471
-1.179
-0.018
-0.269
0.071
-0.783
0.206
-0.995
0.662
0.002
-0.508
-1.423
-2.420
-0.671
-1.247
-0.932
0.151
0.065
0.155
-0.018
0.378
0.469
-0.914
-0.541
-0.381
-0.631
0.277
-0.034
-0.211
0.026
-0.602
-0.052
-0.016
-0.274
-0.523
0.311
-0.072
-0.022
-0.334
-0.021
0.589
-0.210
-0.005
0.076
0.335
0.064
-0.666
-0.509
-0.442
-0.479
0.438
0.412
-0.134
0.546
-0.327
-3.248
0.040
-0.012
0.016
-1.020
-0.773
0.414
-1.293
0.093
0.242
0.221
0.304
0.336
0.386
0.144
0.361
0.356
-0.250
0.302
-0.150
0.208
0.026
0.070
2.441
2.261
3.218
1.540
0.019
0.291
-0.063
0.787
0.655
-0.426
-0.215
-0.194
-0.019
-0.324
-0.443
0.018
0.396
0.557
-0.155
-0.168
-0.923
-1.876
-0.113
-0.244
-0.489
0.021
0.513
0.055
-0.046
-0.330
-1.570
-2.986
-3.470
-1.355
-2.134
