0.043
0.043
0.043
-0.037
-0.064
2.046
0.074
0.012
1.489
0.565
-0.248
2.848
0.930
-0.111
0.132
1.782
0.588
-0.144
-0.106
-0.191
0.024
-1.185
-0.380
0.340
-0.097
0.043
-1.477
0.342
-0.110
-0.181
-0.191
0.835
-1.675
-1.046
-1.250
-1.082
0.636
0.190
0.614
0.283
0.248
0.484
0.143
0.074
-0.393
-0.138
-1.045
0.043
1.720
0.055
1.554
0.043
1.660
0.741
1.105
1.402
1.882
-0.617
0.467
-1.058
2.133
0.818
2.196
-0.077
-0.155
-0.094
0.119
0.820
0.194
-0.943
-0.518
-0.632
-0.391
-0.382
-0.572
-0.126
-1.061
-0.601
-0.417
-0.637
2.377
0.087
-0.159
1.609
0.572
1.657
0.812
0.312
0.043
0.083
0.446
0.214
-0.743
0.211
2.256
-0.454
-0.017
0.787
3.056
1.846
-0.003
-0.022
2.428
0.556
1.265
1.315
-0.298
0.531
1.998
0.210
0.095
-0.339
-0.063
-1.457
0.464
-0.467
2.122
-0.318
0.599
0.476
1.557
2.098
1.482
0.315
0.301
-0.288
1.533
0.316
0.891
-0.113
-1.485
-0.101
-0.228
0.218
-0.066
0.076
1.220
0.143
0.605
-0.164
1.966
1.122
-0.908
-0.548
-0.749
1.150
-2.001
-1.445
-0.001
-0.716
0.587
-0.078
-0.197
0.939
-2.025
0.764
-1.096
-0.568
0.043
0.043
0.046
0.043
-1.577
0.403
-0.833
2.474
0.062
0.672
1.117
0.274
0.522
0.043
0.616
-0.530
0.316
0.304
0.088
-0.100
-0.166
-0.690
0.150
1.475
0.569
0.011
0.043
-0.316
-0.510
2.349
2.065
0.876
2.348
2.519
0.855
0.612
0.506
0.622
0.923
-0.159
0.135
0.144
-0.112
-0.023
0.458
0.582
0.123
0.596
-0.406
1.931
0.469
-0.512
0.840
1.856
0.257
0.113
1.860
0.940
0.399
0.432
0.043
-0.231
0.042
0.122
0.272
0.268
-0.096
0.025
-0.140
0.316
0.116
0.892
0.884
0.031
0.316
-0.051
0.449
0.017
0.057
0.043
0.035
0.043
0.043
0.095
-0.071
0.054
0.032
-0.042
-0.009
-1.351
0.043
-0.637
-0.520
1.109
0.258
0.327
0.776
-0.547
-0.906
-1.069
0.093
0.233
0.352
-0.543
1.042
0.001
-0.068
-0.027
0.108
-0.009
-0.668
-0.856
0.084
0.043
-0.156
0.043
-0.210
0.380
0.525
0.335
0.412
-0.356
-0.240
0.534
-0.151
0.109
3.498
0.190
-0.374
0.225
-1.378
0.261
-0.002
-0.230
0.157
-1.194
0.134
0.035
0.023
0.512
0.051
0.019
-0.066
0.103
0.043
0.135
0.006
0.082
-0.537
-3.293
-1.319
-1.637
-1.427
0.519
-0.216
0.043
-0.056
-0.488
-1.164
0.342
-0.256
0.332
0.138
-0.075
0.059
-1.854
-0.718
0.328
0.040
0.012
1.014
-0.027
0.066
0.318
0.206
-0.546
-0.193
0.208
0.022
2.145
1.837
2.600
0.203
2.136
