-2.051
-2.020
-1.968
0.123
-0.623
1.136
0.097
-0.123
1.342
1.282
0.187
1.727
1.685
0.071
0.225
0.307
1.306
0.070
0.122
-0.558
1.810
-0.332
-2.001
1.601
0.662
-0.736
-0.777
-0.407
-0.224
0.044
-0.044
-0.049
-0.529
-0.498
-0.839
-0.282
0.165
0.400
0.149
1.151
-0.212
0.785
0.053
0.168
0.110
0.683
-0.196
0.123
-0.114
1.088
0.123
-0.284
1.775
0.629
1.935
2.083
0.320
-1.992
-0.049
-1.983
0.655
0.628
0.798
0.114
0.605
0.003
1.784
0.077
0.069
0.032
-0.217
-0.214
0.161
-0.334
-0.122
0.229
0.298
-0.041
0.059
0.138
1.515
0.509
0.387
0.282
1.265
1.202
0.577
0.099
0.065
-0.422
0.005
0.105
0.017
0.661
0.757
-0.137
0.116
0.363
1.659
1.717
2.170
0.183
0.704
1.023
1.923
1.723
1.612
1.825
1.000
0.626
0.088
-0.297
0.378
-1.255
1.422
0.177
1.729
0.375
0.073
0.810
1.656
0.026
-0.194
0.064
0.083
1.427
1.099
0.751
1.186
-0.082
-0.645
-0.375
0.105
-0.164
0.039
0.166
1.308
1.198
1.191
-2.246
0.557
-0.753
0.407
0.254
-0.609
0.445
-3.723
-2.361
0.106
-0.186
0.192
0.428
0.066
1.269
1.173
1.112
-0.522
-0.090
1.250
1.273
-0.165
-0.073
-1.724
-0.017
-1.019
1.159
-1.110
-0.845
1.373
-0.294
0.824
0.854
0.870
0.036
0.123
0.469
0.141
-1.245
0.123
-0.011
0.450
0.127
0.123
0.223
0.043
-1.275
1.293
1.415
1.581
0.487
1.100
0.652
0.911
0.057
0.047
0.128
0.123
0.092
-0.023
0.095
-0.275
-0.189
-0.051
0.122
0.152
0.123
1.299
0.722
0.310
-1.094
0.877
0.324
1.587
-0.040
1.309
1.258
0.541
-0.283
-0.048
-1.493
-0.277
0.135
0.536
0.123
-0.811
-0.804
-2.943
0.246
1.105
0.431
0.137
2.210
0.373
0.127
0.557
0.063
1.029
-0.361
0.200
-0.410
0.723
-0.886
0.113
-0.021
-0.114
0.106
0.123
-0.003
0.030
-0.112
0.306
1.061
0.123
0.460
0.341
0.554
-0.068
0.240
0.317
0.374
0.592
-0.123
0.604
-0.439
0.941
-0.510
-0.013
0.071
0.008
0.155
0.577
-0.500
0.123
-0.723
0.695
0.259
0.719
-0.253
0.356
-0.463
-0.990
0.459
0.149
-0.414
0.085
0.052
0.216
0.015
1.115
-0.085
-0.384
-0.958
0.088
-0.005
-0.003
-0.173
-0.779
0.067
0.013
-0.383
-0.320
0.097
0.092
0.082
0.024
0.294
0.220
-2.924
-2.499
-2.385
-1.621
0.469
-1.652
0.038
-0.955
-0.736
0.827
0.123
-0.018
0.123
0.053
-0.073
0.096
-0.488
-0.309
1.386
0.103
1.089
0.559
0.129
0.111
0.417
0.420
-0.226
-0.252
-0.178
0.533
1.047
1.483
0.208
0.139
0.032
