-2.201
-2.134
-0.011
0.266
-0.369
1.752
-0.012
0.433
0.787
0.945
-0.272
1.886
-0.117
-0.296
1.030
3.581
1.726
0.349
0.036
-0.867
-0.888
-1.467
-3.062
0.295
0.196
2.061
0.311
1.610
0.777
0.261
-0.280
2.002
-1.388
-0.724
-0.589
-0.428
-0.766
0.723
-1.206
0.583
-1.017
1.828
0.178
-0.307
0.161
0.509
-0.730
1.758
0.735
0.725
-0.469
0.765
0.868
0.445
0.596
0.515
0.677
-2.644
0.283
-2.057
0.628
0.738
1.347
0.376
0.056
-0.420
1.254
0.216
-0.503
0.071
-0.327
-0.571
-0.452
-0.046
-0.867
-0.287
-1.434
-0.268
-0.113
0.020
2.535
0.402
-0.251
1.583
0.747
0.318
-0.047
0.023
0.023
-0.062
0.023
0.435
-0.298
0.315
0.082
0.023
-0.020
1.289
3.154
-0.282
1.462
-0.931
2.134
1.341
0.843
-0.156
-0.031
0.066
2.083
0.504
-0.207
-0.303
0.702
-2.020
1.129
-0.604
3.907
-0.347
1.283
1.535
2.228
1.320
0.854
0.096
0.453
0.164
0.667
0.324
1.705
0.395
-0.191
1.325
0.161
0.784
-0.133
-0.213
2.297
1.205
0.300
-1.100
2.190
-0.801
1.768
0.479
0.022
0.456
-2.849
-2.373
-0.678
0.103
0.515
-2.795
0.145
1.601
0.117
0.272
-1.340
-0.089
0.354
0.661
2.209
0.221
-1.438
1.851
-0.023
2.509
-0.080
0.912
2.110
0.562
1.732
1.289
0.808
0.488
-0.401
1.109
1.176
-0.682
-0.248
-0.460
-0.727
1.222
0.351
0.634
0.120
-0.870
2.987
2.448
1.789
0.838
0.528
0.565
0.256
0.034
0.048
1.273
0.848
-0.593
-0.442
0.345
0.816
0.603
-0.380
-0.395
0.340
0.588
0.755
2.847
1.951
-1.397
0.671
0.521
1.674
1.539
3.708
2.354
-0.034
-0.021
1.071
-0.555
0.051
0.025
0.167
-0.126
-0.008
-0.502
-0.408
0.893
0.820
1.521
1.296
0.047
-0.167
0.751
2.701
1.066
3.199
-0.244
0.011
-0.498
0.146
-1.549
-0.714
-0.682
1.118
0.023
0.297
-0.479
-0.036
-0.294
-0.154
0.938
0.161
0.632
0.838
0.523
0.522
-0.048
0.190
-0.063
0.492
0.126
0.468
0.079
0.320
0.066
-0.519
1.104
1.475
0.671
-0.288
-0.124
-1.102
-0.272
0.071
0.023
0.955
-0.014
0.717
0.065
-0.052
0.534
0.513
0.343
1.456
-0.088
0.045
1.903
-0.068
2.078
0.093
1.129
0.185
-0.503
-0.432
-0.552
-0.139
0.479
-0.475
-0.026
-0.225
0.145
-0.073
0.047
0.234
-0.263
-0.095
-2.516
-2.118
-2.106
-1.292
-0.751
-0.778
0.272
-1.527
-0.879
2.057
1.042
-0.177
0.213
0.191
0.462
0.704
-4.054
-0.278
2.141
0.023
1.329
0.951
0.098
0.669
1.364
-0.223
-0.003
0.122
0.044
-0.369
2.226
0.318
-0.080
-0.966
0.610
