0.267
0.224
0.370
-0.402
1.219
2.291
-0.029
0.434
1.235
0.343
0.150
2.410
0.620
0.197
0.308
1.939
0.551
0.284
-0.163
-0.262
0.287
0.020
-1.035
0.521
-0.366
0.315
-0.277
0.336
-0.317
-0.308
-0.169
0.267
-0.461
0.021
-0.355
0.108
0.285
0.426
0.156
0.340
0.269
0.349
0.277
0.264
-0.310
-0.167
-0.564
-0.067
0.398
0.379
2.140
0.225
1.088
1.231
0.507
0.436
2.530
-0.860
-0.180
-0.478
2.388
0.982
1.933
-0.224
-0.048
0.231
-0.035
0.538
-0.123
-0.633
-0.517
-0.356
0.304
-0.316
-1.808
-0.113
-0.324
-0.499
-0.124
-0.270
1.496
-0.215
-0.490
1.365
0.111
2.225
0.384
0.318
0.346
-1.205
0.299
-0.352
-0.806
-0.258
3.441
-0.779
-0.151
-0.034
2.912
1.641
0.145
-0.093
2.632
-0.085
0.836
0.484
-0.195
-0.258
2.057
-0.438
-0.259
-0.474
-0.175
-1.478
0.006
-0.172
3.508
-0.495
0.650
0.662
1.754
2.507
1.914
0.384
-0.006
1.092
1.331
-0.476
0.140
0.261
0.267
0.181
-0.206
0.426
0.754
-0.050
0.876
0.097
0.236
-1.825
1.908
0.679
-0.773
-0.172
-0.843
-0.071
-1.980
-1.316
0.103
0.273
0.044
-0.117
-0.287
1.277
0.822
1.667
-0.966
0.112
0.070
1.074
0.787
0.818
-1.334
0.857
-1.069
3.586
0.949
0.621
1.974
1.685
0.020
-0.202
-0.145
-0.093
-0.061
-0.133
-0.259
-0.160
-0.409
-0.313
0.197
1.229
0.646
-0.513
0.294
-0.647
0.408
2.839
1.859
1.226
1.794
3.112
0.229
0.329
0.405
0.354
0.594
-0.179
0.055
0.091
-0.102
-0.167
0.369
0.067
-0.097
-0.039
-0.139
1.831
0.682
-0.389
0.636
1.030
0.631
0.325
2.476
0.784
0.190
0.287
-0.214
-0.245
-0.358
-0.321
-0.122
-0.106
-0.544
-0.144
0.019
0.396
0.267
0.926
0.547
0.166
0.358
-0.110
0.452
-0.266
0.667
-0.589
-0.019
0.300
1.062
1.597
0.794
0.334
0.699
-0.579
0.353
-1.096
0.221
-1.487
-0.465
0.879
-0.197
0.782
0.630
-0.159
-0.334
0.671
1.434
0.310
0.737
0.187
0.943
-0.213
0.330
-1.157
-0.161
0.364
-0.058
-0.122
-0.164
-0.206
-0.052
0.267
0.568
0.734
0.305
0.370
-0.146
-0.267
0.238
0.119
0.036
0.150
2.048
-0.131
-0.108
0.200
0.703
0.683
-0.944
-2.482
0.265
-0.091
0.225
-0.151
-0.306
-0.771
-0.106
-0.778
-0.508
-0.046
0.036
-0.057
-0.532
-0.119
-0.149
-3.326
-2.364
-2.946
-1.851
-0.077
-0.156
-0.155
-0.122
-0.636
1.202
0.265
0.419
0.092
0.060
0.388
-0.107
-0.821
-0.395
-0.167
0.580
0.248
1.443
0.217
0.366
0.224
0.480
-0.870
-0.537
0.099
-0.186
2.475
3.491
3.353
0.951
2.562
