0.072
0.249
0.021
0.007
-0.364
-2.119
-0.002
0.224
-1.473
-0.420
0.286
-1.799
-0.450
0.248
0.357
-1.582
-0.390
0.093
0.041
0.203
-0.033
0.282
1.376
-0.561
0.407
-0.085
0.808
-0.474
0.210
1.104
-0.071
-0.890
1.025
0.242
0.640
0.072
-0.113
-0.387
-0.413
-0.316
0.049
-0.428
-0.591
-0.523
0.015
-0.173
1.202
0.033
-0.747
-0.722
-1.511
0.037
-0.921
-0.747
-0.186
-0.341
-1.582
0.522
-0.008
0.272
-1.456
-0.269
-1.588
-0.032
0.126
-0.144
-0.469
-0.881
-0.190
0.725
0.499
0.468
-0.192
-0.277
0.592
-0.151
0.792
0.625
0.113
0.418
-1.797
0.116
0.282
-1.403
-0.593
-1.603
-0.359
-0.117
-0.055
0.424
-0.132
-0.006
0.507
-0.224
-2.810
0.455
0.120
-0.448
-2.547
-0.630
0.086
0.088
-2.312
-0.083
-1.277
-0.503
0.133
-0.376
-1.974
0.646
-0.086
-0.301
0.051
1.395
-0.288
0.169
-2.273
-0.039
0.057
-0.430
-0.487
-1.808
-1.283
-0.169
-0.036
-0.998
-0.817
-0.034
-0.495
-0.636
0.276
-0.379
-0.081
-0.569
-0.255
-0.115
-0.755
-0.239
-0.398
0.209
-1.664
-0.486
0.027
0.027
0.543
-0.471
1.596
1.470
0.038
0.900
-0.256
-0.030
0.175
-1.146
0.111
-1.965
0.892
0.026
-0.756
-1.404
0.014
-0.039
0.816
-0.175
0.453
-3.473
-0.601
-0.727
-1.250
-1.029
-0.272
-0.120
-0.190
0.294
-0.285
-0.197
-0.062
0.131
0.145
0.227
-0.134
-1.477
-0.551
-0.102
-0.085
0.443
-0.109
-2.304
-1.549
-0.655
-1.923
-2.190
-0.125
-0.667
-0.441
-0.345
-0.310
0.160
0.071
-0.166
0.086
0.062
-0.433
-0.284
0.125
-0.394
-0.086
-1.564
-0.505
0.494
-0.348
-0.531
-0.208
-0.295
-1.745
-1.058
-0.240
-0.372
0.001
0.207
0.293
0.186
-0.137
-0.114
0.190
0.484
0.334
-0.196
-0.078
-0.150
-0.443
-0.149
0.108
0.093
-0.113
-0.141
-0.511
0.476
0.051
-0.129
-0.400
-0.031
-0.418
0.012
0.078
0.068
-0.144
0.064
0.182
0.346
0.325
-0.574
-0.405
-0.586
-0.810
0.281
0.472
-0.035
-0.225
-0.607
-0.468
0.491
-1.454
0.561
0.139
0.418
0.046
-0.108
0.039
-0.065
-0.193
-0.132
-0.024
0.015
0.028
-0.605
-0.503
-0.379
-0.309
0.153
0.015
-0.504
-0.272
-0.131
-1.082
-0.162
0.014
-0.472
0.076
-0.230
0.863
0.665
0.057
0.132
-0.030
0.062
0.137
0.039
-0.036
0.183
0.084
0.080
0.124
0.117
0.217
0.037
0.138
2.576
1.530
1.401
1.383
-0.085
0.096
-0.059
0.187
0.787
0.541
-0.258
-0.568
-0.215
-0.145
0.015
-0.083
1.423
0.436
0.079
-0.179
-0.092
-1.019
0.176
0.102
-0.278
0.008
0.202
0.245
-0.171
-0.074
-1.564
-2.549
-2.373
-0.254
-2.029
