-0.361
-0.479
-1.368
0.065
-0.369
1.464
0.170
0.440
1.465
0.464
-0.220
2.794
1.171
-0.252
-0.325
1.316
0.526
0.263
-0.105
0.065
-0.417
-0.301
-1.451
-0.581
-0.341
-0.568
-0.562
-0.540
-0.398
-0.424
-0.111
1.036
-0.287
0.338
0.032
0.789
0.352
0.727
0.130
-0.188
0.085
0.950
-0.278
0.196
0.056
0.058
-0.117
-0.239
1.051
1.173
1.005
-0.149
1.432
0.588
0.427
-0.179
2.865
-0.026
0.246
0.182
1.823
1.000
1.417
-0.049
-0.058
-0.392
-0.131
0.524
0.007
-0.288
-0.423
-0.115
-0.032
0.213
-0.080
-0.037
-2.155
-0.039
-0.044
-0.142
1.945
-0.158
-0.150
0.858
0.282
1.916
0.667
-0.017
-0.041
0.015
-0.018
-0.024
-0.070
0.589
2.230
-0.000
0.032
0.010
1.661
-0.843
-0.155
-0.237
2.051
-0.224
0.871
0.752
-0.477
-0.370
2.286
-0.325
0.007
-0.033
0.644
-1.259
-0.282
-0.547
3.668
-0.968
0.905
0.471
1.341
1.792
0.759
0.239
-0.363
0.347
0.772
-0.215
-0.148
1.298
-0.356
-0.376
-0.053
0.495
0.305
0.471
1.008
-0.179
0.012
-1.401
3.462
0.370
0.296
0.134
-0.572
0.372
-1.840
-1.110
-0.134
-0.494
0.511
-0.086
-0.052
1.776
1.390
2.846
-0.821
1.255
0.468
1.608
0.481
0.523
-0.746
0.476
-0.398
3.410
1.263
0.973
1.219
1.664
0.950
0.625
0.680
-0.152
0.607
0.606
0.454
-0.066
0.158
-0.146
0.163
1.380
0.875
-0.444
0.184
-0.797
0.322
2.160
1.561
1.107
2.328
1.513
0.790
-0.925
-0.108
0.140
0.074
-0.034
-0.065
-0.008
0.196
0.095
-0.011
-0.000
0.182
0.004
-0.125
2.078
0.463
-0.620
-0.087
1.315
1.266
-0.069
2.015
0.938
0.172
0.044
-0.241
-0.157
-0.279
-0.147
0.109
-0.000
-0.249
-0.150
-0.794
0.851
-0.433
0.790
1.090
-0.192
-0.074
-0.090
0.274
0.721
0.481
-0.923
-0.032
0.155
0.772
1.510
0.408
0.518
0.262
0.134
-0.077
0.003
0.229
0.149
-0.299
0.866
0.038
0.663
0.803
0.291
0.456
1.094
0.461
0.611
0.550
0.236
0.664
0.092
0.747
-0.324
-0.511
-0.001
-0.049
0.054
-0.120
-0.152
-0.173
-0.508
-0.419
0.652
0.774
0.351
0.412
-0.243
-0.211
0.598
0.075
0.338
1.730
0.043
-0.029
0.270
1.421
0.343
0.113
0.045
0.380
0.144
0.312
-0.018
-1.193
0.360
0.226
-0.437
-0.797
0.324
0.067
0.392
0.083
0.265
0.128
-2.219
-1.943
-2.314
-1.461
-0.219
-0.573
0.100
-1.232
-0.952
-1.132
0.460
0.659
-0.046
0.078
0.142
-0.060
-0.312
-0.125
0.876
-0.035
0.091
1.238
-0.085
0.051
0.335
-0.016
-0.776
-0.267
0.095
-0.086
3.528
2.524
1.520
-0.002
1.830
