-0.788
-0.817
-0.254
-0.300
-1.225
-1.986
-0.160
-0.183
-1.397
-0.545
-0.125
-2.656
-1.115
-0.554
-0.160
-2.480
-0.998
-0.543
-0.425
0.159
-0.118
0.126
1.735
-0.836
0.043
-0.265
0.246
-0.330
-0.066
0.150
-0.096
-1.230
-0.156
-0.567
-0.036
-0.212
-0.955
-1.026
-0.526
-1.091
-0.333
-0.629
-0.938
-0.644
-0.398
-0.387
0.104
-0.226
-0.381
-0.888
-1.375
-0.613
-1.635
-1.511
-0.106
-0.849
-2.573
0.302
0.022
0.219
-2.522
-0.921
-1.884
0.006
0.067
-0.188
-0.001
-0.854
-0.233
0.924
0.971
0.308
-0.233
0.021
0.205
0.084
-0.120
0.078
0.171
0.364
-2.545
-0.105
0.154
-2.131
-0.821
-2.619
-1.948
-0.039
-0.188
0.334
-0.071
-0.420
0.255
-0.134
-2.758
0.334
-0.154
-0.495
-2.597
-1.131
-0.368
0.040
-2.388
-0.074
-1.617
-1.179
0.056
-0.038
-2.211
0.010
-0.081
0.216
0.097
1.333
-0.360
0.212
-2.837
0.202
-1.374
-0.896
-1.972
-3.136
-1.337
-0.651
-0.341
-1.130
-1.756
0.184
-0.273
-0.906
-0.254
-0.803
0.134
-1.137
-0.013
-0.009
-1.551
-0.301
0.117
2.689
-1.450
-0.987
-0.337
-0.595
0.459
-1.091
2.851
1.965
-0.026
1.268
-0.471
0.312
-0.148
-1.082
0.297
-1.911
0.417
0.230
-0.679
-1.397
-0.531
-0.454
1.377
-0.811
0.390
-3.196
-0.858
-1.153
-1.633
-1.640
-0.493
-0.600
-0.501
-0.189
-0.418
-0.500
0.003
-0.305
-0.201
-0.158
-0.001
-1.955
-0.898
-0.159
-0.136
0.957
-0.215
-1.843
-1.512
-0.984
-3.029
-3.214
-0.838
-0.367
-0.495
-0.563
-0.783
0.181
-0.254
-0.290
-0.234
-0.252
-0.516
-0.721
-0.246
-0.549
-0.017
-2.341
-1.185
0.780
-0.971
-1.531
-0.745
-0.658
-2.699
-1.218
0.012
0.000
-0.228
0.350
-0.143
0.180
-0.296
-0.116
0.109
0.295
0.809
-0.877
0.049
-1.310
-1.127
-0.020
0.204
0.094
-0.668
-0.608
-0.685
0.475
-0.388
-0.503
-0.521
-1.285
-0.971
-0.749
-0.673
0.087
-0.072
0.399
0.502
0.832
0.355
-0.562
-0.282
-0.189
-0.545
0.500
0.396
-0.374
0.419
-0.065
-0.514
0.418
-0.283
0.594
0.276
2.000
0.137
-0.209
0.045
-0.326
-0.280
-0.412
0.028
0.097
0.013
-0.237
-0.393
-0.599
-0.382
0.286
-0.233
-0.403
-0.166
-0.349
-2.876
-0.341
0.142
-0.260
0.145
-0.555
-0.110
1.008
-0.093
0.085
-0.209
-0.006
-0.200
-0.290
-0.082
0.106
0.179
-0.391
0.373
-0.224
0.002
-0.118
-0.136
2.702
1.561
1.898
1.077
-0.017
0.084
0.149
-0.301
0.464
-0.369
-0.293
-0.380
-0.269
-0.202
-0.431
0.112
1.059
0.195
-0.236
-0.344
-0.723
-1.377
-0.392
0.425
-0.504
-0.303
0.199
-0.276
-0.190
0.031
-1.180
-2.268
-2.029
-0.652
-2.093
