-0.099
0.199
-0.914
0.097
0.150
2.700
-0.130
0.014
2.098
0.428
0.048
3.721
0.652
0.016
-0.003
3.440
2.028
0.774
0.024
0.014
-0.330
0.014
-1.319
0.189
-0.942
-0.115
-0.199
0.140
-0.002
-0.320
0.014
0.430
-0.007
0.436
0.064
0.285
0.014
0.127
1.090
-0.264
0.445
0.405
0.190
0.147
0.015
0.207
-0.030
0.106
-0.050
0.166
1.103
0.249
1.044
1.169
0.014
0.233
2.492
0.014
0.014
-0.113
3.355
1.829
1.188
0.014
-0.210
-0.079
0.014
0.084
0.090
-0.560
-0.330
-0.177
-0.366
-0.005
-0.423
0.028
-1.195
-0.067
-0.140
-0.293
3.228
0.030
-0.399
2.291
0.448
2.964
1.103
0.314
0.019
0.042
0.075
0.225
0.007
0.014
3.800
-0.016
0.014
0.252
2.789
1.444
-0.259
-0.352
3.406
-0.019
2.022
0.850
0.067
-0.478
2.676
0.110
0.229
0.044
-1.037
-1.771
-0.045
-0.235
3.964
-1.502
0.769
1.112
2.129
3.202
0.651
0.490
0.107
1.408
1.055
-0.152
-0.087
0.186
-0.804
1.128
0.042
1.546
0.014
-0.075
1.430
0.425
-0.479
-2.228
2.089
0.102
-0.070
0.569
-0.711
0.178
-0.470
-0.272
-0.166
0.148
0.154
-0.424
0.014
2.471
-0.733
2.879
-1.478
0.178
0.014
0.608
0.170
0.157
-0.615
0.161
0.006
3.522
0.479
0.272
1.217
0.739
1.209
0.231
0.673
0.088
0.047
0.258
0.074
0.080
0.013
0.038
0.064
1.841
0.168
0.318
0.003
-0.780
0.036
3.314
2.535
0.700
2.336
3.403
0.629
0.243
0.072
1.201
0.372
-0.034
0.063
0.169
0.014
0.014
0.240
0.386
0.030
0.369
-0.045
2.618
0.663
-0.447
0.138
2.384
0.514
0.274
3.357
1.114
0.601
0.417
0.896
-0.035
-0.079
-0.247
0.215
-0.021
0.099
-0.156
-0.367
0.388
0.387
1.126
1.363
0.024
0.119
0.237
0.181
-0.459
0.349
-0.068
0.026
0.014
-0.017
0.747
0.014
0.199
0.120
-0.016
-0.114
0.012
-0.042
0.089
-0.107
0.387
0.034
-0.036
0.391
-0.194
-0.151
-0.101
-0.125
0.009
0.026
-0.069
-0.029
-0.507
-0.240
0.007
-0.031
0.014
0.014
0.209
0.021
0.041
0.076
-0.154
0.093
0.397
0.274
0.014
0.014
-0.214
0.014
0.042
-0.065
0.028
3.882
0.021
-0.061
0.014
-1.390
0.177
0.014
-0.029
0.359
-0.717
0.027
-0.122
-0.018
0.209
0.122
-0.063
-0.131
0.235
-0.040
0.274
0.106
0.014
0.186
-3.235
-1.912
-1.976
-1.532
-0.133
-0.306
0.365
-1.319
-0.304
0.218
0.456
0.724
0.105
-0.021
-0.521
-0.204
-0.939
-0.450
0.093
-0.096
0.188
0.536
-0.237
-0.077
0.068
-0.037
-0.065
0.205
-0.335
0.114
1.753
4.470
2.022
0.964
3.862
