0.439
0.839
1.019
0.028
0.138
2.934
0.702
0.548
1.029
0.103
0.012
2.591
0.460
-0.278
-0.101
1.839
-0.022
0.639
0.157
0.077
0.072
0.072
-1.420
0.549
-0.317
0.035
-1.869
0.072
-0.214
-0.127
0.038
0.900
-0.234
0.194
-0.558
0.208
0.626
0.267
0.100
0.126
0.511
0.384
0.341
0.022
0.124
0.163
-0.057
-0.053
0.270
0.049
1.184
0.023
2.107
1.905
1.316
0.060
3.268
-1.021
0.237
-0.205
3.191
1.285
1.937
-0.189
0.057
-0.045
-0.029
0.376
0.082
-1.362
-0.471
-0.449
-0.370
-0.371
-0.533
-0.154
-0.749
-0.184
-0.347
-0.817
2.165
0.233
-0.009
1.304
0.072
2.445
0.974
0.168
0.034
0.516
0.117
0.095
-0.024
0.329
2.307
-0.526
0.058
0.047
2.713
1.495
-0.226
-0.023
4.469
-0.029
1.138
0.205
-0.117
-0.003
2.498
-0.249
-0.012
0.035
-0.016
-2.077
0.024
-0.056
3.776
0.262
0.307
1.168
2.214
3.089
2.028
0.570
-0.009
1.312
1.640
0.143
0.269
0.331
-2.240
1.159
-0.247
0.260
-0.138
-0.049
1.240
0.230
0.095
-2.292
2.039
0.063
-0.020
0.176
-0.219
-0.228
-2.225
-0.835
-0.005
0.459
0.352
-0.048
-0.378
1.122
0.868
1.947
-0.937
0.425
0.275
1.010
0.043
-0.046
-0.866
0.110
-0.289
3.696
-0.004
0.590
1.515
0.450
0.152
-0.200
0.266
-0.115
0.294
0.414
0.131
0.072
0.095
-0.284
0.024
2.238
0.635
-0.054
0.076
-0.972
0.421
3.420
2.305
0.705
2.746
2.479
0.101
0.348
0.487
0.342
0.182
0.029
0.072
0.073
0.072
0.072
0.426
0.104
0.072
0.291
0.223
1.667
1.061
-0.692
0.268
0.835
0.699
0.272
4.045
2.109
0.383
0.269
-0.514
-0.402
-0.069
0.059
0.155
0.043
-0.080
-0.397
0.022
0.500
0.085
1.146
0.779
0.105
0.255
0.045
0.072
0.051
0.072
-0.312
0.007
0.635
0.648
0.088
0.555
0.043
0.946
-0.108
-0.090
-0.113
-0.405
-0.181
-0.605
0.790
0.210
0.185
-0.065
-0.482
-0.437
0.050
0.074
0.351
-0.117
-0.758
0.174
-0.392
-0.395
-0.918
0.084
0.067
0.032
0.805
0.373
0.077
0.149
-0.140
1.226
1.535
0.426
0.426
0.187
-0.032
0.064
0.213
0.072
0.169
2.391
0.191
0.022
-0.473
0.253
0.053
0.067
-0.527
0.343
0.367
-0.142
-0.107
0.064
0.627
0.393
-0.229
0.028
0.109
0.110
0.159
-0.065
0.072
-0.020
-3.226
-2.212
-3.028
-1.718
-0.020
-0.402
0.337
-1.197
-1.433
-0.777
0.332
1.013
0.143
0.563
0.085
0.329
-1.696
-0.178
0.101
0.072
0.190
1.964
-0.295
0.072
0.238
0.203
0.058
0.155
0.087
0.357
2.153
3.188
4.181
1.565
2.136
