-0.072
0.050
-0.174
1.163
-0.020
-2.176
-0.002
-0.739
-1.399
-0.303
0.087
-2.040
-0.512
-0.765
0.474
-1.985
-0.144
-0.315
0.036
-0.076
0.047
0.381
-0.816
-0.339
1.005
-0.499
0.927
-0.455
0.908
0.326
0.194
-0.478
1.215
-0.899
-0.789
-0.986
-0.781
-0.474
0.093
0.078
-0.333
-0.727
-0.230
-0.428
0.045
-0.014
0.036
-0.030
-0.477
-0.144
-0.726
0.008
-1.456
-1.233
0.308
0.572
-2.131
1.237
0.081
1.231
-1.967
-0.457
-1.412
0.306
0.179
0.241
0.851
-0.595
0.206
0.323
0.395
0.351
0.217
0.167
0.532
0.255
0.268
0.232
0.309
0.321
-2.473
0.072
0.540
-1.375
-0.012
-2.356
-2.169
0.055
0.032
-0.079
0.028
0.059
0.142
-0.062
-2.853
0.052
0.194
-0.368
-1.813
-0.443
-0.281
0.152
-2.498
0.740
-1.446
-1.134
1.243
-0.365
-1.772
0.412
0.272
0.248
0.622
-0.148
0.574
0.095
-2.542
1.662
-1.012
-0.612
-1.535
-1.444
-0.632
-0.156
0.292
-0.252
-1.358
0.298
-0.290
-0.721
0.167
-0.016
0.525
-0.392
0.013
0.051
-1.048
1.385
-0.335
0.580
-1.752
0.140
0.176
0.027
0.306
-0.638
1.381
0.988
1.402
0.766
-0.329
0.647
0.181
-0.788
-0.363
-0.910
0.743
-0.409
0.010
-0.542
-0.016
-0.015
0.818
-0.083
0.720
-2.101
-0.822
-0.231
-0.037
-1.065
0.020
-0.071
0.020
0.064
0.346
0.091
0.042
0.065
0.088
0.116
0.911
-1.670
-0.468
-0.075
0.239
0.396
0.440
-2.015
-1.052
-0.465
-1.932
-1.291
-0.278
-0.012
-0.385
-0.208
-0.143
0.323
-0.019
-0.042
-0.008
-0.014
-0.237
-0.308
0.037
-0.225
0.824
-1.845
-0.467
-0.147
-0.778
-1.285
-0.454
-0.298
-1.910
-0.492
0.031
-0.066
-0.066
0.113
-0.000
-0.025
-0.005
0.040
-0.029
-0.052
-0.028
-0.534
0.110
-0.974
-0.479
1.440
1.249
0.167
-0.314
-0.282
-0.487
1.582
0.101
-0.114
-1.126
-1.501
-0.114
-0.616
-0.405
0.230
0.267
0.169
-0.610
0.223
0.194
-0.253
0.020
0.150
-0.428
0.398
0.451
0.292
0.401
0.407
0.065
0.412
0.119
0.499
0.266
0.337
0.314
0.098
0.250
0.246
0.384
0.058
0.424
0.291
0.505
-0.697
-0.077
-0.076
0.021
0.645
-0.004
-0.087
0.065
0.004
-2.229
0.059
0.212
0.186
-0.316
-0.055
0.670
-0.001
-0.057
0.052
-0.204
0.226
0.767
0.036
0.077
0.650
0.302
-0.004
0.057
-0.037
0.580
0.280
0.618
1.217
1.364
1.393
1.355
0.067
0.067
0.159
-0.152
1.007
0.985
-0.023
-0.216
0.311
0.064
-0.490
0.083
0.597
1.672
-0.136
0.359
-0.373
-1.046
0.140
0.224
0.029
-0.023
0.849
-0.101
0.136
0.284
-1.532
-1.454
-2.569
0.217
-1.111
