-1.951
-2.051
-0.145
-0.028
-0.373
-3.237
-0.422
-0.833
-1.892
-0.724
0.164
-2.946
-1.042
-0.770
-0.883
-2.545
-0.883
-0.732
-0.386
0.196
0.449
1.037
1.685
-0.584
0.544
-0.300
2.868
-0.276
1.573
0.459
-0.007
-0.919
0.741
-0.641
0.034
-0.501
-1.004
-0.412
-0.469
-0.911
-0.620
-0.774
-0.824
-0.609
-0.027
-0.041
0.222
0.175
-1.199
-0.803
-1.220
0.136
-2.131
-2.199
-0.575
-0.349
-2.059
0.029
-0.096
-0.360
-2.657
-1.077
-1.995
0.172
-0.260
-0.008
0.095
-0.965
-0.092
1.012
0.895
0.323
0.396
0.397
0.059
-0.026
0.606
0.272
0.150
0.521
-2.178
-0.415
0.107
-1.772
-0.145
-2.368
-1.792
-0.192
-0.070
-0.382
-0.094
-0.121
0.299
-0.265
-3.199
0.009
0.042
-0.150
-2.601
-1.613
-0.134
0.168
-3.496
0.068
-1.424
-0.049
0.658
-0.483
-2.483
0.025
0.080
0.099
0.064
1.577
-0.336
0.206
-4.041
0.758
-0.099
-1.132
-2.013
-2.979
-2.165
-0.684
-0.495
-1.115
-1.744
-0.192
-0.270
-0.994
1.853
-0.863
0.334
-1.587
-0.246
-0.193
-2.041
-0.048
-0.295
1.585
-2.739
-0.709
-0.162
-0.164
0.632
-0.998
2.899
1.819
-0.082
0.984
-0.634
0.343
0.010
-1.609
-1.078
-3.422
1.564
0.208
-0.753
-1.426
-0.467
-0.575
0.983
-0.600
0.259
-3.518
-1.366
-0.898
-1.003
-2.185
-0.523
-0.093
-0.340
0.468
-0.223
-0.321
-0.401
-0.054
-0.027
0.237
0.423
-1.523
-0.542
0.197
0.133
1.165
-0.493
-2.662
-1.991
-1.396
-2.999
-3.586
-0.784
-1.026
-0.438
-0.787
-1.111
0.550
-0.062
-0.028
-0.214
-0.089
-0.626
-0.715
-0.332
-0.710
-0.001
-2.379
-0.878
1.458
-1.595
-1.921
-0.896
-0.399
-2.621
-1.299
-0.277
-0.116
0.000
0.595
0.169
0.111
-0.028
-0.020
-0.011
0.176
1.356
-0.703
0.591
-1.052
-0.906
-0.197
0.183
-0.140
-0.295
-0.027
-0.576
1.202
0.010
0.040
-1.297
-1.152
-0.406
-0.428
-1.566
0.524
-0.073
0.615
-0.022
0.265
1.077
-0.800
-0.246
-0.267
-0.355
0.157
-0.039
-1.284
0.059
-0.228
-0.261
0.027
-0.156
-0.187
0.026
0.027
0.497
-0.211
-0.058
0.303
-0.561
-0.118
-0.039
0.381
0.006
-0.345
-0.570
-0.195
-0.626
0.267
-0.114
-0.439
-0.157
-0.123
-2.998
-0.209
-0.010
0.092
-1.026
-0.370
1.611
0.093
-0.139
-0.039
-0.049
-0.005
0.012
-0.334
-0.087
0.695
0.257
-0.120
0.377
-0.084
0.105
0.007
-0.026
4.171
2.896
3.043
2.222
0.028
0.668
-0.102
1.203
1.062
0.890
-0.350
-0.329
-0.184
-0.058
-0.363
0.190
0.607
0.148
-0.674
-0.323
-0.598
-0.945
-0.158
-0.711
-0.537
-0.124
0.146
0.043
0.396
-0.656
-2.370
-3.166
-2.743
-1.623
-2.539
