-0.100
-0.195
0.138
0.165
-0.873
-2.352
0.082
-0.369
-1.558
-0.602
-0.245
-3.684
-0.776
-0.563
0.102
-2.549
-0.268
-0.575
-0.157
0.251
0.138
0.221
0.965
-0.805
0.062
0.138
0.412
0.024
-0.487
0.153
-0.068
-0.819
0.346
0.140
0.407
0.138
-0.538
-0.913
-0.632
-0.526
-0.310
-0.741
-1.013
-0.743
-0.398
-0.428
0.351
0.256
-1.197
-0.818
-1.936
-0.369
-1.902
-1.967
-0.416
-1.291
-2.444
0.250
-0.522
0.174
-2.073
-0.406
-1.758
-0.050
0.109
0.104
0.027
-0.601
-0.037
0.855
0.813
0.565
0.354
0.211
0.992
0.438
0.914
0.618
0.209
0.554
-2.857
-0.178
0.261
-1.842
-0.401
-2.692
-1.914
-0.402
-0.215
-0.263
-0.374
-0.455
0.430
-0.414
-2.801
0.241
0.043
-0.442
-2.690
-1.345
-0.032
0.150
-3.586
0.118
-1.348
-1.021
-0.225
-0.241
-2.636
-0.437
-0.281
0.252
0.138
1.511
-0.231
-0.070
-3.250
0.887
-0.655
-0.767
-1.816
-3.658
-2.530
-0.498
-0.228
-0.836
-0.912
0.466
-0.150
-0.480
0.138
-1.289
-0.118
-1.290
-0.007
0.013
-0.907
-0.156
-0.064
2.503
-2.341
-0.592
0.123
-0.298
0.502
-0.247
1.788
0.378
0.134
0.505
-0.291
0.272
0.139
-1.315
0.240
-3.125
0.566
0.185
0.189
-1.483
0.058
0.138
1.507
-0.908
1.280
-3.683
0.103
-0.688
-1.007
-0.258
-0.280
-0.548
-0.502
0.038
-0.298
-0.512
-0.175
-0.159
-0.131
-0.054
0.128
-1.601
-0.820
-0.288
-0.210
0.773
-1.468
-3.241
-2.673
-0.750
-2.354
-4.620
-0.273
-0.202
-0.402
-0.638
-0.373
0.226
-0.427
-0.420
0.138
0.134
-0.553
-0.510
0.077
-0.589
-0.167
-2.178
-0.744
0.735
-0.346
-0.902
-1.183
-0.658
-2.369
-1.033
-0.097
-0.332
-0.367
0.236
0.042
0.047
-0.199
-0.231
0.117
0.137
0.138
-0.982
-0.020
-1.032
-0.911
-0.115
-0.223
0.172
-0.370
-0.001
-0.801
0.537
-0.010
-0.426
0.138
-0.605
-0.938
-0.547
-1.292
0.056
-0.278
0.242
0.581
0.482
0.521
-0.487
-0.210
0.043
-0.919
0.276
0.407
0.006
-0.467
-0.293
-0.292
0.157
-0.040
0.338
0.041
0.471
-0.195
-0.045
0.103
-0.819
-0.343
0.096
0.006
0.123
0.079
-0.622
-0.203
-0.197
-0.261
0.306
0.447
-0.188
0.375
-0.036
-3.958
-0.143
0.100
-0.066
0.352
-0.688
0.024
1.009
-0.480
-0.007
-0.117
-0.225
-0.205
-0.100
-0.363
0.256
-0.337
-0.238
-0.275
-0.314
-0.005
-0.167
-0.316
3.298
1.587
1.948
1.025
0.111
0.601
-0.221
0.857
0.683
1.492
-0.440
-0.953
-0.270
-0.271
-0.649
-0.167
1.791
-0.012
-0.111
-0.028
-0.093
-0.629
-0.190
0.042
-0.326
-0.200
0.507
-0.213
0.011
-0.372
-1.705
-4.213
-3.008
-0.963
-2.526
