1.057
0.975
-1.097
0.024
0.645
3.228
0.246
0.788
1.980
0.911
0.049
3.156
0.683
-0.125
0.259
2.272
0.702
0.259
0.043
0.203
-0.179
-0.115
-1.940
0.556
0.088
0.172
-0.533
0.174
0.102
0.062
0.130
0.846
0.251
-0.702
-1.543
-0.882
-0.142
0.278
0.306
0.471
0.255
0.702
0.280
0.359
0.482
0.526
-0.433
-0.196
0.709
0.462
0.660
-0.337
2.026
1.048
0.509
0.233
2.554
-0.162
0.045
-0.109
2.616
0.956
2.378
0.107
0.136
0.006
0.247
1.011
0.114
-0.428
-0.471
-0.275
0.080
-0.160
-0.006
0.119
-0.660
-0.087
-0.080
-0.227
3.017
0.098
0.081
1.965
0.100
3.025
1.884
0.137
0.063
-0.300
0.115
0.016
-0.157
-0.169
2.854
-0.552
0.065
0.004
2.965
1.306
-0.493
-0.022
4.017
0.262
1.230
0.803
0.008
0.043
3.323
-0.398
-0.010
-0.048
-0.057
-2.229
0.201
-0.407
4.165
-0.527
-0.274
0.661
1.503
2.865
1.332
0.476
0.239
1.298
1.277
0.021
-0.470
0.104
-1.262
0.588
-0.031
1.846
0.047
0.044
1.053
0.119
-0.621
-2.611
2.113
0.732
0.141
0.436
0.016
0.390
-2.464
-1.646
-0.053
-0.828
-0.150
0.022
-0.217
1.096
0.655
2.489
-1.083
-0.386
0.042
0.740
0.575
0.455
-1.473
0.521
-0.962
2.903
0.518
0.442
1.020
0.806
0.402
0.036
0.235
-0.114
0.298
0.324
0.279
-0.023
-0.252
-0.304
0.188
1.962
0.713
-0.014
0.043
-0.685
0.141
3.175
1.725
1.213
2.737
3.245
0.872
0.652
0.557
0.338
0.368
-0.307
-0.037
-0.043
-0.252
-0.259
0.243
0.235
0.304
0.255
0.200
2.315
0.908
-0.720
0.822
1.090
0.975
0.239
2.875
1.225
0.398
0.191
0.097
-0.322
-0.187
-0.650
0.124
0.147
-0.095
-0.186
-0.363
0.745
0.234
0.910
0.831
0.256
0.115
0.068
0.544
-1.001
0.752
-0.695
0.005
0.165
0.884
2.111
0.641
0.763
0.244
-0.138
0.063
-0.509
0.024
-0.241
-0.657
0.802
0.300
0.194
0.099
-0.435
-0.020
-0.726
-0.032
0.019
-0.006
-0.199
0.148
-0.530
-0.379
-0.849
-0.591
0.261
0.019
-0.399
0.352
-0.029
0.075
-0.153
0.043
0.452
0.399
0.210
0.321
-0.266
-0.116
0.298
-0.255
0.197
2.876
0.071
-0.003
0.133
0.556
0.475
-0.400
0.027
0.273
0.182
0.214
0.197
-0.057
-0.715
0.232
-0.237
-0.090
0.189
0.185
0.219
0.170
0.015
0.077
-3.109
-2.604
-3.279
-1.982
-0.003
-0.293
-0.032
-0.982
-0.754
-0.292
0.261
-0.186
0.061
0.131
0.252
0.015
-1.914
-0.903
0.087
-0.174
0.897
1.526
-0.020
0.051
0.106
0.076
-0.892
-0.562
0.060
0.122
2.018
2.385
2.648
0.917
1.834
