1.293
0.897
0.807
0.186
0.241
2.493
0.379
0.616
2.109
0.763
-0.115
2.695
0.431
0.085
0.677
2.461
0.477
0.153
0.365
-0.307
0.345
-0.488
-2.043
0.269
0.142
0.281
-0.722
0.365
-0.012
-0.135
0.207
0.483
-0.233
0.270
-0.376
0.055
-0.178
0.247
0.299
0.147
0.454
0.442
0.214
0.403
0.263
0.323
-0.325
-0.017
0.782
0.664
1.392
0.444
1.545
0.712
0.576
-0.053
1.980
-0.565
-0.123
-0.478
2.127
0.532
1.921
-0.222
-0.311
-0.185
-0.034
0.819
0.149
-0.414
-0.401
-0.336
-0.190
-0.185
-0.573
-0.289
-1.239
-0.372
-0.313
-0.320
2.644
0.304
-0.257
2.070
0.573
1.895
1.120
0.287
0.296
0.174
0.323
0.100
-0.063
0.280
4.468
-0.438
-0.173
-0.299
2.036
0.570
-0.358
-0.298
2.899
-0.202
1.225
0.646
0.134
0.190
2.307
-0.421
-0.045
-0.215
0.021
-1.589
-0.126
-0.216
3.285
-0.450
0.165
0.342
1.202
1.938
1.016
0.325
0.136
0.491
0.789
0.038
0.175
0.958
-0.518
0.290
-0.324
0.016
-0.148
-0.145
0.807
0.031
-0.023
-0.833
2.408
0.613
-0.235
0.140
-0.145
0.537
-1.430
-0.695
-0.321
-0.625
0.303
-0.276
-0.321
0.788
0.450
2.068
-0.575
0.050
0.391
0.781
0.548
0.433
-1.531
0.573
-0.755
2.632
1.535
1.135
0.989
1.687
0.423
0.211
0.438
-0.107
0.434
0.449
-0.589
-0.051
-0.285
-0.221
-0.079
1.975
0.596
0.144
0.185
-0.771
0.271
2.368
1.422
0.490
2.555
3.112
-0.133
0.783
0.560
0.539
0.518
-0.315
0.051
0.214
0.296
0.375
0.450
0.468
0.076
0.505
0.055
1.407
0.215
-0.758
0.539
0.705
-0.130
0.278
2.271
0.783
0.099
0.230
-0.000
-0.680
-0.311
-0.049
0.217
0.202
-0.184
-0.132
-0.801
0.901
-0.040
1.164
0.767
0.028
0.078
-0.106
0.379
-0.082
0.555
-0.511
0.010
0.074
0.884
1.427
0.571
0.197
0.543
-0.656
-0.158
-0.302
-0.123
0.167
-0.689
0.948
0.203
0.390
0.927
-0.124
0.058
0.171
0.179
0.343
0.315
-0.164
0.422
-0.204
0.307
-0.146
-0.283
-0.164
-0.497
-0.195
0.461
0.125
-0.107
0.076
0.315
0.611
0.415
0.583
0.441
-0.252
-0.054
0.239
-0.182
0.347
2.797
0.108
-0.197
0.029
0.330
0.462
-0.157
-0.120
0.103
-0.170
0.325
-0.147
-0.133
0.148
0.184
-0.374
-0.356
0.118
-0.455
0.001
-0.013
0.033
0.002
-2.287
-2.217
-2.659
-1.630
-0.248
-0.805
0.024
-1.304
-0.824
-0.327
0.233
0.342
0.223
0.725
0.585
-0.005
-0.894
-0.460
-0.096
-0.110
0.299
1.032
0.170
0.240
0.146
0.599
-0.783
0.140
0.263
0.474
1.391
3.085
2.423
1.655
2.201
