-0.415
-0.060
1.513
-0.113
-0.173
-2.808
-0.247
-0.693
-1.838
-0.680
0.147
-3.085
-0.829
-0.220
-0.276
-1.718
-0.633
-0.808
-0.143
-0.197
0.321
0.136
0.663
-0.343
0.233
-0.166
0.368
-0.180
0.133
0.090
-0.109
-0.705
0.402
0.465
1.244
0.526
-0.317
-0.591
-0.025
-0.453
0.140
-0.239
-0.011
-0.022
-0.426
-0.435
0.095
0.349
-0.440
-0.446
-0.915
0.248
-2.030
-0.735
-0.680
-0.404
-2.751
0.094
-0.322
-0.184
-2.875
-0.984
-1.908
-0.105
-0.082
0.215
-0.081
-0.994
-0.037
0.203
0.240
0.131
-0.029
-0.027
0.039
-0.042
0.489
0.389
0.083
0.173
-2.456
-0.010
0.140
-1.829
-0.320
-3.194
-1.688
-0.205
-0.262
-0.542
-0.217
-0.180
-0.064
0.065
-2.602
0.173
0.003
-0.251
-2.639
-1.024
-0.115
-0.025
-2.717
-0.166
-1.286
-0.714
0.140
0.082
-2.499
0.015
-0.090
-0.083
0.160
2.029
-0.044
0.371
-3.597
0.861
0.133
-0.300
-0.862
-2.459
-1.117
-0.376
-0.083
-0.706
-1.781
0.001
-0.634
-0.407
1.548
-0.389
-0.132
-0.862
-0.026
-0.023
-1.268
-0.309
-0.033
2.357
-2.181
-0.481
0.111
-0.098
0.326
-0.504
1.324
0.800
-0.079
-0.263
-0.043
0.000
0.249
-1.346
-1.053
-2.013
0.655
0.134
-0.134
-1.118
-0.947
-0.644
0.952
-0.692
0.417
-3.896
-1.091
-0.814
-0.966
-1.444
-0.263
-0.131
-0.184
0.363
-0.327
-0.276
0.241
0.166
0.254
0.595
-0.006
-2.009
-0.867
-0.228
-0.050
0.649
-0.065
-2.561
-1.543
-0.959
-1.839
-2.356
-0.336
-0.333
-0.388
-0.749
-0.711
0.157
0.089
-0.117
0.089
0.089
-0.521
-0.427
-0.300
-0.609
0.085
-1.817
-0.646
0.734
-0.749
-1.356
-0.859
-0.412
-2.310
-0.794
-0.023
-0.273
-0.065
0.514
0.203
0.139
-0.184
0.093
0.134
0.494
0.089
-0.609
0.012
-0.773
-0.679
0.014
-0.225
-0.002
-0.323
0.034
-0.492
0.816
0.009
-0.241
-1.165
-0.353
-0.575
-0.140
-0.642
0.320
-0.082
0.135
0.493
0.728
0.615
-0.419
-0.611
-0.511
-0.817
0.376
0.200
-0.354
0.007
-0.151
0.069
0.087
-0.360
-0.135
0.042
0.594
0.424
-0.211
-0.045
0.598
-0.189
0.032
-0.020
0.214
0.024
-0.635
-0.297
-0.288
-0.281
0.204
0.113
-0.236
0.100
-0.227
-2.162
-0.077
0.023
-0.036
-0.985
-0.564
0.348
-0.060
-0.151
-0.034
-0.146
0.022
0.224
-0.203
-0.144
0.177
0.209
-0.185
0.309
-0.162
-0.004
-0.089
-0.039
3.490
1.982
2.807
1.277
0.236
0.544
-0.137
0.461
0.589
-0.475
-0.091
-0.346
-0.034
-0.045
-0.287
0.012
0.532
0.271
-0.367
0.072
-0.601
-1.293
-0.284
0.008
-0.276
-0.209
0.410
0.098
-0.093
0.026
-1.470
-2.215
-2.119
-0.479
-1.811
