0.400
-0.237
-2.180
0.112
0.888
2.880
0.217
0.449
1.739
0.487
0.273
2.956
0.837
0.062
0.695
2.099
0.857
0.831
0.350
0.310
0.015
-0.231
-0.427
0.826
-0.348
-0.232
-0.659
-0.111
-0.212
-0.261
0.087
1.289
-0.432
-0.233
-1.224
-0.099
0.469
0.750
0.232
0.315
0.746
0.824
1.386
0.669
0.382
0.426
-0.206
-0.087
1.164
0.444
1.829
-0.191
2.702
2.636
-0.411
1.031
2.521
-0.164
0.387
-0.414
2.739
0.803
2.612
-0.228
-0.230
0.106
0.056
0.963
0.105
-0.903
-0.873
-0.519
-0.357
-0.213
-0.390
-0.211
-0.315
-0.420
-0.269
-0.537
2.466
0.098
-0.022
2.110
0.392
3.013
2.166
0.405
0.311
0.473
0.449
0.347
-0.363
0.231
3.107
-0.512
-0.315
0.439
3.498
1.540
-0.153
0.025
3.471
-0.114
2.132
0.669
-0.046
0.644
2.911
-0.281
0.185
0.048
-0.551
-2.170
-0.131
-0.047
2.997
-0.237
0.463
1.045
2.335
3.459
1.913
0.474
-0.097
1.127
1.805
0.116
0.420
1.222
-1.780
0.948
-0.192
1.448
0.199
0.183
1.523
0.308
-0.080
-2.326
2.371
0.866
-0.342
0.080
-0.724
0.901
-2.859
-1.492
-0.182
-0.256
-0.088
-0.171
-0.222
1.270
-0.084
2.965
-0.918
0.023
-0.042
1.045
0.115
0.356
-1.451
0.453
-0.750
3.214
-0.027
0.556
0.871
0.418
0.485
0.506
0.299
-0.033
0.373
0.400
0.349
-0.021
-0.118
-0.246
-0.119
1.773
0.756
0.303
0.141
-0.732
0.004
3.323
2.841
1.718
2.434
4.449
0.446
0.908
0.750
0.871
1.239
-0.347
-0.038
0.080
-0.038
-0.038
0.623
0.852
0.515
0.847
0.098
2.937
1.432
-0.386
0.886
1.634
0.077
0.734
3.471
1.446
0.340
0.322
0.467
-0.361
-0.213
-0.222
0.307
0.260
-0.173
-0.465
-0.148
0.696
0.490
1.397
0.916
0.021
-0.003
-0.242
0.639
-0.243
0.790
-0.679
0.133
0.522
0.796
2.280
1.039
0.958
0.983
-0.619
-0.267
-0.600
-0.199
0.575
-0.745
0.581
1.205
0.977
1.096
-0.347
-0.226
0.545
0.445
0.495
0.478
-0.122
0.780
-0.293
0.223
-0.669
-0.018
0.328
0.016
0.395
0.236
-0.151
-0.044
-0.038
-0.236
0.474
0.436
0.398
0.556
-0.398
-0.168
0.220
-0.253
0.327
2.338
0.118
0.117
0.096
-0.038
0.386
-0.433
-0.766
0.142
-0.222
-0.425
-0.165
0.162
-0.093
-0.162
-0.378
-0.330
0.221
0.108
-0.000
0.035
0.220
-0.054
-2.628
-2.323
-2.040
-1.418
-0.113
-0.450
0.491
-0.931
-0.446
0.485
0.356
0.521
0.186
0.540
0.110
0.110
-1.794
-0.716
0.130
-0.025
0.728
0.996
0.225
-0.380
0.173
0.318
-0.528
-0.493
0.205
0.052
1.344
2.323
3.347
0.858
1.880
