0.040
0.008
0.167
-0.293
-0.083
3.330
0.142
0.337
1.329
-0.608
-0.765
3.461
0.270
-0.390
-0.577
1.675
0.620
-0.328
0.017
0.654
-0.009
-0.015
-0.625
-0.415
-0.623
0.229
-0.417
0.280
-0.122
-0.150
0.030
1.731
0.945
0.013
-0.257
0.030
0.089
0.415
0.137
-0.020
0.166
0.181
0.871
0.030
0.036
0.030
0.030
0.030
1.361
0.030
0.935
-2.370
0.655
0.172
-0.323
0.400
2.375
-0.076
0.228
-0.241
1.935
0.673
1.764
-0.188
0.030
-0.379
0.325
0.128
-0.353
-1.120
-1.621
-0.553
-0.204
-0.345
-0.657
-0.679
-0.860
-0.662
-0.549
-1.168
2.890
-0.125
0.052
1.292
-0.031
2.577
2.730
0.120
0.030
0.030
0.030
0.116
0.100
0.364
2.799
-0.304
-0.409
0.504
2.522
1.357
-0.142
-0.677
3.409
-1.036
1.397
0.030
-0.445
0.543
2.022
-1.257
0.412
-0.068
0.141
-1.863
0.030
-0.867
3.571
-0.989
0.224
0.811
1.377
1.398
0.062
0.007
0.036
0.411
1.209
-0.397
-0.399
0.180
-2.297
0.247
-0.002
0.671
0.030
0.030
1.809
1.073
-1.600
-2.449
0.932
0.030
-0.768
-0.023
-0.820
-0.083
-2.302
-1.474
-0.030
-0.870
0.026
-0.167
0.030
0.341
0.242
1.552
-0.679
-0.007
0.284
0.940
0.030
-0.060
-1.349
-0.019
-0.321
3.318
0.818
0.842
1.478
1.737
0.134
-0.055
0.030
-1.092
0.029
0.030
0.043
-0.411
-0.464
-1.276
-0.050
0.943
0.407
-0.028
-0.169
-0.455
-0.072
3.092
1.516
0.967
0.482
1.370
0.030
-0.214
0.091
0.496
0.189
-0.057
-0.133
0.030
-0.113
0.030
0.007
0.151
0.248
0.316
-0.078
2.320
0.109
-1.531
-0.105
1.873
0.885
0.492
1.606
0.038
0.021
0.023
0.380
-0.946
-0.173
-0.019
0.015
0.053
-0.881
-0.089
-0.708
1.027
-1.062
1.092
1.032
1.629
-0.944
0.238
0.353
-0.198
0.949
-0.078
-0.391
-0.249
0.565
0.035
0.055
-0.066
0.172
0.634
-0.006
-0.387
-0.263
-0.473
-1.402
0.999
0.189
-0.031
0.123
-0.125
-0.041
-0.292
-0.198
-0.351
-0.180
-0.192
0.149
-0.910
-0.274
-1.508
-0.308
0.071
-0.098
-0.920
0.097
-0.110
-0.019
0.030
0.066
0.076
1.045
0.347
0.033
-0.108
0.013
1.030
0.030
0.135
1.890
0.312
0.079
-0.035
0.340
-0.075
0.043
-0.090
0.030
-0.099
0.030
0.030
-0.011
0.030
0.030
-0.107
-0.081
0.030
-0.053
0.030
-0.027
-0.680
-0.132
-2.947
-1.707
-2.503
-1.498
0.032
-1.682
0.352
-1.126
-1.346
-0.329
0.104
0.030
0.056
0.250
0.105
0.030
-1.885
-0.629
-0.035
-0.047
-0.031
0.812
0.030
0.069
0.183
-0.592
-0.864
-1.074
0.022
-0.121
1.655
3.058
1.093
1.031
2.191
