0.735
1.629
1.055
0.142
0.252
-3.360
-0.086
-1.060
-2.101
-0.905
0.058
-3.426
-0.704
-0.050
-0.195
-2.979
-0.538
-0.789
-0.073
-0.447
0.094
0.512
1.389
-0.590
0.024
-0.232
0.183
-0.523
0.107
-0.275
0.446
-0.767
0.632
0.097
0.281
-0.328
-0.278
-0.172
-0.039
-0.597
-0.622
-0.399
-0.199
-0.180
-1.044
-1.411
-0.295
0.130
-0.712
-0.576
-1.343
0.502
-3.448
-2.940
-0.181
-0.929
-2.516
-0.299
-1.860
-0.295
-3.153
-0.714
-2.463
-0.280
0.182
0.385
0.474
-0.843
0.159
0.258
0.212
0.218
0.189
0.329
0.576
0.194
0.396
0.191
0.256
0.230
-3.767
-0.394
0.080
-2.145
-0.351
-2.345
-1.517
-0.051
0.039
0.256
-0.060
-0.055
0.227
-0.029
-3.072
-0.180
0.092
-0.126
-3.196
-1.255
-0.273
0.209
-5.144
0.458
-0.681
-0.290
0.247
-0.049
-2.994
0.278
0.217
0.051
0.348
1.460
0.229
0.408
-3.964
0.240
-1.116
-0.851
-2.095
-2.412
-2.126
-0.604
-0.567
-1.662
-1.982
0.221
-0.044
-0.370
0.613
-0.750
0.114
-1.968
0.120
-0.010
-1.772
-0.470
0.240
2.489
-2.270
-0.735
0.011
-0.495
0.181
-0.156
2.022
0.618
0.025
0.505
0.091
0.047
0.021
-1.321
-1.107
-3.232
1.215
0.144
0.165
-1.230
-0.371
-0.084
0.764
-0.388
0.420
-3.115
-0.059
-0.841
-1.203
-0.340
-0.187
-0.249
-0.049
-0.091
-0.189
-0.224
-0.023
-0.087
0.050
0.147
-0.286
-1.632
-0.334
-0.059
0.039
0.336
0.213
-3.264
-2.059
-0.965
-3.025
-4.002
-0.749
0.037
-0.042
-0.525
-1.248
0.107
-0.063
0.015
0.039
0.008
-0.102
-0.188
-0.095
-0.230
0.174
-2.338
-0.756
0.065
-0.849
-1.783
-0.363
-0.367
-2.282
-1.436
0.004
-0.978
0.056
0.014
-0.071
0.157
0.035
-0.064
0.054
0.055
-0.025
-0.204
0.327
-0.723
-0.956
0.525
0.393
-0.022
-0.728
-0.067
-1.618
0.744
-0.033
-0.288
-1.350
-0.847
-0.524
-0.750
-1.424
-0.106
-0.229
0.057
0.101
0.569
0.452
-1.177
-0.165
-0.016
-1.240
0.431
0.459
0.126
0.420
0.210
-0.130
0.445
-0.184
0.129
0.140
0.634
0.809
-0.186
0.205
0.545
0.032
0.046
-0.135
-0.032
-0.285
-0.416
-0.365
-0.193
-0.561
0.042
0.014
-0.248
0.024
-0.193
-3.540
-0.192
0.033
0.496
-0.878
-0.170
0.095
-0.921
-0.113
0.059
0.253
0.232
0.137
-0.111
0.042
0.357
0.341
-0.212
0.176
-0.146
0.140
0.040
0.094
2.762
2.851
2.415
2.011
-0.171
-0.276
-0.300
0.061
0.496
0.228
-0.017
-0.145
-0.001
-0.560
-1.705
0.225
1.919
0.385
0.153
0.024
-0.919
-1.106
0.005
0.393
-0.187
0.274
0.328
-0.317
0.314
0.055
-0.942
-2.580
-3.525
-2.318
-2.800
