-0.408
-0.148
-0.517
0.114
-1.003
-2.500
-0.625
-0.425
-1.608
-0.760
0.466
-3.525
-0.996
0.250
-1.752
-2.131
-0.599
-0.504
-0.677
-1.224
-0.053
0.104
1.523
-0.231
0.112
-0.105
0.423
-1.303
-0.105
0.688
0.028
-1.106
1.736
0.767
1.850
0.452
-1.019
-0.474
-0.445
-0.074
-0.111
-0.548
-1.027
-0.192
-0.459
-0.539
1.160
-0.399
-0.902
-0.430
-1.365
0.175
-1.180
-1.330
-0.520
0.038
-2.648
-0.202
-0.250
0.377
-2.806
-1.448
-2.104
0.109
0.080
0.069
0.081
-0.987
-0.366
0.371
0.326
0.227
0.218
-0.116
-0.005
-0.150
0.996
0.480
0.082
0.408
-2.485
-0.296
-0.087
-2.180
-0.558
-2.747
-2.475
-0.945
-1.277
0.354
-0.939
0.063
-0.079
-0.597
-1.866
0.178
0.089
-0.094
-2.803
-1.321
0.056
0.051
-2.933
-0.143
-1.687
-1.155
0.070
0.197
-2.829
0.131
-0.380
-0.115
1.329
1.964
0.225
0.327
-2.846
0.063
-1.175
-1.052
-2.256
-3.224
-2.074
-0.238
-0.867
-1.046
-1.477
0.008
-0.779
-0.777
1.662
-0.133
0.155
-1.303
-0.254
-0.078
-1.614
-0.273
-1.303
0.046
-2.545
-1.076
0.352
-0.010
0.606
-0.430
1.484
0.958
0.320
0.264
-0.191
0.266
0.139
-1.329
0.164
-2.227
1.513
0.407
-0.115
-1.605
0.250
-0.601
1.336
-0.318
1.440
-3.162
-0.157
-1.064
-1.392
-0.541
-0.554
-0.364
-0.538
0.016
-0.445
-0.446
-0.105
-0.084
-0.014
0.040
0.053
-1.851
-1.054
-0.180
0.052
0.844
-0.087
-2.718
-2.061
-0.796
-2.187
-3.509
-0.900
-0.500
-0.492
-0.598
-0.799
0.469
-0.073
-0.081
-0.033
0.110
-0.478
-0.513
-0.287
-0.434
-0.077
-1.964
-0.680
0.643
-1.158
-1.214
-0.154
-0.364
-1.933
-0.842
-0.326
-0.188
-0.195
0.186
0.323
-0.080
-0.343
-0.305
0.177
-0.105
-0.091
-0.810
0.037
-1.335
-1.015
0.035
-0.188
-0.005
-0.534
-0.069
-0.646
-0.105
-0.180
-0.535
-0.105
-0.105
-0.686
-0.782
-0.872
-0.152
0.010
0.014
-0.105
0.102
0.687
-1.144
-0.571
-0.706
-1.078
-0.052
-0.112
-0.417
-0.226
-0.226
-0.335
0.171
-0.805
-0.234
-0.386
0.446
0.025
-0.199
0.123
-0.172
-0.017
-0.023
0.099
-0.105
-0.033
-0.453
-0.553
-0.568
-0.377
0.292
0.068
-0.502
-0.100
-0.398
-2.123
-0.246
-0.169
-0.467
1.852
-0.180
-0.184
-0.395
-0.349
0.398
-0.507
-0.251
-0.101
-0.477
-0.318
0.318
-0.006
-0.331
-0.105
-0.285
0.182
-0.002
-0.332
3.094
1.807
1.776
1.387
0.362
0.725
-0.105
0.980
0.525
0.147
-0.459
-0.123
-0.289
-0.419
-0.083
-0.405
1.261
0.645
0.357
0.088
-0.197
-0.980
-0.022
-0.344
-0.155
-0.460
0.298
-0.231
-0.151
-0.381
-1.972
-3.005
-2.277
-1.034
-2.165
