1.196
1.525
2.543
0.215
-0.633
-2.701
0.005
-0.669
-1.915
-0.821
0.035
-2.877
-0.856
-0.217
-0.121
-1.439
-0.444
-0.668
-0.056
0.116
0.520
0.429
1.204
-0.565
0.257
-0.504
1.003
0.194
0.456
0.599
0.095
-0.549
0.348
0.000
0.822
-0.001
-0.491
-0.621
-0.069
-0.722
0.052
-0.494
-0.345
-0.326
-0.333
-0.313
0.285
0.216
-0.649
-0.442
-1.046
0.375
-2.514
-2.041
-0.390
-0.374
-2.418
0.632
-0.209
0.521
-2.307
-1.115
-1.687
-0.016
-0.026
0.263
0.026
-0.885
-0.047
0.402
0.396
0.180
0.153
0.497
0.151
-0.007
0.764
0.178
0.173
0.241
-2.374
0.008
0.122
-1.550
-0.226
-2.760
-1.937
-0.049
0.208
0.914
-0.040
-0.091
0.208
-0.019
-2.242
0.074
0.009
-0.247
-2.259
-0.923
0.194
0.003
-2.481
-0.222
-1.202
-0.382
0.203
-0.385
-2.516
0.057
-0.065
0.088
0.063
1.743
0.060
0.263
-3.503
0.688
-0.411
-0.580
-1.754
-2.621
-0.947
-0.354
-0.119
-1.277
-1.753
0.070
-0.072
-0.497
1.350
-0.227
0.044
-1.314
-0.062
-0.047
-1.142
-0.386
0.615
2.251
-2.027
-0.267
-0.259
-0.368
0.028
0.087
2.096
1.496
0.096
0.100
-0.103
0.018
0.241
-1.066
-0.798
-2.169
0.648
0.138
-0.360
-0.928
-0.480
-0.495
1.107
-0.464
0.572
-2.955
-0.799
-0.714
-1.165
-1.227
-0.257
0.095
-0.217
0.221
-0.167
-0.200
-0.163
-0.054
0.089
0.402
0.043
-2.146
-0.962
0.022
-0.055
0.616
0.080
-2.320
-1.720
-1.116
-2.030
-2.677
-0.481
-0.232
-0.185
-0.385
-0.493
0.135
-0.048
-0.066
0.049
-0.018
-0.355
-0.319
-0.200
-0.327
0.013
-1.998
-0.656
0.927
-0.451
-1.254
-0.932
-0.134
-2.681
-0.942
-0.228
-0.409
-0.031
0.214
-0.035
0.144
-0.132
-0.123
0.020
0.198
0.433
-0.441
-0.106
-0.956
-0.560
-0.155
-0.105
0.168
-0.436
0.193
-0.626
0.869
0.012
-0.186
-1.550
-1.670
-0.482
-0.424
-1.621
0.242
0.084
0.446
0.337
0.999
0.460
-1.068
-0.234
-0.459
-0.666
0.462
0.472
0.342
0.201
0.080
-0.150
0.278
-0.268
0.806
0.303
1.039
0.400
-0.718
-0.094
-0.490
-0.186
0.046
0.004
0.179
0.011
-0.289
-0.172
-0.175
-0.049
0.188
0.017
-0.151
0.033
-0.035
-2.611
-0.015
0.068
0.268
-0.727
-0.365
0.511
0.244
-0.137
0.151
0.101
0.206
0.367
0.522
-0.060
0.368
0.398
-0.131
0.157
-0.019
0.108
-0.110
-0.071
2.667
2.216
2.682
1.686
0.105
0.584
-0.148
0.936
1.021
-0.144
-0.078
-0.148
-0.050
0.205
-0.126
0.249
1.155
0.081
-0.203
0.207
-0.509
-1.372
-0.196
0.082
-0.227
0.291
0.928
0.271
-0.096
-0.165
-1.984
-2.318
-2.313
-1.137
-2.006
