0.522
0.773
1.828
0.110
-0.779
-3.668
-0.218
-0.443
-1.818
-0.736
-0.015
-2.815
-0.947
-0.137
-0.162
-2.387
-0.752
-0.156
0.010
0.304
0.382
0.580
1.491
-0.652
0.289
-0.223
0.611
0.230
0.283
0.197
0.282
-0.939
0.206
-0.499
0.252
-0.385
-0.908
-0.505
-0.299
-0.570
-0.272
-0.406
-0.184
-0.183
-0.377
-0.379
0.192
-0.134
-0.631
-0.667
-0.995
0.613
-1.376
-1.170
-0.841
-0.583
-2.676
0.633
-0.272
0.590
-2.716
-1.218
-1.660
0.084
0.057
0.142
0.169
-0.930
0.127
0.644
0.572
0.370
0.351
0.656
0.234
0.142
0.964
0.259
0.304
0.381
-3.297
-0.125
0.085
-1.958
-0.248
-2.879
-2.130
-0.213
0.005
-0.054
-0.184
-0.223
0.166
-0.186
-2.967
0.212
0.079
-0.325
-2.997
-1.313
-0.199
-0.041
-2.771
-0.416
-1.555
-0.306
0.354
0.110
-2.215
0.342
-0.090
0.117
0.165
1.865
0.289
0.322
-3.531
0.444
-0.505
-0.677
-1.712
-3.003
-0.891
-0.615
0.217
-1.256
-1.470
0.311
0.440
-0.410
1.270
-0.823
0.100
-1.707
0.028
-0.062
-1.297
0.027
0.814
2.006
-2.042
-0.554
0.051
-0.092
0.397
-0.525
1.939
1.543
0.249
0.173
-0.289
-0.104
0.154
-1.290
-1.098
-2.170
0.875
0.308
-0.050
-1.181
-0.450
-0.581
1.055
-0.574
0.349
-3.352
-1.368
-0.660
-1.512
-1.696
-0.311
-0.250
-0.254
-0.025
-0.196
-0.258
-0.174
-0.149
0.112
0.054
0.134
-2.343
-1.041
0.214
0.051
0.391
0.328
-2.496
-1.456
-0.827
-2.967
-3.043
-0.454
-0.552
-0.410
-0.410
-0.641
0.255
-0.039
-0.083
0.127
-0.068
-0.228
-0.262
-0.212
-0.322
0.330
-2.472
-0.908
1.222
-1.061
-1.647
-1.058
-0.262
-2.609
-0.824
-0.581
-0.430
-0.111
0.368
0.140
0.288
-0.300
-0.295
0.057
0.180
0.519
-0.751
0.148
-1.250
-0.789
0.271
-0.047
0.156
-0.416
0.248
-0.709
0.715
-0.087
-0.433
-1.212
-1.027
-1.014
-0.568
-0.697
0.297
0.048
0.471
-0.083
0.850
0.586
-0.671
-0.450
-0.053
0.212
0.484
0.486
0.724
0.265
-0.091
0.213
0.282
0.064
0.875
0.203
1.681
0.461
-0.190
0.057
0.460
0.080
0.181
-0.103
0.607
0.155
-0.561
-0.302
-0.304
-0.119
0.102
0.052
-0.181
0.051
-0.086
-2.789
0.047
-0.130
0.207
-0.976
-0.522
0.786
0.917
-0.287
-0.053
0.298
0.258
0.205
-0.144
-0.196
0.225
0.257
-0.354
0.222
-0.333
-0.130
0.186
0.026
2.314
2.096
2.275
1.406
0.089
0.527
0.003
0.942
1.069
-0.320
-0.261
-0.235
-0.093
0.183
-0.062
0.126
1.140
0.574
-0.254
-0.095
-0.667
-1.940
-0.267
0.536
-0.401
0.139
0.746
0.507
0.241
-0.001
-1.853
-3.330
-2.193
-0.848
-2.504
