0.915
0.961
1.665
-0.195
-0.120
-3.277
-0.209
-0.517
-2.314
-0.712
-0.183
-3.547
-0.752
-0.009
-0.236
-2.122
-0.474
-0.238
-0.136
-0.066
0.146
-0.148
1.818
-0.328
0.425
-0.247
0.684
-0.044
-0.112
0.196
-0.112
-0.706
0.123
0.009
0.484
-0.159
-0.014
-0.278
-0.246
-0.181
-0.060
-0.803
-0.364
0.045
-0.286
-0.303
0.799
-0.153
-0.612
-0.194
-1.062
0.034
-1.468
-0.945
-0.965
-0.263
-2.368
0.046
-0.216
0.069
-2.612
-1.048
-1.819
-0.063
-0.133
0.010
-0.204
-0.873
-0.001
1.152
0.565
0.430
0.330
0.419
0.069
0.096
0.864
0.541
0.360
0.689
-2.274
-0.018
-0.145
-1.903
-0.097
-3.042
-2.637
-0.006
0.277
0.559
0.238
-0.027
0.197
-0.039
-3.378
0.107
-0.098
-0.298
-2.240
-1.058
-0.149
-0.050
-3.193
-0.181
-1.175
-1.164
-0.172
-0.202
-2.450
0.182
-0.074
-0.076
-0.230
1.630
-0.152
-0.095
-3.478
0.043
-0.413
-0.720
-1.563
-2.983
-1.412
-0.300
-0.163
-0.626
-0.776
-0.030
0.196
-0.214
2.081
-0.987
0.217
-1.593
-0.094
-0.011
-0.829
-0.258
0.163
2.886
-2.075
-0.415
0.470
-0.238
0.619
-0.424
1.873
0.292
-0.088
0.900
-0.064
-0.103
0.504
-1.229
-1.198
-2.184
0.970
-0.104
-0.164
-1.142
-0.495
-0.615
1.348
-0.552
0.563
-3.233
-0.722
-0.559
-1.018
-1.047
-0.317
-0.493
-0.186
0.242
-0.209
-0.261
-0.099
0.154
0.193
0.269
-0.124
-2.104
-0.730
-0.013
-0.030
0.828
-0.082
-2.545
-1.583
-0.703
-2.153
-2.661
-0.549
-0.648
-0.858
-0.421
-0.507
0.197
0.113
0.059
0.017
0.035
-0.395
-0.436
-0.361
-0.422
-0.101
-1.700
-0.600
0.810
-0.917
-1.096
-0.585
-0.052
-2.625
-0.927
-0.311
-0.152
-0.176
0.492
0.285
0.374
-0.007
0.036
0.545
0.446
0.464
-0.578
-0.083
-1.046
-0.576
-0.186
-0.231
-0.092
-0.411
0.092
-0.768
0.540
-0.182
-0.402
-1.592
-1.084
-0.725
-0.708
-0.491
0.035
0.161
0.932
0.489
0.183
0.487
-0.702
-0.446
-0.256
-0.147
0.531
0.359
1.346
0.026
-0.520
-0.278
0.389
-0.252
0.489
0.374
0.862
-0.097
-0.110
0.047
0.218
-0.307
0.156
-0.121
0.448
-0.117
-0.742
-0.370
-0.091
-0.370
0.258
0.227
-0.231
0.183
0.112
-2.479
0.042
-0.055
0.186
-0.910
-0.514
-0.015
0.152
-0.194
-0.198
0.200
0.181
0.212
-0.354
-0.290
0.263
0.267
-0.150
0.061
-0.236
0.013
0.085
-0.135
2.847
2.371
2.662
1.683
-0.079
0.583
-0.040
0.561
0.659
-0.172
-0.161
0.157
-0.094
-0.232
-0.702
-0.010
1.418
0.397
-0.096
0.219
-0.357
-1.711
-0.075
-0.607
-0.486
-0.126
0.565
0.033
0.123
-0.156
-1.823
-3.082
-2.986
-0.476
-2.483
