2.248
1.198
0.213
-0.045
-0.935
-2.805
-0.294
-0.961
-1.954
-1.103
-0.375
-4.011
-0.975
-0.188
-1.721
-2.187
-0.727
-0.345
-0.028
-0.228
-0.036
0.594
1.126
-0.560
1.037
-0.594
0.256
-1.025
-0.174
0.484
0.018
-0.688
0.852
-0.230
0.355
0.146
-0.769
-0.501
-0.202
-0.307
0.077
-0.549
0.066
-0.019
0.179
0.088
1.377
0.117
-1.972
-0.464
-1.597
-0.203
-1.759
-1.052
-2.055
-0.436
-2.260
0.236
0.039
0.322
-3.063
-0.892
-2.666
0.209
0.025
-0.248
-0.006
-0.913
0.030
1.112
0.739
0.777
-0.049
-0.021
0.380
0.052
0.783
1.182
0.412
0.771
-3.137
-0.075
0.013
-1.790
-0.517
-3.330
-1.655
-0.685
0.057
-0.011
-0.189
-0.237
0.042
-0.269
-2.045
0.775
0.015
-0.378
-3.679
-2.055
-0.358
0.033
-2.967
-0.320
-1.673
-0.966
-0.222
-0.352
-2.183
-0.074
-0.060
-0.088
0.058
0.985
0.021
0.136
-3.446
-0.426
-0.967
-0.781
-2.332
-3.368
-2.087
-0.577
0.134
0.122
-1.727
-0.331
-0.664
-0.717
0.459
-1.247
0.099
-0.473
-0.063
-0.117
-1.958
-0.192
-0.932
3.336
-2.651
-0.901
0.933
0.121
0.462
-0.613
2.259
1.104
0.234
-0.417
-0.468
-0.027
0.387
-1.834
-1.607
-3.332
1.003
-0.153
-0.100
-1.752
-0.217
-0.510
1.200
-0.354
1.034
-2.916
-0.559
-0.763
-0.942
-1.695
-0.292
0.192
-0.194
0.612
-0.253
-0.236
0.068
0.337
0.233
1.084
-0.017
-1.813
-0.713
-0.153
0.044
0.511
-0.081
-3.134
-2.037
-1.390
-1.639
-5.370
-0.491
-0.771
-0.333
-0.242
-0.091
0.249
0.205
-0.103
0.256
0.256
-0.327
-0.286
-0.142
-0.226
-0.018
-1.734
-0.583
0.289
-0.779
-1.237
-0.833
-0.293
-2.348
-0.933
-0.571
-0.457
-0.152
0.274
0.407
0.283
-0.358
-0.258
0.261
0.280
0.256
-0.588
-0.039
-1.114
-1.205
-0.161
0.004
0.067
-0.529
0.232
-0.645
0.904
0.044
-0.304
-1.478
-2.137
-0.592
-0.874
-0.893
1.122
0.289
-0.163
0.278
-0.305
0.679
-0.828
-0.119
-0.773
-1.459
-0.251
-0.028
-0.565
-0.080
-0.232
-0.654
0.005
-0.644
-0.114
-0.453
0.063
0.030
-0.200
-0.134
0.173
-0.029
-0.475
-0.085
0.396
-0.357
-0.411
-0.149
-0.343
-0.179
0.389
0.322
-0.083
0.129
-0.190
-2.441
-0.099
-0.001
0.053
-1.404
-0.325
-0.319
0.021
-0.001
0.067
0.398
0.391
0.641
0.111
0.046
0.740
0.420
0.088
0.342
0.041
0.072
0.020
-0.056
3.377
2.271
2.107
1.758
0.023
0.535
0.099
0.330
0.742
-0.557
0.013
-0.211
0.046
-0.255
-2.814
-0.042
1.507
1.450
-0.427
-0.247
-0.523
-1.178
0.316
0.729
-0.594
0.100
0.972
-0.193
-0.131
-0.016
-3.360
-3.001
-4.335
-0.686
-2.536
