-0.053
-0.594
-2.125
0.216
0.092
2.603
-0.140
0.773
2.284
0.913
0.015
2.450
1.031
0.156
-0.634
1.333
0.632
1.386
0.110
0.455
0.016
-0.454
-2.210
1.008
-0.148
0.196
-0.477
0.058
-0.235
-0.032
0.040
1.710
-0.307
0.135
-0.294
0.144
0.676
0.689
0.491
0.206
-0.109
0.232
0.087
-0.188
0.464
0.545
0.077
-0.240
0.197
0.328
1.325
0.458
1.770
0.989
0.391
0.445
3.027
-0.822
0.346
-0.967
3.815
1.306
1.627
0.058
-0.085
0.326
0.021
0.941
0.194
-0.361
-0.221
-0.203
0.100
0.070
0.168
0.086
-0.689
0.038
-0.118
-0.196
2.259
0.293
0.105
2.101
1.234
2.670
1.272
0.283
-0.151
0.074
-0.016
0.200
0.052
0.117
1.812
-0.245
0.010
0.572
2.633
1.290
0.064
-0.008
3.642
0.270
1.300
0.455
0.302
-0.004
1.843
0.216
0.068
-0.144
0.171
-1.332
-0.058
0.146
4.446
-0.037
0.057
1.668
1.784
2.733
1.209
0.130
0.449
1.095
1.776
0.161
0.263
0.563
-1.116
-0.108
0.559
1.934
0.116
0.068
1.792
0.862
-0.237
-2.979
2.147
0.208
0.008
0.075
-0.292
0.034
-2.153
-1.200
0.199
-0.254
-0.099
0.022
-0.245
1.946
1.480
3.355
-0.403
-0.165
0.349
1.492
0.312
0.250
-0.656
0.441
-0.134
2.944
0.929
0.831
1.424
1.315
0.338
0.806
0.162
-0.269
0.560
0.370
0.201
0.017
-0.203
-0.224
0.016
1.799
0.734
-0.077
-0.143
-0.619
0.094
3.853
2.377
0.906
1.118
2.399
0.283
1.518
0.209
1.145
0.445
-0.171
-0.107
0.172
-0.227
-0.393
0.668
0.496
0.379
0.767
0.035
1.902
0.353
-0.561
0.641
1.765
0.231
0.210
3.855
0.516
0.220
0.341
-0.091
-0.528
-0.221
-0.218
-0.105
-0.171
-0.284
-0.185
-0.191
0.764
0.026
1.328
0.269
0.442
0.247
0.069
0.422
-0.271
1.256
-0.883
0.119
-0.119
0.816
-0.018
-0.020
-0.332
1.011
-0.035
-0.138
-0.420
-0.670
-0.102
-0.910
0.411
0.703
-0.073
0.685
-0.315
-0.155
0.147
-0.133
0.163
-0.024
-0.176
-0.009
-0.149
-0.196
-0.328
0.306
0.145
0.041
0.270
0.477
0.220
-0.071
-0.191
-0.025
0.657
0.661
0.779
0.599
-0.124
-0.157
0.597
-0.081
-0.045
1.950
-0.044
-0.295
-0.012
1.744
0.611
0.141
1.351
0.010
-0.065
-0.153
-0.281
-0.289
-0.183
-0.170
-0.540
-0.122
-0.107
-0.241
0.053
-0.166
-0.050
-0.118
-2.254
-1.998
-1.671
-1.744
-0.319
-0.567
0.124
-1.137
-0.345
-0.252
0.009
-0.138
-0.076
0.019
0.164
0.035
-1.726
0.381
0.152
0.208
0.324
1.221
-0.041
-0.375
0.689
-0.162
-0.441
-0.244
-0.140
0.192
1.282
1.054
2.892
0.312
1.983
