0.162
-0.306
-0.744
0.344
-0.605
2.448
0.171
1.084
2.434
1.150
-0.098
3.920
1.132
-0.906
-0.292
1.137
-0.062
0.484
0.165
-0.356
0.015
-0.266
-1.082
-0.376
0.115
0.026
-0.393
0.128
-0.270
0.008
-0.323
0.531
-0.024
-0.046
0.273
0.213
0.222
0.294
0.296
0.418
-0.067
1.133
0.449
0.161
0.432
0.314
-0.303
0.441
1.588
0.137
0.474
0.043
2.041
1.201
-0.216
0.144
2.191
-1.540
0.175
-2.621
2.069
0.430
2.663
-0.129
0.304
-0.415
-0.268
0.274
0.135
-0.034
0.244
0.094
-0.214
0.110
0.161
0.204
-1.213
0.092
-0.012
-0.001
2.952
0.026
-0.142
1.605
1.042
3.152
1.556
0.071
-0.242
0.130
0.285
-0.117
-0.069
-0.440
2.445
-1.359
0.029
0.036
1.759
-0.346
0.143
-0.091
2.985
0.574
1.173
1.577
0.560
0.487
2.765
-0.279
-0.074
-0.449
0.517
-0.433
0.323
0.469
3.760
0.614
1.233
1.450
2.043
1.075
1.366
-0.215
0.134
0.458
1.543
-0.002
0.273
1.000
-2.903
0.235
0.131
0.479
0.165
0.165
0.897
-0.532
-0.047
-3.878
2.537
0.932
0.440
0.411
-0.795
-0.077
-2.808
-1.954
-0.113
0.256
0.552
-0.161
-0.158
1.637
1.219
2.292
-0.742
0.329
0.765
1.567
-0.390
-0.370
-1.504
-0.169
-0.957
1.799
-0.172
0.685
1.259
0.409
0.260
0.105
-0.034
0.165
0.120
-0.023
-0.001
-0.381
0.402
0.188
-0.080
0.714
0.158
1.587
0.123
-1.335
-0.648
2.317
1.893
0.852
1.526
3.268
0.635
-0.387
1.338
0.569
0.315
-0.396
-0.287
-0.018
-0.321
0.105
0.628
0.130
0.036
0.359
0.165
1.155
0.351
-0.906
0.739
1.064
1.027
0.144
2.726
1.107
0.548
0.589
0.463
-0.266
-0.047
-0.022
0.121
-0.900
0.318
0.019
-1.250
1.058
-0.206
0.943
0.350
0.270
0.590
0.049
-0.285
-0.932
0.278
-0.764
0.046
0.196
1.388
1.544
0.574
0.535
0.216
-0.253
0.106
0.138
0.168
0.333
-0.215
0.678
0.262
0.447
0.393
0.072
-0.047
0.256
0.077
0.109
0.145
0.083
0.277
0.104
0.349
0.235
0.638
0.529
0.200
-0.037
0.142
-0.210
-0.264
-0.719
-0.163
0.559
0.460
-0.050
0.966
-0.982
-0.327
0.231
0.182
0.348
2.943
0.158
0.153
0.597
0.911
-0.135
-0.920
1.070
0.277
0.137
0.060
-0.312
-0.406
0.406
0.089
-0.873
-0.140
0.080
0.036
0.250
0.170
0.196
-0.153
-2.135
-1.096
-0.637
-1.008
0.183
-0.714
0.509
-0.496
-0.585
0.245
0.176
0.343
0.245
0.238
0.107
0.112
-0.277
-0.137
0.275
0.010
0.176
1.960
0.087
0.140
0.081
0.354
0.089
-0.459
0.162
0.138
5.038
3.508
2.005
0.820
1.372
