-0.426
-0.203
0.138
0.247
0.282
-2.535
0.008
-0.382
-0.542
-0.023
0.115
-3.490
-0.718
0.520
0.086
-1.859
-0.929
-0.344
-0.355
0.052
0.025
0.097
1.218
0.288
0.763
-0.317
0.166
-0.385
0.163
0.132
-0.084
-2.615
0.361
0.163
0.557
0.008
-0.711
-0.821
-0.257
-0.049
-0.699
0.163
-0.088
0.163
-0.221
-0.431
0.240
0.009
0.070
0.081
-0.984
0.948
-1.183
-0.661
-0.040
0.306
-1.908
0.184
-0.163
0.370
-1.577
-0.539
-2.510
0.030
0.103
0.304
-0.287
-1.429
0.224
0.419
0.382
0.260
0.163
0.108
0.390
0.163
0.529
0.413
0.163
0.339
-2.114
0.037
0.222
-2.147
-0.086
-2.346
-1.064
0.115
0.163
0.028
0.163
0.096
0.447
0.105
-4.694
0.143
0.271
-0.110
-2.303
-0.804
-0.004
0.096
-3.849
-0.395
-1.022
0.057
0.306
0.156
-2.943
-0.011
0.007
0.163
0.437
1.426
0.412
0.432
-2.323
0.502
-0.424
-0.501
-0.944
-2.530
-2.056
-0.624
-0.479
-0.357
-1.875
0.004
-1.028
-0.146
0.431
-0.210
0.300
-0.662
0.096
0.074
-2.324
-0.404
0.009
2.778
-3.192
-0.798
0.163
0.102
-0.227
-1.215
1.941
1.149
0.088
0.098
-0.409
1.360
-1.289
-0.775
-0.168
-1.965
0.257
-0.279
-0.085
-0.579
-0.652
-0.626
1.250
-0.686
0.828
-3.459
-1.489
-0.793
-1.938
-1.503
-0.187
0.157
-0.310
-0.161
-0.390
-0.167
0.163
0.049
0.163
-0.357
0.075
-1.292
-0.488
0.120
0.137
0.163
-0.111
-3.020
-2.319
-1.306
-2.394
-2.590
-0.099
-0.002
-0.479
-0.651
-1.184
0.163
0.163
0.163
0.141
0.163
0.136
0.024
-0.013
-0.231
-0.168
-2.080
-0.610
0.833
-0.140
-1.578
-0.996
0.163
-2.045
-0.599
-0.330
-0.207
0.051
0.625
0.324
0.184
0.161
0.163
0.190
0.163
0.163
-0.691
-0.036
-0.922
-0.525
-1.019
-0.564
0.098
0.001
0.194
-0.203
0.670
-0.179
0.069
-0.994
-0.373
-0.278
0.152
0.216
0.246
0.163
1.073
0.165
-0.218
0.550
-0.605
-1.065
-0.213
-0.788
0.166
0.137
-0.027
0.162
0.018
-0.032
0.235
-0.316
0.320
0.163
0.217
0.038
-0.376
0.038
0.056
-0.102
0.003
0.163
0.163
0.133
0.098
-0.607
0.093
0.110
0.163
0.163
-0.175
0.163
0.093
-1.744
0.163
0.132
0.090
-0.313
-0.399
-0.639
0.171
0.101
0.163
0.199
0.163
0.163
-0.329
0.163
0.191
0.156
0.125
0.163
0.108
0.092
0.100
-0.066
3.449
1.541
2.135
1.429
0.112
0.595
0.060
1.341
1.442
0.306
-0.067
0.163
0.163
-0.773
0.054
0.163
1.188
1.358
-0.213
0.374
-0.094
-0.797
0.079
0.126
-0.288
-0.066
0.941
0.415
-0.058
-0.124
-1.736
-4.835
-4.689
-1.390
-2.199
