-0.670
-1.336
-1.011
0.123
-0.124
3.977
0.278
0.209
2.502
0.552
0.090
3.500
0.848
-0.474
0.469
2.514
1.266
0.201
-0.164
-0.128
-1.015
-0.502
-0.704
1.226
0.068
0.034
-1.202
-0.445
-0.525
0.109
0.303
1.133
-0.747
0.032
-0.496
-0.868
0.882
0.092
0.104
0.180
0.184
0.317
0.475
0.370
0.090
0.060
-0.333
-0.409
0.176
0.158
2.092
0.052
1.817
2.457
0.090
0.088
2.820
-0.922
0.144
-0.565
4.418
1.544
2.744
-0.165
-0.221
0.233
0.353
0.377
0.190
-1.003
-0.202
-0.245
-0.282
0.409
-0.185
-0.150
-1.020
-0.126
-0.485
-1.044
3.074
-0.012
0.005
2.172
0.138
2.736
1.474
0.693
0.839
-0.306
1.062
0.782
-0.394
0.052
3.895
-0.137
0.073
0.064
3.018
0.904
-0.064
-0.239
4.325
-0.328
1.878
0.090
-0.205
0.158
3.077
-0.042
-0.120
-0.133
0.325
-2.110
0.349
-0.299
4.685
-0.591
-0.126
0.775
1.430
3.078
2.049
0.507
-0.040
0.895
2.332
-0.064
0.111
1.118
-0.766
0.112
-0.051
0.055
0.090
0.110
1.264
0.326
-0.307
-1.762
2.357
0.067
-0.208
-0.050
-0.403
0.874
-2.600
-1.362
-0.236
-1.032
0.410
-0.073
-0.196
0.689
0.389
3.397
-0.726
-0.160
-0.116
0.411
0.610
0.965
-1.896
0.825
-1.195
3.262
0.824
0.404
0.821
1.984
0.631
0.171
0.481
-0.154
0.239
0.310
-0.144
0.076
-0.258
-0.791
-0.183
2.674
0.978
-0.297
0.090
-1.430
0.261
3.087
2.571
0.916
4.647
6.013
0.090
0.334
0.583
0.177
0.624
-0.006
0.036
0.090
-0.165
-0.102
0.178
0.229
0.074
0.185
-0.082
2.788
0.839
-0.400
1.020
1.377
0.166
0.157
3.886
1.235
0.376
0.759
0.016
-0.464
-0.042
-0.223
0.306
0.301
0.087
-0.423
-0.093
0.839
0.058
1.082
0.260
0.102
-0.046
0.206
0.294
-0.430
0.698
-0.464
-0.044
0.432
1.500
0.807
1.095
0.329
0.285
0.087
-0.071
-0.725
-0.171
-1.028
-0.330
1.295
-0.031
0.558
0.368
-0.201
-0.204
0.278
0.073
0.128
0.088
0.067
0.316
-0.425
-0.028
-0.665
-0.379
0.210
0.081
-0.244
-0.191
-0.009
0.059
0.090
0.005
0.268
0.499
0.836
0.543
0.059
0.090
0.333
0.150
0.090
3.567
0.059
0.023
-0.279
0.403
0.607
-0.443
0.066
0.117
-0.100
-0.006
-0.294
-0.722
0.531
0.072
-0.396
-0.325
0.466
-0.043
0.126
-0.279
0.090
0.167
-3.100
-2.157
-2.738
-1.430
0.241
-0.426
0.036
-0.607
-0.181
-0.984
0.621
0.103
0.481
-0.312
0.090
-0.015
-1.478
-0.361
-0.059
0.021
0.512
1.977
-0.040
0.191
0.200
0.083
-0.082
0.271
-0.005
0.383
3.197
2.749
4.122
0.376
1.618
