-0.681
-0.489
-0.044
0.032
-0.780
-3.079
-0.008
-0.763
-2.675
-1.063
0.061
-3.630
-0.328
-0.803
-0.034
-2.868
-0.918
-0.115
-0.288
0.029
0.549
0.574
1.001
-0.608
0.029
0.029
1.129
-0.300
0.296
0.520
0.029
-1.581
-0.151
-0.273
-0.094
-0.109
-0.775
-0.912
-0.175
-0.752
-0.397
-0.693
-0.451
-0.868
0.089
-0.320
0.456
-0.012
-1.000
-0.522
-1.309
-0.057
-1.843
-1.819
-0.459
-0.205
-2.044
0.026
-0.731
0.322
-3.692
-1.727
-2.492
0.029
0.155
1.001
-0.667
-0.656
0.102
0.133
0.246
0.029
-0.060
-0.092
0.199
-0.004
0.057
0.029
0.029
0.043
-1.931
-0.025
0.380
-2.929
-1.595
-2.690
-2.347
0.067
-0.098
0.455
0.029
0.046
0.390
-0.239
-2.722
0.029
0.350
-0.394
-2.438
-1.061
-0.306
0.050
-3.336
-0.412
-1.555
-0.354
0.285
0.029
-3.065
0.043
-0.106
0.296
0.029
1.077
0.052
0.505
-2.978
0.479
-0.630
-1.388
-1.872
-2.949
-0.750
-0.155
-0.174
-1.588
-1.253
-0.467
-0.774
-0.582
1.236
-0.524
-0.180
-0.994
-0.102
0.045
-1.578
-0.853
-1.380
0.561
-1.957
-0.412
0.067
-0.158
0.135
-0.695
3.056
1.092
0.890
0.516
-0.084
0.060
0.033
-1.527
0.311
-3.253
0.482
-0.112
-0.723
-1.475
-0.782
0.480
1.471
-1.197
0.663
-3.299
-1.337
-0.706
-1.509
-1.672
-0.457
-0.444
-0.334
0.029
-0.458
-0.427
0.003
0.019
-0.001
-0.005
0.119
-1.352
-0.184
-0.056
-0.082
0.693
-0.238
-2.767
-1.126
-1.485
-2.083
-2.430
-0.563
-0.015
-0.527
-0.622
-0.441
0.078
0.029
-0.048
0.255
0.084
-0.700
-0.750
-0.430
-0.540
-0.016
-2.997
-0.631
0.393
-1.755
-1.056
-0.424
-0.022
-1.657
-0.725
-0.181
-0.093
-0.013
0.360
0.029
0.029
-0.170
0.070
0.029
0.041
0.138
-0.424
-0.206
-0.549
-0.512
-0.393
-0.176
-0.060
-0.932
0.004
-0.521
0.029
0.046
-0.903
0.029
-0.947
-0.984
-0.911
-0.819
0.149
0.029
0.314
0.029
-0.473
1.236
-1.381
-1.163
-0.278
0.941
1.194
1.374
0.438
0.591
1.177
0.274
0.169
-0.611
0.881
1.167
0.934
0.330
-0.552
-0.268
0.140
-0.553
-0.031
0.005
0.008
-0.017
-0.607
-0.681
-0.577
-0.352
0.055
0.029
-0.316
0.029
-0.478
-3.423
-0.021
0.029
0.089
1.265
-0.774
0.843
-0.489
-0.021
0.040
-0.124
0.029
0.029
-0.181
-0.221
0.939
0.035
-0.044
0.023
0.012
0.472
-0.060
0.002
3.589
3.101
2.787
1.948
0.146
0.605
-0.342
0.010
0.129
0.209
-0.089
-0.396
0.022
-0.194
-0.250
-0.114
0.649
-0.560
0.002
-0.987
-0.680
-0.862
0.112
0.210
-0.707
-0.345
0.721
-0.701
-0.277
-0.249
-1.616
-2.881
-2.827
-1.520
-1.468
