0.886
1.092
0.275
0.368
-0.348
-1.805
0.169
-0.137
-2.000
-0.644
-0.035
-3.194
-0.934
-0.059
0.039
-1.882
-0.567
-0.606
-0.086
0.130
0.275
0.813
1.378
-0.607
0.545
-0.344
1.059
-0.105
0.442
0.349
0.187
-0.623
0.765
-0.175
0.388
0.198
-0.036
-0.374
-0.558
-0.462
-0.111
-0.418
-0.626
-0.121
-0.413
-0.288
0.708
-0.018
-0.413
-0.556
-0.721
-0.004
-1.228
-1.095
-0.301
0.061
-2.544
-0.725
-0.141
-0.589
-2.645
-0.956
-1.731
0.249
-0.129
0.048
-0.122
-0.803
-0.158
0.396
0.231
0.208
0.057
0.009
0.250
-0.002
0.255
0.414
0.096
0.265
-1.981
-0.240
-0.002
-1.716
-0.427
-1.289
-0.625
-0.106
-0.095
0.005
-0.106
-0.153
0.420
-0.188
-2.610
0.668
0.008
0.039
-2.439
-0.812
-0.296
-0.038
-2.644
-0.152
-1.547
-0.753
-0.138
-0.245
-1.942
0.012
-0.027
-0.047
-0.130
1.678
-0.119
-0.133
-3.451
0.158
-0.678
-0.610
-1.979
-2.961
-1.981
-0.442
-0.191
-1.058
-0.835
-0.174
-0.156
-0.299
0.101
-0.355
0.054
-0.797
-0.021
0.127
-0.618
0.052
0.030
1.698
-1.813
-0.582
0.283
-0.301
0.294
-0.315
2.481
1.090
0.080
0.721
-0.380
-0.062
0.167
-0.882
-0.621
-2.623
0.394
0.237
-0.231
-0.739
-1.053
-0.856
1.923
-1.049
1.268
-3.497
-0.513
-0.473
-1.163
-0.632
-0.239
0.006
-0.231
0.312
-0.201
-0.184
-0.144
0.156
0.126
0.432
0.070
-2.062
-0.868
-0.046
0.077
0.670
-0.644
-2.644
-2.275
-0.935
-1.937
-2.481
0.006
-0.649
0.065
-0.537
-0.409
0.076
0.000
0.081
0.130
0.106
-0.415
-0.270
-0.191
-0.347
-0.228
-1.561
-0.763
0.361
-0.692
-0.972
-0.077
0.039
-2.681
-0.738
-0.354
-0.382
0.042
0.101
0.084
0.085
-0.277
-0.291
0.101
0.114
0.101
-0.728
-0.277
-1.240
-0.391
0.176
-0.097
-0.087
-0.610
0.035
-0.947
0.421
0.013
-0.565
-0.781
-0.880
-0.726
-0.192
-0.417
0.298
-0.148
0.273
0.133
0.202
0.903
-0.785
-0.180
-0.140
0.020
0.151
0.138
0.390
-0.038
-0.132
-0.024
0.172
-0.103
0.505
0.100
0.335
-0.041
-0.256
0.121
0.027
0.160
0.169
0.096
0.145
0.030
-0.488
-0.311
-0.390
-0.652
0.463
0.211
-0.257
0.093
-0.404
-3.214
-0.071
0.047
0.002
-0.561
-0.711
0.173
1.235
-0.144
-0.131
-0.067
0.059
0.108
0.172
-0.112
0.538
0.101
-0.161
-0.098
-0.145
0.192
-0.130
-0.082
2.719
2.104
2.222
1.648
-0.108
0.385
-0.009
0.506
0.486
0.776
-0.101
-0.124
-0.069
-0.122
-0.156
-0.062
1.593
0.092
-0.087
0.168
-0.545
-1.181
0.209
-0.444
-0.105
-0.066
0.458
-0.080
0.052
0.129
-1.412
-1.804
-3.175
-0.933
-2.180
