-0.793
-0.700
-1.021
0.167
0.278
1.586
0.097
0.130
1.746
0.787
-0.049
2.170
0.594
-0.120
0.066
2.057
0.771
0.142
-0.024
-0.061
0.111
-0.402
-1.269
-0.095
-0.437
0.006
-0.508
0.144
-0.136
-0.247
0.184
0.448
-0.232
0.112
-0.219
0.461
0.210
0.453
0.154
0.348
0.580
0.306
0.100
-0.007
-0.017
0.038
-0.156
0.099
1.122
0.837
0.877
0.916
1.229
1.486
0.788
0.201
1.988
-0.517
-0.005
-0.339
1.783
0.644
2.207
-0.140
0.071
-0.133
-0.089
0.695
0.026
-0.458
-0.459
-0.104
-0.107
0.162
-0.017
-0.037
-1.997
-0.021
-0.155
-0.350
1.946
0.244
-0.084
0.972
0.094
2.232
1.596
0.042
-0.054
0.039
-0.011
-0.006
-0.010
0.090
2.940
0.083
-0.106
0.162
2.089
0.292
0.353
0.040
2.633
0.480
1.533
0.564
-0.152
0.066
2.250
0.202
-0.011
-0.176
0.182
-1.115
0.249
-0.268
2.802
-1.294
0.413
0.224
1.140
2.037
0.985
0.554
-0.075
0.175
1.348
-0.251
0.815
0.762
-0.578
-0.242
-0.362
-0.064
0.134
0.184
1.285
0.144
0.120
-1.760
2.367
0.169
-0.005
0.493
-0.576
0.368
-2.230
-1.452
-0.248
-0.004
0.269
-0.482
0.022
1.968
1.692
1.749
-0.760
0.554
0.616
1.764
0.704
0.514
-0.886
0.829
-0.332
2.717
0.307
0.030
1.034
0.750
1.062
1.272
0.864
-0.370
0.301
0.359
0.589
-0.054
0.182
-0.597
0.021
1.269
0.260
0.062
0.020
-0.470
-0.012
2.321
1.125
0.790
2.564
2.332
0.771
0.210
0.462
0.138
0.197
-0.043
-0.077
0.100
0.173
0.196
-0.122
0.012
0.012
-0.064
-0.001
1.648
0.565
-0.427
0.496
0.972
0.369
0.005
1.540
0.356
0.172
0.043
0.462
-0.163
0.137
0.116
0.129
0.171
0.164
-0.020
-1.369
0.660
0.045
1.188
0.894
-0.017
0.041
-0.018
0.460
0.516
0.390
-0.302
0.200
0.139
0.916
0.719
0.006
0.367
0.982
0.335
-0.143
0.098
0.136
0.123
-0.388
1.150
-0.073
-0.073
0.307
-0.141
-0.265
0.415
-0.265
0.023
-0.162
-0.222
-0.053
-0.450
-0.058
-0.030
-0.256
0.338
0.119
-0.028
0.298
-0.180
0.063
-0.238
0.084
0.366
0.768
0.866
0.436
-0.308
-0.143
0.460
0.220
0.853
1.880
0.300
0.000
0.099
1.807
0.628
0.135
0.075
0.119
-0.105
-0.038
-0.188
-1.241
0.403
-0.029
-0.330
-0.341
0.118
0.042
0.132
-0.031
0.073
0.053
-2.165
-2.091
-2.289
-1.555
-0.261
-1.117
0.032
-0.672
-0.516
-0.221
0.447
0.314
-0.003
0.048
0.132
0.011
-0.206
-0.006
0.335
-0.269
0.382
1.486
-0.008
0.107
0.163
0.074
-0.360
0.011
-0.001
-0.056
3.974
2.764
1.851
-0.752
2.560
