-0.095
0.061
-0.138
0.045
-0.140
2.311
0.172
0.158
2.644
0.564
0.070
3.143
1.091
0.357
-0.429
2.180
0.688
0.301
0.108
0.008
0.120
0.051
-0.017
0.751
0.238
0.747
-0.521
1.188
-0.137
-0.188
0.700
2.001
-0.197
-0.078
-0.214
0.245
0.158
0.031
0.622
0.609
0.284
-0.054
0.153
-0.239
0.415
0.329
-0.507
0.211
1.394
0.110
1.370
0.147
2.301
2.377
0.209
0.566
1.634
-0.007
0.283
-0.105
3.152
0.654
1.387
0.005
-0.087
-0.002
0.070
1.909
0.188
-0.130
-0.060
-0.039
-0.039
0.372
-0.039
-0.039
-0.140
-0.214
-0.174
-0.135
2.742
0.491
-0.034
1.933
-0.007
2.270
0.925
0.110
0.291
-0.037
0.166
0.058
-0.041
0.052
3.147
-0.039
0.002
0.570
2.398
1.175
0.503
-0.038
2.702
-0.049
1.849
1.667
0.081
0.399
2.971
-0.360
-0.244
-0.039
-0.165
-1.750
0.218
-0.467
3.353
-0.378
0.939
0.945
2.099
3.258
0.658
0.315
0.189
0.390
1.708
-0.074
0.872
2.209
-0.581
1.110
-0.472
1.184
-0.039
0.021
1.041
-0.485
0.096
-2.507
1.782
0.407
-0.039
0.606
-0.101
0.922
-3.284
-1.557
0.279
0.057
0.166
0.077
0.410
0.709
0.388
1.664
-0.325
0.624
0.205
0.581
0.256
0.392
-1.890
0.285
-0.434
1.997
0.631
0.817
1.318
0.867
0.331
0.172
0.370
-0.000
0.168
0.201
0.530
0.452
-0.075
0.003
0.051
2.362
0.817
0.314
-0.053
-0.068
0.739
3.583
1.853
1.142
2.571
2.321
0.418
1.537
-0.258
0.246
0.623
-0.039
-0.039
0.068
-0.039
-0.039
0.220
0.168
-0.133
0.283
0.108
1.741
0.324
-0.225
0.194
0.659
0.885
0.013
2.512
1.315
0.364
0.813
-0.039
-0.176
-0.057
-0.280
0.123
0.006
-0.365
-0.072
-0.092
0.917
-0.013
1.325
0.885
0.685
0.189
0.711
0.139
-0.086
0.055
-0.134
-0.032
0.192
2.606
1.741
0.468
0.747
0.899
-0.149
0.033
-0.115
0.019
-0.084
-0.678
0.686
0.134
0.813
1.564
-0.409
-0.073
0.595
-0.076
0.187
0.184
-0.110
0.418
-0.297
0.113
-1.626
-0.572
0.110
0.173
-0.657
-0.012
-0.364
0.221
-0.060
-0.338
0.042
0.080
0.411
0.163
-0.236
0.096
0.024
0.010
0.059
3.156
-0.082
0.257
0.290
0.533
0.309
-0.609
-0.550
-0.067
-0.150
0.036
-0.201
-0.393
-0.429
-0.069
-0.039
-0.300
-0.039
-0.175
-0.044
-0.034
0.173
-0.101
-3.306
-0.982
-1.263
-0.681
-0.039
-0.294
0.621
-1.428
-0.870
0.466
-0.008
-0.016
-0.044
0.066
0.525
-0.039
-1.212
-0.151
0.287
-0.004
-0.054
1.594
-0.039
-0.295
0.162
0.614
-0.932
-0.159
-0.035
-0.020
0.795
1.168
3.824
0.887
4.374
