2.716
2.815
0.464
-0.279
-0.229
-3.742
-0.132
-0.554
-2.017
-0.655
-0.010
-3.083
-0.771
-0.433
0.097
-2.371
-0.649
-0.543
0.005
-0.155
-0.206
0.561
1.404
-0.419
0.348
-0.636
0.985
-0.471
0.373
0.681
-0.014
-0.684
0.650
-0.057
0.648
0.138
-0.342
-0.327
-0.309
-0.336
-0.209
-0.449
-0.528
-0.251
-0.501
-0.501
0.245
0.064
-0.476
-0.376
-0.649
0.142
-2.379
-2.226
-0.107
-0.197
-2.531
0.095
-0.179
0.050
-2.819
-0.868
-1.941
-0.034
-0.106
-0.029
-0.011
-1.286
-0.033
0.798
0.652
0.392
0.049
0.110
0.245
-0.037
0.844
0.312
-0.006
0.399
-3.190
-0.152
-0.019
-1.797
-0.358
-2.930
-1.615
-0.150
-0.152
-0.187
-0.171
0.022
0.481
-0.240
-2.883
0.758
0.031
-0.092
-2.989
-1.049
-0.210
0.096
-3.409
-0.147
-1.474
-1.226
-0.005
-0.106
-2.209
0.054
-0.016
-0.186
-0.146
1.313
-0.138
-0.128
-3.762
0.274
-0.962
-0.549
-2.049
-3.181
-1.691
-0.452
-0.047
-0.930
-1.389
-0.108
-0.446
-0.665
0.760
-0.776
-0.015
-1.361
-0.086
-0.042
-1.017
-0.048
-0.279
3.054
-3.444
-0.637
0.150
-0.211
0.470
-0.509
2.444
1.036
-0.133
-0.177
-0.383
-0.111
0.140
-0.919
-0.617
-3.290
0.449
0.001
-0.274
-0.873
-0.393
-0.397
1.810
-0.382
1.157
-3.263
-1.267
-0.472
-1.442
-1.161
-0.424
-0.358
-0.188
0.071
-0.463
-0.440
-0.180
0.043
0.127
0.168
-0.052
-1.819
-0.749
-0.071
0.001
0.838
0.044
-2.797
-2.255
-1.084
-1.826
-3.313
-0.332
-0.908
-0.172
-0.706
-0.873
0.001
-0.167
-0.376
-0.064
-0.138
-0.819
-0.402
-0.180
-0.580
-0.032
-1.913
-0.682
0.692
-0.795
-1.209
-0.739
-0.369
-2.922
-0.989
-0.532
-0.487
-0.071
0.190
-0.016
0.047
-0.099
-0.120
-0.041
0.064
0.027
-0.455
0.059
-0.780
-0.371
-0.300
-0.074
-0.092
-0.489
0.333
-0.796
0.399
-0.082
-0.469
-1.013
-1.937
-0.805
-0.637
-0.814
-0.100
0.016
0.090
0.328
-0.123
0.693
-1.186
-0.362
-0.112
-0.361
0.031
-0.091
0.253
0.003
-0.319
-0.163
-0.024
-0.096
0.427
0.062
0.552
-0.185
-0.190
-0.024
0.024
-0.201
-0.078
0.052
0.144
0.037
-0.540
-0.439
-0.464
-0.569
0.194
0.325
-0.085
0.207
-0.385
-2.753
-0.102
0.007
-0.091
-0.630
-0.325
-0.160
-0.413
-0.005
0.135
0.170
0.124
0.344
0.073
0.087
0.636
0.657
-0.247
0.054
-0.058
0.251
0.022
-0.004
2.610
2.513
2.293
1.848
0.301
0.889
0.033
0.575
0.548
-0.440
-0.233
-0.735
-0.167
-0.292
-0.274
0.010
1.265
0.509
-0.167
-0.460
-0.644
-1.021
0.026
-0.267
-0.230
-0.054
0.725
0.146
-0.308
0.029
-1.748
-2.525
-3.803
-0.935
-1.931
