0.608
0.982
-2.038
0.141
0.029
3.260
0.281
0.256
1.094
0.531
0.001
2.514
0.391
0.042
-0.269
1.933
0.743
0.557
0.008
0.149
0.258
-0.082
-2.451
0.995
0.091
0.275
-0.331
-0.261
-0.116
-1.229
0.096
1.532
0.239
0.255
-1.098
0.084
0.204
0.086
0.181
0.182
0.312
0.491
0.021
0.313
-0.515
-0.646
-1.320
0.328
0.401
0.223
0.874
0.256
1.280
1.211
-0.153
-0.001
2.086
0.027
0.022
-0.058
2.936
1.481
1.617
-0.191
0.169
0.168
0.431
0.820
0.196
-0.461
-0.497
-0.165
-0.175
0.429
0.083
0.151
-0.516
-0.136
-0.095
-0.134
2.886
0.044
0.174
1.561
1.041
2.220
1.678
0.417
0.076
-0.014
0.323
0.252
0.258
0.005
2.377
-0.270
0.035
0.038
2.889
1.587
-0.311
0.174
4.190
0.141
1.322
0.474
0.321
0.314
2.737
0.008
-0.003
0.102
0.376
-0.942
0.193
-0.201
2.910
-0.677
0.277
0.694
1.783
2.575
1.781
0.395
0.021
0.624
1.318
0.194
0.418
1.261
-0.729
0.660
0.021
1.926
0.021
0.053
1.137
0.692
-0.761
-2.586
2.330
0.187
-0.320
-0.129
-0.715
0.837
-2.119
-1.251
0.153
0.301
0.342
0.031
-0.362
1.672
1.842
2.516
-0.738
-0.898
0.280
1.815
0.690
0.675
-1.362
1.025
-0.396
2.404
0.468
0.845
1.859
0.976
0.129
-0.253
0.074
0.025
0.093
0.141
0.066
-0.026
-0.252
0.061
-0.290
1.242
0.268
0.121
0.034
-0.459
0.293
2.721
2.174
0.998
1.973
3.426
0.605
0.754
0.486
0.255
0.542
-0.335
0.032
-0.058
-0.108
-0.015
0.280
0.156
0.055
0.186
0.232
1.894
0.634
-0.637
0.416
0.943
0.134
0.198
2.242
1.017
0.119
0.024
-0.202
-0.235
-0.423
-0.496
0.125
0.060
-0.207
-0.434
-0.138
0.513
-0.260
0.750
0.732
0.597
0.531
0.017
0.510
-0.234
0.822
-0.899
-0.148
0.020
0.297
0.655
0.148
0.067
0.640
0.161
-0.186
-0.555
0.032
-0.103
-1.117
0.239
0.178
0.294
0.537
0.076
0.053
-0.281
0.275
0.373
0.304
0.168
0.261
-0.230
-0.268
-0.011
0.018
0.113
0.201
-0.200
0.296
-0.022
-0.102
-0.106
-0.156
0.401
0.251
0.270
0.221
-0.120
-0.052
0.026
-0.107
0.056
2.605
-0.070
-0.081
-0.104
1.576
0.805
-1.268
-3.139
0.165
0.070
-0.166
-0.098
-0.103
0.158
0.130
-0.237
-0.325
0.177
0.182
-0.053
0.127
0.053
-0.502
-2.858
-1.902
-1.766
-1.696
-0.099
-0.710
-0.012
-0.454
-0.713
-0.600
0.157
0.140
0.168
0.059
0.125
0.287
-1.199
0.081
0.372
0.119
-0.002
0.730
-0.229
-0.461
0.593
0.348
0.052
0.161
-0.079
-0.033
1.293
1.926
2.500
2.046
1.979
