0.303
0.406
-1.092
-0.127
-0.348
2.999
0.167
0.652
1.800
0.902
-0.036
3.117
1.055
-0.085
-0.339
2.174
0.852
-0.256
0.116
-0.191
-0.150
-0.215
-1.329
0.134
-0.334
0.050
-0.482
0.116
-0.258
-0.075
0.000
0.739
-0.603
0.132
-0.265
0.464
0.209
0.572
0.174
0.417
0.529
0.507
0.440
0.247
0.398
0.418
-0.154
-0.143
0.681
0.687
0.794
-0.528
1.540
1.099
0.299
0.581
2.695
-0.253
0.118
-0.162
2.582
1.040
1.771
-0.046
-0.063
-0.333
-0.485
0.732
-0.008
-0.548
-0.450
-0.129
-0.114
-0.346
-0.023
0.069
-0.791
-0.218
-0.195
-0.260
1.729
0.048
-0.130
1.886
0.435
2.429
1.301
0.196
0.104
-0.789
0.157
0.142
-0.058
-0.227
2.684
-0.407
0.040
-0.023
2.307
0.819
0.113
0.043
2.951
-0.095
1.425
0.274
-0.529
0.351
2.469
-0.664
0.013
0.103
-0.493
-1.772
-0.299
-0.790
3.362
-0.791
0.882
0.525
1.487
2.129
0.217
0.365
-0.094
0.548
1.271
-0.267
-0.279
0.445
-0.904
-0.118
-0.169
1.249
0.125
0.163
1.327
-0.261
0.071
-2.445
1.909
0.194
0.171
0.390
0.167
0.252
-1.714
-1.007
0.013
-0.335
0.317
-0.164
-0.148
0.962
0.748
2.044
-0.668
0.193
0.241
0.909
0.537
0.390
-0.846
0.458
-0.437
2.715
0.731
0.017
1.080
1.230
0.213
-0.040
0.197
-0.136
0.166
0.206
0.088
0.083
-0.105
-0.423
-0.093
1.565
0.822
-0.436
0.176
-0.476
-0.356
2.643
1.493
0.990
2.756
3.421
0.835
-0.268
0.192
0.602
0.620
-0.124
0.003
0.081
-0.391
-0.216
0.261
0.385
0.164
0.467
-0.020
2.054
0.767
-1.492
0.597
1.434
1.248
0.169
2.154
0.870
0.264
0.180
0.058
-0.461
0.022
0.131
0.314
0.180
0.146
0.007
-0.536
0.635
-0.165
1.131
0.519
-0.166
0.032
0.137
0.331
-0.002
0.664
-0.533
0.106
-0.205
1.793
0.817
1.148
0.556
0.447
0.127
-0.039
-0.837
0.100
0.133
-0.998
1.151
0.089
0.294
0.606
-0.008
0.180
0.094
0.322
0.417
0.332
0.188
0.294
0.068
0.155
-0.794
-0.790
0.188
0.120
-0.272
0.023
-0.110
0.017
0.013
-0.185
0.563
0.355
0.349
0.195
-0.093
0.082
0.200
0.083
0.180
3.030
0.106
-0.044
0.130
0.646
0.405
0.005
0.567
0.013
-0.028
-0.103
-0.032
-0.195
-0.349
0.056
-0.107
-0.045
0.096
0.052
-0.050
-0.091
-0.267
-0.053
-2.107
-2.628
-2.666
-1.880
0.180
0.046
0.093
-1.245
-1.280
-0.504
0.180
0.188
0.170
0.166
0.038
-0.125
-1.488
-0.827
0.657
-0.002
0.294
1.562
0.131
0.142
0.254
-0.386
-1.177
-0.044
-0.080
0.178
2.112
1.827
1.999
1.049
1.366
