0.041
-0.207
-0.030
-0.020
0.615
2.971
0.224
1.034
2.102
1.320
-0.437
3.269
1.029
0.454
1.361
3.080
1.133
-0.113
0.443
0.014
-0.042
-0.202
-0.107
0.727
-0.559
0.595
-0.762
0.460
-0.193
0.173
0.007
0.559
-1.238
0.080
-0.430
0.228
1.141
0.828
0.379
1.072
0.446
0.389
0.558
0.234
0.153
0.300
-0.648
-0.030
1.000
0.682
1.576
0.635
1.963
1.983
0.840
0.711
2.567
0.036
0.907
0.611
3.727
1.686
2.736
-0.120
-0.163
-0.023
-0.095
0.877
0.086
-0.799
-0.567
-0.524
-0.016
-0.255
-0.986
-0.129
-1.049
-0.624
-0.120
-0.658
3.114
0.611
-0.182
2.742
1.437
3.631
2.407
0.498
0.914
1.000
0.613
0.537
-0.084
0.519
2.890
-0.152
-0.096
-0.141
3.315
1.324
0.569
-0.157
3.898
0.121
2.316
0.881
-0.176
0.360
3.524
0.617
0.219
-0.169
-0.062
-2.075
0.044
-0.057
3.292
-0.182
0.841
0.507
1.855
3.313
1.768
0.402
-0.026
0.932
2.322
0.136
0.683
1.106
-2.197
0.875
0.094
0.621
-0.108
-0.207
1.676
-0.070
0.124
-0.030
1.854
0.724
-0.004
0.356
-0.321
0.702
-1.776
-1.686
-0.122
0.812
-0.002
-0.153
-0.243
1.488
0.963
3.158
-0.498
0.308
0.279
1.295
1.013
1.025
-1.609
0.993
-0.881
2.866
1.774
0.646
1.095
2.196
0.270
0.349
0.245
0.026
0.198
0.578
0.121
0.079
0.027
0.054
-0.003
2.338
1.118
-0.111
-0.205
-0.642
0.053
3.611
2.433
1.142
3.640
5.254
1.292
0.610
0.573
0.415
0.378
-0.090
0.015
0.129
-0.030
-0.037
0.308
0.407
0.115
-0.001
-0.154
2.474
0.971
-0.030
1.343
1.252
0.365
0.808
2.439
1.452
0.115
0.348
0.509
-0.327
-0.142
-0.265
0.069
0.148
-0.394
-0.420
-0.745
0.944
-0.069
1.277
0.863
-0.208
-0.065
-0.455
0.661
0.180
1.152
-0.926
0.023
0.311
1.119
1.054
0.355
0.253
1.567
-0.030
-0.067
-0.031
-0.312
-0.102
-0.338
0.775
0.063
0.406
1.717
-1.552
-0.786
0.688
0.245
0.591
0.957
-0.802
0.559
-1.049
-0.374
-0.920
-0.043
0.317
0.439
1.069
0.267
0.104
-0.059
0.505
0.374
0.674
0.291
0.037
0.279
-0.294
-0.103
-0.111
-0.006
0.207
2.355
0.103
-0.212
0.095
1.029
0.991
0.909
-1.608
0.230
0.182
0.176
0.144
-0.056
0.398
0.179
-0.461
-0.037
0.192
-0.003
0.150
-0.350
0.339
0.440
-3.383
-2.504
-2.399
-2.143
0.001
-0.199
0.196
0.052
-0.864
0.166
0.079
0.110
-0.051
0.044
0.353
0.178
-1.537
0.194
0.200
0.245
0.829
1.378
0.096
-0.402
0.188
0.189
-0.577
-0.111
-0.003
-0.101
2.193
2.139
3.092
1.628
1.365
