0.295
0.405
-1.272
0.016
-0.397
2.584
0.293
0.312
2.198
0.214
-0.318
2.842
0.353
-0.257
-0.269
1.907
0.364
0.183
0.338
-0.293
-0.167
-0.590
-1.285
0.031
-0.425
-0.187
-0.784
-0.026
-0.321
-0.195
-0.129
0.898
-0.165
-0.049
-0.662
0.560
0.472
0.852
0.478
0.066
-0.033
1.291
0.280
0.573
0.107
0.205
-0.262
-0.073
1.550
0.361
0.815
-0.346
2.450
2.387
0.205
0.290
2.513
-0.357
-0.037
-0.427
2.775
0.536
2.963
-0.169
-0.139
-0.217
0.011
0.885
-0.131
-0.614
-0.517
-0.324
-0.274
-0.708
-0.213
-0.106
-1.277
-0.201
-0.369
-0.425
3.945
0.211
-0.130
1.790
-0.078
2.662
1.221
0.234
-0.001
-0.665
0.127
0.208
-0.178
0.023
2.524
-0.291
-0.086
-0.038
2.499
0.711
0.339
-0.080
3.435
0.078
1.906
0.504
0.014
0.332
2.497
0.069
-0.041
-0.137
-0.069
-1.088
0.068
-0.079
2.630
-0.614
0.534
0.232
1.403
2.202
0.297
0.459
0.202
0.417
1.093
0.009
-0.277
0.946
-1.758
-0.241
-0.307
0.763
0.213
0.296
1.550
-0.287
-0.113
-2.260
2.932
0.005
0.217
0.281
-0.138
0.202
-1.608
-0.850
-0.036
-0.292
0.774
-0.253
-0.754
1.475
0.699
3.133
-0.908
0.390
0.451
0.962
0.313
0.146
-1.268
0.490
-0.739
2.711
-0.526
0.531
0.645
-0.134
0.819
0.637
0.608
-0.013
0.238
0.468
0.362
0.263
0.092
-0.158
-0.035
2.222
0.573
0.072
-0.084
-0.571
0.083
2.839
2.096
1.447
2.796
2.443
1.058
0.511
0.849
0.714
0.410
-0.347
-0.125
-0.061
-0.195
-0.011
0.472
0.479
0.029
0.420
-0.011
2.648
0.501
-0.795
0.620
1.420
1.727
0.850
2.607
1.263
0.395
0.036
-0.128
-0.992
-0.720
-0.323
0.166
0.080
-0.978
-0.522
-1.465
1.149
-0.132
0.847
0.612
0.153
0.021
-0.130
0.460
-0.034
0.693
-0.686
-0.093
-0.359
1.057
0.492
0.178
-0.080
1.584
-0.191
-0.186
-0.252
-0.555
-0.611
-0.849
1.808
-0.053
0.255
0.229
-0.340
-0.101
-0.175
-0.019
0.171
0.115
-0.002
0.254
-0.370
0.063
-1.064
-0.223
0.239
-0.154
-1.172
0.200
-0.275
-0.018
-0.270
0.060
1.094
0.680
0.202
0.559
-0.106
-0.187
0.538
0.017
0.186
3.373
0.193
-0.093
0.071
0.823
0.362
-0.897
0.152
0.238
-0.276
-0.033
-0.151
-0.684
0.185
0.008
-0.757
-0.600
0.324
-0.521
0.244
-0.359
-0.182
0.013
-2.168
-2.071
-2.375
-1.427
-0.126
-0.733
0.200
-1.014
-0.788
0.369
0.639
0.357
0.295
0.066
-0.073
-0.061
-0.792
-0.346
0.640
-0.492
0.029
1.525
0.022
0.328
0.685
-0.222
-0.961
-0.082
0.261
0.171
2.308
2.832
2.353
2.279
2.010
