0.826
1.142
-0.008
-0.528
-0.601
-2.626
0.067
-0.298
-1.760
-0.695
0.276
-2.927
-1.091
0.197
0.109
-1.831
-0.607
0.086
-0.153
-0.209
0.024
0.186
1.522
-0.929
0.205
-0.008
0.811
-0.852
0.611
0.146
-0.008
-1.043
0.412
-0.010
1.006
0.155
-0.159
-0.421
-0.546
-0.343
-0.103
-0.516
-0.526
-0.302
-0.160
-0.182
0.237
0.078
-1.185
-0.316
-1.038
0.587
-1.028
-0.948
-0.395
-0.473
-2.273
0.449
-0.308
0.556
-2.106
-0.744
-2.278
-0.179
0.020
0.037
0.165
-0.545
-0.027
0.358
0.246
0.169
0.071
0.009
0.333
-0.066
0.177
0.407
0.009
0.197
-3.055
-0.004
0.019
-1.701
-0.598
-1.860
-0.779
-0.123
0.240
0.797
-0.053
-0.228
0.211
-0.203
-3.254
0.644
-0.008
-0.609
-2.948
-1.139
0.287
0.022
-3.269
-0.013
-1.659
-0.914
0.097
-0.008
-2.170
0.075
-0.062
0.347
-0.008
1.806
-0.022
-0.104
-3.039
0.182
-0.196
-0.774
-1.381
-2.476
-1.562
-0.401
-0.082
-0.840
-1.193
-0.246
-0.383
-0.458
0.168
-0.733
0.086
-1.600
0.002
-0.067
-1.435
-0.469
-0.235
1.028
-2.341
-0.715
0.115
-0.046
0.449
-0.068
2.478
1.176
-0.008
0.344
-0.110
0.093
0.066
-0.683
-0.008
-2.238
0.696
0.219
-0.014
-0.478
-0.079
-0.140
0.535
-0.085
0.182
-3.362
-0.211
-0.893
-1.187
-0.621
-0.365
-0.031
-0.452
-0.056
-0.325
-0.365
-0.313
-0.059
0.167
-0.035
-0.092
-1.716
-0.661
-0.208
-0.097
0.579
0.005
-2.793
-1.652
-0.941
-2.857
-3.696
-0.633
-0.430
-0.452
-0.288
-0.543
0.052
0.011
-0.000
0.096
0.068
-0.193
-0.322
-0.025
-0.008
-0.083
-1.838
-0.594
0.452
-0.433
-1.617
-0.432
-0.598
-1.993
-0.826
-0.616
-0.882
-0.144
0.263
0.186
0.365
-0.323
-0.305
0.077
0.378
0.182
-0.555
-0.022
-0.956
-0.814
0.020
-0.086
-0.088
-0.750
0.227
-0.597
0.152
-0.204
0.019
-0.008
-0.339
-0.384
-0.163
-0.451
0.512
0.196
1.049
0.758
0.343
0.675
-0.747
-0.528
-0.073
0.050
0.371
0.524
1.097
-0.067
-0.059
-0.343
0.601
-0.117
0.268
0.343
0.286
-0.018
-0.007
0.027
-0.235
-0.068
0.064
-0.081
0.210
0.273
-0.338
-0.438
-0.509
-0.239
0.168
0.192
0.095
0.098
-0.324
-2.622
-0.288
-0.248
-0.067
-0.008
-0.237
0.061
1.449
-0.411
2.076
-0.388
-0.421
-0.088
-0.074
-0.437
0.304
0.053
-0.048
-0.453
-0.446
0.247
-0.025
-0.008
2.889
1.832
2.468
1.197
0.029
0.191
-0.250
1.144
1.073
1.007
-0.190
-0.234
-0.205
0.061
-0.406
0.096
1.796
0.647
-0.159
-0.008
-0.378
-1.394
-0.109
-0.009
-0.256
-0.166
0.532
0.323
-0.189
-0.366
-2.133
-2.771
-2.681
-0.177
-2.734
