0.048
0.039
3.183
0.863
0.294
-2.026
-0.071
-1.241
-1.154
-0.514
-0.514
-3.606
-1.274
-0.840
0.226
-1.933
-0.780
-0.202
-0.444
-0.258
0.135
0.226
-0.404
0.195
0.741
-1.267
0.626
-1.308
0.518
0.063
-0.077
-1.697
0.534
-0.976
-0.888
-2.358
-1.331
-1.608
-0.010
-0.063
0.303
-0.757
0.120
0.387
0.255
0.130
0.662
0.101
-1.748
-0.680
-1.451
0.074
-0.647
-0.697
-0.124
-0.353
-2.899
0.605
0.024
0.202
-2.724
-0.557
-2.012
0.035
0.330
0.022
-0.195
-1.970
0.288
1.147
1.493
0.379
0.295
0.192
0.306
0.390
2.607
0.276
0.568
0.702
-3.295
-0.447
0.368
-1.481
-0.445
-4.438
-3.188
0.126
0.286
0.229
0.278
0.131
0.155
-0.217
-3.209
0.286
0.153
0.278
-2.630
-0.239
-0.378
0.227
-2.075
-0.199
-2.005
-0.717
1.098
0.711
-2.725
-0.465
0.192
0.175
-0.792
1.603
0.063
1.287
-3.032
1.080
-0.914
-2.284
-1.916
-3.066
-1.490
-0.868
0.397
-2.745
-3.542
0.425
-1.249
-1.185
0.391
-0.153
-0.013
-0.490
-0.808
-0.666
-1.270
0.350
0.247
0.795
-3.219
-0.636
-0.119
-0.133
0.991
-0.782
1.746
1.258
-0.081
0.026
-0.276
0.327
0.200
-1.198
-0.717
-2.377
0.279
-0.649
-0.051
-0.929
-0.463
-0.492
1.959
-0.513
1.196
-2.703
-0.024
-0.495
-1.156
0.126
-0.807
-1.346
-0.475
0.194
-0.619
-0.369
-0.177
0.287
-0.169
0.292
0.177
-2.049
-0.155
-0.037
0.269
0.429
0.183
-3.092
-1.967
-1.002
-2.874
-3.484
-0.328
0.573
-0.457
-0.342
-0.297
0.228
0.261
0.259
0.052
0.220
0.265
0.281
0.061
-0.281
0.603
-2.312
-0.439
0.291
-1.249
-3.976
-1.065
0.158
-3.390
-1.826
-0.266
0.198
-0.092
0.316
-0.076
-0.151
-0.298
-0.142
0.058
0.108
0.711
-0.844
-0.037
-0.951
-1.694
1.032
0.280
-0.100
-0.252
-1.359
-0.816
1.455
0.186
0.162
-1.873
-1.528
0.367
-1.304
-0.425
0.103
0.259
0.054
-0.210
0.044
0.250
0.242
-0.088
-0.000
-0.304
0.178
0.191
0.005
0.204
0.061
0.137
0.181
-0.086
0.191
-0.097
-0.104
1.162
0.096
-0.059
-0.076
0.286
-0.178
-0.108
0.195
-0.178
-0.124
-0.843
-1.144
-0.819
0.386
0.451
-0.311
-0.008
-0.771
-3.048
0.209
0.153
-0.923
-0.867
-0.492
-0.993
-0.622
0.033
0.161
0.444
0.457
0.825
-0.416
0.053
0.257
0.513
-0.320
0.159
0.047
0.228
0.045
-0.145
1.720
1.018
1.198
0.842
-0.218
0.044
-0.496
0.065
0.910
1.255
-0.253
-0.320
-0.020
-0.412
-0.931
-0.171
-0.163
-0.287
-0.378
0.269
-0.607
-2.330
-0.140
-0.063
0.074
1.110
0.965
-0.630
0.156
0.299
-6.292
-3.554
-0.805
0.011
-1.073
