1.777
2.255
0.444
0.139
1.144
3.147
0.394
0.759
2.580
0.596
-0.004
3.407
0.885
0.594
0.575
2.640
1.034
0.195
0.495
0.186
-0.408
0.335
-0.862
0.796
-0.151
-0.613
-0.843
0.835
-0.032
-0.450
-0.100
1.391
-0.068
0.512
0.150
0.152
0.489
0.913
0.972
0.694
0.668
0.738
0.954
0.436
0.486
0.393
-0.731
-1.292
1.972
0.611
1.355
-0.682
2.411
2.258
1.835
0.817
2.651
-0.191
0.685
0.050
3.300
1.436
1.869
0.066
-0.000
0.099
0.007
0.455
0.465
-0.984
-1.067
-0.495
0.214
0.733
-0.856
-0.060
0.037
-0.361
-0.162
-0.427
3.052
0.095
-0.111
2.502
1.280
3.199
2.600
0.290
0.258
0.822
0.359
0.470
0.750
0.452
2.927
0.010
-0.104
0.322
2.800
2.210
0.288
-0.221
4.111
0.313
1.594
0.095
-0.277
0.095
3.765
-0.678
0.081
-0.228
-0.072
-2.403
-0.327
-0.417
4.055
-0.987
1.794
1.099
2.341
3.117
1.872
0.645
0.104
1.446
2.753
0.934
1.642
0.312
-0.468
0.867
-0.081
0.730
0.137
0.109
1.897
0.361
0.584
-1.804
1.968
0.616
0.095
0.583
-0.589
0.506
-2.409
-1.276
-0.271
-0.536
0.338
0.049
-0.329
1.658
-0.865
1.987
-0.958
1.532
0.777
1.387
0.760
0.811
-2.028
0.976
-1.243
3.524
0.848
0.646
1.614
1.147
0.342
0.198
0.341
0.037
0.528
0.734
0.214
0.146
0.096
-0.183
-0.339
1.942
0.788
-0.058
-0.084
-1.020
0.243
3.124
2.574
1.204
2.885
4.594
0.617
0.543
0.396
0.220
0.759
0.090
0.212
0.193
0.083
0.095
0.242
0.309
0.259
0.095
0.131
1.996
0.925
-1.809
0.395
1.798
0.115
0.704
3.172
1.576
-0.182
-0.073
0.095
-0.237
-0.117
-0.030
0.103
0.068
-0.385
-0.579
-0.827
0.855
0.864
0.898
0.953
0.008
0.173
-0.095
1.551
0.972
1.336
-0.545
0.021
0.582
0.095
1.100
0.931
1.144
1.907
-1.436
0.113
-0.463
0.095
0.627
-0.695
0.557
0.059
0.854
1.141
-0.591
-1.526
0.095
0.679
1.148
1.212
-0.461
0.559
-0.139
0.463
0.251
-0.652
0.928
-0.028
0.365
0.196
0.224
0.033
0.397
0.640
1.022
0.243
0.336
0.329
-0.122
-0.181
0.095
-0.025
0.161
3.290
0.199
-0.363
0.004
-0.374
0.455
0.202
-3.351
0.161
-1.298
0.014
0.083
0.000
0.618
0.052
-0.375
0.083
0.228
-0.081
0.258
-0.235
0.095
0.095
-4.142
-2.296
-3.230
-2.105
0.017
-0.233
0.181
-0.624
-0.706
-0.171
0.296
0.147
0.284
-0.122
0.802
0.333
-0.929
0.121
0.365
1.116
0.534
1.422
0.834
-0.137
-0.008
0.303
-0.573
-0.102
-0.107
0.001
2.085
3.719
4.293
1.184
3.056
