-0.917
-1.087
-0.058
-0.020
-0.595
-2.913
-0.188
-0.246
-2.054
-0.863
0.171
-2.890
-0.726
-0.673
-0.822
-2.291
-0.658
-0.219
-0.153
0.051
-0.557
-0.168
1.611
-0.961
0.370
-0.361
1.145
-0.445
-0.217
-0.293
-0.425
-0.843
0.567
-0.575
-0.034
-0.685
-1.065
-0.713
-0.503
-0.612
-0.600
-0.698
-0.780
-0.452
-0.214
-0.289
0.297
-0.243
-0.774
-0.495
-1.158
0.076
-1.347
-1.284
-0.396
-0.084
-2.451
0.953
-0.100
0.734
-2.830
-1.237
-1.683
-0.169
-0.060
-0.146
-0.265
-0.991
-0.310
0.987
0.672
0.468
-0.962
0.123
0.853
0.042
0.277
-0.128
0.215
-0.026
-2.548
-0.286
-0.024
-1.879
-0.362
-3.094
-2.068
-0.298
-0.372
0.331
-0.219
-0.324
0.491
-0.298
-3.337
0.198
-0.058
-0.400
-2.323
-1.008
-0.149
-0.020
-3.601
-0.391
-1.183
-0.578
0.024
-0.289
-3.190
0.076
-0.026
-0.107
-0.093
1.074
-0.309
-0.062
-2.921
0.189
-0.615
-0.825
-1.616
-3.103
-1.718
-0.640
-0.465
-1.355
-1.175
-0.129
-0.467
-0.893
0.043
-0.980
0.070
-1.337
-0.641
-0.225
-1.026
-0.586
-0.548
2.046
-2.271
-0.534
-0.250
-0.416
0.161
-0.317
2.527
1.280
0.027
-0.064
-0.748
0.113
0.249
-1.413
-0.990
-2.285
0.728
-0.470
-0.749
-1.281
-0.847
-0.671
2.116
-0.739
1.186
-2.763
-0.652
-0.954
-1.498
-0.934
-0.356
-0.201
-0.314
0.187
-0.341
-0.379
-0.091
-0.230
0.172
0.407
-0.155
-2.496
-1.017
-0.054
-0.241
0.572
-0.476
-2.703
-2.035
-0.943
-2.149
-2.483
-0.397
-0.572
-0.631
-0.598
-0.863
0.201
-0.225
-0.214
-0.130
-0.166
-0.376
-0.355
-0.475
-0.402
0.059
-1.991
-0.648
0.769
-0.919
-1.234
-0.862
-0.512
-3.120
-1.117
-0.632
-0.329
-0.243
-0.230
0.153
0.157
-0.259
-0.086
0.057
-0.190
-0.182
-0.739
-0.387
-1.007
-0.669
-0.427
-0.649
-0.120
-0.843
0.270
-0.770
0.602
-0.096
-0.423
-1.191
-1.629
-1.050
-0.551
-0.420
-0.199
-0.758
0.263
0.022
-0.554
0.800
-0.736
-0.161
-0.483
-0.559
-0.140
-0.117
-0.144
-0.238
-0.484
-0.441
-0.069
-0.511
0.039
-0.391
-0.040
-0.152
-0.447
0.023
-0.122
-0.326
-0.357
0.014
0.142
-0.269
-0.817
-0.349
-0.487
-0.403
0.010
-0.194
-0.330
-0.182
-0.245
-2.840
-0.154
-0.002
-0.214
-0.705
-0.839
0.356
0.930
-0.304
0.016
-0.038
0.071
-0.020
0.028
-0.279
0.478
0.140
-0.238
0.556
0.122
0.184
-0.172
0.010
3.476
2.605
2.677
1.738
0.343
0.780
0.001
0.333
0.380
-0.340
-0.414
-0.521
-0.225
0.016
-0.087
-0.068
1.292
0.129
-0.219
-0.266
-0.508
-1.649
-0.085
-0.593
-0.484
-0.313
0.638
-0.205
-0.091
-0.527
-1.461
-2.227
-3.065
-1.696
-1.897
