2.334
1.336
-0.106
-0.417
-0.649
-2.758
0.225
-0.890
-2.442
-0.841
0.175
-3.038
-0.671
0.116
-0.304
-2.217
-0.568
-0.062
0.268
-0.199
1.028
0.416
0.601
-0.518
-0.083
-0.085
0.077
-0.942
-0.049
0.190
0.231
-1.686
-0.025
0.012
0.996
0.180
-0.532
-0.459
-0.092
-0.331
-0.140
-0.392
-0.085
-0.203
-0.273
-0.511
1.195
0.094
-0.168
-0.370
-1.569
-0.085
-1.167
-1.161
-0.756
-0.478
-2.358
0.005
-0.558
0.842
-2.801
-0.900
-2.440
-0.132
-0.014
-0.055
0.081
-0.560
-0.013
0.777
0.783
0.539
0.614
-0.002
1.751
0.160
1.052
0.502
0.354
0.465
-2.594
-0.199
0.180
-2.434
-0.843
-3.302
-2.433
-0.094
-0.085
0.829
-0.091
-0.130
0.525
-0.500
-4.137
1.230
0.294
-0.305
-3.195
-1.304
-0.467
0.137
-3.795
0.118
-1.843
-0.272
0.286
-0.085
-3.609
0.405
-0.029
0.139
0.632
1.394
0.033
0.097
-3.008
0.290
-0.478
-0.969
-2.542
-3.099
-2.054
-0.358
0.759
-1.417
-1.637
-0.212
-0.374
-1.063
0.751
-0.055
0.095
-1.263
0.078
-0.181
-2.163
-0.282
-0.327
1.865
-2.926
-1.491
0.192
-0.154
0.856
-0.462
0.725
2.998
0.120
0.291
-0.844
0.225
0.484
-0.954
1.985
-2.492
0.998
-0.270
-0.030
-0.350
0.124
-0.085
1.563
-0.483
0.629
-3.325
0.061
-0.336
-1.396
-0.052
-0.308
-0.200
-0.307
0.435
-0.319
-0.123
0.157
-0.086
0.431
0.418
0.065
-1.883
-0.376
0.086
0.073
0.818
0.212
-3.623
-2.229
-0.992
-3.121
-3.142
-0.728
-0.486
-0.604
-1.050
-0.600
0.239
-0.085
-0.085
-0.085
-0.090
-0.505
-0.390
-0.141
-0.237
0.047
-2.821
-1.627
0.999
-0.517
-1.288
0.109
-0.085
-2.872
-0.795
-0.076
-0.187
-0.243
0.235
0.303
-0.090
-0.101
-0.085
0.311
0.547
-0.085
-0.127
0.037
-0.922
-0.945
0.075
-0.076
0.347
-0.604
-0.426
-0.646
0.566
0.002
-0.096
-0.030
-0.085
-0.447
-0.085
-0.191
-0.156
0.239
-0.421
-0.085
1.297
0.588
-0.860
-0.125
-0.117
-0.480
0.917
1.682
-0.378
-0.085
1.203
-0.034
0.537
-0.198
1.852
-0.103
2.094
0.159
-0.502
0.131
-1.266
0.043
-0.193
0.170
-0.109
-0.145
-0.396
-0.577
-0.524
-0.184
0.334
0.018
-0.202
-0.014
-0.172
-2.358
0.078
0.018
-0.066
1.126
-0.259
0.277
4.350
-0.092
2.831
0.058
-0.057
0.158
0.035
-0.028
0.151
-0.036
-0.437
0.152
-0.294
0.093
-0.092
-0.085
2.724
1.976
2.346
1.185
0.158
0.448
-0.173
0.277
1.172
-0.175
-0.210
-0.268
-0.203
0.129
-0.700
-0.085
1.426
0.112
0.058
0.580
-0.296
-1.318
0.184
0.703
-0.238
-0.098
0.328
0.479
0.129
-0.127
-1.319
-3.435
-2.099
-0.701
-1.470
