-0.464
-0.595
0.070
0.125
0.598
2.532
0.365
-0.453
0.997
0.152
0.068
2.296
0.509
0.058
0.275
1.833
0.669
0.912
0.277
0.287
-0.066
-0.383
-1.619
0.860
-0.384
-0.096
-0.800
0.138
-0.266
-0.165
0.241
1.221
-0.659
-0.191
-1.421
-1.164
0.188
0.343
0.272
0.402
0.185
0.511
0.716
0.439
0.278
0.327
-0.824
0.310
0.877
0.243
1.098
-0.644
2.137
2.101
0.542
0.180
2.017
-0.551
-0.075
-0.734
1.599
0.813
2.295
0.009
-0.026
-0.127
-0.268
0.540
0.174
-0.767
-0.740
-0.594
-0.399
0.169
-0.291
-0.171
-0.260
-0.582
-0.090
-0.328
2.146
0.207
-0.307
2.452
0.811
2.786
1.489
0.114
0.169
-0.906
0.126
0.131
-0.395
0.286
3.348
-0.711
-0.077
0.577
2.586
1.106
-0.073
-0.027
3.041
0.132
1.178
0.917
-0.097
0.311
2.953
0.146
0.102
-0.279
-0.500
-2.268
0.424
-0.002
4.007
-0.757
0.189
0.816
1.161
2.745
1.894
0.613
0.552
1.104
1.264
0.223
0.471
0.714
0.073
0.745
0.094
1.388
0.098
0.220
0.845
0.358
0.015
-1.853
2.310
0.844
-0.175
0.284
-0.401
0.327
-1.707
-1.028
-0.151
-1.130
-0.050
0.073
-0.310
0.748
-0.263
1.858
-0.597
0.426
0.325
0.787
0.654
0.012
-1.263
0.651
-0.762
3.541
0.208
0.655
1.455
0.319
0.372
-0.323
0.333
-0.368
0.220
0.317
-0.106
0.022
-0.172
-0.368
0.276
1.515
0.507
0.185
0.244
-0.546
0.457
3.152
2.347
0.735
2.451
3.955
0.267
0.978
0.481
0.472
0.497
-0.240
-0.210
0.223
-0.067
-0.186
0.412
0.414
0.133
0.461
0.183
1.672
0.681
-1.092
0.448
0.772
0.334
0.500
2.977
0.768
-0.245
0.215
-0.738
-0.553
-0.166
-0.338
-0.080
0.021
-0.162
-0.405
-0.353
0.646
0.354
0.751
0.483
0.291
0.430
-0.204
0.555
-0.458
0.782
-0.466
0.111
0.453
0.270
1.178
0.839
0.229
0.999
-0.711
-0.045
-0.899
-0.363
-0.552
-0.373
1.046
0.820
-0.020
0.380
-0.941
-0.480
-1.495
0.034
0.368
0.208
-0.338
0.060
-0.258
-0.342
-0.687
-0.407
0.500
-0.021
0.376
0.168
0.256
0.060
-0.210
-0.217
0.282
0.338
0.118
0.207
-0.181
-0.094
0.263
0.129
0.073
2.817
0.097
0.064
-0.369
-0.050
0.563
-0.297
-1.637
0.292
0.178
0.043
0.135
0.144
-0.380
0.188
-0.299
0.069
0.039
-0.087
-0.001
-0.112
-0.073
0.133
-2.632
-1.759
-2.090
-1.450
-1.189
-1.488
0.040
-0.689
-0.379
-0.362
0.184
0.238
0.104
0.109
0.078
-0.100
-1.481
-0.499
0.283
0.239
0.106
1.453
0.411
0.020
0.143
0.374
-0.646
-0.341
0.176
-0.047
2.139
2.533
3.560
0.969
1.841
