-0.800
-1.085
0.448
0.270
-0.032
-2.788
0.008
-0.485
-1.091
-0.075
0.207
-2.714
-0.293
0.490
-0.525
-1.708
0.086
-0.304
-0.226
-0.007
0.254
0.498
1.694
-0.105
0.420
0.044
0.834
-1.297
0.413
0.417
0.083
-1.057
0.507
0.452
1.123
0.437
-0.200
-0.236
-0.161
-0.015
-0.112
-0.696
-0.441
-0.495
-0.023
-0.157
0.045
0.346
-0.639
-0.228
-1.765
0.061
-1.680
-1.476
-0.782
-0.256
-2.036
0.003
-0.095
-0.100
-2.846
-0.352
-1.935
0.098
0.150
0.288
-0.201
-0.813
0.197
0.592
0.555
0.361
0.401
0.433
0.288
0.205
0.938
0.323
0.347
0.400
-2.364
0.125
0.138
-1.905
-0.596
-2.257
-1.586
-0.126
0.023
0.159
-0.136
-0.128
0.218
0.204
-2.865
0.706
0.232
-0.161
-2.558
-0.925
0.502
0.148
-3.260
0.183
-1.490
0.072
0.407
0.165
-2.237
-0.110
0.083
0.184
0.598
1.610
0.262
0.281
-2.538
0.357
0.396
-0.395
-1.450
-2.108
-1.236
-0.097
0.318
-0.692
-1.363
0.181
-0.069
-1.201
1.180
-0.643
0.207
-1.371
0.121
0.079
-1.202
0.048
0.302
2.371
-2.161
-0.771
0.179
-0.006
0.328
0.120
1.572
1.047
0.362
0.183
0.050
0.431
0.127
-1.049
0.206
-1.962
0.555
-0.390
0.076
-1.067
-0.225
0.079
1.844
-0.191
0.995
-2.506
-0.104
-0.408
-0.917
-0.625
-0.172
0.002
0.040
0.375
-0.209
-0.214
-0.088
0.164
0.376
0.584
0.114
-1.511
-0.279
0.209
-0.197
0.818
-0.087
-2.740
-1.170
-0.694
-2.764
-3.519
-0.400
-0.829
-0.476
-0.533
-0.475
0.383
0.016
0.027
0.026
-0.030
-0.596
-0.414
-0.097
-0.386
0.304
-2.043
-0.337
0.637
-0.503
-1.441
-0.250
-0.679
-1.893
-0.578
-0.138
-0.195
-0.040
0.416
0.408
0.471
0.025
-0.110
0.181
0.359
0.329
-0.461
0.034
-1.146
-0.548
0.129
0.231
0.165
-0.171
0.085
-0.534
0.635
-0.029
-0.059
-0.093
-0.461
-0.130
-0.050
-0.401
-0.060
0.240
0.391
0.623
0.124
0.563
-0.960
-0.259
-0.234
-0.524
0.584
0.812
-0.141
0.018
-0.198
-0.150
0.116
-0.187
0.101
0.289
0.835
0.398
-0.431
0.142
-0.045
0.291
0.285
0.186
0.160
0.211
-0.247
-0.173
-0.238
-0.127
0.213
0.153
0.070
0.137
-0.048
-2.060
-0.073
0.118
-0.079
0.233
-0.027
0.681
1.714
0.065
0.220
0.232
0.348
0.382
0.254
0.189
0.475
0.405
0.167
0.242
-0.008
0.278
0.034
0.093
2.958
2.325
2.598
1.486
-0.067
0.193
0.004
0.942
0.572
-0.442
-0.230
-0.054
-0.180
-0.161
-0.743
-0.097
1.312
0.707
-0.079
0.143
0.015
-1.370
0.005
0.138
-0.046
0.315
0.793
0.541
-0.311
-0.121
-1.937
-2.376
-3.152
-1.340
-1.641
