-1.606
-2.565
0.167
0.498
0.498
3.062
0.114
0.627
2.361
1.020
-0.054
3.889
0.891
0.308
-0.248
2.850
0.863
0.286
0.501
0.154
-0.163
-0.666
-0.534
0.335
-0.046
0.123
-1.206
1.031
-0.450
-0.060
0.527
0.786
-0.671
0.018
-0.147
0.374
0.893
0.784
0.354
0.501
0.049
0.776
0.744
0.676
-0.041
0.600
-0.766
-0.010
0.810
0.451
2.171
0.825
1.119
0.427
0.374
0.424
2.153
-1.788
0.079
-1.160
3.263
1.224
2.040
0.034
-0.072
-0.452
0.006
0.696
0.121
-0.635
-0.978
-0.505
0.122
0.121
-1.004
0.021
-0.008
-0.495
0.022
-0.220
3.051
0.071
-0.097
1.938
0.456
2.569
3.092
0.748
0.569
0.348
0.309
0.563
0.169
0.260
3.406
-0.779
0.055
0.573
2.969
1.211
-0.037
-0.569
3.213
-0.169
1.276
0.121
0.114
0.298
3.005
-0.465
-0.027
-0.150
-1.235
-2.631
0.121
-0.415
3.064
-0.073
0.575
0.850
1.751
2.674
1.675
0.426
-0.068
1.646
2.052
0.036
0.621
0.766
-0.700
0.289
-0.117
0.585
0.130
0.178
1.296
0.013
0.483
0.098
3.047
1.195
-0.134
0.199
-0.660
0.121
-2.766
-1.664
-0.040
-0.158
0.583
-0.087
-0.142
1.370
-1.790
3.440
-0.565
0.348
0.468
1.577
0.887
0.286
-2.066
1.131
-0.998
3.338
0.323
0.218
0.864
0.752
0.419
0.192
0.587
-0.256
0.586
0.697
0.144
0.264
0.101
-0.547
-0.479
2.354
0.479
-0.069
0.056
-0.815
-0.434
3.193
3.123
1.231
3.125
4.440
0.800
0.634
0.657
0.720
0.452
-0.207
0.092
0.217
-0.014
0.073
0.284
0.392
0.296
0.335
-0.172
2.925
0.518
-0.870
0.930
1.558
0.773
0.837
3.112
1.177
0.297
0.214
0.069
-0.280
-0.008
-0.058
0.271
0.253
-0.046
-0.567
-0.584
1.277
-0.058
1.437
0.582
0.245
0.074
0.203
0.280
0.274
0.356
-0.862
0.086
0.180
0.121
0.660
0.592
0.446
0.347
0.105
0.157
-0.557
-0.339
-0.371
-0.634
1.588
0.058
0.121
0.387
-0.194
-0.027
-0.166
0.007
0.236
0.155
-0.009
0.217
-0.644
0.113
-0.603
-0.649
0.551
0.116
-0.219
0.099
0.227
0.245
-0.323
-0.046
0.465
0.667
0.498
0.367
-0.085
0.121
0.121
0.121
0.126
3.871
0.194
-0.209
0.044
-1.382
1.021
0.184
-0.688
0.243
-0.063
0.384
0.503
0.121
0.300
0.121
-0.397
0.121
0.208
0.137
0.107
0.053
0.085
-0.128
-3.353
-1.541
-1.894
-1.003
-0.170
-0.518
-0.132
-0.553
-0.987
-1.148
0.342
0.453
0.192
0.051
0.246
0.046
-1.697
-0.764
0.151
0.121
0.351
1.434
-0.186
-0.496
0.454
0.120
-0.935
0.238
0.057
0.134
2.068
3.951
2.457
0.265
2.482
