0.094
0.421
0.282
1.223
0.239
-2.525
0.037
0.422
-1.635
-0.156
0.176
-1.907
-0.411
0.628
1.641
-2.374
-0.531
0.191
-0.091
0.097
0.370
0.509
-1.325
0.538
0.388
1.349
1.436
1.215
1.421
0.622
-0.022
-1.267
1.130
-0.581
-0.285
-0.474
-0.445
0.227
-0.072
0.195
-0.248
-0.298
-0.117
-0.148
0.120
0.082
0.315
-0.402
-2.489
-0.188
-1.661
-0.432
-2.007
-1.897
-0.196
-0.820
-1.912
0.774
0.021
0.363
-1.734
-0.867
-1.311
0.148
0.142
1.443
0.904
-1.538
0.056
0.094
0.091
0.107
0.027
0.045
0.102
0.073
0.225
0.039
0.072
0.081
-1.763
0.089
0.382
-1.969
0.085
-1.797
-1.493
0.064
0.051
0.194
0.052
0.067
0.054
0.074
-3.393
0.023
0.064
0.142
-2.287
0.481
0.561
0.009
-3.793
1.351
-0.839
-0.869
1.191
0.756
-2.075
0.965
0.063
0.057
1.387
1.380
1.361
1.454
-3.015
1.352
-1.330
-0.010
-1.540
-2.388
-0.926
-0.130
0.459
0.268
-0.773
1.333
0.635
-1.514
-0.208
-0.394
0.670
-1.463
0.002
0.015
-0.701
0.775
0.047
1.144
-1.492
0.697
0.192
0.430
1.285
-0.286
1.499
1.252
0.808
1.250
-0.052
0.292
0.037
-1.329
-1.389
-1.223
1.597
-0.913
0.499
-1.316
-0.526
-0.784
1.436
-0.715
1.239
-1.763
-0.684
0.176
-0.470
-0.826
-0.293
-0.276
-0.240
-0.014
-0.150
-0.215
-0.176
-0.050
-0.004
-0.009
0.767
-1.867
-0.441
1.291
0.086
0.066
1.211
-2.964
-1.687
-0.950
-3.395
-3.292
-0.845
0.065
-0.282
0.014
0.051
0.062
0.032
-0.005
-0.075
-0.067
0.045
-0.010
0.043
-0.009
1.112
-2.985
-0.765
0.074
-0.602
-1.693
-0.404
0.037
-1.849
-0.312
-0.219
-0.289
0.037
0.063
-0.235
-0.207
-0.201
-0.195
-0.212
-0.134
0.014
-0.362
-0.113
-0.883
-1.207
1.133
0.902
0.054
0.035
-0.649
-0.610
1.493
0.019
-0.094
-0.778
-0.914
-0.192
-0.187
-1.402
0.149
0.021
0.040
-0.405
0.057
0.014
-0.145
0.073
-0.061
-0.181
0.433
0.189
-0.643
0.390
-0.000
0.246
0.401
-0.159
0.078
0.296
0.196
1.427
-0.611
0.655
0.453
0.041
0.028
0.152
-0.114
0.391
-0.081
-0.247
0.010
-0.491
0.291
0.067
-0.145
0.041
-0.029
-2.479
0.161
0.066
0.101
-1.366
-0.514
0.413
0.068
0.048
0.056
-0.011
0.042
0.081
0.078
0.000
0.206
0.411
0.028
0.263
0.043
0.154
0.182
0.292
1.438
1.131
1.153
1.177
-0.030
-0.031
-0.242
-0.067
0.928
1.926
-0.020
-0.089
0.008
0.081
0.149
0.408
0.165
0.523
0.647
0.274
-0.316
-1.209
0.042
-0.037
0.009
-0.583
1.225
-0.568
-0.007
-0.139
-3.573
-1.627
-1.796
-0.098
-2.571
