0.820
0.175
0.076
0.452
0.382
2.659
0.027
0.434
2.762
1.555
-0.139
3.896
1.189
0.120
-0.550
2.421
0.753
0.194
0.326
-0.661
-0.698
-0.717
1.242
0.367
-0.912
-0.277
-0.760
-0.519
-0.764
-0.320
-0.148
0.933
-0.888
1.190
1.041
1.157
-0.412
0.846
0.493
-0.123
0.729
1.000
0.824
0.652
0.051
0.122
-0.388
-0.220
0.709
1.573
0.831
0.847
1.294
1.206
0.051
0.005
3.571
-0.623
-0.023
-0.425
3.056
1.133
2.577
-0.098
-0.372
-1.034
-1.082
1.288
-0.030
-0.406
-1.042
-0.165
0.106
0.057
-0.061
-0.470
-0.955
-0.061
-0.020
-0.196
2.432
0.261
-0.741
1.720
0.412
2.327
0.787
0.168
-0.001
-0.089
0.102
0.058
-0.056
0.508
2.001
0.335
-0.013
-0.067
2.064
-1.233
0.447
-0.383
2.547
0.390
1.902
1.856
-0.868
-0.551
2.353
-0.615
-0.557
-0.021
-1.053
-1.443
-0.767
-1.128
2.569
-1.195
1.076
1.048
1.482
2.328
1.363
0.938
0.317
1.268
1.976
-1.064
1.342
0.915
0.127
0.161
-0.196
0.235
0.034
0.227
1.621
-0.789
0.269
-1.673
3.225
0.893
-0.229
-0.670
-1.268
0.910
-1.538
-1.387
-0.217
-0.114
-0.195
-0.178
0.065
1.834
1.434
2.732
-0.958
0.816
-0.459
1.708
1.440
1.650
-1.481
1.584
-1.049
4.358
2.589
-0.014
2.275
2.876
1.066
0.830
1.109
0.335
0.467
0.323
0.669
0.458
0.544
0.405
-0.012
2.132
0.877
-1.009
-0.159
-0.651
-1.159
2.372
1.603
0.970
2.001
0.978
0.236
0.443
0.440
0.222
0.089
0.083
0.063
0.143
-0.212
-0.180
-0.150
0.078
0.095
0.071
-0.178
1.833
0.567
0.331
0.423
1.833
0.551
-0.014
2.060
1.059
0.353
0.072
0.484
0.036
0.092
0.336
0.336
0.054
-1.216
0.459
-0.835
1.289
-1.076
1.888
1.160
-1.130
-0.124
0.198
0.815
0.954
0.164
-0.919
-0.058
1.011
1.773
2.509
1.248
1.326
1.265
-0.105
-0.024
0.071
1.099
0.336
-0.463
0.460
0.661
0.678
1.266
0.186
0.155
0.543
0.341
0.934
0.569
0.546
0.732
0.644
0.710
0.756
-1.199
0.134
-0.235
-0.025
0.155
0.005
-0.122
-0.063
-0.140
0.794
1.139
0.868
0.807
-0.338
0.225
0.979
0.303
0.536
3.686
0.084
-0.032
-0.301
1.353
1.333
-0.722
0.245
-0.268
-0.616
-0.276
-0.569
-1.315
0.324
-0.447
-0.941
-1.074
-0.208
-0.386
-0.293
-0.440
0.058
-0.477
-1.865
-1.291
-1.182
-1.062
0.044
-0.057
-0.042
0.165
-0.359
-1.623
0.377
0.803
0.109
0.074
0.031
-0.094
-1.180
-0.612
0.256
-0.302
0.327
1.063
0.323
0.129
-0.425
-0.519
-1.185
-0.643
0.152
0.072
4.819
3.183
1.607
-0.610
2.387
