0.956
1.968
0.972
-0.677
-0.542
-2.740
0.038
-0.748
-1.827
-0.688
-0.193
-3.567
-1.261
-0.474
-0.026
-2.939
-0.765
-0.544
-0.148
0.150
0.208
0.255
0.864
-0.665
0.334
-0.026
0.398
-0.979
0.070
-0.000
-0.054
-0.574
0.488
0.024
0.289
0.249
-0.687
-0.642
-0.408
-0.352
-0.039
-0.277
-0.334
-0.263
-0.549
-0.701
0.014
0.375
-0.369
-0.461
-0.619
0.159
-2.276
-1.808
-0.556
-0.648
-2.857
0.256
-0.321
0.088
-3.021
-0.623
-1.831
-0.137
0.241
-0.257
-0.119
-1.126
-0.172
0.239
0.158
0.066
0.076
0.288
-0.024
-0.204
0.693
0.076
0.017
0.101
-3.324
-0.172
0.617
-2.347
-0.485
-2.592
-1.607
-0.383
-0.284
0.109
-0.401
-0.317
-0.206
0.179
-2.920
0.549
-0.069
-0.189
-3.392
-1.704
0.254
0.280
-3.694
-0.170
-1.701
-1.245
-0.175
-0.426
-2.614
0.165
-0.117
0.146
0.365
1.148
-0.269
0.530
-4.073
0.553
-0.813
-0.690
-2.388
-2.929
-1.701
-0.205
-0.053
-1.360
-2.053
0.046
-0.856
-0.295
0.533
-1.185
-0.260
-1.556
-0.049
-0.065
-1.896
-0.366
-0.459
2.966
-2.240
-0.884
-0.103
-0.282
0.278
-0.282
2.157
1.199
0.224
0.444
-0.297
0.260
0.277
-1.092
-0.019
-2.726
0.686
-0.198
-0.199
-1.235
-0.654
-0.798
0.716
-0.708
0.139
-2.970
-0.634
-0.196
-1.103
-0.869
-0.304
-0.073
-0.232
0.307
-0.266
-0.264
-0.159
-0.067
0.102
0.330
-0.038
-2.538
-0.927
-0.188
-0.069
0.419
-0.282
-3.107
-2.457
-1.444
-2.865
-3.240
-0.768
-0.617
-0.448
-0.474
-0.688
-0.143
-0.154
-0.239
0.020
-0.022
-0.374
-0.490
0.003
-0.356
0.210
-1.974
-0.779
0.916
-0.942
-1.414
-0.839
-0.059
-3.265
-1.075
-0.342
-0.286
-0.013
-0.031
-0.257
-0.201
-0.254
-0.311
0.041
0.183
0.258
-0.867
0.039
-1.176
-1.036
-0.088
-0.302
-0.077
-1.076
-0.287
-1.048
0.779
0.015
-0.335
-1.130
-1.151
-1.023
-0.468
-0.988
0.158
-0.043
-0.035
0.043
-0.098
0.664
-0.623
-0.082
-0.433
-1.127
0.222
-0.015
0.200
-0.123
-0.627
-0.450
0.170
-0.350
0.053
0.127
0.084
0.715
-0.340
0.004
0.622
-0.358
0.072
-0.143
0.232
-0.012
-1.031
-0.207
-0.204
-0.326
0.130
0.099
-0.149
0.102
-0.169
-1.951
-0.194
-0.016
0.019
0.018
-0.583
-0.803
1.483
-0.138
-0.038
-0.322
-0.097
0.056
-0.142
-0.198
-0.084
0.052
-0.286
0.100
-0.189
-0.102
-0.123
-0.011
3.369
2.031
2.955
1.366
0.261
0.622
-0.386
0.147
0.387
-0.441
-0.268
-0.472
-0.042
-0.119
-0.199
-0.123
1.431
0.424
-0.154
0.196
-0.772
-1.732
-0.224
-0.041
-0.158
0.009
0.706
-0.084
-0.140
-0.157
-2.093
-2.250
-2.802
-1.137
-2.720
