-1.575
-1.928
0.257
-0.347
-0.272
-3.358
-0.032
-0.817
-3.068
-0.646
0.043
-2.937
-1.319
-0.606
-0.451
-3.466
-1.254
-0.576
0.013
-0.084
0.059
0.112
0.916
-0.501
0.156
0.101
0.177
0.112
0.356
0.200
-0.323
-0.854
0.298
-0.304
0.177
-0.016
-0.431
-0.630
0.034
-0.451
-0.146
-0.379
-0.780
-0.188
-0.254
-0.264
0.472
0.380
-0.936
-0.583
-1.342
-0.581
-2.162
-1.307
-1.134
-1.089
-2.627
0.519
-0.119
0.261
-3.083
-1.655
-1.965
0.359
0.044
1.416
1.006
-0.435
-0.312
0.041
0.015
-0.042
-0.136
0.027
-0.073
-0.151
0.220
0.027
-0.000
0.047
-3.118
-0.239
0.426
-3.393
-1.263
-3.096
-2.282
0.063
-0.160
0.710
-0.032
-0.169
0.342
-0.114
-3.613
0.667
-0.016
-0.881
-2.763
-1.275
-0.052
0.142
-4.011
-0.003
-1.598
-0.079
0.142
-0.587
-2.407
0.173
-0.002
-0.053
0.201
2.431
0.038
0.278
-4.490
1.127
-0.502
-0.831
-1.764
-2.485
-2.015
-0.746
0.152
-0.807
-1.410
0.286
-0.215
-0.347
0.850
-0.802
0.114
-1.482
-0.242
-0.181
-2.261
-0.782
-0.035
1.455
-2.584
-0.691
0.131
-0.333
0.180
-0.611
2.260
0.922
0.077
0.914
0.045
0.134
-0.256
-1.010
-0.505
-3.617
0.727
-0.099
0.018
-1.137
-0.799
-0.853
0.871
-0.901
0.489
-3.773
-1.951
-0.969
-2.348
-2.565
-0.281
0.021
-0.210
0.161
-0.244
-0.314
-0.026
-0.050
0.191
0.270
0.062
-1.837
-0.855
0.019
-0.051
0.505
-0.008
-3.322
-2.708
-1.198
-2.589
-2.981
-0.802
-0.507
-1.043
-0.564
-0.524
0.271
0.002
-0.026
0.414
0.234
-0.340
-0.245
-0.307
-0.310
-0.043
-2.633
-0.965
0.398
-0.568
-1.549
-0.782
-0.379
-3.261
-0.911
-0.273
-0.292
-0.060
0.439
0.433
0.463
-0.216
-0.109
0.391
0.175
0.576
-0.352
-0.428
-1.194
-0.943
0.109
-0.158
0.014
-0.504
0.111
-0.169
0.482
0.037
-0.074
-0.228
-0.888
-0.738
-0.450
-2.371
0.110
0.152
0.126
0.489
0.028
0.414
-0.349
0.126
-0.066
-0.764
0.236
0.195
0.026
-0.083
-0.200
-0.199
0.234
-0.060
0.613
-0.016
0.317
0.415
-0.115
0.057
-0.076
-0.230
-0.473
-0.014
0.343
0.189
-0.517
-0.352
-0.241
-0.416
0.280
-0.063
-0.362
0.006
-0.241
-2.656
-0.078
0.203
-0.382
-0.273
-0.766
-0.139
-0.613
-0.491
-0.450
-0.255
-0.231
0.172
-0.265
-0.433
0.362
-0.047
-0.240
-0.313
-0.352
0.025
-0.018
-0.035
2.679
1.738
2.038
1.430
-0.160
0.034
-0.065
0.550
1.053
-1.315
-0.099
0.186
0.019
-0.016
-0.117
-0.140
1.932
0.705
-0.665
-0.173
-0.755
-0.681
-0.120
0.399
-0.393
-0.286
0.775
0.439
-0.144
0.132
-2.844
-1.709
-4.235
-1.846
-1.331
