-0.626
-1.899
-2.727
-0.086
0.282
2.695
0.003
-0.166
1.477
0.271
0.053
2.634
0.691
-0.208
0.375
1.211
0.508
-0.089
-0.039
-0.084
-0.876
-0.500
-0.966
0.247
-0.227
-0.287
-0.883
0.345
-0.436
-0.070
-0.029
1.209
-0.519
-0.152
-1.310
0.026
0.550
0.467
0.113
0.057
0.082
0.241
0.066
0.025
0.060
0.202
-0.449
-1.024
0.303
0.225
0.848
0.524
1.029
0.988
0.103
0.048
1.856
-1.170
-0.013
-2.769
2.752
1.111
1.012
-0.030
-0.268
-0.115
-0.500
0.655
-0.150
-1.447
-1.069
-0.695
-0.381
-0.064
-1.026
-0.144
-1.451
-0.267
-0.495
-0.837
3.190
0.277
-0.102
2.730
0.681
2.822
1.681
0.060
-0.028
0.533
0.017
0.205
0.193
0.164
3.655
-0.468
-0.586
-0.021
2.343
0.772
-0.209
-0.341
3.004
0.026
1.080
0.016
-0.301
-0.021
1.479
0.193
-0.070
-0.513
-0.533
-2.249
0.014
-0.420
4.533
-0.971
-0.165
0.090
0.857
1.936
0.947
0.142
0.008
0.934
1.674
-0.053
1.078
0.013
-1.383
0.115
-0.319
0.309
0.017
0.060
1.084
0.260
0.232
-2.203
2.379
-0.056
-0.165
0.018
-0.075
0.489
-2.927
-1.271
0.105
0.324
-0.048
-0.508
-0.170
0.986
-1.098
2.449
-0.469
0.057
0.093
0.866
0.036
-0.029
-0.818
0.173
-0.269
1.983
0.549
0.205
0.407
0.443
0.187
0.237
0.243
0.017
0.242
0.116
-0.104
0.089
-0.185
-0.025
-0.042
1.018
0.117
-0.195
-0.018
-0.337
-0.036
2.652
1.179
0.506
2.674
3.209
0.360
0.366
1.124
0.844
0.557
-0.203
0.190
0.513
-0.234
0.051
0.480
0.582
-0.253
0.739
-0.438
1.231
0.262
-1.508
1.056
0.618
-0.178
0.174
2.141
0.597
-0.036
-0.039
0.280
-0.443
-0.060
0.081
0.083
-0.042
-0.034
-0.210
-0.432
0.290
-0.149
0.799
0.608
-0.261
-0.356
0.144
0.108
-0.087
0.163
-1.033
-0.056
-0.029
-0.060
0.047
-0.015
-0.022
0.404
0.107
-0.088
0.009
-0.333
-0.333
-0.722
0.474
0.547
0.073
0.163
-0.069
-0.174
-0.741
0.101
-0.040
0.100
-0.008
0.050
-0.078
0.000
-0.259
-0.279
-0.019
-0.029
0.331
-0.019
-0.035
-0.071
-0.343
-0.112
0.951
0.156
0.067
0.232
-0.070
-0.029
0.068
-0.028
0.165
1.616
-0.180
-0.193
-0.007
-1.254
0.152
-0.847
-0.420
0.044
-0.309
0.151
0.016
-0.122
0.004
0.090
-0.516
-0.179
0.116
-0.387
0.017
-0.300
-0.122
-0.180
-3.493
-1.551
-2.830
-0.881
-0.009
-0.131
-0.014
-0.211
-0.615
-0.554
0.239
-0.029
0.120
-0.029
-0.029
-0.029
-0.414
0.065
-0.115
-0.043
0.162
1.075
-0.021
-0.080
0.021
-0.014
-0.576
-0.345
0.200
-0.160
2.052
3.313
2.723
1.562
1.503
