-0.190
-0.288
-0.034
0.003
-0.173
2.804
-0.094
0.734
2.366
1.032
-0.038
3.481
1.106
0.907
-1.459
3.583
1.026
-0.180
0.334
-0.188
0.034
-0.428
0.064
0.209
-0.013
0.212
-0.469
0.327
0.017
-0.467
0.290
0.855
-0.172
0.122
0.015
0.712
0.402
0.655
0.012
1.260
0.045
0.952
0.648
0.354
0.216
0.640
-0.765
0.036
1.047
-0.233
1.152
0.343
2.459
1.304
0.684
0.363
3.069
-0.661
-0.031
-0.853
2.650
1.365
1.422
-0.099
-0.571
0.095
-0.011
1.369
0.124
-0.367
-0.429
-0.075
-0.106
0.017
-0.144
-0.015
-0.208
-0.031
-0.127
-0.163
2.829
-0.165
-1.061
0.465
0.239
3.030
1.679
0.346
0.015
0.044
0.015
0.037
-0.051
0.097
2.423
-0.056
-0.061
0.027
3.007
2.182
0.703
-0.500
3.252
0.794
1.187
0.319
-0.120
0.024
3.602
0.146
0.156
-0.483
-0.207
-1.713
-0.529
-0.309
3.824
-0.365
1.309
0.705
2.034
2.593
0.672
0.168
0.239
0.889
1.327
-0.226
0.268
0.030
-0.571
1.179
-0.055
0.654
0.015
0.015
1.121
0.306
0.297
-1.314
1.538
0.109
0.042
0.160
0.244
1.089
-3.010
-2.210
-0.395
-0.577
0.334
-0.798
0.015
1.762
1.298
2.292
-0.923
0.749
0.745
1.641
0.501
0.333
-1.398
0.510
-0.780
3.564
1.209
0.883
1.380
1.683
0.758
0.163
0.427
0.076
0.593
0.569
0.194
0.140
0.051
0.015
0.486
2.428
1.085
0.020
-0.137
-0.589
-0.727
2.805
1.688
0.948
2.585
3.117
0.914
-0.007
-0.060
0.015
0.136
0.015
0.015
0.015
0.015
-0.034
0.135
0.016
0.015
0.015
0.139
2.316
0.897
-0.104
0.806
1.405
1.367
0.186
3.719
0.999
0.029
0.033
-0.079
0.003
-0.114
0.034
0.005
-0.319
-0.140
-0.096
0.306
1.080
-0.305
1.561
1.309
-0.128
0.384
0.015
0.613
0.127
0.888
-0.560
-0.145
-0.001
1.128
0.233
0.941
0.220
0.880
0.006
0.020
-0.022
-0.522
0.388
-0.670
0.722
0.060
0.372
0.333
-0.282
-0.121
-0.010
0.129
0.218
0.102
-0.108
0.277
-0.604
0.009
-0.602
-0.962
0.015
-0.043
-0.308
0.362
0.015
0.015
-0.020
-0.081
0.466
0.452
0.106
0.015
-0.147
0.015
0.213
0.015
0.209
2.852
0.064
0.061
-0.350
1.076
0.529
-0.163
0.529
-0.014
-0.211
-0.310
-0.274
-0.370
-0.342
-0.460
-0.370
-0.179
-0.108
-0.600
-0.200
-0.275
0.055
-0.699
-2.866
-0.156
-0.470
-0.005
0.018
-0.099
0.068
-0.483
-0.307
-0.044
0.018
-0.120
0.015
-0.138
-0.113
-0.252
-1.275
0.442
0.180
0.136
0.971
1.754
0.058
0.366
0.359
0.083
-0.894
0.479
0.003
0.215
2.203
2.806
3.384
0.105
2.734
