-1.907
-1.817
-0.773
0.244
0.311
2.009
0.167
0.292
0.987
-0.174
-0.082
3.429
1.552
0.002
-0.410
1.690
0.615
0.292
-0.077
-0.084
0.401
-1.666
-1.088
-0.345
0.087
-0.439
0.003
-0.330
0.452
0.233
-0.084
0.706
-0.964
-0.047
-0.216
-0.004
0.349
0.518
1.105
0.328
-0.084
0.625
-0.229
-0.084
-0.015
-0.084
-0.324
-0.084
0.844
0.894
1.233
0.498
1.055
1.781
-0.084
0.173
2.356
-0.220
0.029
-0.084
1.383
0.686
2.269
-0.210
0.197
0.164
0.530
0.604
0.079
-0.412
-0.295
0.388
0.296
0.378
0.397
0.226
-1.258
0.075
-0.151
-0.157
2.557
-0.065
0.723
2.651
1.396
2.366
1.502
-0.007
-0.116
-0.259
0.001
-0.055
-0.099
-0.717
1.157
-0.846
-0.430
0.123
1.960
0.115
0.616
-0.051
2.390
0.226
1.703
1.836
1.004
0.271
1.250
0.048
-0.096
-0.115
0.020
-1.238
0.167
-0.988
3.313
-0.453
-0.088
1.121
1.090
1.047
1.774
0.794
0.636
1.618
1.382
-0.609
1.107
1.357
-0.464
0.144
0.248
0.442
-0.084
-0.098
1.638
0.464
0.399
-2.586
3.027
0.480
0.384
-0.111
-0.220
1.040
-3.965
-2.400
0.048
-0.141
-0.042
-0.323
-0.278
1.537
1.100
0.916
0.054
1.195
0.399
1.135
0.280
0.120
-1.464
0.190
-0.965
2.797
1.140
0.464
1.539
1.337
0.935
0.469
0.735
-0.084
0.429
0.562
-0.090
-0.066
0.251
-0.116
-0.390
1.633
0.347
-0.234
-0.165
-0.922
0.058
2.964
1.022
0.518
2.288
1.990
0.334
-0.505
-0.069
0.328
0.122
-0.069
-0.146
0.079
0.270
-0.013
-0.084
-0.084
-0.084
-0.017
-0.197
1.919
0.631
-1.144
-0.032
1.705
0.666
0.453
2.364
0.479
0.102
-0.084
-0.513
-0.896
0.074
0.306
-0.022
0.039
-0.286
-0.724
-1.806
1.156
-0.048
1.180
1.199
0.663
-0.184
-0.029
0.855
1.082
0.005
-0.804
-0.102
0.496
1.452
-0.084
0.684
0.518
0.271
-0.917
0.014
0.055
0.730
-0.680
-0.236
1.072
-0.030
0.177
0.487
-0.118
-0.399
0.305
-0.120
-0.565
-0.009
-0.613
0.058
-0.385
0.188
-1.488
-0.844
0.196
-0.048
-0.107
0.404
-0.165
-0.229
0.283
-0.082
0.934
0.697
-0.038
0.318
-0.398
-0.197
0.381
0.387
0.241
1.911
-0.115
-0.119
-0.082
0.990
0.120
0.290
0.489
0.253
-0.103
-0.084
-0.113
-0.307
0.041
-0.122
-0.964
-0.209
0.045
-0.084
0.296
-0.086
-0.354
-0.306
-3.254
-1.245
-1.706
-0.435
0.195
-0.600
0.055
0.195
-0.571
-0.985
0.927
0.585
-0.317
-0.078
-0.084
-0.089
-1.226
-0.149
0.432
-0.368
0.422
1.399
-0.068
-0.033
0.088
0.403
-0.001
-0.168
-0.053
0.471
2.474
2.543
1.059
0.055
2.048
