-0.723
-1.038
-0.571
0.100
0.027
2.580
0.431
0.796
2.134
0.880
0.022
2.935
1.107
0.800
-0.816
2.844
0.971
-0.417
0.089
-0.166
-0.435
-0.338
-0.988
0.482
-0.341
0.107
-1.034
0.504
-0.356
-0.251
0.219
1.170
-0.008
0.612
0.330
1.189
0.779
0.716
0.396
0.682
0.298
0.581
0.156
0.163
0.524
0.502
-0.438
0.100
0.728
0.813
1.030
0.591
2.134
1.467
0.510
0.059
2.713
-0.758
-0.063
-1.035
2.510
1.052
2.331
0.039
0.037
0.072
0.220
1.560
0.072
-1.007
-0.921
-0.551
-0.252
0.103
-0.239
0.090
-0.989
-0.019
-0.243
-0.369
2.949
0.013
-0.114
2.023
0.610
2.500
1.191
0.356
0.275
-0.074
0.223
0.372
-0.083
0.482
3.016
-0.210
0.075
0.550
3.018
1.115
0.496
0.125
3.676
0.507
1.679
0.861
0.066
0.336
2.436
-0.092
-0.052
-0.238
0.066
-2.439
0.313
-0.250
3.319
-0.486
0.696
0.836
1.526
2.194
1.419
0.456
0.092
0.467
1.440
-0.073
0.728
1.703
-0.578
1.320
0.390
1.839
0.142
0.144
1.653
0.322
0.737
-1.736
3.009
1.025
0.014
0.285
-0.195
0.951
-2.136
-1.377
-0.068
-0.507
0.606
0.135
0.111
1.489
0.998
2.432
-0.895
0.642
0.779
1.300
1.009
0.873
-1.410
1.137
-0.690
2.547
0.567
0.546
1.356
0.772
0.395
-0.700
0.416
-0.261
0.524
0.455
0.154
0.018
0.059
-0.048
-0.132
2.248
1.008
-0.038
-0.038
-0.486
-0.051
2.905
1.444
1.023
3.015
3.352
0.767
0.078
0.442
0.677
0.872
-0.189
0.108
0.294
-0.042
0.181
0.629
0.586
0.515
0.530
0.007
2.687
1.112
-0.575
0.999
1.347
0.823
0.588
3.057
1.235
0.449
0.478
0.090
-0.416
-0.068
0.066
0.359
0.434
-0.180
-0.333
-0.231
1.277
-0.351
1.595
1.178
0.066
0.040
0.301
0.654
0.152
0.859
-0.614
0.006
0.235
1.460
1.308
0.476
0.728
0.980
0.110
0.009
-0.074
-0.098
0.412
-0.919
1.351
-0.318
-0.247
0.139
-0.623
-0.529
-0.649
-0.546
-0.414
-0.344
-0.656
0.107
-0.846
-0.846
-1.457
-0.115
0.549
0.012
-0.734
0.082
0.144
0.160
-0.072
-0.006
0.715
0.676
0.809
0.587
-0.151
0.019
0.592
0.113
0.502
2.578
0.306
0.057
0.173
0.938
1.170
-0.243
-0.054
0.050
-0.056
0.047
-0.103
-0.160
-0.279
0.196
-0.283
-0.374
0.145
-0.281
-0.028
-0.063
0.039
0.028
-3.150
-2.115
-2.360
-1.743
-0.443
-1.332
0.179
-0.043
-0.748
0.729
0.266
0.563
0.087
0.256
0.440
0.158
-0.364
0.161
0.438
-0.516
0.868
1.458
-0.275
0.698
0.730
0.281
-0.551
0.319
0.206
0.487
0.927
2.732
2.417
0.808
3.180
