-1.106
-1.584
1.348
0.137
0.595
-2.330
-0.230
-0.712
-1.597
-0.448
-0.119
-3.072
-0.930
-0.833
0.760
-2.130
-0.771
-0.078
-0.100
0.011
-0.060
0.085
1.463
-0.620
0.421
0.185
0.434
-0.044
0.274
-0.099
0.192
-1.147
-0.093
-0.242
0.035
-0.593
-0.495
-0.254
-0.194
0.038
-0.356
-0.468
-0.194
-0.250
-0.235
-0.275
-0.122
-0.230
-1.041
-0.192
-0.594
0.114
-1.779
-1.810
-0.093
-0.176
-2.424
0.500
0.113
0.330
-2.275
-0.804
-1.353
-0.004
0.103
-0.003
0.164
-0.453
-0.020
0.101
0.017
-0.011
-0.009
0.217
0.140
-0.028
0.346
0.026
0.063
0.060
-2.932
-0.080
-0.039
-1.782
-0.380
-2.598
-1.826
-0.178
-0.178
-0.132
-0.178
-0.176
-0.077
-0.320
-2.183
0.601
0.116
-0.062
-2.466
-1.397
-0.345
0.096
-3.801
-0.073
-1.536
-0.315
0.144
-0.431
-2.038
0.134
-0.110
0.408
-0.082
1.610
-0.139
-0.093
-2.779
0.099
0.052
-1.183
-1.444
-2.477
-1.066
-0.412
-0.168
-1.308
-0.679
0.334
0.432
-0.351
0.454
-0.386
-0.101
-0.528
-0.172
-0.178
-1.163
0.127
0.264
2.726
-2.792
-0.260
-0.171
-0.316
0.788
-0.863
1.988
1.308
-0.094
0.053
0.070
-0.073
0.016
-0.452
-0.218
-2.894
0.435
-0.020
-0.156
-0.310
-0.352
-0.610
1.330
-0.619
0.503
-1.875
0.716
-0.267
-0.612
0.602
-0.508
-0.302
-0.461
-0.207
-0.500
-0.535
-0.248
-0.191
-0.107
-0.175
-0.152
-1.403
-0.631
-0.256
0.214
0.741
-0.068
-1.720
-0.923
-0.247
-2.875
-3.100
-0.439
-0.065
-0.898
-0.925
-0.577
0.029
-0.190
-0.196
0.003
-0.163
-0.507
-0.817
-0.908
-0.848
-0.105
-2.039
-0.220
0.306
-0.405
-1.472
-1.495
-0.275
-2.742
-1.113
-0.444
-0.366
-0.378
-0.082
-0.184
-0.343
-0.452
-0.258
-0.270
-0.144
-0.128
-0.717
-0.256
-1.155
-0.211
-0.155
-0.034
0.001
-0.249
-0.099
-0.708
0.789
-0.049
-0.078
-0.760
-0.538
-0.323
-0.503
-1.304
0.102
0.179
-0.102
-0.174
0.152
0.345
-0.349
-0.263
-0.094
-0.058
-0.004
-0.031
0.441
-0.001
0.154
-0.041
-0.030
-0.104
0.463
0.017
0.345
0.146
-0.213
-0.108
0.266
0.142
-0.073
-0.081
-0.142
0.173
-0.178
-0.318
-0.223
-0.299
-0.095
-0.178
-0.272
-0.058
-0.174
-2.112
-0.035
-0.078
-0.121
-0.642
-0.712
0.222
1.061
-0.249
-0.100
-0.178
-0.176
0.082
-0.334
-0.175
-0.146
-0.063
-0.277
0.400
-0.296
-0.186
0.251
-0.174
2.283
1.764
2.298
1.184
0.295
0.524
-0.128
0.801
0.199
-0.159
-0.192
-0.185
-0.178
-0.178
-0.227
-0.131
0.760
0.428
-0.075
0.415
-0.437
-1.090
0.279
-0.008
-0.229
0.129
0.830
-0.337
-0.054
-0.128
-2.215
-2.715
-3.452
-2.184
-0.934
