-1.161
-0.927
0.643
-0.114
-0.566
-2.402
-0.213
-0.517
-1.599
-0.723
-0.121
-2.890
-0.529
0.444
0.325
-2.409
-0.512
-0.881
-0.437
-0.225
-0.037
0.231
2.126
-0.774
0.392
-0.630
0.116
-0.514
0.076
0.832
-0.160
-1.198
0.091
-0.176
0.025
-0.176
-0.436
-0.176
-0.504
-0.372
-0.141
-0.391
-0.171
-0.164
-0.296
-0.434
0.263
0.042
-0.436
-0.519
-0.814
-0.226
-1.904
-1.555
-0.662
-0.398
-1.789
0.092
-0.134
0.002
-2.495
-0.985
-2.152
0.158
-0.112
0.396
0.210
-1.699
0.105
1.311
1.101
0.643
0.450
1.097
0.440
0.052
0.911
0.430
0.419
0.744
-2.825
-0.235
-0.098
-1.839
-0.160
-2.364
-1.686
-0.345
-0.173
0.076
-0.295
-0.310
-0.035
-0.179
-2.382
0.729
-0.025
-0.280
-2.277
-1.087
-0.264
-0.026
-2.549
-0.159
-1.351
-0.176
0.469
-0.129
-2.000
0.054
-0.115
0.430
0.271
1.676
0.307
0.645
-2.651
0.758
0.003
-0.644
-1.030
-3.510
-1.397
-0.314
-0.133
-1.094
-1.197
0.201
0.434
0.237
0.957
-0.453
0.002
-1.199
-0.096
-0.061
-0.993
-0.216
0.090
2.399
-1.585
-0.176
-0.107
-0.166
-0.066
-0.215
2.547
1.467
-0.181
0.284
-0.255
0.173
0.261
-1.138
-0.907
-2.598
0.836
-0.274
0.005
-0.916
-0.592
-0.709
0.938
-0.794
0.615
-3.286
-1.386
-0.430
-1.770
-1.903
-0.352
-0.199
-0.246
-0.165
-0.301
-0.343
-0.176
-0.146
-0.180
-0.151
0.081
-1.708
-0.622
-0.053
-0.157
0.265
-0.066
-2.814
-1.960
-1.037
-1.762
-2.306
-0.282
-0.191
-0.825
-1.462
-1.437
0.457
-0.176
-0.176
-0.176
-0.176
-0.944
-1.031
-0.497
-1.075
-0.200
-2.269
-0.466
0.739
-0.409
-1.333
-0.437
-0.307
-2.423
-1.030
-0.183
-0.382
-0.147
0.731
0.426
0.390
-0.169
-0.148
-0.084
0.062
-0.176
-1.108
-0.086
-1.254
-0.345
0.081
0.047
-0.134
-0.823
0.302
-1.038
0.366
-0.151
-0.331
-1.014
-0.176
-0.666
-0.176
-0.221
0.225
0.222
0.898
0.485
-0.209
0.456
-0.753
-0.560
-0.205
-0.227
1.136
0.649
0.858
0.316
-0.279
0.007
0.765
-0.193
0.712
0.339
0.713
0.723
-0.127
0.380
0.327
-0.148
-0.107
0.089
0.108
0.219
-0.542
-0.213
-0.234
-0.176
0.039
0.100
-0.211
-0.173
-0.211
-2.729
-0.186
0.046
-0.635
-0.684
-0.867
-0.430
1.844
-0.180
0.053
0.074
0.038
0.130
0.309
-0.176
-0.070
0.372
-0.185
0.279
-0.239
-0.085
0.045
0.045
3.042
2.409
3.262
1.632
0.490
0.879
0.014
-0.139
0.519
0.923
-0.108
-0.243
-0.035
-0.659
-0.374
-0.136
1.683
0.689
-0.090
-0.179
-0.359
-1.417
-0.289
-0.458
-0.536
-0.007
0.181
-0.068
0.152
-0.177
-2.201
-2.750
-2.340
-0.555
-1.428
