-0.226
0.155
1.721
-0.734
0.466
-3.374
-0.048
-0.573
-1.941
-1.122
-0.357
-3.224
-1.124
-0.528
0.105
-2.122
-0.799
-0.016
-0.647
0.050
0.112
0.595
2.319
-0.525
0.132
0.735
0.897
0.290
0.624
0.301
0.278
-0.810
0.538
-0.406
-0.206
-0.673
0.143
-0.332
0.122
-0.317
-0.772
-0.800
-0.893
-0.527
-0.599
-0.584
-0.220
-0.103
-2.279
-1.893
-0.226
-0.594
-2.105
-1.642
-1.248
-0.556
-2.541
0.488
-0.474
0.288
-2.739
-1.343
-2.143
-0.117
-0.795
0.090
0.181
-0.641
0.018
0.285
0.192
0.079
-0.010
0.297
0.222
0.088
0.605
0.050
0.164
0.198
-1.920
0.192
-0.073
-1.386
-0.388
-2.705
-1.434
-0.111
-0.107
0.174
-0.068
-0.280
-0.283
-0.487
-2.422
0.570
0.073
-0.749
-1.594
0.815
-0.311
0.463
-1.985
-0.084
-0.984
-0.301
0.490
-0.039
-2.446
-1.056
-0.237
-0.067
0.966
1.681
0.445
0.297
-2.515
0.304
-0.653
-0.473
-1.181
-2.576
-0.730
-0.801
0.035
-1.977
-1.238
0.277
-1.411
-1.099
1.945
-0.183
0.209
-0.745
-0.429
-0.475
-1.200
-0.253
0.337
1.782
-3.073
-0.629
-0.571
-0.886
-0.103
-0.589
1.464
0.952
0.090
0.589
-0.289
-0.106
-0.212
-2.224
-1.625
-2.551
1.520
-0.587
-0.655
-1.781
-0.912
-0.809
1.317
-1.002
0.786
-2.450
-0.587
0.250
-1.403
-0.171
-0.932
-0.747
-0.883
-0.548
-0.390
-0.102
-0.912
-0.276
-0.490
-0.434
-0.252
-1.620
-0.963
0.367
-0.218
0.362
-0.024
-2.146
-1.718
-0.905
-1.746
-1.669
-0.485
-0.326
-0.430
-0.369
-0.497
0.084
-0.041
-0.169
-0.121
-0.122
-0.269
-0.310
-0.038
-0.372
-0.146
-2.067
-0.703
0.727
-0.688
-1.794
-1.508
-0.018
-1.572
-0.622
-0.378
-0.499
-0.370
1.273
-0.282
-0.207
-0.270
-0.355
-0.216
0.738
1.946
-1.263
0.045
-1.204
-1.602
-0.046
0.353
0.035
-0.076
-0.445
-0.636
0.660
0.047
-0.874
-2.065
-0.929
-1.441
-1.513
-1.117
-0.355
-0.216
-0.825
-0.814
-0.375
0.764
-0.828
-0.488
-0.308
-1.011
0.042
-0.001
-0.514
0.003
-0.129
-0.077
0.192
-0.280
0.825
-0.237
0.201
0.433
-0.461
0.242
1.417
0.565
0.490
0.397
0.856
-0.116
-0.742
-0.524
-0.785
-0.496
0.207
-0.075
-0.375
-0.458
-0.773
-2.056
0.219
-0.116
-0.167
-1.260
-0.752
-0.190
-0.592
-0.307
-0.278
-0.435
-0.096
-0.085
-0.236
-0.224
0.063
0.071
-0.326
-0.397
-0.288
-0.295
-0.113
-0.004
1.436
1.637
1.786
1.080
0.284
1.122
-0.412
1.380
0.072
0.016
-0.495
0.357
-0.006
-0.201
-0.025
-0.058
-0.566
-0.796
-0.265
0.212
-0.236
-0.976
0.040
0.708
-0.199
-0.110
1.362
0.146
0.896
-0.867
-4.090
-3.515
-1.216
-0.845
-1.369
