-0.013
-0.208
-0.830
-0.051
0.652
2.583
0.147
1.023
1.509
0.701
-0.017
2.688
0.799
0.560
-0.385
1.599
0.569
0.611
0.116
0.223
0.057
-0.327
-0.962
0.176
-0.161
0.062
-0.279
0.447
0.201
-0.301
0.191
0.860
-0.336
0.538
0.039
0.722
0.628
0.710
0.343
0.935
-0.057
0.390
0.344
0.270
0.235
0.294
-0.359
-0.015
1.257
0.698
1.804
-0.071
1.225
0.702
0.240
0.355
2.418
-0.293
0.268
-0.393
2.059
0.952
1.965
0.030
0.129
-0.273
0.073
0.875
-0.136
-0.572
-0.719
-0.402
-0.164
-0.292
-0.218
-0.124
-1.752
-0.622
-0.369
-0.389
2.712
0.060
0.024
1.512
0.209
2.262
1.496
0.011
0.047
-0.387
0.025
-0.014
-0.112
0.288
3.851
-0.116
0.030
0.127
2.497
1.383
0.457
-0.018
3.434
0.097
1.479
0.325
-0.167
0.640
3.056
0.013
-0.078
-0.063
0.332
-1.453
-0.059
-0.402
3.463
-0.696
0.824
0.984
1.637
2.077
0.960
0.495
0.405
1.277
1.106
-0.493
-0.330
1.280
-0.542
0.410
0.254
0.948
0.273
0.257
1.273
-0.096
0.299
-2.587
1.836
0.340
0.258
0.486
0.296
0.170
-2.355
-1.562
0.006
-0.375
0.518
0.022
-0.140
1.558
1.387
2.651
-0.900
0.751
0.759
1.492
0.408
0.327
-1.287
0.441
-0.647
2.992
1.319
1.075
1.559
1.770
0.204
0.056
0.188
-0.035
0.164
0.211
0.192
0.188
0.028
-0.130
0.193
1.674
0.680
0.017
-0.040
-0.534
-0.077
2.773
2.075
1.414
2.487
3.231
0.765
0.691
0.340
0.218
0.264
-0.242
-0.226
-0.061
-0.466
-0.329
0.104
0.128
0.134
0.153
0.072
2.296
0.704
-0.736
0.541
1.266
0.757
0.106
2.751
1.093
0.063
-0.023
-0.019
-0.510
-0.319
-0.233
0.158
-0.009
-0.510
-0.192
-0.725
0.822
0.048
0.972
0.642
-0.191
0.297
-0.107
0.541
0.154
1.165
-0.361
0.127
0.186
1.177
1.373
0.437
0.694
0.575
-0.032
-0.005
-0.079
-1.555
0.250
-0.551
0.632
0.049
0.032
0.446
-0.444
-0.194
-0.016
-0.194
0.036
0.349
-0.323
0.169
-0.287
-0.173
-0.830
-0.437
0.280
0.009
-0.247
0.029
0.136
0.119
0.095
0.277
0.426
0.490
0.284
0.217
-0.026
0.162
0.490
0.103
0.303
1.994
0.236
-0.078
-0.020
1.307
0.418
-0.089
0.558
-0.126
-0.224
0.046
-0.209
-0.289
-0.183
-0.106
-0.244
-0.260
0.236
-0.036
-0.162
-0.099
-0.194
0.284
-3.142
-1.907
-2.249
-1.263
0.008
-0.586
0.053
-0.887
-0.419
0.682
0.277
0.303
0.066
0.198
0.238
0.123
-0.231
0.147
0.393
0.004
0.578
1.412
0.136
0.119
0.721
0.072
-0.749
-0.135
-0.150
0.144
3.365
3.474
3.733
0.585
2.180
