-0.995
-1.228
-2.776
-0.246
0.836
2.478
-0.155
0.669
1.619
0.659
-0.148
2.028
0.606
0.113
0.176
1.678
0.494
0.880
0.331
0.394
-0.188
-0.057
-0.891
0.394
-0.295
0.464
-0.929
0.233
-0.311
-0.637
-0.050
1.146
0.287
-0.013
-0.692
0.104
0.530
0.559
0.298
0.937
0.164
0.654
0.200
0.455
-0.354
-0.421
-0.754
-0.141
0.832
0.491
1.125
0.047
1.501
0.950
0.390
0.317
1.712
-1.077
0.255
-0.906
1.876
0.633
1.757
-0.022
-0.018
-0.300
-0.018
0.677
-0.014
-0.322
-0.456
-0.253
-0.266
-0.528
-0.069
-0.059
-0.927
-0.349
-0.049
-0.104
2.275
0.176
-0.064
1.510
0.374
2.279
1.336
-0.211
-0.400
-0.927
-0.293
-0.214
-0.339
-0.177
2.526
-0.321
-0.019
0.468
2.471
1.295
0.525
-0.018
2.961
0.658
1.248
0.586
-0.283
-0.173
2.329
0.055
0.003
-0.009
-0.107
-1.704
-0.039
-0.391
2.604
-0.754
0.215
0.960
1.263
1.601
0.847
0.387
0.097
1.196
1.244
-0.020
-0.242
0.525
-0.797
0.620
0.156
1.255
0.062
0.072
1.510
0.568
-0.040
-2.129
1.541
0.978
-0.011
0.276
-0.563
0.958
-1.944
-1.036
-0.142
-0.268
0.020
-0.015
-0.402
0.952
0.567
2.410
-0.882
-0.810
0.027
0.649
0.420
0.294
-1.229
0.312
-0.786
2.216
0.775
0.877
0.992
1.035
0.320
0.383
0.323
-0.362
0.285
0.349
0.132
-0.081
-0.281
-0.478
-0.073
1.288
0.566
-0.079
-0.009
-0.600
-0.063
2.432
1.574
1.231
2.422
2.285
0.758
0.998
0.389
0.442
0.514
-0.217
-0.057
-0.087
-0.309
-0.243
0.220
0.336
0.209
0.453
-0.042
2.101
1.015
-0.538
1.039
1.408
1.141
0.220
2.372
1.208
0.213
0.313
-0.091
-0.309
-0.148
-0.474
0.230
0.268
-0.160
-0.260
-0.478
0.623
-0.256
0.761
0.591
0.088
0.075
-0.062
0.611
-0.086
0.743
-0.485
-0.018
0.363
1.181
0.983
0.497
0.776
0.564
-0.164
-0.082
-1.123
-0.430
-0.041
-0.382
0.705
0.437
0.124
0.446
-0.336
-0.080
-0.169
-0.038
0.117
0.107
-0.154
0.070
-0.549
-0.139
-1.045
-0.580
0.547
-0.178
0.402
0.431
-0.114
-0.014
-0.141
0.002
0.530
0.307
0.288
0.393
-0.254
-0.034
0.207
-0.137
0.249
1.660
-0.009
-0.126
-0.302
0.524
0.328
-0.349
0.712
-0.072
-0.142
-0.242
-0.247
-0.354
-0.269
-0.094
-0.492
-0.355
0.067
-0.216
-0.070
-0.266
-0.114
-0.036
-3.104
-2.132
-2.578
-1.327
-0.014
-0.320
0.180
-0.777
-0.604
0.675
0.218
0.128
0.157
-0.038
0.173
-0.156
-1.109
-0.464
0.180
-0.341
0.879
1.128
-0.089
-0.413
0.532
-0.011
-0.536
-0.487
0.053
0.084
1.452
2.828
3.025
0.834
1.627
