0.006
0.037
0.054
0.043
0.993
3.385
0.107
0.647
2.876
1.386
0.038
3.743
1.472
-0.531
0.834
3.185
1.185
0.636
0.091
0.209
-0.149
-0.335
-0.791
-0.220
-0.278
0.054
-0.878
0.297
0.054
-0.912
0.048
1.588
-1.415
0.642
-0.358
0.272
1.247
0.481
0.346
0.745
0.300
0.537
0.412
0.477
0.054
0.877
-0.246
0.051
0.182
0.149
2.066
0.855
2.580
2.560
0.372
0.126
2.790
-1.243
0.129
-1.057
3.528
1.599
2.219
-0.391
0.065
-0.120
0.111
0.731
0.054
-1.901
-1.304
-0.827
0.054
0.034
-4.538
-0.210
-0.320
-0.631
-0.269
-0.813
2.564
0.092
-0.319
1.592
0.448
3.945
3.490
0.428
0.410
0.311
0.346
0.211
-0.173
0.785
3.920
-0.113
0.053
1.372
3.155
1.929
0.606
-0.134
2.731
0.178
1.647
0.786
-0.033
0.729
2.865
0.121
-0.137
-0.072
-0.046
-2.366
0.089
0.168
4.200
-0.280
0.528
1.375
2.402
3.297
2.012
0.919
0.030
1.790
2.934
-0.017
1.587
1.851
-0.925
0.012
-0.446
0.506
0.095
0.154
2.570
0.364
1.329
-0.197
2.845
1.130
-0.216
0.254
-0.500
0.203
-2.589
-1.442
-0.068
0.247
0.600
-0.061
0.123
1.521
0.054
4.297
-0.370
0.009
1.138
2.116
-0.044
0.075
-1.094
0.368
-1.282
4.491
0.242
1.278
2.204
1.475
0.218
-0.057
0.001
-0.478
0.019
-0.001
-0.016
0.005
-0.103
-0.586
-0.166
2.362
0.607
-0.601
-0.089
-0.392
1.553
3.151
3.875
1.152
1.327
2.639
0.054
0.291
1.041
1.064
0.563
-0.084
0.132
0.107
0.054
0.054
0.839
0.617
0.181
0.654
0.089
2.943
1.151
-0.466
1.216
2.135
0.760
0.618
2.862
1.622
0.348
0.826
0.542
-0.293
0.030
0.054
0.318
1.010
-0.354
0.054
0.054
0.549
0.055
1.929
1.263
0.768
0.532
-0.050
0.281
0.294
0.600
-0.277
0.042
0.193
0.054
0.995
0.054
0.344
-0.656
-0.230
-0.166
-0.233
0.054
-0.725
-0.407
0.982
0.311
0.054
0.188
-0.045
-0.138
0.655
0.054
0.044
0.048
0.025
0.076
-0.421
0.015
-0.391
-0.185
-0.263
-0.158
-0.054
-0.446
0.054
-0.042
-0.497
-0.128
0.646
0.565
0.836
1.022
-0.251
-0.111
0.047
-0.297
0.348
1.966
0.038
0.416
0.052
0.054
0.180
-0.214
-0.232
-0.118
-0.452
0.030
-0.063
0.040
0.054
0.046
-0.460
-0.461
-0.012
-0.002
-0.224
-0.266
0.178
-0.064
-3.542
-1.808
-1.972
-1.424
0.025
-0.352
0.093
-0.576
-0.481
-0.118
0.092
0.157
-0.005
0.070
0.054
0.093
-1.709
-0.652
-0.096
0.063
0.155
1.518
-0.046
-0.455
0.881
0.220
-1.023
0.106
-0.026
-0.037
0.776
4.456
3.518
2.422
1.745
