-2.195
-2.066
-1.683
-0.174
0.217
2.168
-0.168
0.454
3.003
1.356
-0.180
2.571
1.114
-0.118
0.256
1.171
0.247
0.740
0.148
-0.180
-0.378
-1.129
-1.739
0.225
-0.003
-0.017
-0.471
0.498
0.076
-0.539
-0.478
0.890
-0.591
0.412
-0.059
-0.076
-0.210
0.006
-0.159
1.092
-0.167
0.811
-0.163
0.173
-0.180
-0.180
-0.111
-0.346
-0.220
1.013
0.388
-0.290
0.731
-0.619
0.471
0.174
1.677
-0.286
-0.052
-0.514
2.122
1.073
1.333
-0.093
-0.180
-0.280
-0.658
0.045
-0.134
-0.180
-0.125
0.157
-0.051
-0.325
0.003
-0.265
-0.243
-0.180
-0.165
-0.180
1.808
-0.126
0.602
0.904
0.420
1.430
1.309
0.070
-0.180
-0.180
-0.180
0.252
-0.156
0.359
0.902
-0.180
0.184
0.201
1.542
0.477
0.130
-0.160
2.362
0.326
0.451
0.265
-0.504
-0.654
1.677
0.197
-0.074
-0.188
-0.476
-1.278
-0.047
-0.516
3.500
-0.893
0.393
-0.103
1.924
1.449
0.752
0.227
0.141
1.827
1.373
-0.801
0.595
0.429
-0.089
-0.348
-0.179
-0.453
0.148
0.204
0.926
0.133
0.009
-1.589
3.293
-0.016
-0.045
-0.058
-2.131
-0.109
-2.752
-1.363
-0.517
-0.082
0.452
-1.667
-0.180
3.571
1.465
3.201
-2.259
0.909
1.232
2.425
0.916
0.163
-0.179
0.824
0.036
3.841
-0.213
0.037
2.312
0.251
1.132
0.143
0.543
0.371
-0.122
0.275
0.158
0.684
0.042
0.581
0.403
1.130
0.340
-0.136
-0.002
-0.875
-0.165
2.864
2.993
1.233
1.908
2.286
1.015
-0.586
-0.173
-0.039
-0.143
-0.180
-0.180
-0.130
0.227
-0.017
-0.180
-0.180
-0.180
-0.180
-0.089
1.406
0.490
-0.975
0.909
0.573
0.773
0.180
2.748
0.948
0.125
0.252
0.008
-0.180
-0.126
0.193
0.085
0.822
-0.113
0.068
-1.237
0.450
-0.500
0.910
1.069
-0.148
0.160
0.365
-0.124
0.266
0.069
-1.195
0.563
-0.335
2.023
-0.026
-0.192
0.166
0.232
1.149
-0.180
0.078
-0.180
-0.124
-0.015
0.992
0.082
0.300
1.539
-0.338
-0.180
0.427
-0.180
-0.140
-0.179
-0.186
0.267
-0.664
-0.008
-1.017
-0.706
0.481
0.076
-0.463
-0.047
-0.229
-0.235
-0.606
-0.280
0.670
0.261
0.217
0.417
-0.137
-0.180
-0.187
-0.180
-0.110
2.349
-0.233
-0.180
-0.180
1.161
0.270
-0.360
-0.164
0.531
-0.180
-0.029
-0.034
-0.180
0.084
-0.150
-0.003
-0.180
0.171
0.576
0.527
0.432
-0.370
0.219
-2.009
-2.589
-2.386
-1.828
-0.174
-0.310
-0.180
-0.603
-0.975
-1.807
0.116
0.106
-0.165
0.266
0.220
-0.022
-0.987
-0.635
0.129
-0.180
1.015
1.065
-0.087
0.121
-0.180
-0.128
-0.601
-0.332
-0.146
-0.151
1.605
3.481
0.131
0.327
0.287
