-0.092
-0.092
-1.389
-0.043
-1.573
2.295
0.175
0.013
2.491
0.710
-0.092
7.208
3.504
-0.014
-0.230
2.862
1.029
-0.007
-0.122
-0.089
-0.986
-0.067
-0.212
0.977
-0.635
0.003
-0.886
0.059
-0.197
-1.676
-0.092
1.404
0.452
-0.092
-0.092
0.407
-0.096
0.122
0.105
0.721
0.293
0.774
0.193
0.200
0.394
0.592
-0.821
-0.221
0.172
0.204
1.629
0.177
1.803
0.737
0.362
0.106
2.755
0.069
-0.092
0.217
2.873
0.758
4.210
-0.246
-0.288
0.509
0.210
0.674
-0.230
-1.783
-1.091
-0.523
-0.171
-0.386
-0.237
-0.255
-1.502
-0.386
-0.489
-1.344
2.526
-0.092
-0.994
2.516
1.530
2.524
0.956
0.573
0.071
0.120
0.447
0.356
0.103
0.374
2.513
-0.212
-0.223
0.314
3.442
0.429
0.690
-0.318
3.521
0.486
0.628
0.315
-0.245
0.002
2.927
-0.255
-0.112
-0.094
-0.729
-1.403
0.518
0.707
3.657
-0.046
0.057
0.249
1.303
2.787
1.740
0.937
-0.089
0.496
2.132
0.599
0.794
-0.092
-0.122
-0.100
0.307
1.110
-0.092
-0.060
1.740
1.737
1.315
-2.140
2.411
0.910
-0.100
0.082
-0.125
0.629
-1.463
-2.206
-1.574
1.159
0.351
-0.082
-0.217
1.100
0.490
2.287
0.062
0.885
0.797
1.390
0.091
-0.092
-0.415
-0.029
-0.002
2.925
-0.069
0.634
0.591
0.328
0.359
0.084
0.309
-0.072
0.321
0.349
0.034
0.017
-0.092
-0.092
-0.192
1.666
0.710
-0.156
-0.092
-0.166
-0.542
3.482
2.317
0.869
2.351
2.616
0.147
0.203
-0.053
0.464
0.081
-0.027
-0.056
-0.092
-0.092
-0.092
-0.092
-0.056
0.117
0.061
-0.035
2.396
0.949
-0.552
1.657
2.163
0.588
0.964
2.110
0.538
0.066
-0.092
-0.176
-0.830
-0.104
-0.495
-0.092
-0.092
-0.830
-0.376
-0.360
0.457
-0.002
2.178
-0.023
0.211
0.167
-0.359
0.310
0.344
0.580
-1.056
0.026
-0.207
2.033
1.444
0.646
0.515
-0.130
-0.243
0.055
1.163
-0.092
0.228
-0.682
3.099
-0.092
0.014
0.246
-0.422
-0.088
-0.057
-0.075
0.072
-0.092
-0.112
0.135
-0.147
-0.264
-1.043
0.407
0.173
-0.088
1.117
-0.264
-0.170
-0.018
-1.346
0.697
0.405
0.518
-0.025
0.392
-0.469
-0.092
0.035
-0.092
0.385
2.487
0.714
-0.085
0.457
1.287
-0.086
0.015
0.918
-0.458
-0.590
-0.092
-0.252
-0.933
-0.181
-0.095
0.018
-1.333
0.531
-0.602
-0.336
-0.519
-0.092
0.262
-3.707
-1.782
-2.455
-1.325
-0.046
-0.921
0.006
-0.307
-0.553
-0.477
0.399
-0.092
-0.082
1.349
0.250
0.036
-1.204
-0.273
0.749
-0.706
-0.092
0.465
-0.030
-0.092
0.024
-0.144
-1.183
0.692
0.136
0.243
4.070
1.046
1.208
2.393
3.312
