-0.405
-0.464
-0.557
0.063
-0.359
1.860
0.142
0.422
2.464
1.129
-0.043
2.950
0.916
-0.418
-0.090
2.727
0.896
0.485
0.190
-0.753
-0.391
-0.440
-1.974
0.061
-0.314
0.147
-0.373
0.095
0.039
0.111
0.037
0.682
-0.036
0.176
0.155
0.266
0.215
0.639
0.329
0.359
0.113
0.423
0.212
0.176
0.375
0.472
-0.673
-0.028
0.711
0.779
1.635
0.413
1.516
-0.026
0.506
0.748
3.627
-1.538
-0.310
-1.870
2.430
1.125
2.308
0.090
0.045
-0.549
-0.078
0.671
0.065
-0.438
-0.449
-0.233
0.030
-0.062
-0.367
-0.044
-0.502
-0.339
-0.130
-0.263
2.765
0.252
-0.419
1.660
0.102
2.533
1.186
-0.059
0.048
-0.391
-0.059
-0.050
-0.230
-0.406
2.693
-0.492
0.017
0.058
1.949
0.771
-0.158
0.063
3.148
0.022
0.777
0.514
0.037
-0.088
2.753
0.130
-0.022
0.104
0.069
-1.596
0.113
-0.392
4.269
0.025
0.845
0.274
1.718
2.631
0.581
0.365
0.106
0.378
1.360
-0.245
-0.289
0.777
-1.539
0.432
0.064
0.729
0.050
0.145
0.746
-0.235
-0.407
-2.258
2.494
0.389
0.195
0.297
0.377
0.473
-1.509
-1.215
0.102
-0.236
0.080
-0.117
0.173
1.880
1.428
2.658
-0.818
0.806
0.652
1.690
0.533
0.624
-2.840
0.797
-1.951
3.422
1.282
0.261
0.997
1.986
0.322
0.173
0.291
-0.826
0.258
0.229
0.033
0.217
-0.078
0.026
0.147
2.708
1.102
0.081
-0.084
-0.688
0.062
2.417
1.759
0.851
3.066
3.863
0.356
1.048
0.772
0.530
0.440
0.207
0.004
0.443
0.414
0.203
0.453
0.658
0.163
0.554
0.132
2.089
0.576
-0.623
0.322
1.217
0.290
0.239
2.780
0.588
0.585
0.277
0.180
-0.544
-0.035
0.057
0.242
0.204
-0.021
-0.022
-0.786
1.034
0.494
1.281
1.113
-0.140
-0.018
0.009
0.333
-0.200
0.609
-1.041
-0.077
-0.289
1.250
0.829
0.557
-0.240
0.233
-0.391
-0.005
-0.543
0.020
0.326
-0.643
0.678
0.085
0.399
-0.001
-0.261
0.191
-0.166
0.286
0.310
0.476
-0.074
0.416
-0.165
-0.146
-0.109
-0.612
0.221
0.122
-1.021
-0.227
0.186
-0.036
0.060
-0.755
0.381
0.287
0.167
0.173
-0.375
-0.229
0.194
-0.028
0.179
2.882
0.065
0.198
0.169
1.262
0.623
-0.238
-0.643
0.065
0.001
0.192
0.062
-0.292
0.179
0.215
-1.051
-0.525
0.373
-1.000
0.199
-0.316
0.040
0.088
-2.298
-3.020
-3.267
-2.156
-0.255
-0.675
0.014
-0.906
-0.752
-0.331
0.409
0.203
0.207
0.374
0.336
0.174
-0.003
-0.081
0.286
-0.582
0.475
1.633
0.173
0.222
0.016
-0.072
-0.800
-0.527
0.151
0.209
2.190
2.164
3.048
0.826
2.171
