-0.546
-1.099
-0.916
-0.057
0.266
2.415
0.157
0.501
1.982
0.740
-0.023
2.679
0.872
-0.185
-0.222
1.611
0.600
0.176
0.053
-0.334
-0.372
-0.726
-1.462
0.036
0.182
-0.294
-0.261
0.090
-0.148
0.009
0.105
0.506
-0.601
-0.059
-0.523
-0.092
-0.089
0.366
0.159
0.218
0.130
0.022
0.167
-0.111
-0.199
0.028
0.005
0.025
0.883
1.418
0.143
0.161
1.552
1.618
1.063
1.214
1.972
-0.562
-0.209
-0.551
2.272
1.081
2.110
0.133
0.314
-0.969
-0.508
1.068
0.103
-0.504
-1.071
-0.057
0.267
0.063
0.073
0.195
-1.879
0.025
0.101
0.005
1.553
0.241
-0.662
1.830
0.346
2.654
1.753
-0.015
0.017
-0.060
-0.015
-0.024
-0.014
-0.255
2.938
-0.247
-0.004
-0.139
1.523
0.362
0.394
-0.055
3.588
0.392
1.030
0.553
0.048
-0.859
2.130
0.242
0.003
0.003
-0.500
-1.343
0.465
0.111
3.306
0.049
0.667
0.499
1.794
2.126
1.106
0.424
0.460
0.263
1.768
-0.273
1.366
1.343
-0.881
-0.082
0.068
0.518
0.079
0.127
1.810
0.588
0.102
-2.040
2.311
0.031
0.491
0.287
-0.110
0.343
-2.104
-0.993
0.078
0.301
0.236
-0.682
0.003
1.758
1.771
2.388
-0.862
0.816
0.360
1.833
0.501
-0.187
-1.557
0.526
-0.995
2.371
-0.552
-0.840
1.215
-0.397
0.496
0.768
0.220
0.042
0.318
0.240
0.367
0.003
0.008
0.023
0.081
1.162
0.303
0.036
0.035
-0.038
0.003
2.632
1.617
1.085
2.220
2.582
0.514
0.070
0.122
0.059
0.063
-0.034
-0.036
0.193
0.037
0.126
0.081
0.118
0.070
-0.050
0.226
1.804
0.497
-1.215
0.584
1.706
0.763
0.005
1.750
0.499
0.126
0.221
0.046
-0.829
-0.081
0.109
0.086
0.049
-0.046
-0.205
-1.619
0.012
0.071
0.928
0.730
0.066
-0.001
-0.143
0.137
0.205
0.352
-0.513
0.139
0.145
1.078
-0.169
1.003
0.386
1.158
0.126
0.100
0.136
0.373
0.535
-0.555
0.612
-0.001
0.663
0.829
0.634
0.528
0.361
0.644
0.448
0.576
0.517
0.605
0.303
0.536
0.210
0.170
0.068
0.047
-0.151
0.420
-0.080
0.493
-0.406
-0.003
1.199
0.318
0.261
0.019
0.003
0.003
0.052
0.010
0.356
1.904
0.003
0.076
0.015
2.052
0.363
0.047
-0.112
0.129
-0.764
0.186
0.003
-0.109
0.024
0.057
-0.125
-0.068
0.117
-0.171
0.067
0.003
0.132
0.558
-2.941
-2.871
-3.104
-1.910
0.023
-0.865
0.021
-0.974
-0.880
0.127
0.198
0.454
0.003
0.060
0.049
0.053
-0.201
-0.582
0.476
-0.093
0.566
1.390
0.068
-0.119
0.564
0.324
-1.397
-0.169
-0.094
0.029
3.258
2.718
0.858
0.414
2.233
