-0.325
-0.224
-0.012
0.155
-0.563
-2.541
0.033
-0.485
-0.683
-0.279
-0.065
-2.800
-0.678
0.148
-0.165
-1.804
-0.465
-1.012
-0.028
-0.003
-0.140
0.005
0.772
-0.831
0.029
-0.268
0.476
-0.057
0.048
0.197
-0.043
-1.728
0.968
0.270
1.166
0.379
-1.130
-0.435
-0.463
-0.339
0.010
-0.441
-0.431
-0.159
0.039
0.028
0.071
-0.552
-0.382
-0.740
-1.156
-0.101
-1.841
-1.835
-0.349
-0.364
-1.882
-0.228
-0.959
0.159
-2.494
-0.485
-2.336
0.075
0.052
-0.058
-0.033
-0.889
-0.102
0.084
0.129
0.083
0.033
-0.003
0.104
0.070
0.152
0.068
-0.009
0.017
-3.381
-0.168
0.030
-2.530
-0.993
-3.151
-2.319
-0.595
-0.083
0.157
0.010
-0.552
-0.502
-0.056
-3.615
0.503
0.007
-0.115
-3.340
-1.352
-0.250
0.110
-3.269
0.079
-2.104
-1.242
0.109
-0.218
-2.839
0.033
-0.121
0.138
0.402
1.176
0.058
0.253
-1.388
0.559
-0.141
-0.381
-1.107
-2.774
-1.605
0.009
-0.056
-1.225
-1.678
-0.220
-0.322
-0.252
0.033
-0.640
0.120
-1.338
-0.263
-0.114
-1.680
-0.096
-0.099
1.551
-2.248
-0.489
0.070
-0.296
0.484
-0.569
1.708
1.298
0.094
0.521
0.316
-0.049
0.227
-1.893
-0.294
-2.909
0.796
-0.218
-0.274
-1.456
-0.478
-0.704
0.828
-0.522
0.546
-2.650
-0.036
-0.297
-0.816
-0.212
-0.483
-0.094
-0.285
-0.068
-0.393
-0.485
-0.231
0.019
0.057
0.045
0.011
-1.486
-0.679
-0.010
0.052
0.507
0.137
-3.579
-2.392
-1.097
-1.806
-3.307
-0.443
-0.804
-0.334
-0.204
-0.050
0.194
0.021
0.000
0.114
0.086
-0.093
-0.126
-0.093
-0.185
0.049
-2.751
-0.808
0.121
-0.357
-1.413
-0.577
-0.066
-1.892
-0.852
-0.032
-0.361
0.022
0.148
0.042
0.031
-0.102
0.036
0.037
0.091
0.323
-0.533
0.040
-0.942
-0.683
-0.057
0.056
0.210
-0.452
0.199
-0.872
0.898
-0.026
-0.021
-1.528
-1.146
-0.350
-0.528
-1.051
0.127
-0.010
0.386
0.033
0.033
0.138
-0.805
-0.564
-1.127
-2.122
-0.039
0.302
-0.179
0.456
-0.266
-0.815
0.574
-1.379
-0.591
-0.811
-0.179
0.276
-0.043
-0.060
-0.654
0.138
-0.106
0.213
-0.077
-1.600
-0.761
-0.197
-0.021
0.158
0.378
0.106
0.051
0.261
-0.262
-1.745
-0.421
0.080
-0.110
-0.398
-0.421
-0.071
-0.216
-0.170
-0.213
-0.071
-0.138
0.065
-1.024
-0.255
0.201
0.039
-0.031
-0.248
-0.021
0.090
0.010
0.277
2.307
1.594
2.024
0.820
0.243
0.280
0.018
-0.320
0.520
0.041
-0.602
-0.434
-0.484
-0.045
-0.163
-0.046
1.368
0.455
0.049
-0.251
-0.302
-0.778
0.009
-0.225
-0.634
0.115
0.798
0.302
0.074
-0.004
-1.856
-3.065
-1.884
-0.804
-1.700
