-0.520
-0.518
-0.071
-0.123
-1.197
-4.029
-0.066
-0.436
-2.571
-1.054
0.007
-3.626
-0.962
-0.848
-0.724
-2.104
-1.295
-0.080
-0.281
-0.371
0.278
0.236
0.561
-0.725
-0.130
-0.066
0.957
-0.237
-0.075
0.556
-0.279
-1.264
0.174
-0.066
0.079
-0.066
-0.658
-0.669
-0.238
-0.147
-0.322
-0.743
-0.933
-0.858
-0.230
-0.534
0.584
-0.066
-1.871
-0.556
-3.244
-0.513
-1.760
-2.108
-0.110
-0.068
-2.592
0.448
-0.066
0.089
-2.465
-0.758
-1.509
-0.019
0.107
-0.081
-0.362
-0.812
-0.322
1.152
1.008
1.659
0.436
-0.069
2.505
0.270
0.074
0.788
0.418
0.529
-2.909
-0.234
0.322
-2.800
-1.079
-3.670
-2.490
-0.163
-0.077
-0.217
-0.100
-0.346
-0.080
-0.264
-4.465
-0.057
0.102
-0.186
-3.072
-0.791
-0.052
0.227
-4.780
-0.115
-2.023
-0.523
-0.117
0.359
-4.248
-0.165
0.121
0.090
-0.022
2.455
-0.043
-0.037
-3.953
1.163
-0.922
-0.839
-1.784
-3.484
-1.903
-0.824
-0.052
-1.449
-1.858
-0.228
-0.396
-2.220
0.851
-0.917
0.065
0.012
-0.031
-0.098
-1.282
0.064
0.201
-0.066
-2.293
-0.522
0.509
-0.179
0.055
-0.363
1.742
1.292
0.145
0.115
-0.107
0.052
0.121
-0.184
0.266
-0.066
0.966
-0.019
-0.010
-0.066
-0.262
-0.101
1.408
-0.600
0.385
-4.584
-1.614
-1.271
-1.812
-2.212
-0.385
-0.359
-0.199
0.087
-0.270
-0.409
-0.144
-0.066
-0.100
0.565
-0.007
-2.424
-0.999
-0.022
-0.098
0.985
-0.211
-4.294
-2.381
-1.026
-4.316
-5.371
-0.868
-0.642
-0.606
-0.671
-0.945
0.064
-0.136
-0.099
-0.066
-0.066
-0.368
-0.430
-0.095
-0.066
-0.193
-3.286
-1.149
-0.066
-0.808
-1.651
-0.341
-0.395
-2.558
-1.267
-0.269
-0.415
-0.201
0.192
-0.066
0.400
-0.097
-0.190
0.234
1.123
1.030
-0.411
0.141
-1.275
-0.721
0.077
0.200
0.051
-0.472
0.438
-1.086
0.821
-0.086
-0.377
-0.010
-1.652
-1.029
-1.336
-1.063
-0.256
0.132
0.226
-0.033
0.450
0.530
-0.871
-0.129
-0.368
-1.129
0.342
1.150
-0.066
-1.497
-0.222
-0.353
0.050
-0.375
1.403
-0.050
1.392
0.015
-0.138
0.160
-0.749
-0.209
-0.141
0.060
-0.069
0.293
-0.520
-0.427
-0.208
-0.303
0.031
-0.054
-0.066
-0.064
-0.066
-3.531
-0.220
0.532
-0.003
0.216
-0.543
1.178
5.826
-0.203
2.762
-0.069
-0.229
-0.066
-0.853
-0.141
-0.066
-0.100
-0.066
-0.065
-0.011
-0.066
-0.066
-0.147
2.545
1.885
2.457
1.124
-0.026
0.412
-0.066
-0.171
0.505
0.481
-0.333
-0.687
-0.295
-0.397
-0.956
-0.139
0.876
0.091
-0.186
0.513
-1.121
-1.298
-0.210
0.009
-0.331
-0.516
0.070
-0.158
-0.186
-0.111
-2.800
-4.521
-3.725
-0.543
-3.166
