-0.054
0.141
-1.011
-0.303
-0.725
-1.872
0.132
-1.028
-0.724
-0.215
0.123
-2.862
-0.359
-0.097
-0.072
-1.711
-0.275
-0.027
-0.263
-0.251
-0.034
0.210
1.794
-0.667
0.485
-0.069
0.923
-0.072
-0.029
0.055
-0.440
-1.222
0.991
0.209
1.163
0.551
0.368
-0.351
-0.393
-0.122
-0.634
-0.692
-1.001
-0.610
-0.444
-0.428
0.481
0.048
-0.522
-0.207
-0.156
-0.089
-1.466
-1.174
-1.037
-0.410
-1.734
-0.137
-0.328
-0.217
-1.507
-0.557
-0.430
0.065
0.335
-0.051
-0.100
-0.473
-0.253
0.792
0.755
0.604
-0.528
-0.227
0.538
0.025
0.589
0.601
-0.053
0.304
-1.425
-0.264
0.089
-0.960
-0.458
-1.484
-1.069
-0.337
-0.152
-0.018
-0.276
-0.108
0.087
-0.675
-1.832
0.432
-0.014
-0.111
-1.797
-1.046
-0.002
0.105
-1.863
-0.118
-1.317
-1.117
0.143
0.380
-1.822
-0.529
-0.185
0.016
0.972
1.190
0.099
0.015
-1.977
0.209
-0.048
-0.839
-1.235
-1.987
-1.437
-0.525
-0.149
-1.150
-0.929
-0.325
-0.488
-0.305
0.377
-0.227
-0.005
-0.669
-0.394
-0.198
-1.047
-0.241
-0.465
0.765
-0.990
-0.898
0.363
-0.253
0.334
-0.729
2.390
1.549
0.238
1.100
-0.297
0.211
0.455
-0.522
0.767
-1.811
1.098
0.567
0.008
-0.371
-0.619
-0.945
1.405
-0.747
1.135
-1.960
-0.252
-0.679
-0.389
-0.281
-0.498
-0.283
-0.635
0.225
-0.484
-0.542
0.124
-0.081
0.201
0.322
0.100
-1.486
-0.574
0.052
-0.033
0.610
0.041
-2.410
-1.319
-0.682
-1.780
-3.724
-0.432
-0.640
-0.599
-0.376
-0.877
0.217
-0.022
-0.203
-0.058
-0.072
-0.237
-0.302
-0.084
-0.360
-0.172
-1.569
-0.243
0.684
-0.745
-0.808
0.013
-0.467
-2.062
-0.854
-0.040
-0.072
-0.424
-0.072
-0.072
-0.072
-0.072
-0.072
-0.072
-0.063
-0.072
-0.602
0.050
-0.416
-0.419
-0.280
0.135
0.024
-0.689
0.595
-1.121
0.731
-0.012
-0.117
-0.072
-0.171
-0.221
-0.102
-1.107
0.177
-0.059
0.100
-0.072
-0.338
0.543
-0.857
-0.308
-0.596
-0.425
-0.065
-0.022
-0.424
-0.112
0.109
-0.207
0.140
-0.468
0.132
-0.097
0.798
0.055
-0.052
0.173
0.146
-0.593
-0.214
0.148
0.472
0.219
-0.693
-0.560
-0.583
-0.415
0.348
-0.069
-0.534
-0.150
-0.284
-1.725
-0.044
-0.022
0.156
0.007
-0.416
0.020
-0.591
-0.394
0.831
0.204
-0.088
-0.172
0.052
-0.254
0.230
0.187
-0.307
-0.196
-0.501
0.189
-0.191
-0.186
3.707
2.163
2.255
1.676
0.080
0.488
-0.167
0.435
0.412
-0.461
-0.276
-0.279
-0.248
-0.026
-0.283
-0.372
1.459
0.437
-0.053
-0.020
-0.160
-1.110
-0.033
0.065
-0.438
-0.072
0.316
-0.449
0.151
-0.328
-1.496
-2.929
-2.575
-0.555
-1.184
