0.792
1.256
1.485
0.042
-0.484
-2.528
0.317
-0.429
-1.519
-0.614
0.149
-2.084
-0.359
0.060
-0.280
-1.928
-0.443
-0.084
0.163
0.185
0.104
0.293
0.670
-0.644
0.156
-0.036
0.745
-0.049
0.252
0.254
-0.127
-1.070
-0.044
-0.197
0.776
0.214
-0.363
-0.565
0.359
-0.114
-0.374
-0.796
-0.536
-0.640
0.144
-0.091
0.366
-0.473
-0.743
-0.419
-1.285
0.946
-1.616
-1.374
-1.305
-0.723
-1.844
1.068
-0.097
0.225
-2.442
-0.491
-1.729
0.072
0.180
0.069
0.120
-0.925
-0.422
-0.142
0.183
-0.189
0.027
-0.319
-0.140
0.119
-0.147
0.439
0.113
-0.167
-2.512
-0.530
0.124
-2.009
-0.602
-1.696
-0.347
0.427
0.889
1.289
0.502
0.287
0.529
-0.073
-2.503
0.701
0.156
-0.269
-2.846
-1.023
0.087
0.076
-3.841
-0.031
-1.664
-1.350
0.060
0.100
-2.941
0.479
-0.013
0.225
0.189
1.712
-0.218
0.068
-3.303
0.749
-0.665
-0.617
-1.420
-2.245
-1.411
-0.438
-0.214
-0.696
-1.220
0.091
-0.326
-0.491
1.072
-1.009
-0.097
-1.313
0.103
0.056
-1.269
-0.035
0.042
3.000
-1.841
-0.501
0.246
0.332
0.467
-0.872
2.810
1.217
0.136
-0.266
-0.172
0.109
0.265
-0.740
0.001
-2.039
0.441
0.292
-0.207
-0.721
-0.337
-0.225
1.498
-0.370
0.991
-2.407
-0.280
-0.531
-0.865
-0.546
-0.463
-0.151
-0.294
0.194
-0.201
-0.566
0.083
-0.033
0.223
0.245
0.090
-1.177
-0.327
0.041
0.056
1.136
0.121
-3.859
-2.450
-1.386
-2.856
-3.607
-0.648
-0.380
-0.618
-0.322
-0.425
-0.001
-0.156
-0.210
-0.072
-0.096
-0.202
-0.299
-0.125
-0.272
-0.026
-2.004
-0.844
0.236
-0.785
-0.934
-0.373
0.205
-2.263
-0.797
0.190
-0.096
0.138
0.447
0.149
0.364
-0.228
0.025
0.155
0.374
0.394
-0.385
-0.017
-0.782
-0.618
-0.334
-0.082
0.137
-0.781
-0.053
-0.907
0.577
0.112
-0.212
-0.752
-1.035
-0.600
-0.387
-0.286
0.130
0.070
0.285
-0.045
0.260
0.393
-0.699
-0.327
-0.679
-1.071
0.030
0.981
-0.145
-1.031
-0.612
-0.673
0.197
-0.748
0.855
-0.398
1.831
0.147
-0.141
0.272
0.747
-0.207
0.163
-0.081
-0.259
0.093
-0.669
-0.292
-0.178
-0.428
0.229
0.010
0.041
0.187
0.066
-2.005
-0.224
-0.058
0.191
0.236
-0.322
-0.182
2.228
-0.241
-0.052
-0.001
-0.193
0.103
-0.196
-0.212
0.197
0.091
-0.024
0.078
0.147
0.070
-0.295
0.079
3.299
2.645
2.666
1.893
0.169
0.484
0.072
-0.063
0.725
-0.426
0.036
-0.479
0.197
0.043
-0.308
0.126
0.768
-0.131
0.002
0.101
-0.370
-1.020
0.087
-0.069
-0.564
-0.155
0.693
0.097
-0.093
0.054
-1.490
-2.303
-2.507
-0.962
-1.212
