-0.500
-0.295
0.071
0.280
-0.159
-2.916
0.215
-0.583
-0.959
-0.200
0.128
-2.909
-0.992
-0.008
-0.518
-2.185
-0.621
-0.780
0.017
0.115
-0.127
0.368
0.827
-0.518
0.246
0.062
0.390
-0.963
-0.028
0.084
-0.247
-0.911
0.991
0.221
0.989
0.287
-0.692
-0.413
-0.195
-0.304
-0.427
-0.433
-0.415
-0.217
0.342
0.314
0.119
-0.213
-0.436
-0.774
-1.135
-0.167
-1.477
-1.166
-0.329
-0.222
-2.320
0.531
-0.393
0.732
-2.386
-0.840
-1.430
0.125
0.418
-0.015
0.333
-0.829
0.111
0.585
0.508
0.398
0.084
0.148
0.383
0.155
0.295
0.468
0.190
0.388
-2.813
-0.332
0.385
-1.545
-0.269
-2.029
-0.776
-0.124
-0.275
0.344
-0.105
0.426
0.602
-0.177
-2.746
0.419
0.316
-0.169
-3.420
-1.484
-0.581
0.590
-2.653
-0.098
-1.686
-1.006
0.027
0.162
-2.228
0.488
-0.051
0.518
0.374
1.842
0.024
0.443
-3.775
0.559
0.007
-0.798
-1.561
-2.624
-1.291
-0.553
-0.037
-0.966
-1.694
0.327
-0.179
-0.122
0.543
0.073
0.030
-0.996
0.037
-0.023
-2.010
0.038
0.885
0.836
-2.040
-0.659
0.415
-0.027
0.833
-0.503
2.249
1.317
0.233
-0.112
0.120
0.236
0.455
-1.035
0.512
-2.259
1.166
0.640
0.257
-0.558
-0.525
0.250
0.890
-0.464
1.052
-2.712
-0.087
-0.487
-1.392
-0.338
-0.551
-0.552
-0.328
0.083
-0.398
-0.258
-0.355
0.018
0.079
0.082
0.181
-1.685
-0.123
0.089
0.094
0.688
0.234
-2.129
-1.150
-0.788
-1.474
-3.286
-0.499
-0.611
-0.228
-0.510
-0.538
0.392
0.071
0.026
0.084
0.084
-0.194
-0.313
-0.200
-0.333
0.342
-2.338
-1.084
0.770
-0.883
-1.164
-0.532
-0.237
-2.372
-1.001
-0.672
-0.512
-0.008
0.243
0.095
0.105
-0.153
-0.230
0.084
0.084
0.079
-0.875
-0.054
-0.942
-0.711
0.109
-0.105
0.051
-0.307
0.026
-0.359
0.810
-0.023
0.036
0.345
-1.593
-0.446
-0.827
-0.385
0.172
0.078
0.352
0.193
1.272
0.584
-0.473
-0.405
-0.339
-0.678
0.360
0.102
1.292
-0.079
-0.144
-0.166
0.974
-0.571
1.356
0.083
1.321
0.664
-0.134
0.006
-0.352
-0.177
0.043
-0.045
0.526
-0.256
-0.305
-0.459
-0.482
-0.372
0.188
0.079
0.121
0.136
-0.154
-2.456
-0.274
0.069
0.278
0.569
-0.400
0.501
0.607
-0.221
0.081
0.146
0.092
-0.054
-0.035
-0.204
-0.072
0.049
-0.134
-0.175
-0.170
-0.028
-0.153
0.151
2.352
2.127
2.196
1.763
0.156
0.481
-0.075
0.720
1.274
0.030
-0.193
-0.076
-0.061
-0.147
-0.127
0.136
1.731
0.596
-0.138
0.050
-0.926
-1.585
0.169
0.058
-0.129
-0.209
0.375
-0.068
0.324
0.089
-2.803
-2.891
-3.112
-1.145
-1.765
