0.106
0.123
0.106
0.131
1.001
3.173
0.106
0.384
1.891
0.738
-0.089
3.186
1.136
0.382
0.106
2.226
1.052
0.794
-0.003
0.177
0.050
0.110
-1.703
0.289
-0.471
-0.030
-0.872
1.231
-0.031
-0.061
-0.269
1.694
0.609
0.240
0.070
0.106
0.497
0.106
0.245
0.648
0.015
0.994
0.460
0.846
0.237
0.283
-0.207
0.139
1.752
1.158
1.450
0.716
2.252
2.034
1.137
1.262
2.384
-0.537
0.100
-1.130
3.111
1.239
1.839
0.105
0.116
0.214
0.180
0.808
0.203
-0.255
-0.300
-0.049
0.022
0.127
-0.155
-0.026
-0.189
-0.104
-0.023
-0.083
2.526
0.698
-0.142
2.399
1.032
2.928
2.324
0.125
0.106
0.127
0.106
0.401
0.171
0.339
4.066
-0.517
0.008
0.790
3.072
1.698
0.338
-0.031
4.101
0.457
1.682
1.074
-0.166
0.828
3.497
0.039
0.008
-0.254
-0.122
-2.261
0.459
-0.514
4.964
-0.085
0.874
1.158
2.374
3.677
2.779
0.580
0.358
1.902
2.945
0.403
1.369
1.137
-0.368
0.790
0.233
1.162
0.108
0.081
1.698
0.626
0.600
-1.365
3.358
0.632
-0.236
0.327
-0.269
0.928
-2.252
-1.530
-0.081
-0.106
0.664
-0.087
-0.192
1.597
-0.689
2.764
-0.852
0.393
0.569
1.479
0.503
0.536
-0.570
0.583
-0.475
5.501
1.672
1.492
2.078
3.536
0.349
0.066
0.346
-0.094
0.532
0.334
0.234
0.079
-0.049
-0.441
0.106
1.543
0.226
0.199
0.110
-0.654
0.012
3.222
2.579
1.315
3.828
3.355
0.678
0.455
1.045
0.376
0.659
-0.042
0.119
0.119
0.037
0.086
0.462
0.486
0.326
0.329
0.454
2.596
0.655
-0.250
1.512
1.412
0.740
0.120
3.716
1.380
0.567
0.310
0.049
-0.010
-0.342
-0.165
0.333
0.327
-0.014
-0.333
-0.003
0.123
0.289
1.173
1.465
0.036
0.101
-0.122
-0.022
0.151
0.162
-0.475
-0.040
0.140
0.106
1.373
0.371
0.202
0.459
0.015
0.081
-0.505
-0.148
-0.854
-0.229
1.214
0.315
0.106
0.214
0.106
0.106
-0.009
0.106
0.198
0.106
0.103
0.106
0.143
0.106
-0.242
-1.817
0.119
0.106
-0.138
0.455
0.106
0.117
-0.151
-0.570
0.304
0.287
0.284
0.287
-0.146
-0.085
0.227
-0.059
0.120
2.778
0.227
0.099
0.106
-1.001
0.529
-0.174
-0.377
0.004
-1.124
0.059
-0.029
-0.259
0.106
0.023
-0.045
-0.059
0.089
0.018
0.016
-0.148
0.348
0.122
-4.433
-2.605
-2.869
-2.073
0.091
0.032
-0.054
0.106
-0.269
1.015
0.130
-0.041
0.096
0.570
0.805
0.236
-1.562
0.399
0.120
0.416
0.430
1.617
0.209
0.106
0.899
0.218
0.065
-0.007
0.108
-0.073
2.426
3.843
4.313
0.289
2.285
