0.021
0.176
-0.026
-0.026
-0.191
-1.528
-0.552
-0.180
-1.724
-0.854
-0.026
-2.877
-2.157
-0.174
-0.024
-2.282
-2.478
0.175
-0.024
0.014
-0.242
-0.098
2.183
-0.209
0.044
-0.026
2.190
-0.372
0.150
-0.026
-0.054
-1.145
1.072
1.962
1.587
-0.021
0.294
-0.755
-0.323
-2.008
0.513
-0.526
-0.798
-0.293
0.316
-0.115
0.728
-0.092
-0.043
-0.133
-0.953
-0.763
-2.427
-0.704
-0.186
-0.026
-1.901
0.430
-0.039
0.847
-2.733
-2.426
-1.547
0.089
-0.026
0.293
-1.313
-0.200
-0.300
0.895
1.350
0.623
-0.016
-0.320
0.223
-0.070
-0.014
0.239
-0.043
0.210
-0.251
-0.025
0.619
-1.618
-0.988
-2.027
-1.922
-0.116
-0.284
-0.338
-0.338
-0.087
0.825
-0.811
-2.376
0.808
-0.011
-0.943
-3.201
-2.310
-2.679
0.001
-2.813
-1.816
-0.785
-0.015
-0.006
-0.350
-0.120
-0.131
0.019
0.055
0.511
2.032
-3.803
1.558
-2.875
1.565
0.568
-2.428
-0.709
-2.373
-2.209
-1.488
-0.408
-0.793
-2.557
-0.262
-0.809
-1.008
0.140
0.033
0.025
-0.123
-0.098
-0.187
-1.868
0.114
-1.804
0.675
-1.522
-1.280
0.343
-2.132
0.585
-2.643
3.717
2.814
0.020
0.138
-0.527
0.162
0.131
-2.655
0.596
-1.369
0.884
-1.334
-2.036
-2.676
-0.193
-0.026
1.780
-0.317
0.869
-2.356
0.402
-1.693
-2.386
0.264
-0.881
-0.678
-0.715
0.527
-0.683
-0.648
-0.849
0.209
-0.043
0.377
-0.030
-1.184
-0.457
-0.405
-0.026
0.852
-0.095
-1.040
-0.616
-0.314
-2.555
-2.443
-1.408
-0.465
-0.041
-1.284
-0.398
0.077
0.156
-0.068
0.219
0.206
-1.031
-1.096
-1.288
-1.162
-1.585
-2.026
-1.319
0.286
-1.771
-2.358
-1.058
-0.090
-2.269
-1.159
-0.186
-0.414
-0.281
0.088
0.120
-0.119
-0.314
-0.038
0.348
0.820
1.148
-1.464
0.178
-0.879
-0.595
0.491
0.239
-0.444
0.040
0.007
-0.024
-0.018
-0.026
-0.026
-0.026
0.231
-0.026
0.081
-0.666
-0.266
-0.023
0.070
1.080
0.005
0.459
-0.601
-0.026
-0.643
-0.685
-0.315
-0.783
-1.043
-0.987
-0.336
-1.070
0.014
-0.779
0.012
-0.116
-0.037
1.198
-0.071
0.071
-0.574
-0.026
-0.266
-0.015
0.209
-0.026
-0.020
-1.151
-0.595
-1.360
0.059
0.224
-1.101
0.035
-0.200
-2.236
-0.164
0.190
-0.089
0.381
-0.175
-0.984
0.112
-0.017
-0.015
-0.167
-0.042
-0.026
0.020
-0.051
0.212
-0.061
0.297
-0.157
-0.012
0.060
0.268
-0.666
3.929
2.223
2.852
1.548
0.053
0.320
0.160
0.936
0.448
1.615
-0.978
-0.103
-0.896
0.069
0.041
-0.026
1.796
-0.155
-0.026
-0.026
-0.870
-1.387
0.124
0.138
-0.936
-0.223
0.066
-0.586
-0.026
0.015
-1.994
-2.372
-2.181
-0.633
-1.015
