0.671
0.486
0.112
0.244
-0.827
-2.582
-0.051
0.637
-1.662
-0.973
0.106
-3.343
-0.772
-0.454
-0.118
-2.519
-0.502
-0.048
-0.294
-0.218
0.096
-0.193
1.253
-0.422
0.297
0.101
0.733
-0.322
-0.042
0.136
-0.025
-0.357
0.862
0.251
0.965
0.278
-0.402
-0.514
-0.404
-0.348
-0.115
-1.112
-0.554
-0.352
-0.365
-0.418
0.739
0.012
-0.473
-0.657
-1.011
-0.004
-1.731
-1.285
-0.556
-0.390
-2.037
0.554
-0.362
0.103
-2.627
-0.556
-2.110
-0.045
-0.066
0.020
-0.067
-0.314
0.056
0.500
0.449
0.256
0.077
0.042
0.254
0.216
0.744
0.409
0.055
0.378
-1.965
0.022
0.081
-1.731
-0.768
-3.613
-1.869
-0.122
-0.002
-0.083
-0.201
0.150
1.222
-0.054
-2.632
0.583
0.326
-0.417
-2.820
-1.121
-0.000
0.093
-3.059
0.055
-2.131
-1.673
-0.158
-0.234
-3.379
-0.526
-0.186
0.048
0.282
1.404
0.600
-0.050
-3.177
0.128
-0.669
-1.159
-1.960
-2.561
-1.477
-0.248
-0.531
-1.095
-1.598
-0.200
-0.332
-1.150
1.596
-0.450
0.001
-0.472
-0.105
-0.060
-1.120
0.016
-0.026
2.566
-2.029
-0.775
-0.340
-0.195
0.335
-0.526
2.002
1.481
0.121
0.353
-0.432
0.677
0.421
-0.513
4.805
-0.701
0.895
0.370
1.619
0.642
-0.639
0.101
1.505
-0.868
0.621
-2.416
-1.369
-0.529
-1.095
-1.751
-0.331
-0.589
-0.426
0.311
-0.310
-0.306
0.114
-0.067
-0.012
0.386
-0.276
-1.885
-0.520
-0.483
0.013
0.764
-0.373
-2.303
-1.815
-0.827
-2.722
-2.805
-0.562
-0.994
-0.419
-0.764
-0.623
0.227
0.101
-0.461
-0.091
-0.095
-0.730
-0.619
-0.309
-0.445
-0.035
-2.038
-0.493
0.740
0.141
-1.012
-1.078
-0.604
-2.223
-1.007
0.287
-0.099
-0.623
0.082
-0.016
0.298
-0.139
-0.103
0.153
0.309
0.101
-0.295
-0.098
-0.933
-1.009
-0.187
-0.282
0.030
-0.511
-0.465
-0.593
0.389
-0.053
-0.086
0.161
-1.484
-0.394
-0.595
-0.278
0.451
0.299
0.093
0.101
0.388
0.463
-1.536
-0.251
-0.317
-1.733
-0.388
0.662
-0.775
-0.849
-0.440
-0.911
-0.096
-0.814
0.249
-0.371
0.922
-0.016
-0.627
0.054
-0.627
-0.040
-0.034
-0.033
-0.001
-0.284
-0.356
-0.332
0.091
-0.849
0.435
0.183
0.595
0.098
-0.058
-2.322
-0.227
0.277
0.055
1.375
-0.801
0.586
1.468
-0.010
0.595
-0.038
0.058
0.110
0.181
0.005
0.292
0.129
-0.289
0.135
-0.035
0.184
-0.239
-0.088
2.558
1.860
2.017
1.389
0.010
0.511
-0.102
-0.217
0.611
-0.398
-0.065
0.405
-0.099
-0.314
-0.449
-0.018
0.946
0.506
0.122
0.099
-0.591
-1.426
-0.020
-0.034
-0.358
-0.135
0.449
-0.174
-0.221
-0.076
-1.334
-2.104
-3.549
-0.459
-1.092
