0.577
0.568
0.095
0.087
-0.369
-2.554
0.055
-0.003
-1.759
-0.486
0.372
-2.952
-1.558
1.371
0.658
-2.143
-0.739
-0.486
-0.170
-0.259
-0.230
-0.232
0.656
0.010
0.471
1.918
0.290
-0.646
0.103
-0.008
0.425
-0.938
1.298
-0.152
-0.033
-0.300
-0.440
-0.209
-0.098
-0.667
0.037
-0.090
-0.187
0.062
-0.333
-0.315
0.230
-0.325
-0.002
-0.710
-1.838
0.339
-1.294
-0.949
-1.342
-0.446
-2.514
0.344
0.197
0.158
-2.178
-0.968
-2.746
-0.047
0.045
0.115
0.080
-0.282
-0.035
0.295
0.631
0.052
0.106
-0.014
-0.055
0.120
-0.151
0.112
-0.071
0.228
-2.420
0.267
0.091
-1.938
-0.211
-2.551
-1.313
0.062
0.034
0.062
0.062
-0.030
0.062
-0.549
-2.940
-0.222
0.431
-0.522
-1.828
-0.265
0.055
-0.024
-2.486
0.651
-1.842
-1.529
0.173
-0.051
-1.933
0.159
-0.071
0.049
-0.311
2.694
0.852
0.562
-1.501
0.633
-1.165
-0.773
-1.173
-1.592
-2.077
-0.982
-0.183
-1.100
-1.504
-0.041
-0.101
-0.863
0.305
0.311
0.300
-0.900
-0.004
0.048
-1.836
0.715
-0.104
1.965
-2.905
-0.430
0.062
-0.076
0.611
-0.234
2.097
1.975
0.333
-0.265
-0.269
0.496
-0.011
-2.663
-0.181
-2.263
0.844
-1.053
-1.132
-2.467
-0.688
-0.191
3.074
-0.762
1.986
-4.714
-0.823
-0.310
-1.646
-2.103
-0.247
-0.240
-0.550
0.026
0.044
0.150
-0.500
-0.327
-0.135
0.062
-0.379
-1.260
-1.086
0.040
0.105
0.433
0.136
-2.653
-1.414
-0.950
-2.275
-1.008
-0.471
0.817
0.044
-0.455
-0.013
0.062
-0.020
0.062
0.062
0.062
0.062
0.032
0.058
-0.160
0.525
-2.543
-1.160
0.286
-0.593
-1.921
-0.846
-1.130
-1.870
-0.424
0.008
-0.134
-0.295
0.062
0.068
0.062
0.050
0.078
0.062
0.062
0.119
-1.213
-0.128
-1.685
-0.801
0.014
0.141
-0.200
-0.281
0.594
-0.751
1.451
0.158
0.195
-0.826
-0.500
-0.501
-0.422
0.058
0.064
0.060
0.062
0.062
-0.204
0.599
-1.691
0.010
-0.590
-0.468
-0.306
-0.228
0.140
-0.178
-0.474
-0.427
-0.404
-0.233
-0.124
-0.192
0.113
0.381
-0.197
0.851
0.770
0.526
0.359
0.070
0.199
-0.075
-0.001
0.062
0.034
0.062
0.062
0.062
0.006
0.062
-0.056
-3.896
0.062
0.041
0.064
0.150
-1.125
0.523
1.208
0.062
0.062
0.062
0.053
0.066
0.011
0.062
0.419
0.062
0.146
0.074
-0.211
0.134
0.468
-0.064
2.918
1.396
2.652
2.010
0.047
0.062
0.095
1.067
0.792
1.829
0.072
0.062
0.207
-0.262
0.065
0.245
2.572
0.671
-0.942
0.352
-0.299
-2.414
0.067
0.085
-0.279
0.142
0.210
0.330
0.199
0.384
-2.639
-0.766
-0.554
-0.824
-2.414
