0.211
0.167
0.467
0.200
-0.133
2.440
-0.067
0.175
2.146
1.307
-0.032
3.642
1.113
-0.101
0.776
1.925
0.362
0.277
-0.067
0.528
-0.716
-0.391
-1.389
0.138
-0.550
-0.392
-0.687
-0.942
-0.028
-0.003
0.093
0.490
-0.491
0.136
0.010
0.878
0.345
1.054
0.470
1.011
0.025
1.117
-0.336
0.031
-0.067
-0.048
-0.255
0.090
1.440
0.525
0.792
1.746
2.666
1.502
-0.184
-0.126
2.626
-1.031
0.469
-1.150
3.732
1.065
3.420
-0.067
-0.067
-0.163
0.245
0.013
0.182
-0.500
-1.207
0.394
0.240
-0.159
0.189
0.204
-1.941
-0.029
0.126
-0.208
3.057
0.195
-0.413
2.432
0.665
3.146
2.115
0.011
-0.149
-0.056
-0.049
-0.033
-0.067
-0.460
4.512
-0.348
0.216
0.338
2.951
-1.791
-0.113
0.045
4.110
-0.108
1.685
1.438
0.073
-0.130
3.434
-0.378
0.221
-0.203
0.106
-1.415
0.173
0.262
4.826
-0.159
1.183
0.178
2.034
1.633
1.012
0.894
1.457
0.943
0.835
-0.162
-0.014
0.494
-0.067
-0.039
-0.100
0.929
0.073
0.024
1.364
-0.648
-0.314
-1.886
2.248
-1.187
0.774
0.936
0.502
1.588
-3.154
-1.352
-0.090
-1.381
0.353
-0.067
-0.174
3.015
2.055
1.223
-0.731
0.678
1.199
2.248
1.292
0.639
-0.182
1.014
0.053
4.503
1.036
0.573
1.538
1.249
0.044
0.665
0.025
-0.023
-0.036
-0.008
-0.031
-0.067
-0.067
0.000
-0.043
0.224
-0.030
-0.314
0.356
-1.362
-0.001
3.538
2.074
1.683
2.602
0.683
0.816
-0.013
-0.000
0.307
1.015
-0.217
-0.237
-0.025
0.556
0.509
-0.158
-0.083
0.262
0.134
-0.016
3.688
0.406
-0.390
1.123
2.528
0.016
-0.254
3.415
0.742
0.658
0.786
-0.556
-0.256
-0.060
0.074
0.240
0.399
-1.059
-0.116
-1.375
0.631
1.143
0.852
0.786
0.666
0.048
0.034
0.391
0.996
1.237
-0.622
-0.443
-0.067
0.317
0.024
0.256
0.052
1.561
0.050
-0.067
-0.050
0.046
0.180
-1.038
1.256
-0.016
0.123
0.439
-0.435
-0.361
0.512
-0.226
0.209
-0.027
-0.487
0.016
-0.284
-0.035
-1.359
0.209
-0.026
-0.037
-0.067
0.147
-0.323
-0.110
-0.067
0.147
-0.011
0.807
0.430
2.277
-0.002
-0.067
0.977
0.294
0.269
2.024
-0.083
-0.024
-0.435
1.541
0.739
-0.752
-0.554
-0.089
-0.098
-0.126
-0.204
-0.763
-0.570
0.155
-1.265
-0.671
0.299
-0.488
-0.122
-0.080
0.177
0.453
-2.737
-2.505
-2.929
-1.713
-0.067
-0.144
0.149
-0.701
-0.286
0.426
0.229
0.737
-0.044
-0.067
0.129
0.060
0.416
-0.002
0.180
-0.067
0.364
1.607
1.231
-0.067
-0.141
0.449
-0.650
0.205
0.537
-0.028
4.845
2.801
1.042
0.087
2.188
