0.608
0.952
0.379
0.308
1.193
-2.481
-0.277
-0.590
-1.262
-0.356
-0.334
-3.380
0.113
0.668
0.451
-0.996
-0.360
-0.932
-0.068
-0.070
-0.042
-0.897
0.987
-0.032
0.372
0.161
1.184
-0.045
0.802
0.098
-0.106
-0.511
0.436
-0.069
-0.102
-0.610
-0.137
-0.528
-0.380
0.246
-0.169
-0.392
-0.446
-0.072
-0.568
-0.766
-0.281
-0.143
-1.768
-0.518
-1.591
0.300
-0.639
-0.887
-0.547
-1.238
-2.240
-0.465
-0.348
-0.499
-1.793
-0.472
-1.967
0.359
0.097
-0.231
0.146
-0.785
-0.059
0.584
0.453
0.150
0.401
0.158
0.291
0.017
0.865
0.281
0.037
0.349
-2.292
-0.258
-0.032
-1.753
-0.030
-2.880
-2.476
-0.101
-0.016
0.002
-0.037
-0.053
-0.075
-0.159
-2.188
0.939
0.397
-1.070
-3.503
-1.422
-0.586
-0.068
-2.960
0.491
-1.608
-0.177
0.309
-0.752
-3.455
0.215
0.087
-0.006
-0.007
1.565
-0.045
-0.023
-3.452
0.132
-0.930
-0.175
-1.642
-1.923
-0.852
-0.302
0.275
-0.679
-1.463
-0.021
-0.172
-0.394
0.168
-0.177
0.290
-1.302
0.036
0.076
-1.255
0.569
-0.124
1.231
-2.397
-0.696
-0.053
-0.284
-0.038
-0.510
3.101
2.562
0.056
0.312
0.227
-0.072
0.269
-0.481
-0.201
-2.052
1.028
-0.616
0.289
-0.307
-0.772
-0.224
1.753
-0.576
0.903
-3.157
-0.195
0.466
-0.676
-0.728
-0.174
0.265
-0.110
0.254
-0.154
-0.191
-0.091
-0.212
0.272
0.291
0.341
-1.275
-0.138
-0.105
-0.231
0.489
-0.010
-3.220
-2.604
-1.562
-2.915
-3.008
-0.602
0.793
0.210
-0.220
-0.707
0.183
-0.034
-0.064
0.236
0.147
-0.230
-0.102
-0.149
-0.204
0.035
-1.681
-0.114
1.262
-0.401
-0.664
-0.939
-0.272
-2.250
-0.784
-0.526
-0.105
0.121
0.407
0.122
-0.023
-0.202
-0.231
0.189
0.575
0.392
-0.265
-0.138
-0.233
-0.644
0.184
1.097
0.035
-0.397
0.247
-1.189
0.371
-0.228
-1.105
-2.652
-2.379
-1.473
-0.820
-1.556
0.096
0.170
-0.113
-0.053
0.264
0.412
-0.228
-0.402
-0.150
-0.783
1.392
0.688
-0.053
0.126
0.248
-0.033
0.264
-0.138
0.514
-0.221
1.051
-0.053
-0.126
0.104
1.049
-0.053
0.160
0.002
0.223
0.986
-0.375
-0.312
-0.419
-0.352
-0.044
0.027
-0.276
-0.058
-0.450
-2.987
-0.212
0.020
-0.114
-0.299
-0.227
0.488
1.036
-0.081
0.159
0.100
0.516
1.021
-0.246
0.145
-0.100
0.457
0.037
0.105
0.311
0.056
0.154
-0.054
4.552
2.030
3.041
1.890
0.694
1.190
-0.113
-0.192
1.121
0.318
-0.080
-0.053
0.129
-1.132
-0.150
-0.721
1.495
0.032
-0.082
0.288
0.080
-1.244
-0.014
-0.089
-0.531
-0.169
0.019
-0.019
-0.260
-0.035
-1.251
-2.145
-2.525
-1.632
-2.404
