-0.001
-0.164
0.150
0.177
-0.023
1.812
0.103
0.225
1.019
0.280
-0.029
2.121
0.559
0.324
0.061
2.050
0.355
0.235
0.112
0.103
0.097
-0.211
-0.950
0.559
-0.321
0.279
-1.054
0.430
-0.542
-0.772
0.034
0.494
-0.400
0.469
-0.748
0.095
0.720
0.399
0.275
0.571
0.527
0.289
0.181
0.360
0.287
0.184
-0.615
-0.092
0.797
0.648
1.401
0.027
2.604
2.198
0.200
0.126
2.082
-0.102
0.084
-0.086
2.493
1.151
0.719
0.007
-0.122
-0.514
-0.279
0.645
0.294
-0.444
-0.528
-0.218
-0.025
0.227
-0.372
0.011
-0.034
-0.255
-0.151
-0.174
2.369
0.109
0.042
1.499
0.259
2.070
1.109
0.046
0.088
0.048
0.042
-0.051
-0.009
0.128
2.460
-0.165
0.032
0.119
2.099
0.546
-0.253
-0.001
3.495
-0.003
1.324
0.459
-0.272
0.374
3.152
-0.524
0.062
-0.037
0.485
-1.199
0.533
-0.121
3.551
-0.497
0.888
1.067
1.831
2.836
2.005
0.161
0.135
0.212
1.681
0.056
0.726
0.634
-0.762
0.116
0.118
0.383
0.223
0.080
1.169
0.194
0.353
-2.448
2.035
0.441
-0.077
-0.020
-0.416
0.376
-2.597
-1.076
-0.263
-0.705
0.132
-0.054
-0.120
0.705
0.116
1.897
-0.449
0.231
0.149
0.616
0.083
0.112
-1.108
0.166
-0.890
3.126
1.289
0.966
1.551
1.677
0.204
0.347
0.224
-0.317
0.206
0.281
0.103
0.101
-0.068
-0.304
0.567
1.746
0.469
0.180
0.138
-0.595
0.253
2.225
1.203
0.265
1.223
2.368
0.200
0.103
0.330
0.324
0.295
-0.019
0.103
0.093
0.073
0.078
0.241
0.107
0.175
0.227
-0.121
2.382
0.331
-0.654
0.641
1.110
0.452
0.162
1.971
0.771
0.160
0.185
0.096
-0.226
0.067
0.018
0.148
0.130
-0.144
-0.145
0.096
0.285
-0.050
0.674
0.736
0.258
0.490
0.020
0.643
0.099
0.789
-0.607
0.321
0.347
1.166
0.448
0.541
0.453
0.972
0.034
0.161
-0.321
-0.021
0.027
-0.568
0.690
0.615
0.090
0.950
-0.429
-0.514
-0.170
0.506
0.068
0.171
-0.179
0.478
-0.420
-0.217
-0.571
-0.184
0.101
0.073
-0.478
0.092
0.103
0.052
0.124
0.074
0.194
0.369
0.323
0.472
-0.027
0.109
0.267
0.110
0.195
1.872
0.053
0.045
0.103
-0.025
0.084
0.651
-0.791
0.126
-0.210
0.059
-0.024
-0.260
0.078
0.144
-0.488
-0.196
0.156
0.053
0.141
-0.061
0.092
-0.086
-2.591
-1.884
-1.807
-1.337
0.042
-0.119
0.053
-0.068
-0.477
0.278
0.196
0.393
0.123
0.185
0.128
0.077
-1.302
-0.624
-0.263
0.137
0.089
1.644
-0.083
-0.059
0.409
0.103
-0.070
0.427
-0.058
-0.025
2.751
1.291
3.138
1.131
2.013
