-1.198
-1.497
0.037
0.060
0.625
2.660
0.176
0.174
1.623
0.672
0.179
2.458
0.377
-0.283
-0.028
1.995
0.377
-0.193
0.058
0.308
-1.135
-0.534
-0.767
0.562
-0.104
0.016
-0.563
0.607
-0.170
0.029
0.419
0.687
-0.051
0.187
-1.047
0.037
0.466
0.668
0.614
-0.216
0.814
0.803
1.247
0.768
-0.183
-0.212
-0.562
0.263
1.159
0.531
2.085
0.167
1.395
1.420
1.073
1.708
1.897
-0.444
0.695
-0.456
2.261
0.694
1.942
-0.241
-0.324
-0.428
-0.080
0.871
0.460
-0.839
-0.884
-0.583
-0.370
0.431
-0.774
-0.057
-0.248
-1.217
-0.425
-0.630
2.603
-0.256
-0.267
1.568
0.494
2.575
1.782
-0.178
0.330
-0.571
-0.570
-0.384
-0.665
-0.201
2.854
-0.710
-0.161
0.564
3.262
1.707
-0.224
-0.164
3.026
-0.207
1.282
0.777
0.011
-0.604
3.045
-0.051
-0.135
0.120
0.037
-2.294
0.179
-0.456
3.090
-0.375
0.307
0.666
1.072
2.835
2.137
0.512
-0.237
1.200
1.270
-0.302
0.511
0.430
-0.750
0.536
-0.263
1.291
0.249
0.026
0.804
0.096
-0.137
-0.029
2.174
0.656
-0.281
0.131
-0.586
0.041
-3.110
-1.601
-0.460
-1.519
0.360
-0.016
-0.351
1.033
-1.670
0.746
-1.015
0.243
0.037
0.045
0.845
0.727
-1.600
0.700
-0.708
2.772
0.698
0.870
1.050
0.616
0.401
0.254
0.475
-0.469
0.395
0.517
0.233
0.188
-0.386
-0.583
0.114
1.199
0.343
0.181
0.400
-0.770
0.332
3.483
2.088
0.530
2.594
3.294
0.228
0.861
0.907
0.836
0.931
-0.374
0.037
0.452
0.037
0.037
0.672
0.701
0.037
0.883
-0.172
2.289
0.897
-0.159
0.135
0.925
0.332
1.031
2.413
0.902
0.052
0.399
0.368
-0.416
-0.368
-0.352
0.070
-0.045
-0.476
-0.583
-0.421
0.630
0.265
0.631
0.580
-0.065
-0.012
0.002
0.663
0.009
1.177
-0.749
0.064
0.304
0.037
0.430
0.329
-0.011
0.769
-0.842
-0.075
-1.125
0.037
-0.950
-0.690
0.626
0.200
1.141
1.269
-0.024
-0.860
0.582
5.771
0.720
1.282
-0.420
3.023
-0.397
0.184
-1.348
-0.719
0.312
-0.340
0.545
0.235
0.511
-0.049
0.291
-0.291
0.806
0.421
0.363
0.351
-0.397
-0.362
0.467
-0.018
0.033
2.287
0.478
0.079
0.163
-1.033
0.595
-0.519
-2.205
0.077
-0.721
0.104
0.111
0.042
0.008
0.079
-0.254
-0.248
0.093
0.458
0.173
0.037
0.553
0.419
-4.211
-2.490
-2.684
-2.014
-0.244
-0.783
0.494
-0.049
-0.971
-1.244
0.310
0.526
0.231
-0.003
0.532
0.529
-1.463
-0.320
0.408
0.334
0.444
1.076
-0.224
-0.120
0.615
0.177
-0.483
-0.378
0.046
0.104
1.554
1.869
1.730
0.958
2.100
