-0.185
-0.296
-0.049
0.289
-0.487
1.109
0.118
0.634
1.729
0.669
-0.522
2.498
1.091
-0.363
-0.847
1.500
0.878
-0.065
0.390
-0.091
-0.062
0.190
-1.119
-0.094
-0.815
1.119
0.177
1.473
0.565
-0.098
0.151
1.414
-2.706
-0.007
-0.180
0.067
0.062
0.283
0.665
0.458
0.280
1.155
-0.486
0.115
-0.392
-0.558
-0.556
0.015
0.288
0.409
0.608
-0.561
0.328
-0.773
1.196
1.084
2.147
-0.095
0.145
-0.346
1.793
0.770
1.006
-0.246
-0.672
0.888
0.741
0.467
-0.006
-0.173
-0.291
-0.201
0.280
-0.334
-0.335
-0.209
-0.481
-0.283
-0.011
-0.141
1.531
0.543
-0.280
1.230
-0.026
1.951
0.673
0.299
-0.529
-0.445
-0.336
-0.224
-0.034
-0.050
1.592
-0.430
-0.467
0.274
1.842
0.506
0.003
-0.702
2.070
-0.001
1.325
0.709
-0.884
0.269
1.723
-0.453
-0.184
-0.303
0.449
-1.145
0.222
-0.937
1.827
0.257
0.184
0.613
0.801
2.128
2.115
1.501
0.268
-0.264
0.691
-0.702
0.542
0.209
-0.069
-0.117
-0.195
-0.066
-0.752
-0.362
1.233
-0.684
-0.236
-1.018
1.960
0.218
0.033
0.135
-0.247
-0.405
-2.918
-2.672
-0.530
0.113
0.022
0.192
-0.871
1.342
0.700
0.220
-2.590
-0.432
0.469
1.299
0.052
0.303
-1.326
0.126
-0.681
2.597
1.522
1.118
1.319
1.050
0.252
0.229
0.543
-0.062
0.238
0.117
-0.066
-0.201
-0.098
-0.066
0.124
0.425
-0.025
-0.121
0.212
-0.750
-0.026
2.490
1.522
1.257
1.644
2.458
0.505
-0.170
0.058
0.271
0.313
-0.071
-0.104
0.866
-1.368
-0.671
0.191
0.015
-0.665
0.228
0.195
0.655
-0.047
-0.317
0.167
0.949
1.182
-0.274
2.086
0.742
0.020
0.379
0.730
-0.623
0.020
0.287
-0.002
-0.023
-0.735
-0.120
-0.371
1.172
-0.707
0.847
1.083
-0.084
0.118
-0.861
0.401
-0.209
0.233
0.025
-0.124
0.339
1.476
0.049
-0.034
0.575
0.118
1.455
-0.379
0.237
0.172
-0.029
-0.380
0.670
0.029
0.287
0.806
-0.312
-0.723
-0.145
-0.691
-0.542
-0.136
-0.775
0.458
-1.064
0.007
-1.250
-0.942
-0.034
-0.219
0.634
0.736
-1.025
-0.509
-0.562
-0.074
1.034
0.579
0.364
0.173
-0.221
-0.307
0.436
0.093
0.201
1.946
-0.012
-0.363
0.036
0.629
0.225
0.312
-3.192
0.351
0.181
-0.065
-0.115
-0.093
0.147
-0.091
-0.262
-0.284
0.378
0.615
0.070
0.049
-0.468
-0.166
-2.804
-2.502
-2.363
-1.301
-0.079
-0.637
-0.172
-0.930
-0.340
-2.016
0.787
-0.431
-0.045
-0.066
-0.066
-0.138
-0.580
-0.105
0.463
0.305
0.482
1.114
-0.393
-0.382
-0.266
0.216
-0.039
0.242
-0.192
-0.484
3.334
2.776
1.186
-0.147
0.167
