-0.058
-0.059
-0.107
-0.063
-0.062
-0.057
-0.055
-0.039
-0.055
-0.055
-0.063
-0.055
-0.055
-0.051
-0.048
-0.055
-0.055
-0.053
-0.057
-0.056
-0.056
-0.058
-0.055
-0.055
-0.055
-0.042
-0.036
-0.043
-0.034
-0.056
-0.056
-0.055
-0.055
-0.055
-0.055
-0.055
-0.055
-0.055
-0.055
-0.055
-0.064
-0.049
-0.050
-0.050
-0.044
-0.045
-0.046
-0.054
-0.061
-0.062
-0.055
-0.063
-0.056
-0.058
-0.053
-0.053
-0.056
-0.054
-0.050
-0.047
-0.055
-0.055
-0.058
-0.065
-0.059
-0.058
-0.058
-0.056
-0.048
-0.047
-0.049
-0.049
-0.051
-0.054
-0.050
-0.049
-0.131
-0.048
-0.048
-0.047
-0.056
-0.059
-0.071
-0.058
-0.056
-0.057
-0.058
-0.067
-0.101
-0.056
-0.067
-0.066
-0.063
-0.062
-0.062
-0.061
-0.058
-0.059
-0.057
-0.057
-0.057
-0.081
-0.059
-0.059
-0.058
-0.057
-0.056
-0.058
-0.039
-0.036
-0.059
-0.040
-0.055
-0.055
-0.055
-0.055
-0.055
-0.055
-0.055
-0.055
-0.055
-0.052
-0.049
-0.049
-0.055
-0.055
-0.055
-0.055
-0.055
-0.055
-0.055
-0.047
-0.046
-0.055
-0.061
-0.060
-0.055
-0.055
-0.054
-0.082
-0.060
-0.060
-0.063
-0.063
-0.062
-0.062
-0.056
-0.060
-0.040
-0.110
-0.056
-0.057
-0.055
-0.055
-0.055
-0.055
-0.055
-0.055
-0.055
-0.055
-0.055
-0.054
-0.055
-0.055
-0.055
-0.052
-0.052
-0.052
-0.052
-0.052
-0.061
-0.061
-0.061
-0.103
-0.066
-0.062
-0.061
-0.064
-0.061
-0.128
-0.053
-0.051
-0.052
-0.059
-0.062
-0.055
-0.058
-0.050
-0.051
-0.050
-0.054
-0.055
-0.054
-0.031
-0.077
-0.061
-0.061
-0.064
-0.063
-0.061
-0.189
-0.148
-0.066
-0.064
-0.062
-0.062
-0.055
-0.056
-0.055
-0.056
-0.055
-0.057
-0.056
-0.061
-0.053
-0.053
-0.081
-0.074
-0.085
-0.086
-0.076
-0.081
-0.075
-0.074
-0.158
-0.076
-0.151
-0.054
-0.045
-0.047
-0.057
-0.035
-0.055
-0.048
-0.052
-0.053
-0.052
-0.054
-0.061
-0.070
-0.069
-0.064
-0.065
-0.064
-0.056
-0.056
-0.066
-0.055
-0.067
-0.061
-0.076
-0.063
-0.070
-0.043
-0.044
-0.041
-0.040
-0.057
-0.042
-0.040
-0.043
-0.040
-0.043
-0.039
-0.043
-0.068
-0.055
-0.040
-0.041
-0.047
-0.057
-0.068
-0.062
-0.064
-0.066
-0.066
-0.059
-0.060
-0.058
-0.058
-0.059
-0.056
-0.057
-0.061
-0.055
-0.057
-0.043
-0.059
-0.055
-0.055
-0.023
-0.062
-0.046
-0.038
-0.061
-0.078
-0.171
-0.050
-0.068
-0.042
-0.042
-0.048
-0.043
-0.045
-0.044
-0.055
-0.056
-0.092
-0.055
-0.055
-0.055
-0.062
-0.062
-0.052
-0.056
-0.056
-0.056
-0.063
-0.062
-0.061
-0.031
-0.032
-0.033
-0.053
-0.042
-0.037
-0.053
-0.056
-0.055
-0.057
-0.058
-0.062
-0.057
-0.057
-0.055
-0.064
-0.060
-0.061
-0.053
-0.049
-0.060
-0.054
