-0.242
-0.310
-0.416
-0.414
-0.687
-2.198
-0.011
-0.421
-1.757
-0.494
0.071
-3.051
-0.909
-0.154
0.059
-1.042
-0.534
-0.529
-0.287
-0.292
0.197
0.143
0.660
-0.544
0.495
-0.273
0.216
-0.161
0.104
0.206
0.082
-1.313
0.081
0.124
0.596
0.036
-0.476
-0.134
-0.257
-0.307
-0.905
-0.410
-0.714
-0.141
0.053
0.023
0.092
-0.148
-0.694
-0.174
-0.800
-0.092
-1.679
-1.560
-0.436
-0.116
-2.358
0.399
0.042
0.245
-2.573
-0.564
-1.522
0.050
0.259
0.230
0.146
-0.526
-0.041
0.086
0.121
0.077
-0.317
0.089
0.041
0.060
0.434
0.051
0.133
0.081
-2.129
-0.098
0.117
-1.376
-0.305
-2.198
-1.129
0.067
0.100
0.025
0.104
0.055
0.104
0.091
-1.941
0.027
0.121
-0.463
-2.755
-0.931
0.246
0.293
-2.643
-0.197
-1.377
-0.036
0.114
0.216
-1.700
0.099
0.050
0.104
0.074
1.087
-0.055
0.044
-3.563
0.570
-0.918
-0.636
-2.271
-2.426
-0.943
-0.543
0.070
-1.222
-1.906
0.030
-0.289
-0.165
0.860
-0.131
0.153
-0.826
0.019
0.019
-1.025
0.076
0.038
2.394
-1.830
-0.534
0.230
-0.022
0.411
-0.185
2.111
1.422
-0.011
0.714
-0.152
0.062
-0.034
-0.995
-0.080
-1.972
0.536
-0.572
-0.375
-0.961
-0.429
-0.350
0.842
-0.488
0.015
-1.628
-0.154
0.061
-1.044
-0.367
-0.183
-0.166
-0.227
0.137
-0.190
-0.187
-0.021
-0.065
0.098
0.139
0.067
-1.965
-0.390
0.188
0.002
0.679
-0.064
-2.744
-1.619
-0.898
-2.003
-3.148
-0.543
0.065
-0.466
-0.574
-0.706
0.174
0.076
0.074
0.025
0.043
-0.077
-0.109
-0.023
-0.341
-0.029
-2.570
-0.880
0.817
-0.742
-0.855
-0.789
-0.423
-2.725
-0.497
-0.266
-0.572
-0.040
0.098
-0.038
-0.067
-0.137
-0.114
0.082
0.102
0.157
-0.626
0.362
-0.891
-0.381
0.046
0.008
0.066
-0.574
-0.112
-0.553
0.670
0.250
-0.124
-1.036
-1.055
-0.387
-0.609
-0.513
0.104
0.096
0.582
0.104
0.332
0.421
-0.574
-0.073
-0.551
-0.623
0.107
0.091
-0.839
-0.024
-0.328
-0.025
0.089
-0.679
-0.102
-0.078
0.157
0.160
-0.100
-0.036
0.200
0.176
0.055
0.027
0.112
0.039
-0.498
-0.507
-0.405
-0.182
0.178
0.127
-0.318
0.106
-0.331
-2.361
-0.054
-0.137
-0.182
-0.089
-0.200
0.177
0.499
-0.014
0.064
0.104
0.108
0.040
-0.338
0.072
0.282
0.093
-0.111
0.081
0.003
0.104
-0.134
0.043
2.248
1.451
1.810
0.876
0.333
0.848
0.082
0.469
0.710
-0.371
-0.102
0.068
0.030
-0.009
-0.080
-0.036
0.475
-0.145
-0.169
-0.281
-0.280
-1.113
-0.252
0.069
0.071
0.129
0.217
-0.026
-0.063
0.137
-1.035
-2.731
-2.459
-0.849
-1.041
