0.258
0.366
-0.094
0.430
0.448
2.392
0.009
0.730
1.591
0.564
0.227
2.772
0.663
0.051
0.130
2.051
0.572
0.535
0.214
0.280
-0.094
0.090
-0.870
0.446
-0.184
-0.094
-0.515
0.260
-0.109
-0.354
0.034
0.917
-0.643
0.292
-0.235
-0.094
0.412
0.359
0.384
0.540
0.255
0.667
0.492
0.517
0.091
0.365
-0.104
-0.094
1.480
0.199
1.133
0.098
1.534
1.381
0.370
0.543
2.022
0.012
0.418
-0.094
2.383
0.879
1.644
-0.194
-0.188
0.154
-0.201
0.767
-0.042
-0.474
-0.209
0.024
-0.103
-0.145
-0.149
0.021
-1.101
-0.380
-0.266
-0.429
2.379
0.145
-0.140
1.678
0.398
2.479
1.525
0.423
0.170
0.641
0.389
0.360
-0.303
0.020
2.394
-0.403
-0.415
0.470
2.336
0.977
0.132
-0.125
2.670
-0.322
1.420
0.304
-0.039
0.194
2.699
-0.305
0.536
-0.275
-0.509
-1.473
0.167
-0.000
3.308
-0.399
0.074
0.729
1.683
2.417
1.139
0.301
-0.137
1.321
1.351
0.292
0.518
0.496
-0.379
0.441
-0.107
1.012
-0.006
-0.034
1.281
0.139
0.410
-0.094
2.166
0.305
-0.184
0.188
-0.432
0.274
-1.991
-1.437
-0.191
-0.554
0.220
-0.361
-0.232
1.247
-0.501
2.037
-0.881
-0.304
0.190
0.989
0.631
0.479
-1.051
0.470
-0.573
2.132
0.381
0.523
1.012
0.626
0.264
0.112
0.233
-0.122
0.240
0.429
0.156
0.103
-0.096
-0.219
0.216
1.936
0.751
-0.092
0.033
-0.456
0.276
2.626
2.071
0.905
1.782
3.015
0.476
0.278
0.417
0.264
0.548
-0.296
-0.097
-0.094
-0.330
-0.205
0.209
0.215
0.188
0.361
-0.021
2.210
0.767
-0.412
0.608
0.983
0.516
0.129
2.386
0.907
0.181
0.422
-0.039
-0.260
-0.152
-0.196
0.211
0.164
-0.136
-0.229
-0.148
0.528
0.118
0.840
0.686
0.406
0.269
0.089
0.331
-0.094
0.536
-0.581
0.224
0.138
-0.094
0.796
0.694
0.312
0.956
-0.043
-0.207
-0.408
-0.159
-0.445
-0.522
0.679
0.413
-0.039
0.079
-0.434
-0.420
-0.858
1.657
0.337
0.318
-0.256
-0.002
-0.911
-0.286
-0.678
0.055
0.382
-0.164
0.092
-0.128
-0.093
-0.002
-0.094
-0.383
0.466
0.097
0.277
0.322
-0.283
-0.094
0.107
-0.109
-0.014
2.028
0.056
-0.056
0.061
-0.687
0.393
-0.408
-2.094
0.015
-0.282
0.083
-0.003
-0.017
0.338
0.125
-0.168
-0.094
0.105
0.069
0.069
0.022
-0.021
-0.094
-2.064
-1.458
-1.632
-1.011
-0.176
-0.519
0.115
-0.209
-0.827
-0.194
0.003
0.115
0.013
0.022
0.368
0.041
-1.399
-0.640
-0.020
0.069
0.395
1.104
0.077
-0.005
0.219
-0.094
-0.491
-0.094
-0.220
0.020
1.595
2.763
2.799
0.102
1.885
