0.106
0.106
0.106
0.106
-0.777
-2.760
0.106
-0.157
-1.718
-0.840
0.033
-4.251
-1.210
-0.605
0.067
-2.457
-0.915
-0.293
-0.388
0.106
0.140
0.799
0.564
-0.472
0.040
0.106
1.525
-2.018
0.832
0.272
-0.210
0.092
1.773
0.474
0.811
-0.102
0.077
0.049
-0.144
-0.286
-0.057
-0.279
0.068
0.090
0.106
0.104
0.814
0.117
-0.081
-0.569
-1.544
0.033
-2.002
-1.740
-1.645
0.043
-2.138
0.532
0.123
0.156
-2.596
-0.628
-2.084
0.090
0.115
0.187
0.106
-0.148
-0.012
0.798
0.672
0.234
0.176
0.191
0.144
-0.052
1.131
0.537
0.149
0.331
-1.902
0.031
0.257
-2.599
-1.167
-2.421
-0.813
0.250
0.106
0.751
0.118
0.503
0.296
0.333
-4.419
0.106
0.479
0.026
-3.245
-1.567
0.298
0.024
-3.584
-0.233
-2.159
-0.335
0.020
0.106
-3.742
-0.015
0.106
0.186
0.122
2.508
0.106
0.727
-3.305
0.691
-0.107
-0.396
-1.695
-3.855
-2.276
-0.537
0.117
-1.719
-1.464
0.168
-0.062
-0.326
1.142
-0.123
-0.052
-0.991
0.120
0.041
-1.646
-0.428
-0.668
1.562
-2.925
-0.814
0.381
-0.472
0.518
-0.854
3.506
1.809
0.106
1.471
0.066
0.167
0.150
-1.836
0.106
-2.309
1.038
0.042
0.213
-0.897
0.105
0.106
1.072
-0.174
0.768
-5.382
-0.604
-1.122
-2.492
-0.596
-0.521
-0.255
-0.476
0.022
-0.266
-0.346
-0.047
-0.023
0.219
0.050
0.156
-1.612
-0.044
0.120
0.069
0.927
0.095
-3.453
-1.777
-0.865
-2.112
-2.906
-0.615
-0.418
-0.402
-0.300
-0.261
0.106
0.063
-0.009
0.095
0.106
-0.252
-0.081
0.049
0.054
0.451
-2.903
-1.167
0.363
-0.427
-1.166
-0.912
0.037
-3.093
-1.354
-0.011
-0.152
0.064
0.400
0.106
0.063
-0.181
-0.225
0.106
0.318
0.505
0.101
0.353
-1.375
-0.843
-0.569
0.477
0.147
-0.717
-0.275
-0.753
0.145
-0.206
0.014
0.106
-0.019
-0.046
-0.007
-0.841
0.168
0.088
-0.495
0.192
1.109
0.634
-1.530
-0.577
0.100
-0.185
0.136
0.182
0.572
-0.033
0.073
0.014
0.229
0.106
0.593
0.128
0.367
-0.043
-0.035
0.131
-0.079
-0.010
0.077
0.102
0.233
0.035
-0.791
-0.341
-0.288
-0.464
0.192
0.165
-0.115
0.233
-0.208
-3.183
-0.074
0.124
0.072
0.106
0.019
0.058
0.359
-0.093
0.039
0.077
0.141
0.128
0.079
0.039
0.425
0.208
-0.213
0.130
-0.037
0.247
-0.271
0.134
4.762
3.693
3.411
2.845
0.080
0.225
-0.568
0.172
1.118
-0.876
-0.097
-0.048
-0.028
0.020
-0.078
0.248
1.484
0.440
0.106
0.136
-0.396
-0.808
-0.125
0.161
-0.764
-0.183
0.357
0.073
0.047
-0.115
-2.149
-3.454
-2.935
-0.392
-1.564
