-0.338
-0.313
0.192
0.044
-0.631
3.359
-0.010
-0.028
2.785
0.613
-0.157
2.700
0.721
-0.282
0.218
0.689
0.372
0.398
-0.010
0.228
-0.223
-0.069
-0.852
1.037
-0.088
0.167
-0.391
0.418
-0.097
-0.476
0.058
0.551
-0.077
-0.010
-0.185
-0.250
0.019
0.055
-0.010
1.247
0.274
-0.074
-0.025
-0.105
-0.247
-0.043
-0.406
-0.326
0.546
0.531
0.140
0.997
3.371
1.839
0.232
0.449
2.938
0.543
0.136
0.283
2.091
0.300
1.263
-0.260
0.003
0.084
0.123
0.643
-0.002
-0.268
-0.141
-0.015
0.099
-0.014
-0.010
0.074
-0.962
-0.010
-0.105
-0.169
2.841
-0.004
0.118
2.153
0.405
3.017
1.582
0.012
-0.455
-0.309
-0.010
-0.010
-0.154
0.033
1.737
-0.580
0.090
0.655
1.644
0.720
0.235
0.205
2.938
0.160
0.760
0.049
-0.166
-0.080
3.599
-0.354
-0.319
0.024
-0.479
-0.597
-0.010
-0.137
3.510
-0.501
0.696
0.812
1.562
1.890
0.274
0.260
0.073
-0.099
1.517
-0.090
0.419
0.415
-0.742
-0.127
-0.010
0.038
-0.010
0.013
1.337
-0.079
0.041
-3.741
1.238
-0.241
-0.184
0.201
-0.077
0.171
-1.962
-1.148
-0.083
-0.651
-0.252
-0.162
-0.033
0.983
0.011
1.675
-0.216
0.560
0.341
1.103
0.007
0.348
-1.937
0.374
-1.010
2.848
0.740
0.825
1.818
1.258
0.306
0.331
0.188
0.493
0.334
0.398
0.005
0.014
0.351
0.800
-0.118
1.664
0.331
0.026
-0.010
-0.123
0.013
1.344
0.305
0.050
1.324
1.579
0.606
-0.159
0.158
0.690
0.811
-0.109
-0.337
0.014
-0.169
-0.036
-0.075
0.522
-0.010
0.452
0.005
1.841
0.568
-1.067
-0.010
1.010
0.842
0.165
1.596
0.374
0.227
0.055
-0.553
-0.782
0.065
0.024
0.039
0.004
0.139
-0.566
-0.435
0.371
-0.010
0.500
0.128
0.048
0.126
-0.010
0.172
-0.121
0.375
0.031
0.012
-0.031
0.553
0.463
0.582
0.294
0.551
-0.004
-0.187
-1.191
-0.122
-0.244
-0.042
0.667
0.051
-0.010
0.588
-0.174
-0.022
-0.159
-0.108
-0.021
-0.010
-0.261
0.082
-1.190
-0.010
-0.317
-0.297
-0.068
0.544
-1.122
-0.405
-0.028
-0.010
-0.038
0.085
0.504
0.215
0.079
0.307
-0.096
-0.481
-0.011
-0.031
0.116
2.355
-0.154
-0.070
0.042
0.029
0.413
-0.010
-0.106
0.344
0.128
0.353
-0.075
0.666
0.260
-0.095
0.155
-0.018
0.380
0.181
0.080
0.332
-0.010
0.262
-2.845
-1.516
-2.421
-1.197
0.189
-0.731
-0.060
-0.101
-0.093
0.175
-0.010
-0.010
-0.010
0.472
0.308
-0.010
-0.968
-0.339
0.405
-0.014
0.998
0.312
0.118
-0.147
0.275
-0.290
-0.470
-0.622
-0.305
0.030
1.358
2.489
0.719
0.787
1.446
