-0.012
-0.172
-0.050
0.271
0.043
3.504
-0.483
0.271
1.875
0.845
0.271
2.806
1.204
-0.129
0.347
2.265
0.396
1.228
0.301
0.391
-0.282
-1.020
-0.001
0.426
0.177
-0.840
-1.120
-1.438
-0.758
-1.127
0.074
2.402
-1.465
0.737
0.589
0.796
0.784
0.208
0.557
0.010
0.271
0.459
-0.223
0.268
0.125
0.242
-0.136
0.271
0.513
0.917
1.106
1.180
2.554
1.968
0.323
0.412
2.224
-0.748
0.271
-0.686
2.061
1.134
2.066
0.200
0.367
-0.334
-0.319
0.639
0.210
0.245
0.215
0.212
0.271
0.142
0.245
0.216
0.104
0.152
0.198
0.246
1.215
-0.105
0.379
0.861
0.228
1.312
0.872
0.218
-0.016
0.255
0.071
0.263
0.254
0.379
1.813
0.159
0.453
0.138
1.084
0.264
0.489
0.130
1.595
0.151
1.899
1.865
-0.080
0.294
1.661
-1.081
0.425
0.086
0.585
-2.224
0.690
-0.926
2.136
-0.121
0.330
0.594
0.679
1.513
1.155
0.669
0.898
0.214
1.582
-0.148
0.893
0.271
0.319
0.087
0.248
0.271
0.660
0.427
0.688
-0.908
-0.025
-1.317
1.011
-0.593
-0.127
-0.272
-0.452
0.380
-1.098
-0.157
0.517
-0.265
0.330
-0.373
0.061
2.366
2.492
1.705
-0.216
1.843
1.256
2.489
0.485
0.650
-0.150
0.583
0.155
4.320
1.947
1.429
2.235
2.156
0.697
0.637
0.715
0.253
0.686
0.397
0.191
0.241
0.227
0.272
-0.164
1.532
0.253
0.306
0.271
-0.738
0.570
3.708
3.468
1.211
2.733
1.257
0.610
0.142
0.281
0.271
0.246
0.041
0.193
0.008
0.475
0.278
-0.026
0.251
0.271
0.271
0.102
1.951
0.868
0.189
0.450
1.023
0.578
-0.570
1.937
0.070
0.792
0.347
0.387
-0.059
0.271
0.275
0.336
0.400
0.318
0.271
-0.089
0.315
0.082
0.944
0.423
-1.541
0.048
0.192
0.752
0.598
0.143
-0.440
-0.549
1.266
2.003
1.794
1.587
1.315
1.302
-0.652
0.255
0.235
0.271
0.262
-0.035
1.616
0.300
0.274
0.563
0.034
0.156
0.385
0.128
0.175
0.175
-0.678
0.328
-0.715
0.106
-1.283
-1.684
0.848
-0.489
0.665
0.193
-0.047
0.269
0.325
0.337
0.303
0.599
0.594
0.522
-0.571
-0.022
0.455
-0.064
0.299
1.528
0.143
0.271
-0.122
2.430
0.454
-1.095
0.184
0.271
0.120
0.375
-0.396
0.085
0.271
0.193
-0.032
-0.098
0.418
0.064
0.271
0.134
0.408
0.299
-1.686
-1.165
-2.093
-0.766
0.470
0.322
0.129
0.275
-0.288
-0.606
0.271
0.109
0.220
0.270
0.180
0.177
-0.561
-0.550
0.520
-0.499
0.744
1.130
0.271
0.285
-0.044
1.019
0.251
-0.293
0.271
0.368
3.683
3.590
2.283
0.316
1.095
