-0.003
-0.003
-0.504
-0.269
-1.007
-3.166
0.099
-0.598
-2.362
-1.066
-0.281
-3.662
-1.015
-0.244
-0.278
-2.463
-0.794
-0.326
-0.349
-0.235
0.046
-0.273
-0.003
-0.771
0.081
-0.003
0.332
-0.516
0.330
0.097
-0.084
-1.810
-0.347
-0.003
0.482
-0.003
-0.581
-0.834
-0.434
-0.961
-0.856
-0.974
-0.710
-0.685
-0.536
-0.507
-0.223
-0.003
-0.646
-0.679
-1.756
-0.291
-1.586
-1.149
-0.559
-0.729
-2.303
-0.294
-0.150
0.125
-3.233
-0.837
-2.458
-0.042
-0.003
-0.353
-0.142
-0.697
-0.044
0.469
0.470
0.495
0.324
-0.465
0.627
-0.094
0.209
0.559
0.058
0.276
-3.204
-0.166
0.332
-1.315
-0.276
-2.974
-1.698
-0.148
-0.003
-0.453
-0.154
-0.358
-0.227
-0.276
-3.076
0.443
0.018
-0.267
-3.291
-1.787
-0.480
-0.042
-4.361
-0.019
-1.757
-0.835
-0.251
-0.003
-3.238
-0.080
-0.343
-0.077
-0.003
2.088
-0.276
-0.186
-4.188
0.149
-0.438
-1.391
-2.361
-3.313
-1.835
-0.798
0.049
-1.567
-1.642
0.057
-0.706
-0.376
-0.003
-1.245
0.010
-1.484
-0.023
-0.094
-1.716
-0.215
-0.226
-0.003
-2.712
-0.631
0.230
-0.686
0.473
-0.766
2.011
0.486
-0.003
0.655
-0.360
0.164
0.145
-1.413
0.076
-1.703
0.923
-0.230
-0.490
-1.442
-0.629
-0.989
1.363
-1.152
0.803
-4.072
-0.025
-1.026
-2.034
-0.313
-0.732
0.017
-0.477
-0.046
-0.611
-0.758
-0.331
-0.150
-0.119
0.018
-0.158
-2.099
-1.219
-0.138
-0.162
0.609
0.064
-3.510
-2.684
-1.198
-2.761
-5.414
-0.795
-0.428
-0.334
-0.746
-0.579
0.228
-0.062
-0.217
-0.003
-0.003
-0.514
-0.686
-0.449
-0.809
0.202
-2.670
-1.447
0.536
-1.080
-1.216
-0.867
-0.364
-2.332
-0.863
-0.486
-0.536
-0.294
0.253
-0.014
0.140
-0.267
-0.215
-0.000
0.231
0.363
-0.859
0.314
-1.157
-0.923
-0.185
-0.543
-0.117
-0.279
-0.011
-0.838
0.296
-0.148
-0.873
-0.003
-0.193
-0.620
-1.147
-0.845
0.022
-0.163
0.812
0.058
0.624
0.619
-0.744
-0.608
-0.028
0.019
0.001
0.032
0.126
-3.059
-0.354
-0.014
0.013
-0.067
0.044
0.000
0.045
-0.238
-0.174
0.088
-0.787
-0.130
-0.401
-0.270
0.304
-0.146
-0.587
-0.775
-0.725
-0.540
0.190
-0.003
-0.587
-0.003
-0.536
-3.712
-0.363
0.038
0.083
-0.003
-1.141
0.518
0.613
0.048
0.136
0.065
0.024
-0.025
-0.330
-0.060
0.180
0.033
-0.332
0.138
-0.114
0.089
-0.011
-0.066
3.842
2.461
2.405
2.027
0.185
0.493
-0.160
0.095
0.628
0.564
-0.317
-0.766
-0.186
-0.158
-0.517
0.091
1.196
-0.313
-0.300
-0.164
-0.729
-1.544
-0.042
0.207
-0.686
-0.003
0.273
-0.200
-0.060
-0.402
-2.462
-3.771
-2.110
-1.024
-2.910
