-0.264
-1.290
-1.268
-0.090
0.766
3.198
0.244
1.000
1.621
0.885
0.165
2.970
0.772
0.143
-0.044
2.865
0.519
0.725
0.020
0.451
-0.204
-0.271
-2.160
0.855
-0.060
0.059
-0.467
0.195
-0.204
-0.141
0.232
0.962
-0.239
-0.081
-0.239
-0.102
0.615
0.526
0.237
0.400
0.716
0.473
0.799
0.322
0.880
0.937
-0.164
-0.071
0.913
0.208
1.089
0.700
1.605
1.509
0.361
0.441
2.639
0.058
0.098
0.007
2.569
1.044
1.975
0.117
-0.104
0.184
0.250
0.427
0.128
-0.252
-0.211
-0.159
-0.200
0.419
-0.525
0.132
-0.526
-0.165
-0.123
-0.143
2.844
0.143
0.105
1.795
0.068
2.126
0.958
0.263
0.026
-0.232
0.280
0.237
-0.161
0.070
2.616
-0.673
0.109
0.276
2.842
1.347
0.173
0.073
3.110
0.202
1.238
0.256
-0.179
0.066
2.759
0.151
0.257
0.098
-0.041
-2.083
-0.014
-0.043
3.087
-0.432
-0.001
0.580
1.474
3.041
1.524
0.583
0.305
0.773
1.163
0.049
0.056
0.343
-0.391
1.291
0.060
0.810
0.140
0.201
0.771
0.208
-0.043
-2.368
2.143
0.233
0.207
0.528
-0.443
0.693
-2.719
-2.019
0.265
-0.084
0.274
0.118
-0.096
1.132
0.643
2.633
-0.853
0.190
0.241
0.860
0.372
0.334
-0.446
0.462
-0.377
3.668
2.197
1.165
2.015
2.350
0.479
-0.040
0.412
-0.687
0.404
0.376
-0.190
0.122
-0.215
-0.829
0.008
2.074
0.811
0.071
0.072
-0.562
0.166
2.091
1.433
0.955
2.925
3.727
0.551
0.844
0.077
0.443
0.571
-0.179
-0.144
-0.053
-0.404
-0.404
0.548
0.514
0.260
0.410
0.216
2.027
0.901
-0.727
0.608
0.902
0.624
0.390
1.919
0.594
0.374
0.002
0.218
-0.424
-0.201
-0.492
0.102
-0.056
-0.307
-0.265
-0.309
0.265
0.752
1.247
0.623
0.264
0.339
0.131
0.515
-0.143
0.738
-0.316
0.019
0.460
0.977
1.062
1.032
1.096
0.589
-0.294
-0.239
-0.510
-0.206
0.068
-0.738
0.590
0.311
0.278
0.381
-0.067
-0.087
0.395
0.133
0.412
0.278
-0.128
0.336
-0.756
0.080
-0.900
-0.097
0.280
0.036
0.220
0.617
0.008
-0.011
-0.080
0.123
0.935
0.403
0.187
0.177
-0.216
-0.119
0.222
-0.085
0.084
1.901
0.141
0.037
-0.011
0.301
0.439
-0.344
0.191
0.066
0.115
-0.264
-0.219
-0.336
0.095
-0.097
-0.237
-0.280
0.085
-0.737
0.184
-0.093
0.119
0.216
-2.584
-1.564
-1.830
-1.068
-0.154
-0.883
0.295
-0.524
-0.507
0.833
0.222
-0.029
0.058
0.412
0.616
0.022
-1.095
-0.001
0.209
0.454
0.159
0.961
0.260
0.306
0.518
0.082
-0.409
-0.169
0.125
0.267
1.386
2.583
2.270
1.477
2.595
