-0.131
-0.358
-0.165
-0.165
0.568
3.002
-0.165
0.733
1.859
0.636
0.256
3.098
0.641
-0.144
-0.125
1.227
0.003
-0.040
-0.092
-0.093
-0.165
-0.221
-1.232
0.795
-0.228
1.075
-0.465
1.666
-0.327
-0.605
-0.165
0.577
-0.357
0.836
0.123
0.275
0.660
0.773
-0.066
0.516
-0.139
0.289
-0.165
0.265
-0.154
-0.165
-0.165
0.019
0.711
0.033
1.880
0.307
0.957
0.956
0.203
0.578
2.301
-0.883
-0.012
-0.903
2.720
0.829
1.673
-0.136
0.055
-0.072
-0.029
0.419
0.907
-0.280
-0.165
-0.112
0.350
-0.107
-0.038
-0.052
-0.444
-0.143
-0.162
-0.188
2.394
0.178
-0.169
1.634
0.381
1.027
0.683
-0.180
-0.139
-0.064
-0.203
-0.226
-0.216
-0.102
2.003
-0.211
-0.174
0.001
2.356
0.687
-0.028
-0.119
2.613
-0.164
1.336
0.290
-0.136
0.103
1.731
-0.007
0.068
-0.142
0.460
-1.576
0.020
0.098
3.261
-0.964
-0.089
0.836
1.247
2.967
1.799
0.443
0.011
1.201
0.209
-0.165
-0.165
1.865
-0.104
-0.129
-0.148
0.706
-0.077
0.109
1.413
0.289
0.354
-1.315
2.484
0.433
-0.229
-0.024
-0.456
0.629
-1.948
-1.171
-0.253
-0.734
-0.138
-0.126
-0.165
0.967
0.777
3.859
-0.411
0.342
0.199
0.846
0.130
-0.069
-0.199
-0.101
-0.172
1.401
0.219
0.427
1.779
0.744
0.160
-0.158
0.171
-0.211
0.175
0.259
-0.036
-0.153
-0.179
-0.185
-0.140
2.028
0.268
-0.055
-0.165
-0.316
-0.165
1.546
0.719
0.326
1.287
1.724
0.225
0.013
0.250
-0.140
-0.101
-0.165
-0.165
-0.165
-0.165
-0.165
-0.144
-0.130
-0.165
-0.165
-0.090
2.080
0.247
-0.404
0.802
1.135
1.006
0.457
2.154
1.185
0.117
0.289
-0.167
-0.159
-0.133
-0.012
0.151
0.097
-0.162
-0.269
-0.695
0.304
0.076
-0.147
0.514
-0.156
0.273
-0.151
0.096
-0.205
0.125
-0.687
-0.094
-0.117
0.407
0.796
0.234
0.383
0.254
0.252
-0.172
-0.392
-0.179
0.107
-0.569
0.818
0.054
0.044
0.041
-0.203
-0.008
0.693
-0.014
0.094
0.479
-0.095
0.353
-0.794
0.025
-0.560
-0.421
0.016
-0.144
-0.209
0.116
0.263
-0.013
-0.184
0.147
0.145
0.014
0.065
0.112
-0.050
-0.120
-0.016
-0.047
-0.090
1.331
0.036
-0.195
0.047
1.169
-0.072
-0.165
-0.235
0.121
0.098
-0.003
0.008
0.097
0.043
0.088
0.018
0.237
0.208
0.182
-0.006
0.030
-0.280
-0.157
-2.420
-1.409
-1.568
-1.065
-0.545
-0.909
-0.112
-0.841
-0.516
-0.184
-0.126
-0.229
-0.164
0.101
0.544
0.014
-2.349
-0.343
-0.153
0.361
0.533
0.330
0.079
0.262
0.026
0.705
-0.550
0.065
0.011
0.012
0.985
0.872
2.857
0.874
1.675
