0.017
0.001
-0.085
-0.559
-0.556
-2.797
-0.542
-1.214
-1.992
-0.460
0.315
-3.650
-0.966
-0.230
-0.275
-1.875
-0.613
-0.665
-0.315
-0.145
0.060
0.222
1.250
-0.104
0.296
0.062
0.606
-0.819
-0.344
0.358
-0.076
-0.927
0.653
0.402
0.659
0.448
-0.521
-0.244
-0.270
-0.669
-0.825
-0.671
-0.327
-0.632
-0.319
-0.232
1.005
0.091
-1.353
-0.334
-1.230
-0.050
-3.610
-3.119
-0.042
-0.955
-3.076
0.612
-0.259
0.610
-2.782
-0.883
-2.226
-0.062
0.135
-0.053
0.268
-0.575
-0.420
0.386
0.566
0.449
0.041
0.005
0.145
-0.031
0.137
0.485
0.313
0.231
-3.117
-0.407
0.209
-2.045
-0.581
-3.185
-1.686
-0.320
-0.621
-0.150
-0.304
-0.156
0.247
-0.239
-3.954
0.067
0.288
-0.297
-2.849
-1.779
0.267
0.140
-3.938
0.033
-2.115
-0.335
0.203
0.018
-2.926
0.190
0.126
0.079
0.140
2.066
0.107
0.338
-3.329
0.408
-0.613
-0.675
-2.042
-2.149
-1.249
-0.357
-0.622
-1.257
-1.561
0.205
-0.591
0.139
1.068
-0.957
0.190
-1.603
-0.208
-0.237
-1.273
0.169
0.081
0.083
-2.666
-0.266
0.051
0.030
0.380
-0.124
2.459
1.582
0.130
0.803
-0.266
0.112
0.477
-1.749
0.387
-1.510
0.644
-0.434
-0.296
-1.516
-0.499
-0.275
1.130
-0.649
0.665
-4.294
-1.119
-1.006
-1.577
-1.731
-0.385
-0.128
-0.203
0.032
-0.385
-0.395
-0.173
-0.124
0.049
0.025
0.265
-1.758
-0.990
0.064
0.074
0.815
-0.478
-3.955
-3.034
-1.039
-3.083
-3.807
-0.791
-1.777
-0.512
-0.576
-1.394
0.315
0.257
0.062
0.378
0.398
-0.487
-0.458
-0.395
-0.285
0.163
-2.203
-0.923
0.067
-0.520
-1.407
-0.753
-0.433
-2.828
-1.414
-0.304
-0.276
-0.244
0.062
0.048
0.301
-0.219
-0.133
0.047
0.039
0.070
-0.434
0.129
-0.712
-0.415
0.297
0.313
0.275
-0.477
-0.157
-0.692
0.519
0.087
-0.420
0.062
-0.880
-0.645
-0.300
-0.079
-0.402
-0.044
0.262
0.062
0.309
0.502
-0.327
-0.543
-0.976
-1.386
0.848
1.229
-0.659
-0.268
0.259
-0.212
0.616
-2.236
1.844
0.268
0.901
0.505
-0.926
0.445
0.094
-0.179
-0.061
0.060
0.155
-0.216
-0.760
-0.702
-0.492
-0.829
0.340
0.071
-0.091
0.072
-0.094
-1.714
0.039
0.132
0.389
0.390
-0.428
0.203
1.475
-0.022
0.373
-0.428
0.053
0.029
-0.499
0.013
0.285
0.057
-0.118
0.006
-0.065
0.105
-0.113
0.240
2.966
2.190
2.645
1.376
0.293
0.521
0.068
0.167
0.782
-0.720
-0.387
-0.307
-0.072
0.089
0.547
0.077
1.484
0.263
-0.229
-0.219
-0.759
-1.059
0.165
0.377
0.113
0.058
0.486
0.101
0.285
0.258
-2.563
-2.846
-3.575
-1.465
-2.097
