-0.061
-0.063
2.377
-0.211
-0.062
-2.204
-0.346
-0.392
-1.409
-1.214
-0.184
-2.150
-1.200
-0.479
-0.541
-1.622
-1.438
-0.081
-0.096
-0.001
0.114
0.113
0.825
-1.423
-0.180
0.079
0.658
-0.225
0.726
0.581
-0.184
-1.431
0.030
0.563
0.588
-0.228
-0.184
-0.426
-0.285
-1.480
-0.184
-0.184
-0.513
-0.184
-0.024
-0.174
-0.144
0.016
-0.856
-1.148
-0.598
0.046
-3.217
-1.690
-0.184
-0.572
-1.268
0.734
-0.226
0.724
-2.554
-1.656
-0.848
-0.074
-0.184
-1.433
-1.196
-0.283
-0.175
0.925
0.617
0.413
0.063
0.146
0.881
-0.124
0.954
0.518
0.508
0.598
-2.394
-0.184
0.083
-0.814
-0.634
-1.904
-1.124
-0.144
-0.179
0.347
-0.147
-0.189
0.033
-0.471
-1.723
0.006
-0.038
-0.355
-1.560
-1.921
-0.647
-0.101
-2.756
-0.614
-1.324
-0.378
-0.559
-0.783
-3.004
-0.210
-0.108
-0.155
-0.277
1.169
-1.314
-0.111
-3.298
0.240
-0.163
-1.097
-0.271
-2.229
-1.194
-0.674
-1.132
-1.799
-1.641
-0.965
-1.203
-1.360
0.991
-0.210
-0.184
-0.184
-0.158
-0.148
-1.498
-0.156
-0.168
2.273
-2.146
-0.825
0.342
-0.533
0.438
-0.556
2.881
0.529
-0.525
-0.152
-1.847
-0.058
0.093
-2.835
-0.084
-3.127
-0.091
-0.075
-2.497
-2.826
-0.577
-0.143
1.008
-0.773
1.465
-2.282
1.058
-1.737
-1.848
0.563
-0.411
-0.265
-0.221
0.041
-0.405
-0.381
-0.355
0.019
-0.126
0.025
-0.340
-1.171
-0.947
-0.257
-0.524
0.101
-0.587
-2.505
-2.342
-1.848
-2.504
-2.932
-1.362
-0.184
-0.285
-0.538
-0.186
-0.097
-0.184
-0.181
-0.012
-0.131
-0.184
-0.184
-0.201
-0.379
-0.741
-1.736
-0.851
-0.184
-0.702
-0.958
-0.305
-0.252
-1.596
-1.044
-0.226
-0.184
-0.437
0.116
-0.167
-0.078
-0.226
-0.311
-0.099
-0.106
-0.139
-0.198
-0.330
-0.387
-0.291
-0.047
-0.831
-0.145
-0.493
0.019
-0.528
-0.099
-0.184
-0.158
-0.313
0.079
-0.184
-0.116
-0.603
-0.167
-0.060
-0.135
0.372
0.025
0.213
-0.607
-0.121
-0.671
-0.412
-0.099
-0.741
-1.004
-0.371
-0.421
-0.689
-0.357
-0.637
-0.011
-0.334
-0.337
-0.086
-0.574
-0.032
-0.704
-0.014
-0.184
-0.113
-0.260
0.163
-0.473
-0.184
-0.184
-0.233
-0.144
-0.065
-0.184
-0.126
-0.185
-1.880
-0.285
-0.024
-0.173
0.098
-0.731
-0.299
-0.183
-0.184
0.109
-0.176
-0.012
0.035
0.001
-0.016
1.183
0.283
-0.184
0.244
-0.184
0.181
0.023
-0.103
3.356
3.276
2.346
2.449
0.307
0.803
-0.185
0.319
0.120
0.782
-0.390
-0.184
-0.194
-0.184
-0.137
-0.051
0.184
-1.268
-0.650
0.006
-0.285
-1.120
-0.150
-0.155
-0.412
-0.179
0.105
-0.815
-0.704
-0.053
-2.292
-1.157
-1.789
-1.466
-0.887
