1.511
1.316
0.268
-0.057
-1.077
3.267
0.080
0.646
2.554
1.106
-0.485
3.467
0.843
0.291
-0.429
1.930
0.634
0.389
-0.024
0.446
0.265
-0.687
-1.440
0.380
-0.151
0.727
-0.584
0.355
-0.032
-0.550
0.514
0.366
0.000
0.352
-0.041
0.318
0.240
0.688
0.366
0.092
0.843
0.360
0.029
0.104
0.178
0.170
-0.660
0.147
1.493
0.351
0.826
-0.551
2.441
2.371
0.735
0.434
4.470
-0.443
0.159
-0.359
3.429
1.064
3.658
-0.021
-0.153
0.044
-0.046
1.144
0.123
-0.686
-0.527
-0.222
-0.042
0.454
-0.067
0.042
-0.563
-0.227
-0.088
-0.096
3.883
0.230
-0.093
2.527
0.701
3.444
1.830
0.386
0.016
-0.466
0.317
0.286
0.010
0.068
4.220
-0.298
-0.131
0.743
2.800
0.832
-0.187
-0.088
3.357
-0.060
1.120
0.306
-0.064
0.241
2.821
-0.095
-0.092
-0.019
-0.007
-1.345
-0.014
-0.103
4.874
-0.370
0.792
0.797
2.286
2.864
1.191
0.381
0.496
0.947
2.486
-0.148
0.918
0.182
-1.191
0.844
-0.445
1.232
0.263
0.185
1.094
0.184
-0.439
-1.539
2.278
0.323
0.554
0.485
0.345
1.044
-1.768
-1.580
-0.160
-0.141
0.200
0.019
-0.191
1.638
1.009
2.880
-0.831
0.264
0.505
1.347
0.498
0.400
-1.047
0.531
-0.598
3.995
1.640
0.505
0.973
2.123
0.568
0.072
0.537
0.029
0.306
0.258
0.001
0.477
0.200
0.036
0.024
2.355
1.074
0.081
-0.000
-0.578
-0.123
2.463
1.329
0.819
3.452
3.830
0.880
0.051
0.052
0.834
0.756
-0.195
0.184
0.391
-0.478
-0.418
0.820
0.566
-0.458
0.715
-0.060
2.449
0.831
-0.803
0.545
2.205
1.279
0.209
3.892
1.532
0.420
0.461
0.012
-0.337
-0.325
-0.214
0.268
0.264
-0.286
-0.765
-0.144
0.899
-0.272
1.083
0.748
0.225
-0.163
-0.038
0.175
0.070
0.726
-0.543
0.120
0.705
2.046
2.404
1.068
1.113
1.248
-0.234
-0.113
0.090
0.081
0.062
-0.422
1.394
-0.388
0.328
1.371
-0.523
-0.367
-0.085
-0.302
0.249
-0.189
-0.424
0.339
-0.838
-0.281
-0.482
-0.020
0.829
0.215
-0.182
-0.137
-0.103
-0.091
-0.597
0.161
0.565
0.381
0.503
0.332
-0.340
-0.002
0.211
-0.004
0.475
3.325
0.025
0.015
0.300
0.968
0.522
0.415
0.145
0.010
-0.138
-0.261
-0.171
-0.304
-0.061
-0.197
-0.007
-0.349
0.282
-0.461
-0.072
-0.093
-0.069
-0.202
-3.191
-1.921
-2.362
-1.792
-0.824
-2.277
0.040
-0.374
-0.802
0.251
0.479
1.316
0.030
-0.050
0.159
-0.035
-1.006
-0.691
0.452
0.040
0.342
1.516
0.169
-1.361
0.069
0.356
-0.476
-0.566
-0.371
0.343
2.978
3.134
3.758
1.422
2.462
