-0.819
-0.150
0.077
-0.097
0.004
2.728
0.065
0.411
2.939
0.718
-0.028
3.350
0.617
-1.081
-0.630
0.662
0.028
0.593
0.125
-0.345
-0.054
-0.798
-1.276
0.100
-0.380
-1.783
-0.779
-1.778
-0.696
-0.944
0.118
0.921
-0.984
0.065
-0.154
0.154
0.201
0.535
0.394
-0.594
0.277
0.481
0.496
0.138
0.087
0.090
-0.250
0.195
1.291
0.207
0.467
-0.196
0.630
0.817
-0.213
0.162
2.000
-1.660
0.062
-0.745
2.638
0.781
2.678
-0.183
0.053
-0.012
-0.710
0.179
-0.251
0.028
0.011
0.028
-0.006
0.008
0.028
-0.099
-0.677
-0.105
-0.241
0.028
2.882
-0.020
-0.026
2.838
0.352
1.319
1.165
-0.265
-0.302
-0.452
0.229
-0.154
-0.266
0.415
2.601
0.222
0.016
0.554
3.214
1.310
0.710
0.028
2.678
-0.376
0.893
1.488
-1.596
-1.545
2.537
0.516
0.074
-0.132
0.189
-1.052
-0.303
-0.438
1.398
-1.286
0.239
0.346
0.633
1.317
0.930
0.348
0.471
-0.033
1.221
-0.468
0.360
0.123
-0.019
0.057
-0.235
0.312
0.162
0.167
2.409
-0.990
-0.045
-1.989
3.712
0.579
-0.398
-1.099
-2.048
1.272
-2.585
-1.816
0.070
-0.966
0.566
0.295
0.028
1.740
1.451
1.564
-1.335
0.384
0.276
1.459
0.204
0.175
-0.756
0.163
-0.286
3.167
1.234
0.307
1.268
1.610
0.606
0.442
0.456
-0.050
1.043
0.617
0.270
-0.113
0.045
-0.101
0.258
0.777
0.149
-0.502
0.028
-0.323
-0.387
1.437
0.429
0.415
2.725
0.186
0.220
0.028
0.755
0.300
0.126
-0.053
-0.185
-0.235
-0.631
-0.595
-0.045
0.130
0.421
0.417
0.006
3.211
1.056
-0.035
0.635
1.672
0.885
-0.402
2.526
0.770
0.569
0.407
0.215
-0.156
0.006
-0.053
0.127
-0.584
-0.504
-0.035
-0.272
1.733
-0.127
1.560
0.198
-0.325
0.291
0.009
0.084
0.601
0.155
-1.497
0.227
0.851
1.599
1.758
0.393
1.082
1.040
0.104
-0.173
0.098
0.334
0.129
-0.072
0.698
0.018
0.028
0.210
-0.086
0.028
0.452
-0.076
-0.080
-0.121
0.019
0.028
-0.251
0.057
-0.523
-0.677
0.532
-0.049
0.082
0.046
0.198
0.156
0.028
-0.210
0.301
1.447
1.199
1.676
-0.125
0.161
0.968
0.502
1.351
1.722
-0.043
0.028
0.028
1.643
0.186
0.012
-0.687
0.066
0.018
0.229
-0.184
-0.910
0.371
0.299
-0.360
-0.381
0.266
-0.259
0.095
-0.111
0.370
0.131
-2.430
-2.326
-2.901
-2.361
-0.012
-0.179
0.182
0.977
-1.217
-1.428
0.107
-0.388
0.028
0.663
0.262
0.026
-0.579
-0.690
0.516
0.028
0.555
0.217
0.192
-0.708
-0.592
0.240
-1.225
0.000
-0.380
-0.513
3.201
3.476
0.284
0.870
1.636
