0.584
0.377
0.024
-0.157
0.128
2.319
0.024
-0.740
1.263
0.541
-0.174
2.308
0.528
0.045
0.024
2.055
0.634
0.514
0.152
-0.123
-0.124
-0.734
-1.586
0.581
-0.640
0.024
-1.520
-0.109
-0.796
-0.990
-0.056
0.769
-1.329
-0.188
-1.397
-0.872
0.315
0.427
0.306
0.259
0.024
0.302
0.058
0.174
0.042
-0.108
-1.181
-0.003
0.433
0.208
1.365
0.072
1.561
1.515
-0.128
0.130
2.151
-0.549
0.230
-0.531
2.306
0.653
1.529
0.086
0.005
0.267
0.043
0.883
0.237
-0.303
-0.118
-0.180
-0.042
0.077
-0.141
0.123
-0.457
-0.421
0.152
-0.186
2.475
0.062
-0.329
1.844
0.417
1.347
0.135
0.165
0.024
-0.019
0.239
-0.252
-0.744
0.309
2.154
-0.630
-0.750
0.296
2.479
0.891
-0.108
-0.601
2.699
0.066
1.147
0.949
-0.101
-0.099
2.424
-0.179
0.233
-0.520
-0.073
-1.741
0.070
0.041
3.398
-0.163
0.243
0.443
1.409
2.180
0.836
0.306
0.417
1.026
0.543
-0.171
-0.199
0.508
-0.506
0.398
-0.035
0.752
0.089
-0.030
0.483
-0.008
-0.013
-1.583
1.867
0.385
-0.219
0.412
-0.502
0.404
-2.052
-1.997
-0.201
-0.756
0.129
-0.083
-0.280
1.001
-3.179
2.522
-1.252
-0.635
-0.137
0.016
0.293
0.387
-1.361
0.401
-0.892
2.870
0.335
0.262
1.050
0.331
0.397
0.104
0.362
-0.147
0.333
0.292
0.190
0.000
-0.324
-0.303
0.051
1.820
0.645
0.652
-0.014
-0.885
0.156
2.655
1.498
0.706
2.164
3.624
0.059
1.442
0.408
0.296
0.321
0.036
-0.116
0.029
-0.058
0.039
0.237
0.267
0.241
-0.008
0.038
2.364
0.718
-0.476
0.205
1.037
0.522
0.272
2.471
0.738
0.196
0.224
0.168
-0.132
-0.020
-0.289
0.141
0.156
-0.021
-0.209
-0.018
0.568
-0.058
0.820
0.689
0.350
0.127
-0.101
0.462
-0.054
0.641
-0.974
0.127
0.210
0.024
0.880
0.341
0.213
0.864
0.027
0.318
0.360
0.010
-0.488
-0.348
0.693
0.487
0.173
0.197
0.037
-0.260
-0.931
0.104
-0.008
0.142
0.110
0.187
-0.271
0.014
-0.514
0.078
0.133
-0.127
-0.549
0.046
0.119
-0.025
-0.091
-0.134
0.682
0.332
0.343
0.143
-0.123
-0.205
0.059
-0.120
0.193
1.938
-0.044
-0.007
0.024
-3.267
0.300
-0.350
-0.555
-0.012
-2.878
0.031
0.036
0.007
0.343
0.041
-0.706
-0.082
0.318
0.041
-0.032
-0.423
0.253
0.118
-2.787
-1.494
-1.913
-1.343
-0.165
-0.289
-0.037
-0.967
-0.275
0.237
0.159
0.073
-0.142
-0.152
0.380
-0.056
-1.528
-0.768
0.026
0.192
0.543
1.372
-0.066
-0.206
0.158
0.016
-0.736
-0.152
-0.065
-0.023
2.411
1.638
3.401
0.666
1.130
