-0.214
-0.197
1.672
-0.059
-0.321
-2.494
-0.122
-0.548
-1.543
-0.431
-0.266
-2.523
-0.456
-0.238
-0.064
-2.304
-0.356
-0.367
0.032
-0.550
0.072
0.279
0.815
-0.409
0.072
0.072
0.073
0.044
0.072
-0.094
-0.053
-1.401
-0.062
0.018
0.297
-0.030
-0.985
-0.645
0.005
-0.222
-0.182
-0.975
-0.932
-0.642
-0.568
-0.566
0.164
0.071
-0.059
-0.376
-1.112
0.072
-2.880
-2.505
-0.157
-0.048
-3.327
0.114
-0.612
-0.009
-3.826
-1.374
-1.176
0.139
0.414
-0.045
0.019
-0.327
-0.173
0.179
0.405
0.131
-0.120
0.057
0.288
-0.024
0.286
-0.019
0.047
0.072
-2.486
-0.080
0.215
-1.707
-0.884
-3.332
-1.637
-0.221
0.072
-0.135
-0.128
-0.134
0.166
-0.430
-2.706
0.516
-0.004
-0.075
-3.379
-1.910
-0.246
0.008
-3.900
-0.074
-2.229
-0.312
0.011
-0.632
-2.989
0.729
0.143
0.438
0.256
1.632
-0.055
-0.025
-4.650
0.769
-1.515
-1.040
-3.068
-2.937
-0.993
-0.448
0.013
-2.263
-1.459
0.140
0.134
0.091
1.398
-0.758
-0.005
-1.560
-0.050
-0.225
-1.867
-0.027
-0.054
2.230
-1.966
-0.697
-0.021
-0.142
0.194
-0.546
2.225
0.837
0.045
0.170
-0.031
0.996
0.076
-2.181
0.438
-4.227
0.705
-0.608
-0.887
-2.055
-0.231
-0.485
0.088
-0.491
-0.011
-3.815
0.051
-0.269
-1.324
-0.681
-0.806
-0.544
-0.148
0.049
-0.316
-0.294
-0.288
-0.106
-0.128
-0.178
0.020
-3.420
-0.927
-0.102
-0.016
0.786
-0.014
-3.083
-2.965
-0.819
-1.380
-2.955
-0.533
-0.354
-0.623
-0.780
-0.859
0.072
0.013
-0.035
0.044
0.040
-0.516
-0.140
0.072
-0.283
0.268
-3.052
-0.817
0.179
-0.943
-2.259
-0.666
-0.282
-3.744
-1.549
-1.015
-0.695
-0.485
0.077
-0.078
-0.117
-0.555
-0.020
0.009
-0.021
0.072
-0.864
0.135
-1.306
-1.066
0.018
0.137
0.009
-0.184
-0.117
0.001
0.796
0.079
0.014
0.072
-2.400
-0.277
-1.030
-0.731
0.100
0.120
-0.087
-0.041
-2.396
0.434
-0.982
-0.598
-0.343
-0.193
0.513
0.130
0.088
-0.162
-0.006
-0.289
0.129
-0.837
0.123
0.012
1.174
0.049
-0.165
-0.015
-0.163
-0.056
-0.061
0.164
-0.002
-0.348
-0.722
-0.792
-0.048
-0.662
0.097
0.142
0.072
0.072
-0.088
-2.139
0.119
0.390
0.003
0.402
-0.605
-0.186
-0.440
-0.125
0.053
0.338
0.302
0.339
0.107
0.194
0.116
0.350
-0.460
0.895
-0.290
-0.010
-0.031
0.173
3.727
2.278
3.108
1.586
0.076
0.328
-0.119
0.834
0.676
0.028
-0.199
0.072
0.017
-0.172
-0.374
-0.709
0.869
0.301
0.014
0.194
-0.542
-1.338
0.080
0.287
0.060
0.320
0.470
0.019
0.072
-0.091
-1.160
-3.667
-2.857
-0.843
-2.127
