-0.016
0.011
-0.237
0.034
0.051
2.036
-0.005
0.246
3.066
0.804
0.141
2.390
0.742
-0.572
-1.301
1.545
0.100
-0.005
-0.007
0.404
-0.389
-0.640
0.294
-0.395
-0.924
0.276
-0.542
0.391
-0.374
-1.696
0.298
0.605
-1.225
0.978
0.537
1.022
0.884
0.405
-0.062
-0.779
0.828
0.545
0.034
0.525
0.119
0.069
-0.016
-1.078
1.047
0.976
1.357
-1.006
0.108
0.428
0.195
0.249
1.537
-2.222
-0.205
-2.029
2.365
0.667
1.622
-0.016
-0.003
-1.067
-1.157
0.706
0.063
-0.087
0.017
0.010
0.061
0.154
0.000
0.079
-0.145
-0.015
-0.101
-0.059
1.185
-0.200
-0.120
1.259
0.302
3.061
2.138
-0.129
-0.016
0.018
-0.089
-0.147
-0.231
0.389
0.975
0.008
0.051
-0.016
1.290
0.715
0.076
-0.209
1.709
0.134
1.306
1.441
-1.104
-0.061
1.224
0.019
-0.016
-0.016
0.489
-1.384
0.166
0.030
2.296
-1.392
0.004
1.330
1.128
0.660
0.865
-0.001
-0.574
0.707
1.276
-1.319
0.184
1.508
0.278
0.251
-0.162
0.423
0.242
0.506
0.231
-1.417
-0.045
-0.645
2.682
1.564
-1.391
-1.600
-1.788
0.178
-1.224
-1.037
-0.410
-1.025
-0.259
-0.605
-0.016
2.032
2.043
1.449
-0.618
0.940
0.636
1.985
0.203
0.229
-0.205
0.349
-0.132
1.631
1.214
0.236
0.845
0.954
0.445
0.519
0.499
0.226
0.895
0.218
0.327
0.171
0.397
0.298
-0.016
1.100
0.573
-0.356
-0.016
-0.021
-0.238
1.822
1.434
0.721
2.335
1.333
0.099
0.063
-0.008
0.027
0.001
-0.007
0.045
0.081
0.001
-0.000
0.026
-0.016
0.045
0.039
0.132
2.307
0.587
0.035
0.645
1.617
0.445
-0.016
1.133
0.300
0.099
0.258
0.025
-0.016
0.306
0.060
0.212
0.222
0.083
0.070
-0.016
0.672
-0.740
1.013
1.156
-2.100
-0.109
-0.038
0.339
0.755
-0.861
-1.196
-0.150
0.317
1.261
1.373
0.561
0.870
0.041
-0.190
-0.001
0.042
-0.096
-0.016
-0.932
1.122
0.462
0.472
0.377
0.197
0.126
1.052
0.190
0.314
0.210
0.134
0.417
0.196
0.268
0.054
0.018
0.230
-0.016
0.204
0.191
-0.016
0.002
-0.060
0.003
0.587
1.037
0.397
1.739
-0.677
0.317
0.819
0.308
0.844
1.119
0.052
-0.016
0.541
1.997
0.338
-0.016
0.292
-0.016
-0.016
-0.016
-0.011
-0.016
-0.016
-0.016
-0.096
-0.065
-0.016
-0.391
-0.016
-0.016
0.274
0.279
-0.974
-0.457
-1.015
-1.002
-0.088
-0.031
-0.016
0.405
-0.871
-2.856
0.298
0.834
0.013
0.023
0.105
0.038
-1.253
-1.170
0.212
-0.385
0.043
1.897
-0.016
-0.080
0.233
-0.323
-0.595
0.020
-0.016
-0.003
5.935
3.521
0.511
-1.286
2.294
