-0.269
-0.036
1.826
-0.115
-1.186
-2.520
-0.197
-0.152
-1.089
-0.296
-0.035
-2.109
-0.517
-0.102
-0.390
-1.200
-0.369
-0.496
-0.111
0.203
0.072
0.418
2.022
-0.747
0.273
-0.554
0.238
0.065
-0.083
0.068
0.164
-0.642
0.012
0.342
1.121
0.521
-0.169
-0.033
-0.081
-0.637
-0.093
-0.328
-0.355
-0.275
-0.034
-0.028
0.012
-0.122
-0.754
-0.570
-1.512
0.462
-1.845
-1.321
-0.339
-0.285
-1.300
0.180
-0.010
-0.005
-1.750
-0.540
-1.474
-0.032
-0.127
0.048
-0.051
-0.573
-0.095
0.251
0.402
0.260
0.040
-0.162
0.278
-0.051
0.926
0.137
-0.121
-0.054
-1.918
-0.241
-0.099
-1.395
-0.376
-2.205
-1.550
-0.139
0.159
0.491
-0.130
-0.106
-0.098
-0.349
-3.045
0.064
0.019
-0.120
-2.258
-0.957
0.255
-0.041
-2.721
-0.097
-0.893
-0.621
-0.129
-0.127
-2.467
0.017
-0.050
-0.037
-0.007
1.696
-0.134
-0.127
-2.957
0.570
0.530
-0.885
-1.057
-1.796
-0.971
-0.293
-0.375
-1.408
-0.782
0.104
0.225
-1.005
0.415
-0.906
0.169
-1.141
-0.060
-0.068
-0.508
-0.177
0.092
3.680
-1.831
-0.467
0.357
-0.095
0.703
-0.500
2.666
1.248
-0.089
1.050
-0.200
0.182
0.081
-0.617
-0.441
-1.947
0.559
-0.217
-0.269
-0.553
-0.093
-0.006
1.116
-0.114
0.934
-2.632
-0.962
-0.848
-1.171
-1.028
-0.125
0.227
-0.063
0.687
-0.103
-0.207
0.004
0.182
0.336
0.580
0.127
-0.789
-0.264
0.101
-0.008
0.341
-0.230
-2.321
-1.459
-0.773
-2.110
-2.583
-0.121
-1.272
-0.279
-0.393
-0.585
0.038
-0.025
-0.009
0.259
0.306
-0.495
-0.467
-0.211
-0.412
0.110
-1.637
-0.599
0.329
-0.311
-0.824
-0.645
-0.208
-3.052
-0.770
-0.163
-0.048
0.116
0.240
0.077
0.184
-0.041
-0.077
0.063
0.079
0.558
-0.128
0.491
-0.438
-0.230
0.072
0.046
-0.052
-0.252
0.636
-0.521
0.616
-0.042
-0.195
-0.610
-1.101
-0.461
-0.167
-0.437
0.503
0.089
0.020
0.128
0.307
0.332
-0.749
-0.297
-0.406
-0.569
0.050
-0.004
0.030
-0.352
-1.447
-0.464
0.130
-0.408
0.732
-0.351
1.264
-0.082
-0.128
0.129
0.641
-0.107
0.046
-0.015
0.144
-0.044
-0.275
-0.030
0.007
-0.134
0.257
0.169
-0.010
0.064
0.123
-1.574
-0.023
0.024
0.270
-0.450
-0.021
0.138
0.252
0.064
0.077
0.265
0.107
0.339
0.294
0.082
0.246
0.216
-0.008
0.237
0.087
0.124
-0.206
-0.102
2.954
1.867
2.281
1.370
0.274
0.600
0.215
0.679
0.635
-0.900
-0.047
0.154
-0.013
-0.103
-0.225
-0.142
1.564
0.583
-0.231
-0.137
-0.371
-0.882
-0.001
-0.521
-0.160
0.024
0.560
0.444
-0.133
-0.068
-1.911
-3.274
-3.468
-0.981
-2.549
