-0.120
-1.683
1.097
-0.512
1.468
-3.941
-0.004
-0.665
-1.884
-0.370
-0.296
-4.707
-0.261
0.037
-0.111
-2.263
-0.692
-0.644
-0.274
-0.696
0.539
0.411
0.525
-0.052
0.080
-0.710
1.131
-2.393
0.210
1.063
0.027
-0.599
-0.217
-0.474
0.193
-0.679
-0.153
-0.914
-0.124
-1.415
0.569
-0.555
-0.623
0.808
-0.701
-1.601
0.843
0.471
-0.740
-1.293
-0.677
-0.604
-1.997
-2.442
0.026
-0.387
-2.292
0.143
-0.143
0.680
-3.108
-1.338
-1.891
0.282
0.386
1.518
-0.380
-0.833
-0.120
0.774
0.378
-0.063
-0.189
1.152
-0.336
-0.158
1.168
-0.268
0.469
0.584
-4.121
0.154
0.455
-1.976
-0.813
-3.571
-3.006
-0.250
-0.081
-0.100
-0.134
-0.286
0.019
-0.345
-2.675
1.167
0.025
-1.179
-2.339
-0.416
0.011
0.265
-3.245
-0.084
-1.183
-0.195
0.513
-0.407
-2.870
-0.080
-0.051
-0.166
0.780
0.367
0.014
-0.091
-2.333
-0.140
-0.434
-1.153
-1.530
-2.127
-0.323
0.126
-0.115
-0.260
-2.185
-0.548
-1.019
-0.459
-0.111
-0.375
0.175
-0.678
-0.092
-0.077
-1.401
-0.419
0.173
3.962
-4.113
-1.841
0.049
-0.583
-0.078
-0.983
3.408
2.621
-0.157
0.030
0.256
-0.173
0.339
-0.808
1.170
-2.928
0.200
-1.126
-0.186
-0.552
-1.077
-0.985
1.863
-0.689
0.137
-3.014
-1.274
-1.158
-2.181
-1.568
-0.231
-0.079
-0.293
0.205
-0.333
-0.203
-0.024
-0.049
-0.213
0.011
-0.108
-1.501
-0.173
-0.127
-0.176
0.074
-0.311
-2.220
-1.166
-0.720
-2.273
-2.796
-1.058
-0.488
-0.719
-0.582
-1.183
0.221
0.054
-0.323
-1.038
-0.205
-0.781
-1.000
-0.043
-0.935
-0.575
-2.919
-0.693
0.632
-0.304
-2.280
-2.021
-1.020
-3.098
-1.661
0.128
-0.117
-0.133
0.601
0.327
0.105
-0.258
-0.038
-0.252
0.623
-0.298
-1.229
-0.167
-0.253
-0.530
-0.157
0.293
-0.197
-0.201
0.178
-0.369
0.596
-0.002
0.082
-0.238
0.014
-0.332
-0.022
-2.398
1.568
0.296
-0.125
0.023
-1.061
0.674
-1.363
-0.549
-0.843
-0.453
-0.417
-0.540
-0.460
-0.177
-0.720
-0.744
0.080
-1.032
-0.022
0.274
0.104
-0.056
0.000
0.012
0.133
-0.119
0.003
0.228
-0.274
0.821
-0.128
-0.124
-0.073
-0.555
0.007
0.197
-0.068
-0.026
-0.094
-2.242
-0.027
-0.460
0.006
0.027
-0.687
0.028
0.119
-0.237
0.272
-0.203
-0.306
0.188
-0.358
-0.692
-0.165
0.030
-0.497
0.208
-0.296
-0.051
-0.192
-0.318
2.988
1.917
2.013
1.464
0.190
1.184
-0.072
0.795
0.167
0.069
-0.065
0.769
-0.054
-0.990
-0.558
-0.163
2.567
-0.683
-0.484
-0.212
-0.682
-1.263
-0.189
0.057
-0.337
0.177
0.431
0.005
-0.333
-0.837
-3.284
-2.480
-5.494
-2.787
-1.244
