-0.294
-0.176
-0.105
-0.127
-0.727
-2.418
-0.486
-1.064
-1.680
-0.841
-0.237
-2.619
-0.546
-0.118
-0.240
-2.252
-0.941
-0.903
-0.206
-0.462
-0.182
0.159
1.001
-0.975
0.668
-0.406
0.654
-0.668
0.078
0.252
-0.097
-1.053
1.036
-0.105
0.062
-0.464
-1.100
-0.781
-0.545
-0.880
-0.122
-0.470
-0.158
-0.403
-0.161
-0.698
0.798
-0.100
-1.041
-0.403
-1.631
-0.379
-1.933
-1.871
-0.581
-0.656
-1.821
0.542
-0.298
-0.034
-1.926
-0.900
-1.768
-0.140
0.078
0.026
-0.244
-1.278
-0.086
0.461
0.416
0.260
0.016
-0.148
0.171
0.011
-0.105
0.193
0.056
0.123
-2.801
-0.301
0.261
-1.827
-0.935
-2.517
-1.803
-0.158
-0.134
-0.446
-0.106
-0.275
-0.098
-0.601
-2.356
0.729
-0.101
-0.924
-2.871
-1.444
-0.378
0.252
-2.833
-0.290
-1.655
-1.755
-0.464
-0.121
-2.213
-0.470
-0.070
-0.145
0.022
1.432
-0.105
-0.035
-2.541
0.151
-0.169
-0.917
-0.742
-2.320
-1.650
-0.578
-0.127
-1.042
-1.360
-0.428
-0.846
-0.881
0.733
-0.875
-0.050
-0.810
-0.154
-0.243
-1.101
-0.393
-0.392
1.446
-1.643
-0.350
0.134
-0.355
0.464
-1.227
1.629
0.594
-0.105
0.805
-0.490
-0.176
0.064
-1.428
0.216
-2.511
1.014
-1.431
-0.609
-1.358
-0.149
-0.507
1.121
-0.237
1.219
-2.599
-0.519
-0.876
-1.333
-1.037
-0.468
0.519
-0.643
0.089
-0.685
-0.646
-0.354
-0.048
-0.011
0.241
-0.464
-1.653
-0.576
-0.218
-0.296
0.802
-0.507
-2.915
-2.512
-1.042
-2.280
-3.082
-0.734
-0.994
-0.528
-0.577
-0.238
0.017
-0.067
-0.176
-0.113
-0.104
-0.582
-0.511
-0.267
-0.666
-0.311
-2.001
-0.956
0.121
-0.470
-1.300
-0.711
-0.067
-2.834
-1.283
-0.499
-0.582
-0.559
0.141
0.052
-0.135
-0.175
-0.128
0.122
0.235
0.180
-0.759
0.235
-0.997
-0.918
-0.268
-0.647
-0.191
-1.143
0.437
-0.816
-0.059
-0.235
-0.550
-0.065
-0.107
-1.139
-0.450
-0.546
0.329
-0.114
-0.340
0.151
0.148
0.510
-0.765
-0.156
-0.368
-0.633
-0.186
-0.162
-0.422
-0.180
-0.947
-0.257
-0.099
-0.611
-0.105
-0.152
-0.105
-0.107
-0.434
-0.081
-0.003
-0.267
-0.079
-0.054
0.302
-0.067
-0.725
-0.118
-0.526
-0.421
0.128
0.088
-0.166
-0.077
-0.105
-1.969
-0.347
0.055
-0.112
0.053
-0.631
-0.504
-0.097
-0.582
-0.067
-0.183
-0.113
-0.105
-0.598
-0.140
0.027
-0.105
-0.079
-0.105
-0.355
-0.201
-0.083
-0.353
3.275
1.740
1.685
1.621
-0.103
0.303
-0.484
0.077
0.723
-0.543
-0.358
-0.108
-0.308
-0.388
-0.638
-0.321
1.079
0.470
-0.210
-0.195
-0.414
-1.151
-0.127
-0.274
-0.462
-0.238
0.208
-0.014
-0.134
-0.261
-1.436
-2.414
-2.527
-1.519
-2.316
