-1.651
-1.938
0.136
0.214
-0.643
-2.584
-0.025
-0.246
-1.117
-0.247
-0.219
-2.758
-0.394
-0.128
-0.094
-1.735
-0.335
0.257
-0.193
-0.128
0.197
-0.577
2.277
-0.724
0.224
0.081
0.262
0.042
-0.268
0.603
-0.228
-1.301
-0.065
0.009
0.200
0.042
0.100
-0.499
-0.347
-0.348
0.071
-0.876
-0.317
-0.222
-0.498
-0.108
-0.083
-0.291
-0.904
-0.456
-1.124
0.175
-2.209
-1.752
-0.762
-0.324
-2.263
-0.420
-0.421
1.227
-2.056
-0.831
-1.538
0.246
0.146
0.231
-0.458
-0.551
-0.304
0.712
0.592
0.533
0.000
-0.121
1.116
0.009
0.299
0.214
0.043
0.403
-2.182
0.025
-0.054
-1.696
-0.223
-2.608
-1.422
-0.269
0.323
0.103
-0.065
-0.456
0.674
-0.723
-2.233
0.711
0.197
0.014
-1.867
-0.715
0.314
-0.160
-3.554
-0.072
-1.114
-0.344
0.061
0.326
-3.317
-0.227
-0.365
0.139
0.436
1.646
-0.127
0.185
-3.557
1.903
0.119
-0.652
-1.614
-2.468
-1.892
-0.568
-0.034
-1.556
-1.745
-0.287
-0.542
-1.061
0.225
-0.535
0.205
-0.651
0.145
-0.264
-0.601
-0.570
0.268
1.761
-1.953
-0.166
0.049
-0.470
0.117
-0.280
1.754
1.125
0.248
0.483
-0.507
0.139
0.029
-0.897
0.276
-3.095
0.370
0.270
-0.242
-0.715
-0.542
-0.611
0.773
-0.480
0.333
-3.061
0.189
-0.599
-1.111
0.076
-0.319
-0.287
-0.216
0.049
-0.262
-0.302
0.081
0.081
0.081
0.128
-0.026
-2.214
-0.969
-0.634
-0.040
0.543
-0.180
-3.049
-2.072
-1.207
-3.621
-4.308
-0.372
-0.933
-0.359
-0.746
-0.504
0.453
0.081
0.081
0.081
-0.013
-0.609
-0.568
-0.382
0.051
-0.269
-2.131
-0.561
1.120
-0.262
-1.223
-0.399
-0.350
-2.943
-1.128
-0.476
-0.546
-0.078
0.406
0.355
0.286
-0.388
-0.407
0.563
0.733
0.283
-0.688
-0.331
-0.644
-0.476
-0.315
-0.122
0.092
-0.498
0.088
-0.908
0.439
-0.047
-0.399
0.081
-0.159
-0.669
0.081
-1.156
0.294
0.192
0.670
0.611
0.958
0.512
-0.580
-0.471
0.024
0.022
0.232
1.055
0.942
0.121
0.039
-0.157
0.288
0.105
1.393
0.228
1.551
0.082
-0.437
0.024
-0.515
-0.020
0.195
-0.058
0.327
0.081
-0.876
-0.347
-0.439
-0.396
0.336
0.240
-0.306
0.197
0.025
-2.825
-0.216
-0.188
-0.043
0.196
-0.334
0.465
0.140
-0.098
2.305
0.299
0.087
0.338
0.369
-0.171
0.190
0.349
-0.156
0.009
0.022
0.202
0.081
-0.071
2.630
1.886
1.946
1.482
2.242
2.781
-0.104
0.604
0.827
-1.030
-0.246
-0.284
-0.299
-0.120
-0.485
-0.320
1.510
0.711
-0.272
0.167
-0.198
-1.332
-0.060
0.782
-0.172
-0.599
1.084
-0.268
0.203
-0.223
-2.505
-2.976
-2.850
-0.966
-2.466
