-0.180
-0.250
0.080
-0.001
-0.580
-2.216
0.077
-1.299
-1.326
-0.782
0.035
-3.664
-0.675
-0.388
0.027
-1.574
-1.019
-0.275
-0.169
0.343
0.080
0.219
1.524
-0.766
0.387
-0.175
0.458
-0.730
0.063
0.362
0.027
-0.862
0.290
0.323
1.033
0.080
-0.183
-0.352
-0.386
-0.602
-0.625
-0.564
-0.787
-0.423
-0.018
-0.061
0.353
0.391
-0.462
-0.614
-0.677
-0.760
-2.234
-2.068
-0.186
-0.751
-1.600
-0.400
-0.200
-0.238
-3.210
-1.628
-1.690
-0.077
-0.151
-0.154
-0.211
-0.454
-0.137
0.813
0.598
0.547
-0.304
-0.048
0.738
-0.110
0.451
0.551
0.325
0.435
-2.321
-0.004
0.142
-2.258
-0.672
-2.417
-1.177
-0.051
-0.052
-0.363
-0.091
-0.296
0.623
-0.542
-3.326
0.903
0.307
-0.157
-2.874
-1.408
-0.460
-0.056
-3.451
-0.473
-1.225
-1.166
0.095
-0.215
-2.604
-0.323
-0.029
0.266
0.076
1.269
0.023
0.128
-4.364
-0.706
-0.666
-1.460
-2.187
-3.168
-2.260
-0.921
0.004
-0.760
-1.656
-0.286
-0.971
-1.058
0.802
-0.966
-0.151
-1.352
-0.286
-0.076
-1.650
-0.653
-0.492
1.289
-2.887
-1.167
0.074
-0.335
0.243
-0.638
1.868
0.622
0.035
0.591
-0.800
-0.184
0.333
-1.719
-0.155
-2.802
0.867
-1.337
-0.033
-1.288
-1.080
0.052
1.101
-1.005
0.309
-4.353
-0.303
-1.190
-2.661
-1.375
-0.367
-0.383
-0.217
-0.006
-0.348
-0.235
0.080
-0.208
-0.271
0.080
0.084
-1.845
-0.801
-0.089
-0.070
0.734
-0.275
-3.157
-1.599
-0.995
-4.447
-4.449
-1.020
-0.434
-0.265
-0.564
-0.779
-0.044
-0.036
-0.543
-0.213
-0.305
-0.517
-0.542
-0.285
-0.511
-0.243
-2.390
-1.008
0.161
-0.391
-1.140
-0.887
-0.262
-2.050
-0.890
-0.094
-0.257
-0.121
-0.114
-0.061
-0.009
-0.207
-0.181
0.028
0.282
0.018
-1.237
-0.570
-0.625
-0.916
-0.117
-0.085
-0.129
-0.420
-0.109
-0.856
0.387
-0.056
-0.224
0.417
-1.168
-0.940
-0.482
-1.042
0.128
-0.011
0.245
0.080
0.469
0.649
-1.481
-0.461
-0.567
-0.756
0.233
0.411
-0.031
-2.588
-1.244
-0.616
0.468
-1.194
-0.271
0.059
0.008
0.049
-0.203
0.014
-0.187
-0.056
-0.048
-0.060
0.115
-0.153
-0.696
-0.447
-0.427
-0.613
0.146
0.139
-0.212
0.105
-0.373
-2.741
-0.207
0.026
-0.372
-0.056
-0.715
-0.159
0.143
-0.045
0.189
-0.055
-0.052
0.093
-0.364
-0.081
0.281
0.183
-0.259
0.110
-0.059
0.266
-0.246
-0.065
3.153
1.562
1.863
1.062
-0.045
0.283
-0.252
0.199
0.566
-0.176
-0.178
-0.579
-0.047
0.032
-0.274
-0.025
1.354
0.417
-0.297
-0.067
-0.675
-1.153
0.015
0.640
-0.466
-0.295
0.017
-0.140
-0.254
-0.195
-1.315
-2.892
-2.380
-1.070
-4.306
