-1.193
-1.031
-0.091
0.302
-0.030
-3.236
0.030
-1.338
-0.967
0.026
0.302
-1.797
-0.342
0.084
0.224
-2.711
-1.392
-0.329
-0.485
-0.243
0.320
0.111
0.677
-0.414
0.111
-0.051
1.138
-0.028
0.874
0.117
-0.177
-0.596
-0.081
0.038
1.003
0.016
-0.520
-0.312
-0.078
-0.234
-1.144
-1.100
-0.166
-1.020
0.043
0.067
0.534
-0.584
-0.583
0.187
-1.065
0.124
-0.732
-0.658
0.404
-0.107
-1.994
0.146
0.009
-1.075
-1.792
-0.756
-2.570
0.176
0.086
0.284
0.266
-0.514
0.142
0.895
0.166
0.139
0.102
0.111
0.258
-0.154
0.112
0.229
0.253
1.303
-2.244
-0.324
0.111
-2.441
-1.436
-2.581
-1.202
0.021
-0.201
-0.165
0.070
-0.119
0.284
0.051
-1.188
0.138
-0.064
0.263
-3.110
-1.163
0.219
0.125
-3.714
0.093
-1.513
-0.819
-0.029
0.020
-2.858
-0.312
0.047
0.018
-0.028
2.012
-0.100
-0.041
-5.702
0.311
-0.794
-1.124
-3.246
-1.691
-0.123
-0.156
-0.323
-1.580
-1.389
-0.037
-0.256
-1.704
1.130
0.036
0.056
-1.004
0.003
0.019
-1.836
0.044
0.355
2.647
-3.474
-0.267
0.265
-0.029
1.351
-1.034
2.159
0.557
0.093
-0.721
-0.669
0.032
0.218
-0.958
-1.129
-2.225
0.598
0.302
-0.048
-1.174
-0.192
0.232
1.315
-0.020
0.786
-2.850
-2.102
-0.422
-1.077
-1.478
-0.303
-0.282
-0.174
0.565
-0.288
-0.268
-0.185
-0.015
0.324
1.382
-1.505
-1.324
-0.228
0.059
0.111
0.530
-0.445
-2.483
-1.933
-0.889
-3.562
-3.353
-0.308
-0.084
-0.197
-0.504
-1.380
0.017
-0.501
-0.258
-0.141
-0.301
-0.688
-0.511
0.279
-0.500
0.051
-3.899
-0.212
0.507
-0.741
-1.528
-0.865
-0.996
-3.337
-1.755
-0.165
-0.336
0.016
0.250
0.265
0.132
-0.167
-0.134
-0.194
0.269
0.567
-1.217
0.231
-1.162
-0.109
0.107
0.089
-0.233
-0.327
0.023
-0.299
0.903
-0.035
0.257
-1.176
0.001
-0.055
-0.089
-0.058
0.078
0.052
0.143
0.280
-0.137
0.776
-0.356
0.099
-0.905
-0.993
-0.272
0.143
-2.295
-0.537
-0.065
-0.534
0.199
-1.189
0.685
-0.084
-0.122
0.155
-0.077
0.004
0.719
-0.538
0.007
0.034
0.740
-0.705
-0.742
-0.176
-0.065
-0.400
0.184
0.213
-0.158
0.139
0.010
-3.191
0.215
0.138
-0.091
-1.593
0.086
-0.932
-1.095
0.050
0.050
0.111
0.111
0.061
0.111
0.061
0.947
0.216
0.144
0.092
0.040
0.279
-0.016
-0.018
3.319
2.157
1.424
2.277
-2.029
0.147
-0.044
0.524
0.737
-1.064
-0.066
0.631
-0.018
-0.005
-0.397
-0.038
2.051
0.302
0.143
0.373
0.098
-1.341
-0.010
-0.288
-1.008
0.075
0.173
0.341
0.159
-0.144
-1.481
-1.807
-3.093
-0.908
-1.147
