1.044
0.946
-0.496
-0.017
0.698
3.114
0.509
0.714
1.981
0.894
0.024
2.914
0.570
0.383
0.538
2.781
0.376
1.044
0.188
-0.045
-1.212
-0.888
-1.608
0.928
-0.019
-0.595
-0.167
0.135
-0.002
0.017
-0.038
1.393
-0.572
-0.175
-1.044
-0.186
0.485
0.371
0.787
0.307
0.095
0.629
0.218
0.466
-0.087
0.414
-0.424
0.190
0.256
0.467
1.976
0.437
2.378
2.735
0.477
0.304
1.886
0.243
0.332
-0.478
3.829
1.453
1.627
-0.142
-0.340
0.450
-0.650
1.286
0.142
-0.475
-0.685
-0.258
-0.067
-1.219
-0.328
0.166
-0.765
-0.231
-0.141
-0.186
2.438
0.186
-0.427
2.049
0.312
2.974
1.339
0.506
0.414
1.330
0.341
0.474
-0.009
0.031
4.104
-0.419
-0.106
0.648
2.560
1.654
-0.483
-0.207
3.497
0.237
1.758
0.043
-0.118
-0.059
4.298
0.211
0.076
-0.494
-0.844
-1.409
-0.077
-0.080
3.828
-0.685
0.035
1.065
1.452
2.291
1.790
0.498
-0.070
1.375
2.260
0.034
0.822
0.744
-0.533
0.449
0.061
1.150
0.134
0.134
1.746
0.449
0.856
-2.603
1.725
0.440
-0.020
0.201
-0.643
-0.060
-2.033
-0.271
-0.045
-0.578
0.136
-0.244
-0.120
0.581
-0.173
3.194
-0.337
-0.021
0.306
0.635
-0.006
-0.008
-0.849
-0.003
-0.543
2.295
0.733
0.710
1.264
1.424
0.276
0.325
0.000
-0.224
0.127
0.146
-0.038
-0.054
-0.063
-0.417
0.022
2.410
0.931
0.065
0.089
-1.050
0.073
3.650
1.716
0.752
1.886
2.293
0.434
0.090
0.986
0.349
0.405
-0.179
-0.066
-0.059
-0.432
-0.393
0.187
0.395
-0.209
0.208
0.112
2.721
0.481
-0.559
1.185
1.527
0.360
0.451
3.296
0.870
0.359
0.311
-0.332
-0.234
-0.236
-0.059
0.158
-0.161
-0.177
-0.378
-1.409
0.508
-0.014
1.320
0.621
0.150
0.358
0.137
0.134
-0.056
0.802
-0.728
0.222
0.215
1.028
1.026
0.107
0.834
0.735
-0.651
-0.059
0.026
-0.097
-0.114
-0.941
0.771
1.113
1.392
1.732
-0.889
-0.237
0.787
1.028
1.399
1.623
-0.618
1.142
-0.913
0.449
-0.476
-0.126
0.066
-0.059
0.324
0.275
0.033
0.081
0.048
-0.059
1.030
0.217
0.160
0.351
-0.387
-0.188
0.052
-0.311
0.328
2.151
-0.070
0.063
0.187
-0.296
-0.018
-0.255
-0.434
0.291
-0.094
0.295
0.116
-0.502
-0.121
0.542
-0.360
-0.112
0.214
-0.072
0.108
-0.070
0.170
-0.057
-2.906
-1.987
-1.970
-1.436
-0.478
-0.898
0.406
-0.265
-0.220
-0.314
0.035
0.048
-0.060
1.109
0.972
0.272
-1.485
-0.458
0.160
-0.067
0.353
1.440
0.032
0.041
0.126
-0.066
-0.175
0.123
0.672
-0.015
2.546
3.399
4.072
1.955
2.554
