0.524
0.638
0.067
1.450
0.726
2.568
0.409
0.919
1.578
0.751
0.136
2.617
1.202
0.691
-0.064
2.174
0.738
1.141
0.550
0.745
0.059
0.279
0.040
0.330
-0.007
-0.743
-0.657
0.493
-0.291
-0.096
0.101
0.513
-0.252
0.414
0.063
0.462
0.570
0.638
0.438
0.523
0.959
0.581
1.541
0.063
0.759
0.645
0.706
0.030
2.042
0.528
1.067
0.051
1.279
0.867
0.992
1.200
1.955
0.002
0.298
0.258
2.005
0.968
1.712
-0.226
0.129
-0.011
-0.026
1.005
0.022
-1.189
-0.687
-0.367
-0.297
-0.359
-0.484
-0.107
-0.716
-0.208
-0.093
-0.695
1.701
0.352
0.318
1.329
0.493
2.187
1.520
0.338
-0.013
0.780
0.335
0.008
0.071
0.531
2.082
-0.028
-0.134
0.600
2.991
1.048
0.574
-0.202
2.458
0.352
1.076
0.657
0.050
0.037
1.720
0.346
0.314
0.085
-0.383
-1.697
0.253
0.015
2.295
-0.065
0.770
0.721
1.386
2.571
1.254
0.692
0.159
1.195
1.561
0.124
0.532
0.908
-0.308
-0.226
-0.218
1.054
0.121
0.157
1.209
0.175
0.151
-2.688
2.225
0.622
0.305
0.563
-0.098
0.531
-2.555
-0.898
-0.138
-1.153
0.269
0.253
-0.018
1.025
-0.341
2.803
-0.404
0.069
0.267
1.265
0.705
0.699
-0.838
0.823
-0.809
2.533
0.063
0.872
0.904
0.092
0.432
0.633
0.606
-0.450
0.608
0.459
0.205
-0.031
-0.046
-0.420
0.134
2.034
0.856
-0.034
0.327
-0.684
0.074
2.033
1.600
1.039
2.400
3.262
0.659
0.711
0.482
0.558
0.797
-0.318
0.325
0.244
0.063
0.063
0.751
0.630
0.484
0.598
0.115
1.668
0.793
0.050
0.706
1.238
0.782
0.573
2.031
0.905
0.430
0.588
0.237
0.314
-0.039
-0.007
0.321
0.159
-0.027
-0.388
0.060
0.760
-0.245
1.210
0.919
-0.035
0.166
-0.181
0.315
0.041
0.583
-0.126
-0.027
0.309
0.157
1.082
0.513
0.267
0.803
0.064
-0.315
-0.822
0.063
-0.612
-0.401
0.929
0.466
0.383
0.406
-0.137
0.046
0.854
0.059
0.747
0.231
0.060
0.494
-0.746
-0.241
-0.792
-0.196
0.348
0.220
0.463
-0.008
-0.002
-0.086
0.297
-0.214
0.724
0.445
0.544
0.846
-0.247
-0.107
0.374
0.063
0.412
1.901
0.333
-0.061
0.368
-0.072
0.534
-0.085
0.139
0.032
-2.657
0.008
0.013
-0.388
0.438
-0.042
-0.101
-0.317
0.281
-0.229
0.292
0.005
0.625
0.128
-2.399
-1.420
-1.823
-1.214
-0.022
-0.629
0.444
0.084
-0.613
0.356
0.044
0.741
0.022
0.544
1.154
0.614
-1.120
-0.169
0.554
0.006
0.588
1.006
0.272
0.412
0.560
-0.031
-0.362
0.103
-0.233
-0.052
1.255
1.930
2.265
0.415
0.843
