0.746
1.011
-0.755
-0.031
1.015
3.345
0.167
0.596
1.949
0.290
0.097
2.046
0.250
0.931
0.740
2.389
0.217
0.845
0.197
-0.168
-0.208
-0.086
-1.527
0.412
-0.086
-0.062
0.194
0.624
0.389
-0.045
0.211
1.723
-0.064
-0.913
-1.429
-0.173
-0.209
0.474
0.535
0.513
-0.023
0.517
0.281
0.410
-0.060
0.284
-0.208
-0.446
0.947
-0.033
1.608
0.223
2.035
1.656
0.862
-0.100
2.681
-0.852
0.231
-1.962
2.743
0.932
1.658
-0.122
-0.527
0.021
-0.121
0.728
0.112
-0.842
-0.752
-0.142
-0.261
-0.299
-0.167
0.079
-0.561
-0.206
-0.191
-0.290
2.303
0.231
-0.493
2.040
0.085
3.274
1.920
0.304
0.104
0.186
0.187
0.107
-0.303
0.378
3.828
-0.453
-0.223
0.236
3.320
1.311
0.226
-0.830
3.453
0.010
1.717
-0.078
-0.230
-0.229
2.803
0.137
0.390
-0.289
-0.078
-1.624
-0.273
-0.213
3.971
-0.109
0.156
1.206
1.749
3.125
0.943
0.534
-0.211
1.323
1.220
-0.384
-0.189
1.033
-0.365
1.066
0.010
0.964
-0.030
0.178
0.921
0.458
-0.494
-3.743
2.753
-0.056
-0.192
0.178
-0.742
0.223
-1.378
-1.039
-0.125
-0.890
0.430
-0.078
-0.129
0.842
-0.155
1.299
-1.449
-1.445
-0.072
0.017
0.460
-0.311
-1.270
0.629
-0.011
4.348
0.097
0.985
1.319
1.287
0.492
0.034
0.438
-0.103
0.352
0.390
0.024
0.407
-0.009
-0.335
-0.169
1.552
0.386
-0.020
0.021
-0.531
0.013
3.349
2.251
0.740
2.734
4.671
0.429
0.596
0.726
0.331
1.272
-0.121
-0.113
-0.078
-0.102
-0.078
0.411
0.451
-0.156
0.300
0.022
2.616
0.703
-0.643
0.599
1.484
0.554
0.501
2.800
1.086
-0.185
0.330
0.013
-0.234
-0.086
-0.078
-0.043
0.081
-0.148
-0.250
-0.226
0.633
0.014
0.899
0.608
0.017
-0.045
-0.074
0.438
0.720
0.531
-0.507
-0.054
0.012
-0.110
0.463
0.676
0.729
0.916
-0.452
-0.073
-0.394
-0.147
-1.098
-1.017
0.885
-0.277
0.740
0.592
-0.637
-0.597
0.395
2.588
0.105
0.598
-0.162
0.665
-0.348
-0.204
-0.641
-0.021
0.374
-0.073
1.207
-0.210
-0.078
0.130
-0.132
-0.127
1.422
0.385
0.215
-0.121
-0.225
-0.138
0.345
-0.093
0.202
3.528
0.161
-0.206
0.528
-0.144
0.715
-0.082
-0.538
0.323
-0.212
0.437
-0.116
-0.102
0.266
0.304
-0.043
-0.009
0.076
-0.402
0.361
0.268
-0.169
-0.086
-3.507
-2.078
-2.725
-1.905
0.090
-0.603
0.330
-0.668
-0.889
0.100
0.406
-0.057
0.440
0.592
0.873
0.298
-1.661
-0.007
0.136
-0.361
0.114
1.093
0.207
-0.151
0.400
0.046
-0.587
-0.316
0.415
0.025
1.835
3.700
3.255
0.508
1.536
