-1.566
-1.415
1.288
-0.193
-0.719
-3.295
-0.479
-0.497
-1.693
-0.684
-0.298
-2.953
-1.163
0.160
-1.066
-2.761
-0.777
-0.989
-0.758
-0.698
0.054
-0.102
2.388
-0.854
0.003
0.820
0.410
0.294
0.097
0.111
-0.344
-1.103
0.164
0.001
0.315
-0.101
-0.354
-0.409
-0.497
-0.351
-0.567
-0.740
-0.811
-0.522
-0.295
-0.449
-0.006
-0.216
-1.183
-0.927
-1.216
0.375
-4.534
-4.274
-0.373
-0.106
-2.797
0.178
-0.418
0.557
-2.546
-1.313
-1.441
-0.149
-0.096
-0.299
0.326
-1.039
-0.202
0.761
0.794
0.473
0.303
0.114
0.348
-0.093
0.687
0.200
0.103
0.251
-3.056
-0.863
0.037
-2.081
-0.736
-2.290
-1.826
-0.355
-0.024
1.210
0.054
-0.530
-0.057
-0.551
-3.308
-0.121
0.349
0.193
-2.573
-0.560
0.420
-0.027
-3.202
-0.360
-1.371
-0.227
-0.033
0.349
-2.275
0.323
-0.287
-0.489
0.707
1.538
0.121
-0.091
-4.445
0.948
-0.213
-0.944
-2.101
-3.080
-1.515
-0.677
-0.176
-1.754
-1.122
-0.392
0.069
-0.182
0.918
-0.250
-0.080
-1.258
-0.084
-0.159
-1.197
-0.423
0.270
2.213
-2.117
-0.418
-0.092
-0.316
0.274
-0.372
2.885
1.229
0.298
0.391
-0.256
0.051
0.367
-1.384
1.443
-3.033
0.708
0.217
0.302
-0.959
-0.656
-0.435
0.914
-0.780
0.445
-4.103
-0.292
-1.096
-1.337
-0.996
-0.602
-0.259
-0.589
-0.103
-0.451
-0.630
-0.151
-0.260
-0.076
-0.004
-0.305
-2.080
-0.927
-0.290
-0.151
0.536
-0.168
-3.126
-1.950
-1.133
-3.015
-3.255
-0.822
-0.466
-0.765
-0.773
-0.838
0.073
-0.099
-0.122
-0.118
-0.120
-0.366
-0.445
0.336
-0.114
-0.288
-2.071
-0.570
0.939
-0.303
-1.390
-0.646
-1.140
-3.556
-1.391
-0.114
-0.228
-0.102
0.237
-0.041
0.061
-0.331
-0.154
0.042
0.051
-0.071
-0.524
-0.356
-1.048
-0.480
-0.380
-0.126
-0.056
-0.794
0.341
-1.022
0.575
-0.052
-0.461
0.229
-1.951
-0.901
-0.295
-1.772
-0.071
0.054
0.327
0.023
0.923
0.676
-1.086
-1.017
-0.127
-0.397
0.826
0.897
0.256
0.128
-0.401
-0.054
0.229
-0.123
1.265
0.104
1.721
-0.273
-0.393
-0.230
0.452
-0.329
-0.378
-0.088
-0.088
0.245
-0.783
-0.577
-0.529
-0.562
0.077
0.020
-0.017
0.028
-0.443
-2.595
-0.220
-0.264
-0.136
1.305
-0.874
0.525
1.267
-0.239
0.293
-0.012
0.013
0.282
-0.693
-0.457
0.133
0.211
-0.625
0.102
-0.234
-0.093
-0.364
-0.229
4.230
2.357
2.854
1.889
0.306
0.463
-0.620
1.262
0.502
-0.275
-0.383
-0.690
-0.365
-0.175
-0.190
-0.375
0.706
-0.463
-0.281
-0.303
-0.116
-1.112
-0.474
0.127
-0.464
-0.305
0.640
-0.115
0.014
-0.555
-2.417
-3.872
-3.968
-1.419
-2.513
