-0.083
1.053
0.318
-0.251
-1.324
-3.107
-0.338
-0.321
-2.506
-0.727
-0.109
-2.908
-1.066
0.175
-0.863
-2.237
-0.700
-0.140
-0.033
-0.378
0.194
0.559
0.926
-0.440
0.115
0.068
1.000
-0.689
0.402
0.414
-0.164
-1.804
0.210
0.024
0.400
0.097
-0.610
-0.653
-0.284
-0.688
0.016
-0.457
-0.221
-0.014
-0.377
-0.600
0.324
-0.194
-1.577
-0.023
-1.862
0.256
-1.534
-1.457
-1.462
-1.650
-2.864
0.348
-0.562
1.738
-2.822
-0.814
-1.656
-0.064
-0.071
-0.002
-0.038
-1.089
-0.217
0.560
0.407
0.263
0.085
0.762
0.355
-0.229
0.454
0.172
0.173
0.328
-3.527
-0.192
0.273
-2.037
-1.254
-2.600
-2.297
-0.103
-0.252
-0.114
-0.224
-0.256
-0.239
-0.284
-2.525
0.149
0.081
-0.250
-3.559
-1.645
0.007
0.062
-4.264
-0.016
-2.175
-1.475
-0.153
0.141
-4.026
-0.313
-0.796
0.502
0.313
1.278
0.132
-0.024
-3.590
0.050
-1.062
-0.562
-2.707
-3.047
-2.020
-0.467
-0.285
-1.588
-1.198
-0.085
-0.306
-1.673
0.905
-0.515
-0.095
-0.597
-0.135
-0.135
-1.477
-0.201
-0.454
0.344
-2.651
-1.450
0.549
0.440
0.905
-0.673
1.484
0.814
-0.118
0.251
-0.804
-0.104
0.023
-1.474
0.524
-1.442
0.660
0.060
-0.308
-0.947
-0.463
-0.563
1.233
-0.686
0.391
-4.002
-0.780
-1.158
-1.511
-1.110
-0.260
-0.125
-0.314
0.199
-0.290
-0.199
-0.071
-0.045
-0.096
0.209
0.240
-2.061
-0.837
-0.139
-0.063
0.519
0.011
-3.721
-1.607
-0.814
-2.791
-3.004
-0.687
-1.413
-0.431
-0.602
-0.585
-0.062
-0.387
-0.294
-0.201
-0.255
-0.561
-0.383
-0.181
-0.641
-0.006
-2.801
-0.810
0.237
0.143
-0.913
0.046
-0.426
-3.254
-1.248
-0.460
-0.194
-0.091
0.068
-0.256
-0.112
-0.165
-0.280
-0.271
0.067
0.068
-0.590
-0.045
-1.316
-1.161
-0.052
-0.187
0.117
-0.778
-0.704
-0.576
0.449
-0.093
-0.591
0.068
-1.469
-0.926
-0.980
-0.737
0.460
0.086
0.071
0.068
0.536
0.246
-1.164
-0.743
-0.803
-0.761
0.068
0.451
-0.314
-0.006
0.369
-0.682
0.073
-1.481
0.022
0.058
0.251
-0.055
-0.340
-0.047
-0.742
0.012
-0.154
-0.078
0.068
-0.052
-0.154
-0.724
-0.479
-0.620
0.232
0.130
0.027
0.156
-0.454
-2.217
-0.063
-0.052
-0.317
0.164
-0.470
0.020
0.622
-0.027
0.319
0.242
0.359
-0.024
-0.297
-0.091
0.340
0.014
-0.449
0.166
-0.141
-0.114
-0.194
-0.013
2.678
1.976
2.066
1.422
0.489
0.616
-0.374
0.209
0.550
-0.094
-0.094
-0.037
-0.073
-0.060
-0.731
-0.249
1.238
0.073
-0.539
0.060
-0.076
-1.022
-0.106
-0.510
-0.063
-0.277
0.101
0.373
0.079
-0.117
-1.926
-3.328
-3.764
-0.494
-2.222
