-0.463
-0.290
-0.199
-0.068
-0.274
3.387
-0.008
0.400
2.233
0.852
-0.034
2.613
0.524
0.178
-0.140
1.192
0.285
-0.070
0.115
0.029
-0.180
-0.254
-0.265
0.383
0.023
0.283
-0.279
0.097
-0.075
-1.095
0.085
0.519
-0.461
0.705
0.332
0.930
0.214
0.375
0.151
0.722
0.044
0.458
0.109
0.021
0.089
0.097
0.048
-0.803
0.213
0.229
0.495
0.011
0.981
0.461
0.460
0.306
1.628
-0.944
0.079
-0.667
2.535
0.946
2.332
0.124
-0.002
-0.989
-0.198
0.654
0.127
0.038
-0.282
0.026
0.031
0.260
-0.015
0.057
-0.332
0.031
0.050
0.050
3.046
0.106
-0.294
2.226
0.135
2.549
1.550
0.062
-0.250
-0.338
0.016
0.018
0.012
0.239
5.054
0.009
0.014
0.013
2.427
1.052
0.347
0.177
3.652
0.611
2.815
1.463
0.083
0.636
1.480
-0.125
-0.136
0.050
0.119
-1.375
0.079
-0.135
2.166
-0.397
0.333
0.623
0.771
3.702
2.081
0.784
0.097
-0.110
2.203
-0.370
0.785
0.514
-1.012
0.100
-0.113
0.662
0.031
0.050
1.596
-0.100
0.528
-2.904
2.724
0.593
-0.122
0.138
-0.427
0.270
-3.397
-2.555
0.113
-0.014
0.225
0.444
0.050
0.332
0.177
2.874
-0.004
0.700
0.125
0.313
0.120
0.119
-1.736
0.119
-1.064
2.361
0.617
0.685
1.040
0.995
0.780
-0.315
0.630
0.040
0.697
0.437
0.654
0.048
0.092
-0.041
-0.046
1.875
0.325
0.058
0.050
-0.352
-0.504
2.776
1.096
0.846
1.465
1.759
0.400
-0.370
0.071
0.673
0.143
-0.047
0.035
0.062
-0.140
-0.174
0.133
0.487
-0.010
0.358
0.326
1.322
0.304
-0.071
0.900
1.543
0.290
0.136
2.634
1.039
0.050
0.066
0.028
-0.051
0.050
0.042
0.077
0.073
-0.175
0.013
-0.608
0.521
-0.201
1.014
0.424
0.181
0.445
-0.056
0.092
-0.031
0.047
-0.439
0.068
-0.029
0.377
0.839
0.021
0.271
0.664
0.004
-0.003
-0.102
-0.326
-0.417
-0.168
0.963
0.129
0.103
0.898
0.050
0.050
0.552
0.050
0.141
0.050
0.050
0.121
-0.026
0.050
0.050
-0.087
0.153
-0.404
-0.425
0.035
-0.062
0.316
-0.061
0.043
0.514
0.293
0.216
0.193
-0.036
-0.056
0.319
0.028
0.251
2.274
0.043
0.047
0.030
0.337
0.119
0.008
0.372
0.050
-0.024
0.051
0.006
0.047
-0.084
0.050
0.025
0.050
0.057
0.050
0.050
0.050
0.050
0.050
-3.168
-1.187
-1.613
-0.440
-0.438
-0.927
0.050
-0.011
-0.324
0.027
0.135
0.232
0.064
0.050
0.050
0.007
-0.310
-0.023
0.334
0.009
0.846
0.320
0.039
0.603
0.108
-0.078
-0.199
-0.144
0.052
0.050
2.490
3.162
2.139
0.621
2.336
