1.270
1.802
0.909
0.262
-0.132
-4.340
0.016
-0.053
-1.981
-0.286
-0.009
-2.925
-0.849
0.011
-0.683
-2.406
-0.431
0.398
0.335
0.462
0.642
0.463
2.155
-0.626
0.068
-1.435
0.981
-0.419
0.374
0.403
-0.011
-1.109
-0.137
-0.397
0.089
-0.086
-0.486
-0.733
-0.339
-0.412
-0.569
-0.487
-0.837
-0.340
-0.141
-0.018
0.757
-0.005
-0.343
-0.696
-1.376
-0.149
-2.674
-2.554
-0.346
-0.334
-3.054
1.442
-0.076
0.785
-2.795
-0.959
-1.984
-0.012
-0.009
-0.008
0.143
-0.874
-0.178
0.420
0.610
0.636
0.208
-0.235
0.564
0.119
0.686
0.126
0.195
0.252
-2.558
0.065
0.225
-2.325
-0.533
-2.894
-1.426
-0.007
0.033
0.426
-0.012
-0.016
-0.007
-0.377
-3.179
0.261
0.114
-0.157
-2.444
-1.367
0.243
0.052
-4.452
0.277
-1.334
-0.922
0.133
0.104
-3.746
0.464
-0.020
0.023
-0.040
1.341
0.075
0.064
-4.836
0.603
-0.311
-0.725
-1.627
-2.661
-1.555
-0.498
0.028
-1.569
-2.322
-0.125
-0.533
-0.663
0.090
-1.099
0.046
-1.554
-0.153
-0.143
-0.981
-0.224
-0.136
3.215
-2.117
-0.402
-0.184
-0.371
0.243
-0.677
2.451
1.302
0.052
0.560
-0.075
-0.112
-0.094
-1.258
-1.060
-3.221
1.074
-0.503
-0.168
-1.178
-0.484
-0.568
1.270
-0.506
0.566
-3.965
-0.138
-0.398
-1.113
-1.122
-0.403
-0.182
-0.206
-0.038
-0.273
-0.326
0.023
-0.063
-0.036
-0.026
-0.092
-2.273
-0.925
-0.015
-0.027
0.486
0.241
-3.383
-2.432
-1.208
-2.602
-3.783
-0.513
-0.235
-0.534
-0.382
-0.040
0.242
0.001
-0.038
0.180
0.073
-0.365
-0.263
-0.038
-0.251
0.175
-2.307
-0.755
0.967
-0.640
-1.212
-0.809
-0.320
-3.231
-1.295
-0.334
-0.423
-0.249
0.123
0.178
0.240
-0.314
-0.075
0.150
0.251
-0.038
-0.449
-0.146
-1.092
-0.744
-0.266
-0.690
0.151
-0.384
0.004
-0.581
0.994
0.063
-0.330
-0.887
-0.880
-0.712
-0.150
-1.207
0.339
-0.115
1.076
0.167
1.167
0.411
-0.457
-0.074
0.027
-0.456
0.554
0.595
0.728
0.321
-0.044
0.136
0.275
0.009
0.723
0.344
0.657
0.149
-0.639
-0.114
-0.381
-0.380
-0.137
-0.018
0.065
0.048
-0.597
-0.487
-0.486
-0.388
0.184
0.119
-0.204
0.057
-0.295
-2.811
-0.193
-0.143
-0.291
-0.775
-0.419
0.388
0.784
-0.144
0.170
-0.160
-0.091
0.319
0.338
0.038
0.302
0.264
-0.276
1.095
-0.291
-0.023
-0.389
-0.143
3.400
2.156
2.282
1.654
0.197
0.533
-0.221
0.800
0.784
0.316
-0.207
-0.389
-0.124
0.195
-0.345
-0.009
1.080
0.334
-0.273
-0.166
-0.424
-1.297
0.406
0.073
-0.028
-0.152
0.221
0.449
0.060
-0.016
-1.977
-4.094
-2.931
-0.492
-2.921
