-0.111
-0.341
0.507
0.005
-1.577
-2.417
-0.783
-0.701
-1.633
-0.275
0.025
-2.638
-0.876
0.083
-0.604
-4.064
-0.641
-0.731
-0.059
-0.150
-0.062
0.456
1.833
-0.619
0.043
-0.118
0.815
-0.232
0.142
0.176
0.010
-1.078
-0.111
0.099
0.253
0.247
-0.780
-0.401
-0.352
-0.442
-0.062
-0.455
-0.141
0.067
-0.332
-0.974
0.047
0.078
-0.857
-0.894
-0.557
-0.887
-2.468
-2.210
0.145
0.012
-2.395
0.060
0.054
0.304
-3.120
-0.991
-1.380
0.084
-0.205
0.001
0.136
-0.665
-0.136
0.438
0.285
0.149
0.089
-0.089
0.072
-0.164
0.219
-0.039
0.158
0.176
-3.540
-0.352
0.410
-2.495
-0.318
-2.706
-1.431
-0.164
0.022
-0.215
-0.113
-0.201
0.063
-0.470
-3.842
0.073
-0.128
-0.161
-2.976
-1.845
-0.104
-0.114
-3.483
-0.068
-1.114
0.009
0.327
-0.076
-2.167
-0.351
0.020
0.047
0.084
1.391
0.126
-0.034
-4.439
0.606
-0.078
-0.729
-1.503
-2.846
-1.978
-0.336
-0.335
-1.341
-1.934
-0.037
-0.322
-0.761
0.867
-0.084
-0.062
-1.467
0.033
-0.077
-1.220
0.019
-0.173
2.401
-2.009
-0.129
0.244
0.055
0.250
-0.679
2.707
0.610
-0.009
-0.189
-0.450
-0.227
0.219
-1.596
-1.053
-4.100
1.006
0.361
-0.504
-1.368
-0.693
-0.754
0.872
-0.603
-0.126
-2.990
-1.245
-2.108
-1.538
-1.013
-0.080
-1.162
-0.092
-0.046
0.019
-0.116
0.033
0.064
0.067
0.024
-0.091
-2.707
-0.733
0.049
-0.104
0.747
-0.068
-2.523
-2.273
-0.831
-1.928
-2.717
-0.484
-1.229
-0.350
-0.444
-0.847
0.199
0.012
-0.049
0.268
0.084
-0.134
-0.127
-0.207
-0.328
-0.033
-2.959
-0.823
0.074
-0.885
-1.888
-1.343
-0.010
-2.963
-0.879
-0.247
-0.285
0.056
0.083
0.171
0.275
-0.367
-0.335
0.235
0.423
0.048
-0.991
0.073
-0.803
-1.173
-0.310
-0.291
0.040
-0.281
0.065
-0.635
0.378
-0.087
-0.383
-0.959
-0.445
-0.684
-0.730
-0.617
-0.026
0.157
-0.094
-0.038
0.615
0.490
-1.129
0.040
-0.089
-0.023
0.103
0.090
-0.559
0.065
-0.033
-0.023
0.030
-0.064
-0.040
0.058
0.442
-0.155
-0.056
-0.038
-0.202
-0.099
0.125
0.090
0.282
-0.652
-0.247
-0.371
-0.279
-0.053
0.372
0.112
-0.200
0.072
0.009
-2.632
-0.006
-0.161
-0.062
-0.898
-0.677
-0.387
0.861
-0.054
-0.088
-0.233
-0.067
0.181
-0.806
0.315
0.254
0.193
-0.279
-0.070
-0.053
-0.040
0.085
0.039
2.049
1.553
1.558
0.995
-0.091
0.654
-0.079
0.385
0.582
-0.116
-0.180
-0.610
-0.027
0.047
0.067
0.020
1.078
-0.035
-0.226
-0.712
-0.917
-1.492
-0.237
-0.318
-0.393
0.104
0.534
0.145
0.040
0.041
-2.946
-3.199
-2.850
-0.962
-1.848
