-0.637
-0.206
0.019
-0.454
-0.395
-2.197
-0.136
-0.064
-1.902
-0.750
0.228
-2.833
-0.172
0.142
-0.409
-2.197
-0.657
-1.100
-0.566
-0.516
0.016
0.252
1.401
-0.273
0.019
0.004
0.575
-0.265
0.019
0.395
-0.057
-0.622
0.466
0.451
1.119
0.712
-0.367
-0.008
-0.282
0.072
-0.014
-0.605
-0.433
-0.535
-0.283
-0.294
0.321
-0.061
-1.327
-0.420
-1.165
-0.168
-2.034
-1.896
-0.206
-0.084
-2.412
-0.078
-1.392
-0.373
-2.549
-0.731
-1.691
0.277
0.243
0.335
0.278
-0.897
-0.029
0.520
0.281
0.327
0.084
-0.320
0.398
0.291
0.060
0.077
0.282
0.033
-2.854
-0.196
0.283
-1.680
-0.501
-2.874
-2.244
-0.503
-0.331
-0.505
-0.692
-0.329
-0.660
0.075
-2.333
0.006
0.230
0.139
-2.437
-0.806
-0.010
0.199
-2.470
0.341
-1.839
-0.846
-0.066
-0.294
-2.129
0.326
-0.180
0.066
0.331
1.656
0.270
0.349
-3.273
0.774
0.060
-0.649
-2.040
-2.931
-1.211
-0.182
-0.470
-1.328
-1.580
0.070
-0.151
0.422
1.191
-0.495
0.498
-1.152
-0.082
0.100
-1.291
0.214
0.348
1.160
-1.861
-0.507
0.042
0.208
0.565
-0.254
1.814
1.894
-0.094
1.159
0.083
0.234
0.325
-1.091
-0.362
-2.216
1.067
0.285
0.181
-0.641
-0.454
-0.212
1.241
-0.503
0.843
-2.874
-0.279
-0.606
-1.099
-0.616
-0.238
0.010
-0.192
0.417
-0.250
-0.384
-0.080
0.137
0.138
0.428
-0.007
-1.474
-0.260
0.279
0.164
0.765
-0.143
-2.561
-1.589
-0.813
-2.461
-3.797
-0.465
-0.442
-0.356
-0.434
-0.307
0.261
-0.011
-0.117
0.022
-0.011
-0.377
-0.493
-0.041
-0.298
0.251
-2.015
-0.394
0.700
0.222
-0.946
0.074
-0.385
-2.196
-0.924
-0.189
-0.249
0.017
0.411
0.112
0.120
-0.229
-0.224
0.309
0.257
0.098
-0.452
-0.099
-0.993
-0.782
0.015
0.331
0.334
-0.403
-0.070
-0.510
0.653
0.230
-0.158
-1.100
-1.282
-0.520
-0.108
-0.561
0.261
0.293
0.738
0.288
-0.252
0.509
-1.476
-0.650
-1.955
-2.149
0.219
0.286
-1.453
-0.940
-0.875
-0.506
0.144
-2.355
0.295
-1.218
0.693
0.330
-0.230
0.164
-0.113
0.072
-0.139
0.250
0.345
0.037
-0.128
-0.310
-0.245
-0.004
0.439
0.301
-0.011
0.180
-0.156
-2.416
-0.170
0.231
-0.044
-0.211
0.023
0.294
0.789
0.104
0.120
0.121
0.042
0.021
-0.100
0.076
0.238
0.253
-0.083
0.114
0.141
0.138
-0.176
-0.049
2.660
2.016
2.468
1.462
0.003
0.563
-0.071
0.480
0.951
0.175
-0.162
0.031
0.163
-0.317
0.114
-0.290
1.411
0.671
0.217
-0.032
-0.057
-0.919
0.253
0.350
-0.115
-0.282
0.594
0.286
-0.162
-0.007
-1.729
-2.652
-1.570
-1.028
-1.675
