0.111
0.111
-0.381
0.111
0.111
3.067
-0.094
0.358
3.259
1.738
0.111
1.746
0.943
0.194
0.038
1.729
0.329
-0.322
0.218
0.111
-0.571
-0.544
0.154
0.836
-0.048
-0.019
-0.162
0.111
-0.077
0.272
0.111
0.645
-0.891
0.180
0.134
0.345
0.226
0.589
0.268
0.308
0.018
0.111
0.784
0.048
-0.291
0.032
-0.012
0.573
0.127
0.856
1.963
1.003
2.245
1.177
0.510
0.196
2.706
-0.602
-0.156
-0.201
3.616
1.082
0.838
0.046
0.085
0.178
1.423
0.819
0.304
0.154
0.111
0.011
0.136
0.124
0.111
0.173
0.111
0.111
0.111
0.147
1.525
-0.267
0.010
3.289
1.754
3.267
1.737
0.129
0.108
-0.139
-0.217
-0.155
0.119
0.300
2.231
-0.719
-0.309
0.104
1.317
-0.645
0.566
-0.159
2.620
0.260
1.169
0.299
-0.261
0.111
2.009
0.372
0.098
-0.149
-0.739
-1.920
0.091
-0.439
3.114
0.087
0.560
0.629
1.477
2.604
2.115
0.484
0.422
0.810
1.942
-0.651
1.364
1.499
-0.026
-1.221
-0.658
-0.332
0.111
0.105
2.180
0.436
-0.192
-0.267
2.359
0.438
-0.557
-0.487
-1.884
0.249
-1.334
0.120
0.457
0.683
0.206
-0.284
-0.203
1.124
0.373
1.134
0.009
0.891
0.161
0.725
0.569
0.177
-0.913
0.225
-0.329
1.647
0.637
-0.740
0.501
1.147
0.111
0.213
0.111
0.033
0.111
0.111
0.111
0.083
0.111
-0.069
0.111
0.193
0.082
-0.040
-0.009
-0.892
-0.067
2.115
1.356
0.216
1.499
1.278
0.582
0.111
0.111
0.347
0.132
0.082
0.111
0.235
0.111
0.111
-0.009
0.084
0.514
0.230
0.111
1.652
1.164
-1.356
1.086
0.277
1.912
0.111
1.769
0.655
0.311
0.492
0.191
-0.276
0.111
0.174
0.111
0.111
0.111
0.111
0.009
0.821
0.270
1.644
0.880
0.128
-0.352
0.296
0.997
1.499
0.801
0.061
2.052
1.492
3.634
1.112
1.536
2.796
1.649
0.370
0.052
-0.043
0.294
0.541
-0.966
1.405
0.052
0.458
1.153
0.203
-0.211
0.214
-0.008
0.404
0.455
-0.047
0.586
-0.208
0.111
0.111
0.086
-0.002
-0.071
-1.573
0.111
0.116
0.098
0.135
0.063
0.517
0.321
0.111
0.795
0.056
0.111
0.111
0.111
0.521
3.115
0.111
-0.042
0.111
0.366
0.240
0.268
-0.676
-0.050
-0.023
-0.190
-0.364
-0.463
-0.066
0.094
-0.532
-0.532
0.038
-0.160
-0.135
-0.055
0.168
-0.163
-1.437
-2.071
-2.368
-1.294
-0.017
-2.734
0.552
0.094
-0.117
-0.996
0.409
0.430
0.072
-0.456
-0.641
-0.018
-0.018
0.242
0.388
0.111
0.988
2.055
-0.171
0.081
0.111
0.031
-0.385
0.191
-0.085
-0.230
3.484
4.095
0.508
-0.830
2.330
