-0.370
-0.540
-0.899
0.207
0.067
2.007
0.067
0.752
1.617
0.697
0.297
2.031
-0.196
0.062
-0.171
1.247
0.043
0.106
-0.216
-0.666
-0.693
0.344
-0.873
-0.723
-0.403
-0.849
-0.347
-0.331
-0.147
-0.069
0.348
0.894
-0.857
-0.281
-0.460
0.225
-0.286
0.095
0.002
0.375
0.131
0.008
-0.041
-0.044
-0.105
0.016
-0.033
-0.045
1.848
0.421
-0.007
-0.414
1.460
0.988
0.264
0.174
1.691
-1.237
-0.315
-0.882
1.216
0.364
1.783
-0.105
-0.190
-0.713
0.526
0.024
-0.005
-0.107
-0.175
-0.073
-0.043
-0.111
-0.112
-0.053
-0.385
-0.105
-0.098
-0.093
1.469
0.161
-0.236
1.690
0.909
1.746
1.072
-0.006
-0.072
-0.054
-0.035
0.023
-0.093
0.317
1.916
-0.808
0.001
0.046
1.496
0.383
-0.499
-0.088
1.946
0.330
0.716
0.296
-0.174
-0.307
1.941
0.463
-0.409
-0.025
0.126
-1.627
0.950
-0.829
2.097
-1.064
-0.338
0.684
0.683
1.653
0.620
-0.132
0.998
2.068
1.281
-0.688
0.841
0.554
-0.201
-0.035
-0.146
1.125
0.148
0.323
1.322
-0.712
-0.081
-0.926
2.634
-0.317
0.413
1.373
-0.378
-0.399
-2.070
-0.992
0.101
-0.890
0.097
-1.313
-0.027
1.949
1.201
3.023
-0.691
1.175
-0.090
1.317
0.264
-1.013
-1.407
0.028
-0.948
1.919
-0.339
-0.522
0.352
-0.055
0.068
0.110
-0.278
-0.201
0.174
0.020
0.243
-0.085
-0.055
-0.204
-0.115
0.425
0.132
-0.042
0.050
-0.090
-0.541
1.858
0.984
0.754
2.097
2.899
0.436
0.183
0.326
0.330
0.080
-0.039
-0.080
-0.032
-0.053
-0.010
0.141
-0.120
0.345
-0.105
-0.135
1.344
0.284
-1.050
-0.301
2.405
1.375
0.056
1.946
0.834
-0.339
0.072
0.223
-0.491
-0.055
-0.050
0.010
-0.047
-0.196
-0.450
-1.040
0.785
0.406
0.596
0.141
-0.115
0.065
0.023
-0.105
0.349
0.287
-0.592
-0.028
-0.037
1.054
0.369
-0.274
0.197
0.683
0.109
-0.058
0.057
0.064
0.502
-0.781
1.562
0.142
0.349
0.803
0.029
0.097
0.403
0.179
0.153
0.239
-0.073
0.316
-0.575
0.207
-0.282
-0.814
0.108
0.281
-0.548
0.210
-0.006
0.067
-0.300
-0.181
-0.021
0.112
-0.206
0.050
-0.006
0.018
-0.006
0.015
0.063
1.472
0.023
0.036
0.142
1.021
-0.218
0.405
0.486
0.038
-0.786
-0.011
-0.021
-0.208
0.405
0.263
0.020
-0.056
-0.100
0.508
-0.021
0.063
-0.147
0.106
-1.539
-1.107
-1.601
-0.664
0.148
-1.235
-0.025
-0.542
-0.455
0.638
0.295
0.452
-0.024
-0.045
0.102
0.106
-0.772
-0.837
0.302
0.006
0.841
1.072
0.015
-0.070
-0.228
0.458
-0.766
-0.564
1.066
-0.075
5.826
2.304
1.248
1.575
1.810
