2.416
2.447
2.313
0.450
0.291
-2.563
-0.098
-0.590
-1.233
-0.243
-0.001
-2.340
-0.781
-0.278
-0.342
-1.607
-0.483
-0.351
-0.270
-0.078
1.154
0.262
1.737
-0.602
0.082
-0.042
0.849
-0.775
0.572
-0.166
-0.088
-1.187
0.118
-0.332
-0.246
-0.057
-0.569
-0.348
-0.055
-0.593
-0.325
-0.585
-0.822
-0.223
-0.131
-0.181
0.047
0.388
-1.088
-0.174
-2.982
0.738
-1.942
-2.045
-0.832
-0.923
-1.877
1.140
-0.245
1.647
-2.574
-0.528
-2.444
-0.027
0.095
0.065
-0.008
-0.765
-0.034
0.771
0.665
0.509
0.060
0.214
0.632
-0.013
0.312
0.219
-0.027
0.575
-1.651
-0.113
-0.054
-2.079
-0.994
-3.471
-3.886
-0.432
-0.118
-0.530
-0.419
-0.089
0.016
-0.088
-2.901
-0.577
0.310
-0.336
-2.863
-1.543
-0.060
0.037
-2.724
0.138
-1.560
-1.358
-0.335
-0.963
-3.313
0.233
-0.083
0.248
0.421
1.342
-0.140
0.026
-4.315
1.079
-0.475
-0.835
-1.463
-2.355
-1.700
-0.138
-0.701
-1.029
-1.921
-0.087
-0.883
-1.261
0.481
-0.267
-0.272
-0.790
-0.012
-0.085
-1.188
0.121
0.181
2.794
-2.527
-0.392
0.500
0.240
0.266
-0.391
1.871
1.774
0.488
0.158
-0.276
-0.114
0.080
-1.332
0.678
-2.876
0.745
-0.534
-0.048
-1.420
-0.730
-0.150
0.499
-0.725
0.338
-1.330
-1.209
-0.098
-0.725
-1.439
-0.318
-0.403
-0.263
0.014
-0.211
-0.241
-0.174
-0.175
0.006
-0.007
0.104
-1.937
-0.556
0.008
-0.002
0.683
0.002
-2.363
-2.527
-1.221
-1.887
-3.660
-0.414
-0.321
-0.348
-0.376
-0.733
-0.073
-0.173
-0.211
-0.034
-0.004
-0.153
-0.503
-0.318
-0.600
-0.121
-2.231
-0.569
0.810
-1.254
-1.287
-0.303
-0.969
-2.791
-1.031
-0.003
-0.065
-0.091
0.073
0.236
0.055
-0.029
-0.172
0.199
-0.049
-0.088
-0.270
-0.253
-0.639
-1.097
0.264
-0.079
0.033
-0.237
-0.088
-0.666
0.747
0.133
-0.092
-0.308
-1.229
-0.341
-0.539
-0.396
0.139
0.021
0.673
-0.429
-0.259
0.358
-0.701
-0.845
-0.133
-0.728
0.465
0.486
-0.514
0.410
0.656
-0.596
0.361
-0.694
0.395
0.076
0.549
-0.015
-0.391
-0.264
-0.101
-0.064
-0.038
0.077
0.579
0.539
-0.285
-0.587
-0.114
-0.774
0.049
-0.109
-0.070
-0.076
-0.091
-2.746
-0.179
-0.113
-0.102
0.839
-0.452
0.168
-0.756
-0.479
1.511
-0.458
-0.161
0.043
-0.088
-0.078
0.126
0.444
-0.128
-0.178
-0.559
0.120
0.086
0.040
2.995
2.074
1.889
1.402
0.088
0.438
-0.167
-0.114
0.888
-0.180
-0.282
-0.211
0.097
-0.259
-0.138
-0.177
1.182
0.110
0.070
0.396
-0.602
-1.183
-0.006
-0.150
-0.061
0.210
0.424
-0.114
0.427
0.128
-1.416
-2.721
-2.825
-0.380
-1.056
