-0.484
-1.121
0.244
-0.243
1.026
-3.621
-0.163
-1.129
-1.991
-0.973
-0.539
-2.665
-1.416
-0.612
0.699
-2.952
-0.754
-0.278
-0.072
-0.009
1.740
5.095
-0.693
-1.129
-0.519
-0.980
1.372
-0.858
1.021
-0.322
-0.112
-0.906
0.966
-1.061
-0.631
-1.542
-0.894
-0.820
-1.127
0.980
-1.228
-0.915
-0.671
-0.320
-0.128
-0.182
0.415
-0.118
-1.011
-1.174
-0.928
-0.466
-2.439
-2.376
-1.826
-0.964
-3.355
2.229
-0.202
1.820
-2.885
-1.173
-2.529
-0.057
-0.250
0.559
0.482
-0.311
-0.200
0.173
0.017
0.107
-0.229
0.111
-0.154
-0.071
0.371
-0.061
0.019
-0.007
-2.802
-0.278
1.428
-3.045
-0.517
-3.053
-1.129
-0.251
-0.107
-0.048
-0.162
-0.243
-0.213
-0.276
-4.709
-0.137
-0.267
-0.297
-2.622
1.194
-0.932
-0.100
-2.621
0.198
-1.823
-1.674
0.106
-0.330
-2.045
-0.177
-0.190
-0.226
-0.842
1.604
-0.394
-0.083
-3.312
0.927
-1.187
-0.348
-1.515
-2.508
-2.435
-0.918
0.435
-1.171
-1.726
0.503
-0.682
-1.251
0.287
-1.424
-0.155
-2.239
-0.156
-0.250
-1.798
0.060
-0.490
1.638
-3.121
-0.886
0.218
0.228
1.911
-0.677
2.481
2.136
-0.040
-0.106
0.030
-0.290
-0.169
-2.122
-1.581
-3.186
1.432
-1.085
-1.000
-2.019
-0.891
-0.791
-0.304
-1.028
-0.339
-3.305
-1.500
-0.006
-1.515
-1.766
-1.020
-0.458
-0.813
-0.173
-0.687
-0.973
-0.483
-0.241
-0.479
-0.058
-0.158
-1.714
-0.458
0.335
-0.232
0.437
0.502
-2.193
-1.387
-1.028
-2.542
-1.835
-0.553
-0.275
-0.248
-0.218
-0.250
-0.075
-0.193
-0.250
-0.250
-0.250
-0.219
-0.245
-0.145
-0.217
-0.118
-2.905
-1.142
0.408
-0.893
-2.934
-1.332
-0.250
-2.417
-0.743
-0.288
-0.271
-0.543
0.135
-0.250
-0.314
-0.250
-0.089
-0.293
-0.250
0.386
-1.535
-0.338
-1.354
-1.993
0.615
-0.075
-0.305
-0.762
-0.976
0.582
1.241
-0.146
-0.457
-1.740
-1.595
-1.036
-0.970
-2.361
-0.115
-0.113
-0.239
-0.967
-0.219
0.490
-1.525
0.639
-0.351
-0.431
-0.006
0.033
-0.587
-0.004
-0.163
-0.265
-0.008
-0.274
-0.041
-0.579
-0.117
0.261
-0.555
-0.044
1.842
0.136
0.122
-0.072
0.344
-0.250
-0.766
-1.186
-1.127
-1.142
-0.071
-0.281
-0.712
-0.357
-0.748
-2.874
-0.410
-0.257
-0.250
-1.601
-1.000
2.059
0.793
0.436
0.949
0.365
1.474
2.012
0.304
-0.246
1.566
1.591
0.431
3.823
0.383
0.907
-0.254
0.069
3.128
2.321
2.496
1.573
-0.045
0.186
-0.096
0.126
0.616
3.397
-0.541
-1.142
0.074
-0.250
-0.324
-0.260
-0.214
-0.189
-1.207
0.210
-0.187
-1.952
-0.250
-0.315
0.039
-0.387
-0.432
-0.246
-0.117
0.888
-4.133
-2.922
-1.599
-0.287
-2.623
