0.512
1.082
0.387
0.033
-0.525
-3.803
-0.093
0.133
-3.208
-0.014
0.091
-3.276
-0.854
0.245
0.249
-2.551
-0.592
-1.201
-0.073
0.008
0.032
0.098
-0.354
-0.005
0.046
0.065
0.168
0.047
0.032
0.014
-0.014
-0.732
0.161
0.142
0.502
-0.153
0.152
-0.424
-0.115
-0.788
-0.333
-0.115
-0.001
-0.043
0.142
0.089
0.418
0.295
-0.283
-0.475
-1.030
0.794
-3.734
-2.064
-1.736
-0.489
-3.765
0.796
-0.016
0.605
-3.938
-1.229
-1.829
-0.022
-0.039
-0.007
0.443
-2.567
-0.125
0.370
0.204
0.023
0.011
0.195
-0.149
-0.027
0.625
0.046
0.019
0.152
-2.707
-0.492
0.383
-1.167
-0.006
-2.686
-1.924
-0.192
0.008
-0.124
0.061
-0.107
0.073
-0.395
-1.947
0.357
0.083
-0.403
-3.720
-2.149
-0.359
-0.015
-3.011
-0.170
-1.104
-0.296
-0.023
-0.468
-2.051
0.424
-0.177
-0.035
0.681
0.842
0.066
0.148
-3.134
0.816
-0.090
-0.292
-0.355
-2.571
-0.640
-0.798
-0.414
-0.205
-1.608
0.306
0.634
-0.202
0.751
-0.003
0.020
0.023
0.058
0.007
-1.375
-0.520
0.159
3.733
-1.234
-0.273
-0.194
-0.153
0.118
-0.266
2.351
2.326
0.319
0.441
-0.033
0.342
0.113
-0.432
-0.480
-1.557
0.403
-0.185
0.129
-0.590
0.053
0.162
1.628
0.113
0.592
-3.051
-0.582
-0.296
-1.208
-1.492
-0.142
-0.367
-0.054
0.116
-0.004
0.002
-0.129
0.030
-0.055
0.008
0.205
-1.942
-0.905
0.073
-0.023
0.435
-0.239
-2.663
-1.578
-0.885
-2.404
-1.748
-0.329
-0.335
-0.093
-1.718
-3.811
0.142
0.007
-0.438
0.008
0.011
-0.171
-1.130
-0.038
-1.204
-0.017
-1.682
-0.365
0.249
-0.614
-1.420
-1.930
-0.431
-2.387
-1.284
-0.035
0.022
0.304
0.377
0.196
0.293
0.120
0.079
0.040
0.577
0.208
-0.395
0.406
-0.483
-0.772
-0.732
-0.093
-0.006
-0.106
-0.079
-0.913
0.229
-0.063
0.180
-1.116
-0.643
-0.484
-0.705
-0.077
0.372
0.027
0.038
0.098
-0.263
0.331
-0.579
0.138
0.141
0.184
0.523
0.357
0.580
0.449
-0.418
0.327
0.496
0.173
0.086
0.206
1.585
-0.118
-0.523
-0.851
0.503
-0.536
0.253
-0.084
-0.125
-0.056
-0.439
-0.127
-0.304
-0.294
0.216
0.340
-0.111
0.109
-0.063
-1.596
-0.079
-0.030
-0.030
-0.715
0.189
-0.387
0.255
-0.243
-0.060
0.467
0.206
0.178
-0.476
0.127
0.275
0.330
-0.174
0.223
-0.085
0.066
0.180
0.161
3.000
1.816
1.648
1.508
0.281
1.187
-0.061
0.452
0.317
-0.240
-0.121
-0.242
-0.107
0.033
0.008
0.021
0.890
0.283
-0.457
-0.162
-0.268
-1.010
0.090
0.324
-0.026
0.020
0.196
-0.275
-0.865
-0.248
-1.494
-1.361
-4.735
-3.400
-1.930
