1.041
0.653
-2.511
-0.210
0.019
3.369
0.248
0.432
3.014
1.617
0.167
2.411
0.856
0.417
-0.009
2.602
0.711
2.033
0.005
0.372
-0.093
-0.003
-2.745
0.765
-0.033
0.527
-0.358
-0.003
-0.110
-0.287
-0.006
1.325
-0.158
0.794
0.370
0.864
0.130
-0.284
0.397
0.381
-0.036
0.492
0.794
0.118
0.444
0.452
0.020
-0.222
0.450
-0.076
0.682
0.185
0.984
1.209
0.363
0.356
1.833
-0.061
1.003
-0.006
2.860
0.313
1.691
-0.093
-0.024
-0.417
-0.269
0.662
0.063
-0.360
-0.107
-0.129
-0.184
-0.198
-0.036
0.032
-0.818
-0.159
-0.177
-0.389
2.678
-0.009
-0.028
1.654
0.302
2.385
1.215
-0.011
0.033
-0.206
-0.011
0.067
-0.080
0.134
2.642
0.462
-0.095
-0.032
3.309
1.511
-0.021
-0.024
3.051
0.098
2.299
1.779
0.001
1.277
2.178
0.026
0.137
-0.038
0.031
-0.952
-0.109
-0.072
5.063
-0.072
0.903
0.470
2.168
2.444
1.849
0.377
-0.271
0.739
2.116
-0.110
0.724
-0.219
-0.971
0.382
-0.009
1.278
0.069
0.047
1.493
-0.157
0.504
-3.063
2.605
0.765
0.048
-0.016
-0.074
0.650
-2.405
-0.956
0.052
-0.159
-0.043
-0.083
0.034
1.570
0.853
3.971
-0.367
0.848
0.239
1.234
0.609
0.433
-0.961
0.513
-0.754
2.938
0.128
1.016
1.429
0.968
0.198
0.061
0.182
-0.866
0.356
0.262
-0.027
0.094
-0.113
-1.099
-0.141
2.767
0.933
0.015
-0.013
-1.014
-0.156
2.919
2.042
1.258
2.281
3.359
0.050
0.998
0.847
0.589
1.053
-0.095
0.005
0.181
-0.518
-0.704
0.340
0.221
0.212
0.222
-0.228
3.804
0.772
-0.101
1.620
2.008
0.329
0.820
2.347
0.594
0.065
0.252
0.174
0.035
0.123
0.020
0.196
0.150
0.016
0.017
0.424
1.321
0.321
1.391
0.899
-0.056
-0.251
0.012
-0.078
0.238
0.426
-1.581
0.034
0.449
1.391
0.998
0.555
1.159
0.451
0.005
-0.001
-0.919
0.029
-0.658
-0.337
0.793
0.261
0.884
1.470
0.001
0.119
0.607
0.072
0.447
0.410
0.235
0.979
0.372
0.040
-0.012
-0.032
0.196
0.023
0.557
0.089
0.278
-0.093
0.027
0.992
1.135
0.668
1.283
0.418
-0.215
0.195
0.549
0.048
0.330
1.716
0.235
-0.075
-0.212
0.568
0.577
-1.837
0.724
0.022
0.008
0.026
0.027
0.013
-0.025
0.000
-0.443
0.057
0.034
0.038
-0.083
-0.058
-0.078
-0.122
-3.122
-2.178
-2.271
-1.109
0.018
-0.075
-0.029
-0.442
-0.506
0.333
0.223
0.095
-0.019
0.153
1.720
-0.264
-3.497
-0.215
-0.050
-0.138
0.052
0.988
0.273
-0.192
0.124
-0.034
-0.416
0.271
0.038
0.070
0.467
1.866
3.336
0.437
2.934
