0.150
0.259
-0.723
-0.644
0.735
-2.911
-0.175
-0.171
-1.036
-0.350
0.254
-2.647
-0.612
1.146
-0.034
-2.237
-0.919
-0.282
-0.211
-0.247
-0.096
-0.233
0.692
0.126
-0.062
0.748
-0.141
-0.669
-0.319
-0.164
0.006
-0.748
1.191
-0.788
-0.305
-0.411
-0.264
-0.027
-0.423
-0.477
-0.617
-0.971
-0.160
-0.310
-0.196
-0.268
0.088
0.124
-0.239
-0.850
-0.937
-0.357
-0.623
-1.020
0.562
-0.113
-2.107
0.060
-0.184
0.727
-2.691
-0.862
-1.813
0.003
0.257
-0.416
0.204
-0.733
-0.029
0.672
0.792
0.526
0.261
0.682
0.337
0.190
-0.053
-0.080
0.527
0.376
-3.051
-0.070
0.829
-2.246
-1.028
-2.367
-2.120
-0.254
-0.196
-0.188
-0.274
-0.160
-0.196
-0.543
-1.396
-0.025
0.325
0.381
-2.857
-0.169
-0.788
0.401
-3.614
-0.315
-1.891
-1.324
0.127
0.115
-3.564
0.114
-0.098
0.446
-0.100
3.514
0.151
0.255
-2.664
0.083
-0.495
-0.798
-1.218
-1.708
-2.167
-0.358
-0.040
-1.550
-1.395
-0.107
-1.194
-1.288
-0.202
0.035
-0.130
-0.339
-0.180
-0.186
-1.614
-0.662
-0.383
1.931
-3.097
-0.651
-0.066
-0.154
0.053
-0.802
1.478
1.285
0.642
-0.313
-0.094
0.428
-0.085
-2.920
0.170
-4.485
0.712
-1.506
-0.971
-1.648
-0.414
-0.160
1.239
-0.472
0.352
-5.281
-1.182
-1.386
-1.005
-3.388
-0.318
-0.201
-0.299
-0.051
-0.722
-0.659
-0.167
-0.289
-0.115
-0.021
-0.078
-1.301
-0.344
-0.054
-0.050
-0.005
-0.109
-2.498
-2.048
-0.978
-3.837
-4.792
-0.903
-0.789
-0.493
-0.152
-0.629
-0.012
-0.034
-0.167
0.472
0.703
-0.124
-0.173
-0.086
0.123
0.134
-1.967
-0.692
0.258
-0.581
-1.349
-0.723
-0.196
-2.711
-0.958
-0.327
-0.196
-0.172
-0.039
-0.177
-0.191
-0.196
-0.163
0.068
-0.121
0.585
-0.353
-0.200
-1.459
-0.868
0.173
0.154
0.023
-0.499
-0.204
-0.713
0.649
-0.232
-0.688
-1.268
-2.361
-1.087
-1.870
-0.300
-0.196
0.385
0.300
-0.186
-0.632
0.170
-1.599
-0.674
-0.129
-0.405
-0.001
-0.099
-0.196
0.006
-0.029
0.005
-0.108
-0.168
0.241
0.031
0.121
-0.024
0.354
0.192
1.301
-0.073
-0.403
-0.160
0.445
-0.268
-1.069
-0.349
-0.816
-0.196
0.358
0.297
0.370
-0.128
-0.238
-3.101
-0.364
-0.109
-0.212
0.649
-0.527
-0.785
-0.038
-0.197
-0.144
-0.203
-0.135
0.164
-0.224
-0.011
0.061
-0.030
-0.250
-0.021
-0.208
-0.026
-0.168
-0.672
2.789
1.298
1.624
0.898
-0.136
0.296
-0.194
0.786
0.490
0.148
-0.215
-0.436
-0.223
-0.320
-0.153
-0.136
0.609
0.256
-0.360
0.123
-0.230
-1.114
-0.163
-0.096
-0.585
-0.226
0.099
-0.272
-0.176
0.010
-2.429
-3.056
-2.008
-0.747
-1.351
