0.314
0.524
0.198
0.088
-0.022
-2.290
-0.026
-0.418
-1.083
-0.662
-0.332
-2.160
-0.666
-0.761
-0.406
-2.001
-0.451
-0.403
0.078
-0.046
0.027
1.139
0.238
-0.204
0.345
-0.312
0.550
-0.571
0.219
0.014
0.519
-0.572
-0.083
0.052
-0.163
-0.166
0.078
-0.345
-0.589
0.347
-0.006
-0.058
0.808
0.084
-0.445
-0.762
-0.006
0.456
-0.544
-0.764
-0.745
-1.294
-2.338
-0.657
-0.979
-0.078
-1.621
0.551
0.279
0.456
-1.372
-0.640
-1.156
0.567
0.016
0.658
0.286
-0.275
0.064
0.382
0.777
0.449
0.127
0.374
0.491
0.572
1.822
-0.175
0.117
0.302
-1.572
-0.520
0.708
-2.154
-1.676
-1.598
-1.003
0.004
0.054
0.679
0.217
-0.076
0.179
-0.339
-0.595
-0.150
0.276
-0.512
-2.632
-1.478
-1.944
0.273
-2.070
-0.488
-1.705
-0.445
0.059
-0.514
-2.762
-0.751
-1.158
-0.019
-0.392
1.223
0.305
0.976
-2.855
0.456
-0.826
-0.443
-1.277
-0.923
-1.166
-0.746
0.106
-0.936
-1.170
0.354
-0.544
-1.009
0.938
-0.850
0.016
-0.544
-1.242
-0.828
-1.607
-0.055
0.037
0.578
-2.114
-0.342
-0.074
0.074
1.157
-0.513
1.954
0.562
0.360
-0.128
-0.177
2.484
0.061
-0.730
-0.460
-1.737
0.971
-0.230
0.329
-0.849
-0.031
-0.213
1.613
-0.032
0.084
-2.945
-2.079
-0.785
-2.032
-2.532
-0.671
-0.881
-0.264
0.224
-0.541
-0.291
-0.103
0.485
0.091
0.350
0.008
-0.542
-0.199
0.537
0.008
0.123
-1.629
-1.762
-1.136
-0.445
-3.378
-1.548
-0.284
0.489
0.098
-0.702
-0.468
0.074
0.201
0.126
-0.650
-0.078
-0.153
-0.075
0.009
-0.421
-0.020
-1.787
-0.647
1.180
-0.462
-1.111
0.850
0.072
-2.103
-0.097
-0.164
0.020
-0.211
1.288
-0.041
-0.279
-0.017
0.064
-0.425
0.496
2.234
-1.347
1.219
-1.025
-0.507
-0.144
-0.340
0.016
-0.203
-1.143
0.283
0.564
0.078
-0.155
-1.163
-0.036
-0.921
-0.930
-0.992
0.028
0.587
0.198
0.001
0.586
0.855
-1.005
0.077
-0.181
-1.096
0.006
-0.118
-0.208
-0.062
-0.180
-0.124
0.155
-0.248
0.229
-0.443
-0.141
0.769
0.155
0.123
0.145
0.845
-0.043
0.131
0.168
0.358
-1.287
-0.603
-0.028
-0.500
0.114
0.033
-0.404
-0.493
-0.071
-1.521
0.672
0.157
0.043
-0.416
0.067
0.077
-0.122
0.075
0.131
0.082
0.083
0.495
-0.403
0.254
0.174
0.405
0.078
2.037
0.067
0.004
0.152
0.577
4.398
2.129
2.808
1.893
0.748
0.765
0.016
-0.015
1.542
0.432
-0.326
0.032
-0.045
0.145
0.054
0.079
-1.120
-0.498
-0.590
0.129
-0.274
-1.723
0.064
-0.013
-0.062
0.594
0.941
-0.138
0.516
0.043
-3.135
-2.911
-2.389
0.381
-0.725
