0.462
1.678
0.714
-0.594
-0.672
-2.190
-0.020
-0.046
-1.196
-0.457
-0.594
-2.246
-0.204
-0.213
-0.567
-2.008
-0.512
0.011
-0.521
0.217
-0.052
-0.583
1.171
-0.603
0.022
-0.013
0.479
-0.077
0.143
0.097
-0.182
-0.623
-0.189
-0.154
0.946
0.029
-0.715
-0.629
-0.407
-0.737
-0.013
-1.014
-0.689
-0.530
-0.054
-0.466
0.094
-0.689
-0.883
-0.475
-1.826
0.008
-1.518
-1.465
-0.713
-1.076
-1.763
0.079
-0.705
-0.521
-1.884
-0.812
-1.356
-0.100
-0.118
-0.010
-0.103
-0.886
-0.042
0.598
0.525
0.442
-0.116
0.165
0.749
-0.042
0.601
0.321
0.077
0.327
-2.473
-0.220
0.123
-1.888
-0.731
-2.289
-1.404
-0.199
-0.061
-0.022
-0.152
-0.209
0.447
-0.648
-3.231
0.531
-0.183
0.208
-1.958
-1.003
-0.046
-0.054
-2.804
0.093
-1.050
-0.671
0.116
0.350
-2.331
-0.222
-0.221
-0.127
0.109
1.354
-0.103
-0.039
-2.742
0.776
-0.620
-0.618
-1.416
-2.139
-1.672
-0.291
-0.013
-0.736
-1.237
-0.209
-0.059
-0.522
0.737
-0.836
-0.061
-1.349
-0.148
-0.183
-0.981
-0.264
0.055
2.827
-1.981
-0.832
0.014
-0.517
0.550
-0.483
2.276
0.869
-0.247
0.720
-0.337
0.329
0.222
-1.486
2.397
-2.874
0.861
-0.212
-0.819
-1.470
-0.521
-0.016
0.749
-0.713
0.447
-2.596
-0.041
-0.653
-1.185
-0.327
-0.326
-0.193
-0.254
0.069
-0.251
-0.382
-0.306
-0.237
0.188
0.170
-0.114
-1.387
-0.638
-0.221
-0.192
1.105
-0.097
-2.880
-2.068
-0.608
-1.924
-2.789
-0.505
-0.403
-0.462
-0.491
-0.431
0.280
0.033
-0.133
0.089
0.006
-0.325
-0.389
-0.373
-0.148
-0.093
-2.184
-0.789
0.514
-0.585
-0.967
-0.392
-0.411
-2.158
-0.877
-0.486
-0.444
-0.236
0.002
-0.112
0.016
-0.338
-0.270
0.058
0.431
-0.013
-0.359
0.099
-0.773
-0.511
-0.244
-0.043
-0.160
-0.374
-0.205
-0.410
0.258
-0.094
-0.278
-0.013
-0.298
-1.003
-0.266
-1.325
-0.003
0.167
0.761
0.009
0.409
0.415
-0.772
-0.135
-0.281
-0.537
0.420
0.225
-0.246
-0.364
-0.298
-0.026
0.038
-0.422
0.734
-0.016
1.223
0.120
-0.230
0.072
-0.347
-0.240
0.146
-0.040
0.172
-0.478
-0.465
-0.460
-0.555
-0.418
0.181
0.006
-0.107
-0.013
-0.397
-2.502
-0.300
-0.062
-0.318
1.194
-0.826
-0.216
0.293
-0.140
1.174
-0.242
0.027
-0.014
0.023
-0.079
0.095
-0.078
-0.395
-0.164
-0.333
-0.122
-0.250
0.055
3.511
1.807
1.792
1.429
-0.044
0.403
-0.123
-0.019
0.385
0.683
-0.367
-0.208
-0.351
0.096
-0.447
-0.550
1.639
0.231
0.039
-0.492
-0.087
-1.257
-0.329
-0.549
-0.311
0.006
0.174
0.107
-0.168
-0.102
-1.635
-2.102
-1.899
-1.314
-2.388
