0.219
-0.297
0.476
0.009
-0.009
-3.115
0.241
-1.187
-2.486
-1.278
-0.031
-3.922
-1.766
-0.045
-0.416
-2.402
-0.725
-0.120
-0.249
0.171
0.575
0.640
1.377
-0.607
-0.023
-0.189
0.864
-0.566
0.448
0.358
-0.468
-0.722
0.525
0.026
0.606
0.122
-0.154
-0.359
-0.200
-0.447
-0.517
-0.415
-0.677
-0.199
-0.187
-0.164
0.613
-0.067
-0.442
-0.380
-1.544
-0.077
-2.480
-2.181
-0.055
-0.124
-3.421
-0.073
-0.208
-0.180
-3.733
-1.748
-1.341
-0.024
0.008
0.125
-0.128
-1.063
-0.016
0.306
0.259
0.064
0.121
-0.080
0.007
-0.031
0.283
0.209
0.064
0.080
-2.641
0.048
0.028
-1.066
-0.143
-1.944
-0.576
-0.071
-0.049
-0.061
-0.065
-0.088
0.079
0.166
-2.942
0.628
0.004
-0.145
-2.622
-1.128
-0.144
0.098
-3.365
-0.006
-0.814
-0.043
-0.005
-0.066
-2.477
-0.073
0.430
0.010
0.181
1.766
0.478
0.541
-4.526
0.135
-0.989
-0.874
-2.688
-2.014
-1.563
-0.258
-0.082
-0.455
-1.833
-0.117
-0.268
-0.337
0.935
0.114
0.060
-0.940
0.077
0.083
-2.116
-0.349
-0.562
1.508
-2.283
-0.395
0.437
-0.193
0.365
-0.684
2.060
0.829
0.262
0.212
-0.325
-0.003
0.087
-1.062
-0.091
-4.290
0.374
-0.109
0.104
-0.310
-0.099
0.006
0.158
-0.062
0.035
-2.800
-0.229
-0.733
-1.931
-0.432
-0.308
-0.184
-0.090
0.088
-0.296
-0.245
-0.051
-0.051
0.021
0.278
0.027
-2.474
-0.949
0.172
-0.058
0.822
-0.105
-2.173
-1.969
-0.881
-2.500
-3.445
-0.356
-0.604
-0.393
-0.271
-0.224
-0.019
-0.035
-0.070
0.001
-0.044
-0.220
-0.083
-0.051
-0.056
0.195
-2.807
-0.915
1.006
-1.478
-1.921
-0.966
-0.492
-2.091
-0.577
-0.394
-0.432
-0.437
0.243
0.270
0.290
-0.212
-0.031
0.098
0.010
0.447
-0.105
-0.211
-0.743
-0.762
-0.003
0.192
0.027
-0.697
0.012
-0.396
0.185
-0.232
-0.063
-0.681
-0.297
-0.205
-0.469
-1.718
0.024
-0.034
-1.306
-0.013
-0.094
0.875
-0.475
-0.075
-0.226
-0.391
-0.025
-0.043
-0.053
-0.069
-0.404
-0.269
-0.034
-0.286
0.017
-0.081
-0.035
0.671
-0.105
0.033
0.203
0.213
0.087
0.031
0.244
-0.187
-0.675
-0.267
-0.320
-0.131
-0.013
-0.043
-0.054
-0.048
-0.113
-3.335
-0.085
0.039
-0.239
-0.005
-0.110
0.570
2.098
0.095
0.161
0.369
0.482
0.227
-0.131
0.243
1.028
0.331
0.075
0.324
0.244
0.507
-0.031
0.145
3.146
2.476
1.911
2.378
0.289
0.284
-0.075
0.729
0.329
-0.259
-0.140
-0.181
-0.052
-0.050
-0.144
-0.044
1.338
0.626
0.145
-0.043
-0.406
-0.959
-0.163
-0.011
-0.022
0.000
0.155
0.638
-0.072
-0.345
-2.333
-3.498
-2.551
-1.555
-1.095
