-1.116
-1.391
0.967
0.315
0.343
3.372
-0.139
0.979
1.982
1.161
0.093
2.745
0.991
0.494
0.603
2.113
0.559
0.891
0.565
0.529
-0.184
-1.218
-0.684
0.686
-0.502
0.275
-0.822
0.426
-0.599
-0.479
-0.245
1.117
-0.265
0.084
-0.262
-0.048
0.244
0.539
0.361
0.676
0.114
0.226
0.176
0.045
0.086
0.203
-0.306
-0.111
0.788
0.486
0.475
0.884
1.920
1.526
0.558
0.035
1.844
-0.830
0.087
-1.399
3.279
1.314
1.523
-0.161
-0.231
-0.001
-0.054
0.534
-0.035
-0.343
-0.347
-0.307
-0.268
-0.219
-0.305
-0.114
-0.329
-0.283
-0.247
-0.307
3.025
0.042
-0.390
1.482
0.216
1.942
1.048
0.105
-0.051
0.130
0.145
0.109
0.390
-0.238
2.563
-0.099
-0.288
0.430
3.040
1.008
0.553
-0.056
3.569
0.163
1.669
0.010
-0.285
0.279
3.876
-0.279
-0.080
0.052
-0.307
-1.655
-0.084
-0.316
3.283
-0.474
0.560
0.451
2.288
2.116
1.519
0.531
0.106
0.862
1.376
0.299
0.462
0.306
-0.964
0.185
0.007
0.735
-0.281
0.001
1.867
0.728
0.577
-1.828
1.752
-0.032
-0.103
0.310
-0.504
0.734
-1.428
-1.066
-0.478
-0.240
0.058
-0.197
-0.652
1.229
-0.096
1.962
-0.353
0.317
0.141
0.983
0.229
0.401
-1.001
0.470
-0.797
2.668
1.025
0.584
0.884
1.432
0.196
0.455
0.253
-0.305
0.242
0.194
-0.144
0.264
-0.303
-0.302
0.059
2.300
1.057
-0.083
0.042
-0.956
-0.241
3.081
1.564
1.057
2.143
2.576
0.437
0.447
-0.077
0.064
0.306
-0.278
-0.267
-0.224
-0.299
-0.296
0.064
-0.048
-0.155
-0.089
-0.027
2.307
0.826
-0.482
0.934
0.950
0.725
0.229
2.745
1.538
-0.781
0.057
0.016
-0.307
-0.069
-0.229
-0.011
-0.234
-0.245
-0.392
-0.335
0.656
-0.014
0.984
0.254
0.219
-0.202
-0.066
0.409
-0.122
0.527
-0.605
-0.062
0.164
0.560
0.883
0.479
0.478
1.233
-0.262
-0.108
-0.537
-0.303
-0.460
-0.549
0.742
0.463
0.564
1.285
-0.337
-0.578
0.420
2.590
1.376
0.157
-0.527
1.002
-0.298
-0.295
-0.435
-0.438
0.139
-0.294
-0.657
0.124
0.034
-0.186
-0.307
-0.140
0.410
0.755
0.611
0.115
-0.245
0.087
0.560
-0.233
0.391
1.973
0.179
-0.223
-0.264
0.006
0.438
-0.538
-1.293
0.094
-0.794
-0.239
-0.169
-0.307
0.321
-0.024
-0.527
-0.321
0.303
-0.119
0.185
-0.390
0.188
-0.150
-3.372
-1.824
-2.116
-1.217
-0.235
-0.502
0.077
-0.407
-0.822
-0.069
0.028
0.300
0.017
-0.203
-0.036
0.228
-1.173
-0.024
0.054
-0.344
0.440
1.421
0.017
-0.040
0.083
-0.005
-0.769
0.025
-0.104
0.192
1.522
3.195
2.115
1.428
0.927
