0.582
1.002
0.945
0.052
-0.780
-2.884
-0.171
-0.504
-1.810
-0.593
-0.204
-3.109
-0.724
0.076
-0.294
-1.961
-0.577
-0.379
-0.272
0.001
-0.059
0.743
1.606
-0.912
0.330
0.061
0.966
-0.672
0.526
0.324
-0.139
-1.358
0.382
-0.074
1.073
0.594
-0.354
-0.549
-0.452
-0.623
-0.617
-0.796
-0.920
-0.720
-0.452
-0.432
0.698
0.333
-1.184
-0.622
-1.922
-0.154
-2.424
-2.213
-0.691
-0.393
-2.161
0.551
-0.110
0.554
-3.120
-0.683
-2.020
0.036
0.061
-0.301
0.060
-0.954
-0.087
0.555
0.505
0.445
0.259
0.125
0.417
0.005
0.177
0.635
0.167
0.314
-2.681
-0.408
0.184
-2.090
-0.546
-2.744
-2.185
-0.320
0.001
-0.100
-0.169
-0.307
0.490
-0.409
-2.766
1.094
0.066
-0.367
-3.086
-1.326
-0.391
0.026
-3.730
-0.135
-1.898
-0.768
0.455
-0.388
-2.669
0.118
-0.202
0.140
0.730
1.501
-0.002
0.039
-3.396
0.278
-0.493
-1.166
-2.183
-3.372
-2.033
-0.520
-0.157
-1.272
-1.802
0.075
-0.565
-0.759
0.034
-0.965
0.127
-1.156
0.042
-0.108
-1.102
-0.127
-0.338
1.155
-1.959
-0.866
0.740
-0.058
1.030
-0.833
2.181
1.521
-0.031
-0.285
-0.466
0.042
0.296
-1.428
-0.306
-3.458
0.654
-0.150
-0.781
-1.563
-0.405
-0.435
1.666
-0.503
0.848
-2.760
-0.065
-0.875
-1.192
-0.321
-0.516
-0.274
-0.453
-0.055
-0.457
-0.529
-0.057
-0.116
0.084
-0.044
0.025
-1.578
-0.869
-0.087
-0.143
0.835
-0.028
-2.623
-2.697
-1.133
-2.486
-5.134
-0.577
-0.901
-0.382
-0.762
-0.543
0.371
-0.044
-0.277
-0.087
-0.160
-0.539
-0.661
-0.302
-0.626
0.093
-2.290
-0.943
1.010
-0.727
-1.050
-0.075
-0.263
-2.920
-1.342
-0.673
-0.706
-0.064
0.574
-0.058
-0.043
-0.380
-0.339
0.063
0.391
-0.100
-0.646
-0.270
-1.028
-0.795
-0.040
-0.037
0.066
-0.707
-0.102
-0.868
0.761
0.056
-0.530
-1.313
-1.061
-0.775
-0.752
-1.356
-0.104
0.049
1.187
0.171
1.006
0.505
-0.878
-0.610
-0.320
-0.311
0.152
-0.002
0.746
-0.496
-0.366
-0.395
-0.008
-0.627
0.211
0.401
0.475
0.043
-0.360
0.153
-0.317
-0.419
-0.081
-0.044
0.300
0.015
-0.465
-0.624
-0.521
-0.597
0.330
0.073
-0.367
0.112
-0.345
-2.728
-0.208
0.088
-0.191
-0.278
-0.462
0.515
-0.142
0.029
0.122
0.371
0.315
0.414
0.020
-0.221
0.687
0.479
-0.144
0.366
0.169
0.447
-0.154
-0.044
2.461
2.539
2.160
2.265
0.099
0.672
0.032
0.623
0.579
0.143
-0.351
-0.222
-0.262
-0.029
-0.728
-0.009
1.119
0.286
-0.217
-0.131
-0.548
-1.117
-0.317
-0.210
-0.382
-0.300
0.504
-0.123
0.007
-0.161
-1.538
-3.359
-5.029
-1.771
-1.667
