0.813
1.012
0.247
-0.128
0.223
2.969
0.407
0.891
1.810
0.882
-0.075
2.583
0.878
-0.595
0.712
2.446
0.754
0.811
0.427
0.131
-0.245
-0.544
-1.908
0.509
-0.229
-0.027
-0.608
0.389
-0.148
-0.470
-0.032
0.968
-0.803
-0.270
-1.148
-0.215
0.668
0.495
0.479
0.399
0.075
0.514
-0.071
0.043
0.270
0.368
-0.640
-0.699
2.243
0.150
1.242
0.255
1.201
0.989
0.575
1.462
2.088
-1.307
0.121
-1.320
2.481
1.400
2.604
-0.060
-0.063
0.457
0.050
0.750
0.528
-0.259
-0.235
-0.187
-0.333
0.392
-0.049
0.303
0.141
-0.404
-0.097
-0.216
2.932
0.116
-0.115
2.098
0.154
2.337
2.352
0.163
-0.029
0.055
-0.047
0.101
-0.188
0.606
2.902
-0.056
-0.086
0.146
2.449
1.026
0.301
-0.215
3.178
0.371
2.216
1.346
0.077
0.202
2.916
0.273
0.422
-0.226
-0.556
-2.164
0.092
0.090
3.936
-1.089
0.346
1.028
1.839
2.629
0.941
0.005
-0.220
1.239
1.215
-0.053
0.021
0.449
-0.083
0.569
-0.166
0.076
0.270
0.160
1.503
0.214
-0.015
-0.108
2.233
0.303
-0.353
0.128
-0.473
0.728
-3.314
-2.438
-0.029
-0.329
0.036
-0.663
-0.080
1.437
-0.079
2.107
-0.970
0.853
0.200
1.302
0.672
-0.017
-1.541
0.468
-1.117
2.989
0.451
0.150
1.173
0.827
0.658
0.207
0.378
-0.186
0.267
0.361
-0.098
0.006
-0.080
-0.271
-0.106
1.935
0.491
0.180
-0.092
-0.314
0.137
3.004
1.517
0.759
2.340
2.693
0.373
0.200
0.593
0.154
0.191
-0.154
-0.071
-0.071
-0.294
-0.169
-0.003
0.114
-0.570
0.079
0.153
2.642
1.019
-0.071
0.592
1.461
0.757
0.120
2.513
0.954
-0.071
-0.071
-0.026
-0.544
-0.184
-0.086
-0.003
-0.071
-0.268
-0.175
-0.182
0.742
0.383
1.001
0.841
-0.034
0.060
0.074
0.546
0.202
0.429
-1.119
0.024
0.087
0.133
0.071
0.176
0.044
0.545
-0.202
-0.109
-0.056
-0.309
0.630
-0.342
0.847
0.598
1.882
2.015
0.133
0.360
0.617
1.308
0.193
1.019
0.258
2.998
0.136
0.451
0.095
-0.581
0.120
0.153
0.998
0.152
0.103
-0.113
-0.063
-0.012
0.347
0.169
0.137
0.178
-0.294
-0.133
0.195
-0.104
-0.026
3.596
-0.071
-0.074
0.120
-0.071
0.657
0.862
0.978
-0.028
-0.437
0.012
-0.169
-0.304
0.244
-0.122
-0.656
-0.256
0.183
-0.214
0.212
-0.197
0.625
0.170
-3.094
-2.436
-2.259
-1.971
0.065
-0.552
0.101
-0.663
-0.879
0.393
0.491
0.105
0.368
0.677
-0.026
0.229
-1.376
-0.131
0.194
-0.014
0.542
1.766
0.300
-0.503
0.192
0.455
-0.398
-0.073
-0.071
0.173
1.667
2.771
2.961
1.290
2.055
