0.170
0.423
0.910
0.659
1.175
2.396
-0.089
-0.297
1.519
0.727
-0.076
3.771
0.280
-0.280
0.086
2.321
0.529
0.402
0.283
0.294
-0.104
-0.430
-1.277
0.671
-0.363
0.264
-0.920
0.223
-0.362
-0.362
0.054
1.114
-0.733
-0.351
-0.734
-0.060
0.330
0.452
0.526
-0.579
0.060
0.397
0.396
0.305
0.447
0.328
-0.293
-0.107
1.135
0.365
0.801
0.297
1.037
1.010
0.565
0.616
1.993
-0.385
0.193
-0.725
3.161
1.685
2.722
-0.258
-0.062
-0.176
-0.155
0.832
0.093
-0.569
-0.515
-0.408
0.167
-0.080
-0.572
0.100
-0.357
-0.367
-0.044
-0.319
3.412
-0.171
-0.174
1.962
0.395
2.722
1.428
0.221
0.441
-0.458
0.135
0.085
-0.465
0.404
2.202
-0.030
-0.324
0.646
3.122
1.288
0.446
-0.299
3.523
-0.129
1.334
0.726
-0.182
0.255
2.968
-0.158
0.225
-0.111
-0.060
-0.990
-0.109
-0.387
3.855
-0.437
0.879
0.828
1.764
3.419
1.622
0.412
-0.274
0.517
1.607
-0.004
0.425
2.292
-0.493
0.801
-0.189
0.558
0.040
0.074
1.102
0.118
0.390
-0.205
2.893
0.741
-0.063
0.327
-0.386
0.182
-1.919
-1.098
-0.294
-0.294
0.401
-0.259
-0.701
1.011
-0.060
2.387
-1.178
0.167
0.182
1.056
0.451
0.078
-1.309
0.737
-0.879
2.998
0.097
0.093
1.413
0.637
0.437
-0.027
0.569
-0.029
0.423
0.449
0.332
0.187
0.199
-0.153
0.058
1.612
0.668
0.161
0.150
-0.793
0.146
3.276
1.928
0.858
2.232
2.925
0.601
0.297
0.794
0.417
0.223
-0.220
-0.060
0.239
0.086
0.144
0.464
0.334
-0.013
0.525
-0.117
2.656
0.720
-0.419
0.866
1.346
-0.011
0.710
2.247
0.690
0.557
0.359
0.144
-0.413
-0.363
-0.091
0.010
0.095
-0.337
-0.405
-0.060
0.725
0.156
0.764
0.566
-0.057
0.059
0.037
0.390
0.191
0.711
-0.666
-0.102
0.057
-0.003
0.557
0.801
0.541
0.428
-0.729
-0.000
-0.625
-0.060
0.110
-0.427
1.479
0.872
0.664
0.511
-0.308
-0.160
-0.233
0.525
0.238
0.248
-0.146
0.863
-0.040
-0.163
-0.398
-0.523
0.215
-0.171
0.152
0.060
0.363
-0.128
-0.055
-0.207
0.421
0.330
0.232
-0.060
-0.433
-0.178
0.394
-0.054
0.105
2.806
-0.178
-0.131
0.153
-0.060
0.540
-0.359
-0.144
0.157
-0.327
0.122
-0.045
-0.064
-0.414
0.164
-0.367
-0.195
0.247
-0.069
0.226
-0.068
0.121
0.223
-3.435
-2.309
-2.801
-1.604
0.090
-0.323
0.270
-0.550
-0.761
-0.448
0.427
0.349
0.178
0.316
-0.057
0.166
-1.985
-0.953
0.418
0.506
0.072
1.178
0.133
-0.236
0.573
0.005
-0.631
-0.247
0.145
0.027
1.918
5.029
2.670
0.315
2.724
