0.433
0.832
-0.445
-0.129
-0.408
-3.446
-0.100
-0.488
-2.358
-0.677
0.036
-3.348
-0.747
-0.533
-1.070
-2.265
-0.615
-0.566
-0.061
0.218
-0.191
-0.137
0.378
-0.682
0.571
-0.228
0.412
-0.272
0.065
0.592
0.100
-1.484
-0.478
-0.460
0.626
-0.268
-0.514
-0.555
-0.245
-0.653
-0.403
-1.009
-0.425
-0.762
-0.096
-0.046
0.846
-0.136
-0.603
-0.534
-1.462
-0.247
-2.792
-2.806
-0.383
-0.335
-1.982
0.814
-0.065
0.085
-3.383
-1.206
-1.924
0.067
0.112
-0.416
-0.212
-0.619
-0.122
0.343
0.253
0.130
0.007
-0.028
-0.100
-0.103
0.715
0.154
0.070
0.304
-2.436
-0.061
-0.044
-1.599
-0.459
-1.738
-0.695
-0.340
-0.125
0.794
-0.375
-0.015
0.348
-0.247
-2.617
-0.163
-0.066
-0.473
-3.172
-1.292
-0.506
0.015
-4.753
-0.758
-1.289
-0.536
-0.062
-0.337
-3.126
-0.436
0.105
0.128
-0.045
1.363
-0.182
-0.076
-3.686
-0.172
-0.911
-1.233
-1.847
-2.333
-1.506
-0.587
-0.234
-1.367
-1.310
0.251
-0.106
-0.810
1.276
-0.368
0.263
-1.268
-0.159
-0.104
-1.992
-0.889
-0.980
2.060
-2.190
-0.571
-0.290
-0.691
-0.031
-0.377
2.402
0.755
-0.325
-0.332
-0.061
-0.351
0.196
-1.076
-1.026
-3.081
0.362
-0.216
-0.278
-1.076
-0.392
-0.484
1.046
-0.413
0.545
-2.935
-1.083
-0.907
-1.875
-1.355
-0.385
-0.257
-0.302
-0.045
-0.476
-0.494
-0.254
-0.264
-0.039
0.052
0.182
-1.813
-0.503
-0.372
-0.216
1.622
-0.307
-3.213
-2.144
-0.884
-3.003
-3.508
-0.622
-0.313
-0.657
-0.326
-1.094
0.082
-0.090
-0.063
0.068
0.031
-0.200
-0.294
-0.093
-0.210
0.001
-2.490
-0.731
1.099
-1.065
-1.382
-0.333
-0.303
-2.798
-1.380
-0.606
-0.422
-0.473
-0.083
-0.030
-0.055
-0.337
-0.392
0.012
-0.065
0.167
-0.495
0.206
-1.187
-0.703
-0.373
-0.306
-0.194
-0.739
-0.182
-1.142
0.450
0.072
-0.133
-0.889
-0.646
-0.395
-0.537
-1.478
0.006
-0.037
-0.391
0.356
0.069
1.303
-1.382
-0.095
-0.793
-1.198
-0.044
-0.114
-0.543
-0.554
-1.090
-1.027
-0.275
-0.885
0.042
-0.715
0.628
-0.187
-0.277
0.142
-1.019
-0.124
-0.336
-0.012
-0.279
-0.212
-0.997
-0.212
-0.125
-0.292
0.355
0.120
-0.207
0.381
-0.127
-2.418
-0.078
0.174
-0.056
-0.766
-0.296
0.231
-0.757
-0.119
-0.018
0.031
0.186
0.678
0.026
-0.170
0.321
0.311
-0.084
-0.071
-0.087
0.069
-0.102
0.021
2.052
1.514
1.502
1.073
0.212
0.255
-0.192
0.106
0.357
-0.647
-0.063
0.067
-0.067
-0.135
-0.489
-0.139
0.590
-0.371
-0.220
-1.316
-0.448
-1.765
0.021
-0.229
-0.572
-0.339
0.499
-0.017
-0.221
-0.134
-1.683
-2.867
-3.470
-1.959
-1.510
