-0.203
-0.353
0.869
-0.104
-0.649
-2.642
-0.163
-0.478
-1.598
-0.420
0.192
-2.826
-0.551
0.021
-0.167
-2.951
-0.754
-0.326
-0.185
-0.108
0.180
-0.010
0.768
-0.483
0.304
-0.134
0.217
-0.087
0.125
0.188
0.193
-0.758
0.169
-0.024
0.394
-0.078
-0.751
-0.213
-0.205
-0.049
-0.211
-0.569
-0.529
-0.245
-0.034
0.016
0.177
-0.040
-0.806
-0.413
-1.135
0.174
-2.280
-1.796
-0.688
-0.314
-2.357
0.490
-0.275
0.447
-2.753
-1.017
-2.257
0.133
-0.098
0.185
0.270
-0.480
0.132
0.256
0.343
0.236
0.121
0.846
0.381
0.123
0.435
0.256
0.165
0.158
-2.713
-0.137
0.107
-2.079
-0.295
-3.556
-1.788
-0.048
-0.119
-0.067
-0.065
-0.031
0.121
-0.193
-3.596
0.246
0.094
-0.288
-2.909
-1.192
-0.193
0.084
-3.536
-0.539
-1.308
-0.355
0.035
-0.196
-2.650
0.531
-0.001
0.117
0.046
1.418
0.001
-0.081
-3.085
0.643
-0.459
-0.504
-2.024
-2.920
-0.857
-0.384
0.142
-0.999
-1.552
0.062
-0.097
-0.271
1.561
-0.047
0.094
-1.093
0.176
0.153
-0.976
0.060
-0.162
2.541
-2.129
-0.732
0.010
0.193
0.621
-0.647
2.271
1.609
0.200
0.632
-0.152
0.132
0.283
-0.779
0.222
-2.543
0.547
-0.138
-0.060
-0.510
-0.440
-0.416
0.785
-0.529
0.496
-2.498
-0.427
-0.378
-1.331
-0.655
-0.416
-0.564
-0.401
-0.024
-0.302
-0.342
0.024
-0.104
0.082
0.065
0.078
-2.240
-0.861
0.214
0.112
0.619
0.126
-3.258
-1.368
-0.569
-1.725
-2.100
-0.488
0.103
-0.412
-0.461
-0.263
0.278
-0.097
-0.070
0.014
-0.043
-0.162
-0.253
-0.104
-0.259
0.222
-2.110
-0.723
0.468
-0.511
-1.507
-0.759
-0.277
-2.329
-0.745
-0.456
-0.888
-0.273
0.237
0.241
0.296
-0.039
-0.008
0.091
-0.071
-0.086
-0.356
1.148
-1.334
-0.700
0.193
0.281
0.119
-0.415
-0.120
-0.567
0.721
0.146
-0.294
-1.065
-1.874
-0.824
-0.526
-0.943
0.206
-0.063
0.243
-0.094
0.299
0.274
-0.830
-0.320
-0.553
-0.774
0.470
0.230
-0.384
-1.881
-0.132
-0.122
0.290
-0.940
0.952
-0.202
0.638
0.451
-0.259
0.183
0.062
0.073
0.086
0.052
0.140
-0.601
-0.387
-0.326
-0.204
-0.328
0.335
0.179
-0.050
0.010
-0.167
-2.609
-0.036
0.065
0.221
0.095
-0.042
0.298
-0.444
-0.127
0.105
-0.048
-0.051
0.067
0.081
-0.147
0.124
0.246
-0.240
0.143
0.028
-0.030
-0.070
0.126
2.319
1.907
2.337
1.418
0.317
0.473
-0.211
0.172
0.663
0.419
-0.259
-0.146
-0.237
-0.137
-0.286
0.145
1.511
0.402
-0.008
-0.023
-0.767
-0.906
-0.304
-0.058
-0.009
0.234
0.516
0.129
0.059
0.056
-1.113
-2.698
-3.330
-0.118
-1.628
