0.050
-0.058
2.375
-0.143
-0.089
2.869
0.132
0.169
1.827
0.599
-0.065
2.496
0.278
-0.909
-0.572
2.434
0.822
1.912
-0.262
0.036
-0.195
-1.041
-0.209
-0.207
-0.810
0.894
-1.326
0.713
-0.087
-0.835
-0.037
0.301
-0.165
0.330
-0.043
0.263
0.250
-0.157
-0.125
-0.454
0.152
0.592
-0.007
-0.078
0.641
0.670
-1.593
-0.708
0.565
0.019
0.524
0.204
1.233
0.780
1.798
0.499
1.909
-0.519
0.260
-1.212
3.253
0.568
2.346
0.085
0.233
-0.564
-0.326
1.200
0.953
-0.733
-0.817
-0.519
-0.652
1.430
-0.654
-0.368
0.097
-1.230
-0.911
-0.470
3.597
0.233
0.215
1.939
0.335
1.589
1.776
0.422
0.469
0.793
0.098
0.080
-0.666
-0.234
2.844
-0.074
-0.210
-0.138
3.360
2.482
1.278
-0.089
4.252
0.283
2.077
1.134
0.279
1.051
1.730
-0.162
0.093
-0.335
0.180
-1.602
-0.013
-0.357
4.431
-0.386
1.947
0.989
3.301
4.366
2.461
0.943
0.227
0.500
1.581
0.257
-0.051
0.493
-0.018
0.264
-0.232
0.841
0.093
-0.125
2.764
0.126
0.356
-4.677
2.914
1.307
-0.044
0.017
-0.278
0.494
-1.288
-0.896
-1.922
-0.260
0.308
-0.164
-0.036
0.265
0.140
3.120
-0.552
0.122
-0.004
0.352
-0.069
0.576
-3.844
0.672
-2.632
3.822
1.695
0.636
1.544
2.358
0.039
-0.037
0.032
-0.059
0.263
0.184
0.021
-0.055
-0.197
-0.063
-0.257
1.261
0.431
-0.026
-0.061
-0.615
0.160
1.089
0.600
0.548
1.371
3.383
0.160
-1.298
0.304
0.897
0.448
-0.197
0.516
0.603
0.177
0.096
1.101
0.805
0.043
0.340
-0.516
3.242
1.810
-0.146
0.600
1.443
0.478
0.510
1.609
1.041
0.490
1.114
0.014
-0.335
0.323
-0.031
0.544
0.497
0.178
0.014
0.014
1.457
-0.131
0.180
0.668
-0.074
-0.028
-0.435
-0.160
-0.351
0.327
-1.202
0.108
0.014
0.390
0.223
0.153
0.297
0.258
-0.531
-0.318
0.294
0.003
-0.582
-0.412
0.849
-0.190
1.082
1.043
0.194
-0.223
0.259
0.301
-0.179
0.136
-0.748
0.804
-0.425
0.088
-0.439
-0.031
0.213
0.020
-0.253
0.052
0.002
0.284
0.803
1.513
0.221
0.387
0.154
0.089
-0.075
-0.086
0.061
-0.056
0.402
1.778
-0.131
-0.336
0.712
0.452
0.704
-0.686
-0.897
-0.283
-0.217
-0.215
-0.290
-0.742
-0.072
-0.064
-0.901
-0.626
-0.257
-0.650
-0.198
-0.689
-0.187
-0.222
-4.045
-1.657
-1.390
-0.973
1.090
0.590
0.070
-0.061
-1.371
-0.633
0.047
0.101
-0.051
-0.375
0.009
-0.336
-2.112
-0.659
0.229
0.263
0.136
1.243
0.023
0.054
0.573
0.449
-0.897
0.489
-0.206
0.178
2.409
1.736
3.660
1.480
0.471
