0.145
0.174
0.174
-0.065
-0.312
-2.591
0.174
-1.746
-2.918
-1.699
0.033
-3.667
-1.289
-0.279
1.032
-2.721
-0.699
-0.000
-0.308
0.061
0.174
0.763
1.030
-0.485
0.073
0.326
2.154
-1.320
0.770
0.437
0.063
-1.609
1.658
-0.360
0.977
0.440
-0.462
-0.370
-0.695
-0.599
0.854
-0.600
-1.208
-0.366
-0.691
-0.984
0.468
0.032
-1.470
0.174
-1.983
-0.771
-2.352
-2.393
-1.155
-1.104
-2.556
0.802
0.123
1.932
-3.149
-0.793
-2.426
0.126
0.238
0.105
-0.154
-1.147
-0.049
0.410
0.211
0.337
-0.062
0.071
0.715
0.001
0.270
0.336
0.212
0.174
-2.761
-0.075
0.687
-2.017
-0.849
-4.120
-2.191
-0.525
-0.176
-0.219
0.061
-0.768
0.296
-0.295
-3.445
0.174
0.168
-0.466
-2.853
-1.246
-0.123
0.508
-2.541
-0.785
-2.157
-0.923
0.194
-0.523
-1.325
0.344
0.144
0.229
0.492
1.484
-0.164
0.338
-3.495
0.075
-1.006
-1.435
-2.386
-3.492
-2.148
-0.651
0.174
-1.492
-2.095
-0.501
-0.926
-1.101
2.083
-0.690
0.220
-0.941
0.079
0.032
-1.648
-0.086
-1.008
1.958
-2.587
-0.889
0.307
0.028
0.742
-0.750
2.377
2.657
0.135
0.493
-0.517
0.061
0.173
-1.201
2.184
-2.599
0.745
-0.348
-0.457
-1.302
-0.132
-0.162
0.936
-0.607
0.523
-2.606
0.153
-0.827
-1.064
-0.760
-0.355
-0.178
0.083
0.431
-0.702
-0.514
0.034
0.214
0.039
0.530
0.028
-2.004
-0.676
0.039
0.061
0.303
0.250
-2.568
-2.361
-0.637
-2.536
-3.083
-0.434
0.185
-0.257
-0.969
-0.544
0.266
0.188
-0.259
0.174
0.174
-1.176
-0.829
0.154
0.028
0.060
-1.972
-0.613
0.283
-0.851
-2.016
-1.076
-0.524
-3.311
-1.136
0.150
-0.045
0.099
0.570
0.183
0.212
-0.008
0.149
0.183
0.224
0.153
-0.983
0.130
-0.937
-1.225
0.186
0.351
0.048
0.094
0.174
0.093
0.782
0.020
0.002
-0.012
-0.826
-0.707
-0.426
-0.102
1.107
0.174
0.604
0.241
0.790
0.563
-1.134
-0.267
0.022
-0.041
0.169
0.147
0.752
0.159
0.136
0.100
0.174
-0.134
0.141
0.173
0.183
0.429
0.020
0.368
0.099
0.152
-0.103
0.037
0.121
-0.643
-0.838
-0.143
0.037
-0.538
0.179
0.355
0.352
0.252
-0.163
-2.707
-0.177
-0.183
-0.042
1.416
-0.530
-0.223
-0.134
0.023
2.035
0.120
0.096
0.174
-0.226
0.079
0.174
0.174
-0.112
0.119
0.085
0.138
0.083
0.283
3.116
2.196
1.869
1.648
-0.057
0.223
-0.090
0.247
0.883
0.377
-0.283
-0.975
-0.102
0.183
0.451
-0.082
1.345
0.494
-0.021
0.170
-0.697
-0.306
0.105
0.215
-0.323
-0.022
0.761
0.109
0.098
0.254
-1.179
-3.387
-1.578
-1.006
-2.038
