0.589
1.126
-0.134
-0.042
-0.053
-3.010
0.088
-0.877
-2.118
-0.309
0.123
-3.080
-0.682
-0.671
0.292
-2.568
-0.010
-0.035
0.091
-0.112
1.706
2.635
-1.103
0.406
1.198
-0.790
0.081
-0.891
0.044
0.123
-0.531
-1.810
0.981
-1.117
-0.746
-1.184
-0.604
-0.945
-0.131
-0.913
-0.467
-0.181
-0.192
0.117
0.038
0.061
0.588
0.409
-1.381
-0.627
-0.041
-0.000
-1.614
-1.175
0.123
0.645
-3.317
0.327
-0.298
0.161
-2.439
-0.483
-2.450
0.281
0.397
1.192
1.104
-0.727
0.022
0.477
0.188
0.139
0.143
0.187
0.015
0.220
0.073
0.407
0.055
0.415
-1.424
0.072
0.159
-1.576
-0.225
-1.864
-0.403
0.109
0.123
0.123
0.123
0.083
0.123
-1.481
-2.554
0.108
0.120
0.029
-1.236
0.123
0.910
0.280
-2.807
-0.192
-1.489
-0.749
1.957
0.853
-1.426
0.300
0.109
0.101
0.505
1.130
1.262
1.560
-2.138
1.830
-0.540
-0.727
-0.905
-1.488
-1.389
-0.299
-0.154
-2.897
-1.008
1.206
-0.328
-0.694
-0.500
0.055
0.063
-0.921
-0.803
-0.686
-1.407
1.520
0.387
0.251
-4.010
-0.952
2.097
1.698
2.447
0.123
0.261
0.444
0.434
0.152
-0.252
0.090
0.123
-0.723
-0.279
-1.351
1.286
-0.041
1.129
-0.426
-0.562
-0.293
1.044
-0.577
0.819
-2.919
-1.199
0.291
-1.103
-1.186
-0.947
-0.725
-0.932
0.068
-1.141
-0.545
0.123
0.123
0.101
0.052
0.349
-1.223
-0.015
0.145
0.030
0.270
1.212
-2.718
-1.791
-0.965
-2.215
-1.388
-0.143
0.031
-0.098
-0.122
-0.330
0.132
0.199
0.123
0.181
0.159
0.126
0.123
-0.379
-0.031
1.159
-3.202
-0.516
0.123
-0.461
-1.249
-0.884
0.215
-1.866
-0.089
-0.546
-0.385
-0.856
0.084
-0.220
-0.149
-0.209
-0.336
-0.216
-0.353
-0.341
-0.717
1.627
-1.522
-0.157
2.041
0.773
0.144
-0.039
-0.910
0.146
1.031
0.070
-0.317
-0.885
-2.544
-0.485
-0.868
0.885
-0.081
0.234
-0.098
-0.594
0.123
0.389
-1.556
-0.204
-0.428
-0.569
0.986
0.990
-0.600
1.021
0.527
0.161
0.962
-0.342
0.508
-0.442
0.653
1.423
-0.621
0.029
0.602
-0.148
-0.349
0.385
-0.062
0.393
-0.278
-1.747
-1.128
-1.132
0.550
0.026
-1.762
0.067
-1.253
-1.558
-0.004
0.197
0.017
-0.056
-0.601
-0.165
-0.029
0.033
0.154
0.123
0.531
0.123
-0.699
0.123
0.238
0.626
-0.261
0.186
0.077
0.109
0.162
0.352
0.447
1.223
1.020
1.287
0.366
0.314
0.057
1.588
1.387
3.157
-0.412
-0.266
0.123
0.051
0.032
0.071
0.376
0.912
0.202
0.123
-0.304
-1.301
-0.062
0.123
0.195
1.009
1.334
0.166
0.128
-0.327
-3.633
-4.188
-0.811
-0.198
-2.780
