0.042
0.011
0.374
0.034
1.572
2.010
0.403
-0.056
2.344
1.143
-0.137
2.904
0.866
-0.489
0.401
2.412
0.790
0.837
0.374
0.333
-0.591
0.099
-0.976
0.753
0.374
0.365
-0.528
0.374
0.370
-0.189
0.239
1.226
-0.545
0.242
-0.166
-0.046
0.379
-0.106
0.499
0.440
0.412
0.414
0.508
0.384
0.374
0.496
-0.019
0.239
0.949
0.689
1.440
0.374
2.096
2.091
0.655
0.532
2.175
0.002
0.457
-1.283
1.968
0.698
1.328
0.083
-0.094
-0.199
0.329
0.688
0.112
-0.613
-0.539
-0.385
-0.133
0.461
-0.260
-0.142
-0.833
-0.172
-0.186
-0.354
2.324
0.226
-0.176
1.453
0.505
2.089
1.396
0.436
0.461
0.621
0.416
0.349
0.070
0.371
2.547
-0.451
-0.224
0.480
2.498
0.888
-0.118
-0.343
3.247
-0.281
1.741
1.351
0.251
0.236
2.489
0.084
0.124
-0.174
-0.031
-0.950
0.209
0.091
3.087
0.156
0.214
1.092
1.614
2.491
1.339
0.459
0.446
0.889
1.875
-0.066
0.802
0.915
-0.857
0.204
0.032
0.887
0.389
-0.169
1.008
0.255
-0.076
-1.599
1.418
0.749
0.165
0.339
-0.696
0.484
-1.607
-1.867
-0.262
-0.294
0.087
0.111
-0.078
1.367
0.035
1.707
-0.524
-0.118
0.224
0.903
0.333
0.374
-0.930
0.374
-0.385
2.258
0.595
0.330
1.006
1.344
0.442
0.379
0.494
0.194
0.436
0.583
0.345
0.374
0.304
0.199
-0.100
1.420
0.496
0.071
-0.064
-0.382
0.118
2.085
1.202
0.922
1.981
3.805
0.578
0.869
0.637
0.427
0.707
0.079
0.374
0.388
0.374
0.374
0.474
0.444
0.371
0.396
0.147
2.281
0.530
-0.856
0.698
1.017
0.303
0.662
2.531
1.192
-0.039
-0.116
0.402
-0.248
-0.259
0.080
-0.092
0.202
-0.143
-0.569
-0.506
0.609
0.316
1.126
0.732
-0.031
-0.082
-0.017
0.254
0.372
0.746
-0.358
0.245
0.506
0.136
0.636
0.886
0.464
0.584
-1.238
0.022
0.006
-0.158
-0.448
-0.366
0.718
0.175
0.373
0.369
0.278
0.153
0.387
0.314
0.163
0.374
0.130
0.374
0.231
0.347
0.016
-0.066
0.441
0.059
0.577
0.225
-0.071
-0.169
-0.503
-0.467
1.032
0.397
0.373
0.399
-0.345
0.151
0.427
0.321
0.012
2.334
-0.079
-0.045
0.048
0.406
0.372
-0.556
-0.803
0.307
-0.423
0.190
0.195
0.095
0.317
0.193
0.035
0.156
0.346
0.103
0.338
0.183
0.409
0.256
-3.126
-1.777
-2.217
-1.260
-0.208
-0.413
0.374
-0.853
-0.777
1.067
0.422
0.370
0.319
0.107
1.116
0.363
-1.030
-0.513
-0.006
0.224
0.400
0.737
0.128
-0.307
-0.030
0.199
-0.079
0.370
0.009
-0.168
1.554
3.115
2.378
1.698
1.708
