-0.836
-1.373
0.007
-0.003
0.499
3.516
0.007
0.482
1.034
0.585
0.101
2.360
0.946
-0.568
0.048
2.192
0.870
0.044
0.150
0.096
-0.244
-0.244
-1.496
0.420
-0.305
-0.088
-0.861
0.267
-0.416
-0.466
-0.029
0.360
0.040
0.014
-0.676
-0.115
0.844
0.663
0.140
0.293
0.451
0.477
0.660
0.131
0.063
-0.007
-1.131
0.007
0.780
0.779
2.600
0.866
1.252
1.418
0.137
-0.341
2.502
0.771
0.163
0.186
3.038
1.773
1.534
-0.057
0.048
0.110
0.272
0.728
0.117
-2.760
-2.586
-2.124
-0.018
0.214
-1.934
-0.809
-1.919
-2.100
-0.767
-2.332
1.260
0.038
0.121
2.290
0.663
1.415
0.088
0.081
0.199
-0.314
0.007
0.008
-0.670
0.491
2.258
-0.092
-0.337
0.307
3.196
1.708
-0.026
-0.018
3.419
-0.106
1.624
0.352
-0.020
0.003
1.991
-0.137
-0.255
-0.483
-0.060
-1.391
-0.361
-0.164
3.830
-0.126
0.831
1.368
2.412
3.024
1.279
0.599
0.212
1.292
2.267
0.318
0.260
0.326
-0.941
0.428
-0.196
0.902
0.492
0.093
1.647
0.110
0.359
-2.302
2.603
1.118
-0.553
0.393
-0.630
0.592
-1.799
-1.745
-0.159
-0.159
0.120
-0.203
-0.060
1.122
-1.188
3.008
-0.475
0.019
0.145
1.064
0.406
0.394
-0.052
0.638
-0.101
3.621
0.137
1.761
2.170
0.691
0.404
0.221
0.455
-0.374
0.171
0.268
0.277
-0.263
-0.192
-0.604
-0.052
1.587
0.557
-0.008
-0.161
-0.840
-0.015
2.257
1.888
0.667
1.815
2.020
0.719
1.050
0.471
1.104
0.712
-0.313
0.007
0.030
0.005
0.007
0.525
0.523
0.096
0.965
0.102
2.405
0.919
-1.078
0.602
1.484
0.302
-0.091
2.617
1.070
0.492
0.569
0.065
-0.334
-0.297
-0.195
0.205
0.005
-0.153
0.007
0.007
0.644
0.080
1.058
1.301
-0.109
-0.059
-0.087
0.399
0.032
0.795
-0.225
-0.059
0.007
0.009
0.037
0.104
0.007
0.078
-0.014
-0.010
-0.194
-0.001
-0.832
-0.549
1.190
0.680
0.136
1.150
-0.245
-0.283
-1.072
-0.027
0.236
0.023
-0.170
0.127
-0.673
-0.212
-0.914
-0.117
0.251
-0.134
-0.446
0.341
0.144
0.023
0.007
0.057
0.159
0.595
0.604
0.455
-0.364
-0.094
0.298
0.007
0.333
2.278
0.148
-0.032
0.452
-0.147
0.503
-0.164
-0.688
0.384
0.270
0.083
0.244
-0.049
-0.021
0.197
-0.391
-0.125
0.050
-0.156
0.443
-0.194
-0.002
-0.017
-3.157
-1.422
-1.975
-1.411
0.396
-0.436
0.075
-0.457
-0.987
0.106
0.332
0.165
0.292
0.117
0.151
0.011
-1.055
-0.640
0.048
0.336
-0.005
1.322
0.104
-0.151
0.265
0.208
-0.792
-0.266
-0.435
0.289
2.333
2.227
3.299
0.309
2.110
