0.588
1.877
2.081
-0.171
-1.184
-2.716
-0.130
-0.853
-2.089
-0.523
0.149
-5.059
-0.585
0.485
1.411
-0.594
-0.059
-1.152
-0.127
0.368
-0.082
4.584
0.128
-0.261
0.648
-0.227
0.812
-0.667
-0.113
0.407
-0.044
-0.261
0.268
-0.031
0.205
-0.110
-0.059
-0.093
0.129
-0.256
-0.221
-0.178
-0.105
-0.018
-0.662
-0.566
1.235
0.948
-0.449
-1.528
-1.528
0.267
-1.941
-2.904
-0.314
0.074
-2.354
0.123
0.048
0.198
-2.597
-0.670
-0.800
0.310
0.294
0.538
0.195
-1.559
-0.024
0.137
0.075
-0.011
0.036
0.118
0.003
0.169
0.353
0.044
0.145
0.041
-2.040
0.356
0.073
-1.320
-0.038
-2.322
-0.964
-0.207
-0.188
-0.089
-0.104
-0.249
-0.118
-0.896
-2.547
0.977
0.090
-0.315
-3.255
-1.093
-0.255
0.160
-2.398
0.226
-1.618
-0.306
0.572
-0.324
-3.296
0.190
-0.015
0.045
-0.059
1.693
-0.060
0.041
-3.271
0.351
-0.416
-0.965
-1.595
-2.175
-0.283
-0.801
0.046
-0.649
-1.186
0.038
0.315
-0.585
1.166
-0.258
0.008
-0.434
-0.070
-0.074
-1.581
0.265
0.513
4.190
-0.945
-0.068
-0.451
-0.128
0.205
0.400
2.389
1.230
-0.065
0.073
-0.463
0.301
0.516
-1.054
-0.602
-1.917
0.088
-0.581
-0.890
-1.137
-0.673
-0.287
1.140
-0.278
1.246
-3.220
-0.733
-0.766
-0.523
-1.097
-0.052
-0.114
0.062
0.330
-0.008
-0.165
0.587
-0.070
0.007
0.210
0.740
-0.956
-0.190
-0.045
-0.059
0.150
0.101
-3.135
-2.213
-2.171
-2.931
-4.783
-0.253
-0.514
-0.417
-0.583
-0.215
0.003
-0.092
-0.075
-0.042
-0.017
-0.083
-0.251
-0.034
-0.238
0.354
-2.458
-0.151
0.501
-0.209
-2.325
-0.849
-1.006
-1.564
-0.327
0.572
0.126
-0.129
0.761
0.262
-0.008
-0.345
-0.193
0.526
1.091
0.370
-0.491
-0.201
-1.342
-0.099
0.069
-0.060
0.717
-0.159
0.758
-0.939
1.081
0.043
-0.186
-1.509
-1.621
-0.696
-0.245
-0.419
0.082
0.708
-0.138
0.352
-0.800
0.311
-0.235
0.009
-0.083
-0.328
0.015
0.089
-0.062
-0.070
-0.059
-0.181
0.167
-0.336
0.167
-0.394
0.746
-0.067
-0.492
-0.494
0.310
-0.575
0.080
0.001
-0.059
-0.017
-0.087
-0.523
-0.231
-0.099
0.188
-0.043
-0.072
-0.059
-0.116
-2.429
-0.022
-0.433
-0.161
-0.628
-0.757
0.752
0.843
-0.059
-0.059
-0.059
-0.059
-0.059
-0.074
-0.097
-0.059
-0.059
-0.059
-0.083
-0.116
-0.060
-0.059
-0.772
3.128
0.773
1.512
0.893
-0.207
-0.105
-0.067
0.943
0.113
0.516
-0.101
0.362
-0.041
0.144
0.183
0.072
1.152
-0.273
-0.023
-0.391
0.068
-1.432
-0.059
-0.256
-0.611
0.517
0.776
-0.098
-0.713
1.125
-2.739
-3.173
-3.709
-0.303
-2.336
