1.148
1.447
1.845
0.229
1.894
-3.476
0.691
-0.486
-3.121
-1.237
-0.160
-2.976
-0.866
-1.196
0.322
-1.209
-0.904
-1.029
0.183
-1.029
-0.491
0.882
0.466
0.017
-0.538
-0.467
-0.513
-0.895
-0.567
-0.012
-0.264
-2.059
0.356
-1.676
-1.130
-1.864
0.164
-1.044
-0.155
-0.113
-0.482
-2.209
-0.045
-1.014
-0.561
-0.464
-0.195
0.398
-0.700
-2.003
-0.567
-0.697
-3.661
-3.553
-1.170
-0.569
-3.108
0.818
-0.264
0.757
-2.278
-1.034
-1.704
0.255
0.200
-0.394
-1.199
-0.320
0.103
0.118
0.044
0.158
0.060
0.301
0.261
0.247
0.621
0.110
0.277
0.283
-1.463
0.292
-0.600
-2.859
-1.837
-2.932
-0.384
0.056
0.060
-0.367
-0.066
-0.058
0.063
0.107
-1.398
-0.235
0.195
-0.868
-2.597
1.237
-0.486
0.149
-5.311
-0.745
-2.662
-1.301
0.063
-0.158
-2.461
-0.079
0.086
0.018
-0.379
1.465
-0.415
0.108
-4.682
0.487
-1.818
-1.396
-2.742
-2.147
-1.621
-0.962
-0.325
-2.394
-1.799
-0.208
-0.801
-0.936
0.078
0.050
0.072
-1.467
0.027
-0.401
-1.663
-0.732
0.865
1.740
-3.939
-2.108
-1.440
-1.574
-0.235
-1.095
2.983
1.716
-0.011
0.161
-0.975
0.349
0.142
-2.480
-1.769
-2.105
-0.107
-1.838
-0.856
-2.356
-0.778
-0.996
0.991
-1.026
0.976
-3.025
-0.851
-0.042
-1.041
-0.805
-0.612
-0.086
-0.613
-0.393
-0.014
-0.072
0.012
-0.163
-0.082
-0.176
0.055
-0.149
-0.248
-0.085
0.043
0.439
0.081
-3.677
-1.461
-1.012
-4.502
-3.860
-1.226
1.422
-0.329
-0.595
-1.106
0.020
-0.028
-0.138
-0.031
0.002
-0.035
-0.231
-0.246
-0.425
0.175
-3.109
-0.913
0.217
-0.322
-3.241
-0.645
0.354
-4.013
-1.246
-1.031
-0.419
-0.365
0.531
-0.944
-0.555
-0.964
-1.274
-0.220
0.212
0.455
-0.738
-0.766
-1.305
-2.191
0.473
-0.456
-0.137
-0.962
-1.727
-0.759
0.721
0.379
-0.851
-2.446
-1.257
-1.453
-1.873
-2.686
0.085
0.344
0.080
0.106
-1.075
0.190
-0.901
-0.207
-0.243
-0.445
0.114
-0.300
-1.528
-0.107
-1.382
-0.457
-0.101
-0.329
-0.093
-0.348
0.280
0.234
-0.698
-0.062
-0.866
-0.194
0.146
0.097
0.181
-0.074
0.055
-1.341
-0.672
-0.366
0.399
0.205
-0.973
0.050
-0.066
-3.264
0.011
0.102
0.312
-1.447
-1.062
-1.175
-0.330
-0.095
0.187
0.096
0.171
0.456
0.066
-0.063
0.437
0.119
-0.114
0.399
-0.058
-0.022
0.449
-0.374
2.472
1.966
1.663
2.108
0.442
0.320
0.062
1.084
1.076
-0.504
-0.183
-0.277
-0.044
-0.579
-0.238
-0.036
0.874
0.346
-0.829
0.783
-0.655
-1.457
0.062
-1.275
1.144
0.402
0.945
0.182
-0.034
-0.241
-3.786
-2.962
-3.130
-0.700
-3.325
