0.449
0.527
3.011
0.083
-0.698
-2.250
-0.159
-0.411
-1.451
-0.573
-0.095
-2.676
-0.731
0.305
-0.074
-1.959
-0.593
-0.201
0.223
0.094
0.218
0.409
0.565
-0.608
0.166
-0.207
0.776
-0.848
0.526
0.238
-0.063
-1.071
0.407
-0.144
0.181
-0.245
-0.406
-0.124
-0.290
0.110
-0.216
-0.460
-0.473
-0.286
-0.229
-0.199
0.095
-0.260
-0.478
-0.574
-1.416
0.232
-1.327
-0.761
-0.238
-0.595
-1.491
1.171
-0.348
0.475
-2.329
-0.874
-1.938
-0.100
-0.125
-0.137
-0.089
-1.515
-0.161
0.217
0.394
-0.107
-0.135
0.434
-0.147
-0.137
0.740
0.239
0.004
-0.008
-2.737
-0.255
-0.102
-1.662
-0.312
-2.350
-1.633
0.075
-0.050
0.316
-0.028
0.068
0.013
-0.287
-2.058
0.658
-0.036
-0.389
-3.058
-1.766
-0.190
-0.113
-2.998
-0.113
-1.389
-1.264
-0.248
-0.088
-2.015
0.289
0.171
0.135
-0.206
1.904
0.014
0.320
-3.368
0.227
-0.568
-1.060
-1.804
-2.081
-0.534
0.192
-0.309
-1.114
-1.492
-0.098
-0.581
-0.368
0.114
-0.667
-0.172
-1.348
-0.060
-0.193
-1.282
-0.361
-0.407
2.215
-2.346
-0.883
0.107
-0.091
0.141
-0.533
2.117
0.885
0.175
0.903
0.024
-0.016
0.075
-1.146
-0.217
-1.237
0.150
-0.617
-0.265
-0.840
-0.300
-0.254
1.301
-0.534
0.760
-3.127
-0.160
-0.628
-1.147
-0.998
-0.464
-0.088
-0.488
-0.009
-0.260
-0.537
-0.312
-0.120
-0.016
0.175
-0.084
-1.822
-0.609
-0.143
-0.274
1.069
0.350
-2.501
-1.618
-0.839
-2.091
-3.089
-0.665
-0.287
-0.514
-0.353
-0.352
0.045
-0.047
-0.126
0.001
-0.001
-0.259
-0.158
-0.214
-0.242
-0.131
-1.949
-0.771
0.461
-0.618
-1.459
-0.410
-0.251
-2.621
-1.310
-0.316
-0.258
-0.210
0.286
0.082
0.106
-0.315
-0.316
0.413
-0.024
-0.189
-0.296
-0.293
-0.797
-0.488
-0.300
-0.088
-0.141
-0.672
0.286
-0.846
0.754
-0.070
-0.362
-0.357
-1.085
-0.414
-0.639
-0.119
0.047
-0.044
0.616
-0.024
0.223
0.512
-0.858
-0.227
-0.184
-0.053
-0.060
0.075
0.257
-0.065
-0.020
-0.260
-0.067
-0.084
0.624
0.246
0.461
0.258
-0.026
-0.011
0.160
-0.063
-0.087
-0.066
0.056
-0.269
-0.270
-0.342
-0.248
-0.320
0.198
0.259
-0.114
0.012
0.291
-2.907
-0.216
-0.087
0.047
-0.191
-0.425
0.066
-0.077
-0.174
0.027
-0.067
-0.122
-0.014
0.334
-0.074
0.387
0.127
-0.316
-0.086
-0.207
0.164
-0.011
0.049
2.913
1.815
1.884
1.243
-0.126
0.512
-0.372
0.208
0.890
-0.036
-0.418
-0.397
-0.271
-0.244
-0.260
-0.170
1.200
-0.240
-0.008
-0.076
-0.405
-1.253
-0.006
-0.446
-0.407
-0.244
0.570
0.154
-0.200
0.055
-1.753
-3.133
-3.188
-0.576
-1.909
