-0.185
-0.187
-0.016
-0.419
-0.481
-3.126
-0.029
0.045
-2.716
-1.718
0.253
-3.263
-1.225
-1.022
-0.114
-3.022
-1.521
-0.022
-0.041
0.026
0.118
0.350
0.433
-0.208
-0.016
-0.016
0.988
-1.224
0.546
0.796
-0.003
-1.325
1.396
-0.160
-0.023
-0.016
-0.738
-0.495
-0.438
-0.440
-0.016
-0.409
-1.185
-0.120
-0.393
-0.894
0.729
-0.414
-1.135
-0.367
-1.260
-0.255
-1.466
-1.946
-0.083
-1.263
-2.715
0.150
-1.028
1.270
-3.124
-1.504
-1.626
0.193
0.115
-0.027
-0.048
-0.541
-0.223
0.902
0.654
0.385
0.202
-0.398
0.302
-0.136
0.070
-0.075
0.144
0.465
-2.955
-0.242
0.055
-1.887
-1.406
-2.836
-3.136
-0.213
-0.072
-0.220
-0.188
-0.451
0.120
-0.641
-3.896
0.120
0.045
-1.161
-3.507
-1.352
-0.301
0.059
-2.519
-0.168
-1.965
-1.888
0.275
-0.030
-3.052
-0.029
-0.630
0.194
0.198
2.773
-0.687
-0.062
-3.901
-0.230
-1.150
-1.174
-2.490
-2.773
-1.758
-0.403
-0.296
-1.289
-2.108
-0.477
-0.671
-0.956
2.168
0.558
0.095
-0.327
-0.112
-0.053
-2.179
-0.284
-1.419
2.622
-2.284
-0.478
-0.064
-0.025
-0.016
-0.601
1.629
1.097
-0.001
0.229
-0.653
0.072
0.575
-1.092
3.981
-1.219
1.372
-1.248
-0.680
-0.945
-1.063
0.011
2.078
-1.210
1.139
-3.355
-1.005
-0.782
-2.389
-1.767
-0.325
-0.023
-0.195
0.533
-0.212
-0.224
-0.053
-0.038
-0.017
0.203
-0.094
-1.670
-0.301
0.101
-0.016
0.717
-0.030
-2.960
-3.250
-0.930
-1.537
-1.329
-0.775
-0.461
-0.544
-0.554
-0.557
0.176
-0.010
0.020
0.200
0.077
-1.173
-0.221
-0.016
-1.101
-0.211
-2.105
-0.348
0.943
-0.439
-0.910
-0.310
-0.078
-2.685
-0.860
-0.146
-0.311
-0.082
0.324
0.216
0.132
-0.087
-0.042
0.144
0.487
-0.013
-0.263
-0.715
-1.661
-0.567
-0.132
-0.292
-0.130
-0.572
-0.310
-0.679
0.821
-0.018
-0.172
-0.265
-0.779
-0.944
-0.772
-0.424
0.023
-0.016
0.109
0.034
-0.060
0.585
-0.978
-0.704
-0.207
-1.675
0.026
0.097
0.110
-0.107
-0.363
-0.706
0.093
-1.486
-0.095
0.032
-0.083
0.078
0.043
-0.015
-0.016
-0.437
-0.005
-0.003
-0.016
-0.216
-0.484
-0.351
-0.614
-0.173
0.312
0.045
-0.151
0.001
-0.058
-2.969
-0.041
-0.008
0.156
2.170
-0.979
-0.433
1.300
-0.094
2.577
0.014
0.080
0.022
-1.212
-0.016
0.248
0.065
-0.121
0.048
-0.054
0.281
-0.048
-0.036
2.897
1.808
2.583
1.496
-0.134
0.142
-0.095
0.158
0.217
0.423
-0.102
-0.072
-0.035
0.082
-0.016
-0.016
1.581
0.652
-0.017
0.135
-0.843
-1.677
-0.216
0.125
-0.374
-0.140
0.430
-0.069
0.027
0.596
-2.449
-3.803
-3.648
0.364
-2.610
