-0.016
-0.026
1.084
0.020
0.415
2.291
0.221
0.878
1.970
0.195
0.042
2.388
0.047
0.174
-0.656
1.785
0.452
0.448
0.139
-0.026
-0.043
-0.411
-1.327
-0.095
-0.329
-0.070
-0.679
0.465
-0.340
-0.654
-0.022
0.481
0.348
-0.026
-0.179
0.121
0.076
0.325
0.030
0.641
0.092
0.255
-0.026
-0.023
0.194
0.116
-0.175
0.118
1.357
0.638
0.773
0.499
2.330
2.096
0.382
0.363
2.295
-1.172
0.038
-0.717
1.021
0.385
2.050
-0.026
-0.795
0.417
0.152
0.448
-0.002
-0.626
-0.458
-0.055
-0.026
-0.089
-0.026
-0.028
-0.929
-0.104
-0.086
-0.219
3.076
0.175
-0.224
2.514
0.593
3.175
0.939
0.054
0.023
0.088
0.012
-0.098
-0.095
0.069
4.367
-0.150
-0.128
0.248
2.450
0.438
0.028
-0.484
3.716
-0.308
1.271
0.135
-0.040
0.157
3.184
-0.579
0.017
-0.088
-0.084
-2.151
-0.313
-0.900
3.576
0.105
0.661
0.670
1.146
1.578
1.445
0.479
0.247
0.184
0.637
-0.424
-0.133
0.421
-1.152
0.003
-0.376
1.079
0.486
-0.008
2.103
-0.428
0.055
-2.963
1.361
0.260
0.063
0.247
-0.328
0.705
-3.283
-1.219
-0.144
-0.889
0.402
0.033
-0.086
0.417
-0.026
2.387
-0.972
0.201
0.104
0.607
0.070
-0.373
-1.453
0.047
-0.734
4.204
1.431
1.489
1.871
2.448
0.537
0.155
0.324
-0.009
0.452
0.371
0.210
-0.012
0.004
-0.062
-0.283
1.237
0.297
-0.147
0.005
-0.197
0.096
2.050
1.902
1.015
1.799
1.897
1.073
-0.680
0.740
0.509
0.518
-0.088
-0.057
0.175
-0.314
-0.153
0.018
0.194
0.240
0.381
-0.233
1.985
0.694
-0.383
0.145
1.452
0.391
0.201
2.295
0.593
0.316
0.295
0.250
-0.167
-0.026
0.069
0.024
-0.026
-0.018
-0.225
-0.248
1.067
-0.191
0.775
0.363
-0.065
-0.324
-0.082
0.376
-0.160
0.794
-0.832
-0.176
0.039
0.818
0.345
0.515
-0.040
1.077
-0.062
-0.018
-0.029
-0.284
0.363
-1.107
0.804
0.163
-0.063
0.076
-0.131
-0.150
0.164
-0.246
-0.270
-0.077
-0.640
-0.042
-0.044
-0.387
-0.050
-0.729
0.396
0.033
-0.113
0.306
-0.000
-0.016
-0.026
0.460
0.916
0.436
0.481
0.114
-0.831
-0.583
0.094
-0.720
0.275
2.075
0.268
0.038
-0.026
-0.026
-0.043
1.030
-0.054
0.298
-0.026
0.190
-0.019
0.008
1.419
-0.014
-0.551
-0.026
-0.085
-0.025
0.353
-0.305
-0.014
-0.028
-3.377
-2.764
-3.426
-2.275
-0.079
-0.723
-0.021
-0.812
-0.831
-0.249
0.141
0.810
-0.002
0.130
0.011
-0.025
-0.220
0.355
0.041
-0.026
0.545
1.452
-0.026
-0.006
0.175
0.525
-0.530
-0.237
-0.044
0.000
2.614
2.238
3.899
0.560
3.390
