0.967
0.269
-0.100
0.299
1.156
2.742
0.097
0.667
1.700
0.462
-0.132
2.657
0.476
-0.069
0.178
1.268
0.377
0.285
0.518
0.374
-0.499
-0.391
-1.830
0.509
-0.459
-0.100
-0.124
-0.100
0.014
0.039
0.071
0.997
-0.686
-0.122
-0.485
-0.100
0.037
0.284
0.276
0.508
0.067
0.590
0.681
0.350
0.233
0.288
0.164
-0.100
0.962
-0.031
1.335
0.379
1.302
1.358
1.532
0.086
1.810
-0.512
0.388
-0.925
2.349
0.745
1.630
0.103
-0.349
-0.113
-0.100
0.988
0.057
-0.453
-0.544
-0.207
0.212
0.083
-0.107
-0.159
-0.263
-0.571
-0.344
-0.176
1.873
0.300
-0.456
2.117
0.559
2.629
1.847
0.922
1.375
0.368
0.935
0.387
0.608
0.013
2.526
-0.753
-0.329
0.225
2.468
1.181
0.018
-0.392
2.743
-0.045
1.311
0.019
-0.137
-0.330
2.443
-0.094
0.356
-0.307
-0.100
-2.006
-0.263
-0.428
2.784
-0.674
0.207
0.936
1.712
2.147
1.059
0.157
0.252
1.018
1.054
0.028
0.208
0.192
-0.419
1.065
-0.140
0.402
0.865
0.310
1.195
0.257
0.383
-0.709
1.663
0.177
-0.115
-0.077
-0.319
0.247
-2.895
-0.512
-0.406
-0.302
0.034
-0.327
0.108
0.879
-1.434
2.659
-0.933
0.220
0.013
0.482
0.095
0.009
-1.352
0.515
-0.848
2.423
0.459
0.854
1.140
0.432
0.430
-0.080
0.495
-0.369
0.390
0.452
0.324
-0.212
-0.103
-0.529
-0.127
1.599
0.680
-0.428
0.277
-0.662
0.058
2.516
0.693
0.896
2.375
3.383
0.479
0.175
0.607
0.343
0.484
-0.283
-0.100
-0.088
-0.103
-0.082
0.430
0.413
-0.026
0.315
-0.158
1.686
0.684
-0.722
0.315
1.096
0.615
0.238
2.370
1.296
-0.014
0.209
0.067
-0.214
-0.151
-0.189
0.214
0.250
-0.259
-0.384
-0.101
0.419
-0.034
0.999
0.607
-0.106
-0.095
-0.224
0.264
-0.013
0.540
-0.791
-0.017
0.050
-0.100
0.218
0.458
0.683
1.234
-0.180
0.572
-0.285
-0.100
0.571
-0.526
0.500
0.224
2.054
2.595
-0.699
1.452
0.027
1.929
2.158
1.754
-0.094
1.920
0.030
1.197
-0.691
-0.663
0.515
-0.566
0.104
0.947
0.796
-0.327
-0.100
-0.261
0.036
0.319
0.272
-0.030
-0.264
-0.154
0.052
-0.104
0.199
3.037
0.222
0.026
-0.100
-0.913
0.601
-0.441
0.125
0.373
-0.291
0.423
0.218
-0.122
0.261
0.358
-0.182
-0.144
0.261
-0.100
0.192
0.052
0.290
0.183
-3.717
-2.184
-2.549
-1.728
-0.495
-0.654
0.143
-0.870
-0.895
0.117
0.247
0.036
0.261
0.541
1.494
0.280
-0.298
-0.464
-0.089
0.424
0.403
1.023
0.522
-0.600
-0.005
-0.016
-0.466
-0.309
0.631
0.131
2.512
2.061
1.575
0.146
2.823
