0.037
0.471
-0.446
-0.056
0.145
-2.944
-0.316
-0.420
-1.182
-0.349
0.109
-2.373
-0.818
-0.313
-0.113
-1.332
-0.643
-0.894
-0.341
-0.256
-0.324
0.363
0.764
-0.387
0.551
-1.516
0.918
-1.044
1.149
0.247
-0.182
-0.589
1.179
0.110
0.341
-0.256
-0.665
-0.471
-0.344
-0.474
-0.524
-0.563
-0.593
-0.516
0.001
0.123
1.084
-0.380
-0.606
-0.353
-1.293
0.492
-1.020
-0.395
-0.593
-0.348
-1.657
0.467
0.061
0.075
-2.331
-1.084
-1.538
-0.074
-0.132
0.209
-0.022
-0.420
-0.382
0.456
0.564
0.126
-0.165
-0.348
0.597
-0.049
-0.178
0.291
0.024
0.264
-3.136
-0.221
-0.095
-2.420
-0.532
-1.787
-0.774
0.126
-0.197
1.846
-0.018
0.118
0.746
0.068
-4.490
-0.194
-0.177
-0.772
-3.162
-1.559
-0.215
-0.087
-2.795
-0.059
-1.811
-1.445
-0.319
-0.294
-2.640
0.015
0.178
-0.023
-0.440
2.034
-0.309
-0.284
-3.066
0.219
-0.880
-0.921
-1.351
-1.146
-1.417
-0.346
-0.353
-0.350
-1.185
-0.167
-0.348
-0.639
0.749
-0.357
-0.099
-0.535
0.002
-0.103
-1.802
-0.277
-0.579
1.158
-1.120
-0.430
0.839
0.903
1.036
-0.100
1.937
1.210
-0.358
-0.729
0.078
-0.172
0.513
-0.524
-0.449
-2.069
0.523
-0.779
-0.278
-0.450
-0.961
-0.825
0.812
-0.965
0.751
-1.651
-0.125
-1.172
-1.034
-0.367
-0.407
-0.288
-0.354
0.495
-0.486
-0.490
0.559
0.003
0.092
0.104
-1.427
-1.072
-0.587
0.071
-0.288
0.489
-0.347
-3.134
-2.020
-1.165
-1.436
-0.791
-0.352
-0.636
-0.265
-0.405
-0.189
-0.115
-0.219
-0.268
0.119
0.271
-0.417
-0.319
-0.275
-0.372
0.128
-2.679
-1.360
0.599
-1.459
-1.335
-0.667
-0.440
-2.044
-0.776
-0.321
-0.274
-0.051
-0.199
-0.214
-0.002
-0.269
-0.294
-0.229
-0.102
1.194
-0.463
-0.071
-0.995
-1.100
-0.200
-0.227
0.068
-0.888
-0.161
-0.721
0.399
0.035
-0.204
-0.644
-0.933
-0.390
-0.325
-0.443
-0.089
-0.328
-0.014
0.012
0.450
0.969
-0.690
-0.710
-0.601
-1.298
-0.289
-0.329
-0.539
0.003
-0.472
-0.435
0.250
-0.572
0.063
-0.324
0.100
0.008
-0.338
0.019
-0.502
-0.282
-0.340
-0.070
0.039
-0.280
-0.614
-0.353
-0.348
-0.348
-0.134
-0.223
-0.324
-0.264
-0.348
-1.779
-0.187
0.308
-0.201
-0.463
-0.961
0.207
-1.079
-0.298
-0.269
-0.135
-0.147
-0.190
-0.315
-0.022
0.229
-0.305
-0.220
0.153
0.481
-0.088
-0.325
-0.899
2.606
2.284
2.212
1.801
0.179
0.218
-0.164
0.545
-0.065
-0.416
-0.017
-0.073
0.161
0.206
0.315
0.350
2.915
0.903
-0.347
-0.191
-0.508
-0.800
0.669
-1.042
-0.257
-0.271
0.821
-0.233
-0.243
-0.118
-1.293
-2.013
-1.244
-0.579
-2.089
