0.093
0.710
-1.451
-0.528
0.146
2.271
0.406
0.427
2.766
1.941
-0.454
2.712
1.212
-0.233
-0.418
1.906
1.007
0.132
0.466
-0.148
0.087
-0.839
-1.705
0.342
-0.494
0.426
-0.149
0.231
0.437
0.132
0.171
0.857
-0.331
1.323
0.573
1.503
0.671
0.474
0.830
-0.206
1.560
1.349
0.293
0.336
0.568
0.324
-0.246
0.351
0.541
0.278
0.989
0.741
0.650
0.160
0.277
0.107
2.822
-1.254
0.359
-0.332
1.934
0.627
2.014
-0.032
0.251
0.129
0.796
0.442
0.175
-0.616
-1.143
-0.506
-0.044
0.195
-0.536
0.138
-0.859
-0.019
0.008
-0.168
1.534
0.144
-0.317
1.625
0.757
3.362
0.816
0.782
1.003
0.313
0.911
0.464
0.320
0.719
0.680
0.198
0.132
0.037
2.492
-0.851
0.568
0.132
3.504
0.015
1.176
0.442
0.132
-0.335
1.398
-0.367
0.297
0.009
0.567
-1.634
0.054
-0.152
2.649
-1.164
0.607
0.291
1.404
2.057
1.228
0.773
0.406
0.660
1.666
-0.914
0.660
1.048
0.132
-0.238
-0.673
-0.558
0.490
0.295
1.672
-0.129
0.182
-1.267
2.865
0.371
-0.447
0.074
-1.008
0.941
-2.103
-1.624
0.015
-0.480
-0.227
-0.940
0.133
2.190
1.040
1.524
-1.389
1.262
0.812
1.717
1.044
0.971
-0.780
0.871
0.082
2.076
0.465
-0.329
1.209
0.551
1.432
1.012
1.055
0.281
0.840
0.592
0.716
0.132
0.284
0.406
-0.707
1.211
0.443
0.150
0.467
0.012
0.098
2.257
1.905
1.026
2.405
1.224
0.759
0.408
0.194
0.344
0.403
0.003
0.051
0.104
0.070
0.071
0.125
0.110
0.412
0.226
0.125
1.540
0.398
-0.505
0.488
1.974
1.358
0.238
2.498
0.860
0.251
0.210
0.219
0.190
0.388
0.331
0.212
0.200
-0.192
0.156
-0.782
1.567
-0.777
1.895
1.890
0.430
-1.114
-0.153
0.346
0.755
0.729
-0.760
0.306
1.148
2.145
1.077
0.901
1.690
0.202
0.021
-0.077
0.385
0.132
-0.185
-0.601
0.695
0.314
0.410
0.764
-0.109
0.269
0.573
-0.341
0.026
0.264
-0.235
0.803
0.500
0.199
0.519
-0.522
0.137
0.021
0.104
0.169
0.132
0.132
0.061
0.072
1.675
0.945
1.245
1.137
-0.193
0.104
0.568
0.138
0.671
2.235
0.264
0.132
0.157
1.038
0.942
0.132
0.758
1.182
0.368
1.157
0.583
0.244
0.916
0.132
0.220
0.440
1.111
-1.595
1.189
0.539
-0.395
0.437
-2.403
-2.219
-2.149
-2.212
0.196
-0.117
0.085
-0.683
-0.846
-2.988
0.132
0.127
0.059
0.585
0.582
0.006
-0.428
-0.564
0.975
0.132
0.643
2.232
0.121
0.132
-0.096
1.266
-0.748
0.097
0.237
0.031
2.966
2.576
1.274
0.978
2.188
