-0.539
-0.822
-0.990
0.081
-0.014
2.412
0.113
0.621
2.243
0.867
-0.308
3.100
1.179
-0.054
-1.035
2.655
0.895
-0.146
0.037
-0.351
-0.285
-0.073
-1.164
0.858
-0.232
0.577
-0.928
0.546
-0.335
-0.328
-0.133
1.105
-0.069
0.068
-0.232
0.424
0.306
0.774
0.061
0.614
0.139
0.255
0.292
0.113
0.562
0.656
0.042
-0.093
0.383
0.404
0.450
-0.411
1.477
1.183
0.035
-0.060
1.842
-0.520
-0.150
-0.552
2.884
1.044
2.497
-0.091
-0.095
0.163
0.232
0.970
-0.019
-0.375
-0.420
-0.125
-0.281
-0.611
-0.209
-0.058
-0.565
-0.135
-0.176
-0.222
2.867
0.121
-0.061
1.871
0.694
2.580
1.734
0.113
0.113
-0.108
0.094
0.113
0.079
0.366
2.810
-0.490
-0.036
0.477
2.812
1.374
0.239
-0.081
2.953
0.556
1.410
1.195
0.051
0.613
2.496
0.663
0.068
0.133
0.457
-1.614
0.239
-0.235
2.844
0.018
1.027
0.611
1.337
2.076
1.233
0.676
0.680
-0.000
1.683
0.279
1.075
0.557
-1.068
0.157
-0.040
0.375
0.094
0.053
1.762
0.455
0.920
-1.816
2.409
0.504
0.062
0.055
-0.103
0.970
-2.052
-0.543
0.036
-0.009
0.561
0.034
0.005
1.660
1.137
2.857
-0.764
0.203
0.898
1.409
0.836
0.719
-1.055
0.899
-0.598
3.144
0.955
0.907
1.217
1.186
0.232
0.049
0.191
0.037
0.357
0.182
0.004
0.006
0.077
-0.017
-0.079
2.178
0.762
0.021
0.023
-0.164
-0.112
2.506
1.662
0.903
2.697
3.059
0.884
0.525
0.413
0.191
0.161
0.024
0.026
0.113
0.146
0.174
0.353
0.162
0.113
0.178
0.232
2.205
0.805
-1.010
0.806
1.360
0.946
0.198
1.931
0.798
0.172
0.422
0.007
-0.187
-0.299
-0.221
0.243
0.165
0.015
0.003
0.059
0.818
0.054
1.573
0.420
0.336
0.184
0.026
0.837
0.717
1.005
-0.306
-0.086
-0.128
1.650
1.264
1.118
0.661
0.744
-0.178
-0.151
-0.222
-0.332
0.277
-0.419
1.110
0.130
0.112
0.332
0.028
0.107
-0.139
0.102
0.118
0.086
-0.112
0.113
-0.386
0.061
-0.644
-0.308
0.276
-0.028
-0.447
0.266
-0.111
-0.008
0.032
-0.007
0.634
0.253
0.341
0.096
-0.008
0.070
0.235
0.113
0.097
2.905
0.233
0.048
0.075
1.132
0.817
-0.427
0.770
0.096
-0.067
0.183
0.042
-0.113
-0.044
0.083
-0.543
-0.452
0.082
-0.151
0.087
-0.194
-0.274
-0.346
-3.118
-2.534
-2.810
-1.814
0.012
-0.215
-0.424
-1.933
-0.918
0.731
0.248
0.152
0.101
0.040
0.205
0.038
-0.393
0.006
0.117
-0.210
0.794
0.967
-0.013
-0.053
0.311
-0.268
-0.713
-0.178
-0.065
-0.050
2.289
2.611
3.476
0.945
2.515
