0.414
1.091
0.227
0.089
-0.569
-1.678
-0.047
-0.547
-1.304
-0.089
0.281
-2.592
-0.807
0.150
0.374
-1.235
-0.079
-0.115
-0.151
0.009
0.431
0.175
0.333
0.043
0.231
-1.366
0.969
-1.690
0.551
0.601
-0.218
-0.490
0.158
0.022
0.149
-0.248
-0.112
-0.268
-0.109
-0.552
-0.309
-0.177
-0.172
-0.005
-0.269
-0.349
-0.055
0.222
-0.883
-1.377
-1.112
0.259
-3.423
-2.472
-0.242
-0.415
-2.077
1.535
-0.101
1.071
-2.298
-0.904
-2.350
0.078
0.136
0.607
0.104
-0.084
0.029
0.485
0.272
0.013
0.184
0.255
0.011
0.058
0.394
0.133
0.054
0.095
-1.911
0.011
0.004
-0.879
-0.141
-1.546
-1.288
-0.015
0.011
0.011
0.011
0.001
0.011
0.206
-3.876
0.080
0.011
-0.279
-3.102
-1.216
-0.699
0.387
-3.005
-0.025
-1.006
0.011
0.237
-0.149
-1.670
0.154
0.011
0.038
0.900
1.813
0.005
0.748
-2.512
0.880
-0.429
-0.347
-1.182
-1.867
-0.289
-0.136
-0.070
-0.029
-1.605
0.838
-0.654
-0.490
0.248
-0.511
0.147
-1.632
-0.074
0.011
-1.328
0.587
0.094
2.884
-1.995
-0.075
0.003
-0.393
0.001
-0.059
2.717
1.293
0.189
0.473
0.400
0.288
0.011
-0.990
-0.532
-2.559
0.570
-0.135
-0.086
-0.740
-0.271
-0.030
1.546
-0.062
0.863
-3.435
-0.305
-0.766
-1.725
-0.428
-0.400
-0.046
-0.397
0.001
-0.104
-0.332
0.072
-0.273
0.027
-0.028
0.061
-1.832
-0.403
-0.111
0.037
0.653
0.690
-1.979
-1.451
-0.884
-3.298
-2.667
-0.750
-0.311
-0.503
-0.110
-0.375
0.131
0.011
0.011
0.113
0.147
0.011
0.011
-0.038
-0.107
0.038
-2.435
-0.378
0.565
-0.053
-1.605
-0.920
-0.048
-1.985
-0.958
-0.350
-0.118
-0.019
0.605
0.115
0.127
-0.067
0.088
0.052
0.365
0.051
-0.307
0.007
-0.732
-0.568
0.324
0.192
-0.012
-0.068
0.131
-0.515
0.382
0.124
-0.187
-2.357
-0.325
-0.234
-1.219
-0.835
0.021
0.025
-0.086
0.096
0.780
1.076
-1.172
0.092
0.009
-0.073
0.049
0.011
0.807
0.030
0.023
0.008
0.067
0.011
0.081
0.249
2.121
0.864
-0.159
-0.059
0.585
-0.161
0.184
0.122
0.013
-0.048
0.357
-0.147
-0.067
-0.248
0.021
0.172
-0.080
0.005
-0.554
-2.825
0.123
0.011
-0.113
-0.428
-0.114
0.290
0.658
-0.176
0.050
0.011
0.011
0.146
-0.681
-0.024
-0.082
0.065
-0.237
0.039
-0.126
0.009
0.008
0.041
3.100
1.889
2.201
1.646
0.007
0.756
0.039
0.197
0.999
-0.065
0.011
0.004
0.011
-0.024
0.005
0.036
0.267
0.171
-0.241
-0.101
-0.434
-0.770
-0.213
-0.011
-0.138
0.443
0.891
-0.067
-0.436
-0.222
-2.435
-3.130
-3.042
-1.714
-1.081
