-0.791
-1.438
-0.036
0.662
0.848
3.239
0.290
-0.032
1.658
0.552
0.070
2.726
0.978
0.225
0.676
2.014
0.423
0.272
-0.001
0.047
-0.349
-0.097
-0.370
0.697
-0.150
-0.032
-0.749
0.447
-0.309
-0.094
0.059
1.250
0.072
0.049
-0.427
0.061
0.574
0.203
0.080
0.445
0.460
0.596
0.658
0.235
-0.045
0.037
-0.126
0.050
0.793
0.601
1.224
0.182
2.029
2.143
0.385
0.833
2.182
-0.363
0.710
-2.141
2.138
0.589
2.183
-0.046
-0.126
0.385
0.087
1.343
0.183
-0.285
-0.235
0.055
-0.137
-0.381
-0.652
-0.141
-0.878
-0.019
-0.077
-0.249
3.158
0.215
-0.044
1.907
0.310
2.460
1.593
-0.013
-0.186
-0.504
-0.057
-0.133
-0.140
0.167
3.631
-0.325
-0.135
0.253
3.026
1.153
0.254
-0.210
3.021
0.240
1.711
0.559
-0.029
-0.032
3.468
0.301
0.070
-0.216
-0.037
-2.099
-0.039
-0.211
3.293
-0.346
-0.136
0.776
1.353
2.547
0.876
0.273
0.086
0.924
1.962
-0.421
0.167
0.500
-0.297
0.396
-0.066
1.283
0.155
0.422
1.222
0.421
-0.015
-0.903
1.948
0.551
0.218
0.330
-0.137
0.727
-1.275
-0.862
-0.091
-0.397
-0.017
-0.198
-0.180
1.078
-0.398
2.382
-0.721
-0.513
0.296
0.790
0.389
-0.032
-0.365
0.419
-0.039
2.649
1.465
0.704
1.339
1.779
0.282
0.300
-0.026
-0.016
0.433
0.601
0.111
0.247
-0.058
-0.053
0.014
1.820
0.330
-0.081
0.032
-0.734
-0.251
2.821
1.103
0.539
3.202
4.302
0.513
0.760
0.589
0.505
0.927
-0.032
-0.032
-0.032
-0.032
-0.032
0.248
0.608
0.260
0.349
-0.111
2.430
0.858
-0.902
0.914
1.138
0.629
0.161
3.069
0.744
0.223
0.702
0.293
-0.039
-0.038
-0.166
0.042
-0.025
-0.060
-0.209
-0.192
0.508
-0.012
0.967
0.665
-0.143
0.024
-0.329
0.495
0.365
0.912
-0.669
-0.020
0.503
-0.002
1.641
0.455
0.394
0.907
-0.112
-0.037
-0.733
-0.132
-0.995
-0.546
0.499
0.337
0.004
0.242
-0.405
-0.481
-1.076
0.238
0.059
-0.041
-0.269
0.041
-0.478
-0.074
-0.236
-0.355
0.478
0.147
0.613
0.265
0.176
0.144
-0.143
-0.069
1.049
0.268
0.407
0.218
-0.317
-0.049
-0.051
-0.032
0.056
2.276
0.207
0.148
0.287
-0.097
0.544
-0.050
-0.809
0.275
-1.093
0.200
0.159
0.159
0.368
0.251
0.270
-0.010
0.418
-0.024
0.338
0.227
0.493
0.046
-2.381
-1.112
-1.549
-0.798
-0.254
-0.479
0.337
0.036
-0.929
1.043
0.000
0.405
-0.003
-0.135
0.442
-0.074
-1.286
-0.116
0.020
-0.622
0.662
0.939
-0.056
0.022
-0.003
0.156
-0.342
-0.071
-0.103
-0.175
2.146
3.617
2.996
1.225
3.065
