-0.300
-0.513
-1.653
0.132
-0.188
2.766
0.123
0.407
1.571
0.649
-0.144
1.615
0.170
0.640
-0.065
1.539
0.210
0.472
0.116
-0.034
-0.284
-0.930
0.411
0.041
-0.530
-0.092
-0.281
-0.237
-0.120
-0.067
0.167
0.921
-1.132
0.730
0.460
0.961
0.537
0.610
0.184
-0.191
0.550
0.527
0.232
0.062
-0.175
-0.107
-0.199
-0.113
0.628
0.658
0.699
0.474
2.189
2.027
-0.095
-0.063
2.038
-0.920
0.068
-0.436
1.751
0.736
1.388
-0.007
-0.050
-0.125
0.019
0.864
-0.058
-0.423
-0.296
-0.166
-0.058
0.084
-0.164
-0.080
-0.577
-0.062
-0.176
-0.205
1.854
-0.024
-0.218
1.503
0.338
2.584
1.125
0.098
-0.058
-0.029
0.037
-0.010
-0.058
0.324
3.078
-0.019
-0.003
0.114
1.577
-0.010
0.456
-0.023
3.055
0.253
1.012
0.760
0.001
0.141
2.823
-0.951
-0.039
-0.058
-0.090
-1.295
0.207
-0.469
2.607
-0.156
0.425
0.625
1.115
1.417
1.122
0.516
-0.308
0.762
0.796
-0.528
0.190
1.534
0.073
0.095
-0.101
0.274
0.077
-0.003
1.096
-0.311
-0.576
-0.970
1.722
-0.263
0.059
-0.078
-0.790
0.452
-2.318
-0.692
-0.348
-0.292
-0.125
-0.006
-0.016
1.277
0.985
0.709
-1.293
0.294
0.362
1.134
0.304
0.361
-0.585
0.344
-0.433
1.799
0.680
0.057
0.837
0.812
0.459
0.644
0.162
0.130
0.534
0.391
-0.015
-0.252
-0.047
0.180
-0.060
0.588
0.207
-0.128
-0.032
-0.472
0.157
3.059
1.329
0.820
2.293
1.244
0.150
-0.655
0.411
0.346
0.264
-0.091
-0.058
-0.052
0.178
0.039
-0.058
-0.011
0.004
0.048
-0.018
1.521
0.537
-0.760
0.825
1.417
0.726
0.186
1.834
0.400
0.340
0.235
-0.137
-0.066
-0.018
0.258
0.094
0.083
0.242
-0.009
-0.586
0.997
-0.031
1.007
1.056
-0.185
-0.004
-0.036
0.737
0.806
0.272
-0.951
-0.211
0.513
2.028
1.808
0.725
1.270
0.975
0.011
-0.036
-0.239
0.265
0.075
-0.258
0.749
-0.043
-0.063
0.374
-0.556
-0.555
0.221
-0.618
-0.253
-0.673
-0.417
-0.254
-0.964
-0.282
-1.223
-0.563
0.129
-0.082
0.211
-0.165
-0.298
-0.167
-0.329
-0.192
1.014
0.997
0.312
1.062
-0.536
0.039
0.728
0.198
0.504
1.741
-0.367
-0.058
-0.113
0.972
0.352
-0.524
0.138
0.020
0.014
-0.058
-0.411
-0.298
0.212
0.005
-0.037
-0.242
0.052
-0.047
0.029
0.003
0.003
0.004
-1.594
-1.816
-1.710
-1.179
0.343
-0.206
0.013
-0.291
-1.258
-0.771
0.392
0.261
0.082
0.195
0.119
-0.077
-0.189
-0.359
0.565
-0.058
0.293
0.750
-0.041
0.262
-0.052
-0.138
-0.483
-0.055
-0.058
-0.115
3.383
3.667
1.273
0.873
1.383
