0.308
0.668
-0.183
0.052
-0.616
-2.746
-0.206
-0.850
-2.023
-0.763
0.074
-2.645
-0.870
0.633
0.085
-1.813
-0.756
-1.138
-0.743
-0.686
0.166
0.458
2.019
-1.086
0.361
0.246
0.821
-0.176
0.261
-0.177
-0.222
-0.942
0.627
-0.427
0.095
0.032
-0.743
-0.610
-0.426
-0.670
-0.226
-0.463
-0.597
-0.309
-0.300
-0.305
0.132
-0.302
-0.775
-0.327
-1.666
-0.634
-2.580
-2.257
-0.117
-0.176
-2.863
0.656
-0.139
0.849
-2.298
-0.894
-1.492
-0.052
0.047
-0.229
0.190
-1.238
-0.062
0.452
0.484
0.385
0.327
0.290
0.385
0.131
0.598
0.545
0.055
0.274
-2.332
-0.401
-0.063
-1.136
-0.278
-2.530
-2.007
-0.308
-0.121
-0.272
-0.173
-0.303
0.281
-0.248
-2.870
-0.134
0.067
-0.305
-2.526
-1.545
-0.656
0.011
-3.141
-0.038
-1.207
-0.874
-0.053
-0.203
-3.506
0.069
-0.590
0.261
0.253
1.451
-0.259
0.035
-4.252
0.465
-0.333
-0.914
-2.356
-2.143
-1.055
-0.484
-0.850
-1.593
-2.038
-0.214
-0.743
-0.427
0.149
0.424
-0.021
-1.094
-0.024
-0.147
-1.249
-0.076
-0.012
1.589
-1.770
-0.348
0.038
-0.084
0.286
-0.742
2.783
1.470
0.002
-0.115
-0.201
0.292
0.447
-1.084
0.763
-1.917
0.938
-0.152
-0.250
-0.693
-0.842
-0.136
1.645
-0.714
1.003
-2.958
-0.614
-0.850
-1.249
-1.531
-0.419
-0.338
-0.346
-0.104
-0.372
-0.332
-0.222
-0.210
-0.203
-0.131
0.045
-2.983
-0.977
-0.161
-0.150
1.020
0.231
-2.532
-1.650
-1.054
-2.223
-3.485
-0.508
-0.430
-0.500
-0.437
-0.389
0.198
-0.203
-0.203
-0.203
-0.203
-0.531
-0.355
-0.203
-0.308
-0.016
-2.057
-0.667
0.519
-0.805
-1.505
-0.861
-0.417
-2.974
-1.482
-0.525
-0.634
0.147
0.323
-0.095
-0.131
-0.186
-0.224
-0.124
0.150
0.025
-0.445
-0.015
-1.147
-1.043
-0.186
0.035
0.056
-0.375
0.065
-0.702
0.730
-0.090
-0.139
-0.523
-1.721
-0.556
-0.769
-1.372
-0.106
0.068
0.450
0.430
0.111
0.315
-0.771
-0.745
0.067
-0.210
0.804
0.518
1.515
0.098
-0.201
0.074
0.453
-0.433
0.597
0.387
1.013
-0.018
-0.634
-0.511
0.105
-0.358
-0.054
0.060
-0.174
-0.530
-0.540
-0.465
-0.485
-0.325
0.325
0.201
-0.253
0.151
-0.232
-2.800
-0.180
0.092
-0.092
0.734
-0.371
0.293
0.744
-0.273
0.256
-0.203
-0.222
-0.169
-0.402
-0.203
0.018
-0.192
-0.363
-0.215
-0.354
-0.147
-0.349
-0.230
2.941
2.043
2.538
1.396
0.169
0.841
-0.051
0.838
0.790
-0.327
-0.368
-0.617
-0.244
-0.286
0.326
0.384
1.239
0.708
-0.506
0.103
-0.582
-1.773
-0.162
0.285
-0.140
-0.222
0.587
-0.105
-0.030
-0.310
-1.413
-3.390
-3.802
-1.455
-0.891
