-0.102
-0.124
-1.618
-0.059
0.235
2.742
0.225
0.427
2.232
1.086
0.171
2.989
1.133
0.181
0.133
1.595
0.771
0.642
0.137
0.047
0.036
0.103
-1.999
0.968
-0.200
0.370
-0.730
0.538
-0.149
-0.124
-0.011
1.052
-0.384
-0.018
-0.744
0.094
0.389
0.357
0.174
0.665
0.230
0.331
0.143
0.212
0.401
0.427
-0.220
-0.213
0.801
0.502
0.458
0.581
1.478
0.883
0.105
0.225
1.613
0.001
0.090
0.018
2.279
0.956
2.122
0.004
-0.044
-0.336
-0.242
1.711
0.040
-0.675
-0.910
-0.398
-0.195
-0.218
-0.302
-0.003
-1.232
-0.304
-0.133
-0.322
2.409
0.342
0.085
1.973
0.485
1.949
1.273
0.260
0.176
0.183
0.200
0.260
-0.202
0.334
2.433
-0.754
-0.034
0.711
2.405
1.124
0.630
0.111
2.404
0.269
1.496
1.253
-0.111
0.053
2.261
-0.303
0.118
0.028
0.289
-1.852
-0.031
0.030
2.656
0.204
0.301
0.706
1.487
2.206
0.992
0.632
-0.246
0.930
1.231
-0.173
0.338
1.073
-0.989
0.256
-0.014
0.365
0.169
0.167
1.578
0.257
0.099
-2.324
2.616
0.806
-0.064
0.073
-0.168
0.627
-1.946
-1.246
-0.181
0.271
0.789
-0.020
-0.032
1.533
1.118
1.832
-0.844
0.128
0.963
1.446
0.979
0.888
-2.301
1.006
-1.034
2.759
1.044
0.864
1.114
1.336
0.383
0.314
0.344
0.145
0.292
0.305
0.084
0.176
0.089
0.126
0.117
1.696
0.585
0.082
0.107
-0.172
-0.165
2.634
1.613
1.058
2.506
2.988
0.662
-0.146
0.346
0.803
0.863
-0.178
0.188
0.144
0.226
0.202
0.377
0.374
-0.265
0.747
-0.198
2.018
1.055
-0.568
1.037
1.455
0.807
0.192
1.785
0.593
0.192
0.083
0.337
0.064
0.084
0.127
0.345
-0.234
0.132
0.104
0.327
0.908
-0.080
1.018
0.343
-0.028
0.276
-0.042
0.380
-0.433
0.612
-0.663
-0.025
0.637
1.603
1.157
0.925
1.025
0.504
-0.348
0.017
-0.175
0.095
0.132
-0.952
1.064
0.225
0.333
0.088
-0.324
0.047
0.291
-0.072
0.568
0.069
-0.145
0.392
0.265
-0.242
-0.387
0.064
0.480
-0.089
-0.222
0.122
0.001
0.072
-0.037
0.112
0.594
0.192
0.192
0.192
0.052
0.148
0.192
0.123
0.192
2.943
0.082
0.078
0.210
1.186
0.971
-0.134
0.555
0.216
0.101
0.153
0.084
0.002
0.122
0.096
0.027
0.017
0.254
-0.155
0.213
0.106
-0.190
-0.251
-3.532
-2.307
-3.260
-1.365
0.071
-0.223
0.011
-0.705
-0.692
0.241
0.262
0.419
0.182
0.194
0.265
-0.037
-0.746
-0.493
0.487
0.016
0.841
1.075
0.080
-0.099
0.391
-0.024
-0.849
0.114
0.217
0.203
1.411
1.842
1.967
0.846
2.139
