-1.954
-1.870
-1.848
-0.039
-1.874
2.271
0.059
-0.152
1.539
1.275
-0.081
1.615
0.576
-0.339
-0.173
1.279
-0.104
-0.316
-0.117
-0.552
0.068
-0.163
-1.957
0.071
-0.032
-0.319
-0.544
-0.063
-0.195
0.012
-0.201
0.338
-1.765
0.022
-0.548
-0.099
-0.131
-0.117
0.213
-0.258
0.332
0.547
0.380
0.386
0.308
0.247
-0.273
0.057
2.795
0.121
0.522
-0.238
0.528
0.342
0.210
-0.445
1.770
-0.034
0.070
0.103
2.430
0.681
1.470
-0.244
-0.167
-1.266
-1.374
0.578
0.029
-0.187
-0.072
0.009
0.007
0.128
0.036
0.035
-0.836
-0.024
-0.039
0.015
2.382
0.205
0.343
2.221
0.652
2.007
1.495
0.232
0.044
-0.454
-0.276
0.099
0.502
0.075
2.567
-0.429
-0.027
-0.102
1.890
-1.201
0.297
-0.142
3.803
-0.210
1.381
1.580
-0.341
0.398
2.936
-0.233
0.032
-0.298
-0.200
-1.952
-0.182
-0.426
2.987
-0.983
-0.220
1.700
1.699
2.342
0.918
-0.063
-0.573
-0.278
1.039
-0.549
-0.352
0.332
-0.190
0.030
-0.018
0.125
0.065
0.095
0.335
-0.428
-0.029
-1.929
2.963
0.824
-0.263
-0.858
-0.541
0.730
-1.025
-0.430
0.057
-0.761
0.096
-0.090
-0.077
1.667
0.548
0.929
-0.713
0.120
0.164
0.833
0.164
-0.065
-0.917
0.037
-0.535
2.499
0.770
0.600
1.200
0.663
0.437
0.810
0.382
-0.017
0.118
0.159
0.498
0.129
-0.275
-0.242
-0.144
1.319
0.403
0.158
0.070
-0.712
-0.296
2.258
1.241
0.104
1.894
2.533
-0.132
-0.384
0.718
0.268
0.067
-0.141
-0.008
0.052
0.166
0.141
0.197
0.202
-0.076
0.229
-0.025
0.811
0.244
-0.183
0.640
0.471
0.458
-0.033
2.331
0.522
0.390
0.246
0.405
-0.283
0.066
0.085
0.082
0.103
-0.145
-0.051
-0.337
1.418
0.068
1.373
0.103
-0.036
-0.844
-0.192
-0.041
-0.470
1.301
-0.850
-0.432
0.409
1.432
1.561
0.334
0.268
0.265
-0.400
-0.136
-0.295
0.198
0.491
-0.422
0.621
-0.021
0.365
0.247
-0.413
-0.188
0.509
-0.466
0.091
-0.552
-0.772
0.128
-0.622
-0.466
-0.235
-0.145
0.361
-0.123
-0.181
0.101
0.046
0.076
0.023
-0.395
0.613
1.025
0.485
1.862
-0.547
-0.016
1.150
0.031
0.716
1.310
0.032
-0.252
0.643
0.579
-0.108
-0.053
-0.962
0.259
0.113
0.506
0.181
0.206
-0.218
0.088
-0.533
0.070
-0.036
0.066
0.089
0.009
-0.053
0.352
-2.503
-1.929
-2.049
-0.985
0.038
0.032
-0.168
-1.132
-0.406
-1.842
-0.064
0.105
-0.085
0.057
0.036
0.057
-1.184
-0.435
-0.698
-1.384
-0.094
0.328
0.006
0.497
-0.024
0.617
-0.678
-0.842
-0.321
0.234
2.316
2.969
2.468
0.067
2.878
