-0.734
-0.569
1.520
0.056
-0.229
-3.883
0.175
-0.738
-2.396
-0.462
0.107
-3.174
-0.893
-0.913
2.047
-2.651
-0.136
-0.372
-0.037
0.237
-0.491
0.115
-0.108
0.095
0.125
-0.735
-0.075
-0.614
-0.084
0.603
-0.350
-1.026
0.352
0.030
0.196
-0.043
-0.914
-0.421
-0.096
-0.626
-0.549
-0.143
-0.250
0.010
-0.479
-0.354
0.057
-0.026
-1.342
-0.732
-1.048
0.138
-2.148
-1.932
-0.154
0.219
-2.794
0.334
0.101
0.200
-3.474
-0.871
-3.049
0.275
0.169
0.838
0.309
-0.327
0.110
0.179
0.390
0.110
0.110
0.230
0.110
0.110
1.326
0.121
0.110
0.159
-4.118
-0.009
0.036
-1.677
0.026
-2.128
-1.421
0.110
0.156
0.175
0.110
0.110
0.213
0.020
-4.562
0.110
0.061
-0.335
-2.543
-0.912
-0.123
0.035
-3.248
-0.112
-0.596
-0.825
0.060
-0.499
-2.589
0.009
0.110
0.110
0.801
1.199
0.487
1.137
-4.565
1.455
-0.949
-1.017
-2.319
-2.755
-1.138
-0.395
0.281
-0.042
-1.980
0.454
-0.098
-0.532
0.677
-0.454
0.054
-1.315
0.106
0.110
-1.097
1.212
0.937
2.368
-2.303
-0.636
0.671
0.426
1.217
-1.077
2.285
1.810
0.106
0.404
0.242
-0.290
0.108
-1.221
-1.203
-1.786
0.725
-0.541
0.258
-1.138
-0.295
-0.140
0.756
-0.254
0.409
-4.411
-1.686
-0.333
-1.113
-1.938
-0.131
-0.329
-0.089
0.134
-0.069
-0.243
0.017
0.001
0.074
0.235
0.110
-2.007
-0.305
0.890
0.110
0.205
0.559
-3.239
-2.394
-0.854
-2.741
-3.761
-0.344
-0.511
-0.342
0.110
0.050
0.110
0.110
0.110
0.110
0.110
0.102
0.110
0.110
0.110
0.614
-2.806
-0.817
0.105
-0.457
-1.741
-1.066
0.099
-3.431
-0.866
0.045
0.033
0.081
0.034
0.110
0.058
0.089
0.110
0.110
0.090
0.110
-0.978
0.096
-1.496
-1.247
0.125
1.025
0.110
0.003
0.030
-0.348
0.883
0.110
-0.528
-2.698
-2.689
-0.435
-1.254
-1.057
0.191
0.110
0.839
-0.174
0.472
0.115
-0.685
0.104
0.200
-0.279
0.368
0.330
1.376
0.334
0.474
0.251
0.385
0.217
0.675
0.252
0.768
1.317
-0.200
0.070
-0.489
0.110
0.025
0.074
0.077
0.175
-0.368
-0.205
-0.218
-0.583
0.136
0.118
-0.093
0.114
-0.032
-3.192
0.110
0.094
0.030
-1.289
-0.224
0.283
-0.591
-0.403
-0.118
-0.409
0.135
0.411
-0.440
-0.009
0.007
0.242
-0.501
0.016
-0.213
0.008
0.699
1.127
2.787
1.034
1.456
0.639
0.072
0.131
0.076
-0.198
0.778
-0.802
-0.031
-0.373
0.020
0.520
-0.086
0.499
-0.174
0.423
0.345
0.267
-0.247
-2.081
0.110
0.110
0.213
-0.167
0.493
0.001
-0.086
0.019
-1.432
-2.905
-3.913
-0.123
-3.025
