-1.668
-1.637
0.222
0.112
-0.863
-2.882
-0.110
-0.402
-1.599
-0.988
-0.237
-3.315
-1.231
-0.509
-1.460
-2.778
-1.360
-0.058
-0.016
-0.127
0.266
0.108
0.190
-0.376
-0.092
0.114
2.249
-0.731
3.092
0.349
0.108
-1.154
-0.180
-0.425
0.070
0.072
-0.787
-0.617
-0.619
-0.667
-0.357
-0.355
-0.530
-0.149
-0.391
-0.466
0.552
-0.666
-1.533
-1.007
-1.448
-1.120
-1.681
-1.846
-4.273
-2.102
-2.589
0.634
-0.628
0.737
-2.486
-0.769
-1.880
0.179
0.364
-0.209
-0.356
-0.602
-0.158
0.910
0.738
0.548
0.416
-0.125
0.521
0.081
0.750
1.056
0.215
0.541
-2.714
-0.101
0.385
-2.278
-0.957
-3.016
-2.055
-0.022
-0.533
0.162
-0.183
0.177
-0.094
-0.297
-3.206
0.118
0.342
-0.225
-3.167
-0.901
-0.373
0.495
-3.905
-0.205
-2.167
-1.178
-0.092
0.380
-2.873
-0.062
-0.031
0.229
-0.171
1.351
-0.095
-0.064
-3.363
0.075
-1.034
-0.564
-2.292
-3.809
-2.144
-0.414
0.657
-1.528
-2.606
-0.211
-0.437
-1.662
0.460
-0.696
-0.298
-1.769
-0.255
-0.125
-0.980
-0.108
-0.110
0.200
-3.014
-0.904
-0.113
-0.653
0.462
-0.389
1.806
1.489
0.206
0.516
-0.219
0.092
0.194
-1.554
0.233
-2.214
1.153
0.454
-0.242
-0.938
-0.876
-0.815
0.684
-0.875
0.264
-3.634
-0.189
-0.395
-1.321
-1.088
-0.519
0.099
-0.413
0.235
-0.407
-0.612
-0.312
-0.170
-0.186
0.354
0.070
-2.347
-0.962
-0.121
-0.226
0.561
-0.151
-3.085
-0.510
-1.086
-2.911
-4.986
-0.423
-1.064
-0.670
-0.490
-0.559
-0.075
-0.235
-0.319
-0.011
0.023
-0.354
-0.513
-0.210
-0.396
-0.159
-2.581
-0.661
0.473
-0.566
-1.063
-0.290
-0.884
-3.162
-1.265
-0.636
-0.577
-0.311
0.152
-0.022
0.270
-0.292
-0.261
0.328
0.575
-0.159
-0.521
-0.178
-1.202
-1.164
-0.047
-0.174
-0.069
-0.262
-0.135
-0.840
0.320
-0.134
-0.446
0.544
-1.203
-0.587
-0.716
-1.015
-0.338
0.218
-0.349
0.687
-0.061
0.650
-1.274
-0.099
-0.255
-0.319
0.315
0.570
0.052
-0.789
-0.336
-0.259
0.193
-0.339
0.676
0.125
0.680
-0.015
0.186
0.501
-0.668
-0.251
-0.055
0.097
-0.265
0.327
-0.746
-0.320
-0.342
-0.479
0.226
0.064
-0.286
-0.086
-0.139
-2.934
-0.326
-0.321
0.195
0.251
-0.655
0.309
3.043
-0.359
0.332
-0.117
-0.268
0.341
-0.432
-0.249
0.268
0.107
-0.265
0.008
0.010
-0.200
0.181
0.112
2.517
1.591
1.846
1.233
-0.132
0.403
-0.320
0.272
0.931
-0.607
-0.212
-0.087
-0.169
-0.086
-0.516
0.154
1.593
-0.106
-0.499
0.128
-0.468
-0.901
-0.384
0.042
-0.183
-0.341
0.218
-0.158
-0.199
-0.124
-2.337
-2.505
-4.413
-0.880
-1.468
