-0.119
-0.184
-0.131
-0.131
0.991
2.215
-0.115
-0.244
1.424
0.462
0.139
2.364
0.289
0.069
0.442
1.805
0.431
0.203
0.332
-0.594
0.055
0.990
-1.399
0.546
-0.284
-0.131
-1.734
0.300
0.287
-0.330
-0.193
0.478
-0.209
-0.244
-1.077
-0.019
0.552
0.658
0.353
0.275
0.226
0.445
0.733
-0.135
0.253
0.887
-0.379
-2.137
1.400
0.668
1.445
-0.320
1.252
1.234
1.335
1.322
2.070
-0.214
1.022
-0.142
2.277
0.609
1.352
-0.034
0.071
0.100
-0.054
0.946
0.231
-0.490
-0.187
-0.131
-0.554
0.176
-0.213
0.084
-0.256
-0.490
0.043
-0.410
2.312
0.531
0.073
1.699
0.550
2.348
1.406
0.291
0.217
0.179
0.314
0.319
-0.244
-0.406
2.595
-0.755
-0.327
-0.037
2.860
1.028
-0.093
-0.168
3.721
0.072
1.618
0.732
-0.287
-0.291
3.075
-0.125
0.075
0.064
-0.589
-1.686
0.010
-0.240
2.937
-0.531
0.031
0.938
1.487
2.840
1.879
0.258
0.218
1.276
0.773
0.114
0.348
0.586
-0.784
0.405
0.171
1.006
0.147
0.183
1.088
0.215
0.463
-2.892
2.163
0.432
0.129
0.107
-0.652
-0.013
-2.419
-1.043
-0.174
-0.538
0.212
-0.442
-0.090
1.649
-3.305
3.486
-0.905
0.092
-0.220
-0.131
-0.124
-0.101
-0.850
-0.045
-0.592
2.952
-0.286
0.863
1.339
0.251
0.392
0.190
0.384
-0.476
-0.153
0.498
0.219
-0.214
-0.302
-0.583
0.090
1.574
0.497
-0.096
0.224
-0.795
-0.139
3.197
2.437
0.708
2.503
3.817
0.396
1.042
0.865
0.434
0.443
-0.289
-0.028
0.217
-0.116
0.000
0.401
0.314
0.222
0.370
0.006
2.215
0.951
-0.478
0.462
1.115
0.519
0.410
2.108
1.000
0.018
0.177
0.069
-0.136
-0.198
-0.145
-0.051
-0.009
-0.142
-0.654
-0.267
0.473
0.041
1.021
0.636
0.145
0.290
0.264
0.252
-0.131
-0.131
-0.186
0.111
-0.067
-0.131
0.330
0.416
0.207
0.477
0.025
-0.200
-0.438
-0.131
0.752
-0.301
0.628
0.223
-0.318
0.378
-0.318
-1.351
-0.730
-0.006
0.406
-0.283
-0.082
-0.064
-0.674
-0.180
-0.807
-0.426
0.553
-0.012
0.248
0.135
-0.068
-0.189
-0.013
-0.466
0.384
0.418
0.206
0.350
-0.322
-0.251
0.388
-0.288
0.044
2.643
0.241
-0.401
0.196
-2.326
-0.131
-0.537
-1.915
-0.179
-1.138
-0.029
-0.157
-0.146
0.443
-0.078
-0.676
-0.272
-0.066
-0.162
-0.101
-0.378
-0.078
-0.144
-3.130
-2.151
-2.427
-1.656
-0.264
-0.445
0.277
-0.321
-0.855
0.644
0.247
0.197
0.284
0.069
0.379
0.143
-1.240
-0.030
0.169
-0.028
-0.001
1.006
0.257
-0.499
0.174
0.208
-0.413
-0.141
0.101
-0.081
1.992
2.768
3.080
1.278
2.133
