-0.490
-0.431
-1.919
-0.319
-1.589
2.050
0.486
0.720
1.309
0.734
0.016
1.881
0.981
-0.428
-0.274
1.221
0.241
0.874
0.315
-0.174
1.239
-0.465
-0.237
-0.032
0.500
-0.018
-1.019
-0.202
-0.619
-0.294
-0.034
0.626
-0.355
-0.114
-0.179
0.517
-0.078
0.699
0.041
0.367
0.333
0.717
0.807
0.376
0.381
0.652
-0.275
-0.123
0.936
0.853
1.005
1.347
2.868
1.104
-0.499
-0.111
2.675
-1.106
-0.075
-0.353
2.425
0.593
2.151
-0.005
0.026
-0.372
0.151
0.347
-0.142
-1.259
-0.961
-0.261
-0.053
0.217
-0.197
-0.098
-1.228
-0.164
-0.422
-0.548
1.776
-0.047
0.091
1.075
0.085
2.455
1.219
0.101
0.117
-0.573
0.073
-0.027
-0.095
0.374
0.585
-0.671
0.014
0.277
2.016
0.514
0.142
-0.051
3.649
0.591
1.178
0.666
0.278
-0.070
2.462
0.471
-0.308
-0.167
0.131
-1.885
0.390
-0.989
2.372
-0.384
-0.129
1.604
0.810
1.702
1.654
0.605
0.200
1.069
1.371
-0.205
0.407
0.181
-0.369
-0.018
-0.066
0.039
0.789
0.898
1.465
-0.073
-0.515
-0.983
2.594
-0.427
-0.405
0.331
-0.569
0.733
-2.447
-1.491
0.094
-0.353
0.104
-0.137
-0.085
2.005
1.565
2.843
-0.695
1.846
0.150
1.628
0.681
0.510
-1.219
0.751
-1.070
4.153
0.465
0.019
2.085
1.054
0.244
0.634
0.168
0.085
0.019
-0.008
0.294
0.150
0.056
0.048
-0.300
0.929
0.168
-0.276
-0.154
-0.625
-0.554
3.176
3.061
1.236
2.326
2.376
0.490
-1.407
-0.007
-0.110
0.207
-0.107
-0.115
-0.097
-0.054
-0.032
-0.141
-0.108
-0.113
-0.114
-0.098
2.568
0.686
-0.083
0.394
1.905
1.482
-0.248
2.489
0.798
0.348
0.245
0.535
-0.474
0.027
-0.051
0.253
0.141
0.044
-0.408
-1.077
0.657
-0.600
0.933
1.530
-0.258
-0.563
0.079
0.238
0.956
0.428
-0.816
-0.142
-0.019
1.617
1.277
0.660
1.176
0.830
-0.393
-0.013
-0.073
0.172
0.139
-0.365
0.414
0.146
1.041
2.440
-0.186
0.526
2.505
1.047
1.572
0.773
-0.049
1.043
-0.575
1.071
-0.787
-0.962
0.186
-0.252
-0.055
0.191
0.228
0.068
-0.046
-0.252
-0.221
1.023
0.753
1.281
-0.184
0.833
0.896
1.096
0.783
1.140
-0.213
-0.070
0.274
1.330
0.488
-0.039
-0.032
-0.014
-0.207
0.040
-0.112
-0.289
0.199
0.456
-0.710
-0.754
0.039
-0.555
-0.088
-0.037
-0.268
-0.046
-2.392
-2.273
-2.374
-1.504
0.145
-0.343
0.011
-1.669
-0.888
-1.539
0.200
0.190
-0.032
-0.114
-0.257
-0.152
-0.764
0.185
0.565
0.032
0.400
2.020
-0.416
-0.080
0.268
0.288
-0.676
-0.126
-0.008
0.256
5.671
4.596
0.452
0.428
0.698
