0.583
-0.171
-0.072
0.147
-0.024
3.508
0.182
-0.033
1.200
0.483
-0.034
2.613
0.306
-0.205
0.868
1.622
0.804
0.679
0.080
0.044
-0.218
-0.671
-1.796
0.202
-0.264
-0.072
-0.715
1.051
-0.532
-0.073
0.627
0.808
-0.429
-0.114
-0.795
-0.704
-0.054
0.274
0.560
0.058
0.193
0.385
0.403
-0.001
-0.044
-0.052
-0.894
-0.057
0.928
0.455
1.160
0.042
3.332
3.372
0.212
0.727
1.833
0.074
0.081
-0.500
3.528
1.365
1.992
-0.234
-0.072
-0.125
0.034
0.916
-0.005
-0.376
-0.774
-0.205
-0.159
0.158
-0.498
-0.072
-0.603
-0.063
-0.080
-0.189
2.166
0.008
-0.072
1.691
0.396
3.415
3.308
0.289
-0.121
0.467
0.422
0.511
-0.274
0.621
2.163
-0.078
-0.130
-0.017
3.308
0.944
0.415
-0.101
3.915
-0.110
2.326
-0.072
-0.508
-0.072
3.496
0.246
0.213
0.068
-0.072
-1.837
-0.055
-0.097
3.620
-0.652
-0.017
0.849
2.383
2.752
1.552
0.344
0.483
1.316
3.277
0.804
1.031
0.143
-0.785
0.324
-0.264
0.367
0.161
0.184
1.481
-0.141
-0.438
-1.894
2.086
0.055
-0.515
0.308
-0.568
-0.061
-2.526
-1.761
-0.072
-0.249
0.109
-0.011
-0.269
1.918
-3.104
3.525
-1.240
-0.609
0.262
1.531
0.128
-0.072
-0.769
0.131
-0.077
3.420
-0.122
1.190
1.555
-0.082
0.807
0.512
1.041
-0.191
0.649
0.608
-0.072
0.324
-0.053
-0.085
-0.198
2.153
0.659
-0.086
0.239
-1.048
0.335
2.574
0.960
0.294
2.635
2.681
0.137
-0.072
0.857
0.558
0.345
-0.187
-0.072
-0.072
-0.036
-0.072
0.493
0.327
-0.072
0.507
0.106
2.225
0.564
-0.429
-0.359
1.159
0.434
0.456
2.683
0.959
0.634
0.656
0.128
-0.419
-0.072
-0.072
0.307
0.131
-0.072
-0.216
-0.086
0.816
-0.116
1.596
0.801
-0.086
-0.080
-0.324
0.110
-0.000
0.452
-0.485
0.157
-0.072
-0.072
1.827
0.348
0.311
0.765
-1.728
-0.318
-0.138
-0.107
-1.782
-0.977
1.252
0.353
0.002
0.145
-0.072
-0.072
-0.104
0.060
0.156
0.099
-0.035
0.076
-0.078
-0.017
-0.087
0.287
0.073
-0.001
-0.408
0.090
-0.072
-0.025
-0.283
0.124
0.691
0.518
0.505
0.707
-0.131
-0.122
0.104
-0.109
0.241
2.667
0.160
-0.222
-0.027
-1.699
0.090
-0.502
0.152
0.168
-0.943
0.027
0.148
0.032
0.445
0.113
0.010
-0.030
0.277
0.023
0.080
-0.040
0.434
-0.064
-3.954
-3.184
-3.395
-2.090
0.007
-0.525
0.280
-1.176
-0.579
0.137
0.128
0.648
0.124
0.221
0.224
0.153
-1.994
-0.655
-0.071
-0.466
0.082
1.289
0.115
-0.072
0.182
0.160
-0.086
-0.510
-0.099
-0.019
1.338
2.860
3.375
0.544
1.665
