-0.456
-0.007
-0.063
0.199
-0.273
-2.098
-0.063
-0.517
-2.128
-0.671
0.249
-3.197
-1.082
0.057
0.052
-1.582
0.020
-0.414
0.029
-0.518
-0.097
0.049
1.031
-0.133
0.111
0.058
0.774
-0.639
0.120
0.273
0.070
-0.759
-0.022
-0.063
-0.013
-0.024
-0.248
-0.342
-0.154
0.070
-0.391
-0.898
-1.075
-0.766
-0.075
-0.066
0.453
-0.045
-0.880
-0.253
-1.384
-0.064
-2.538
-2.113
-0.624
-0.570
-3.141
-0.245
-0.540
-0.690
-2.925
-1.169
-1.513
-0.214
0.116
0.190
0.218
-0.775
-0.006
0.529
0.530
0.266
0.098
0.367
1.590
0.068
0.201
0.155
0.042
0.139
-2.041
-0.068
0.274
-1.041
-0.199
-2.225
-1.505
-0.418
-0.239
-0.261
-0.288
-0.236
0.252
-0.083
-3.173
0.542
0.065
-0.358
-2.865
-1.163
-0.056
-0.155
-2.992
0.241
-1.721
-0.329
-0.021
-0.418
-2.603
0.158
-0.010
0.079
0.271
1.409
0.005
0.044
-3.431
0.395
-0.136
-0.685
-2.035
-2.555
-1.048
-0.311
-0.071
-1.325
-0.864
0.108
-0.013
-0.645
0.997
0.063
0.122
-0.391
-0.094
-0.060
-1.580
-0.210
-0.204
3.495
-1.670
-0.240
0.142
0.012
0.397
-0.431
2.294
0.895
0.046
-0.169
-0.041
0.205
0.028
-0.651
2.193
-2.779
0.717
-0.244
-0.330
-0.809
-0.558
0.008
0.966
-0.521
0.353
-2.533
0.131
0.055
-0.656
-0.239
-0.363
-0.220
-0.437
-0.032
-0.218
-0.558
-0.063
-0.076
-0.054
-0.034
0.027
-1.819
-0.498
0.164
0.001
0.203
0.101
-3.053
-2.154
-1.053
-2.202
-4.478
-0.101
-0.605
-0.586
-0.644
-0.967
0.063
-0.079
-0.196
-0.063
-0.063
-0.434
-0.643
-0.063
-0.536
0.058
-1.989
-0.657
0.596
-0.281
-0.924
-0.879
-0.337
-3.216
-1.483
-0.296
-0.222
-0.054
0.393
-0.003
0.016
-0.103
-0.063
-0.024
-0.051
0.549
-0.189
0.163
-0.706
-0.169
0.014
-0.126
0.021
-0.074
-0.160
-0.505
0.396
0.035
-0.176
-0.496
-1.341
-0.358
-0.178
-0.834
0.973
0.043
1.513
0.266
-0.210
0.330
-0.833
-0.379
-0.473
-0.934
0.249
0.285
-0.082
-0.456
-0.240
-0.561
0.030
-0.799
0.695
-0.019
0.832
0.100
-0.124
0.001
-0.285
0.234
-0.110
0.001
-0.163
0.470
-0.787
-0.273
-0.312
-0.191
0.318
0.073
-0.406
-0.056
-0.074
-1.955
-0.005
-0.061
-0.216
2.098
-0.417
1.083
0.289
-0.086
0.067
-0.208
0.072
0.130
0.351
-0.143
0.308
0.114
-0.255
0.138
-0.211
0.084
-0.279
-0.037
3.773
2.683
2.953
2.065
0.316
0.563
-0.390
0.288
0.774
0.352
-0.170
-0.063
-0.185
0.018
-0.602
-0.223
1.306
0.183
-0.285
-0.125
-0.061
-1.129
0.026
0.001
-0.445
-0.052
0.106
0.535
0.020
-0.063
-1.967
-2.686
-2.696
-1.099
-1.282
