-1.101
-1.382
1.276
-0.279
-0.452
-2.301
-0.067
-0.381
-2.387
-0.812
0.035
-2.762
-0.540
0.188
0.143
-1.382
-0.209
-0.658
-0.355
-0.100
0.421
-0.268
0.617
-0.525
-0.024
0.550
0.097
-0.740
-0.048
0.041
-0.083
-0.867
0.183
0.925
0.809
-0.067
-0.126
-0.375
-0.560
0.010
-0.266
-0.488
-0.460
-0.092
-0.224
-0.518
-0.442
-0.074
-0.754
-0.096
-1.405
-0.213
-1.557
-1.116
-0.430
0.017
-2.227
0.481
-0.026
1.208
-2.273
-0.565
-1.022
0.039
-0.058
0.254
0.256
-0.475
0.009
0.156
0.201
0.069
0.228
0.083
0.028
0.007
0.973
0.134
0.132
0.095
-1.811
-0.152
-0.008
-1.503
-0.424
-2.565
-1.436
-0.113
0.133
-0.332
-0.124
-0.203
-0.197
-0.230
-1.688
-0.021
0.166
-0.003
-2.770
-0.402
-0.039
0.058
-2.729
-0.075
-1.409
-0.067
-0.182
0.136
-2.079
-0.039
-0.066
-0.048
0.057
1.160
-0.020
-0.017
-3.003
0.491
-0.280
-0.595
-2.044
-2.582
-1.019
-0.243
-0.235
-1.068
-1.656
-0.208
-0.323
-0.661
0.380
-0.736
0.038
-0.201
-0.008
0.031
-0.951
-0.140
0.276
2.739
-1.948
-0.270
-0.031
-0.347
0.318
0.040
1.465
1.093
0.118
0.814
-0.097
0.013
-0.041
-0.592
1.353
-0.260
1.024
0.446
-0.060
-0.176
-0.373
-0.379
0.728
-0.538
0.166
-2.591
-0.097
-0.690
-1.306
-0.220
-0.226
-0.194
-0.100
-0.004
-0.061
-0.276
-0.020
-0.149
0.242
0.591
0.047
-1.312
-0.752
-0.015
-0.007
0.459
0.023
-2.434
-0.438
-0.876
-2.177
-3.574
-0.180
-0.442
-0.327
-0.570
-0.318
0.065
-0.049
-0.102
0.036
-0.005
-0.532
-0.298
0.039
0.055
-0.022
-2.352
-0.985
0.219
-0.705
-1.072
-0.217
-0.799
-2.121
-0.820
-0.067
-0.434
-0.074
-0.039
0.116
0.066
-0.026
-0.033
0.088
0.058
-0.026
-0.408
0.010
-0.689
-0.687
-0.007
-0.037
0.060
0.012
-0.323
-0.594
0.340
-0.040
-0.100
0.010
-1.005
-0.585
-0.381
-1.201
0.171
-0.033
0.280
-0.057
-0.004
0.358
-0.645
-0.116
-0.478
-1.117
0.533
0.537
-0.251
-0.140
-0.182
-0.541
-0.215
-0.240
1.093
-0.339
1.765
0.006
-0.238
-0.082
-0.589
0.015
0.004
-0.032
0.138
-0.170
-0.279
-0.175
-0.066
-0.261
0.127
0.149
0.440
0.116
-0.067
-2.020
-0.034
-0.043
-0.042
0.664
-0.357
0.149
-0.100
-0.117
2.861
0.057
-0.004
0.013
-0.220
-0.073
0.018
0.111
-0.095
-0.076
-0.169
0.002
-0.220
0.137
2.355
1.708
1.515
1.377
0.108
0.249
0.109
0.490
0.422
0.359
-0.150
-0.070
-0.014
-0.276
-0.080
0.134
0.815
0.036
0.050
-0.112
-0.289
-0.916
-0.163
0.097
-0.026
0.010
0.240
0.327
-0.080
-0.060
-1.652
-1.819
-0.954
-0.912
-1.317
