-0.223
-0.290
-0.441
0.330
-0.162
-5.742
0.140
0.150
-2.421
-0.235
0.056
-3.174
-0.906
0.473
0.751
-3.047
-0.953
-0.128
0.140
0.130
-0.126
-0.414
0.505
-0.707
0.225
-0.361
1.322
-0.089
0.058
0.708
-0.223
-1.733
0.396
0.154
0.166
-0.128
-0.318
-0.277
-0.514
-0.450
-0.055
-0.831
-0.701
-0.396
-0.018
-0.018
1.174
0.089
-0.862
-1.089
-1.598
-0.122
-1.273
-1.351
-1.054
-0.948
-2.786
0.648
0.041
0.134
-4.725
-2.075
-1.603
-0.023
0.097
-0.041
0.043
-0.938
0.026
0.360
0.414
0.288
0.331
-0.495
0.886
0.130
0.174
0.166
0.167
0.172
-3.299
-0.623
0.191
-1.722
-0.317
-1.866
-0.175
0.109
0.025
0.256
-0.028
0.271
0.213
0.076
-4.104
0.341
0.242
-0.347
-3.210
-1.401
-0.162
0.078
-5.940
-0.165
-0.815
-1.198
0.139
0.137
-4.660
0.275
0.070
0.076
0.331
2.648
0.140
0.450
-6.275
1.168
-0.378
-1.990
-2.846
-3.573
-2.184
-0.928
0.043
-1.416
-2.166
0.188
-0.749
0.015
1.211
-0.546
0.024
0.081
0.117
0.027
-1.429
-0.658
-0.684
0.315
-3.532
-1.068
0.439
0.183
1.119
-0.868
2.327
1.377
0.214
0.121
-0.052
0.221
0.140
-1.440
-0.608
-2.861
0.482
-0.450
0.039
-1.173
-1.336
-0.422
1.260
-1.016
0.766
-4.295
-0.910
-0.552
-2.319
-1.303
-0.550
-0.535
-0.297
0.074
-0.522
-0.500
0.013
-0.041
-0.092
0.140
-0.741
-3.242
-1.544
0.036
-0.566
0.592
-0.058
-4.134
-2.359
-1.251
-2.457
-2.894
-0.206
-0.260
-0.331
-0.686
-0.467
0.140
0.084
0.045
0.140
0.124
-0.270
-0.464
0.089
-0.636
-0.015
-2.799
-1.011
1.255
-0.941
-2.398
-0.730
0.101
-3.264
-1.464
0.068
-0.084
0.140
0.226
0.206
0.153
0.106
0.140
0.247
0.370
0.497
-0.931
0.149
-1.863
-0.457
0.266
-0.690
0.601
-1.222
-0.069
-1.662
0.844
0.100
-0.123
-0.393
-2.430
-0.000
-0.853
-0.005
0.164
0.098
1.629
1.227
-0.018
0.425
-0.905
-0.087
-0.018
-1.112
0.539
0.468
0.252
-2.806
0.064
-0.278
0.284
-0.194
0.150
-0.129
0.813
0.334
0.028
0.360
0.114
0.099
0.140
0.076
0.140
-0.014
-1.164
-0.391
-0.179
-0.246
0.140
0.160
-0.136
0.140
-0.104
-3.841
-0.376
0.068
-0.508
-1.039
-0.968
0.709
0.383
-0.055
0.541
0.231
0.329
0.609
-0.256
0.416
0.378
0.664
-0.165
0.270
0.027
0.550
0.136
0.031
3.014
1.656
2.380
1.068
0.168
0.469
-0.081
0.273
1.013
-0.325
-0.277
-0.273
-0.012
-0.110
0.121
-0.146
1.732
0.843
0.085
-0.100
-0.247
-2.440
0.129
0.099
-0.705
-0.556
0.731
0.022
-0.378
-0.181
-2.416
-3.428
-3.304
-0.690
-1.661
