-0.223
-0.014
0.345
-1.016
-0.350
-0.562
-0.155
-0.252
-0.812
-0.679
-0.236
-1.910
-1.689
-0.013
-0.328
-2.372
-2.131
0.228
-0.243
-0.091
0.409
0.070
1.497
-2.787
0.293
-0.211
-0.506
-1.858
-1.360
-0.243
-0.277
-2.429
0.091
0.776
0.835
0.320
-0.277
-1.559
-0.345
-2.350
-0.243
-0.243
0.023
-0.215
-0.070
-0.243
0.184
-0.151
-0.481
-0.345
-0.298
-0.082
-2.601
-0.105
-0.243
-0.243
-1.127
0.421
0.386
1.550
-1.949
-1.834
-0.966
-0.201
0.139
-0.945
-0.169
-0.278
-0.238
0.079
0.204
0.032
0.089
-0.243
0.136
-0.094
0.633
-0.087
-0.059
-0.077
-2.373
-0.189
-0.216
-0.359
-0.225
-1.927
-1.350
-0.243
-0.214
-0.243
-0.243
-0.243
-0.157
-1.455
-1.579
-0.185
-0.150
-0.343
-2.376
-1.629
-1.564
0.159
-2.037
-1.176
-1.637
-0.642
-0.565
-0.337
-1.955
-1.492
-0.223
0.778
1.290
1.201
-0.571
0.279
-2.902
0.060
-0.231
-1.875
-1.773
-2.239
-1.635
-1.843
-1.132
-0.772
-1.578
-1.195
-1.240
0.265
1.007
-0.192
-0.322
-0.227
-0.105
-0.151
-2.475
-2.111
-2.035
3.634
-1.415
-0.452
-0.482
-0.442
-0.227
-1.033
2.544
0.897
0.324
-0.343
-1.090
-0.243
-0.243
-0.681
0.629
-0.393
-0.168
-0.377
-0.431
-0.521
-1.438
0.071
1.199
-1.478
1.061
-0.848
0.145
-0.130
-0.371
0.128
-0.533
0.147
-0.266
-0.062
-0.141
-0.506
0.016
-0.243
-0.169
0.054
-0.072
-1.058
-0.496
-0.236
-0.232
0.640
-1.065
-1.346
-0.107
-0.625
-2.110
-2.730
-1.184
-0.501
-0.208
-0.243
-0.694
-0.201
-0.153
-0.243
0.372
-0.092
-0.243
-0.243
-0.093
-0.243
-1.025
-1.550
-1.423
1.104
-0.487
-3.416
-0.569
-0.243
-2.117
-1.220
0.021
-0.243
-0.196
-0.140
-0.050
-0.025
-0.222
-0.243
-0.034
0.116
0.232
-0.730
-0.404
-1.154
-0.812
-0.082
0.447
-0.284
-0.253
0.443
-1.136
-0.216
-0.240
-0.379
-0.180
0.457
-0.417
-0.373
-0.165
-0.086
-0.197
-0.289
0.271
-0.090
0.047
-0.661
-0.205
-0.268
0.040
-0.201
-0.238
-0.243
-0.195
-0.184
-0.221
-0.219
-0.217
0.120
-0.180
0.014
0.512
-0.350
-0.828
-0.136
-0.259
-0.174
-0.191
0.022
-0.224
-0.243
-0.510
-0.248
-0.243
-0.243
-0.227
-0.243
-0.243
-0.213
-2.421
-0.184
-0.243
-0.079
0.587
-1.261
-0.243
0.186
-0.228
-0.061
-0.243
-0.242
0.110
-0.464
-0.219
-0.118
-0.108
-0.243
-0.237
-0.242
-0.141
-0.085
-0.223
3.611
3.249
3.235
2.677
-0.195
0.457
0.233
1.233
0.523
-0.780
-0.540
-0.243
-0.243
-0.374
-0.472
-0.243
-0.191
-0.388
-1.598
0.261
-1.335
-0.328
-0.234
-0.162
-0.291
-0.212
0.299
-0.148
-0.243
-0.241
0.016
-2.469
-0.847
-0.192
-1.362
