-0.198
-0.170
-0.281
-0.380
-0.419
-4.277
-0.124
-0.114
-3.183
-1.225
0.479
-3.273
-1.035
-0.643
-0.202
-2.911
-0.692
-0.688
-0.065
-0.437
-0.021
0.278
0.835
-0.419
0.194
-0.029
0.772
-0.120
0.285
0.441
-0.045
-0.995
0.423
-0.366
-0.285
-0.591
-0.197
-0.726
0.067
-0.346
-0.385
-0.934
-1.365
-0.453
-0.553
-0.835
0.076
-0.130
-1.969
-0.515
-1.607
0.064
-1.837
-1.395
-0.158
-0.264
-2.793
0.481
-0.449
0.057
-3.397
-1.372
-2.887
0.055
0.157
0.142
-0.127
-1.231
0.171
0.634
0.727
0.424
0.385
0.305
0.351
0.203
0.752
0.263
0.205
0.371
-3.137
0.053
-0.005
-2.865
-0.606
-2.943
-2.356
-0.352
-0.191
-0.123
-0.171
-0.025
0.188
-0.188
-2.581
-0.013
0.291
0.052
-3.618
-1.090
0.050
0.241
-3.469
-0.155
-1.922
-0.485
0.311
0.277
-2.744
-0.070
0.349
0.230
0.277
1.985
0.187
0.207
-3.626
0.534
-0.235
-0.677
-1.753
-3.306
-1.605
-0.565
-0.050
-0.723
-1.754
0.226
-0.518
-0.776
0.387
0.180
0.364
-0.432
-0.266
-0.231
-1.242
0.227
0.460
1.979
-2.704
-0.594
0.165
0.045
0.222
-0.476
1.893
1.315
0.270
0.442
-0.301
0.231
0.197
-1.507
-0.333
-3.276
1.013
-0.598
0.217
-0.989
-0.280
-0.302
1.075
-0.389
0.514
-3.119
-0.124
-0.594
-1.145
-0.282
-0.686
-0.575
-0.591
0.003
0.128
-0.219
0.001
-0.222
-0.123
-0.020
0.248
-1.938
-0.664
0.223
0.109
0.501
0.304
-3.572
-1.318
-1.082
-3.464
-4.731
-0.201
0.020
-0.509
-0.297
-0.571
0.221
-0.062
0.026
0.090
-0.002
-0.130
0.103
-0.006
0.083
0.328
-2.890
-1.178
0.532
-1.517
-1.994
-0.843
-0.544
-3.205
-1.394
0.186
0.165
-0.137
0.362
-0.038
0.242
-0.103
-0.126
0.047
-0.023
-0.008
-0.653
0.174
-1.436
-0.934
0.121
0.139
0.186
-0.359
-0.246
-0.380
0.734
0.155
-0.124
-1.407
-0.917
-0.296
-0.259
-0.503
0.231
-0.155
-0.783
0.152
0.975
0.479
-1.227
-0.379
-0.610
-0.182
-0.053
0.518
-0.541
-0.314
0.094
-0.413
0.137
-0.698
0.544
-0.125
0.673
0.316
-0.119
0.218
-0.437
0.063
-0.131
0.188
-0.066
-0.108
-0.810
-0.311
0.132
-0.270
0.282
-0.113
0.093
-0.012
-0.079
-2.722
0.045
0.182
0.556
-0.174
-0.251
0.685
1.056
-0.345
-0.022
0.046
0.008
0.164
-0.219
-0.473
0.307
0.229
-0.318
0.095
0.026
0.074
-0.126
0.163
3.206
2.183
2.083
1.773
0.107
0.331
0.085
0.104
0.559
0.532
-0.558
-0.282
-0.277
-0.012
-0.315
-0.055
0.946
0.168
-0.133
-0.198
-0.542
-0.966
0.254
-0.336
-0.205
-0.096
0.554
0.064
0.007
0.097
-1.936
-2.340
-3.713
-1.196
-3.160
