0.671
0.009
0.494
0.055
0.168
-2.518
0.089
-0.025
-1.761
-0.401
0.125
-1.603
-0.417
-0.041
0.076
-2.431
-0.377
0.112
-0.222
0.165
0.095
0.232
1.786
-0.749
0.357
-1.295
0.440
-0.132
0.015
0.155
0.088
-0.348
-0.075
0.250
1.097
0.227
-0.834
-0.372
-0.284
-0.284
-0.018
-0.306
-0.434
-0.112
0.068
0.152
0.370
0.165
-0.428
-0.322
-1.066
-0.002
-1.464
-1.091
-0.480
-0.027
-1.911
0.279
0.206
0.183
-2.033
-0.683
-2.285
-0.083
-0.037
-0.344
-0.270
-0.670
0.050
0.583
0.528
0.523
0.557
0.185
0.456
0.031
0.489
0.271
0.149
0.501
-3.398
0.005
0.000
-1.998
-0.211
-2.848
-1.746
-0.219
0.163
-0.097
-0.257
-0.083
0.242
0.122
-2.940
0.545
-0.030
-0.203
-3.316
-1.814
0.288
-0.065
-3.552
0.221
-0.993
-0.059
0.313
0.244
-2.198
0.268
0.047
-0.101
-0.079
1.506
-0.031
0.030
-4.279
0.047
0.069
-0.706
-1.790
-2.903
-1.479
-0.463
0.156
-1.550
-1.574
-0.188
0.213
0.105
0.614
-1.121
0.097
-0.935
0.073
0.079
-1.251
-0.159
0.140
2.545
-1.584
-0.486
0.224
-0.140
0.369
0.174
2.196
0.732
0.078
0.380
-0.096
-0.311
0.209
-0.868
-0.357
-2.273
0.777
0.075
-0.125
-0.590
-0.745
-0.463
0.926
-0.657
0.631
-3.018
-0.027
-0.373
-1.438
-0.353
-0.301
0.091
-0.232
0.183
-0.422
-0.214
-0.162
0.155
0.185
0.204
-0.136
-1.879
-0.417
-0.015
0.052
0.720
-0.066
-3.442
-2.339
-0.980
-2.143
-3.287
-0.302
-0.366
-0.458
-0.674
-0.192
0.204
0.159
0.161
0.165
0.159
-0.519
-0.376
0.078
-0.469
-0.061
-1.640
-0.778
1.015
-0.724
-1.271
-0.710
-0.608
-3.413
-1.611
-0.335
-0.479
0.254
0.339
0.214
0.646
-0.085
0.069
0.151
0.575
0.430
-0.339
0.210
-0.825
-0.469
-0.085
-0.102
0.095
-0.333
0.299
-0.760
0.246
-0.009
0.142
-0.704
0.107
-0.130
-0.001
-0.743
0.200
-0.017
0.040
0.180
-0.585
1.084
-0.584
-0.033
-0.846
-1.614
-0.097
0.378
-0.525
-1.649
-0.072
-0.842
0.195
-1.176
0.165
-0.288
0.165
-0.129
0.001
0.147
-0.017
-0.013
0.310
0.069
-0.036
-0.033
-1.804
-0.094
-0.158
-0.024
0.243
0.193
-0.086
0.278
-0.081
-2.194
-0.073
-0.170
-0.027
-0.198
-0.577
0.456
0.954
-0.033
-0.014
-0.058
0.014
0.046
0.151
-0.075
0.030
0.276
-0.149
0.124
-0.040
-0.058
0.148
0.026
3.245
2.446
3.161
1.626
0.600
0.864
-0.011
0.536
0.957
-0.108
-0.130
-0.379
-0.054
-0.114
-0.020
0.100
0.792
0.011
-0.017
0.173
-0.091
-0.707
-0.030
0.110
-0.439
0.024
0.449
0.157
0.107
0.147
-2.300
-2.556
-3.515
-0.952
-2.772
