-0.842
-1.044
-0.031
-0.022
0.024
2.462
0.697
0.370
2.882
2.292
0.153
3.820
1.877
-0.154
-0.025
1.694
0.519
0.499
0.001
-0.042
0.033
0.873
-0.043
0.955
-0.100
0.139
-0.391
0.494
-0.097
-0.025
0.241
1.676
0.809
0.054
0.226
0.085
1.719
1.863
0.278
0.530
0.048
0.199
-0.140
-0.382
-0.017
0.228
-1.165
-0.389
0.893
0.242
1.324
-0.184
0.769
0.763
1.034
0.139
2.491
-2.467
0.023
-2.177
3.219
1.077
1.994
-0.025
-0.116
0.987
-0.127
0.269
-0.175
-0.482
-0.305
-0.126
-0.168
0.574
-0.521
-0.025
-0.778
-0.159
-0.738
-0.273
1.271
0.126
-0.103
2.183
0.294
4.050
2.892
-0.066
-0.025
-0.256
-0.144
-0.165
-0.138
0.803
3.350
-0.035
-0.048
0.425
4.403
3.009
0.543
-0.214
2.166
0.415
2.547
-0.025
-0.179
0.256
1.606
0.249
0.445
-0.361
1.049
-1.496
-0.025
-0.025
3.167
-0.628
1.237
0.734
2.255
4.210
1.769
1.329
0.537
0.467
3.328
0.491
1.005
1.377
-0.893
0.831
0.056
0.722
0.047
0.071
1.757
0.144
2.198
-1.209
1.566
0.591
-0.025
0.289
-0.342
0.805
-3.114
-2.208
0.045
0.355
1.375
-0.495
-0.025
2.544
2.007
3.300
0.077
1.225
1.750
2.835
1.426
-0.025
-1.123
0.944
-0.581
2.968
0.267
0.978
1.245
1.464
0.284
-0.028
0.166
-0.083
0.170
0.265
-0.073
0.060
-0.080
-0.008
0.633
1.898
0.847
-0.019
0.052
-0.330
0.284
1.340
1.733
0.748
2.896
3.977
1.800
0.125
0.761
0.554
0.055
0.024
-0.110
-0.018
-0.610
0.421
-0.010
0.028
0.144
0.511
-0.005
2.964
0.600
0.121
0.712
1.607
1.768
0.007
2.465
1.963
0.614
0.235
-0.025
-0.148
-0.023
0.131
0.164
0.837
-2.612
-0.025
-0.025
0.944
-0.399
1.149
0.446
1.245
0.304
-0.025
0.210
-0.025
0.670
-0.058
-0.065
-0.025
-0.025
0.218
0.094
0.091
-0.023
0.478
-0.025
0.262
-0.023
0.533
-0.902
1.588
0.186
0.165
0.869
-0.048
0.148
0.382
0.203
0.668
0.607
-0.619
0.272
-0.532
0.451
-0.770
-0.025
0.208
0.285
-0.368
0.213
-0.025
-0.100
-0.025
0.009
-0.025
0.073
0.203
-0.003
-0.016
-0.025
0.026
0.091
0.169
2.781
-0.025
0.026
0.050
2.185
0.131
-0.025
0.060
0.107
-0.597
-0.279
-0.058
-0.560
0.846
0.184
-0.145
-0.147
0.149
-0.611
0.287
-0.156
0.095
0.146
-1.721
-1.528
-2.723
-1.486
0.131
-0.180
-0.060
-0.896
-0.770
0.281
0.060
-0.025
-0.025
-0.025
0.043
-0.025
-0.905
-0.128
-0.167
-0.285
0.130
0.800
-0.025
-0.122
0.545
-0.264
-1.325
-0.160
-0.153
0.221
1.338
4.668
3.469
0.405
1.625
