1.282
1.323
3.418
-0.234
-0.137
-2.436
-0.154
-0.318
-2.365
-0.838
-0.118
-2.760
-0.540
-0.496
-0.555
-2.061
-0.774
-0.376
-0.275
-0.513
0.532
0.385
1.670
-0.388
0.332
-0.001
0.708
-0.509
0.079
-0.037
-0.105
-1.061
-0.290
-0.365
0.417
-0.006
-0.727
-0.340
-0.615
-0.030
0.083
-0.712
-0.852
0.035
-0.634
-0.456
-0.474
-0.286
-0.795
-0.298
-1.054
-0.208
-1.629
-1.495
-0.378
-0.206
-2.682
0.842
-0.073
1.280
-2.842
-0.958
-1.376
-0.064
0.294
-0.184
-0.241
-0.973
-0.162
0.478
0.245
0.132
0.266
-0.118
0.013
-0.086
0.045
-0.081
0.050
0.276
-2.986
-0.071
0.642
-1.767
-0.605
-4.109
-2.212
-0.394
-0.114
-0.422
-0.325
-0.404
-0.223
-0.297
-2.721
0.571
0.095
0.085
-2.525
-1.054
0.015
0.833
-3.167
-0.092
-1.371
-1.167
-0.061
-0.274
-2.717
-0.133
-0.055
-0.212
0.260
0.923
-0.117
0.001
-4.112
-0.104
-0.773
-1.007
-2.281
-2.477
-1.471
-0.106
-0.095
-0.987
-1.589
-0.235
-0.429
-0.408
1.007
-0.231
-0.064
-0.550
0.187
-0.207
-1.060
-0.337
-0.306
3.416
-1.735
-0.758
0.211
-0.324
0.448
-0.094
2.406
2.117
0.055
-0.033
-0.325
0.120
0.125
-1.436
0.447
-3.350
0.431
-0.715
0.111
-0.565
-0.757
-0.938
0.796
-0.752
0.355
-2.920
-0.397
-0.552
-0.978
-0.521
-0.337
-0.090
-0.154
1.106
-0.390
-0.294
-0.202
0.029
0.020
1.171
-0.147
-1.554
-0.388
-0.254
-0.110
0.716
0.017
-3.040
-2.159
-1.248
-2.340
-3.738
-0.597
-0.309
-0.314
-0.401
-0.353
0.054
-0.007
-0.100
-0.006
-0.007
-0.408
-0.317
-0.219
-0.206
-0.124
-2.419
-0.574
1.042
-0.598
-1.334
-0.620
-0.134
-2.273
-1.003
-0.233
-0.201
-0.348
0.075
0.099
0.076
-0.076
0.084
0.012
0.149
0.327
-0.448
-0.127
-0.697
-0.723
-0.185
-0.250
-0.249
-0.299
0.223
-0.679
0.495
-0.142
-0.591
0.329
-2.557
-0.828
-0.578
-0.871
-0.006
0.079
-0.435
0.102
0.006
0.164
-0.943
-0.713
-0.069
-1.139
0.165
0.001
-0.323
0.034
-0.186
0.013
0.204
-0.088
-0.368
0.067
-0.354
0.008
-0.262
-0.064
0.505
-0.105
0.147
-0.088
0.410
-0.152
-0.221
-0.249
-0.310
-0.317
0.262
0.338
-0.162
0.032
-0.216
-2.572
-0.211
-0.088
0.014
0.607
-0.458
-0.444
-0.066
-0.206
0.391
-0.151
-0.081
0.323
0.315
-0.271
0.347
0.259
-0.161
-0.100
-0.158
-0.223
0.054
0.037
3.530
2.441
2.228
1.808
-0.186
0.824
-0.084
0.304
0.115
0.677
-0.103
-0.507
-0.022
-0.203
-0.641
-0.085
1.359
-0.120
-0.373
0.086
-0.162
-1.301
-0.007
-0.038
-0.374
-0.152
0.236
0.176
-0.191
-0.022
-1.783
-2.158
-2.003
-0.402
-1.726
