-0.614
-1.423
0.147
0.020
0.291
2.899
-0.106
1.087
1.745
0.975
-0.216
3.302
0.400
-0.234
0.581
1.873
0.656
0.283
0.387
-0.138
-0.270
0.218
-2.003
0.786
0.562
-0.302
-0.711
0.612
0.018
-0.244
0.028
1.740
-0.514
-0.413
-0.907
-0.213
0.470
0.114
0.403
-0.149
-0.143
0.719
0.926
0.335
0.098
0.333
-0.445
-0.337
0.463
0.134
0.784
-0.153
1.541
1.310
0.700
0.280
2.298
-0.317
0.362
-0.092
2.966
0.961
2.418
0.230
-0.263
0.015
-0.102
0.776
-0.033
-0.460
-0.368
-0.204
-0.074
-0.680
-0.730
-0.071
-0.767
-0.341
-0.215
-0.342
3.005
0.265
-0.241
2.097
1.039
3.538
2.216
0.282
0.024
0.193
0.234
0.318
-0.066
0.181
3.818
-0.532
-0.043
-0.056
3.524
1.434
-0.235
-0.182
3.292
0.132
2.705
2.511
-0.052
-0.068
2.466
-0.014
-0.064
-0.205
-0.257
-2.352
0.093
-0.247
3.681
-0.146
0.746
1.112
1.818
2.497
1.655
0.364
0.352
0.955
2.434
0.648
1.247
0.265
-0.020
0.970
-0.021
0.909
-0.044
0.042
1.622
0.337
0.503
-1.713
2.541
1.353
-0.370
0.211
-0.652
0.416
-1.993
-1.404
-0.099
-0.795
0.304
-0.083
-0.048
1.701
-1.826
2.834
-0.682
1.010
0.047
1.461
0.750
0.096
-0.820
0.802
-0.442
3.201
0.441
0.077
1.277
1.365
0.428
-0.249
0.171
-0.125
0.339
0.430
0.062
0.060
-0.035
-0.145
-0.046
1.841
0.676
0.149
0.124
-0.464
0.206
2.839
1.705
0.905
1.818
2.780
0.207
0.555
0.484
0.574
0.778
0.094
0.177
0.171
0.019
0.149
0.126
0.302
0.110
0.351
0.046
2.190
0.707
-0.434
0.253
1.164
0.388
0.805
3.583
0.941
-0.051
-0.018
-0.082
-0.226
-0.149
-0.489
0.121
-0.011
-0.155
-0.334
-0.440
0.813
0.165
1.388
0.664
0.651
0.241
-0.175
0.940
0.714
0.971
-0.771
0.094
0.615
0.077
1.729
1.198
0.579
1.088
-0.079
-0.012
-0.488
-0.011
-0.246
-0.537
0.700
0.690
0.881
0.865
-0.030
-0.560
0.336
-0.065
0.113
0.746
-0.127
0.494
-0.016
0.088
-0.161
-0.120
0.357
-0.156
0.335
0.379
0.299
0.036
0.591
0.015
0.477
0.556
0.042
0.694
-0.316
-0.370
0.138
0.025
0.197
3.356
0.101
-0.091
0.093
-1.910
0.238
-0.320
-0.723
0.388
-0.036
0.198
0.265
-0.083
0.284
0.227
0.080
0.189
0.133
-0.016
0.167
0.242
0.356
0.047
-2.673
-2.184
-2.479
-1.627
0.202
-0.268
0.054
-0.377
-0.871
-0.085
0.263
0.418
0.393
0.462
0.367
0.086
-1.789
-0.288
0.105
0.042
0.427
1.512
-0.055
-0.096
0.336
0.228
-0.467
-0.157
-0.164
-0.241
2.161
3.118
2.017
0.603
2.524
