-0.014
-0.208
-0.446
-0.141
0.453
2.838
0.128
0.546
1.446
0.291
-0.059
2.046
0.374
-0.531
-0.160
1.512
0.018
0.276
0.260
0.161
0.712
-0.333
-1.319
0.611
-0.126
0.373
-0.718
-0.055
-0.303
-0.408
0.248
0.678
-0.009
0.061
-0.841
-0.163
0.623
0.163
0.114
0.103
0.624
0.469
-0.012
0.117
0.206
0.147
-0.209
-0.132
0.854
0.176
0.939
0.280
1.337
0.653
0.259
0.073
2.136
-0.440
0.162
-0.357
2.081
0.395
1.828
0.027
-0.016
-0.088
-0.130
0.512
0.054
-0.661
-0.626
-0.291
-0.213
-0.566
-0.169
0.005
-0.474
-0.252
-0.192
-0.259
2.280
-0.107
-0.097
1.646
-0.003
1.858
1.449
0.042
-0.086
0.137
-0.106
0.093
-0.101
0.018
3.359
-0.085
0.014
0.035
2.482
1.021
-0.019
-0.001
3.164
-0.019
0.827
0.103
-0.189
0.158
2.555
-0.116
-0.071
-0.006
-0.057
-1.656
-0.127
-0.335
3.931
-0.945
-0.191
0.986
1.640
2.070
1.189
0.074
-0.120
0.829
1.269
-0.060
-0.005
0.113
-0.625
0.780
0.010
1.782
-0.135
-0.073
1.019
0.242
-0.404
-1.776
1.856
-0.041
-0.334
-0.044
-0.489
-0.202
-1.966
-0.874
-0.077
-0.416
0.053
-0.013
-0.053
0.637
0.296
1.784
-0.548
-0.265
0.195
0.457
0.206
0.147
-1.183
0.286
-0.801
3.631
0.865
0.718
1.173
1.051
0.132
0.647
0.170
-0.159
0.153
0.130
0.159
-0.053
-0.158
-0.191
-0.146
1.545
0.228
-0.255
-0.030
-0.735
-0.202
2.753
1.809
0.725
2.506
3.170
0.243
0.132
1.078
0.333
0.677
-0.097
0.004
0.033
0.206
0.008
0.251
0.212
0.061
0.251
-0.106
1.931
0.561
-0.447
0.572
0.962
0.447
0.404
2.243
0.757
0.115
0.198
0.054
-0.129
-0.122
-0.253
0.084
0.220
-0.080
-0.193
-0.267
0.536
0.065
0.708
0.386
-0.026
-0.001
-0.058
0.259
-0.468
0.413
-0.781
0.046
0.176
1.343
1.046
0.522
-0.092
0.792
-0.156
-0.132
-0.365
-0.138
-0.069
-0.575
0.934
0.528
0.323
0.722
0.028
-0.039
-0.126
-0.067
0.023
0.288
-0.192
0.266
-0.274
-0.033
-0.358
-0.339
0.098
-0.078
-0.091
-0.158
-0.030
-0.058
-0.087
-0.054
0.628
0.313
0.441
0.394
-0.419
-0.314
0.240
-0.199
0.084
2.598
0.041
0.132
-0.030
0.096
0.196
0.073
0.627
-0.005
-0.089
-0.009
-0.358
-0.353
0.165
-0.028
-0.254
-0.437
0.172
0.004
-0.050
-0.193
-0.194
-0.146
-2.043
-1.582
-1.883
-0.972
-0.142
-0.659
-0.163
-0.658
-0.567
-0.367
0.057
0.266
-0.068
-0.016
0.124
0.054
-0.699
-0.231
0.045
0.195
0.286
1.513
-0.110
0.376
0.120
0.193
-0.510
-0.236
0.052
0.140
2.015
2.206
2.175
0.497
1.790
