0.472
-0.731
-0.072
0.112
0.763
2.566
0.046
0.255
1.811
0.468
0.058
3.021
1.011
0.427
0.841
2.213
0.757
0.291
0.111
0.284
-0.752
0.146
-0.652
0.739
-0.159
-0.072
-0.257
0.029
0.210
-0.672
-0.133
1.027
-0.512
0.228
-0.557
-0.314
0.022
0.539
0.383
0.513
0.103
0.385
0.695
0.261
0.447
0.539
-0.472
1.057
0.703
0.137
1.141
-0.072
1.266
1.242
0.480
0.437
2.512
-0.112
0.290
-0.552
2.349
0.798
1.334
0.067
-0.556
-0.075
0.171
1.215
0.117
-0.685
-0.385
-0.338
-0.441
0.069
-0.416
-0.205
-0.404
-0.399
-0.259
-0.574
2.506
-0.009
-0.084
1.325
0.326
2.089
1.353
0.310
-0.238
0.507
0.213
0.190
-0.220
0.226
2.783
-0.207
-0.335
0.626
3.167
1.676
-0.158
-0.833
3.017
-0.121
1.784
1.344
-0.159
-0.072
2.818
-0.012
0.371
-0.247
-0.072
-1.157
-0.241
-0.543
2.878
-0.165
0.503
0.487
1.704
3.118
1.469
0.416
0.117
0.163
1.069
-0.054
0.409
0.700
-0.131
0.675
-0.347
0.649
-0.355
0.055
1.145
0.190
0.042
-0.452
2.066
0.565
-0.464
-0.554
-0.465
0.154
-0.551
-0.799
-0.072
0.296
0.797
-0.144
-0.194
1.210
-1.072
2.025
-0.683
-0.208
0.408
1.401
0.536
-0.004
-0.744
0.697
-0.109
3.064
1.492
1.146
1.856
1.959
0.502
0.021
0.434
0.049
0.268
0.609
-0.219
-0.341
-0.212
-0.024
-0.086
1.687
0.906
0.067
-0.063
-0.562
-0.103
2.762
0.103
0.926
3.079
4.447
0.333
0.865
0.544
0.772
0.870
-0.140
0.072
0.145
-0.062
0.054
0.240
0.861
0.220
0.786
-0.147
2.326
1.166
-0.357
1.131
0.976
-0.003
-0.007
2.016
0.926
-0.072
-0.038
0.249
-0.072
-0.072
-0.072
-0.072
-0.072
-0.072
-0.131
-0.133
1.147
-0.011
0.609
0.560
0.090
0.158
-0.186
0.434
0.714
0.996
-0.320
-0.249
0.315
-0.072
0.687
0.663
0.459
-0.066
-0.070
-0.316
-0.999
-0.031
-0.493
-0.463
0.932
0.746
0.236
0.502
-0.194
-0.436
0.502
4.747
0.046
0.185
-0.014
2.302
-0.208
0.022
-0.370
-0.449
0.551
-0.207
0.523
-0.028
-0.065
0.010
0.026
-0.027
0.686
0.422
0.195
0.483
-0.262
0.133
0.281
-0.060
0.073
2.643
-0.147
-0.098
0.016
-0.871
0.475
0.846
-0.163
0.139
-0.437
-0.075
-0.018
0.122
-0.084
0.185
-0.120
-0.293
0.100
-0.374
0.133
-0.004
0.290
0.417
-2.369
-1.541
-1.625
-1.163
-0.982
-1.083
-0.164
-0.062
-0.858
0.146
0.153
0.861
0.034
0.154
0.517
0.201
-1.070
-0.452
0.188
-0.231
0.272
1.054
0.096
-0.456
0.270
0.203
-0.409
-0.161
0.208
-0.008
1.707
2.502
2.416
0.931
3.672
