0.765
0.853
0.832
0.103
0.331
-3.600
0.066
-0.275
-2.000
-0.768
0.234
-2.565
-1.197
-0.162
0.035
-2.757
-0.931
-0.433
-0.164
0.408
0.172
0.219
1.542
-0.188
0.205
-0.573
0.911
-0.553
0.383
0.053
-0.186
-0.823
-0.039
-0.689
-0.264
-0.691
-0.288
-0.522
0.031
-0.598
-0.155
-0.395
-0.268
-0.076
-0.497
-0.447
0.965
1.706
-1.511
-0.740
-0.906
0.084
-1.619
-1.256
-1.874
-1.093
-3.178
0.259
-0.054
0.090
-2.501
-1.119
-2.339
0.071
0.042
0.158
0.010
-1.139
0.047
0.573
0.607
0.436
0.369
0.422
0.538
0.226
0.529
0.486
0.261
0.288
-3.518
-0.123
0.166
-2.802
-0.281
-3.212
-1.710
0.095
0.479
0.408
0.345
0.270
0.257
-0.078
-4.138
0.766
0.184
-0.070
-3.192
-1.328
-0.022
0.093
-3.746
-0.124
-1.689
-0.253
0.045
0.065
-2.259
0.212
-0.067
0.076
0.108
1.803
0.048
0.081
-4.771
0.422
-0.889
-0.945
-2.175
-2.951
-0.695
-0.786
0.151
-0.666
-1.863
-0.138
0.193
-0.816
1.978
-1.091
0.094
-1.357
0.154
0.004
-1.874
-0.086
0.238
2.548
-3.216
-0.313
0.057
-0.336
0.187
-0.133
2.116
1.303
-0.056
0.590
-0.496
0.046
0.313
-1.237
-0.859
-2.362
0.952
0.008
0.079
-0.908
-0.828
-0.372
1.656
-0.483
0.296
-3.813
-1.113
-1.037
-1.273
-1.757
-0.239
-0.071
-0.221
-0.068
-0.051
-0.180
-0.178
-0.066
0.093
0.083
-0.156
-2.372
-1.106
-0.250
-0.098
1.200
0.155
-2.774
-1.658
-1.215
-3.097
-4.181
-0.735
0.126
-0.394
-0.373
-0.376
-0.026
0.183
0.029
0.214
0.005
-0.207
-0.357
0.605
-0.233
0.204
-2.751
-0.772
1.431
-0.879
-2.146
-0.943
-0.089
-2.770
-1.096
0.616
0.302
0.454
0.689
0.238
0.341
-0.095
0.295
0.157
0.454
0.811
-0.946
-0.099
-1.140
-1.053
-0.448
-0.142
0.194
-0.002
0.685
-0.953
0.504
-0.057
0.009
-1.163
-1.922
-0.578
-0.716
-1.045
0.527
0.102
0.226
0.208
0.361
0.650
-0.725
0.073
0.127
0.244
0.815
0.706
0.456
0.066
-0.256
-0.141
0.563
0.074
1.320
0.394
0.846
0.039
-0.188
0.214
0.646
-0.047
0.105
-0.034
0.478
-0.043
-0.279
-0.325
-0.208
-0.048
0.241
0.215
-0.163
0.419
-0.083
-3.044
-0.119
0.132
0.286
-0.822
-0.436
-0.049
1.589
0.074
0.134
0.142
0.136
0.188
0.121
-0.037
0.412
0.282
-0.052
0.734
0.134
0.004
0.258
0.184
2.663
2.301
2.955
1.590
0.116
1.108
-0.159
1.595
0.768
-0.081
-0.213
-0.083
-0.064
-0.202
-0.166
0.200
1.046
-0.144
-0.471
0.075
-0.087
-2.128
-0.119
0.562
0.176
-0.176
0.821
0.384
0.146
-0.016
-2.447
-3.304
-2.642
-0.839
-3.318
