-0.521
-0.709
-1.011
-0.088
0.034
2.426
-0.096
-0.030
1.534
0.223
-0.070
3.252
0.491
-0.032
-0.510
1.566
-0.098
-0.072
-0.052
-0.121
-0.108
-0.272
-0.650
-0.568
-0.124
1.297
-1.450
1.521
-0.257
-0.751
-0.092
0.735
-0.135
-0.125
-0.327
0.206
0.419
-0.072
0.170
0.413
-0.124
1.071
0.812
-0.069
0.068
-0.025
-0.610
-0.124
0.400
0.638
0.170
-0.093
1.945
2.301
0.343
0.052
2.337
-1.540
-0.117
-1.874
1.622
0.430
1.887
-0.017
-0.204
0.077
-0.087
1.075
-0.124
-0.124
-0.144
-0.124
-0.124
-0.097
-0.183
-0.124
-2.289
-0.186
-0.124
-0.124
3.578
0.233
-0.924
2.108
0.555
2.118
1.254
0.112
-0.098
-0.015
-0.049
0.111
-0.117
1.152
3.678
-0.035
-0.087
-0.045
2.021
0.254
0.183
-0.181
2.111
0.052
1.907
0.334
0.100
0.476
1.828
0.123
-0.197
-0.157
0.271
-0.747
0.182
0.042
3.232
-0.345
0.037
0.459
1.303
3.703
1.918
0.514
-0.180
1.393
1.479
0.463
0.941
0.067
-1.122
0.225
-0.017
0.840
-0.021
0.034
1.643
0.063
0.988
-1.997
1.819
0.276
0.194
0.305
-0.067
0.807
-2.482
-0.630
-0.016
0.119
0.482
-0.532
-0.120
0.386
0.033
2.146
-0.933
-0.056
0.215
0.437
0.295
-0.157
-1.536
-0.025
-0.720
3.060
0.250
0.952
1.338
1.036
0.029
0.035
-0.107
-0.124
-0.032
-0.037
0.343
-0.094
-0.072
-0.138
-0.039
0.929
0.116
-0.255
-0.124
-0.149
-0.087
2.231
1.488
0.536
3.024
3.473
0.304
-0.649
-0.126
0.309
0.057
-0.124
-0.124
-0.099
-0.124
-0.123
-0.002
-0.049
-0.124
0.078
0.069
1.912
0.160
-1.520
0.819
1.339
0.858
0.551
2.590
0.834
0.087
-0.043
0.026
-0.563
-0.524
-0.065
-0.101
-0.111
-0.450
-0.328
-0.404
0.845
-0.344
1.054
0.749
-0.159
-0.220
-0.124
-0.055
-0.060
0.865
-0.347
0.278
-0.018
2.740
0.529
0.103
0.448
1.404
-0.022
-0.152
0.154
-0.124
-1.128
-0.245
0.818
-0.104
-0.247
0.277
-0.165
-0.243
-0.074
-0.082
-0.046
-0.136
-0.173
0.130
-0.950
-0.474
-0.579
0.054
0.104
-0.081
0.247
0.685
-0.077
-0.031
-0.238
0.119
-0.178
0.100
0.030
0.481
-0.216
-0.259
-0.081
-0.098
-0.023
2.854
-0.055
-0.109
0.223
0.049
-0.157
-0.178
-0.124
-0.084
-0.143
-0.075
-0.094
-0.143
0.357
-0.040
-0.124
-0.179
-0.063
-0.108
-0.111
-0.101
-0.120
0.333
-3.408
-3.092
-4.215
-2.217
0.306
-0.470
-0.247
-0.254
-0.595
1.253
-0.092
-0.034
-0.059
-0.181
-0.111
-0.124
-1.215
-0.643
0.754
-0.124
-0.054
1.296
-0.115
-0.159
-0.095
-0.096
-0.238
-0.123
0.054
0.092
2.157
2.521
3.787
-0.014
2.267
