-0.563
-0.704
0.509
0.011
-0.269
-3.173
0.130
-0.266
-2.012
-1.022
-0.082
-3.409
-0.840
-0.297
-0.161
-2.993
-0.846
-0.217
-0.035
-0.016
0.245
0.681
0.240
-0.568
0.454
0.505
0.831
-0.983
0.295
0.019
-0.177
-1.524
0.602
-0.000
0.441
0.127
-0.649
-0.643
-0.170
-0.061
-0.678
-0.838
-0.971
-0.561
-0.083
-0.455
0.318
0.036
-0.330
-0.306
-1.224
-0.466
-1.835
-1.511
0.078
-2.120
-2.581
0.092
-0.156
0.258
-2.948
-1.073
-2.243
-0.028
0.127
0.118
0.094
-0.554
-0.080
0.805
0.534
0.492
0.512
0.269
0.575
0.127
0.938
0.634
0.271
0.346
-2.056
-0.116
0.181
-2.352
-0.884
-2.769
-1.498
-0.177
0.133
-0.168
-0.009
0.100
0.578
-0.521
-2.865
0.592
0.289
-0.438
-3.372
-1.349
-0.332
0.177
-3.424
-0.118
-1.818
-1.271
0.069
-0.525
-2.898
-0.548
-0.331
-0.071
0.144
1.310
0.047
-0.062
-3.655
0.204
-0.947
-0.595
-2.158
-2.956
-1.781
-0.471
-0.179
-1.431
-1.468
0.010
-0.470
-0.998
0.230
-0.486
0.077
-1.237
0.074
-0.090
-0.960
-0.315
-0.040
2.133
-2.506
-0.852
0.049
-0.234
0.779
-1.186
1.810
0.970
0.149
0.911
-0.696
0.188
-0.150
-1.442
0.127
-2.458
0.382
-0.658
-0.049
-1.258
-0.912
-0.143
0.920
-0.862
0.703
-2.997
-0.270
-0.966
-1.688
-1.204
-0.310
-0.045
-0.311
0.018
-0.333
-0.381
-0.252
-0.251
-0.215
-0.012
-0.475
-1.759
-0.716
-0.019
-0.206
0.904
-0.320
-3.360
-2.549
-0.918
-2.838
-3.634
-0.695
-0.449
-0.709
-0.726
-0.939
0.361
-0.174
-0.489
-0.143
-0.002
-0.615
-0.568
-0.051
-0.698
0.166
-2.139
-1.108
0.939
-1.175
-1.599
-0.647
-0.316
-2.456
-1.348
-0.502
-0.164
-0.522
0.230
0.051
-0.199
-0.198
-0.232
0.119
0.538
0.127
-0.423
-0.549
-1.226
-0.857
-0.117
-0.698
-0.004
-0.479
-0.539
-0.834
0.240
-0.243
-0.475
0.127
-1.523
-0.885
-0.397
-1.109
0.442
-0.109
0.374
0.127
-0.229
0.566
-1.103
-0.836
-0.462
-1.265
-0.128
0.261
-0.335
-2.174
-0.228
-0.425
0.117
-1.218
0.445
-0.028
1.943
0.720
-0.153
-0.055
-0.109
-0.044
-0.088
-0.111
0.078
0.303
-0.778
-0.583
-0.559
-0.427
0.236
0.099
-0.325
-0.106
-0.415
-2.556
-0.247
-0.165
-0.011
0.127
-0.680
-0.231
0.147
-0.271
-0.044
-0.216
-0.212
0.327
0.393
-0.182
0.215
-0.185
-0.374
0.171
-0.180
-0.097
-0.086
-0.198
2.756
2.430
2.290
1.894
-0.076
0.352
-0.369
-0.086
0.697
-0.876
-0.210
-0.363
-0.124
-0.068
-0.166
0.108
1.086
0.131
-0.038
0.113
-0.862
-1.201
0.256
0.031
-0.271
0.228
0.826
-0.076
-0.090
-0.270
-1.676
-1.711
-2.983
-1.247
-1.158
