0.407
0.132
1.184
-0.018
-0.113
-0.969
-0.053
-0.055
-2.199
-2.425
0.014
-2.198
-2.170
0.325
0.113
-0.416
-1.149
-0.100
-0.053
-0.210
-0.071
0.098
0.164
-0.366
-0.308
0.042
0.556
-0.303
-0.079
1.297
-0.074
-1.112
-0.042
0.537
0.870
0.071
-0.278
-0.377
-0.197
-0.696
-0.053
-0.199
0.224
-0.053
0.137
-0.074
0.510
-0.127
-0.099
-0.476
-0.378
-0.032
-0.847
-0.314
-0.632
-0.053
-0.299
1.124
0.150
0.470
-1.431
-1.787
-1.554
-0.053
0.036
-0.395
-1.456
-0.053
-0.292
0.682
-0.009
-0.017
-0.036
-0.388
1.385
-0.053
0.488
-0.268
0.411
0.376
-0.116
-0.053
-0.053
-0.229
-0.084
-1.710
-1.007
-0.022
-0.043
-0.162
-0.053
-0.126
0.439
-1.203
-2.781
-0.053
0.258
0.017
-0.787
-0.482
-0.872
-0.053
-0.785
-1.304
-0.690
0.156
-0.305
-0.299
-0.202
-0.751
-0.066
-0.002
-0.690
0.906
-0.187
0.325
-1.168
0.690
0.092
-0.680
-0.421
-2.711
-1.483
-2.401
-0.303
-0.088
-2.197
-1.984
-1.385
-0.278
-0.053
0.580
-0.061
-0.062
-0.053
-0.053
-1.637
-0.396
-2.091
3.485
-0.431
-0.053
0.555
-1.780
0.609
-1.031
1.388
0.381
0.560
-0.108
-0.145
-0.308
-0.053
-2.662
2.106
-1.601
1.338
-0.587
-1.022
-1.357
-0.066
0.569
2.051
0.021
1.436
-0.806
1.458
0.148
-0.083
0.985
-0.579
-0.181
-0.406
0.099
-0.246
-0.401
0.003
-0.063
-0.053
-0.021
-0.053
-0.374
-0.255
-0.191
-0.053
0.121
-1.250
-1.775
-0.240
-1.380
-1.634
-1.479
-1.278
-0.053
-0.958
-0.053
-0.053
-0.053
-0.053
-0.053
-0.032
-0.023
-0.053
-0.053
-0.053
-0.053
-1.631
-0.343
-0.500
1.311
-0.466
-0.201
-1.443
-0.341
-0.813
-1.344
-0.053
-0.053
-0.056
0.676
0.106
0.029
-0.053
0.063
0.084
0.770
-0.048
-0.254
0.076
-0.845
-0.156
-1.978
0.011
-0.131
-0.224
-0.409
-1.190
-0.352
-0.053
-0.036
-0.053
-0.034
0.123
-0.015
-0.202
-0.135
-0.053
-0.069
1.064
-0.529
0.252
-0.679
-0.053
-0.053
-0.053
-0.053
-0.053
-0.053
-0.053
-0.053
-0.053
-0.053
-0.053
0.083
-0.053
-0.053
0.430
-0.355
-1.155
0.086
-0.187
-0.023
-0.245
-0.029
-0.375
-0.053
-0.619
-0.149
-0.067
-0.053
-0.053
-0.053
-0.192
-0.413
-0.465
-0.103
-0.053
-0.053
1.862
-0.030
-0.464
-0.053
-0.053
0.046
-0.053
-0.053
0.009
-0.053
-0.053
0.020
-0.053
-0.484
0.243
-0.172
0.150
-0.053
-0.595
2.455
2.855
2.379
1.975
-0.075
0.070
-0.418
0.820
0.425
0.414
-0.053
-0.053
-0.018
-0.170
-0.053
-0.162
0.211
-0.272
-1.500
0.049
-0.904
-1.181
-0.028
-0.048
-0.159
0.132
0.058
0.132
-0.053
-0.053
-0.655
-1.003
-3.754
-0.510
-0.369
