-0.352
0.248
0.839
-0.843
-0.380
-3.172
0.097
-0.163
-2.309
-0.249
0.159
-3.428
-0.527
-0.079
-0.308
-2.732
-0.694
0.073
-0.060
-0.102
0.006
-0.079
1.372
-0.761
0.006
0.602
0.750
-0.508
0.140
0.046
-0.236
-1.242
-0.205
-0.016
0.672
0.122
-0.065
-0.213
-0.151
0.177
0.003
-0.163
-0.782
-0.024
-0.065
-0.138
0.486
0.204
-1.651
-0.828
-1.376
-0.200
-1.678
-1.294
-0.649
-0.262
-2.916
-0.142
-0.358
0.234
-2.718
-0.844
-2.006
-0.126
0.271
-0.354
-0.098
-0.928
-0.023
0.439
0.673
0.389
0.604
-0.129
0.364
0.092
0.769
0.311
0.213
0.239
-3.012
-0.129
0.337
-2.596
-0.927
-2.200
-2.100
0.164
0.452
0.116
0.086
0.079
0.389
-0.263
-3.063
0.392
0.113
0.181
-3.198
-0.922
0.054
0.094
-3.867
-0.091
-2.001
-0.493
0.054
0.003
-2.918
-0.397
-0.135
0.058
0.049
2.041
0.035
-0.062
-4.165
0.080
-0.342
-0.978
-2.182
-2.851
-1.756
-0.194
0.091
-1.366
-1.232
0.005
-0.273
-0.755
0.780
-0.982
0.063
-1.414
0.083
0.037
-0.878
-0.113
-0.135
1.445
-3.005
-0.655
0.063
-0.220
0.290
-0.424
1.231
0.592
0.203
0.451
-0.205
0.030
0.006
-1.369
0.377
-3.219
0.691
-0.236
0.003
-0.093
-0.426
-0.272
1.181
-0.472
0.621
-3.320
-0.760
-0.495
-1.061
-1.587
-0.489
-0.119
-0.425
0.145
-0.325
-0.426
0.067
-0.043
0.132
0.277
-0.009
-1.905
-0.898
0.004
-0.142
0.471
-0.070
-3.406
-2.426
-0.924
-3.170
-4.439
-0.406
-0.755
-0.666
-0.389
-0.799
0.226
0.044
0.006
0.083
0.088
-0.427
-0.357
0.003
-0.474
-0.149
-2.525
-0.671
0.326
-0.323
-0.426
-0.251
-0.371
-2.937
-1.168
-0.046
-0.209
-0.009
0.272
0.165
0.387
-0.011
0.053
0.200
0.520
0.345
-0.324
-0.032
-1.354
-0.339
-0.176
0.218
0.108
-0.228
0.092
-0.866
0.343
0.061
-0.100
-0.092
-0.133
-0.616
-0.014
-0.528
0.274
0.280
0.055
0.863
0.747
0.503
-1.183
-0.295
-0.262
-0.444
0.336
1.571
-0.555
-1.163
-0.663
-1.215
0.170
-0.153
0.612
-0.621
1.111
0.001
0.188
0.363
-0.068
-0.103
0.098
0.068
0.022
-0.003
-0.523
-0.338
-0.321
-0.258
0.165
0.223
-0.362
0.094
-0.138
-3.061
-0.169
-0.009
0.208
0.344
-0.458
0.362
2.441
-0.330
0.194
0.126
0.068
0.219
-0.171
-0.370
0.192
0.085
-0.469
0.225
-0.224
-0.097
-0.160
-0.004
2.709
1.394
2.104
1.184
0.056
0.441
-0.237
0.320
0.381
-0.523
-0.191
-0.305
-0.182
0.277
-0.553
0.129
0.301
0.032
0.076
-0.479
-0.202
-1.649
0.157
-0.168
-0.205
-0.126
0.418
0.223
0.070
-0.136
-1.972
-3.010
-3.895
-1.229
-1.808
