0.273
0.003
0.866
0.206
-0.901
-2.252
-0.059
-0.786
-2.732
-1.560
0.250
-3.373
-0.815
-0.679
0.099
-2.160
-1.044
-0.496
-0.188
0.050
0.255
0.378
1.302
-0.885
0.209
0.474
0.758
-0.939
0.233
-0.085
-0.065
-1.541
0.898
-0.536
0.594
-0.837
-0.593
-1.013
-0.536
-0.364
-0.012
-0.509
-0.473
-0.011
-0.207
-1.057
0.260
0.566
-2.089
-0.075
-1.530
-0.007
-1.669
-1.652
-1.247
-0.631
-2.072
1.395
-0.195
3.100
-2.730
-1.099
-2.460
0.008
-0.071
-0.094
-0.526
-0.805
-0.171
0.989
0.990
0.806
0.433
0.246
0.968
0.055
1.162
0.818
0.142
0.361
-2.407
-0.093
0.096
-1.933
-0.610
-2.592
-1.713
-0.078
-0.062
0.138
-0.054
-0.025
-0.222
-0.139
-2.298
0.720
0.244
-0.747
-3.410
-1.713
-0.168
-0.186
-3.234
-0.322
-2.217
-1.420
0.099
-0.752
-2.065
-0.022
-0.536
-0.159
1.095
2.123
0.192
0.986
-3.253
0.098
-1.282
-0.742
-2.028
-3.417
-1.743
-0.638
0.374
-0.826
-1.755
-0.412
-1.019
0.272
1.026
-0.765
0.138
-0.934
-0.147
-0.195
-1.906
-0.335
-1.144
3.223
-2.261
-0.533
0.586
-0.492
0.776
0.256
2.649
1.930
0.356
1.232
-0.494
0.163
0.264
-1.557
1.733
-2.939
0.900
0.061
-0.647
-1.518
-0.895
-0.467
1.779
-0.880
1.639
-3.956
-0.920
-0.899
-1.569
-1.080
-0.498
0.905
-0.618
0.601
-0.492
-0.645
-0.168
0.313
-0.166
0.768
0.085
-1.302
-0.769
-0.049
-0.060
0.790
-0.108
-2.217
-1.879
-1.029
-3.130
-5.615
-0.929
-0.317
-0.467
-0.482
-0.476
0.324
0.003
-0.304
0.418
0.398
-0.340
-0.419
0.051
-0.400
0.066
-2.143
-0.903
0.780
-0.762
-0.854
-0.757
-0.514
-2.314
-0.915
-0.543
-0.657
-0.000
0.299
0.087
0.347
-0.356
-0.021
0.316
0.346
0.255
-0.394
0.183
-1.122
-1.252
0.062
0.127
-0.161
-1.337
-0.459
-1.367
0.451
-0.201
-0.398
0.082
-0.980
-0.442
-0.575
-0.940
-0.061
0.360
0.506
0.089
0.470
0.520
-0.844
-0.161
-0.411
-0.753
0.214
0.612
0.670
-2.171
-0.144
-0.314
-0.002
-0.539
0.344
-0.114
0.850
1.161
-0.283
0.105
0.251
-0.019
-0.486
0.144
0.092
0.419
-0.490
-0.699
-0.473
-0.721
0.313
0.263
-0.568
0.052
-0.087
-2.644
-0.452
-0.197
0.014
0.549
-0.832
0.254
0.215
-0.126
0.369
-0.021
0.073
0.220
0.420
-0.208
0.153
0.293
-0.233
0.162
-0.230
0.103
-0.303
-0.460
4.871
2.527
3.641
1.926
0.041
0.434
-0.311
-0.560
0.697
-0.249
-0.321
0.082
-0.054
0.046
-0.308
0.223
2.205
0.148
-0.030
0.087
-0.878
-1.073
-0.241
-0.369
-0.565
0.215
0.456
0.157
-0.110
0.147
-2.017
-3.549
-2.775
0.194
-3.638
