0.269
-0.206
0.330
-0.299
0.356
3.506
-0.430
0.141
2.813
0.688
-0.720
3.733
1.037
-0.441
0.582
3.361
0.875
0.334
0.143
0.204
-0.093
-0.455
-0.636
0.847
-0.450
0.901
-1.481
0.059
-0.878
-2.103
-0.104
0.749
-1.051
-0.021
-2.016
-0.207
0.559
0.377
-0.011
0.516
0.278
0.652
0.634
0.338
0.081
0.055
-1.167
0.287
0.768
0.677
1.559
0.353
2.221
1.999
-0.238
0.860
2.479
-1.384
0.380
-0.374
3.691
0.937
2.038
-0.119
-0.087
-0.207
-0.144
0.873
0.043
-0.774
-0.906
-0.533
-0.168
-0.027
-0.625
-0.094
-0.293
-0.617
-0.194
-0.386
3.145
-0.059
0.047
2.084
0.477
1.987
1.433
0.176
0.201
-0.358
0.304
-0.051
-0.311
0.403
3.667
-1.083
-0.161
0.197
2.952
1.444
0.020
-0.097
4.312
-0.142
1.429
0.525
-0.041
-0.216
2.725
-0.524
-0.106
-0.083
-0.111
-2.420
-0.066
-0.170
4.126
-0.385
0.235
0.725
1.164
3.499
2.026
0.720
0.102
1.162
1.166
-0.099
-0.458
0.115
-1.893
0.162
-0.100
0.970
-0.089
-0.099
1.178
0.017
-0.542
-2.676
2.403
0.747
-0.138
0.457
-0.323
0.839
-1.987
-1.321
-0.128
-0.757
0.210
-0.112
-0.308
0.656
0.328
2.547
-0.554
-0.320
0.080
0.470
0.485
0.326
-2.245
0.556
-1.403
3.619
0.341
1.139
0.945
0.695
0.375
0.383
0.411
0.096
0.239
0.435
0.222
0.219
-0.234
-0.184
0.157
2.252
0.807
0.038
0.232
-1.101
-0.476
3.460
2.013
0.908
3.202
4.142
0.169
0.302
0.897
0.590
0.701
-0.100
0.313
0.283
0.243
0.273
0.635
0.567
0.312
0.538
-0.086
2.740
1.291
-0.749
0.726
1.163
0.778
0.499
2.987
1.032
0.528
0.972
0.337
-0.536
-0.230
-0.249
0.266
0.113
-0.727
-0.209
-0.347
0.741
-0.019
1.113
0.860
0.076
0.103
-0.117
-0.105
-0.587
0.817
-1.066
0.239
0.615
1.047
1.076
0.921
0.737
1.156
-0.116
-0.093
-0.689
-0.294
0.165
-0.601
0.977
0.181
0.453
0.665
-0.509
-0.212
0.556
0.033
0.048
0.688
-0.410
0.591
-1.140
0.287
-0.706
-0.084
0.411
-0.335
0.367
0.090
0.035
-0.077
-0.141
-0.252
0.838
0.334
0.351
0.466
-0.346
-0.328
0.130
-0.092
0.280
3.281
0.273
-0.116
-0.005
0.371
0.373
-0.157
-1.778
-0.297
-0.309
-0.241
-0.340
-0.729
-0.473
-0.287
-0.851
-0.791
0.242
-0.666
-0.289
-0.448
0.272
0.132
-3.495
-2.756
-2.761
-2.539
-0.134
-0.714
0.098
-0.581
-1.150
-0.107
-0.028
0.409
-0.110
0.088
0.101
-0.230
-1.441
-0.135
0.146
-0.169
0.379
1.377
0.158
-0.326
-0.017
0.413
-0.781
-0.577
0.132
-0.105
1.829
3.034
3.116
0.354
1.781
