-0.139
-0.018
-0.158
-0.158
0.849
2.640
0.452
1.305
2.160
1.143
0.016
3.210
1.228
0.543
0.148
2.466
0.648
0.323
0.343
0.038
-0.140
-0.536
-0.527
0.718
-0.820
-0.158
-2.809
2.280
-0.623
-1.351
0.128
1.407
-0.614
0.038
-0.158
0.463
0.868
0.748
0.277
0.209
0.510
0.770
1.745
0.796
0.335
0.277
-0.600
-0.158
1.191
0.195
1.537
-0.086
2.028
1.830
0.984
1.195
2.674
-0.695
0.430
-0.019
2.501
0.906
1.554
-0.422
-0.196
-0.142
0.218
0.616
0.005
-1.101
-1.139
-0.862
0.054
0.835
-0.305
0.000
-1.125
-0.151
-0.074
-0.673
2.497
0.051
-0.185
2.257
0.909
3.408
1.481
0.284
0.271
0.052
0.196
0.262
-0.576
0.889
2.830
-0.481
-0.252
1.149
2.933
1.451
0.090
-0.469
3.208
0.138
1.915
0.568
0.005
-0.007
2.710
0.674
0.241
0.170
-0.198
-2.947
0.554
-0.059
3.083
-0.251
0.812
0.891
1.946
2.911
1.498
0.529
0.093
1.197
2.621
0.002
1.172
0.932
-1.210
0.237
-0.361
1.941
0.272
0.233
2.063
0.208
1.122
-0.325
2.328
0.292
-0.562
0.131
-0.851
0.646
-2.577
-1.446
-0.475
-0.943
0.567
-0.234
-0.123
1.152
-0.865
3.753
-0.935
0.436
0.016
1.350
0.307
0.361
-0.888
0.279
-0.838
3.267
0.494
0.787
1.276
1.131
0.506
-0.103
0.850
-0.170
0.412
0.632
0.380
-0.136
-0.069
-0.202
-0.130
1.652
0.567
0.146
-0.072
-0.945
-0.126
2.542
1.879
0.899
3.054
4.448
0.829
1.070
0.912
0.655
0.534
-0.324
-0.158
-0.158
-0.158
-0.158
0.351
0.701
0.528
0.708
-0.346
2.746
1.308
-0.819
0.693
2.292
0.585
0.649
3.184
1.259
0.352
0.553
0.350
-0.479
-0.141
-0.103
0.381
0.258
-0.158
-0.158
-0.345
0.374
-0.027
0.810
1.034
0.262
-0.143
-0.491
-0.031
-0.158
-0.130
-0.158
0.042
-0.049
-0.158
0.953
0.254
0.174
0.272
-0.593
-0.047
-0.884
-0.158
-0.719
-0.642
1.075
0.165
-0.097
1.395
-0.415
-0.256
-0.053
0.378
0.287
0.527
0.173
1.007
-1.135
-0.342
-1.094
-0.257
0.031
0.069
1.028
0.161
0.038
0.020
-0.137
-0.139
0.324
0.537
0.562
0.602
-0.547
-0.159
0.485
-0.158
0.321
3.175
-0.288
-0.086
-0.447
-0.158
-0.003
-0.183
-0.158
0.094
-0.277
0.080
0.023
-0.225
0.193
0.095
-0.315
-0.177
0.171
-0.171
0.033
0.008
0.324
-0.063
-2.681
-1.869
-2.613
-1.016
0.992
-0.158
0.108
0.205
-0.888
0.305
0.350
0.552
0.271
0.314
0.762
0.231
-2.680
-0.670
0.455
0.156
1.071
1.079
-0.181
0.086
0.572
0.159
-0.502
-0.344
-0.191
0.567
2.575
4.212
3.608
0.861
2.826
