0.054
0.114
0.788
0.135
1.357
-1.742
-0.221
-1.447
-1.511
-0.513
0.341
-2.519
-1.030
-0.963
0.003
-1.093
-0.185
0.060
-0.094
-0.683
0.968
-0.095
1.642
0.042
0.118
-0.827
-0.390
-0.971
-0.327
0.062
-0.103
-1.273
0.012
0.172
0.036
-0.335
0.998
-0.099
0.032
0.525
-0.164
-0.119
-0.853
0.009
0.013
0.014
0.077
0.017
-0.274
-1.059
-1.431
0.127
-1.661
-0.058
-0.218
-0.419
-1.684
0.751
0.037
0.360
-1.395
-0.527
-1.928
-0.004
0.272
0.787
0.097
-0.180
0.004
-0.525
-0.004
-0.595
-0.027
-0.019
-0.380
-0.052
0.797
-0.013
-0.067
-0.237
-1.554
-0.035
0.175
-2.039
-1.250
-1.731
-0.905
0.156
0.444
0.804
0.226
0.150
0.049
-0.621
-0.259
0.491
0.119
-0.008
-2.988
1.427
0.157
0.489
-3.117
0.160
-3.104
-1.910
-0.047
-0.335
-1.068
0.854
0.057
0.103
-0.476
2.148
-0.031
0.700
-2.903
0.772
-0.532
0.109
-1.096
-1.188
-1.361
0.357
0.009
-0.590
-1.496
0.772
-0.263
-1.101
0.523
-0.784
0.226
-0.037
-0.326
-0.464
-1.368
0.217
-0.632
1.941
-2.415
0.033
-0.555
-0.503
-0.089
-0.422
2.496
1.945
0.300
-0.244
-0.364
1.069
0.017
-1.869
-1.032
-3.258
0.871
-0.415
-0.879
-1.593
-0.285
-0.282
2.453
-0.367
1.914
-2.503
-1.382
-0.525
-0.995
-1.801
-0.365
-0.004
0.022
-0.044
-0.208
-0.361
-0.098
0.511
0.325
0.194
0.240
-0.482
-0.072
0.126
-0.010
0.314
0.105
-2.850
-0.740
-0.180
-3.891
-4.130
-1.191
-0.004
0.012
-0.358
-0.231
0.293
0.144
0.308
0.129
0.214
0.317
0.351
0.098
0.126
0.162
-2.425
-0.235
0.072
-0.150
-1.411
-0.535
0.191
-1.436
-0.109
-0.607
-0.106
-0.540
0.801
-0.004
-0.308
-0.134
-0.150
0.023
0.059
0.864
-0.575
0.744
-0.901
-0.361
0.363
-0.004
0.366
-0.054
-0.316
-0.178
0.137
0.208
-0.012
-1.339
-0.852
-0.557
-0.539
-0.530
0.233
0.122
-0.004
-0.016
-0.004
0.314
-1.469
-0.351
-1.508
-1.891
-0.846
-1.166
-0.439
-1.159
-2.212
-0.903
-1.682
-1.305
-1.615
-1.181
0.046
0.608
-0.018
0.216
0.180
0.196
0.362
0.001
0.219
-0.097
-0.109
-0.131
0.007
-0.099
0.040
-0.004
-0.021
-0.044
-0.086
-1.763
0.177
-0.004
0.058
-1.013
-0.097
0.163
-0.157
-0.004
0.035
0.042
0.083
0.007
-0.133
0.107
0.175
0.044
-0.037
0.156
-0.004
0.106
-0.087
0.120
2.943
2.948
2.576
2.428
-0.113
-0.034
-0.004
0.980
0.441
0.164
-0.004
-0.004
-0.004
0.202
0.127
-0.004
1.121
0.446
-0.224
-0.126
0.074
-0.614
0.150
0.008
0.263
-0.576
0.180
0.134
0.037
0.119
-3.517
-3.699
-0.343
0.286
-0.974
