0.110
0.145
1.597
-0.148
-0.085
-2.423
-0.330
-0.502
-1.674
-0.556
0.012
-2.550
-0.986
0.213
-0.461
-1.774
-0.797
-0.171
-0.043
0.050
0.223
0.177
1.377
0.219
0.287
-0.032
0.480
-0.149
0.060
0.432
0.038
-0.921
0.663
0.537
1.159
0.242
-0.119
-0.409
-0.059
-0.728
-0.076
-0.360
0.124
-0.168
-0.133
-0.215
0.351
-0.147
-0.424
-0.239
-0.851
-0.172
-1.238
0.161
-0.148
-0.100
-2.230
0.150
-0.031
0.136
-2.445
-1.139
-1.948
0.048
0.146
0.603
-0.262
-1.170
-0.000
0.587
0.598
0.496
0.228
0.153
0.164
0.023
0.993
0.575
0.159
0.426
-2.262
0.033
0.144
-1.382
-0.308
-2.324
-1.587
-0.224
-0.166
-0.279
-0.209
-0.248
0.217
-0.246
-2.123
0.556
0.099
-0.449
-2.318
-0.811
-0.380
0.216
-2.338
-0.378
-1.112
-0.574
0.068
-0.460
-1.848
-0.146
-0.041
0.196
-0.112
1.653
-0.296
0.554
-3.055
0.582
-0.145
-0.675
-1.341
-1.640
-0.751
-0.325
-0.190
-0.469
-1.442
0.310
-0.247
-0.856
1.099
0.069
0.095
-0.501
0.097
0.034
-1.237
0.011
-0.445
2.445
-2.319
-0.100
0.168
-0.115
0.166
-0.212
2.326
1.450
-0.083
0.099
-0.044
-0.150
0.471
-1.214
-1.000
-1.624
0.871
0.012
-0.201
-1.031
-0.541
-0.177
1.501
-0.479
0.895
-2.726
-0.040
-0.275
-0.875
-0.501
-0.228
-0.142
-0.118
0.292
-0.051
-0.072
-0.095
0.241
0.072
0.354
-0.088
-1.625
-0.713
-0.036
0.048
0.337
-0.210
-2.505
-1.602
-1.003
-2.470
-2.618
-0.716
-0.106
-0.276
-0.498
-0.500
0.507
0.479
0.045
0.695
0.626
-0.288
-0.305
-0.210
-0.301
-0.049
-2.179
-0.685
0.673
-0.720
-1.113
-1.049
-0.166
-2.123
-0.942
-0.201
-0.145
0.003
0.648
0.570
0.240
-0.082
-0.062
0.898
0.154
0.426
-0.670
-0.019
-1.018
-1.017
-0.203
-0.064
0.020
-0.095
-0.153
-0.441
0.588
0.091
0.065
-1.401
-0.336
-0.305
-0.550
0.550
0.247
0.012
-0.123
0.679
-0.092
0.597
-0.785
-0.082
-0.239
-0.457
0.361
0.032
-0.199
-0.007
-0.124
-0.128
0.294
-0.220
0.479
0.214
0.866
0.650
-0.212
0.052
0.264
0.050
0.153
0.026
0.146
0.014
-0.186
-0.318
-0.124
-0.201
0.171
0.158
-0.194
0.077
-0.057
-2.510
0.133
-0.036
-0.286
-1.007
-0.373
-0.200
0.115
-0.113
0.061
-0.105
0.144
0.847
0.062
-0.040
0.235
0.455
-0.075
0.168
-0.110
0.041
-0.112
-0.264
2.290
1.797
1.890
1.549
0.155
0.361
-0.063
0.539
0.549
-0.111
-0.282
-0.276
-0.056
0.076
0.100
0.062
1.380
0.720
-0.454
0.429
-0.739
-1.065
0.033
-0.144
-0.127
-0.046
0.853
-0.031
0.184
0.017
-1.390
-2.024
-1.543
-0.334
-2.090
