0.414
-0.168
-2.799
-0.119
0.937
2.384
-0.102
0.493
1.535
0.485
-0.095
2.596
0.742
0.176
-0.197
2.398
0.719
0.261
0.082
0.316
-0.223
-0.190
-0.329
0.678
-0.095
0.428
-0.424
-0.049
-0.091
-0.051
0.156
0.837
0.021
0.071
-0.335
0.220
0.892
0.667
0.154
0.792
0.375
0.433
0.360
0.293
0.089
0.167
-0.012
-0.097
1.225
0.529
1.096
0.074
1.647
1.337
1.040
0.509
2.032
-0.187
0.072
-0.073
2.297
0.903
2.099
-0.040
-0.124
-0.237
-0.050
0.936
-0.099
-0.329
-0.435
-0.275
-0.152
-0.283
-0.120
-0.060
-0.736
-0.175
-0.127
-0.163
2.503
-0.089
-0.148
1.558
0.073
2.541
1.422
0.053
-0.023
0.330
0.051
0.051
-0.096
-0.132
3.126
-0.180
0.018
-0.049
2.906
1.766
-0.125
-0.034
3.412
-0.082
1.303
0.821
-0.218
-0.076
2.002
-0.262
0.008
-0.015
-0.134
-1.327
-0.164
-0.147
2.661
-0.483
0.658
0.640
1.522
2.875
1.297
0.263
0.073
1.057
1.314
0.083
0.022
1.354
-0.589
0.981
-0.004
1.601
0.047
0.031
1.239
0.096
0.205
-2.345
1.851
0.719
0.197
0.237
-0.489
0.983
-2.217
-2.035
-0.064
-0.267
0.376
0.151
-0.011
1.197
1.051
2.092
-0.438
0.039
-0.041
1.094
0.639
0.312
-0.702
0.573
-0.310
3.138
1.162
1.034
1.567
1.542
0.318
0.220
0.243
-0.238
0.135
0.313
0.176
0.094
-0.177
-0.528
-0.076
1.752
0.716
0.078
-0.016
-0.217
-0.225
2.753
1.672
1.083
2.159
3.375
0.752
0.923
0.306
0.328
0.218
-0.189
0.249
0.189
-0.128
-0.100
0.249
0.251
-0.036
0.160
0.110
2.205
0.906
-0.516
0.985
1.368
0.717
0.275
2.253
1.095
0.037
0.127
0.103
-0.150
-0.093
-0.149
-0.033
-0.002
-0.144
-0.259
-0.881
0.194
0.207
1.029
0.875
0.399
-0.041
-0.046
0.680
0.378
0.762
-0.553
-0.051
0.311
0.645
1.322
0.325
0.612
0.976
-0.170
0.037
-0.249
0.039
-0.357
-0.311
0.740
0.787
0.327
0.539
-0.217
-0.239
0.239
-0.117
-0.215
0.019
-0.209
0.362
-0.266
-0.206
-0.619
-0.278
0.280
0.077
0.262
0.151
0.037
-0.051
0.292
-0.048
0.396
0.267
0.149
0.227
0.001
0.040
0.152
-0.034
0.175
2.365
0.026
0.036
0.276
0.796
0.384
-0.100
-0.112
0.199
0.107
0.169
0.096
-0.039
-0.202
0.212
-0.066
0.026
0.184
0.120
0.196
0.101
-0.042
-0.008
-2.658
-1.028
-1.350
-0.764
-0.057
-0.044
0.211
0.124
-0.372
0.851
0.219
0.307
0.167
-0.126
0.743
-0.110
-1.485
-0.341
-0.234
0.181
0.463
1.572
0.125
-0.064
0.155
0.011
-0.243
0.065
0.161
0.101
2.194
3.184
4.008
0.950
2.232
