-0.059
-0.020
-1.414
0.289
-0.126
2.005
0.225
0.068
1.970
1.451
-0.180
3.859
1.870
0.485
0.177
1.718
0.629
0.501
0.217
-0.144
0.085
-0.204
-0.318
0.276
-0.612
0.317
-0.544
0.241
-0.564
-0.085
0.230
2.014
0.114
1.082
0.169
1.801
1.524
0.987
0.011
0.973
-0.162
0.539
-0.071
-0.117
0.063
0.029
-0.441
-0.070
-0.441
1.749
1.369
0.458
2.270
0.450
-0.001
-0.037
3.736
-0.162
0.069
-0.229
1.419
0.904
0.723
-0.016
-0.102
-0.134
0.583
0.285
-0.060
-0.184
-0.285
-0.162
0.036
0.072
-0.134
-0.080
-2.857
-0.162
-0.162
-0.162
0.899
0.344
0.165
1.165
-0.178
2.231
0.897
-0.105
-0.162
-0.162
-0.090
-0.096
-0.162
0.400
0.758
-0.162
-0.148
0.371
1.868
0.665
1.398
-0.155
2.577
0.658
1.837
1.410
0.350
0.204
2.725
0.570
0.531
-0.128
1.628
-2.450
1.176
-1.131
1.990
-1.033
0.098
1.273
1.408
0.783
0.264
0.339
0.578
1.745
1.706
-0.162
0.111
-0.275
-0.252
-0.018
0.011
-0.028
-0.083
-0.012
2.059
1.382
0.878
-1.256
1.554
-0.195
-0.732
-0.620
-1.296
1.215
-1.530
-1.115
-0.006
-0.092
-0.081
0.008
-0.153
2.258
1.933
1.973
-0.594
1.881
1.245
2.155
0.797
0.656
-1.542
0.559
-1.178
3.504
1.429
-0.098
1.695
1.697
0.647
0.858
0.814
-0.099
0.684
0.211
0.183
-0.138
-0.111
-0.224
0.168
0.680
0.604
-0.162
0.068
-0.421
-0.199
3.479
2.197
0.738
2.050
0.897
0.412
-0.155
0.335
-0.105
0.058
-0.162
-0.425
-0.140
0.665
0.263
-0.523
-0.134
0.051
-0.150
0.626
2.856
1.085
-0.247
1.241
1.540
1.676
0.218
2.218
0.825
-0.161
-0.152
0.108
-0.162
-0.017
0.091
-0.044
-0.162
0.028
-0.050
-0.473
1.501
-0.283
1.222
1.207
-0.121
0.595
0.765
1.070
1.078
0.420
-0.258
-0.131
0.930
1.836
1.587
0.698
1.252
-1.275
-0.472
-0.031
-0.286
-0.108
-0.087
-0.230
0.416
0.073
0.752
1.567
0.358
0.812
2.669
0.916
1.223
1.183
0.536
0.992
0.375
0.861
1.986
-0.976
0.421
0.186
0.251
-0.118
-0.202
0.693
-0.410
-0.087
0.238
1.068
0.757
0.940
-0.189
-0.133
0.715
0.147
0.765
1.199
-0.156
-0.181
0.703
1.862
0.466
-0.065
0.268
-0.064
-0.163
-0.162
-0.227
-0.628
-0.248
0.086
-0.939
-0.460
-0.124
-0.852
-0.136
-0.542
0.118
0.176
-2.385
-1.589
-2.002
-0.708
-0.236
-0.674
-0.023
-0.165
-0.308
-2.081
0.083
0.181
-0.148
-0.263
-0.261
-0.071
0.001
-0.373
0.073
-0.144
0.211
1.375
-0.127
-0.073
-0.018
0.635
-0.418
-0.144
-0.281
0.139
2.938
5.632
1.019
1.420
2.359
