-0.027
-0.072
0.307
0.260
1.296
3.412
-0.011
0.922
3.442
1.315
0.083
3.288
1.015
0.458
0.191
2.833
0.686
0.259
0.155
-0.272
-0.417
-0.364
-1.013
0.935
-0.209
1.635
-1.316
1.068
-0.141
-0.027
0.023
1.309
-1.253
-0.027
-0.192
0.474
0.590
0.103
0.534
0.627
0.824
0.795
1.162
0.227
-0.042
-0.035
-0.206
0.067
0.774
0.609
1.831
-0.011
4.448
3.312
0.060
0.836
3.275
-1.000
0.347
0.297
3.737
0.793
2.420
-0.042
-0.070
-0.264
-0.076
0.963
-0.042
-0.631
-0.499
-0.660
0.064
0.138
-0.432
-0.268
-0.776
-0.237
-0.442
-0.475
3.595
-0.013
-0.286
2.392
0.700
3.838
2.933
0.217
-0.044
-0.329
0.163
0.167
-0.528
0.405
2.375
-0.116
-0.064
-0.004
4.046
2.033
-0.400
-0.111
4.367
0.469
1.192
-0.010
-0.147
0.326
3.784
-0.037
0.088
-0.057
-0.324
-2.119
-0.323
-0.147
4.610
-1.234
0.105
0.889
2.258
3.902
2.237
0.803
-0.269
2.461
2.484
0.330
0.895
1.077
-0.053
0.482
-0.702
1.139
0.051
0.030
2.281
1.036
1.645
-2.581
2.627
0.547
0.022
0.433
-0.426
0.951
-3.981
-1.839
-0.027
-0.462
0.097
-0.215
-0.405
1.516
0.078
3.290
-1.069
0.710
0.124
1.292
0.104
0.603
-2.275
0.515
-1.850
3.956
1.729
1.311
1.788
2.393
0.402
0.413
0.380
-0.027
0.806
0.439
0.178
-0.006
0.121
-0.103
-0.827
2.985
1.192
0.385
-0.251
-0.755
0.561
2.185
2.516
1.340
2.970
3.588
0.563
1.653
0.901
0.278
0.892
-0.432
-0.027
-0.013
-0.146
-0.301
0.455
0.258
0.325
0.182
-0.040
2.741
0.870
-0.378
1.624
1.086
0.882
0.172
3.107
1.191
0.609
0.665
-0.292
-0.592
-0.047
0.207
0.366
0.372
-0.174
-0.284
-0.160
0.803
-0.085
1.254
0.577
0.938
0.527
-0.395
0.609
0.144
0.754
-0.979
0.082
-0.051
1.380
1.439
0.723
0.564
1.914
-0.035
-0.057
-0.570
-0.027
-0.267
-0.610
1.423
-0.047
0.247
1.673
-0.188
-0.687
-0.439
2.879
-0.063
0.203
-0.314
1.001
-0.446
-0.027
-0.027
-0.428
0.417
0.263
-0.337
-0.168
-0.042
-0.114
-0.027
0.205
1.440
0.265
0.407
0.213
-0.133
-0.027
0.166
-0.027
0.130
3.364
0.081
0.048
0.135
0.273
0.132
-0.168
-0.890
0.144
0.241
-0.027
-0.063
-0.052
0.130
0.202
-0.744
-0.118
0.012
0.132
0.351
-0.367
-0.045
-0.027
-5.089
-3.007
-3.645
-2.889
-0.281
-0.778
0.062
-0.348
-1.616
0.821
0.377
0.828
0.025
-0.124
0.083
0.316
-1.493
-0.363
0.188
-0.234
0.240
1.800
0.209
0.194
0.112
0.036
-0.857
-0.026
0.140
-0.057
2.766
3.649
4.921
1.076
2.504
