-0.108
-0.108
-0.108
-0.108
-0.059
-2.606
-0.108
-0.206
-1.814
-0.824
-0.108
-2.634
-1.175
-0.638
-0.117
-1.989
-0.916
0.071
-0.107
0.195
-0.108
1.338
1.059
-0.554
0.400
-0.108
1.993
-1.049
0.290
0.021
-0.106
-0.966
0.883
-0.108
0.013
-0.444
-0.781
-0.524
-0.402
-0.288
-0.515
-0.552
-0.482
-0.158
-0.259
-0.284
0.795
-0.194
-0.904
-0.108
-1.223
-0.108
-2.761
-2.504
-0.074
-0.093
-2.950
0.004
-0.110
-0.108
-2.964
-1.769
-1.918
-0.038
-0.108
-0.135
0.096
-0.388
0.019
1.363
0.986
0.910
0.620
0.356
3.950
0.241
1.102
0.730
0.227
0.932
-0.636
-0.108
-0.108
-1.100
-0.610
-2.604
-2.376
-0.108
-0.097
-0.108
-0.137
-0.108
0.238
-0.108
-2.620
0.326
0.076
-0.357
-3.150
-1.329
-0.012
0.057
-3.211
0.162
-1.369
-0.220
-0.023
-0.108
-1.714
0.354
-0.047
0.347
1.319
2.279
-0.108
0.062
-3.729
0.194
-0.259
-1.420
-2.229
-2.420
-1.092
-0.504
-0.108
-0.874
-2.125
0.296
-0.743
-0.853
-0.108
-0.260
0.419
-0.547
-0.108
-0.108
-1.810
-0.211
-0.729
0.758
-2.558
-0.461
0.218
-0.091
0.999
-0.298
3.187
2.162
-0.056
0.912
-0.590
-0.094
0.663
-2.154
1.283
-1.388
1.198
-0.892
-0.054
-0.124
-1.473
-0.152
2.599
-0.643
1.741
-2.675
-0.356
-0.470
-0.933
-0.766
-0.738
-0.597
-0.899
-0.108
-0.659
-0.362
-0.108
-0.108
-0.108
-0.074
-0.205
-1.898
-0.478
-0.108
-0.108
0.498
-0.108
-0.582
-0.112
-0.669
-2.922
-4.823
-0.228
-0.543
-0.848
-0.798
-0.635
0.143
-0.108
-0.108
-0.108
-0.108
-0.669
-0.572
-0.197
-0.108
-0.094
-2.403
-0.587
0.633
-0.650
-0.620
-0.606
-0.263
-2.259
-1.226
-0.559
-0.355
-0.675
-0.059
0.027
-0.108
-0.153
-0.148
-0.063
-0.108
-0.108
-0.701
-0.136
-1.386
-0.538
-0.265
-0.030
0.781
-0.108
-0.108
-0.086
-0.089
-0.097
-0.070
-0.108
-0.108
-0.115
-0.108
-1.292
-0.094
-0.047
0.161
-0.108
0.709
1.069
-1.270
0.114
-0.104
-0.108
0.431
0.740
-0.066
-0.055
-0.137
0.013
-0.019
-0.108
-0.051
-0.006
0.023
0.056
-0.134
-0.057
-0.087
-0.078
-0.108
0.030
-0.108
0.294
-0.618
-0.679
-0.496
-0.567
0.233
-0.017
-0.345
-0.108
-0.442
-2.840
-0.120
0.046
-0.130
0.260
-0.218
0.225
-0.070
-0.108
-0.108
-0.108
-0.108
-0.108
-0.175
-0.108
0.104
-0.108
-0.108
-0.108
-0.108
-0.047
1.678
-0.257
4.861
1.944
2.329
1.290
-0.106
0.028
-0.108
-0.108
0.057
-0.424
-0.783
-0.367
-0.388
0.094
-0.108
-0.072
1.619
0.799
-0.108
0.093
-0.413
-1.473
0.051
-0.069
-0.131
-0.108
0.015
0.012
-0.108
0.014
-1.137
-3.136
-3.482
-0.883
-1.433
