1.095
1.312
-0.297
-0.360
0.405
2.994
0.068
-0.172
2.308
0.450
0.065
3.272
0.521
-0.072
0.091
2.112
0.483
0.614
0.256
-0.258
0.202
0.056
-1.525
0.406
0.597
0.383
-0.370
0.835
0.231
0.147
0.284
0.342
-0.180
-0.029
-0.846
-0.383
0.248
-0.099
0.222
0.551
0.641
0.524
0.676
0.421
0.006
0.019
-0.670
0.152
0.881
-0.093
1.178
0.427
1.839
1.879
0.472
-0.233
2.898
-0.335
-0.038
-0.221
2.829
0.655
1.851
-0.129
-0.084
-0.131
-0.288
0.450
0.454
-0.118
-0.343
-0.129
0.320
-0.152
-0.247
-0.004
0.208
-0.193
-0.225
-0.143
2.634
0.020
-0.124
2.654
0.536
2.770
1.901
0.221
0.212
-0.104
0.218
0.207
-0.209
-0.163
4.261
-0.323
-0.101
-0.152
2.948
1.285
-0.097
-0.096
4.600
-0.103
2.135
0.646
-0.045
0.323
2.397
0.248
-0.138
-0.175
0.025
-1.096
-0.032
-0.032
3.903
-0.355
0.735
0.691
1.977
2.666
1.366
0.082
0.083
1.186
0.786
-0.200
-0.204
0.201
-0.039
0.439
-0.105
1.456
0.348
0.048
0.761
-0.033
-0.100
-0.374
3.237
0.543
-0.255
-0.051
-0.009
0.423
-1.699
-1.073
-0.146
-1.094
0.400
-0.099
-0.226
1.540
0.815
3.787
-0.536
0.330
0.493
1.486
0.783
0.419
-1.043
0.555
-0.494
2.891
0.358
0.656
0.931
0.479
0.275
0.188
0.160
-0.159
0.168
0.077
0.039
0.090
-0.225
-0.202
-0.158
1.705
0.623
0.069
-0.201
-0.529
0.052
3.767
2.414
1.202
3.738
5.443
0.285
0.466
0.438
0.516
0.124
-0.142
0.010
0.219
0.003
0.053
0.397
0.281
0.245
0.268
-0.127
2.160
0.763
-0.583
0.355
0.936
0.196
0.491
3.184
1.240
0.396
0.726
0.117
-0.035
-0.074
-0.233
0.123
-0.083
-0.411
0.053
-0.397
0.480
-0.092
0.906
0.615
-0.157
-0.136
-0.096
-0.073
0.015
0.741
-0.899
0.233
0.513
1.415
2.063
0.806
0.987
0.637
-0.056
0.444
-0.571
-0.006
-0.612
-0.309
0.342
0.838
0.280
0.930
0.121
-0.279
-0.126
0.057
-0.148
-0.077
-0.078
0.291
-0.405
-0.004
-1.019
-0.003
0.262
-0.054
0.185
-0.103
1.508
-0.162
0.136
-0.118
0.387
0.374
0.184
0.245
-0.229
-0.015
0.219
-0.020
0.168
2.360
-0.095
-0.132
0.443
0.622
0.104
-0.318
-0.184
-0.026
-0.302
0.519
-0.018
-0.203
-0.144
0.254
-0.323
-0.213
0.128
-0.004
-0.077
-0.147
-0.083
0.043
-2.414
-1.895
-2.297
-1.397
-0.104
-0.202
-0.149
-0.284
-0.447
0.459
0.066
-0.112
-0.052
0.079
0.306
-0.071
-0.833
0.012
-0.368
-0.086
0.425
1.380
0.265
0.276
-0.002
0.243
-1.087
0.007
-0.322
-0.070
1.461
3.233
3.753
0.941
1.282
