1.024
0.915
2.570
0.426
0.648
-3.843
-0.002
-1.101
-2.127
-0.289
0.143
-3.047
-0.926
-0.686
-0.154
-2.747
-0.272
-0.365
0.072
0.372
-0.079
0.356
1.868
0.234
0.296
0.222
0.525
-0.189
0.108
0.463
0.213
-2.076
0.318
-0.813
-0.259
-1.130
-0.494
-1.155
-0.015
-0.800
-0.181
-0.485
-0.416
-0.024
-0.551
-0.623
0.464
-0.443
-1.858
-1.274
-0.388
0.079
-1.803
-1.810
-0.623
0.016
-2.393
0.143
0.023
0.190
-2.305
-0.767
-2.927
0.043
0.228
0.337
0.367
-0.547
0.002
0.520
0.566
0.147
0.143
0.182
0.091
0.070
1.022
0.143
0.011
0.144
-5.409
-0.241
0.143
-1.081
-0.147
-3.311
-1.711
-0.068
0.143
0.118
0.143
0.064
0.143
-0.150
-6.051
0.074
0.893
-0.219
-2.775
-0.945
0.025
0.001
-3.934
0.048
-1.746
-2.147
-0.021
0.020
-3.177
0.246
0.077
0.362
0.122
1.630
0.235
0.256
-3.762
0.480
-1.108
-0.623
-1.965
-2.417
-0.359
-0.323
-0.013
-1.281
-2.959
-1.072
-1.615
-1.092
0.483
-0.556
0.105
-1.258
0.143
0.143
-1.392
-0.243
-0.009
2.740
-1.927
-0.623
0.201
0.078
0.064
-1.454
3.194
1.504
0.564
0.821
-0.356
-0.068
0.183
-1.046
-0.025
-1.279
1.101
-0.107
0.151
-0.585
-0.319
0.714
1.586
-0.258
0.613
-4.738
-1.057
-0.334
-1.446
-2.071
-0.121
-0.086
-0.192
0.034
0.020
0.143
0.076
-0.002
0.101
0.091
-0.100
-1.239
-0.103
0.119
-0.058
0.584
0.120
-3.713
-1.729
-1.663
-4.180
-3.102
-0.860
-0.187
-0.251
-0.711
-0.443
0.130
-0.057
-0.161
-0.131
-0.126
-0.321
-0.121
-0.114
-0.279
0.099
-3.054
-0.776
0.485
-0.429
-1.670
-0.703
-0.513
-2.246
-0.926
-0.554
-0.180
0.083
0.143
0.229
0.236
0.143
0.143
0.152
0.143
0.362
-1.186
0.026
-1.909
-0.773
0.140
0.031
0.106
0.021
-0.149
-1.126
0.411
-0.080
-0.031
-0.646
-1.237
-0.492
-0.103
-1.509
0.312
0.106
0.214
-0.047
0.469
0.172
-0.546
-0.001
0.066
-0.002
0.141
0.074
0.118
0.070
-0.019
0.012
0.143
0.050
0.403
0.101
0.366
0.332
-0.013
-0.165
0.290
0.070
0.135
0.048
0.068
0.143
0.094
-0.157
-0.605
-0.065
0.143
0.040
-0.106
0.047
0.088
-3.895
0.104
-0.180
-0.034
0.203
-0.176
0.156
1.275
0.032
0.187
0.172
0.143
0.156
-0.206
0.136
0.215
0.242
0.106
0.143
0.016
0.143
0.062
0.007
3.241
2.652
2.778
1.997
0.030
0.143
-0.217
0.716
0.713
-0.192
0.005
-0.111
0.143
-0.006
-0.188
-0.009
1.175
0.417
0.037
0.227
-0.178
-2.235
0.071
-0.012
0.082
0.278
0.866
0.081
0.143
0.045
-2.910
-3.956
-3.779
0.691
-2.327
