-1.152
-1.387
-0.019
0.146
0.471
2.501
-0.035
0.443
1.509
0.754
-0.032
2.364
0.742
-0.209
0.199
1.849
0.409
0.645
0.573
-0.138
-0.013
-0.405
-1.370
0.535
-0.352
0.046
-0.719
0.804
-0.325
-0.638
-0.055
0.785
-1.240
-0.164
-1.022
0.028
0.158
0.507
0.572
0.551
-0.040
0.478
0.870
-0.033
0.057
0.007
-0.588
-0.213
1.097
0.583
1.197
-0.018
1.017
1.168
0.660
0.763
1.577
-0.678
-0.093
-1.082
2.011
0.746
1.553
-0.154
-0.065
-0.103
-0.155
1.392
0.045
-0.681
-0.582
-0.502
-0.225
-0.358
-0.729
-0.053
-0.706
-0.605
-0.075
-0.409
1.841
0.308
-0.074
1.486
0.511
1.897
1.272
0.291
-0.010
-0.421
0.338
0.117
-0.464
0.244
3.047
-0.558
-0.036
-0.097
2.014
0.687
-0.452
-0.120
3.121
-0.218
1.370
0.751
0.042
-0.019
1.900
-0.617
0.047
-0.162
-0.110
-1.641
0.216
0.112
2.518
-0.306
0.141
0.529
1.152
2.048
0.902
0.288
0.314
0.652
1.377
0.348
0.664
0.394
-0.892
0.511
-0.102
0.597
0.049
0.064
0.834
0.162
-0.298
-2.056
1.700
0.627
-0.035
-0.016
-0.296
0.484
-2.075
-1.641
-0.053
-0.313
0.234
-0.197
-0.334
0.974
-0.141
1.818
-0.829
-0.820
-0.118
0.306
0.588
0.501
-1.110
0.656
-0.729
2.271
0.041
0.592
1.185
0.527
0.265
0.188
0.297
-0.138
0.268
0.302
-0.055
-0.116
-0.199
-0.189
-0.145
1.117
0.414
0.072
0.080
-0.581
-0.074
2.431
1.218
0.894
1.840
2.483
0.240
0.825
0.239
0.408
0.469
-0.148
-0.018
0.078
-0.075
-0.026
0.318
0.303
-0.318
0.007
-0.051
2.044
0.747
-0.188
0.668
0.657
0.219
0.322
1.990
0.819
0.107
0.127
-0.051
-0.190
-0.191
-0.421
0.116
0.111
-0.232
-0.402
-0.411
0.255
-0.064
0.782
0.622
0.039
-0.163
-0.228
0.435
-0.076
0.753
-0.649
0.011
0.162
-0.019
0.642
0.252
0.007
0.110
-0.147
-0.019
-0.705
-0.422
-1.367
-0.385
0.621
0.353
0.273
0.604
-0.677
-0.960
-0.100
-0.277
-0.290
-0.102
-0.344
0.621
-0.666
-0.360
-0.875
-0.209
0.297
-0.017
-0.340
0.061
0.090
0.047
-0.206
-0.124
0.392
0.246
0.317
0.202
-0.209
-0.134
0.074
-0.037
0.022
1.714
0.143
-0.234
0.071
-0.166
0.434
-0.329
-2.773
-0.102
-0.596
-0.217
-0.076
-0.240
-0.223
-0.122
-0.406
-0.323
-0.086
-0.421
-0.246
-0.304
0.126
-0.125
-3.057
-2.037
-2.568
-1.166
0.061
-0.234
0.111
-0.345
-0.746
0.371
0.062
0.193
0.006
-0.329
0.023
-0.291
-1.789
-0.667
0.226
-0.384
0.523
1.174
-0.150
-0.146
0.258
0.087
-0.566
-0.082
-0.032
0.160
1.375
2.094
2.529
0.432
1.791
