0.149
-0.187
-0.595
0.350
0.584
3.232
0.120
0.622
2.757
0.676
0.069
3.622
0.924
0.561
0.172
3.233
0.957
0.623
-0.134
0.055
0.126
-0.071
-0.309
0.717
-0.445
0.857
-0.817
0.925
-0.269
-0.268
0.342
1.054
-0.901
-0.174
-0.563
0.008
0.337
0.772
0.211
0.843
0.401
0.744
1.341
0.617
0.422
0.375
-0.092
0.216
0.978
0.530
1.803
0.469
2.144
2.188
0.516
0.590
2.488
0.065
0.672
0.538
3.266
0.884
2.189
0.028
-0.032
-0.188
0.060
1.200
0.222
-0.424
-0.284
-0.471
-0.071
0.221
-0.410
0.060
-0.092
-0.454
-0.128
-0.186
2.994
0.094
-0.235
2.294
0.796
2.987
1.943
0.466
0.467
0.628
0.581
0.426
0.271
0.166
2.988
-0.760
0.063
0.612
2.787
1.251
0.485
-0.002
2.993
0.290
2.108
1.282
-0.031
0.768
2.806
0.288
0.082
0.139
0.081
-2.302
0.253
0.037
3.933
-1.053
0.286
0.834
1.960
3.361
1.804
0.369
0.241
1.254
1.601
0.044
0.460
1.176
-0.301
0.635
-0.276
1.354
0.225
0.138
1.720
0.052
0.254
-1.150
2.839
0.995
-0.395
0.254
-0.433
0.728
-3.410
-0.987
-0.140
0.029
0.187
-0.010
-0.173
1.373
0.845
3.081
-0.982
0.354
0.438
1.319
0.609
0.573
-1.264
0.668
-0.635
2.580
0.276
0.442
1.113
0.606
0.323
0.230
0.429
-0.227
0.470
0.518
-0.018
0.056
-0.105
-0.355
-0.316
2.332
0.924
0.046
0.041
-0.929
-0.022
3.074
2.327
1.403
2.560
3.212
0.713
0.404
0.471
0.556
1.277
-0.417
-0.019
-0.010
-0.116
-0.053
0.496
0.521
0.261
0.474
0.011
2.574
1.033
-0.386
0.872
1.617
1.142
0.418
3.457
1.369
0.628
0.627
0.227
-0.333
-0.188
-0.149
0.221
-0.024
-0.359
-0.733
-0.031
0.566
-0.010
1.239
1.112
0.007
0.292
-0.093
0.352
0.235
1.056
-0.676
0.012
0.430
1.249
0.514
0.976
0.331
1.199
-0.321
0.041
-0.114
-0.775
0.068
-0.546
1.100
-0.043
0.301
0.668
-0.272
-0.126
0.658
0.010
0.202
0.263
-0.694
0.487
-0.659
-0.030
-0.123
-0.064
0.399
-0.332
0.340
0.536
0.188
-0.036
-0.023
-0.084
1.319
0.241
0.257
0.217
-0.278
-0.023
0.156
-0.014
0.068
2.960
0.173
-0.155
-0.260
0.715
0.442
-0.168
0.488
-0.001
-0.288
-0.259
0.052
-0.194
0.260
0.244
-0.185
-0.434
0.269
-0.067
-0.068
-0.078
0.165
0.161
-3.645
-2.376
-2.467
-1.870
-0.256
-0.828
0.106
-0.492
-0.973
0.272
0.385
0.604
0.218
-0.030
1.014
0.061
-0.839
-0.143
0.265
-0.020
0.804
0.955
0.137
-0.130
0.206
0.390
-0.901
0.101
-0.164
0.081
1.474
2.956
2.878
1.237
1.788
