0.727
0.079
-0.457
-0.258
1.057
2.764
-0.279
-0.201
1.237
0.523
-0.052
3.092
1.031
0.405
-0.041
2.307
0.789
0.028
0.079
0.301
-0.007
-0.524
-1.325
0.740
-0.748
0.033
-0.915
0.142
-0.554
-0.321
0.215
1.198
-0.956
0.197
0.033
0.325
1.050
0.747
0.164
0.740
0.093
0.508
0.424
0.630
-0.395
-0.118
-0.911
0.079
0.737
0.739
0.966
-0.430
1.024
1.103
0.135
0.969
2.401
-0.148
0.262
0.225
3.065
1.712
1.795
-0.199
-0.069
0.104
-0.117
1.384
0.048
-0.633
-0.627
-0.460
-0.273
0.133
-0.402
-0.067
-0.380
-0.806
-0.042
-0.435
2.270
-0.009
0.010
2.145
-0.079
2.946
2.152
0.159
0.155
-0.436
0.250
-0.153
-0.207
0.518
2.400
-0.965
-0.270
0.060
3.098
1.479
0.220
-0.083
3.289
-0.144
1.504
0.501
-0.077
0.156
2.579
-0.252
0.197
-0.103
0.316
-1.400
0.039
0.005
3.255
-0.677
-0.094
1.183
1.884
2.670
1.845
0.246
0.627
1.402
2.321
-0.349
0.129
0.836
0.033
0.649
-0.167
1.159
-0.057
0.063
1.460
0.204
0.205
-1.337
1.366
0.057
0.034
-0.046
-0.543
0.526
-1.699
-1.075
-0.145
-1.469
0.219
-0.112
-0.034
2.293
0.033
2.337
-0.879
0.519
0.357
2.165
0.924
0.864
-1.067
0.903
-0.593
3.204
0.163
1.007
1.564
0.458
0.568
0.815
0.638
-0.089
0.357
0.447
-0.093
0.140
0.033
-0.218
-0.405
1.686
0.645
0.261
0.042
-0.557
-0.052
2.907
1.794
1.204
3.212
3.718
0.405
0.160
0.495
0.224
0.575
-0.121
0.010
0.023
-0.001
0.007
0.231
0.353
-0.009
0.217
-0.116
2.964
0.709
-1.124
0.415
2.089
1.146
0.039
4.021
1.404
0.493
0.405
0.225
0.027
0.106
0.044
0.265
0.268
-0.073
-0.300
-0.139
0.333
-0.469
0.649
0.586
0.038
0.158
-0.235
0.718
0.396
0.737
-0.802
0.120
0.549
0.995
0.670
1.036
0.903
0.151
-0.730
0.047
0.702
-0.512
-0.151
-0.836
0.649
0.728
0.396
0.469
-0.988
-0.835
0.068
-0.518
-0.835
-0.165
-0.974
1.007
-1.620
0.212
-1.642
0.302
0.311
-0.411
0.738
0.372
0.147
-0.110
-0.026
-0.317
0.243
0.250
-0.105
0.306
-0.260
0.033
0.179
0.041
0.075
2.632
0.060
-0.022
0.177
0.034
0.605
-0.012
-0.636
-0.125
-0.303
-0.139
-0.113
-0.005
0.019
-0.041
-0.403
-0.140
0.003
-1.091
-0.029
-0.285
-0.174
0.104
-3.108
-2.195
-2.490
-1.668
-0.577
-0.767
-0.010
-0.118
-0.571
0.146
0.281
0.378
0.165
0.078
0.150
-0.224
-1.151
-0.547
0.513
0.112
0.740
1.587
-0.008
-0.316
0.420
0.053
-0.736
0.030
-0.064
0.273
2.344
2.324
2.965
1.798
1.783
