-0.672
-0.993
-0.167
-0.021
0.171
3.847
-0.060
0.613
2.455
0.328
-0.092
3.783
1.086
-0.137
0.241
2.725
0.625
0.558
0.545
-0.043
-0.089
-0.160
-0.844
0.043
-0.144
0.597
-1.096
0.556
-0.946
-0.172
-0.016
1.248
-0.043
-0.143
-1.130
-0.088
0.292
0.289
0.152
0.958
0.496
0.339
0.494
0.242
0.390
0.356
-0.155
0.056
1.313
0.775
2.127
0.291
2.131
1.760
1.677
0.486
2.695
-0.323
0.166
-0.129
4.116
1.919
1.517
-0.109
-0.113
-0.288
-0.508
0.958
0.017
-0.133
-0.088
-0.071
-0.046
-0.228
-0.166
-0.006
-0.302
-0.059
-0.055
-0.064
2.606
0.445
-0.107
1.547
0.485
2.175
2.215
-0.025
-0.085
0.162
-0.134
0.152
-0.030
0.166
3.392
-0.480
-0.132
0.467
3.085
1.229
0.337
-0.071
4.803
0.234
1.559
0.898
-0.058
0.215
3.129
-0.357
0.110
-0.023
-0.145
-2.066
0.290
0.194
4.833
-1.378
0.456
0.446
2.042
2.267
1.471
0.291
0.877
1.217
3.206
0.144
1.175
0.528
-1.169
0.636
-0.058
0.826
0.027
0.113
1.652
-0.351
0.028
-2.097
1.751
0.209
-0.223
0.215
-0.645
0.685
-2.211
-1.440
-0.326
-0.583
0.576
-0.165
-0.097
0.768
-0.131
3.802
-0.798
-0.459
-0.188
0.703
0.223
0.266
-0.159
0.354
-0.077
3.165
1.327
0.187
1.247
1.645
0.371
0.595
0.069
-0.129
0.300
0.371
0.152
0.110
-0.042
-0.214
0.116
1.631
0.509
-0.050
0.050
-0.487
0.070
4.074
2.229
1.084
2.853
4.243
0.300
0.628
0.333
0.539
0.808
-0.053
-0.043
-0.033
-0.080
-0.059
0.352
0.226
0.322
0.083
0.167
3.523
1.023
-1.315
0.725
1.314
0.157
0.691
3.311
1.400
-0.310
-0.029
0.282
-0.062
-0.098
-0.112
0.148
-0.161
-0.109
-0.132
-0.043
-0.027
0.014
0.785
1.028
0.006
0.457
0.002
0.867
-0.152
0.176
-0.581
-0.025
0.060
1.307
1.054
0.353
0.398
1.291
0.044
-0.189
-0.583
-0.132
-0.361
-1.120
0.657
0.321
0.135
0.823
-0.076
-0.062
0.064
-0.032
0.104
0.234
-0.014
0.152
-0.071
0.050
-0.096
0.254
-0.019
0.082
-0.161
-0.103
0.043
-0.027
-0.043
-0.013
0.908
0.486
0.409
0.706
-0.058
-0.038
0.074
-0.043
0.436
2.459
0.186
0.069
0.367
-0.129
0.231
-0.350
-1.510
0.335
0.308
0.036
-0.057
-0.039
0.396
0.183
-0.131
-0.020
0.066
0.186
0.215
0.110
0.002
-0.108
-3.576
-2.150
-2.182
-1.399
-0.304
-0.325
-0.080
-0.567
-0.763
0.011
0.227
0.182
0.097
0.151
1.080
0.116
-1.152
-0.401
0.375
-0.045
0.496
1.258
-0.096
-0.150
0.228
0.031
-0.069
-0.168
-0.292
0.026
1.777
2.710
4.500
0.776
1.318
