0.363
0.248
-0.792
0.130
0.020
2.756
0.176
0.674
2.146
0.663
0.208
3.143
0.878
0.627
0.567
1.700
0.792
0.608
0.399
0.209
-0.115
0.127
-1.112
0.716
-0.120
-1.226
-0.702
0.839
-0.262
0.143
0.380
1.155
-0.200
0.334
-0.252
0.447
0.148
0.746
0.321
0.492
0.127
0.639
0.176
0.127
0.375
0.693
0.027
0.609
1.411
0.221
1.238
-0.386
1.488
1.319
0.148
0.136
2.488
-0.469
0.130
-0.530
2.789
1.460
2.285
-0.081
0.185
0.087
0.062
1.010
0.294
-0.518
-0.178
0.015
-0.205
-0.139
0.027
0.258
-0.991
-0.543
-0.101
-0.369
2.560
0.332
-0.029
1.585
0.281
2.266
1.445
0.200
0.106
-0.065
0.127
0.312
-0.098
0.340
2.470
0.000
-0.002
-0.271
2.525
1.317
0.164
-0.110
3.368
0.225
1.501
0.127
-0.163
-0.118
2.351
-0.001
0.426
-0.285
-0.081
-2.415
0.419
0.021
3.463
-0.562
-0.042
1.081
1.894
2.980
2.106
0.789
0.453
1.140
1.358
0.106
0.329
0.830
0.054
1.133
-0.032
1.372
0.124
0.218
1.310
0.982
1.073
-2.168
2.571
0.267
0.044
0.111
-0.240
0.767
-2.970
-0.883
-0.149
-0.069
0.409
0.067
-0.006
1.378
-0.761
2.385
-0.887
0.140
0.413
0.993
1.030
0.524
-1.177
1.076
-0.580
3.972
1.130
1.436
2.079
1.938
0.578
0.198
0.240
0.191
0.250
0.515
0.182
0.131
0.117
0.124
-0.108
1.919
0.785
0.110
0.326
-0.760
0.011
2.891
2.420
1.181
2.702
3.801
0.670
0.280
0.542
0.898
0.543
-0.034
0.127
0.127
0.127
0.174
0.601
0.607
0.221
0.127
0.404
2.089
0.632
-0.612
0.984
1.328
0.573
0.155
2.969
1.010
0.574
0.526
0.026
-0.430
-0.305
0.012
0.285
0.158
-0.203
-0.182
-0.218
1.067
0.209
1.069
0.792
0.660
-0.088
0.199
0.828
0.592
1.108
-0.937
0.231
0.501
0.089
1.310
1.014
0.520
0.544
-0.091
-0.166
-0.862
-0.239
-0.661
-0.959
1.326
0.391
0.478
0.434
-0.244
-0.452
-1.117
0.292
0.127
0.484
-0.552
0.510
-0.853
0.182
-0.858
0.429
0.193
0.104
0.265
0.179
0.125
-0.027
-0.095
-0.029
0.460
0.482
0.519
0.207
-0.119
0.023
0.061
0.034
0.257
2.771
0.223
0.077
0.078
-0.547
1.134
-0.308
-0.976
0.537
-0.939
-0.182
-0.110
-0.114
0.117
0.306
-0.273
0.004
0.421
-0.136
0.588
0.295
0.274
0.194
-3.402
-2.463
-2.660
-1.741
-0.145
-0.731
0.523
-0.085
-1.160
0.382
0.331
0.304
0.188
0.996
0.866
0.359
-0.758
-0.124
-0.099
0.323
0.356
1.139
0.069
0.371
0.706
0.465
-0.696
0.169
-0.177
0.292
1.854
3.257
2.941
0.315
2.667
