1.420
0.442
0.103
0.064
0.148
3.572
0.091
0.049
2.093
0.379
-0.248
2.228
0.515
-1.137
-0.307
2.875
1.694
0.267
0.103
0.215
0.068
-0.726
-2.129
0.875
-0.312
0.077
-1.120
0.176
-0.732
-0.350
0.065
0.596
-0.590
0.219
-0.303
0.324
0.618
0.011
0.103
0.238
0.563
0.448
0.780
0.157
0.332
0.401
0.106
0.103
0.926
0.154
1.582
0.285
1.240
1.513
0.415
0.661
1.479
1.240
0.810
0.980
2.859
0.944
2.249
-0.023
-0.081
-0.361
0.237
1.160
0.219
-1.428
-1.540
-1.459
-0.684
0.051
-0.817
-0.654
-0.575
-0.647
-0.514
-0.993
3.251
0.171
-0.425
1.823
0.082
2.787
1.439
0.270
0.256
0.574
0.232
0.274
-0.114
0.103
1.899
-0.539
0.046
0.105
2.521
1.275
-0.694
-0.013
3.193
-0.462
1.423
0.691
-0.037
0.194
2.391
0.042
0.052
-0.021
-0.187
-1.614
0.103
-0.128
4.056
-0.799
0.738
1.077
1.886
2.474
2.225
0.387
0.093
1.475
1.714
-0.116
-0.511
0.329
-1.942
0.723
-0.193
1.162
0.103
0.103
1.937
-0.896
-0.188
-2.720
2.154
0.226
0.093
0.298
-0.205
1.080
-3.144
-1.818
-0.056
-0.937
0.143
0.161
-0.204
1.084
0.661
3.394
-1.130
0.615
0.177
0.793
0.511
0.610
-1.554
0.465
-0.763
3.240
0.772
0.503
0.925
1.398
0.253
0.300
0.258
-0.189
0.660
0.644
0.112
0.007
0.029
-0.549
-0.666
1.347
0.213
-0.063
0.031
-0.273
-0.079
2.842
1.924
0.938
2.587
3.489
0.446
0.410
0.480
0.568
0.208
-0.063
0.179
0.316
0.241
0.367
0.467
0.356
0.124
0.436
-0.514
2.122
0.294
-0.673
0.954
2.103
0.682
0.064
3.285
0.705
0.637
0.653
0.151
-0.354
0.099
0.165
0.535
0.683
-0.018
0.305
-0.207
0.149
-0.508
0.695
0.927
-0.123
0.399
-0.343
0.359
0.014
0.424
-0.924
-0.168
0.094
0.740
0.377
0.173
0.424
0.251
-0.245
-0.073
-0.360
0.214
-0.906
-0.824
0.599
0.056
0.382
0.844
0.115
0.380
0.576
0.294
0.330
0.449
0.317
0.526
-0.039
0.148
-0.452
-0.233
0.188
-0.184
-0.727
-0.207
0.443
-0.057
0.064
-0.065
0.797
0.300
0.233
0.316
-0.112
0.103
0.280
0.103
0.191
1.250
0.078
0.169
0.100
0.928
0.339
-0.067
1.492
0.212
0.134
0.163
0.122
-0.120
0.394
0.193
-0.383
-0.177
0.112
0.075
0.218
0.094
-0.076
0.093
-4.215
-2.842
-2.900
-1.962
0.401
-0.126
0.064
-1.103
-1.155
-0.457
0.166
0.109
0.178
0.465
0.152
0.211
-2.716
-0.725
0.107
0.171
0.100
1.470
0.170
-0.915
0.507
-0.142
-0.892
0.083
-0.151
-0.018
2.495
1.973
2.544
1.053
1.865
