0.220
0.279
0.641
-0.115
0.485
-3.842
-0.477
-0.919
-1.994
-0.933
-0.132
-2.919
-1.135
0.288
0.127
-1.544
-0.226
-0.636
-0.495
0.706
-0.127
0.385
1.799
-0.163
0.633
-0.427
1.615
-0.618
1.245
0.143
-0.451
-2.117
-0.095
-0.463
-0.065
-0.819
0.014
-0.578
-0.142
-0.032
-0.272
-0.136
0.019
-0.017
-0.081
-0.148
0.337
-0.004
-1.963
-0.796
-0.850
-0.555
-2.505
-1.416
-0.841
0.201
-2.746
1.125
0.094
0.549
-2.189
-0.452
-0.819
0.050
0.092
0.240
-0.008
-0.418
-0.336
0.202
0.268
0.017
-0.163
-0.093
-0.101
0.055
0.032
-0.078
0.078
0.004
-2.139
0.294
0.072
-3.253
-1.092
-3.459
-1.596
0.133
0.114
0.120
0.124
0.025
0.120
0.639
-3.941
0.004
0.153
-0.032
-2.589
-0.107
-0.269
0.120
-5.800
0.028
-1.845
-1.835
0.493
0.221
-4.078
-0.127
0.084
0.120
0.272
0.971
0.103
0.246
-3.636
0.349
-1.017
-1.252
-1.889
-0.547
-1.440
0.123
-0.004
-0.239
-1.772
0.080
-0.660
-1.606
0.174
0.362
0.115
0.132
-0.488
-0.189
-1.182
0.812
0.326
0.889
-2.693
-0.017
0.562
-0.389
1.544
-0.754
3.037
1.622
0.116
-0.085
-0.692
0.039
-0.234
-2.003
-0.615
-0.399
0.495
-0.487
-0.087
-0.850
0.146
0.149
0.593
0.154
0.456
-3.510
-1.466
-0.963
-1.769
-1.963
-0.138
0.060
0.110
0.166
-0.024
-0.018
0.139
0.175
0.120
0.207
0.319
-0.218
0.052
-0.083
0.178
0.166
-0.266
-5.386
-3.057
-1.616
-2.252
-0.491
-0.374
0.114
-0.333
0.146
0.120
0.233
0.264
0.203
0.120
0.133
0.138
0.120
0.128
0.120
0.093
-2.756
-0.727
0.418
-0.734
-1.526
-0.396
0.364
-2.979
-1.350
-0.236
-0.539
-0.439
0.397
0.215
0.159
0.025
0.295
0.208
0.447
0.461
0.030
-0.084
-0.276
-0.918
0.158
0.281
0.159
-0.514
-0.765
-0.591
1.264
-0.117
-0.099
-0.713
-0.690
-0.339
-0.322
-1.080
-0.073
-0.019
-0.019
0.118
-0.007
0.238
-1.961
0.100
-0.263
-0.570
0.353
0.163
-0.365
0.192
-0.089
0.024
0.075
-0.194
-0.023
-0.458
0.228
0.227
0.120
0.120
0.117
0.203
-0.034
0.098
0.132
0.303
-0.821
-0.171
-0.215
-0.482
0.381
0.673
-0.024
0.648
0.091
-2.524
0.120
0.122
0.120
-0.414
0.170
-0.193
0.540
0.115
0.035
0.065
0.120
0.180
-0.588
-0.070
0.120
0.113
0.053
0.076
0.120
0.033
0.071
-0.038
2.762
3.007
2.843
2.417
0.242
1.678
0.019
0.447
0.696
0.799
0.092
0.923
0.107
0.120
-0.422
0.065
0.207
0.394
-0.351
0.120
-0.140
-0.973
-0.059
0.062
-0.085
-0.475
0.589
0.209
0.058
0.601
-3.866
-3.791
-1.136
0.601
-1.621
