-1.087
-1.164
-1.978
0.087
0.602
1.818
0.118
0.904
2.721
1.482
0.576
3.993
1.096
-0.087
0.212
2.228
0.425
0.303
-0.085
0.134
-0.214
-0.525
-0.822
0.635
-0.475
0.218
-0.076
0.669
0.054
0.332
0.071
1.506
0.381
0.496
0.231
0.981
0.522
0.746
0.530
0.836
0.605
0.423
0.123
0.351
0.149
0.278
-0.218
0.336
0.813
0.697
0.312
-1.193
1.583
1.938
1.487
0.175
1.846
-0.546
0.053
-0.416
2.830
0.750
3.272
0.026
0.350
-0.057
-0.093
1.032
0.033
-1.414
-0.564
-1.064
-0.089
-0.002
-1.794
0.070
-0.664
-0.404
-0.230
-1.258
2.770
0.058
0.364
3.283
1.891
2.677
1.894
0.388
0.262
-0.467
0.307
0.432
0.114
-0.036
3.306
-0.108
0.181
0.635
2.902
1.680
0.419
-0.049
2.882
0.300
1.663
0.694
0.118
0.388
2.038
0.326
0.091
0.054
-0.073
-0.845
-0.036
-0.184
2.537
0.108
0.861
0.315
1.139
3.427
0.621
0.336
-0.017
0.598
1.548
0.044
-0.000
0.990
-1.367
0.140
-0.434
0.947
0.326
0.400
1.792
0.261
1.241
-1.506
1.307
0.012
-0.442
0.201
-0.089
0.326
-1.940
-0.798
0.315
0.402
0.265
-0.124
-0.149
0.631
0.563
1.809
-0.614
0.280
0.455
0.866
0.405
0.515
-1.634
0.431
-1.470
2.801
0.514
0.224
0.716
1.408
0.267
0.038
0.241
0.103
-0.024
0.185
0.179
0.039
-0.147
-0.008
0.112
1.299
0.380
-0.202
0.439
-0.065
-0.002
2.703
2.106
0.686
1.736
2.447
0.445
-0.186
0.092
0.309
0.909
-0.286
-0.079
0.080
-0.199
-0.066
0.143
0.190
0.305
0.244
0.187
2.993
0.487
-0.468
0.321
0.992
1.077
0.261
2.451
1.028
1.428
0.487
0.679
-0.600
-0.425
-0.160
0.114
0.399
-0.649
-0.027
0.132
0.703
-0.277
0.803
0.216
0.288
0.198
-0.066
0.144
0.133
0.422
-0.431
0.081
0.384
0.756
1.972
1.379
0.719
0.336
0.120
-0.017
-0.680
-0.255
0.743
-0.312
1.363
-0.044
0.294
0.324
-0.064
-0.257
0.057
0.070
0.633
0.439
-0.099
0.349
0.092
0.089
-0.024
-0.147
0.268
0.047
-0.667
-0.207
0.017
-0.005
-0.026
-0.030
0.765
0.384
0.349
0.114
-0.011
-0.175
0.052
0.098
0.185
3.098
0.866
0.066
0.129
0.524
0.194
-0.401
-1.251
0.243
0.179
0.095
0.172
-0.189
0.285
0.290
0.034
-0.096
0.291
0.309
0.232
0.205
0.061
0.205
-3.001
-1.063
-1.617
-1.531
-0.429
-0.435
0.014
-1.068
-0.677
-0.009
0.046
0.111
0.094
0.071
0.199
-0.090
-1.208
-0.252
0.220
-0.186
0.691
2.175
0.489
-0.099
0.207
-0.258
-0.876
-0.002
0.292
0.267
1.434
1.916
5.530
0.473
0.913
