0.363
0.790
0.629
-0.076
1.519
3.049
-0.451
-0.356
0.885
0.053
-0.099
4.898
0.567
-0.155
-0.327
2.664
0.505
0.211
0.017
0.030
0.445
-0.076
-0.905
0.843
-0.434
0.069
-1.491
0.759
-0.678
-0.236
-0.078
1.198
-0.539
-0.796
-0.963
-0.181
0.839
0.608
0.804
0.125
0.767
0.528
0.322
0.506
0.318
0.273
-0.147
-0.361
0.746
0.309
0.582
0.271
3.993
2.493
0.136
-0.076
2.723
-1.259
0.835
-0.288
3.923
1.150
1.432
-0.098
-0.041
0.145
0.635
-0.076
0.144
-0.442
-0.323
-0.385
-0.238
0.510
-0.170
-0.062
-0.202
-0.711
-0.200
-0.336
1.937
-0.012
-0.033
1.595
0.383
2.399
0.551
0.033
0.049
-0.483
-0.083
0.050
-0.467
-0.055
2.925
-1.051
-0.128
0.152
3.024
1.201
-0.049
0.041
3.259
0.112
1.646
0.200
-0.087
0.054
2.046
-0.116
0.038
-0.034
0.027
-2.125
-0.076
-0.063
3.825
-0.818
1.120
0.621
2.774
4.529
3.314
0.334
-0.076
1.182
1.408
0.093
0.382
0.573
-0.632
1.321
-0.113
1.417
-0.099
-0.011
0.767
0.172
-0.218
-3.155
1.446
0.946
-0.651
-0.036
-0.730
0.981
-2.502
-1.628
-0.075
-0.068
0.603
0.033
-0.325
0.682
-0.076
1.751
-0.881
0.949
-0.076
0.143
0.001
0.205
-2.299
0.650
-1.306
3.411
-0.384
0.498
0.861
-0.105
0.522
0.456
0.364
-0.155
0.335
0.244
0.366
0.135
0.035
-0.265
0.653
2.439
0.984
-0.126
-0.076
-0.949
0.418
3.910
2.849
0.905
2.376
3.413
0.842
0.324
0.600
0.244
0.345
-0.076
-0.071
0.007
-0.076
-0.076
0.395
0.219
-0.009
0.155
0.262
2.187
0.996
-0.089
1.176
2.093
1.127
0.637
3.858
1.329
0.266
0.375
-0.282
-0.256
-0.076
-0.088
0.201
0.178
-0.076
-0.508
-0.471
0.666
0.555
1.389
0.660
-0.017
0.015
0.025
0.777
-0.360
1.051
-0.496
-0.211
0.637
2.705
0.365
0.805
0.206
0.736
-0.013
-0.170
-0.996
-0.172
-0.271
-0.804
0.772
0.560
0.549
0.319
-0.237
-1.074
0.198
-0.076
0.008
0.019
-0.536
1.798
-0.613
-0.089
-0.713
-0.222
0.131
-0.201
-0.065
0.580
0.056
-0.086
-0.031
-0.083
1.056
0.015
0.117
0.205
-0.085
-0.076
-0.030
-0.031
0.083
3.352
0.002
-0.208
0.085
-0.076
0.036
-0.374
-2.613
0.038
0.069
-0.076
-0.076
-0.147
-0.155
-0.023
-0.842
-0.145
-0.063
-0.076
-0.048
-0.301
-0.296
-0.045
-3.060
-1.757
-1.750
-1.234
-0.128
-0.603
0.045
-0.706
-0.911
-1.388
0.166
0.331
-0.014
-0.076
0.084
-0.108
-2.078
-0.521
0.064
-0.076
0.172
1.793
-0.134
-0.100
-0.028
-0.061
-0.407
-0.062
0.163
0.235
3.128
2.493
4.026
1.463
2.643
