1.311
1.284
-0.560
0.395
-0.052
-1.504
0.182
-0.154
-1.317
-0.167
0.331
-2.499
-0.735
-0.317
0.078
-2.006
-0.474
0.005
0.122
0.087
0.255
0.554
0.537
-0.222
0.449
-0.115
1.183
-0.682
0.349
0.470
0.375
-0.382
0.924
-0.176
0.248
-0.204
-0.355
-0.092
-0.199
-0.409
-0.001
-0.096
-0.200
-0.038
0.091
0.127
1.357
0.219
-0.162
-0.211
-0.850
0.352
-0.714
-0.692
-0.277
-0.195
-2.873
1.472
0.081
1.419
-2.566
-0.968
-1.943
0.030
0.084
-0.231
0.399
-0.968
0.004
0.768
0.681
0.462
0.421
0.213
0.462
0.405
0.056
0.660
0.380
0.536
-2.615
0.163
0.010
-1.348
-0.379
-2.335
-1.307
0.048
0.104
0.040
0.162
0.074
0.347
0.006
-2.302
0.633
0.130
-0.053
-2.406
-0.717
-0.113
0.201
-2.451
-0.129
-0.912
-0.302
0.128
-0.169
-1.630
0.662
0.565
0.245
0.479
2.179
-0.029
0.495
-2.728
0.562
-0.420
-0.416
-1.303
-1.811
-1.119
-0.106
0.125
-0.696
-1.595
0.104
-0.107
0.007
1.737
-0.382
0.184
-1.045
0.066
0.098
-1.159
-0.321
-0.361
2.377
-1.433
-0.566
0.057
-0.146
0.308
-0.431
2.669
1.081
0.090
0.531
-0.056
0.134
0.296
-0.917
-0.439
-1.257
1.076
0.334
-0.172
-0.927
-0.285
-0.267
1.998
-0.374
1.207
-2.440
-0.302
-0.410
-0.855
-0.366
-0.251
0.187
-0.176
0.093
-0.411
-0.218
-0.077
0.012
0.115
0.266
0.188
-1.507
-0.562
0.026
0.141
0.537
0.129
-2.338
-1.660
-0.760
-2.059
-2.064
-0.426
0.028
-0.130
-0.435
-0.492
0.155
0.087
0.096
0.096
0.096
-0.791
-0.200
-0.138
-0.333
0.236
-1.819
-0.463
0.877
-0.567
-1.272
-0.614
0.023
-2.254
-0.543
-0.044
-0.006
0.363
0.397
0.109
0.399
0.062
-0.024
0.184
0.608
0.278
-0.449
0.201
-0.864
-1.053
-0.114
0.036
0.111
-0.577
0.544
-0.732
0.603
0.137
-0.040
-1.064
-0.903
-0.200
-0.141
-0.397
-0.081
0.250
0.704
0.198
0.261
0.548
-0.626
0.042
-0.127
-0.862
0.773
0.160
0.368
0.215
-0.265
-0.054
0.438
-0.154
0.555
0.297
0.870
0.729
-0.163
0.138
0.204
0.012
0.081
0.070
0.096
-0.079
-0.120
-0.158
-0.110
-0.140
0.144
0.096
0.001
0.111
0.080
-1.602
0.032
0.167
0.096
-0.340
-0.331
-0.094
0.808
0.251
0.341
0.268
0.252
0.334
0.504
0.185
0.449
0.482
0.101
0.319
0.230
0.315
0.190
0.250
3.009
2.044
2.348
1.475
0.409
0.579
0.022
0.661
0.663
0.170
-0.018
-0.417
0.074
-0.153
-0.013
0.179
0.545
0.320
-0.102
0.080
-0.231
-0.708
0.251
0.545
-0.124
0.093
0.494
-0.004
-0.440
-0.172
-1.720
-1.914
-2.557
-0.386
-2.263
