-0.772
-1.125
0.165
-0.344
-0.325
-2.621
0.192
-0.717
-2.481
-1.033
0.162
-2.947
-0.621
-0.574
-0.548
-2.621
-0.673
-0.798
0.068
0.010
-0.024
0.657
0.749
-0.537
0.286
0.065
0.796
-0.758
0.154
0.421
-0.161
-0.960
1.003
-0.013
0.664
-0.168
-0.815
-0.427
-0.023
-0.139
-0.589
-0.383
-0.416
-0.344
-0.167
-0.800
0.467
-0.042
-0.606
-0.209
-1.229
-0.511
-1.525
-1.357
-0.140
0.163
-2.466
0.089
0.141
0.251
-2.981
-1.077
-2.284
0.045
0.230
-0.092
-0.023
-1.166
-0.082
0.666
0.461
0.366
-0.093
0.177
0.225
0.079
0.589
0.455
0.397
0.472
-2.744
-0.170
0.208
-2.138
-0.822
-3.219
-2.633
-0.731
-0.693
-0.786
-0.705
-0.586
0.313
-0.141
-4.248
0.200
0.239
-0.250
-3.362
-1.565
-0.396
-0.063
-3.636
-0.370
-1.688
-1.215
-0.022
-0.098
-2.790
-0.081
0.087
0.074
0.441
1.246
-0.039
0.061
-3.003
0.170
-0.757
-0.757
-1.838
-2.916
-2.138
-0.375
-0.217
-1.749
-2.277
-0.399
-0.974
-0.561
1.607
-0.407
0.028
-0.934
-0.186
-0.041
-1.318
-0.000
-0.302
0.322
-2.391
-0.713
-0.308
-0.242
0.309
-0.916
2.567
1.548
0.385
-0.262
0.101
0.265
0.360
-1.585
-0.354
-2.808
0.453
-0.112
-0.249
-1.448
-0.591
-0.331
1.898
-0.637
1.087
-3.779
0.259
-0.713
-0.861
0.348
-0.245
0.092
-0.245
0.048
-0.441
-0.149
0.103
0.016
-0.023
0.028
-0.030
-1.972
-0.715
-0.106
-0.039
0.549
-0.355
-3.540
-1.772
-1.304
-3.525
-4.154
-0.991
-0.780
0.003
-0.738
-0.567
0.355
0.059
-0.107
-0.020
-0.073
-0.796
-0.370
-0.177
-0.455
0.039
-2.263
-0.967
0.789
-1.238
-1.282
-0.974
-0.623
-2.733
-1.099
-0.040
-0.286
0.265
0.436
0.175
0.059
-0.052
-0.058
0.227
0.475
0.165
-1.072
0.094
-1.264
-0.906
-0.089
-0.027
0.173
-0.496
0.138
-0.694
0.517
0.047
-0.215
-0.403
-1.630
-0.347
-1.065
-1.022
0.162
0.329
-0.113
0.214
-0.156
0.542
-0.880
-0.735
-1.403
-2.749
0.570
0.879
-0.011
-0.910
-0.354
-0.588
0.307
-1.815
0.674
-0.289
1.079
0.162
-0.082
0.012
0.657
0.219
0.196
0.051
0.165
0.195
-0.746
-0.407
-0.306
-0.436
0.323
0.217
-0.188
0.142
-0.301
-2.847
-0.168
-0.087
-0.366
-0.057
-0.554
0.749
1.161
-0.039
0.030
0.146
-0.055
0.104
0.439
-0.001
0.657
0.209
-0.052
0.006
-0.027
0.285
0.097
-0.010
2.682
1.759
2.867
1.034
0.110
0.295
0.198
0.077
1.376
-0.176
-0.437
-0.473
0.028
-0.675
-0.542
-0.135
1.320
0.104
0.017
0.147
-0.669
-1.375
-0.042
0.411
-0.610
-0.246
0.437
-0.114
-0.229
0.098
-1.301
-2.918
-3.771
-0.773
-1.722
