-0.477
-0.679
-1.520
-0.119
-0.384
-3.056
-0.258
-0.783
-2.124
-0.899
0.107
-3.174
-0.870
-0.482
-0.772
-2.374
-0.808
-0.379
-0.371
-0.250
0.038
0.342
1.642
-0.722
0.038
0.038
0.905
-0.283
0.063
-0.517
0.033
-0.862
0.523
0.224
0.136
-0.433
-0.991
-0.561
-0.366
-0.314
-0.867
-0.748
-0.576
-0.211
0.038
-0.492
0.900
-0.735
-1.558
-0.655
-1.344
-0.100
-2.500
-2.250
-0.420
-0.656
-2.612
-0.353
-0.668
-0.559
-2.553
-0.730
-2.405
0.259
0.174
0.607
0.237
-1.572
-0.108
1.326
1.007
0.608
-0.261
0.282
0.485
0.441
0.932
-0.038
0.343
0.038
-2.735
-0.193
0.248
-2.700
-0.820
-3.740
-2.477
-0.021
0.051
0.378
-0.162
-0.083
0.569
-0.420
-3.082
0.244
-0.041
-0.218
-4.085
-2.219
0.057
0.259
-3.627
0.170
-2.589
-0.660
0.360
-0.214
-3.088
0.220
-0.245
0.204
0.139
1.382
-0.301
0.320
-3.496
0.313
-0.577
-1.067
-2.349
-3.016
-2.073
-0.421
-0.742
-2.133
-2.082
0.205
-0.718
-1.400
0.038
-0.579
0.154
-1.822
0.540
-0.112
-2.310
-0.047
-0.150
1.261
-2.672
-1.029
0.007
-0.521
0.253
-0.210
2.383
1.384
0.209
1.256
0.016
0.335
0.122
-1.802
0.133
-5.392
1.196
0.284
-1.162
-2.316
-0.626
0.038
1.135
-0.885
0.125
-2.948
-0.246
-0.680
-1.229
-1.114
-0.585
-0.001
-0.612
0.028
-0.423
-0.494
-0.183
-0.239
-0.053
0.111
0.010
-2.083
-0.903
0.127
-0.113
0.502
-0.386
-3.412
-2.932
-1.451
-2.916
-7.216
-0.857
-0.935
-0.773
-0.859
-0.766
0.114
-0.526
-0.144
0.087
-0.013
-0.180
-0.774
-0.129
-0.741
0.324
-2.935
-1.194
0.694
-0.791
-1.555
-1.019
-0.551
-2.870
-1.246
-0.612
-0.897
-0.121
0.038
0.048
0.038
-0.330
-0.273
0.055
0.038
0.025
-0.504
-0.400
-1.190
-1.259
-0.854
-0.657
0.533
-0.862
-0.045
-0.771
0.088
-0.016
-0.128
0.038
-0.209
-0.517
-0.023
-0.796
0.543
1.801
-0.621
0.076
0.717
0.621
-1.148
-0.237
-0.537
0.050
0.974
0.785
-0.202
0.256
-0.014
0.052
0.609
-0.229
1.004
0.194
0.804
0.037
-1.015
0.305
-2.105
-0.260
0.038
0.295
0.019
0.046
-1.176
-0.463
-0.505
-0.246
0.336
0.338
-0.136
0.071
-0.276
-2.610
-0.273
0.170
-0.229
0.142
-0.760
0.331
0.513
-0.093
0.028
-0.111
-0.016
0.038
-0.202
0.036
0.098
-0.023
-0.330
0.038
-0.216
-0.169
0.286
-0.351
4.019
2.268
2.869
1.489
0.168
0.553
-0.303
0.090
1.063
-0.754
-0.306
-0.252
-0.158
-0.133
-0.428
-0.081
2.883
0.649
-0.138
-0.721
-0.837
-1.361
-0.156
0.576
-0.029
-0.319
0.295
0.156
-0.603
0.252
-2.505
-2.239
-4.512
-1.317
-1.551
