-0.221
-0.166
0.029
0.812
-0.151
2.670
0.145
0.416
2.208
1.188
-0.314
3.806
1.616
0.296
-0.268
3.259
1.101
0.035
-0.034
-0.181
-0.826
-0.315
-1.489
0.655
1.327
-0.620
-0.246
0.259
0.007
-0.046
-0.079
0.950
-0.300
0.538
0.559
2.056
-0.710
0.627
0.082
0.241
0.327
0.941
0.994
-0.112
-0.160
-0.138
-0.260
0.957
1.430
1.481
0.766
1.454
2.680
2.536
0.172
0.617
3.212
-0.636
-0.115
-0.329
2.511
0.770
2.283
-0.130
-1.234
-1.405
-0.220
0.615
-0.020
-0.295
-0.250
0.192
0.009
-0.189
0.299
0.238
0.172
0.420
0.148
0.080
1.687
0.083
-0.338
1.477
0.670
2.093
1.033
-0.070
-0.171
-0.190
-0.153
0.007
-0.151
1.470
2.111
-0.159
-0.939
0.414
1.641
-1.700
0.277
-0.695
3.953
0.389
2.150
0.338
0.012
0.021
2.339
-1.028
-0.161
-0.281
-2.436
-1.224
0.713
0.867
3.204
-0.189
1.537
1.408
2.041
0.990
1.969
1.372
0.619
1.159
2.467
-0.103
1.210
2.054
0.422
-0.772
-0.213
-0.253
0.326
0.792
1.032
0.013
0.785
-2.284
3.539
0.842
0.611
-0.002
0.376
0.398
-2.385
-1.696
-0.241
0.160
0.297
-0.558
-0.109
2.850
1.021
2.696
-0.205
2.116
0.878
1.888
1.179
0.907
-1.114
1.472
-0.310
4.147
1.652
-0.394
1.852
2.071
0.836
0.192
-0.160
-0.006
0.142
0.515
-0.051
-0.049
-0.079
0.011
1.089
1.931
1.427
0.379
-0.043
-0.300
1.095
3.743
1.129
1.281
3.089
1.092
0.441
-0.023
0.031
0.479
1.169
0.153
0.638
0.357
0.788
0.493
-0.086
0.290
-0.049
0.091
-0.300
1.978
1.599
-0.160
0.725
1.194
1.139
-0.580
1.929
1.480
0.432
-0.160
0.479
-0.353
0.197
0.576
0.489
-0.183
0.097
0.221
-0.160
1.025
-0.113
0.788
1.103
0.114
0.444
-0.180
0.800
1.384
0.657
-1.033
0.184
0.526
0.870
0.662
1.552
1.042
1.384
-0.150
-0.076
0.174
0.318
0.191
-0.680
0.597
0.497
0.576
1.673
0.650
0.317
3.020
0.539
0.910
1.090
0.573
1.039
-1.424
1.311
0.092
0.239
1.278
0.146
0.130
0.158
-0.327
-0.204
-0.376
-0.106
0.361
1.022
0.028
0.957
-0.090
0.343
0.329
0.249
-0.110
2.066
-0.064
-0.160
-0.144
0.671
1.091
0.596
0.456
-0.160
-0.160
-0.160
-0.160
-0.004
-0.059
-0.063
-0.395
-0.213
-0.290
-0.325
-0.160
-0.160
0.307
-0.063
-2.905
-1.567
-2.133
-1.277
-0.468
-0.734
-0.071
-0.540
-0.349
0.224
0.290
-1.662
-0.023
-0.160
-0.160
-0.064
-0.577
-1.122
1.447
-0.072
0.123
1.216
-0.080
0.501
0.781
-0.595
-1.500
0.096
0.263
0.594
3.749
4.636
1.996
-0.407
0.754
