-0.264
-0.115
-1.466
-0.019
1.181
2.735
0.255
-0.961
2.090
0.635
-0.619
3.345
0.343
0.012
0.798
2.960
0.944
0.328
0.167
0.271
-0.087
-0.509
0.106
0.882
-0.348
0.846
-1.537
0.729
-1.389
-0.479
0.097
0.606
-0.935
0.301
0.136
0.227
0.588
0.453
0.236
0.460
0.435
0.792
0.396
0.280
-0.013
-0.107
-0.791
0.297
0.221
0.530
1.398
0.270
1.477
1.059
0.535
1.248
1.869
-0.334
0.428
-0.508
2.524
0.826
1.780
-0.036
-0.069
-0.043
0.129
0.775
0.281
-0.508
-0.459
-0.512
-0.344
-0.294
-0.450
0.021
-0.110
-0.835
-0.133
-0.174
2.803
0.294
0.078
1.889
0.483
3.023
1.575
0.733
1.253
0.699
0.824
0.616
-0.163
0.481
2.993
-0.563
-0.303
1.065
2.650
1.168
0.147
-0.028
3.336
0.087
1.542
1.478
0.036
0.789
2.352
-0.290
0.184
-0.017
0.079
-1.281
0.516
0.075
2.779
-0.322
0.720
0.857
1.886
3.178
2.386
0.704
0.645
0.891
1.070
0.051
0.307
1.870
-1.036
1.730
0.083
1.272
0.344
0.293
1.616
0.349
-0.107
-1.937
2.978
0.953
-0.266
0.461
-0.379
1.119
-1.992
-1.462
-0.002
-1.164
1.034
0.086
-0.083
1.031
-0.278
2.451
-1.387
-0.758
0.077
0.432
0.714
0.619
-1.114
0.846
-0.851
3.060
2.533
1.418
1.465
1.796
0.403
0.221
0.544
-0.095
0.258
0.506
0.238
0.153
0.072
-0.516
0.052
1.504
0.802
0.080
0.459
-0.510
0.103
2.831
1.671
0.763
1.559
4.002
0.612
0.834
0.435
0.501
0.767
-0.029
0.430
0.413
0.233
0.233
0.492
0.637
-0.040
0.491
0.115
2.478
1.199
0.209
-0.109
0.787
-0.022
0.698
2.172
1.095
0.427
0.232
0.684
-0.056
0.122
0.178
0.340
0.316
-0.082
0.067
-0.053
0.828
0.031
0.740
0.647
0.074
0.189
-0.202
0.259
0.667
0.791
-0.078
0.083
0.679
0.862
0.307
0.783
0.608
0.852
-0.508
0.281
-0.888
-0.606
-0.239
-0.284
1.232
0.445
1.082
1.003
0.082
0.082
0.735
0.279
0.882
0.788
0.101
1.534
0.305
0.678
-0.339
0.033
0.227
-0.286
0.098
0.444
0.056
0.144
0.233
-0.050
0.651
0.593
0.473
0.678
-0.165
0.301
0.670
0.306
0.271
2.693
0.316
0.110
0.448
-0.004
0.592
-0.035
-0.176
0.048
0.230
0.177
0.081
-0.472
-0.303
0.304
-1.246
-0.011
0.104
0.082
0.007
-0.790
0.293
0.291
-3.280
-1.727
-1.821
-1.378
-0.049
-0.583
0.327
-0.525
-0.377
-0.447
0.187
0.620
0.147
0.415
0.133
0.111
-1.613
-0.052
0.407
0.340
0.033
1.156
0.019
0.136
0.337
0.290
-0.339
0.035
0.129
0.007
1.968
2.036
2.100
0.364
1.479
