-0.144
0.082
0.107
-0.301
0.219
-2.591
-0.003
-1.242
-2.140
-0.766
0.327
-3.338
-0.740
0.130
-0.613
-2.464
-0.637
0.025
-0.075
0.025
0.243
0.149
0.421
-0.506
0.487
-0.108
0.498
0.030
0.327
0.106
-0.088
-0.501
0.194
-0.382
0.745
-0.081
-0.213
-0.267
-0.251
-0.365
-0.123
-0.893
-1.327
-0.371
-0.090
-0.011
0.149
-0.062
-0.963
-0.366
-1.205
-0.230
-1.628
-1.370
-0.399
-0.866
-3.141
1.335
-0.216
0.658
-2.647
-0.978
-1.781
0.108
0.177
0.223
0.210
-0.707
-0.292
1.318
0.865
0.240
0.294
-0.041
0.373
0.186
0.096
0.639
0.440
0.950
-2.463
-0.370
0.309
-1.812
-0.711
-2.246
-1.977
-0.169
-0.160
0.080
-0.288
-0.124
0.149
0.164
-2.686
-0.372
0.116
-0.297
-2.789
-1.336
0.071
0.141
-3.464
0.188
-2.030
-0.664
0.349
-0.595
-3.929
0.291
-0.104
0.053
0.487
1.959
0.121
0.244
-2.508
0.105
-0.659
-0.713
-2.083
-2.068
-1.507
-0.230
0.375
-1.641
-1.862
0.043
-0.560
-0.732
1.435
-0.236
-0.060
-0.641
-0.070
-0.097
-1.019
0.251
0.018
1.883
-2.202
-0.284
0.095
-0.040
0.505
-0.481
1.786
1.665
0.151
0.697
-0.228
0.213
0.022
-0.944
0.090
-1.729
0.658
-0.063
-0.190
-0.848
-0.138
-0.102
1.019
-0.183
0.642
-2.538
-0.916
-0.482
-1.123
-1.306
-0.089
-0.158
0.006
0.025
-0.180
-0.128
-0.010
0.025
0.083
0.083
0.125
-1.778
-0.411
0.045
0.153
0.852
0.250
-3.152
-1.993
-0.848
-2.807
-3.800
-0.616
-0.399
-0.599
-0.753
-0.556
0.263
0.032
-0.094
0.579
0.161
-0.555
-0.576
-0.278
-0.410
0.059
-2.423
-0.982
0.025
-0.444
-1.119
-0.172
-0.681
-3.484
-1.226
-0.212
-0.605
-0.315
0.426
0.102
0.113
-0.027
-0.095
0.275
0.191
0.306
-0.710
0.006
-0.692
-0.464
0.147
-0.158
-0.129
-0.313
-0.027
-0.296
0.289
0.082
-0.068
-0.332
-0.150
-0.275
0.027
-0.816
0.199
0.126
-0.291
0.536
-0.354
0.512
-0.413
-0.110
-0.531
-0.814
0.321
0.622
-0.132
-1.459
-0.088
-0.473
0.322
-1.104
0.561
0.025
0.383
0.183
0.135
0.312
-0.046
-0.120
0.043
0.269
-0.046
0.623
-0.380
-0.612
-0.281
-0.538
0.467
0.308
-0.210
0.221
-0.148
-3.825
-0.187
0.048
0.025
0.083
-0.041
0.032
2.527
0.064
0.102
-0.196
0.102
0.409
-0.295
0.082
0.509
0.211
-0.135
0.027
0.019
0.065
-0.206
-0.210
2.952
2.201
2.865
2.026
0.464
0.616
0.201
0.289
1.232
-0.112
-0.367
-0.116
-0.155
0.025
0.025
-0.152
1.027
0.494
-0.444
1.447
-0.370
-1.554
0.158
0.496
-0.181
0.010
0.267
-0.026
0.003
-0.003
-0.948
-4.052
-2.878
-0.758
-1.800
