-0.639
-0.422
1.181
-0.268
-0.302
-2.857
-0.527
-0.663
-1.587
-0.495
-0.333
-2.397
-0.763
-0.318
-0.784
-1.832
-0.678
-1.157
-0.234
-0.503
0.288
-0.153
0.850
-0.588
0.292
1.298
0.332
-0.106
-0.067
0.368
-0.026
-1.186
-0.275
0.362
1.063
0.346
-0.523
-0.374
-0.166
-0.962
-0.407
-0.542
-0.137
-0.141
0.067
-0.598
-0.272
0.113
-0.742
-0.290
-0.952
-0.271
-2.159
-2.284
-0.111
-0.044
-1.891
0.785
-0.177
0.965
-2.376
-0.753
-1.534
0.046
0.032
-0.140
0.242
-1.358
-0.107
0.460
0.371
0.099
0.120
0.161
-0.077
-0.035
0.968
0.056
0.222
0.318
-2.147
-0.583
0.067
-2.440
-0.459
-2.616
-2.214
-0.254
-0.159
-0.383
-0.219
-0.246
-0.005
-0.197
-3.148
-0.075
0.121
0.356
-2.636
-0.827
-0.470
0.007
-3.668
-0.496
-1.476
-1.023
-0.031
0.236
-3.655
-0.263
-0.040
0.032
0.782
1.382
0.137
-0.147
-3.007
0.519
0.244
-1.090
-1.414
-2.069
-1.430
-0.518
-0.727
-1.421
-1.346
-0.304
-0.118
-0.853
0.721
-0.546
-0.076
-1.325
-0.164
-0.174
-1.501
-0.106
-0.049
2.006
-1.613
-0.323
0.236
-0.034
0.132
-0.792
1.422
0.526
0.350
-0.069
-0.326
0.083
-0.183
-1.130
0.715
-1.835
0.699
0.658
-0.197
-0.734
-0.769
0.745
0.681
-0.414
0.063
-2.650
-0.969
-0.784
-1.099
-1.289
-0.083
-0.074
0.031
0.168
-0.075
-0.089
-0.054
-0.016
0.144
0.266
-0.263
-1.416
-0.631
-0.097
-0.078
0.626
0.040
-3.059
-1.795
-1.447
-2.563
-2.702
-0.864
-0.590
-0.814
-0.637
-0.379
-0.003
-0.056
-0.121
0.024
-0.013
-0.569
-0.476
-0.324
-0.293
-0.269
-2.403
-0.794
0.512
-1.269
-1.117
-0.841
-0.440
-2.153
-1.282
-0.549
-0.252
-0.076
0.145
0.089
0.167
-0.069
-0.074
0.260
0.180
0.257
-0.662
0.145
-0.669
-0.603
-0.102
-0.552
-0.225
-0.493
0.281
-0.623
0.391
-0.113
-0.372
-0.150
-0.943
-0.360
-0.767
-1.099
0.122
0.045
-0.114
-0.000
0.182
0.839
-0.881
-0.738
-0.199
-0.403
0.308
0.081
-0.433
-0.024
-0.051
-0.025
0.190
-0.167
0.590
0.053
0.438
-0.148
-0.657
-0.269
0.057
-0.085
0.072
-0.001
-0.016
-0.090
-0.483
-0.212
-0.181
-0.162
0.070
0.008
0.189
0.043
-0.133
-2.238
-0.015
-0.147
0.045
0.818
-0.230
0.483
-0.065
-0.170
0.265
-0.086
-0.006
0.072
0.093
-0.061
0.084
0.057
-0.176
0.010
-0.198
-0.043
-0.164
-0.215
2.521
2.055
2.574
1.356
-0.100
0.136
0.145
0.895
0.456
-0.344
-0.075
-0.058
0.037
-0.733
-0.924
-0.208
-0.001
-0.175
-0.325
0.068
-0.903
-1.512
-0.175
-0.013
-0.436
-0.183
0.685
-0.127
0.083
-0.155
-2.102
-2.485
-2.374
-1.430
-2.233
