-0.082
-0.358
2.405
0.038
-0.652
-1.988
-0.178
0.084
-1.718
0.120
-0.041
-3.111
-0.408
0.255
-0.631
-2.457
-0.164
0.246
-0.473
0.389
0.585
0.405
0.842
-1.074
0.677
-0.157
0.159
-0.579
0.095
0.027
0.084
-0.885
0.801
0.376
1.021
0.134
0.041
0.086
-0.393
-0.231
0.014
-0.542
-0.332
-0.033
0.055
0.024
0.128
0.355
-0.661
-0.307
-1.731
0.517
-2.125
-2.031
0.031
-1.050
-1.728
1.206
-0.020
1.229
-2.274
-0.461
-2.596
0.154
0.034
0.308
0.264
-0.471
0.104
0.523
0.508
0.246
0.205
0.543
0.418
0.135
0.368
0.413
0.178
0.260
-2.626
-0.149
0.072
-1.940
-0.359
-3.533
-1.478
-0.330
-0.043
0.557
-0.180
-0.377
0.380
-0.229
-3.140
0.476
0.065
0.052
-2.517
-1.430
-0.049
-0.086
-4.777
-0.168
-0.794
0.043
0.140
0.085
-2.272
0.064
-0.125
0.351
0.082
2.088
-0.004
0.027
-2.822
0.460
0.060
-0.639
-1.729
-3.756
-2.216
-0.711
-0.024
-1.344
-1.012
0.059
0.101
-0.661
1.348
-0.607
-0.064
-1.202
-0.157
0.115
-1.236
-0.672
0.185
3.323
-2.273
-0.186
0.799
-0.121
0.728
-0.562
2.585
1.866
0.102
0.550
-0.346
-0.127
0.230
-1.555
-0.845
-1.689
1.953
-0.634
-0.348
-1.200
-0.244
-0.248
1.108
-0.362
0.492
-3.334
-0.299
-0.596
-1.489
-0.843
-0.626
-0.195
-0.432
0.109
-0.161
-0.250
0.025
-0.209
0.124
0.129
0.174
-2.436
-0.292
0.071
0.082
1.302
-0.085
-2.873
-1.967
-1.567
-2.150
-2.554
-0.016
-0.247
-0.480
-0.783
-0.376
0.082
0.060
0.055
0.082
0.082
-0.165
-0.466
0.082
-0.436
0.153
-1.690
-0.608
0.810
-0.347
-1.420
-0.482
-0.223
-2.840
-1.038
-0.488
-0.392
0.089
0.082
0.082
-0.054
-0.440
0.035
0.082
0.082
0.086
-0.536
0.244
-0.516
-0.508
-0.158
0.387
-0.107
-0.796
0.209
-1.082
0.581
-0.002
-0.316
-1.585
-2.142
-0.698
-0.708
0.140
0.392
0.112
0.113
0.003
0.605
1.138
-0.974
-0.118
-0.700
-1.094
0.526
0.024
-0.231
-0.056
-2.720
-0.472
-0.138
-0.669
-0.143
-0.262
0.762
0.070
-0.121
-0.029
0.148
0.080
0.049
0.035
0.082
0.082
-1.092
-0.466
-0.217
-0.159
0.618
0.596
-0.113
0.481
-0.148
-3.549
0.066
-0.041
-0.292
-0.785
-0.139
0.507
0.359
0.101
0.156
0.260
0.196
0.203
0.419
0.060
0.329
0.383
-0.097
-0.093
0.072
0.016
0.078
-0.004
3.664
2.278
2.774
1.532
0.174
0.685
-0.285
1.643
1.162
-0.393
-0.117
-0.175
-0.163
-0.318
-0.072
-0.021
1.941
0.474
-0.008
0.303
0.009
-1.340
-0.291
0.494
-0.577
-0.117
0.054
0.066
0.038
0.088
-1.192
-2.316
-3.018
-1.574
-1.405
