-0.063
-0.100
1.579
-0.108
0.268
-1.844
-0.211
-0.157
-2.108
-1.069
0.086
-1.982
-0.505
-1.222
0.187
-1.982
0.298
0.162
-0.108
-0.521
0.276
0.946
2.071
-0.361
1.114
-0.677
0.916
-2.031
0.440
-0.059
-0.050
-0.789
1.257
-0.231
-0.008
-0.750
-0.880
-0.671
-0.545
0.624
-0.788
-0.539
-1.524
-0.701
-0.091
-0.114
0.367
-0.117
-1.719
-1.070
-0.564
-0.783
-1.154
-0.166
-0.719
-0.233
-2.830
0.979
-0.242
1.112
-2.455
-0.720
-1.634
0.207
-0.069
1.458
0.073
-1.183
-0.048
0.314
0.210
0.090
-0.031
-0.542
0.048
0.071
0.533
-0.068
0.182
0.055
-1.820
-0.108
1.358
-1.228
-0.557
-1.700
-0.692
-0.068
-0.028
0.408
0.016
-0.047
0.038
-0.369
-0.496
-0.305
-0.058
-0.433
-1.350
0.721
0.467
0.208
-1.948
0.606
-1.038
-0.907
-0.057
0.123
-1.627
-0.516
0.371
0.345
-0.244
1.537
0.378
1.070
-2.075
0.160
-0.221
-0.297
-0.732
-1.213
-2.701
-0.499
0.321
0.005
-1.099
0.566
-0.345
-0.987
0.173
0.047
0.495
-0.116
-0.108
-0.108
-0.634
1.074
1.725
2.154
-1.750
-0.417
0.404
1.261
1.555
-1.396
2.413
2.056
0.311
0.569
-0.104
-0.301
-0.396
-1.432
-0.084
0.016
1.262
-0.610
0.612
-0.357
-0.237
0.627
1.893
0.218
0.870
-3.444
-1.589
-2.193
-2.932
-1.655
-0.888
-0.871
-1.000
-0.590
-0.943
-0.560
-0.160
0.130
-0.217
-0.155
-0.008
-1.169
-0.299
-0.618
0.164
0.714
0.316
-2.895
-1.845
-1.403
-3.189
-3.027
-1.108
0.006
-0.157
-0.472
-0.108
-0.007
0.193
-0.463
0.704
0.674
-0.241
-0.655
-0.003
-0.666
0.308
-2.456
-1.400
-0.203
-0.521
-0.275
-0.536
-0.171
-2.015
-0.661
-0.156
-0.246
-0.108
0.542
-0.042
0.369
-0.413
-0.159
0.211
-0.094
0.847
-0.491
1.061
-0.513
-0.985
1.230
-0.600
-0.062
-0.086
0.002
-0.588
0.244
-0.656
-0.433
-1.106
-0.933
-0.388
-0.489
-0.359
0.408
-0.092
-0.090
-0.042
-0.108
0.350
-0.952
-0.332
-1.527
-2.233
-0.110
-0.644
0.138
-0.693
-1.671
-1.416
0.330
-1.404
-0.318
-1.082
0.207
1.454
-0.230
-0.337
-0.214
-1.067
0.311
-0.135
1.125
-0.088
-0.010
-1.002
-0.119
-1.560
-0.108
-0.082
-0.997
-0.202
-0.270
-1.884
0.008
-0.013
-0.435
-0.133
0.292
-0.323
0.281
-0.375
-0.224
0.132
-0.005
1.322
0.852
0.023
1.852
1.203
-0.471
0.284
-0.307
0.446
-0.070
0.857
2.063
1.850
1.670
1.574
0.281
1.056
0.830
0.720
0.368
1.712
-0.239
-0.054
-0.091
0.540
-0.099
0.261
0.468
0.716
-0.410
-0.108
-0.092
-0.388
-0.114
0.689
0.302
-0.274
0.298
0.669
-0.121
-0.355
-2.472
-2.036
-1.244
0.142
-1.025
