0.167
0.234
-2.043
-0.295
-0.723
2.338
-0.040
0.578
2.582
0.874
-0.175
3.369
1.308
-0.211
0.773
1.484
0.287
-0.106
0.104
-0.179
0.329
-2.145
-1.924
0.228
-0.199
0.714
-0.644
0.945
-0.350
-0.413
0.095
0.614
-0.594
-0.054
-0.343
0.782
-0.167
0.438
0.019
0.197
-0.216
0.422
-0.046
0.104
-0.058
-0.055
-0.103
-0.112
2.192
0.293
0.494
1.698
3.119
1.480
0.616
0.017
3.187
-0.986
-0.106
-0.314
3.593
1.640
2.438
0.070
0.075
-0.681
0.273
0.716
-0.006
-0.922
-0.988
-0.476
-0.326
-0.172
-0.408
0.279
-2.613
-0.136
0.011
-0.607
2.270
0.146
0.005
1.622
0.223
2.796
1.826
-0.527
-0.645
-1.066
-0.821
-0.468
-0.666
-0.141
1.551
-0.058
0.274
-0.058
1.244
-0.280
0.123
-0.316
3.310
0.678
2.207
0.501
0.239
0.539
1.960
0.606
0.135
-0.058
0.519
-1.530
0.426
-0.353
3.326
-0.220
0.433
0.656
1.235
2.163
2.494
1.141
-0.228
0.784
1.513
-0.307
1.064
0.216
-0.816
-0.473
-0.058
-0.180
-0.058
-0.048
2.289
-0.537
-1.102
-1.873
4.462
0.899
0.131
0.213
-0.692
1.044
-1.068
-0.674
0.247
0.475
0.342
-0.034
-0.248
2.668
1.884
3.418
-0.803
0.862
1.106
2.445
0.105
0.133
-0.685
0.085
-0.072
3.532
0.728
0.152
1.732
0.953
0.827
0.333
0.829
-0.040
0.033
0.221
0.254
-0.183
-0.099
-0.058
-0.416
0.446
0.144
-0.221
0.059
-0.549
-0.061
3.382
1.986
0.785
2.885
1.391
0.855
-0.446
0.793
-0.058
0.043
-0.176
-0.200
-0.058
-0.188
-0.062
-0.089
-0.058
-0.044
-0.058
-0.170
2.401
0.745
-0.419
0.763
2.264
0.932
-1.090
1.321
0.297
1.279
-0.129
0.594
-1.032
-0.351
-0.005
0.100
0.009
-0.432
-0.556
-2.165
1.084
-0.371
1.395
1.096
-0.581
0.022
0.013
0.930
0.762
0.828
-1.027
-0.187
0.408
1.397
0.041
0.659
0.553
0.679
-0.278
-0.146
-0.040
-0.012
-0.162
-0.381
0.181
-0.058
0.182
0.269
-0.088
-0.005
0.493
0.056
0.336
0.119
-0.153
0.263
-0.430
0.252
-0.345
-0.484
0.006
-0.131
-0.285
0.137
-0.413
-0.114
-0.750
-0.050
0.284
0.402
0.169
0.324
-0.254
-0.069
0.404
-0.058
-0.058
2.437
-0.063
-0.015
-0.058
2.369
-0.003
0.106
-1.638
-0.308
-0.443
-0.726
-0.752
-1.782
-0.058
-0.318
-0.644
-1.581
0.070
-0.684
-0.328
-0.159
0.045
0.091
-2.419
-2.344
-2.731
-1.146
-0.228
-1.097
-0.023
-0.883
-0.792
-0.480
-0.030
-0.051
-0.054
-0.058
-0.008
-0.063
-0.393
-0.524
1.402
-0.059
1.023
1.228
0.095
-0.069
-0.133
-0.154
-0.511
-0.387
-0.460
0.001
3.418
3.560
1.960
-0.283
1.597
