-0.122
-0.442
0.314
-0.738
-0.270
-3.445
-0.272
-0.966
-3.196
-1.323
-0.877
-3.878
-0.988
0.204
-1.427
-2.394
-0.676
-0.648
-0.229
-0.123
0.441
0.087
1.750
-1.100
0.288
0.177
1.001
-0.469
0.508
0.343
-0.319
-1.233
0.090
-0.006
0.381
0.141
-0.889
-0.352
-0.354
-0.195
-0.022
-0.796
-0.516
-0.285
-0.878
-1.217
-0.256
-0.275
-1.252
-0.306
-1.673
0.243
-2.656
-2.602
-0.214
-1.425
-2.024
0.204
-0.774
1.150
-3.648
-1.040
-2.112
0.044
0.531
-0.055
0.704
-1.067
-0.171
0.482
0.364
0.201
0.251
-0.173
0.524
0.043
0.211
0.356
0.061
0.415
-2.801
0.049
0.348
-2.489
-0.829
-3.631
-3.127
-0.185
-0.159
-0.195
-0.440
-0.182
-0.290
-0.051
-3.915
0.146
0.117
-0.423
-3.293
-1.543
0.456
-0.023
-4.758
-0.192
-2.204
-1.467
0.121
-0.701
-3.932
-0.081
-0.554
0.212
0.056
1.224
0.102
0.163
-4.406
0.228
-0.186
-0.858
-1.613
-3.116
-1.780
-0.331
-0.334
-1.863
-1.981
-0.117
-0.719
-1.041
1.023
-0.569
0.034
-1.127
-0.078
-0.084
-0.947
-0.276
-0.531
1.689
-2.850
-0.338
0.063
-0.231
0.089
-0.567
1.828
0.511
0.471
0.325
-0.028
0.283
0.161
-1.067
0.656
-1.924
1.083
0.195
-0.564
-1.107
-0.374
0.049
0.525
-0.537
0.141
-4.223
-0.793
-1.271
-2.128
-1.656
-0.443
0.057
-0.595
-0.092
-0.570
-0.503
0.208
-0.349
0.224
-0.003
0.088
-2.252
-0.901
-0.450
-0.173
0.898
-0.513
-4.382
-1.250
-1.185
-3.611
-3.868
-0.363
-0.775
-0.569
-0.234
-1.091
0.067
0.052
0.069
0.049
0.028
-0.217
-0.075
0.049
-0.142
-0.356
-2.316
-0.248
0.451
-1.378
-1.341
0.031
-0.690
-2.789
-1.059
-0.329
-0.602
-0.552
0.100
0.049
0.052
-0.238
-0.059
-0.212
0.190
0.080
-0.956
-0.002
-0.219
-0.391
-0.202
-0.161
0.253
-0.697
-0.247
-0.875
0.583
0.055
0.044
0.051
-0.888
-0.477
-0.991
-1.077
1.222
0.049
0.467
0.049
0.728
0.800
-1.113
-0.045
-0.448
-1.064
0.179
-0.082
0.030
-0.188
-0.317
-0.391
0.126
-0.770
-0.043
0.141
0.295
0.378
-0.907
-0.721
-0.565
0.223
-0.083
0.017
0.017
-0.348
-1.411
-0.575
-0.567
-0.738
0.009
0.041
0.039
-0.090
-0.113
-3.008
0.031
-0.212
-0.359
0.447
-0.605
-0.025
0.235
-0.270
0.539
-0.717
-0.105
0.572
-0.535
-0.226
0.540
0.391
-0.920
0.598
-0.405
-0.209
0.027
0.189
3.149
2.657
3.382
1.645
0.151
0.265
-0.630
0.836
0.263
-0.518
-0.133
-0.038
-0.033
0.124
-0.247
-0.246
1.295
0.312
-0.500
0.133
-0.018
-0.817
-0.056
-0.236
-0.100
-0.098
0.267
0.767
-0.082
-0.152
-3.204
-3.849
-4.001
-2.043
-1.790
