2.548
2.748
2.832
0.273
-0.106
-4.119
-0.055
-0.899
-2.724
-1.414
0.050
-3.359
-1.361
-0.224
1.053
-1.510
-0.283
-0.195
-0.121
-0.293
-0.095
-0.308
0.546
-0.370
-0.188
-1.057
0.899
-0.821
-0.131
0.133
0.236
-0.635
0.126
-0.266
-0.250
-0.723
-0.501
-0.609
-0.181
-0.446
-0.273
-0.350
-0.359
-0.109
-0.581
-0.407
0.410
0.087
-0.784
-0.472
-1.268
-0.239
-2.095
-1.776
-0.522
-0.201
-3.365
0.572
-0.320
0.567
-2.911
-0.904
-2.082
0.267
0.412
-0.043
-0.072
-0.916
-0.095
0.390
0.219
-0.058
-0.044
0.368
-0.118
-0.052
1.413
-0.026
0.024
0.154
-2.546
0.010
0.368
-2.511
-0.302
-2.833
-1.651
-0.046
-0.080
0.569
-0.077
0.011
-0.203
-0.127
-4.440
0.306
0.246
-0.612
-2.593
-1.506
-0.463
0.151
-3.134
0.077
-1.155
-0.595
0.333
-0.014
-2.749
-0.003
0.063
0.241
0.422
1.250
0.260
0.199
-3.079
0.488
-0.722
-0.916
-1.614
-2.207
-0.915
-0.335
-0.010
-0.551
-1.996
-0.072
-0.960
-0.521
1.298
-0.186
-0.061
-1.759
-0.174
-0.144
-1.228
0.153
-0.698
2.556
-2.097
-0.590
-0.376
-0.677
-0.260
-0.204
3.046
2.563
-0.315
0.417
-0.136
0.675
0.060
-1.917
-1.103
-3.357
0.516
-1.175
-0.431
-1.644
-0.519
-0.430
0.772
-0.475
0.253
-3.456
-1.091
-0.645
-1.704
-1.218
-0.354
-0.237
-0.275
-0.080
-0.365
-0.046
-0.194
-0.066
-0.065
-0.011
0.230
-1.649
-0.665
-0.081
-0.097
0.478
-0.087
-2.881
-2.035
-1.316
-2.552
-3.089
-0.706
-0.223
-0.927
-0.583
-0.580
0.287
-0.164
-0.425
-0.137
-0.170
-0.471
-0.508
-0.175
-0.555
-0.093
-2.653
-0.719
1.132
-0.881
-1.647
-0.802
-0.280
-3.289
-1.132
-0.216
-0.352
-0.247
0.827
-0.126
-0.061
-0.224
-0.218
-0.155
0.235
0.676
-1.224
-0.133
-1.080
-0.904
-0.478
-0.014
0.231
-0.135
0.139
-0.534
0.289
-0.076
0.189
-1.835
-1.810
-0.701
-0.611
-2.217
0.479
0.452
0.232
-0.145
0.273
0.525
-0.809
0.019
-0.445
-1.048
0.299
-0.107
-0.690
-0.014
-0.425
-0.043
0.601
-0.446
0.623
-0.111
0.764
0.013
-0.552
0.078
-0.313
-0.127
0.276
0.154
0.289
0.125
-0.387
-0.245
-0.473
-0.097
0.425
0.280
-0.186
0.089
-0.273
-1.991
-0.233
-0.043
-0.132
-0.958
-0.527
-0.384
-0.192
-0.421
-0.140
-0.415
0.047
0.233
-0.241
-0.441
0.373
0.162
-0.343
0.414
-0.454
0.087
-0.060
0.035
2.856
1.644
1.817
1.129
0.129
0.361
-0.142
0.314
0.739
-0.462
-0.238
-0.689
-0.106
-0.236
-1.197
-0.036
1.540
0.729
-0.343
0.257
-0.584
-1.800
-0.184
-0.046
-0.053
0.130
0.555
0.021
0.008
-0.154
-1.804
-3.564
-3.031
-0.647
-3.666
