-0.008
-0.008
-0.008
-0.068
0.622
2.441
0.008
0.674
2.458
1.308
0.004
2.878
1.004
0.639
0.514
2.098
0.546
0.552
-0.169
-0.014
-0.088
-0.052
-0.008
0.621
0.012
1.285
-0.712
0.003
-0.008
-0.024
-0.008
0.436
-0.917
-0.003
-0.060
0.044
0.665
0.745
0.364
0.371
0.368
0.694
1.094
0.535
0.152
0.219
-0.166
-0.539
0.750
0.103
0.981
-0.294
1.598
1.612
0.015
0.166
2.068
-0.002
0.140
0.097
2.669
0.922
1.436
-0.153
-0.081
-0.017
-0.157
0.307
0.001
-0.556
-0.369
-0.292
-0.086
-0.063
-0.119
-0.031
-0.791
-0.439
-0.107
-0.271
2.017
0.033
-0.275
1.840
1.121
2.452
1.525
0.290
0.226
1.020
0.290
0.269
-0.305
-0.033
2.436
-0.639
-0.014
0.515
2.636
1.247
0.434
-0.240
3.135
-0.040
1.596
0.215
-0.012
0.220
2.357
0.162
-0.273
-0.104
-0.008
-1.042
-0.048
-0.083
2.841
-0.412
0.822
0.729
1.681
3.056
1.436
0.434
0.205
0.729
1.299
0.025
0.428
0.221
-0.543
0.839
0.066
1.064
-0.008
-0.033
1.529
0.158
0.706
-0.008
2.123
0.338
-0.057
0.276
-0.429
-0.026
-2.225
-1.133
0.069
-0.434
-0.009
-0.200
-0.451
0.338
-0.008
3.028
-0.411
-0.008
-0.038
0.170
0.182
0.096
-0.816
0.148
-0.402
2.303
0.348
0.677
1.086
0.337
0.201
0.180
0.172
-0.167
0.200
0.259
0.086
0.070
0.040
-0.234
-0.136
1.787
0.650
0.041
0.016
-0.793
-0.097
2.613
2.106
1.121
2.778
4.039
1.356
0.453
0.295
0.225
0.649
-0.102
0.047
0.031
-0.022
-0.008
0.135
0.229
0.104
0.153
-0.106
1.777
0.182
-0.385
0.686
1.980
0.992
0.505
2.212
0.878
0.159
0.338
0.082
-0.294
-0.270
-0.332
0.097
-0.012
-0.068
-0.350
-0.008
0.655
0.161
0.827
0.616
0.162
0.080
-0.198
0.557
0.076
0.653
-0.332
-0.249
0.192
0.988
0.400
0.360
0.727
1.421
0.176
-0.008
-0.760
-0.719
-0.346
-0.653
0.970
0.549
0.656
1.480
-0.708
-0.919
-0.008
4.496
0.803
0.226
-0.869
1.613
-0.481
0.008
-0.904
-0.165
0.143
0.016
0.559
-0.168
-0.008
-0.003
-0.008
-0.008
0.234
0.172
0.092
0.306
-0.384
-0.104
0.074
-0.022
0.078
2.315
0.076
-0.282
0.142
0.149
0.282
-0.060
-0.726
-0.018
-0.109
-0.004
-0.103
-0.323
0.003
-0.126
-0.670
-0.231
-0.097
-0.131
0.020
-0.523
0.071
-0.089
-4.013
-1.952
-2.967
-1.528
-0.168
-0.387
-0.068
-0.639
-1.036
0.580
0.249
0.467
0.277
-0.118
0.255
0.122
-1.729
-0.086
0.174
0.113
0.526
1.229
0.080
-0.150
0.348
0.019
-0.188
0.071
0.191
0.126
1.876
1.840
2.927
0.713
1.755
