0.598
0.754
0.915
0.192
-0.035
-2.487
-0.014
0.050
-1.032
-0.747
-0.070
-2.469
-0.493
0.046
0.059
-0.034
-0.008
-0.196
0.036
-0.076
0.049
-0.058
1.133
-0.527
0.122
-0.041
0.065
0.033
0.068
0.405
-0.030
-0.248
0.540
-0.145
0.034
-0.400
0.287
-0.198
-0.090
-0.767
-0.290
-0.163
-0.501
0.050
0.024
0.015
0.657
0.060
-0.818
-0.583
-0.316
1.291
-1.052
-1.207
0.009
0.015
-1.805
0.141
0.050
0.119
-1.896
-0.229
-2.002
0.065
0.094
-0.269
0.132
-0.804
0.050
0.454
0.063
0.384
0.060
0.761
0.082
0.050
1.528
0.085
0.145
0.252
-2.271
0.080
0.140
-1.026
-0.128
-2.444
-1.019
-0.170
-0.051
0.946
0.050
-0.189
0.046
0.021
-1.678
0.052
0.055
-0.111
-2.070
-0.978
-0.192
0.031
-3.358
-0.785
-1.778
-0.209
0.263
-0.353
-3.697
-0.367
-0.083
0.129
-0.640
1.543
-0.571
-0.031
-3.464
0.195
-0.213
-0.702
-1.114
-2.452
-0.869
-0.180
-1.194
-0.808
-1.015
-0.163
-0.340
-0.067
-0.262
-0.377
0.356
-0.302
-0.089
0.050
-1.320
-0.180
-0.725
2.040
-2.562
-0.357
-0.015
-0.048
0.279
-0.219
1.872
1.086
-0.073
0.105
-0.091
0.117
0.292
-0.741
0.144
-2.343
0.913
0.512
0.340
-0.046
-0.461
-0.521
1.088
-0.375
0.701
-3.132
-0.841
-0.836
-2.064
-0.800
-0.594
0.047
-0.472
0.050
-0.030
-0.094
-0.179
0.050
0.050
0.082
0.068
-1.120
0.011
0.098
0.050
0.066
0.121
-2.935
-2.355
-1.214
-4.261
-2.723
-0.394
-0.044
-0.385
-0.371
-0.384
0.022
0.149
-0.041
0.078
0.551
0.026
-0.161
-0.048
-0.375
0.062
-1.236
-0.157
0.270
0.050
-1.153
-0.276
0.008
-2.395
-0.623
0.406
0.497
0.079
1.086
0.614
0.972
0.216
0.335
0.684
0.649
0.454
-0.600
0.075
-0.815
-0.464
0.099
0.045
-0.053
-0.209
-0.044
-0.492
0.416
-0.844
-0.226
-2.130
-0.325
-1.001
-0.033
-0.192
0.099
0.050
0.656
0.193
-0.629
0.050
-1.031
0.247
-0.517
-0.492
0.442
0.029
-0.020
-0.132
-0.051
-0.113
0.044
-0.422
0.728
-0.217
0.401
-0.265
-0.996
0.070
-0.163
0.050
0.130
0.050
0.072
0.511
-0.039
-0.194
-0.100
-0.063
0.050
0.050
0.027
0.050
0.029
-2.057
0.050
0.081
0.050
0.360
-0.042
-0.148
0.950
0.098
0.060
0.050
0.167
0.050
-0.342
0.050
0.050
0.112
0.049
0.050
-0.025
0.050
0.051
0.050
2.001
1.382
1.966
1.047
0.050
0.200
0.027
0.302
0.372
0.214
-0.015
0.041
0.031
0.073
-0.042
0.056
0.682
0.377
0.046
0.175
-0.451
-0.710
0.050
0.007
-0.521
-1.726
0.671
-0.018
0.214
0.014
-3.184
-2.980
-3.399
-0.686
-1.480
