0.059
0.168
-0.401
0.083
0.083
-2.925
0.073
-0.203
-3.735
-2.011
0.116
-3.416
-0.972
-0.546
0.116
-2.018
-0.650
-0.202
-0.053
0.116
0.090
0.778
-0.034
0.395
0.140
-0.149
0.682
0.023
0.471
0.491
0.116
0.146
1.531
-1.153
0.675
-0.413
0.110
0.013
0.076
-0.517
-0.081
-0.065
-0.834
0.105
0.116
0.058
1.027
0.100
-0.384
0.122
-0.613
0.116
-3.216
-2.363
-0.013
0.081
-1.231
0.527
0.096
0.340
-2.920
-0.763
-1.566
0.348
0.102
0.759
-0.106
-0.237
0.096
1.022
0.871
0.621
0.116
0.079
0.589
0.286
0.116
1.034
0.258
0.641
-3.039
-0.339
0.280
-1.856
-0.215
-2.518
-1.634
-0.025
-0.131
-0.101
0.040
0.069
0.488
0.043
-3.146
0.381
0.179
-0.157
-2.079
-0.935
-0.017
0.239
-3.870
-0.399
-0.138
-0.134
0.056
0.000
-2.707
-0.065
0.110
0.190
0.098
1.838
-0.057
0.680
-3.307
1.259
-0.398
-0.547
-1.045
-2.605
-1.838
-0.154
0.192
-0.090
-2.901
-0.281
-0.635
-0.073
0.621
-0.102
0.148
-1.559
-0.134
0.108
-0.509
0.902
0.269
0.116
-1.876
-0.330
-0.677
-0.401
0.044
0.024
2.827
1.706
0.035
0.016
-0.338
0.290
0.116
-1.508
-0.091
-3.248
0.620
-0.223
-0.287
-1.066
0.114
-0.152
0.977
-0.123
1.288
-2.788
-0.801
-0.804
-1.585
-1.179
-0.073
0.105
-0.448
0.100
-0.450
-0.419
0.055
-0.040
0.116
0.054
0.008
-1.060
-0.245
-0.558
0.116
0.236
-0.727
-0.484
-0.603
-0.034
-1.003
-1.421
-0.468
-0.233
-0.908
0.035
-0.212
0.191
0.116
0.116
0.506
0.127
0.039
0.030
0.051
0.167
0.256
-1.942
0.068
0.123
-1.222
-0.485
-0.374
-0.153
-2.257
-1.079
-0.823
-0.627
-0.463
0.014
0.061
-0.007
0.001
-0.158
0.023
0.076
0.116
-0.545
-0.071
0.005
-0.515
-0.148
-0.599
0.238
-0.538
-0.185
-0.547
0.265
0.144
-0.083
-0.264
0.113
-0.130
0.047
-0.613
0.071
0.116
0.116
0.122
0.707
0.133
-1.312
0.052
0.089
-0.125
0.116
0.116
-0.028
0.116
0.116
0.100
0.116
-0.056
0.141
0.116
0.116
0.403
-0.102
0.056
0.108
1.070
0.072
0.114
0.264
0.034
-0.058
-0.038
-0.003
-0.019
0.373
0.116
0.109
0.098
0.029
-2.181
0.007
0.116
0.116
0.102
-0.004
0.116
0.039
0.247
0.320
0.116
0.200
0.116
0.116
0.238
0.336
0.116
0.175
0.280
0.224
0.375
0.116
0.119
2.728
0.403
0.395
0.476
0.116
0.116
0.102
0.261
0.556
0.379
0.101
-0.011
0.116
-0.364
-0.510
-0.026
1.060
0.297
0.063
0.116
-0.096
-1.422
0.116
0.289
-0.134
0.116
0.154
-0.195
0.228
0.263
-2.303
-3.074
-3.266
-0.510
-0.858
