0.074
0.074
0.074
0.045
0.573
1.903
0.029
0.289
1.134
0.221
0.062
2.588
0.158
0.222
0.225
1.195
-0.176
0.042
0.140
-0.119
-0.345
-0.113
-1.246
0.450
-0.302
0.101
-0.341
0.538
-0.121
-0.304
-0.132
0.484
-0.569
-0.357
-1.075
-0.187
0.491
-0.046
0.243
-0.214
0.264
0.357
0.370
0.081
0.896
0.752
-0.401
0.069
0.310
0.744
1.157
-0.451
1.033
1.024
0.694
0.463
1.723
-0.552
0.239
-0.257
2.297
0.675
1.947
0.047
-0.010
0.254
0.149
1.120
0.015
-0.276
-0.333
-0.222
-0.242
-0.051
-0.225
0.124
-0.681
-0.348
0.026
-0.100
2.784
0.157
-0.063
2.193
0.819
1.927
1.376
0.119
0.326
-0.679
0.197
0.119
-0.122
-0.095
3.355
-0.340
-0.062
0.462
2.730
1.092
0.025
-0.125
3.811
0.041
1.815
1.464
-0.038
-0.027
2.487
-0.077
-0.083
-0.203
-1.173
-1.768
0.244
-0.111
3.255
-0.217
0.273
1.181
1.699
2.707
1.948
0.016
-0.036
0.788
1.182
-0.014
0.372
0.609
-0.897
0.947
0.133
0.958
-0.018
0.088
1.181
0.125
0.431
-1.216
2.165
0.670
-0.153
0.358
-0.385
-0.023
-1.392
-0.255
0.027
-0.589
0.243
-0.217
-0.082
1.237
0.394
2.906
-0.790
0.196
0.396
1.210
0.072
0.182
-1.382
0.398
-0.805
3.292
0.867
0.276
1.517
1.348
0.364
0.150
0.423
-0.482
0.514
0.539
-0.340
-0.165
-0.183
-0.514
0.294
2.381
0.763
0.513
0.085
-0.552
0.123
3.402
1.286
0.826
2.806
3.550
0.596
1.127
0.565
0.334
0.507
-0.024
0.300
0.065
-0.004
-0.044
0.322
0.311
0.094
0.291
0.141
1.760
0.293
-0.747
0.209
0.971
0.564
0.390
2.672
1.196
0.278
0.298
0.298
0.095
-0.091
-0.092
0.223
-0.119
-0.082
-0.203
-0.029
0.514
0.053
0.639
0.628
0.185
0.076
0.033
0.732
-0.089
1.499
-0.374
0.222
0.504
0.504
1.860
1.094
0.945
0.131
-0.112
-0.078
-0.055
0.074
-0.395
-0.562
0.690
0.211
0.205
0.686
-0.164
-0.252
-0.870
0.313
0.847
0.482
-0.057
0.173
0.095
0.162
-0.242
-0.346
0.022
-0.138
-0.445
0.374
0.048
0.027
-0.093
0.237
0.407
0.326
0.325
0.149
-0.162
-0.239
0.059
0.007
0.299
2.287
0.109
0.000
0.129
0.170
0.356
-0.608
-0.163
0.157
-0.501
0.237
0.073
-0.216
0.606
0.074
-0.296
-0.135
0.118
0.190
0.117
-0.060
0.106
-0.089
-2.964
-1.919
-2.244
-1.491
0.269
0.092
-0.032
-0.187
-0.401
0.302
0.271
0.401
0.151
0.137
0.518
0.198
-1.303
-0.346
0.313
-0.241
0.447
1.166
0.012
-0.007
0.287
-0.151
-0.321
-0.229
0.334
0.193
1.043
3.072
2.439
0.396
1.732
