0.068
0.059
-0.557
-0.604
-0.121
-1.831
0.481
-1.721
-1.300
-0.869
0.013
-2.513
-0.805
-0.340
1.198
-2.181
-0.278
-0.386
-0.044
1.420
0.488
-0.119
0.513
-0.266
0.375
-0.764
0.259
-0.694
-0.482
-0.075
-0.477
-0.487
0.690
-0.375
-0.075
-0.449
-0.095
-0.572
-0.252
-0.147
-0.271
-0.127
-1.395
0.006
0.518
0.289
0.655
-0.054
-0.601
-1.855
-1.252
0.280
-3.942
-3.272
-0.966
-0.271
-2.599
0.962
-0.083
1.073
-3.269
-0.891
-1.676
0.169
0.041
0.240
-0.404
-0.365
-0.101
-0.060
0.125
-0.100
-0.051
0.167
-0.141
-0.094
0.387
-0.060
-0.060
-0.060
-2.436
-0.008
0.638
-3.018
-0.050
-2.456
-1.000
-0.162
0.678
0.035
0.189
-0.147
0.073
-0.243
-2.181
-0.092
-0.052
-0.597
-2.952
0.041
-0.891
-0.058
-2.491
-0.570
-1.872
-1.182
0.357
-0.451
-1.980
-0.350
0.124
-0.125
-0.410
1.078
0.004
0.894
-4.188
0.557
-0.106
-1.048
-1.443
-1.871
-1.417
-1.125
0.216
-0.807
-1.441
0.238
-1.353
-1.220
-0.502
-0.536
0.044
-0.690
-0.118
-0.071
-2.466
-0.191
-0.544
1.867
-2.928
-1.470
0.288
-0.501
0.948
-0.318
2.418
1.541
-0.083
0.072
-0.017
1.614
-0.083
-1.564
-1.296
-2.033
1.166
-0.995
-0.149
-1.451
-0.603
-0.392
0.620
-0.718
0.248
-2.451
-0.405
-0.218
-1.923
-0.619
-0.583
0.055
-0.251
-0.168
-0.268
-0.355
-0.189
0.268
-0.123
-0.279
-0.325
-0.541
-0.412
0.047
-0.226
0.645
-0.084
-2.639
-0.901
-0.428
-3.039
-1.744
-0.938
-0.156
-0.392
-0.135
-0.124
-0.091
-0.050
-0.115
-0.236
-0.165
-0.093
-0.168
-0.078
-0.165
-0.100
-2.607
-0.985
0.373
-0.406
-2.593
-1.481
-0.225
-2.654
-1.176
0.009
-0.325
0.414
0.488
0.025
-0.152
-0.225
-0.230
0.248
0.613
2.464
-1.556
-0.008
-1.682
-0.530
0.095
-0.526
0.005
-0.405
-0.982
-0.808
0.322
-0.263
-0.477
-0.987
-1.373
-0.087
-0.663
-1.088
-0.376
-0.102
-0.139
-0.296
1.195
0.330
-1.091
0.264
-0.051
-0.812
-0.028
-0.082
0.095
-0.048
-0.346
-0.360
0.026
-0.081
0.592
-0.093
0.701
0.883
-0.600
-0.173
-0.120
-0.179
0.635
-0.111
0.692
0.192
-0.146
-0.452
-0.520
-0.283
0.244
-0.107
-0.152
-0.009
0.011
-2.499
-0.040
-0.084
0.202
-1.447
-0.573
0.037
1.181
-0.122
0.041
0.040
0.287
0.012
0.168
-0.086
0.297
0.211
-0.485
-0.362
-0.045
-0.581
-0.060
0.181
3.537
1.913
2.176
1.083
0.091
0.699
0.343
1.393
0.550
1.415
-0.716
-0.412
-0.068
-0.217
-0.079
-0.123
0.096
-0.047
-0.901
0.288
-0.187
-1.303
-0.299
0.088
0.170
-0.215
0.447
-0.408
0.518
0.133
-3.676
-2.747
-1.674
-0.079
-1.507
