0.868
1.350
0.536
-0.043
-0.205
-2.171
-0.229
-0.158
-2.106
-0.945
0.405
-2.889
-0.856
-0.774
0.151
-2.165
-0.966
0.641
1.207
0.328
-0.346
1.282
0.863
-0.890
-0.785
0.095
0.182
-0.122
0.310
-0.009
-0.186
-0.863
0.440
0.907
0.922
0.379
0.225
-0.015
-0.334
-1.172
-0.621
-0.580
-1.696
-0.135
-0.037
-0.039
0.266
-0.087
-0.259
-1.446
-1.469
-0.210
-1.020
-0.882
-1.605
-1.417
-2.514
0.763
-0.627
-0.281
-2.295
-1.223
-3.117
-0.045
0.230
0.020
-0.452
-0.255
-0.100
0.759
0.967
0.328
-0.809
0.230
0.486
-0.213
1.156
-0.321
0.052
0.641
-1.959
-0.031
-0.730
-2.272
-0.559
-1.377
-0.402
0.024
0.016
0.066
0.035
0.025
0.017
0.379
-1.792
-0.204
-0.079
-0.192
-2.733
-1.415
-0.850
-0.155
-2.289
-0.015
-1.467
-1.592
0.121
-0.278
-2.115
-0.598
-0.096
-0.103
-0.368
1.226
-0.850
0.047
-2.502
0.585
0.060
-0.447
-1.209
-2.254
-1.069
-0.757
-0.421
0.407
-0.579
0.309
0.075
-0.494
0.883
0.037
-0.065
-0.065
-0.177
-0.005
-2.301
-0.748
-0.476
2.826
-2.218
-0.324
0.830
0.655
1.790
0.290
4.505
1.263
-0.000
-0.341
-0.861
-0.704
0.173
-1.847
-0.765
-1.834
0.753
-1.437
-0.111
-1.489
0.198
0.337
0.653
0.295
0.588
-2.772
0.293
0.205
-1.188
0.142
-0.709
-1.758
-1.240
-0.525
-0.300
-1.280
-0.932
-0.373
-0.636
-0.562
-0.029
-0.521
-0.262
-0.405
0.053
0.867
0.112
-0.284
0.128
0.017
-1.808
-1.278
-0.014
0.057
-1.008
-0.213
-0.230
0.106
0.041
-0.146
0.307
0.263
0.019
-0.071
-0.137
-0.040
-0.121
-2.267
-1.092
0.094
-0.442
-1.471
-1.480
-0.904
-1.524
-0.114
-0.517
-0.621
-0.080
0.029
-0.119
-0.142
-0.303
-0.239
0.086
-0.253
1.117
-0.737
0.002
-0.750
-0.347
-0.151
-0.256
-0.121
0.271
0.137
-0.245
0.374
-0.145
-0.141
-0.963
-1.365
-0.470
-0.832
1.230
-0.053
0.036
-0.119
0.109
-0.037
-0.379
-0.963
-0.529
-0.032
-0.456
0.043
0.017
-0.115
-0.111
0.203
0.063
0.044
-0.322
0.058
0.017
0.354
0.376
0.837
0.061
0.181
0.532
0.137
0.041
0.042
-0.178
-0.607
-0.275
-0.454
-0.913
0.054
0.089
-0.272
0.022
-0.094
-2.021
0.139
0.004
0.174
-0.482
0.533
-1.093
0.305
-0.311
-0.274
-0.157
0.141
0.747
-0.603
-0.074
0.137
0.168
-0.330
-0.061
-0.189
0.114
-0.012
-0.091
2.294
2.475
2.056
1.882
0.020
0.091
-0.658
0.218
0.467
0.771
-0.065
0.815
0.332
-0.070
0.230
-0.103
0.277
0.274
-0.249
0.156
-0.444
-0.761
-0.055
0.076
-0.301
-0.086
0.141
-0.221
0.055
0.210
-2.288
-2.458
-1.741
-0.318
-1.311
