-1.276
-1.331
-0.571
-0.141
-0.067
2.297
-0.110
0.521
1.988
0.764
-0.075
3.005
0.674
0.025
-0.511
1.721
0.637
-0.226
0.202
-0.417
0.049
-0.072
-1.760
-0.079
-0.227
0.167
-0.586
0.387
-0.163
-0.285
-0.018
0.957
-0.696
0.572
0.171
0.867
0.677
0.579
0.084
0.313
0.146
0.250
0.245
0.239
0.202
0.222
-0.611
0.037
0.361
0.801
0.716
0.196
1.499
1.177
0.639
0.096
2.259
-0.701
-0.108
-0.692
2.125
0.677
2.334
-0.104
-0.072
-0.280
0.029
1.242
-0.054
-0.241
-0.189
-0.119
-0.116
-0.542
-0.110
-0.071
-0.626
-0.299
-0.152
-0.210
2.727
0.093
-0.118
2.044
0.314
2.107
1.241
0.041
-0.072
-0.711
-0.011
0.068
-0.155
0.221
3.035
-0.563
-0.037
0.108
2.709
1.567
-0.318
0.119
3.150
-0.216
1.144
0.397
-0.109
0.181
2.831
0.006
0.086
-0.073
0.114
-1.289
-0.227
-0.467
2.712
-0.901
0.434
0.389
1.090
2.385
0.899
0.233
-0.031
0.516
1.185
-0.531
0.012
0.496
-0.787
0.608
0.037
1.173
0.050
-0.006
1.084
-0.511
0.074
-2.716
1.819
0.731
-0.012
0.151
-0.229
0.473
-2.048
-1.254
0.167
-0.495
-0.058
-0.059
-0.261
0.635
0.594
1.634
-0.593
0.377
0.183
0.676
0.546
0.547
-1.563
0.612
-0.897
3.169
1.055
0.290
1.234
1.400
0.312
0.194
0.340
-0.060
0.281
0.194
0.243
0.092
-0.005
-0.285
-0.086
1.790
0.688
-0.145
-0.026
-0.446
0.097
2.388
1.795
0.919
2.488
2.850
0.156
-0.123
0.245
0.405
0.702
-0.060
-0.105
0.145
-0.537
-0.264
0.286
0.267
0.276
0.353
0.098
1.755
0.548
-0.360
0.659
1.156
0.690
0.315
1.801
0.613
0.191
0.189
0.054
-0.298
-0.296
-0.234
0.163
0.178
-0.323
-0.201
-0.628
0.644
-0.261
1.031
0.572
0.091
-0.293
0.108
0.140
-0.222
0.509
-0.488
-0.051
0.517
1.534
1.632
0.464
0.888
0.640
-0.078
-0.037
-0.145
-0.149
0.119
-0.227
1.111
-0.260
0.147
0.541
-0.387
-0.179
0.238
-0.088
0.260
0.106
-0.626
0.241
-1.322
0.116
-1.111
-0.480
0.211
0.023
-0.236
0.166
-0.041
-0.006
-0.208
-0.050
0.491
0.351
0.638
0.150
-0.204
0.001
0.257
-0.021
0.262
2.701
-0.018
-0.039
0.033
0.561
0.548
0.071
-0.269
0.040
0.018
-0.120
-0.005
-0.064
0.199
0.111
-0.297
-0.055
0.159
0.103
0.022
-0.096
-0.074
-0.058
-2.309
-1.628
-1.609
-1.334
0.033
-0.312
0.019
-1.101
-0.572
-0.313
0.113
0.169
0.006
0.385
0.349
0.084
-0.930
-0.520
0.181
-0.211
0.377
1.128
0.110
0.191
0.013
-0.336
-0.783
0.084
-0.033
0.104
2.407
2.190
2.741
1.310
2.078
