-0.279
-0.752
-1.950
-0.286
0.333
2.005
0.200
0.382
1.538
0.443
0.141
2.871
0.307
-0.196
-0.385
2.094
0.391
0.202
-0.144
0.180
-0.163
0.473
-1.404
1.150
-0.579
0.598
-0.335
0.000
-0.290
-0.187
-0.048
1.465
0.293
0.120
-0.311
-0.021
0.373
0.307
0.267
0.712
0.320
0.562
0.461
0.018
0.401
0.513
-0.259
-0.172
0.791
0.850
0.987
0.101
1.878
2.005
0.295
0.122
1.940
0.192
0.261
0.197
2.233
0.966
1.925
-0.194
0.093
0.171
0.136
1.000
0.056
-0.628
-0.245
-0.533
-0.260
0.054
-0.493
-0.125
-0.840
-0.579
-0.295
-0.602
2.072
0.118
0.116
1.426
0.588
2.462
1.187
0.433
-0.083
-0.290
-0.067
0.401
-0.333
1.184
2.017
-0.622
0.204
0.498
3.036
1.828
0.124
0.051
3.273
0.074
1.833
0.812
0.280
0.354
2.808
0.201
-0.197
-0.095
0.379
-1.496
-0.117
0.049
3.586
-0.101
0.058
1.076
2.044
2.771
1.366
0.609
0.011
1.267
1.134
0.114
0.163
0.681
-0.313
0.805
-0.092
0.426
0.009
0.159
0.802
0.419
0.297
-2.396
1.641
0.208
-0.303
0.224
-0.199
0.230
-2.300
-1.299
0.049
-0.054
0.251
0.138
-0.319
1.140
0.707
2.807
-1.349
-0.072
0.657
1.086
0.469
0.472
-1.468
0.367
-0.654
3.481
0.041
1.440
1.376
0.127
0.529
-0.180
0.525
-0.160
0.032
0.301
0.293
-0.048
-0.085
-0.332
-0.131
1.584
0.619
-0.005
0.186
-0.667
0.310
3.078
1.807
0.734
2.396
3.858
0.425
0.656
0.578
0.858
0.884
-0.354
-0.083
-0.046
-0.083
-0.096
0.549
0.574
-0.068
0.660
0.110
2.058
0.950
-0.703
0.529
1.294
0.224
0.073
2.926
1.026
0.553
0.432
-0.263
-0.224
-0.099
-0.059
0.406
0.283
-0.176
-0.403
-0.214
0.491
0.321
0.762
0.352
0.070
0.293
-0.239
0.879
-0.045
0.896
-0.744
0.183
0.323
0.795
0.640
1.281
0.121
0.887
-0.087
-0.046
-0.070
-0.083
-0.610
-0.632
0.704
0.422
0.074
0.157
0.038
-0.630
-0.033
-0.036
0.278
0.275
-0.469
0.029
-0.306
-0.267
-0.515
-0.233
0.370
-0.157
0.351
0.097
-0.265
0.001
-0.446
-0.062
0.806
0.348
0.257
0.299
-0.314
-0.083
0.493
-0.083
0.046
2.937
0.054
-0.216
-0.100
0.453
0.106
-0.803
0.011
0.130
0.129
-0.479
-0.274
-0.275
-0.228
0.098
-0.109
-0.425
0.090
-0.183
0.145
0.137
0.205
0.127
-3.309
-2.159
-2.261
-1.503
-0.401
-0.904
0.162
-0.589
-0.698
0.401
0.375
0.156
0.246
0.261
-0.065
0.240
-1.331
-0.518
0.244
-0.147
0.326
1.738
0.232
-0.094
0.663
0.076
-0.746
-0.028
-0.155
0.493
1.902
3.941
3.140
0.947
2.207
