0.323
0.231
1.652
0.159
-0.589
-3.493
-0.022
-0.924
-1.837
-0.503
0.013
-3.104
-0.782
0.158
-0.061
-2.665
-0.204
-0.352
-0.003
0.165
0.303
0.013
1.068
0.028
0.013
-0.341
0.577
-0.446
0.256
0.181
-0.015
-1.036
0.296
0.617
0.819
0.305
-2.102
-0.621
-0.198
0.357
-0.070
-0.068
-0.788
0.014
-0.277
-0.338
0.697
-0.071
-0.583
-0.217
-1.562
-0.415
-1.526
-1.610
-0.799
-0.357
-1.636
1.167
-0.108
0.409
-2.913
-1.128
-1.586
0.036
-0.001
0.066
-0.050
-0.070
-0.054
0.542
0.269
0.239
0.093
-0.902
1.719
-0.084
0.638
0.131
-0.015
0.294
-1.877
-0.051
0.176
-1.333
-0.020
-2.863
-1.241
-0.161
-0.002
0.687
-0.122
-0.166
0.173
0.655
-2.161
0.152
-0.145
-0.145
-3.273
-0.830
-0.092
0.128
-3.363
0.071
-1.468
-0.742
0.305
0.043
-1.817
0.223
0.107
0.178
0.066
2.255
-0.090
0.905
-4.576
0.769
0.680
-0.594
-0.616
-3.019
-1.796
-0.425
0.227
0.115
-2.651
-0.023
-0.447
-0.662
2.403
0.443
0.626
-0.506
0.012
0.028
-2.200
-0.534
-0.392
2.220
-2.324
-0.599
0.000
-0.335
0.498
-0.380
1.806
1.498
-0.279
0.300
0.118
-0.087
0.305
-1.201
-0.794
-2.871
-0.048
-0.297
-0.488
-1.169
-0.186
-0.337
1.827
-0.104
1.047
-2.521
-0.225
-0.755
-0.339
-0.216
-0.232
-0.136
-0.049
0.247
-0.035
-0.109
0.049
0.013
0.013
0.353
0.218
-1.750
-0.716
0.004
0.053
0.307
0.002
-2.993
-1.197
-0.344
-3.410
-4.109
0.000
0.013
-0.380
-0.492
-0.998
0.006
-0.019
-0.075
0.035
0.013
-0.437
-0.585
-0.063
-0.783
0.429
-2.132
-0.633
1.401
-0.871
-1.268
-0.193
-0.641
-2.584
-0.609
-0.258
-0.291
-0.718
0.724
0.029
-0.000
-0.080
-0.235
-0.044
-0.058
0.572
-1.109
-0.185
-0.935
-0.819
0.245
-0.048
0.289
-0.013
0.195
-0.057
1.212
0.020
0.004
-0.231
-0.163
-0.059
-0.090
-0.747
1.047
0.012
-0.660
-0.035
-0.280
1.240
-0.567
-0.038
-0.814
-1.338
0.350
-0.300
-0.617
-0.598
-0.452
-1.301
1.092
-0.762
0.994
-0.035
1.302
1.823
0.169
0.228
1.158
-0.067
-0.027
0.013
-0.162
0.047
-0.519
-0.830
-0.491
-0.969
0.163
0.122
-0.160
0.075
-0.236
-1.457
-0.022
0.350
0.021
-0.826
0.240
0.294
-0.652
-0.151
-0.103
-0.275
-0.080
-0.045
-0.747
-0.094
0.200
0.013
-0.302
0.189
-0.129
-0.067
0.087
0.030
4.357
1.384
2.211
0.763
0.404
0.970
0.028
0.485
0.937
-0.947
-0.060
-0.184
-0.210
-0.384
-0.725
-0.129
2.045
0.442
-0.718
0.755
-0.234
-0.103
-0.155
0.310
-0.541
-0.065
0.187
0.220
0.167
0.142
-1.634
-1.893
-2.471
-0.069
-1.980
