0.115
0.252
0.595
-0.014
0.506
-2.556
0.083
-0.454
-1.779
-0.423
0.023
-2.936
-0.620
0.225
0.515
-2.387
-0.230
-1.074
-0.257
0.153
-0.002
0.042
0.304
0.266
0.281
0.164
0.916
0.005
0.205
0.497
0.137
-1.031
0.531
-0.142
-0.196
-0.544
-0.235
-0.256
-0.097
-0.348
-0.118
-0.254
-0.209
0.047
-0.094
-0.043
0.385
0.095
-0.392
-0.090
-0.194
-0.096
-1.473
-1.740
-0.385
-0.008
-2.963
0.149
-0.155
0.101
-2.783
-0.766
-1.936
0.285
0.281
0.050
0.070
-0.839
0.143
0.409
0.855
0.400
0.400
-0.149
0.266
0.266
0.438
0.659
0.261
0.295
-3.002
-0.509
0.016
-2.116
-0.371
-1.620
-0.788
0.021
0.104
0.114
0.097
-0.030
0.082
-0.067
-1.971
0.260
0.442
-0.088
-2.868
-0.183
0.067
0.165
-3.586
0.065
-1.545
-1.085
0.519
-0.106
-2.754
0.352
0.086
0.294
0.053
1.732
0.061
0.072
-2.765
0.513
-0.198
-0.534
-1.113
-2.514
-1.242
-0.559
0.136
-0.531
-0.966
0.467
0.738
-0.216
0.746
-0.258
0.085
-0.468
0.070
0.050
-1.419
0.161
0.187
2.661
-2.806
-0.618
-0.060
-0.196
0.139
-0.384
2.703
1.259
0.116
-0.097
0.117
0.047
0.231
-1.197
-0.495
-2.568
0.747
0.184
-0.374
-1.020
-0.020
-0.192
1.988
-0.153
1.137
-3.159
-1.097
-0.357
-1.034
-1.646
-0.394
-0.116
-0.348
0.045
-0.156
-0.173
0.033
0.074
0.083
0.065
0.120
-2.098
-0.598
-0.063
0.012
0.757
0.203
-3.263
-2.141
-1.275
-4.292
-3.305
-0.585
0.322
-0.240
-0.138
-0.325
0.108
0.123
0.077
0.107
0.107
-0.151
-0.031
-0.054
-0.162
0.270
-2.821
-0.477
0.374
-0.037
-1.594
-1.015
-0.279
-2.256
-0.593
-0.281
-0.148
0.098
0.229
0.150
0.130
0.034
0.034
0.242
0.096
0.166
-0.284
0.327
-1.231
-0.638
-0.084
-0.110
0.153
-0.108
0.050
-0.263
0.239
0.034
0.077
-0.848
-1.725
-0.326
-0.367
-0.866
0.234
0.296
-0.044
0.082
-0.506
1.076
-0.976
0.100
0.081
0.110
0.126
0.147
-0.095
0.099
0.086
0.101
0.107
0.073
0.244
0.118
0.122
0.085
-0.006
0.207
0.256
-0.208
0.187
0.332
0.289
-0.067
-0.905
-0.144
-0.354
0.028
0.091
0.096
-0.062
0.088
-0.137
-2.357
0.062
0.057
0.064
-0.372
-0.103
-0.349
1.138
-0.049
0.082
0.146
0.137
0.094
0.269
-0.181
0.665
0.227
-0.079
0.202
-0.027
0.159
0.107
0.175
2.952
1.433
1.641
1.013
-0.052
0.650
0.059
0.798
0.844
0.314
-0.071
-0.068
-0.010
0.034
-0.106
0.028
1.217
0.735
0.000
0.004
0.040
-1.546
0.009
0.009
-0.308
0.101
0.393
-0.028
-0.248
0.160
-2.227
-2.436
-3.162
-0.551
-0.899
