0.086
0.069
0.002
0.900
0.088
1.986
0.002
0.547
1.901
0.630
-0.047
3.011
1.204
0.247
0.002
2.166
0.910
0.344
0.282
0.583
0.033
-0.351
-0.387
0.398
-0.064
0.002
-0.272
0.114
-0.004
-0.327
0.288
1.147
-1.353
-0.026
-1.399
0.002
0.779
0.527
0.424
0.305
0.159
0.611
0.724
0.483
1.336
1.212
0.072
-0.074
1.152
0.710
1.699
0.270
1.517
0.723
0.695
0.681
2.360
0.716
0.640
0.873
2.813
1.043
1.475
-0.521
-0.090
-0.219
0.168
0.619
0.123
-1.290
-1.181
-0.537
0.176
0.047
-0.314
0.130
-0.907
-0.779
-0.269
-0.614
2.138
0.196
0.051
1.770
0.649
3.016
2.179
0.279
0.167
0.589
0.315
0.256
-0.133
0.550
2.118
-0.650
-0.036
0.445
2.785
1.473
0.625
-0.125
3.029
0.052
1.768
1.089
-0.043
0.683
2.551
0.517
0.201
0.267
-0.066
-2.143
-0.003
-0.102
2.770
-0.168
0.099
1.018
0.916
2.782
1.648
0.472
0.016
1.282
2.054
0.286
0.613
0.354
-0.467
-0.001
0.003
1.238
0.345
0.296
1.095
0.083
0.240
0.002
2.165
0.594
-0.466
0.362
-0.247
0.227
-2.181
-1.188
-0.250
-0.763
0.228
-0.257
-0.642
1.287
-3.818
3.214
-0.704
0.036
0.033
0.985
0.054
0.374
-1.197
0.563
-0.815
2.904
0.015
0.924
1.439
0.312
0.446
0.120
0.422
-0.058
0.372
0.389
0.370
0.021
0.007
-0.113
0.088
1.719
0.121
0.346
0.017
-0.784
0.031
2.736
1.677
0.807
2.519
2.715
0.711
0.948
0.314
0.330
0.400
-0.255
0.002
0.170
-0.443
-0.186
0.362
0.364
0.264
0.353
-0.045
2.504
1.086
-0.978
0.939
0.997
0.771
0.616
2.339
1.223
0.166
0.325
0.075
-0.295
-0.175
-0.370
0.001
0.203
-0.023
-0.322
-0.021
0.057
-0.067
0.828
0.864
-0.107
-0.036
0.045
0.313
-0.011
0.648
-1.074
-0.030
0.367
0.002
0.116
0.499
0.661
0.022
0.031
0.002
-0.981
-0.134
-1.067
-0.513
0.575
0.383
0.166
0.847
0.031
0.073
0.453
1.095
-0.083
0.391
-0.115
0.387
-0.220
-0.085
-0.408
-0.360
0.171
0.099
-0.196
-0.211
0.068
0.122
-0.121
0.216
0.317
0.343
0.481
0.285
-0.423
-0.079
0.176
-0.083
-0.188
2.167
-0.023
-0.101
-0.023
-1.938
0.353
-0.641
-0.613
-0.050
-0.033
0.105
-0.011
0.023
0.066
-0.025
-0.508
-0.071
0.134
0.065
-0.013
-0.110
0.248
-0.059
-2.631
-2.810
-2.813
-1.954
-0.053
-0.510
0.174
-0.095
-0.570
0.287
0.038
0.096
0.018
-0.274
-0.224
-0.151
-0.967
-0.755
0.044
0.344
0.846
0.660
0.334
0.103
0.363
0.002
-0.966
-0.438
0.073
-0.016
1.590
2.124
3.404
0.943
1.457
