-0.087
0.091
0.018
0.097
-0.143
-2.960
0.036
-0.407
-1.835
-0.743
0.097
-3.377
-0.534
-0.260
0.252
-3.291
-0.354
-0.374
0.066
0.039
-0.078
0.111
0.058
-0.245
0.165
-0.754
0.459
-1.641
-0.054
0.121
-0.074
-0.724
1.382
-0.745
-0.027
-0.585
-0.507
-0.951
-0.144
-0.703
0.081
-0.719
-1.179
-0.303
-0.207
-0.140
0.217
0.005
-0.416
0.085
-0.895
0.170
-2.230
-1.907
-0.128
0.474
-2.808
0.659
0.168
0.728
-3.254
-0.603
-1.422
0.617
0.096
-0.587
0.039
-1.008
0.081
0.252
0.602
0.184
0.068
0.422
0.127
0.097
0.448
0.100
0.108
0.099
-2.462
0.085
0.143
-2.262
-0.498
-3.289
-2.163
-0.227
-0.384
-0.051
-0.186
-0.272
0.216
-0.040
-2.039
0.303
0.257
0.066
-2.968
-0.346
0.302
0.167
-4.290
0.127
-1.455
-1.155
0.064
-0.459
-3.770
0.111
0.164
0.045
0.270
1.026
0.078
0.497
-3.368
1.349
-0.355
-0.182
-1.365
-1.845
-0.551
0.251
0.564
-0.009
-1.602
0.880
-0.343
-0.580
1.320
-0.262
0.052
-1.084
0.094
0.083
-2.448
0.199
-0.720
1.072
-1.054
0.022
0.130
0.249
0.196
-0.197
1.650
0.046
0.080
-0.300
-0.111
0.178
0.196
-0.472
-0.213
-2.324
1.314
-0.073
0.123
-0.504
-0.174
-0.083
1.252
-0.262
0.818
-3.284
-0.641
-0.027
-0.670
-1.839
-0.136
-0.228
-0.064
0.071
-0.170
-0.048
-0.093
0.091
0.068
0.072
-0.113
-2.764
-0.756
0.292
0.068
0.701
0.082
-2.685
-1.203
-0.960
-0.971
-2.012
-0.211
-0.305
-0.081
-0.345
-0.207
0.333
-0.066
-0.060
0.052
0.019
-0.215
-0.072
-0.095
-0.233
0.050
-2.339
-0.483
0.192
-1.113
-1.457
-0.688
-0.307
-3.479
-0.853
-0.818
-0.278
0.090
0.244
0.166
0.208
0.042
0.013
0.106
0.033
0.097
-0.995
0.132
-1.243
-0.856
-0.005
-0.619
-0.002
-0.076
-0.229
-0.402
0.734
0.043
-0.224
-1.047
-2.053
-0.344
-0.674
-1.386
-0.806
0.248
0.139
0.054
0.106
0.639
-0.499
0.044
0.309
-0.129
0.616
0.443
0.097
0.699
0.068
0.126
0.617
0.031
0.185
0.476
0.242
0.620
-0.174
0.141
-0.026
0.115
-0.034
0.072
0.097
-0.067
-0.359
-0.038
-0.214
0.010
0.389
0.258
0.016
0.255
-0.068
-1.826
0.014
-0.215
-0.051
-0.567
-0.104
-0.068
-0.557
-0.386
-0.364
-0.205
-0.245
0.130
-0.426
-0.282
0.528
-0.091
-0.163
-0.328
-0.252
0.110
0.136
0.016
1.750
0.815
1.311
0.441
0.167
0.540
0.111
0.136
0.955
1.055
-0.034
-0.187
0.057
0.022
-0.441
0.007
0.768
0.188
0.041
0.237
-1.135
-1.733
0.186
0.095
-0.362
0.196
0.719
-0.098
0.203
0.121
-2.318
-1.375
-3.459
-0.582
-1.382
