-1.069
-0.054
0.956
0.008
-0.446
1.986
0.281
0.050
3.053
1.060
-0.034
3.334
0.956
0.418
-0.215
2.466
0.637
0.065
0.056
-0.773
0.256
-0.333
-0.338
-0.410
-0.366
0.078
-0.751
0.170
-0.177
-1.075
-0.028
1.350
-0.024
0.520
-0.191
0.850
0.880
0.507
0.262
0.363
0.282
0.352
0.398
0.097
0.131
0.174
-1.060
0.003
1.512
-0.028
0.556
0.189
3.337
3.401
0.047
0.289
4.070
-0.243
-0.024
-0.175
3.405
1.667
3.087
0.060
-0.150
-0.460
0.859
0.233
0.840
-0.779
-0.584
-0.958
0.040
0.502
-1.439
-0.082
-0.269
-0.678
0.151
-0.522
2.366
0.077
-0.848
1.289
0.261
2.194
0.656
0.088
0.042
0.119
0.018
0.107
-0.034
0.832
1.417
-0.034
0.024
0.370
2.705
0.784
0.069
-0.293
3.544
0.053
1.019
1.711
-0.286
0.100
2.473
-0.275
0.318
0.005
-0.203
-1.870
-0.242
-0.232
3.973
-0.784
0.497
0.462
1.429
1.731
0.615
-0.076
0.071
0.365
2.490
0.060
0.180
2.587
-0.052
0.095
0.015
0.242
0.904
0.390
1.321
-0.393
0.129
-1.158
3.420
0.455
-0.237
-1.123
-0.406
0.605
-3.177
-2.473
-0.154
-0.758
0.715
-0.791
0.054
2.324
0.965
2.736
-0.373
0.729
0.586
1.730
0.049
-0.034
-1.801
-0.034
-0.942
2.022
0.202
0.146
0.217
0.443
0.232
0.076
-0.007
0.108
-0.023
0.001
-0.034
0.071
-0.067
0.071
-0.054
2.679
1.392
-0.105
-0.114
-0.099
-0.082
2.213
1.616
1.468
3.403
2.306
0.781
-0.191
0.006
0.603
0.511
0.032
0.102
0.136
0.148
0.136
0.286
0.228
0.138
0.433
-0.054
2.524
0.460
-1.937
0.466
2.169
0.085
0.463
2.179
0.558
0.295
0.470
-0.034
-0.242
0.021
0.151
0.189
-0.041
-0.031
0.057
0.291
0.956
-0.034
0.979
0.557
-0.234
-0.191
-0.130
0.078
-0.327
0.377
-1.107
-0.023
0.690
2.026
2.600
0.820
0.683
2.252
0.062
0.069
0.574
-0.304
0.136
-0.671
0.881
0.032
0.431
0.578
-0.352
0.272
0.430
-0.058
0.174
0.270
-0.115
0.466
-0.309
0.033
-0.709
-0.300
0.174
0.021
0.046
-0.095
-0.034
-0.102
0.136
-0.075
0.362
0.280
0.126
0.096
-0.016
-0.004
0.099
0.062
0.042
2.687
0.450
-0.124
0.081
1.288
-0.025
-0.281
-0.092
-0.034
-0.036
0.029
-0.034
-0.034
0.117
-0.034
-0.093
-0.034
0.036
-0.197
-0.034
-0.095
-0.034
-0.062
-2.881
-1.684
-2.174
-1.259
-0.944
-1.702
-0.581
-0.326
-0.138
0.213
-0.005
0.065
-0.026
0.032
0.351
0.110
0.273
0.296
0.067
0.040
0.298
1.634
-0.022
-0.074
0.384
-0.012
-0.315
-0.104
0.074
-0.015
2.570
3.353
1.512
0.721
3.090
