-0.455
-0.472
-1.500
-0.069
-0.453
1.832
-0.014
-0.324
1.448
0.382
-0.166
2.373
0.836
-0.073
0.729
0.284
0.513
-0.376
-0.408
-0.197
0.216
-0.400
-1.676
0.915
-0.008
1.167
-0.282
0.954
0.018
0.030
-0.523
0.472
-0.343
-0.166
-0.467
-0.480
-0.045
0.109
0.077
0.336
-0.114
1.029
0.967
0.774
0.261
0.227
-0.203
0.137
1.002
0.872
-0.094
0.199
2.052
0.934
0.440
-0.261
0.965
-1.015
-0.224
-0.885
2.047
0.875
1.372
-0.014
-0.275
-0.411
0.187
0.100
-0.033
-0.178
-0.337
-0.014
0.040
0.398
-0.014
-0.105
-0.556
-0.017
-0.044
-0.074
2.104
-0.692
-0.192
1.250
0.890
1.201
0.801
-0.007
-0.183
-0.393
-0.076
-0.303
0.002
0.360
2.925
-0.198
-0.273
0.313
1.950
1.115
0.124
-0.046
2.296
0.545
0.865
-0.516
0.441
0.519
2.023
0.548
-0.114
-0.154
-0.387
-2.194
-0.531
-0.732
0.780
-0.439
-0.287
-0.172
-0.066
0.699
-0.169
-0.158
0.163
1.310
1.248
0.121
1.785
0.184
-1.513
-0.145
-0.261
-0.140
-0.030
-0.014
1.408
0.811
-0.111
-1.571
2.147
0.250
0.704
0.392
-0.326
-0.085
-1.887
-1.046
-0.359
0.085
0.477
-0.014
-0.290
0.683
0.193
1.307
-0.830
-0.213
-0.167
0.380
-0.215
-0.107
-1.358
-0.018
-0.568
2.643
-0.417
-0.644
0.760
0.511
0.639
0.486
0.671
0.610
-0.055
-0.013
0.789
-0.087
0.032
0.489
0.093
0.686
0.366
0.096
-0.042
-0.231
-0.221
1.986
1.444
0.088
1.500
1.047
0.073
-0.120
1.128
0.046
0.096
-0.051
-0.014
-0.094
-0.119
-0.044
-0.128
-0.078
-0.140
0.009
-0.184
0.726
0.082
-0.764
0.202
0.918
1.123
-0.267
1.109
0.293
0.536
-0.127
-0.092
-0.590
-0.050
0.080
0.414
-0.074
-0.033
-0.609
-2.733
0.483
-0.084
0.174
-0.042
0.876
0.573
-0.032
0.462
-0.529
0.809
-0.716
0.071
0.156
0.801
0.085
0.768
0.113
0.186
-0.710
-0.014
-0.101
-0.607
0.176
-0.296
0.354
0.110
0.068
0.528
-0.370
-0.215
-0.308
-0.283
-0.122
-0.151
-0.248
0.031
-0.789
0.108
-0.884
-0.726
-0.430
-0.281
-0.566
-0.325
-0.358
0.063
-0.692
0.528
0.417
0.026
-0.047
0.017
-0.031
-0.023
0.032
-0.341
-0.243
1.756
-0.096
-0.046
-0.068
0.424
-0.006
-0.336
-0.570
-0.032
-0.117
-0.498
-0.845
-0.538
-0.154
-0.177
-0.256
-0.739
-0.012
-0.149
0.022
-0.091
-0.014
-0.170
-1.971
-2.226
-1.733
-1.528
-0.802
-1.213
-0.031
-1.025
-0.411
0.282
0.579
-0.868
0.001
-0.048
-0.292
-0.090
-0.841
-0.291
0.663
-0.072
0.184
0.901
-0.092
0.177
0.069
-0.215
-0.495
-0.056
-0.331
-0.014
3.517
2.685
1.268
0.263
1.550
