-0.222
-0.117
-1.572
0.085
-0.092
2.549
0.185
0.502
2.487
0.972
-0.129
2.928
0.764
0.228
0.149
2.581
0.827
0.029
0.109
-0.219
0.146
-0.072
-0.468
0.453
-0.116
1.124
-0.316
0.603
-0.253
-0.073
0.080
0.864
-0.036
0.162
-0.199
0.362
0.386
0.249
-0.082
0.356
0.264
0.212
0.310
0.059
0.792
0.592
0.300
0.059
0.105
0.183
0.530
0.059
3.013
3.182
0.263
0.076
2.190
-0.334
0.108
-0.223
3.049
1.240
1.918
-0.004
0.048
-0.284
0.164
0.551
0.000
-0.533
-0.352
-0.126
-0.183
0.014
-0.295
-0.095
-0.308
-0.025
-0.061
-0.198
3.316
0.129
0.027
2.156
0.668
3.126
2.391
0.507
0.031
0.304
0.176
0.444
0.180
0.124
4.272
0.007
0.028
0.714
2.968
1.823
0.493
0.059
3.041
0.366
1.447
0.889
0.178
0.411
2.612
0.102
0.050
0.025
0.162
-1.266
0.090
-0.018
3.592
-0.384
0.938
0.666
2.014
2.687
1.493
0.632
-0.039
0.529
1.231
-0.158
0.591
0.695
-0.443
0.064
0.032
0.167
0.018
-0.018
1.900
0.465
0.229
-2.495
1.779
0.168
0.005
0.029
0.011
0.700
-2.313
-0.815
0.093
-0.473
0.350
0.007
0.027
1.533
1.222
3.692
-0.642
0.006
0.655
1.499
0.455
0.431
-1.363
0.468
-0.320
3.613
2.194
0.708
1.745
2.614
0.132
0.233
0.128
-0.050
0.059
0.059
0.059
0.059
0.033
-0.059
0.059
2.636
0.770
0.379
0.059
-0.901
0.031
2.700
1.852
0.692
3.143
3.206
0.482
0.364
0.127
0.668
0.720
-0.243
0.008
0.106
0.018
0.059
0.412
0.377
0.059
0.435
-0.001
2.434
0.644
-0.482
1.468
1.681
0.307
0.059
2.677
0.950
0.066
0.135
0.059
0.059
0.058
0.183
0.094
-0.127
0.059
0.076
0.066
0.447
0.174
1.315
0.349
0.388
0.407
-0.067
0.220
0.134
0.339
-0.411
0.007
0.266
1.383
0.356
0.676
0.583
0.703
0.139
-0.201
0.081
0.006
-0.371
-0.639
0.683
0.427
0.962
1.347
-0.471
0.267
0.242
0.132
0.453
0.305
-0.130
0.898
-0.741
0.484
-1.325
-0.135
0.059
0.059
-0.161
0.018
0.009
0.059
0.059
0.284
0.451
0.269
0.074
0.386
0.059
0.059
0.098
0.049
0.111
2.261
0.059
0.059
0.078
1.089
0.364
0.131
-0.082
0.098
0.059
0.094
0.059
0.059
0.140
0.059
-0.016
0.059
0.177
0.052
0.099
0.059
0.034
0.059
-3.334
-2.096
-2.632
-2.127
0.010
-0.173
0.152
-0.198
-0.432
0.740
0.186
0.409
0.059
0.331
0.478
0.038
-1.362
-0.515
0.539
-0.046
0.372
1.510
0.095
-0.207
0.121
0.070
-0.271
0.052
0.274
0.059
3.516
2.861
3.526
1.523
1.793
