1.543
1.389
-0.065
0.118
-0.689
-1.725
0.316
-0.071
-1.555
-0.675
0.865
-2.826
-0.547
0.211
-0.152
-2.342
-0.357
0.147
-0.655
0.149
-0.106
0.607
1.019
-0.720
0.452
-0.846
1.597
-0.818
0.616
0.247
0.097
-0.747
1.203
0.100
0.472
-0.027
-0.318
-0.490
-0.619
0.376
-0.140
-0.435
-0.828
-0.252
-0.286
-0.240
0.691
-0.065
-0.385
-0.291
-1.299
-0.063
-1.808
-1.559
-1.026
-0.611
-1.931
0.809
-0.657
0.031
-2.671
-1.077
-2.042
0.096
0.241
-0.175
-0.008
-0.776
-0.005
0.539
0.298
0.236
-0.121
-0.321
0.037
-0.157
0.561
0.583
0.311
0.314
-2.632
-0.125
0.054
-2.188
-0.893
-2.220
-1.512
-0.178
-0.065
-0.229
-0.172
-0.332
0.359
-0.199
-2.882
0.113
0.221
-0.589
-3.192
-1.598
0.171
0.053
-3.885
-0.101
-2.174
-1.203
0.333
-0.296
-4.180
0.217
-0.589
0.114
-0.116
1.837
-0.303
0.240
-4.105
-0.113
-0.801
-1.265
-1.689
-2.949
-2.189
-0.533
-0.413
-1.201
-1.405
-0.475
-1.005
-0.193
1.122
-0.566
0.079
-1.513
0.085
-0.054
-1.437
-0.396
-0.617
1.958
-2.759
-0.951
0.246
-0.101
0.183
-0.385
1.663
0.248
0.481
0.707
-0.259
0.100
0.163
-1.555
0.214
-2.640
0.961
-0.522
-0.420
-1.788
-0.139
-0.586
1.704
-0.653
1.271
-2.060
0.399
0.231
-0.206
0.204
-0.330
-0.219
-0.529
0.037
-0.606
-0.660
-0.250
0.011
0.178
0.282
-0.064
-1.585
-0.651
0.262
-0.141
0.545
-1.002
-3.562
-2.495
-0.551
-2.793
-4.140
-0.950
-1.230
-0.564
-0.653
-0.568
0.144
-0.068
-0.086
-0.008
-0.062
-0.260
-0.437
-0.360
-0.620
0.018
-2.607
-1.066
0.745
0.480
-1.495
-0.093
-0.279
-3.495
-1.231
-0.193
-0.473
-0.175
0.059
0.239
0.116
-0.262
-0.226
0.236
-0.041
0.026
-0.636
0.082
-0.937
-0.731
0.091
-0.118
0.119
-0.939
-0.090
-1.050
0.730
-0.369
-0.352
-1.189
-0.137
-0.247
-0.349
-1.253
0.150
0.305
0.702
-0.065
0.842
0.433
-1.463
-0.535
-0.859
-0.726
0.276
0.268
-0.489
-0.553
-0.437
-0.795
0.064
-0.985
0.165
-0.374
0.338
0.380
-0.241
0.130
-0.686
0.304
-0.239
0.227
-0.061
-0.623
-0.262
-0.620
-0.743
-0.515
0.289
0.273
-0.627
-0.065
-0.435
-2.709
-0.129
-0.195
-0.059
-0.031
-0.492
0.001
0.453
0.152
0.512
0.022
0.221
0.338
0.701
0.108
0.655
0.456
-0.095
0.208
0.201
0.473
-0.300
0.151
3.241
1.795
1.897
1.475
0.056
0.205
-0.181
-0.058
0.907
-0.252
0.003
-0.630
-0.089
0.155
-0.154
-0.094
1.263
-0.085
-0.279
-0.057
-0.762
-1.043
0.288
-0.243
-0.786
-0.092
0.553
0.044
-0.175
-0.512
-1.332
-2.380
-1.124
-0.115
-2.127
