0.338
0.282
0.084
1.404
0.753
2.892
0.561
1.727
2.386
0.967
0.343
3.207
1.001
0.216
0.136
2.546
1.187
0.249
0.386
-0.111
0.126
-0.373
-1.396
0.434
-0.549
0.081
-0.965
0.304
0.050
-0.367
-0.159
0.166
-0.839
0.268
-0.559
0.235
1.462
0.458
0.490
0.380
0.349
0.791
0.769
0.268
0.857
0.873
0.179
-0.532
1.295
1.182
1.803
0.053
2.310
2.066
-0.205
0.532
2.187
-0.177
0.092
0.080
2.850
1.654
2.054
0.027
-0.323
0.536
-0.109
0.532
-0.162
-0.652
-0.574
-0.505
-0.629
0.085
-0.407
-0.232
-0.563
-0.380
-0.225
-0.333
2.075
0.149
0.365
1.938
0.528
3.700
3.318
0.577
1.242
0.411
0.674
0.802
-0.396
0.911
2.410
-0.549
-0.059
1.094
3.092
1.511
-0.141
-0.133
2.994
-0.067
1.970
0.174
-0.510
0.956
2.547
0.213
0.250
-0.209
-1.055
-1.893
0.031
0.110
3.423
-0.168
1.624
1.255
2.814
3.102
1.728
0.479
0.266
1.321
2.684
0.181
1.288
0.451
-0.996
-0.385
-0.203
1.542
0.269
0.245
1.458
-0.749
-0.178
-0.241
1.926
0.941
0.164
0.893
-0.074
0.425
-2.825
-1.513
0.030
-1.342
0.168
-0.142
-0.409
1.133
-0.424
3.518
-0.941
0.495
0.084
0.710
0.321
0.090
-0.958
0.377
-0.623
2.754
0.149
0.858
1.872
0.480
0.721
0.433
0.706
-0.298
0.538
0.559
0.540
0.082
0.072
-0.317
-0.233
1.556
0.856
-0.062
0.056
-0.600
0.347
2.561
2.385
1.234
2.410
4.786
0.493
0.737
0.611
0.484
0.770
-0.138
0.219
0.132
0.084
0.094
0.380
0.552
0.271
0.591
-0.046
2.593
1.405
-0.570
0.293
1.295
-0.255
0.396
2.731
1.235
0.369
0.500
0.571
-0.209
0.146
-0.140
0.279
0.302
-0.051
0.244
-0.223
0.657
0.154
1.250
1.093
-0.139
0.815
-0.215
0.149
0.084
0.122
0.036
-0.051
0.262
0.084
1.358
0.792
0.858
1.550
-0.084
0.177
-0.176
0.084
-1.253
-0.605
1.624
0.702
1.741
4.375
-0.781
-0.854
-0.564
1.419
0.013
1.460
-0.286
2.609
-0.367
1.196
-1.176
0.192
0.218
0.035
0.474
-0.264
0.107
-0.024
0.298
0.634
0.604
0.474
0.351
0.453
-0.509
-0.152
0.415
-0.092
0.429
2.255
0.270
-0.132
-0.011
0.083
0.722
0.227
-0.209
0.104
0.018
-0.017
-0.052
-0.108
-0.196
0.003
-0.308
-0.030
0.057
-0.045
0.007
-0.272
-0.200
0.010
-2.971
-1.694
-2.625
-1.071
0.282
-0.327
0.243
0.445
-0.929
-0.001
0.394
0.323
0.297
0.502
0.552
0.360
-1.865
-0.731
0.008
1.142
1.083
1.027
0.031
0.117
0.480
0.220
-0.630
-0.199
0.269
-0.082
1.824
4.370
4.501
1.269
2.841
