1.271
0.647
-0.581
0.223
0.878
1.961
0.197
0.353
1.667
0.699
-0.152
2.901
0.739
0.344
-0.157
1.645
0.479
0.578
0.320
0.456
-0.299
0.292
-0.548
0.904
-0.086
-0.175
-0.337
0.248
0.171
-0.241
0.138
1.713
0.236
-0.175
-0.547
-0.175
0.674
0.639
0.432
0.159
0.541
0.483
0.350
0.411
0.417
0.444
0.393
0.091
0.851
0.327
0.893
-0.019
1.616
1.398
0.291
0.576
2.263
-0.152
0.321
-1.534
3.126
1.750
1.805
0.107
0.176
0.216
0.150
0.788
0.189
-0.429
-0.346
-0.265
0.217
-0.233
-0.735
0.209
-0.433
-0.486
0.057
-0.279
2.704
0.233
-0.208
1.736
0.273
3.039
1.779
0.358
0.325
-0.096
0.341
0.342
0.425
0.328
2.104
-0.726
-0.103
0.340
2.743
1.528
0.191
0.066
3.645
0.377
1.567
0.201
-0.016
-0.175
2.643
0.031
0.277
0.241
-0.175
-1.519
0.228
0.246
3.282
-0.421
0.611
0.735
1.660
3.038
1.820
0.654
0.286
1.102
1.516
0.101
0.549
0.571
0.132
1.492
0.080
1.142
0.208
0.247
0.982
0.511
0.427
-2.758
1.747
0.529
-0.180
0.269
-0.502
0.783
-1.655
0.285
-0.360
0.026
0.428
-0.095
0.201
0.949
-0.175
2.009
-0.548
-0.037
0.347
0.958
0.254
0.433
-0.797
0.381
-0.016
3.762
0.014
1.094
1.691
0.316
0.260
0.144
0.279
-0.210
0.263
0.314
-0.266
0.273
-0.022
-0.368
0.110
1.409
0.529
0.231
0.096
-0.751
0.086
3.418
2.222
0.717
2.777
4.342
0.374
0.443
0.480
0.479
0.354
-0.067
0.186
0.316
0.233
0.307
0.593
0.474
0.299
0.529
0.149
2.778
0.948
-1.191
0.944
1.240
0.720
0.378
3.240
1.146
0.264
0.307
0.160
-0.232
-0.056
-0.144
0.227
0.249
-0.200
-0.256
-0.175
0.346
0.314
0.798
0.783
0.273
0.391
0.219
0.809
0.544
1.212
-0.718
0.207
0.471
-0.200
1.003
1.232
0.458
0.973
-0.378
0.050
-0.341
-0.436
-0.086
-0.704
0.841
0.338
0.405
0.665
-0.422
-0.327
0.161
0.226
0.753
0.220
-0.046
0.399
-0.488
-0.002
-0.171
0.306
0.332
0.124
0.395
0.399
0.179
0.083
-0.361
0.071
0.475
0.273
0.295
0.255
-0.140
-0.314
0.254
-0.146
0.250
2.572
0.184
0.206
-0.053
-0.175
0.341
0.135
-0.937
0.235
-1.437
0.224
0.244
0.043
0.192
0.245
0.023
0.021
0.226
0.196
0.270
0.225
0.274
0.259
-2.581
-1.915
-2.198
-1.299
-0.386
-0.614
0.272
-0.415
-0.571
0.453
0.252
-0.017
0.187
0.202
0.244
0.194
-0.416
0.584
0.223
-0.092
0.411
1.413
0.185
0.390
0.434
0.247
-0.444
0.072
0.306
0.319
2.329
2.571
2.870
1.209
2.253
