0.664
1.257
0.043
-0.065
-0.984
-2.038
-0.001
-0.973
-1.979
-0.966
-0.256
-2.776
-0.898
-0.285
-1.327
-1.747
-0.568
-0.137
-0.616
-0.147
0.080
0.835
1.213
-0.786
-0.001
0.043
1.302
-0.664
0.043
0.567
0.017
-0.936
1.931
-0.513
0.372
0.116
-0.962
-0.953
-0.326
-0.585
0.043
-0.262
0.071
0.427
-0.557
-0.710
0.234
0.011
-1.815
-0.364
-1.365
0.036
-1.112
-0.881
-1.140
-1.436
-1.982
0.449
0.043
1.154
-2.256
-1.229
-2.008
0.054
0.065
-0.204
-0.530
-0.576
-0.162
0.907
0.833
0.856
0.218
-0.088
0.789
-0.043
1.033
0.783
0.441
0.646
-2.547
-0.313
0.080
-1.731
-0.876
-2.953
-2.545
-0.931
-0.745
-0.180
-0.984
-0.556
0.312
-0.670
-2.280
0.657
-0.098
-0.194
-2.481
-1.793
0.149
0.130
-3.022
-0.486
-2.003
-1.912
0.231
0.043
-2.560
-0.001
-0.166
0.369
0.206
1.201
-0.317
0.187
-2.349
0.215
-1.386
-1.081
-1.530
-2.336
-1.751
-0.453
-0.346
-0.860
-1.896
-0.064
-1.801
-1.065
1.846
-0.651
0.227
-1.223
0.106
-0.114
-1.089
-0.005
-0.748
0.838
-1.783
-0.961
-0.075
0.424
0.449
-0.995
1.608
1.512
-0.089
0.931
-0.521
0.081
0.240
-1.228
1.587
-0.018
1.031
-0.945
0.115
0.043
-0.396
-0.280
1.704
-0.657
0.806
-3.601
-1.639
-1.561
-1.825
-1.918
-0.467
0.043
-0.359
0.158
-0.225
-0.525
-0.209
0.044
0.043
0.330
0.074
-1.240
-0.666
-0.029
0.028
0.603
-0.078
-2.611
-2.140
-1.116
-2.465
-2.385
-1.238
-0.770
-0.002
-0.389
-0.437
0.230
0.049
-0.209
0.045
0.043
-0.300
-0.292
0.043
-0.342
-0.461
-1.918
-0.761
0.043
-0.590
-1.109
-0.464
-0.561
-1.764
-0.931
-0.338
-0.295
-0.003
0.388
0.274
0.041
-0.129
0.012
0.231
0.043
0.210
-0.339
0.005
-1.184
-0.897
0.270
-0.421
0.297
-0.768
-0.060
-0.218
0.043
-0.048
0.006
0.043
-0.047
-0.199
0.019
-0.230
0.111
-0.098
0.459
0.043
0.209
0.356
-0.934
-0.270
-0.671
-0.800
-0.015
0.197
-0.059
-0.139
-0.585
-0.603
0.531
-1.477
-0.311
0.095
0.438
0.209
-0.550
-0.163
-0.057
-0.400
-0.226
-0.010
-0.230
-0.127
-0.257
-0.409
-0.463
-0.322
0.427
0.203
-0.322
0.043
-0.309
-2.177
-0.163
0.018
-0.038
1.104
-0.215
-0.602
-0.330
0.043
0.161
0.043
0.043
0.043
0.043
0.043
0.078
0.043
0.015
0.043
0.043
0.053
-0.128
-0.100
2.545
1.823
1.984
1.162
0.297
0.438
-0.037
-0.336
0.610
-0.186
-0.169
-0.106
-0.059
0.021
0.053
-0.026
1.946
0.562
-0.359
0.170
-0.164
-0.529
0.135
0.310
-0.479
-0.033
0.673
-0.019
0.185
-0.073
-2.466
-2.029
-2.065
-0.161
-1.911
