-0.895
-1.272
-1.763
-0.041
0.478
2.731
-0.172
0.479
1.597
0.353
-0.295
2.831
0.522
0.223
0.108
2.534
0.559
0.490
-0.021
-0.000
-0.567
-0.104
-1.339
0.544
-0.278
-0.298
-0.482
-0.180
-0.145
-0.284
0.111
1.152
0.107
-0.189
-0.402
0.123
0.510
0.585
0.279
0.320
0.364
0.286
0.545
0.226
-0.106
-0.181
-0.194
0.003
0.420
0.790
1.328
0.142
1.750
1.825
-0.116
0.320
3.158
-0.114
0.125
-0.511
2.705
0.995
2.101
0.179
-0.160
0.192
0.066
0.844
0.098
-0.345
-0.313
-0.272
-0.205
-0.205
-0.262
0.047
-0.872
-0.038
-0.095
-0.227
2.349
0.366
-0.116
1.677
0.479
2.410
1.093
-0.096
-0.509
-0.499
-0.078
-0.040
-0.494
0.099
2.643
-0.177
-0.177
-0.136
2.882
1.169
0.406
-0.475
2.865
0.114
1.287
0.615
-0.027
-0.200
2.269
-0.245
0.077
-0.043
-0.063
-1.413
0.094
0.122
2.958
-0.298
0.505
0.735
1.862
3.183
1.534
0.561
0.091
0.889
1.686
-0.140
0.144
0.084
-1.043
0.705
-0.086
0.517
-0.006
0.277
1.242
0.073
0.170
-2.278
2.566
0.784
-0.027
0.039
-0.333
0.518
-2.041
-1.314
-0.092
0.021
0.238
-0.167
-0.305
1.735
-0.161
2.393
-0.310
0.659
0.142
1.532
0.510
0.719
-1.097
0.620
-0.513
2.901
0.296
0.840
1.097
0.363
0.534
-0.012
0.453
-0.085
0.227
0.295
0.054
0.099
0.055
-0.128
0.194
2.038
0.650
0.030
0.061
-0.596
0.085
2.458
1.425
0.615
3.064
3.675
0.590
0.358
0.431
0.681
0.926
-0.217
-0.062
-0.110
-0.118
-0.112
0.237
0.336
0.036
0.452
0.023
1.957
0.936
-0.815
0.456
1.680
0.794
0.452
2.715
1.047
0.390
0.364
-0.157
-0.161
0.055
-0.042
0.229
0.121
-0.137
-0.308
-0.161
0.807
0.128
1.232
0.800
0.033
0.138
0.062
0.531
0.098
0.582
-0.459
0.045
0.695
-0.161
1.210
0.916
0.972
0.751
0.030
0.003
-0.419
-0.134
-1.493
-0.350
0.734
0.909
0.397
0.342
-0.364
-0.983
0.258
0.038
0.360
0.150
0.067
0.563
-0.136
-0.090
-0.931
-0.090
0.346
-0.124
0.396
0.067
-0.203
-0.153
0.082
-0.171
0.563
0.525
0.462
0.218
-0.230
-0.144
0.405
-0.118
-0.161
2.469
0.010
-0.090
-0.219
-0.161
0.617
-0.208
-1.072
-0.284
-1.712
-0.365
-0.147
-0.663
-0.093
-0.609
-0.268
-0.617
0.200
-0.518
0.076
-0.458
0.103
0.101
-3.036
-1.686
-2.573
-1.186
-0.057
-0.617
0.094
-0.210
-0.757
-0.448
0.251
0.059
0.129
0.182
-0.221
0.027
-1.028
0.099
0.155
0.212
0.364
1.179
0.037
0.205
0.174
-0.049
-0.602
-0.069
-0.356
0.195
1.969
2.526
2.798
2.644
1.863
