1.642
2.099
-0.154
-0.130
-0.183
-2.391
0.171
0.459
-1.485
-0.210
0.275
-2.955
-0.511
0.004
0.031
-2.348
-0.408
-1.016
-0.120
-0.033
0.494
0.392
1.201
-0.087
-0.016
0.015
0.646
-0.298
0.203
0.167
0.201
-1.152
0.667
0.609
0.762
0.786
-0.268
0.083
-0.371
-0.268
-0.343
-0.771
-0.258
-0.450
-0.169
-0.539
0.267
0.347
-1.438
-0.478
-2.126
0.262
-1.479
-0.987
0.216
-1.455
-2.535
0.391
-0.617
0.411
-1.425
-0.303
-2.050
-0.057
0.033
0.148
0.107
-0.510
-0.037
0.170
0.136
0.231
-0.100
-0.279
0.235
0.238
0.044
0.344
0.202
0.019
-2.623
-0.105
0.195
-1.844
-0.307
-1.702
-1.369
0.189
0.225
0.120
0.366
0.233
0.389
-0.084
-2.259
0.176
0.232
-0.424
-2.314
-0.856
0.027
0.072
-2.895
0.097
-1.412
-0.696
0.024
-0.675
-2.377
0.666
0.253
0.313
0.174
1.665
0.015
0.367
-2.888
0.435
-0.351
-0.404
-1.450
-2.386
-1.288
-0.208
0.120
-1.038
-1.622
0.150
0.356
-0.044
0.554
-0.280
0.192
-1.076
-0.049
0.171
-1.377
0.024
0.142
1.920
-1.778
-0.308
0.212
0.346
0.358
-0.337
1.977
1.515
0.275
0.433
0.037
0.233
0.386
-1.123
1.245
-1.664
0.793
0.452
0.133
-0.399
-0.167
-0.122
1.420
-0.202
0.550
-3.019
-0.573
-0.624
-0.895
-0.491
-0.378
-0.604
-0.768
-0.162
-0.253
-0.601
-0.316
-0.277
0.080
-0.074
0.093
-1.560
-0.558
0.329
-0.259
0.554
-0.140
-2.072
-1.191
-0.177
-2.249
-2.834
0.070
-0.776
-0.402
-0.719
-0.965
0.225
-0.048
0.020
0.050
0.043
-0.367
-0.577
-0.185
-0.525
0.179
-2.204
-0.922
0.282
-0.579
-1.690
-0.807
-0.619
-2.641
-1.101
-0.154
-0.042
0.010
0.189
-0.005
0.047
-0.148
-0.182
0.006
0.053
0.246
-0.729
0.200
-0.703
-0.928
0.002
-0.516
0.114
-0.582
-0.073
-0.725
0.508
-0.015
0.019
-0.208
-1.216
-0.515
-0.521
0.057
0.101
0.031
0.201
0.015
1.172
0.300
-0.708
-0.281
-0.079
-0.288
0.694
1.068
0.177
0.424
0.409
0.146
0.446
-0.665
0.881
0.559
0.890
0.362
0.003
0.240
-0.294
0.168
-0.154
0.063
0.025
0.005
-0.184
-0.473
-0.266
-1.016
0.416
0.159
0.028
0.296
-0.036
-2.571
-0.155
0.226
0.371
1.387
-0.190
0.300
0.257
0.221
0.455
0.047
0.113
0.244
-0.207
-0.044
0.030
0.275
-0.125
0.265
0.244
0.054
-0.007
0.059
1.687
1.199
1.625
0.794
0.324
0.586
0.059
0.127
0.175
0.751
-0.113
-0.261
-0.049
-0.052
0.190
0.451
1.224
0.659
-0.055
0.113
-0.374
-2.256
-0.068
0.176
0.167
-0.129
0.457
-0.067
-0.006
-0.012
-2.011
-2.100
-2.581
-0.233
-1.369
