-0.817
-0.861
-1.246
-0.144
0.059
1.930
0.454
0.807
1.520
0.675
-0.003
2.133
0.645
0.368
-0.032
2.141
0.688
0.283
0.063
-0.058
0.334
-0.210
-0.222
0.458
-0.131
0.146
-0.508
0.516
-0.178
-0.054
0.090
0.684
-0.382
0.291
-0.255
0.512
0.631
0.702
0.187
0.620
0.747
0.363
0.318
0.186
0.600
0.597
-0.130
0.004
0.725
0.473
0.772
-0.293
0.683
0.426
0.124
0.015
2.007
-0.055
0.016
0.005
2.348
0.734
2.291
-0.003
0.128
-0.539
-0.201
1.311
0.031
-0.719
-0.575
-0.385
-0.132
0.039
-0.140
-0.008
-0.785
-0.162
-0.200
-0.371
2.381
0.113
-0.055
1.539
0.615
1.997
1.290
0.297
0.289
0.256
0.305
0.314
-0.090
0.120
2.321
-0.249
0.086
0.417
1.978
0.321
0.306
0.194
2.489
-0.112
1.303
1.134
-0.040
0.282
2.097
0.088
-0.029
0.105
-0.072
-1.327
-0.082
-0.559
1.843
-0.616
0.202
0.548
0.909
1.925
1.258
0.602
-0.095
0.725
1.371
-0.440
0.247
1.162
-0.637
0.061
0.065
0.585
0.084
0.095
1.529
-0.056
0.562
-1.820
2.258
0.792
-0.101
0.012
-0.172
0.820
-1.658
-0.601
-0.032
0.187
0.589
-0.117
-0.092
1.272
0.752
1.131
-0.811
0.240
0.358
0.966
0.592
0.512
-1.152
0.584
-0.174
2.027
0.551
0.455
0.818
0.810
0.350
0.335
0.326
-0.034
0.246
0.318
0.157
0.009
0.075
-0.204
0.013
1.894
0.724
0.031
0.049
-0.167
-0.221
2.141
1.351
0.957
1.780
1.756
0.581
0.006
0.563
0.866
0.869
-0.138
0.289
0.435
0.350
0.393
0.478
0.531
0.644
0.718
-0.043
1.597
0.646
-0.653
1.272
1.218
0.725
0.368
1.789
0.918
0.618
0.288
0.510
-0.150
0.051
0.183
0.276
0.304
-0.118
0.188
0.009
1.082
-0.013
1.119
1.118
-0.142
0.104
0.053
0.536
0.505
0.619
-0.687
0.116
0.261
0.995
1.060
0.608
0.559
0.442
-0.099
-0.025
-0.125
0.396
0.060
-0.282
1.272
0.144
0.188
0.266
-0.187
-0.029
0.234
-0.039
0.235
0.117
-0.074
0.237
-0.220
0.173
-0.272
-0.525
0.220
0.063
-0.231
-0.024
0.057
0.019
-0.064
0.016
0.992
0.358
0.263
0.394
-0.196
0.016
0.270
-0.026
0.262
2.181
0.094
-0.064
-0.017
0.783
0.580
-0.118
0.163
0.101
0.019
0.100
0.013
-0.159
-0.027
0.075
-0.329
-0.245
0.139
0.051
0.137
-0.045
-0.069
-0.270
-2.414
-2.187
-2.569
-1.543
0.133
-0.309
-0.024
-0.513
-0.772
-0.094
0.375
0.445
0.176
0.005
-0.004
0.010
-0.507
-0.217
0.385
-0.196
0.663
1.054
0.064
0.228
0.307
0.017
-0.471
0.369
0.066
0.052
2.249
1.767
2.193
0.073
1.850
