0.567
0.625
1.167
0.001
0.012
-1.745
-0.428
-0.505
-1.354
-0.471
0.071
-1.975
-0.340
-0.380
0.100
-1.665
-0.454
-0.169
-0.068
0.158
0.352
0.533
-0.523
0.009
0.486
0.156
0.471
-0.013
0.329
0.122
0.129
-0.578
0.586
0.501
0.976
0.318
-0.691
-0.343
-0.393
-0.693
-0.312
-1.411
-0.382
-0.012
-0.611
-0.669
0.611
0.223
-0.400
-0.523
-0.511
-0.726
-0.778
0.631
-0.235
-0.082
-2.080
0.296
0.096
0.089
-1.857
-0.836
-2.013
0.082
0.088
0.233
0.002
-1.659
0.072
1.097
1.128
0.485
0.145
0.076
0.182
0.039
1.195
0.468
0.379
0.643
-1.990
0.066
0.239
-1.814
-0.698
-1.889
-0.811
-0.305
-0.017
-0.139
-0.098
-0.394
0.361
0.014
-1.378
0.684
-0.029
-0.475
-2.491
-0.567
-0.594
0.040
-2.373
-0.482
-1.423
-0.780
-0.031
-0.228
-2.413
-0.493
0.127
0.084
0.039
1.106
0.090
0.662
-2.221
0.940
0.585
-0.781
-0.304
-1.558
-1.077
-0.556
0.083
-0.139
-1.077
0.509
0.042
-0.970
0.449
-0.038
0.186
-0.327
-0.588
-0.611
-1.499
0.017
-0.472
0.752
-1.990
-0.757
0.220
0.047
0.510
-0.934
0.671
0.431
-0.035
-0.041
-0.041
-0.184
0.157
-0.926
-0.607
-0.384
0.500
-0.472
0.113
-0.688
-0.408
-0.397
0.791
-0.427
0.465
-1.970
0.211
-0.384
-0.566
-0.034
-1.254
-1.432
-0.823
0.377
-0.677
-0.892
0.036
0.910
0.392
0.441
0.058
-1.693
-0.365
0.213
-0.014
1.286
0.275
-2.435
-1.307
-0.996
-1.880
-1.875
-0.525
0.050
-0.891
-1.447
-1.159
0.329
0.456
-0.455
0.285
0.188
-0.438
-0.654
-0.590
-1.035
0.229
-2.112
-0.847
0.980
-1.367
-1.214
-1.022
-0.541
-2.313
-0.861
-1.012
-0.670
-0.671
0.987
0.228
-0.743
-0.754
-0.576
0.051
-0.517
0.641
-1.190
0.128
-1.499
-1.075
0.161
-0.034
0.281
-0.464
-1.155
-0.649
0.933
0.201
0.051
-1.189
0.035
0.365
0.154
0.489
0.105
0.142
0.247
-0.600
-0.423
0.852
-0.969
0.201
-0.182
-0.247
0.132
0.104
-0.246
0.079
0.006
-0.061
0.358
-0.133
0.397
-0.058
0.399
0.634
-0.907
0.143
-0.505
0.028
0.130
0.053
0.635
0.277
-1.076
-1.636
-0.556
-1.639
0.764
0.642
-1.122
0.113
-0.588
-1.982
0.065
0.093
-0.164
-0.579
-0.443
0.213
0.025
-0.511
0.006
-0.323
0.223
1.063
-0.845
0.219
0.537
1.121
-0.419
0.295
-0.556
0.213
0.057
0.192
0.758
1.157
1.212
0.853
0.071
1.261
0.098
0.585
0.770
-0.075
-1.458
-0.767
-0.394
0.058
0.116
0.092
0.261
-0.016
-0.034
0.508
-0.634
-0.957
0.024
-0.329
-0.258
0.471
0.651
-0.066
0.305
0.003
-1.589
-1.767
-1.031
-0.668
-1.290
