-0.275
-0.264
-0.005
-0.380
-0.714
-2.682
0.102
-0.358
-2.035
-0.500
0.062
-2.587
-0.464
-0.031
-0.168
-1.765
-0.469
-0.668
-0.127
-0.624
-0.116
-1.269
1.775
-0.483
-0.197
0.093
0.435
-0.463
0.137
-0.005
0.018
-1.036
-0.163
0.702
1.623
0.509
-0.286
-0.143
-0.243
-0.131
-0.074
-0.372
-0.489
-0.443
-0.656
-0.251
0.681
0.083
-1.125
-0.523
-1.136
-0.412
-1.621
-1.453
-0.266
-0.867
-2.415
0.586
-0.244
0.472
-2.363
-0.712
-1.656
0.014
-0.074
0.307
0.297
-1.087
-0.237
0.351
0.305
0.077
-0.411
-0.276
0.509
-0.019
1.295
0.235
0.083
0.322
-1.881
-0.294
0.162
-1.737
-0.231
-2.601
-2.568
-0.185
-0.127
-0.213
-0.118
-0.196
0.054
-0.349
-3.042
0.498
-0.059
-0.728
-3.016
-1.303
0.168
0.047
-3.031
0.006
-1.346
-0.360
-0.082
-0.019
-2.235
0.032
-0.239
0.007
0.195
1.920
0.110
-0.027
-3.325
0.633
0.273
-0.576
-1.523
-2.640
-1.574
-0.375
-0.343
-1.410
-1.145
0.020
-0.324
-0.481
0.323
-0.641
0.102
-1.046
-0.324
-0.151
-0.997
-0.226
0.034
0.571
-2.764
-0.646
0.225
-0.005
0.689
-0.354
2.927
2.333
0.375
1.068
-0.064
0.416
-0.053
-0.735
0.269
-1.233
0.773
0.119
-0.204
-0.654
0.001
0.058
1.236
0.016
0.605
-3.678
0.196
-0.874
-1.294
-0.147
-0.492
-0.083
-0.152
0.115
-0.364
-0.313
-0.098
-0.139
0.103
0.151
-0.188
-1.440
-0.364
-0.166
0.125
0.542
-0.060
-2.851
-1.796
-0.757
-2.189
-4.462
-0.532
-1.275
-0.587
-0.485
-0.441
0.193
0.100
0.066
0.153
0.138
-0.477
-0.349
0.096
-0.311
-0.202
-2.180
-0.225
0.102
-0.446
-0.372
0.011
-0.469
-2.910
-0.884
-0.308
-0.219
-0.168
0.345
0.018
0.166
-0.207
-0.175
0.291
0.175
0.131
-0.344
0.339
-1.010
-0.381
-0.498
-0.118
0.734
-0.276
0.376
-0.769
0.584
-0.083
-0.272
-0.069
-1.210
-0.369
-0.142
-0.127
1.402
-1.183
0.215
0.102
0.044
0.553
-0.749
-1.358
0.023
-0.242
0.290
0.173
-0.038
0.116
-0.074
0.107
0.122
-0.420
-0.024
0.143
0.660
-0.195
-0.268
0.023
-0.122
-0.272
-0.556
0.096
0.146
-0.408
-0.267
-0.127
-0.165
-0.162
-0.006
0.123
-0.029
-0.022
0.001
-2.260
-0.171
-0.007
0.386
0.173
-0.002
0.073
0.226
-0.180
0.535
-0.616
-0.181
-0.333
-0.178
-0.412
0.165
-0.113
-0.219
0.102
0.061
-0.231
-0.035
-0.119
3.736
1.848
2.384
1.326
-0.033
0.341
-0.153
0.684
0.584
-0.158
0.033
0.100
0.052
-0.053
0.249
-0.124
2.017
0.421
-0.136
-0.385
-0.132
-0.984
0.072
0.101
-0.018
-0.838
0.389
0.287
0.298
-0.111
-1.900
-2.653
-2.254
-0.867
-1.152
