0.262
0.152
0.333
-0.346
-0.276
-1.872
-0.126
-1.097
-2.627
-2.016
0.303
-2.622
-1.301
-0.429
-0.353
-1.281
-0.540
-0.307
0.123
0.440
0.513
-0.074
2.391
-1.836
0.097
-0.646
0.661
-0.238
-0.705
-0.082
0.134
-0.839
0.460
-0.112
-0.021
-0.510
-0.427
-0.911
-0.266
-0.311
-0.187
-0.780
-0.449
-0.187
-0.097
-0.152
0.189
-0.088
-0.215
-0.943
-0.331
-0.278
-2.960
-1.053
0.386
-0.235
-2.065
0.402
0.145
1.007
-2.034
-1.015
-2.683
-0.002
-0.631
1.002
-1.233
-0.244
0.045
1.255
0.580
0.528
-0.187
-0.269
0.189
-0.187
1.641
0.465
0.760
1.484
-2.011
-0.252
0.709
-1.695
0.277
-3.067
-1.810
-0.154
0.383
0.054
0.018
-0.025
-0.068
0.308
-3.198
-0.185
-0.148
-0.080
-2.543
-0.594
-0.693
0.035
-2.305
-0.589
-1.167
-0.019
-0.197
-0.368
-1.919
0.122
-0.272
-0.077
1.202
2.330
-0.561
1.116
-2.422
0.236
-0.366
-1.120
-1.531
-1.632
-1.518
-0.288
0.015
-0.164
-1.334
0.159
-0.687
-0.748
1.217
-0.184
0.519
-0.249
-0.079
-0.139
-1.395
-0.990
-1.186
2.633
-2.183
-0.400
-0.691
-1.133
-0.677
-0.158
3.122
1.603
-0.512
-0.736
-0.048
1.694
-0.187
-2.138
-1.885
-2.778
0.397
-1.118
-1.261
-2.016
-0.619
-0.953
1.383
-0.663
0.879
-2.645
-0.527
-0.382
-1.622
-1.202
-0.653
-1.147
-0.354
-0.030
-0.772
-0.568
-0.217
-0.126
-0.241
0.167
0.072
-1.069
-0.631
0.239
-0.155
0.780
0.226
-2.030
-1.245
-0.711
-1.421
-1.724
-0.473
-0.129
-0.233
-0.275
-0.187
-0.202
-0.173
-0.187
-0.142
-0.179
-0.186
-0.172
-0.187
-0.180
-0.033
-1.919
-0.334
1.267
-0.591
-1.569
-0.640
0.143
-1.934
-1.051
-0.843
-0.330
0.445
0.084
0.445
-0.344
-0.385
-0.123
0.616
-0.229
1.912
-0.282
-0.579
-1.990
-0.664
-0.127
-1.078
-0.187
-0.711
-0.243
-0.912
0.972
0.006
-1.239
-1.931
-0.818
-1.299
-1.081
-1.077
-0.385
-0.119
0.681
0.179
-0.359
0.641
-1.410
0.033
-1.402
-2.126
-0.293
-0.441
-1.549
-0.410
-0.638
-0.971
-0.495
-1.374
0.477
-0.849
0.095
0.969
0.523
0.744
0.081
-0.044
0.669
-0.110
0.331
0.230
0.212
-0.866
-0.410
-0.348
0.516
0.082
-0.241
-0.396
-0.324
-2.267
-0.132
-0.111
-0.319
-1.812
-0.515
0.031
-0.025
-0.187
0.148
-0.187
-0.051
-0.008
-0.414
-0.161
-0.112
-0.140
-0.177
-0.164
-0.187
-0.172
-0.052
1.392
2.220
1.909
1.813
1.275
0.969
1.840
-0.444
1.019
0.730
-0.609
-1.170
-0.470
-0.219
-0.180
-0.322
-0.175
0.190
-0.282
-0.444
0.235
0.828
-0.914
-0.099
-0.075
-0.292
0.091
0.754
0.340
-0.303
-0.732
-2.990
-2.689
-1.525
0.398
-3.040
