1.921
1.312
0.195
-0.199
-0.150
-4.362
-0.227
-0.255
-3.214
-0.787
0.004
-2.784
-0.596
-0.128
-0.088
-1.546
-0.225
-0.631
-0.011
-0.135
0.183
0.688
0.671
-0.953
1.049
0.568
0.804
-0.117
0.573
0.420
-0.137
-1.019
-0.024
-0.117
0.184
-0.117
-0.530
-0.577
-0.419
-0.178
-0.117
-0.179
-0.216
-0.101
-0.498
-0.577
0.358
-0.117
-0.132
-0.040
-1.121
0.301
-2.065
-1.844
-0.171
-0.167
-2.572
0.437
-0.368
0.748
-3.941
-0.717
-1.699
0.027
-0.046
-0.200
-0.077
-0.886
-0.120
1.065
0.637
0.196
0.078
-0.117
0.137
0.229
1.607
0.155
0.278
0.565
-2.247
0.126
-0.004
-1.964
-0.081
-2.520
-3.107
-0.099
0.001
0.109
-0.012
-0.096
-0.110
-0.117
-3.147
0.009
0.159
-0.316
-2.912
-1.094
-0.116
0.195
-3.890
-0.447
-1.850
-0.553
0.012
-0.120
-3.035
-0.059
-0.011
0.175
0.428
2.355
-0.115
-0.058
-3.899
1.998
-0.358
-1.303
-2.409
-3.608
-1.985
-0.465
-0.253
-1.278
-2.157
-0.018
-0.361
-0.523
-0.005
-0.341
0.093
-0.087
-0.089
0.242
-2.218
-0.277
-0.528
0.174
-2.560
-0.072
0.108
0.101
0.228
-0.377
1.840
0.378
0.320
0.070
-0.068
0.078
0.339
-1.382
0.523
-3.569
0.392
-1.658
0.604
-0.527
-0.680
-0.134
1.227
-0.179
0.105
-1.899
-0.626
-0.973
-1.359
-0.434
-0.183
-0.155
-0.117
-0.111
-0.151
-0.123
-0.093
-0.074
-0.117
-0.077
-0.024
-2.272
-0.539
0.559
-0.117
0.520
-0.070
-1.201
-0.933
-0.163
-2.701
-4.982
-0.615
-0.279
-0.861
-0.559
-0.701
0.473
-0.097
-0.132
0.003
0.200
-0.340
-0.449
-0.226
-0.430
-0.175
-2.392
-1.297
0.298
-1.286
-1.622
-0.290
-0.118
-2.362
-0.761
-0.678
-0.775
-0.065
0.503
-0.070
-0.022
-0.362
-0.140
-0.094
-0.078
0.368
-1.502
-0.079
-1.216
-1.161
-0.216
-0.162
-0.103
-0.144
-0.093
-0.229
0.254
0.027
-0.239
-1.096
-0.399
-0.306
-0.230
-0.757
0.061
0.211
0.493
-0.006
0.186
1.035
-0.478
-0.076
-0.117
-0.508
0.153
-0.053
0.141
-0.117
-0.117
-0.158
-0.108
-0.117
0.197
0.021
0.076
0.060
-0.112
-0.117
0.123
-0.117
0.211
-0.048
-0.096
-0.140
-0.550
-0.243
-0.290
-0.235
-0.026
-0.090
-0.134
-0.085
-0.191
-0.987
-0.148
0.299
-0.251
0.408
-0.117
0.379
-0.279
-0.329
-0.278
-0.117
0.011
0.008
-0.164
-0.147
0.212
0.074
-0.155
-0.071
-0.068
-0.077
-0.093
0.098
4.883
3.256
3.461
2.329
0.309
0.363
-0.046
-0.045
0.182
0.176
-0.232
-0.036
-0.136
-0.837
-0.423
0.104
2.152
0.340
-0.117
-0.502
-1.151
-1.043
-0.176
-0.127
-0.191
-0.122
0.300
-0.080
-0.096
0.077
-0.891
-1.965
-4.797
-1.319
-2.270
