-0.485
-0.133
-0.119
-0.050
-0.682
-2.636
-0.081
0.147
-1.511
-0.541
0.066
-2.771
-1.023
0.984
-0.231
-1.810
-0.481
-0.654
-0.224
0.336
0.157
0.669
0.441
-1.177
0.172
0.202
0.723
-0.115
0.744
0.133
-0.092
-1.453
0.285
0.080
1.004
-0.250
-0.272
-0.318
-0.127
-0.338
-0.317
-0.705
-0.708
-0.344
-0.061
-0.200
0.385
0.797
-0.499
-0.149
-1.549
-0.325
-1.573
-1.557
-0.110
-0.070
-2.514
0.029
-0.534
0.209
-3.388
-1.556
-1.837
0.176
0.230
0.071
0.444
-0.723
-0.140
1.142
1.034
0.552
0.653
0.126
0.935
0.429
0.402
0.322
0.150
0.665
-2.506
-0.321
-0.055
-2.266
-0.435
-2.430
-2.017
-0.382
-0.071
-0.455
-0.114
-0.319
0.175
0.903
-3.589
0.847
0.599
-1.463
-2.956
-1.579
-1.256
0.276
-3.613
-0.708
-1.486
-1.050
0.228
-0.379
-2.310
-0.040
-0.597
0.472
0.580
1.816
-0.464
0.641
-3.499
0.642
-0.468
-0.880
-2.108
-3.282
-1.409
-0.651
-0.223
-1.679
-1.527
0.051
-0.753
-0.451
1.114
-0.179
0.275
-0.161
-0.059
-0.085
-2.008
-0.355
-0.965
0.538
-2.126
-0.640
0.141
0.257
0.815
-0.858
2.830
1.817
0.351
0.592
0.034
0.317
0.255
-1.735
0.387
-2.974
0.119
-1.308
-0.954
-1.633
-0.613
-0.374
1.632
-0.701
1.187
-4.138
-1.017
-1.129
-2.603
-1.692
-0.770
-0.597
-0.744
0.208
-0.284
-0.546
-0.071
-0.096
-0.067
0.031
-0.358
-2.510
-1.120
0.345
-0.087
0.446
0.337
-2.516
-2.077
-1.307
-2.169
-2.561
-0.710
-0.254
-0.762
-0.525
-0.529
-0.058
-0.073
-0.071
-0.068
-0.071
-0.071
-0.299
-0.016
-0.480
0.143
-2.107
-0.915
-0.059
-0.627
-1.477
-0.832
-0.071
-2.932
-1.575
-0.463
-0.071
-0.261
-0.064
-0.067
-0.097
-0.277
-0.071
-0.071
-0.071
0.361
-1.187
0.532
-1.829
-0.864
-0.233
-0.245
0.438
-0.606
-0.225
-0.427
0.641
-0.015
-0.100
-0.367
-0.159
-0.559
-0.140
-0.888
0.236
-0.021
0.184
-0.070
0.002
0.826
-0.678
-0.653
-0.212
-0.286
0.097
-0.075
-0.193
-0.101
-0.120
-0.350
0.046
-0.236
0.088
-0.206
0.254
0.473
-0.261
0.298
-0.087
-0.070
-0.053
0.210
-0.071
-0.029
-0.405
-0.332
-0.357
-0.281
0.241
0.156
-0.315
0.078
-0.071
-3.100
-0.071
-0.040
-0.069
0.180
-0.488
0.040
-0.169
-0.332
1.152
-0.058
-0.024
-0.071
-0.248
-0.009
0.350
0.331
-0.627
0.728
-0.233
0.060
-0.092
-0.036
3.186
1.593
2.279
0.919
0.015
0.491
-0.316
0.097
0.512
-0.041
-0.454
-0.064
-0.094
-0.381
-0.179
-0.098
1.260
-0.292
-0.028
-0.110
-0.146
-1.260
-0.034
-0.285
-0.155
-0.236
0.324
0.669
-0.071
0.035
-2.558
-1.541
-2.773
-0.683
-2.690
