-0.572
-0.427
1.126
-0.039
-0.575
-2.627
0.006
-0.039
-1.583
-0.445
-0.003
-2.650
-0.638
-0.690
0.207
-1.886
-0.585
-0.431
-0.201
-0.245
0.083
0.292
1.106
-0.515
0.242
-0.832
1.004
-0.123
0.348
0.203
0.016
-0.609
0.356
0.027
0.567
-0.467
-0.279
-0.442
-0.261
-0.371
-0.483
-0.754
-0.837
-0.362
-0.439
-0.340
0.204
0.084
-0.387
-0.394
-1.159
-0.071
-1.478
-1.475
-0.384
-0.146
-1.951
0.048
-0.103
-0.356
-2.657
-0.702
-1.372
0.032
0.047
-0.006
0.025
-0.582
0.018
0.377
0.403
0.279
0.016
-0.078
0.248
0.016
0.466
0.509
0.042
0.230
-2.060
-0.175
0.013
-1.534
-0.783
-2.744
-1.370
-0.185
-0.205
-0.272
-0.218
-0.301
-0.071
-0.129
-1.530
0.554
0.007
-0.153
-3.049
-1.310
-0.289
0.011
-2.799
0.073
-1.112
-0.503
0.107
0.064
-2.198
-0.011
0.013
0.034
0.287
1.270
0.017
0.334
-2.955
0.298
-0.919
-0.762
-1.708
-2.923
-1.955
-0.609
-0.050
-1.262
-1.276
0.063
-0.087
0.078
0.338
-0.935
-0.108
-1.206
0.058
-0.099
-1.057
-0.085
-0.154
1.932
-1.810
-0.695
0.233
-0.266
-0.053
-0.429
2.119
1.045
0.071
0.683
-0.282
0.018
0.304
-1.015
-0.666
-2.591
0.523
-0.147
-0.224
-0.833
-0.408
-0.421
0.804
-0.424
0.593
-3.049
-0.444
-0.774
-1.230
-1.005
-0.277
0.027
-0.183
0.017
-0.106
-0.140
-0.172
-0.174
-0.010
0.036
-0.053
-1.506
-0.761
-0.008
-0.129
0.750
-0.074
-2.395
-1.672
-0.733
-2.157
-3.049
-0.440
-0.428
-0.460
-0.487
-0.565
0.187
-0.153
-0.178
-0.016
-0.064
-0.478
-0.404
0.363
-0.437
0.002
-2.796
-1.016
0.983
-0.638
-1.360
-0.772
-0.297
-2.579
-0.892
-0.009
0.014
-0.270
0.322
0.300
0.397
-0.011
-0.037
0.049
0.403
0.597
-0.632
0.045
-0.789
-0.779
-0.080
-0.115
0.008
-0.740
0.048
-0.644
0.300
0.030
-0.445
-1.436
-0.521
-0.902
-0.437
-0.966
0.305
-0.002
-0.300
0.319
-0.232
0.460
-0.585
-0.394
-0.544
-0.684
0.149
-0.419
-0.017
-2.593
-0.359
-0.639
0.323
-0.746
-0.446
-0.298
-0.474
0.248
-0.067
0.044
-0.032
-0.392
0.014
-0.012
-0.249
-0.198
-0.438
-0.431
-0.388
-0.337
0.277
0.323
-0.262
0.245
-0.271
-2.538
0.014
0.018
-0.052
-0.650
-0.330
-0.004
-0.679
0.035
0.040
0.415
0.230
0.061
0.318
0.020
0.170
0.315
-0.161
0.098
0.046
0.044
0.021
0.104
2.588
1.922
1.954
1.462
0.034
0.334
0.017
0.234
0.688
0.191
-0.017
-0.414
-0.017
-0.115
0.236
0.025
0.944
-0.091
-0.323
-0.354
-0.390
-0.856
0.176
-0.380
-0.249
-0.001
0.336
0.091
-0.009
-0.009
-1.604
-2.364
-2.146
-0.852
-1.874
