0.922
1.376
0.020
-0.231
-0.019
-3.313
-0.214
0.307
-2.154
-0.221
0.020
-2.471
-0.280
-0.407
-0.026
-2.372
-0.109
-0.276
0.163
-0.040
-0.044
0.372
1.913
-0.422
-0.298
-0.760
1.606
-0.033
0.260
1.055
-0.727
-1.045
0.336
-0.500
0.064
-0.325
-0.324
-0.318
-0.455
-0.870
0.004
-0.180
-0.002
0.063
-0.085
-0.138
1.031
-0.092
-0.299
-0.543
-1.218
-0.398
-0.075
-0.375
-0.225
-0.055
-1.474
0.163
0.131
0.066
-3.284
-1.179
-1.708
0.270
0.311
0.133
0.756
-0.721
-0.415
0.464
0.957
0.020
-0.035
-0.638
0.349
0.098
0.212
0.704
0.391
0.403
-2.269
-0.113
-0.298
-1.862
-0.494
-2.752
-1.695
-0.230
-0.022
-0.031
-0.241
-0.146
0.182
-0.181
-3.193
-0.004
0.038
-0.031
-3.025
-1.616
-0.152
0.104
-3.630
-0.160
-0.779
-0.589
0.045
0.013
-3.211
0.351
-0.300
-0.067
0.067
2.599
0.036
0.379
-3.810
0.613
-0.180
-0.868
-1.753
-2.002
-1.777
-0.213
-0.671
-0.899
-1.102
-0.046
-0.460
-1.386
1.143
-0.047
0.146
-0.836
-0.132
-0.065
-1.510
-0.564
-0.306
-0.623
-2.891
-0.214
-0.030
-0.098
0.395
-0.865
2.796
1.956
0.027
0.305
-0.226
-0.166
0.150
-0.905
-0.102
-1.610
1.255
-0.659
-0.092
-0.601
-0.021
0.273
2.138
0.201
1.569
-3.208
-1.440
-1.355
-1.302
-1.773
-0.361
-0.036
-0.014
-0.005
-0.236
-0.099
-0.234
-0.126
-0.203
0.226
-0.095
-1.473
-0.184
-0.012
0.014
1.480
-0.082
-2.615
-1.788
-1.083
-1.938
-2.654
-0.150
-0.262
-0.546
-0.195
-0.866
0.351
0.158
0.034
0.800
0.623
-0.084
0.001
-0.029
-0.065
0.194
-2.719
-0.444
0.590
-1.288
-1.885
-0.703
-0.019
-2.436
-0.583
-0.200
-0.347
0.162
0.523
0.272
0.148
0.092
-0.020
0.523
0.221
1.130
-0.264
0.096
-0.564
-0.527
-0.087
-0.752
0.081
-0.458
-0.052
-0.179
0.741
-0.048
-0.480
-1.243
-1.192
-0.989
-1.007
-0.137
-0.015
0.140
-1.285
0.227
-0.198
0.736
-1.380
-0.391
-0.174
-1.334
0.066
-0.015
-0.221
-0.020
-0.052
-0.266
0.166
-0.114
0.007
0.085
0.315
0.374
-0.048
0.035
0.354
-0.020
-0.037
0.057
0.062
-0.014
-1.404
-0.155
-0.472
-0.485
0.432
0.131
0.046
0.094
-0.067
-0.847
0.061
-0.213
-0.131
-0.085
0.230
-0.361
0.347
-0.071
-0.021
0.008
0.103
0.145
0.002
0.021
0.261
0.137
0.078
-0.084
0.143
0.322
0.038
0.013
3.937
2.421
2.763
1.271
0.027
0.173
0.112
0.552
0.910
0.031
-0.037
-0.167
0.016
-0.239
-0.034
0.013
2.669
0.514
0.186
-0.198
0.007
-1.098
0.185
0.186
0.015
-0.116
0.111
-0.028
-0.004
-0.030
-1.603
-3.904
-3.574
-1.015
-1.867
