1.000
1.199
-1.598
0.125
0.469
2.640
0.375
0.303
1.993
0.895
0.005
2.021
0.213
0.099
0.569
1.776
0.013
-0.278
0.101
-0.216
0.037
-0.338
-2.702
0.624
-0.164
0.114
0.446
0.141
0.381
0.071
-0.036
1.821
0.503
-0.201
-1.085
-0.479
-0.198
0.266
0.438
0.185
-0.005
0.673
0.114
0.114
0.157
0.434
-0.189
-0.503
1.422
0.768
1.464
-0.448
1.023
0.994
1.293
0.461
2.214
-1.363
-0.103
-1.502
2.208
0.872
2.501
0.126
0.143
0.167
0.195
1.009
0.264
-0.626
-0.381
-0.222
0.058
-0.264
-0.120
0.319
-0.776
-0.210
-0.148
-0.332
2.969
0.207
-0.175
1.965
0.389
2.020
1.553
0.200
-0.307
0.027
0.333
0.427
-0.674
0.310
4.317
-0.476
0.134
0.549
2.847
0.740
0.326
0.150
3.515
0.295
1.418
0.697
-0.006
0.172
2.720
0.459
0.494
0.198
0.263
-1.389
0.152
-0.084
3.377
0.057
0.043
0.710
1.387
2.649
1.906
0.573
0.054
1.519
0.701
0.304
0.405
1.155
-0.231
1.298
0.095
1.694
0.357
0.201
1.170
0.531
0.305
-3.513
2.459
0.902
-0.106
0.258
-0.118
0.620
-1.643
-1.546
0.185
-1.336
0.907
0.145
-0.266
1.343
-0.134
2.527
-0.931
0.420
0.189
1.184
0.469
0.272
-0.643
1.027
-0.729
3.098
0.806
0.952
1.295
1.001
0.497
0.213
0.198
-0.077
0.343
0.415
-0.110
0.081
-0.147
-0.461
0.339
1.874
0.537
0.135
0.192
-0.673
0.185
3.306
2.097
1.092
2.999
4.095
0.226
0.279
0.614
0.559
0.296
-0.225
-0.165
0.123
-0.323
-0.305
0.581
0.526
0.114
0.652
0.399
3.204
0.650
-1.022
0.540
1.350
0.338
0.268
3.262
0.888
0.566
0.373
-0.007
-0.423
-0.275
-0.142
0.367
0.151
-0.458
-0.521
-0.682
0.928
0.243
0.577
0.350
0.320
0.086
-0.058
0.480
0.912
0.959
-0.722
0.240
0.210
0.490
0.114
1.043
0.114
0.409
-0.678
0.300
-0.332
-0.059
-0.671
-0.496
0.861
0.262
0.526
0.378
0.091
0.452
-0.084
0.510
0.718
0.501
0.171
0.668
0.180
0.006
-1.118
-0.276
0.502
0.388
1.186
-0.061
-0.107
-0.100
0.114
0.262
0.448
0.629
0.494
0.278
-0.309
0.114
0.389
0.114
0.153
2.948
0.152
-0.137
0.122
0.096
0.757
0.589
-0.381
0.192
-0.157
-0.163
-0.201
-0.246
-0.631
-0.026
-0.318
-0.520
0.134
-0.424
0.153
-0.116
0.232
-0.048
-4.797
-3.198
-3.861
-2.817
-0.232
-0.313
0.025
-1.471
-1.133
0.883
0.470
0.114
0.216
-0.208
0.034
-0.095
-1.182
0.150
0.429
-0.251
0.372
2.039
-0.019
-0.756
0.689
-0.225
-0.690
-0.057
-0.202
0.036
2.456
3.429
2.394
1.429
1.839
