-1.591
-2.231
-0.221
0.147
0.606
2.764
0.494
0.364
2.051
0.706
-0.063
3.639
1.095
-1.007
-0.086
2.017
1.105
0.560
0.559
0.073
-0.072
-0.224
-1.491
1.287
-0.463
-0.113
-0.122
-0.040
-0.077
-0.313
-0.079
0.107
-0.147
-0.286
-0.799
0.021
0.545
0.735
0.627
0.691
0.074
0.174
1.371
0.457
-0.076
-0.065
-0.433
0.223
1.001
0.425
1.435
-0.185
3.339
2.148
0.434
0.109
2.176
-0.239
0.833
-0.603
3.927
2.158
0.784
-0.375
0.099
-0.072
0.392
0.146
0.105
-1.148
-1.113
-0.696
-0.305
-0.116
-0.244
-0.118
-0.899
-0.260
-0.159
-0.576
1.425
0.047
-0.076
1.894
0.501
2.388
1.495
0.067
-0.211
-0.534
-0.022
-0.024
-0.250
-0.027
2.331
-0.344
0.013
0.447
3.445
1.483
0.132
-0.173
4.224
0.413
0.807
-0.007
-0.138
0.254
3.333
-0.634
0.428
-0.053
-0.076
-1.825
0.659
-0.029
3.915
-0.827
-0.114
0.560
2.053
4.347
3.045
0.909
0.251
1.144
1.644
0.192
0.594
0.018
-0.652
0.190
-0.557
1.119
0.121
0.197
1.163
0.963
0.168
-1.720
2.954
0.409
-0.171
0.053
-0.757
-0.160
-2.942
-2.566
-0.157
-0.569
0.759
0.124
-0.127
1.069
-0.076
4.428
-0.707
-0.107
-0.069
0.067
1.162
-0.076
-0.174
1.281
-0.229
4.007
0.247
1.523
1.907
0.613
0.444
-0.127
0.171
-0.190
0.283
0.388
0.249
-0.052
-0.119
-0.293
-0.055
2.012
0.481
0.068
-0.019
-0.824
-0.044
3.786
3.428
1.147
3.325
3.378
1.121
1.416
1.005
0.224
0.712
-0.143
-0.076
-0.076
-0.076
-0.076
-0.061
0.333
0.066
0.231
0.034
2.513
0.977
-0.602
1.297
1.248
-0.068
0.894
2.296
0.818
0.413
0.352
-0.115
-0.370
-0.076
-0.093
0.162
0.004
-0.088
-0.329
-0.697
0.659
-0.268
1.574
0.923
0.218
0.580
-0.115
0.630
-0.076
0.139
-0.155
-0.087
0.569
-0.076
0.627
0.571
0.434
0.749
-0.092
-0.238
-0.183
-0.085
-1.346
-1.058
0.961
0.883
0.202
0.151
-0.738
-0.355
-0.889
-0.076
-0.011
-0.076
-0.113
0.487
-0.098
0.046
-0.789
0.050
0.156
-0.102
-0.530
-0.363
-0.069
-0.022
-0.161
-0.020
0.762
0.482
0.780
0.144
-0.084
-0.102
0.244
-0.076
0.455
3.447
-0.076
0.200
-0.096
-0.080
0.990
-0.195
-0.535
0.653
-0.900
-0.633
-0.074
-0.321
0.749
-0.091
-1.195
-0.142
-0.894
0.323
0.548
-0.551
0.120
0.101
-3.524
-1.833
-2.485
-2.100
-0.885
-1.291
-0.049
-1.037
-1.028
-0.812
0.427
-0.000
0.103
0.076
0.317
0.772
-1.906
0.828
-0.039
0.561
0.128
1.034
-0.011
-0.022
0.477
0.345
-1.054
-0.215
0.217
0.122
2.283
4.634
4.315
-0.369
1.590
