-0.308
-0.243
-0.436
-0.234
-0.678
-2.625
0.035
-0.528
-1.583
-0.255
0.142
-2.656
-0.958
0.034
-0.689
-1.690
-0.672
-0.390
-0.325
-0.562
0.234
0.207
0.958
-0.751
0.517
0.072
0.712
-0.338
0.360
0.320
-0.003
-1.062
0.863
-0.189
0.252
-0.087
-0.733
-0.586
-0.313
-0.700
-0.183
-0.397
-0.426
-0.393
-0.434
-0.430
0.456
0.440
-0.861
-0.437
-1.279
-0.510
-1.469
-1.423
-0.535
-0.443
-1.956
0.322
-0.268
0.257
-2.078
-0.872
-1.742
0.196
0.324
-0.241
-0.090
-0.996
-0.470
0.467
0.520
0.402
-0.254
-0.664
0.074
-0.123
0.027
0.409
-0.130
0.321
-2.517
-0.359
-0.137
-1.739
-0.665
-2.079
-2.059
-0.341
-0.208
-0.168
-0.353
-0.354
0.174
-0.343
-2.498
0.385
0.251
-0.618
-2.471
-0.624
0.031
0.544
-2.939
-0.296
-1.342
-1.180
-0.186
-0.211
-3.091
0.454
-0.212
0.219
0.200
1.835
-0.318
0.125
-3.085
0.044
-0.100
-0.782
-1.315
-2.099
-1.550
-0.492
-0.472
-1.091
-1.342
-0.367
-0.694
-0.424
0.724
-0.409
0.081
-0.929
-0.227
-0.219
-1.025
-0.507
-0.543
1.801
-1.908
-0.596
0.179
0.149
0.651
-0.833
2.007
1.766
0.265
0.304
-0.321
0.308
-0.124
-1.036
3.735
-3.129
0.921
-0.682
1.203
0.324
-0.600
-0.475
1.863
-0.668
1.315
-3.630
-1.006
-1.162
-1.176
-1.384
-0.282
-0.216
-0.360
0.153
-0.079
-0.320
0.188
0.018
0.218
0.269
-0.242
-1.250
-0.415
-0.279
0.061
0.650
-0.192
-2.267
-1.358
-0.611
-1.760
-2.704
-0.421
-0.556
-0.382
-0.378
-0.524
0.121
0.018
-0.104
0.039
0.042
0.038
-0.273
-0.099
-0.046
-0.302
-1.930
-0.811
0.559
-0.900
-0.950
-0.870
-0.222
-2.192
-1.121
-0.327
-0.391
-0.078
0.132
-0.109
0.072
-0.206
-0.175
-0.062
0.324
0.045
-0.316
0.220
-0.739
-0.584
-0.069
0.005
-0.066
-0.656
-0.493
-0.846
0.675
0.021
-0.465
0.004
-0.887
-0.593
-0.668
-0.660
0.493
0.294
0.202
0.080
1.179
0.411
-1.022
-0.847
-0.251
-0.714
0.001
-0.001
0.203
-0.243
-0.272
-0.159
0.060
-0.561
-0.483
0.005
0.112
0.114
-0.481
-0.247
0.523
-0.139
-0.081
-0.132
0.204
0.434
-0.494
-0.232
-0.164
-0.334
0.208
0.058
0.059
0.057
-0.049
-2.875
-0.271
-0.330
-0.142
2.462
-0.457
0.516
-0.532
-0.073
0.788
0.044
0.005
0.338
-0.312
0.237
0.586
0.333
-0.469
0.075
-0.353
0.496
-0.284
-0.117
2.622
1.903
2.448
1.193
0.019
0.369
-0.252
-0.751
0.523
-0.002
-0.214
-0.482
-0.038
-0.335
-0.353
-0.498
1.554
0.021
0.004
-0.146
-0.723
-0.810
0.178
-0.041
-0.466
-0.426
0.753
-0.292
0.250
-0.071
-1.464
-1.644
-2.594
-0.985
-0.995
