0.026
0.091
0.014
0.055
-0.204
-1.794
-0.232
0.014
-2.231
-0.479
0.228
-3.382
-0.755
-1.169
-0.013
-2.082
-0.919
-0.435
-0.122
0.027
0.014
0.073
1.002
-0.290
-0.004
0.123
1.087
-0.060
0.299
0.071
0.014
-1.158
0.333
-0.261
-0.019
-0.687
-0.054
-0.083
-0.221
-0.705
-0.550
-0.599
-0.874
-0.322
-0.052
-0.001
0.041
0.232
-0.750
0.014
-1.200
-0.013
-2.115
-1.502
0.014
0.014
-2.599
-0.043
0.014
-0.076
-3.413
-1.247
-0.911
0.001
-0.036
0.088
0.016
-0.449
0.081
0.273
0.292
0.151
0.336
0.014
0.211
0.082
1.507
0.201
0.014
0.158
-2.506
-0.270
-0.017
-1.764
-0.270
-1.580
-0.364
-0.118
-0.026
-0.149
-0.032
-0.102
-0.022
-0.028
-3.248
-0.494
0.014
-0.377
-2.574
-1.316
-0.266
0.133
-3.687
0.035
-1.641
-0.587
0.248
-0.529
-2.606
0.140
0.028
0.117
-0.247
0.700
0.101
0.405
-3.472
0.851
-1.464
-0.969
-2.100
-1.978
-1.344
-0.375
0.036
-0.439
-1.100
0.089
0.049
-0.015
1.792
-0.665
0.016
-0.890
-0.053
-0.058
-1.572
-0.157
-0.852
1.997
-2.312
-0.048
0.234
-0.139
0.383
-0.252
1.402
1.034
-0.237
0.494
0.014
0.113
0.093
-1.310
-1.341
-3.436
1.176
-0.102
-0.802
-1.434
-0.083
-0.166
0.114
-0.099
0.050
-3.149
0.008
-0.067
-0.085
-0.234
-0.558
-0.261
-0.588
-0.158
-0.314
-0.451
-0.678
-0.649
-0.005
0.021
-0.046
-0.823
-0.291
0.171
0.048
0.921
0.168
-3.099
-2.255
-1.205
-3.357
-3.358
-0.158
-0.728
-1.201
-0.640
-1.456
0.059
0.014
-0.139
-0.046
-0.013
-0.433
-0.235
-0.209
-0.216
-0.066
-2.460
-0.398
0.148
-0.897
-1.825
-0.032
-0.733
-1.892
-0.863
0.009
-0.201
0.093
0.097
0.066
-0.064
-0.079
0.086
0.096
0.373
0.293
-0.633
-0.521
-0.860
-1.079
-0.083
0.158
-0.035
-0.273
0.014
-0.709
0.730
0.014
-0.041
-0.505
-0.469
-0.169
-0.237
-0.424
0.014
0.014
0.418
0.291
0.014
0.404
-0.652
-0.509
-0.055
-0.009
0.014
-0.072
0.053
-0.067
-0.136
-0.194
-0.049
-0.112
0.014
0.014
0.465
0.535
0.014
0.014
0.041
-0.320
0.101
0.079
0.189
-0.065
-1.229
-0.855
-0.815
-0.485
0.022
0.014
-0.640
-0.058
-0.245
-2.428
-0.029
0.143
0.009
-0.956
0.014
0.014
-0.362
-0.092
0.008
0.309
0.281
0.294
-0.243
-0.015
0.080
0.142
-0.116
-0.026
-0.032
0.043
0.014
0.049
4.004
2.284
2.852
1.841
0.033
0.152
0.063
0.390
1.603
0.916
-0.007
0.014
0.014
0.013
-0.741
-0.353
1.893
0.324
-0.424
0.071
-0.416
-1.008
-0.035
0.006
-0.220
-0.168
0.014
0.164
-0.411
-0.137
-0.204
-2.613
-3.720
-1.094
-1.477
