-0.363
-0.071
0.290
-0.014
-0.720
-2.993
-0.166
-0.723
-2.233
-0.552
0.101
-3.465
-0.599
0.189
-0.883
-2.596
-0.699
-0.269
0.169
0.076
0.499
1.154
2.204
-0.432
0.080
-0.609
1.375
-1.076
0.469
0.493
-0.366
-1.465
0.787
-0.103
0.836
0.123
-0.436
-0.604
-0.241
-0.540
-0.261
-0.574
-0.294
-0.343
-0.099
0.154
1.406
-0.244
0.028
-0.446
-1.696
0.092
-1.526
-1.511
-2.255
-0.297
-2.733
1.467
-0.095
1.118
-3.609
-1.227
-1.957
-0.016
-0.016
0.011
-0.075
-0.954
-0.343
0.511
0.523
0.340
0.346
-0.171
0.298
-0.013
0.133
0.489
0.058
0.223
-3.143
-0.016
0.229
-2.482
-1.266
-3.273
-2.194
-0.649
-0.451
0.571
-0.517
-0.496
0.585
-0.419
-3.004
0.782
-0.004
-0.528
-3.648
-1.253
0.165
-0.016
-4.218
-0.075
-1.692
-1.276
0.017
-0.401
-2.966
0.283
-0.040
0.146
0.136
1.048
0.043
0.060
-3.813
0.238
-1.131
-0.834
-2.308
-3.403
-2.069
-0.436
-0.285
-1.456
-0.873
-0.016
0.027
-1.157
1.403
-0.870
0.050
-1.380
-0.276
-0.282
-0.959
0.045
0.191
1.018
-3.024
-0.921
0.125
-0.190
0.595
-0.953
2.390
1.930
0.265
0.767
-0.641
-0.016
0.391
-0.516
0.578
-2.012
0.754
-0.099
-0.024
-0.316
0.049
0.089
1.532
-0.073
1.094
-3.213
-0.176
-1.007
-1.446
-0.464
-0.162
-0.221
-0.264
0.642
-0.492
-0.504
-0.029
-0.006
0.274
0.794
-0.212
-2.105
-1.112
-0.012
-0.034
0.673
0.038
-3.662
-2.186
-1.331
-3.114
-3.337
-0.390
-0.386
-0.470
-0.521
-0.673
0.224
-0.334
-0.195
-0.227
-0.268
-0.526
-0.453
0.110
-0.422
-0.065
-3.086
-0.733
0.465
-0.657
-1.131
-0.571
-0.195
-3.247
-1.084
-0.488
-0.615
0.384
0.474
0.428
0.241
-0.007
-0.175
0.042
0.092
0.666
-0.572
-0.027
-1.126
-0.844
0.050
-0.188
-0.005
-0.340
-0.389
-0.886
0.687
0.039
-0.350
-0.526
-1.092
-0.670
-0.281
-0.690
0.586
0.019
0.803
0.224
-0.576
0.285
-1.227
-0.824
-0.913
-1.306
0.114
0.086
-0.263
-0.002
-2.533
0.115
0.237
-0.998
0.512
-0.041
0.633
0.074
-0.345
0.083
0.575
0.079
-0.257
0.009
-0.200
-0.101
-0.375
-0.538
-0.529
-0.333
0.366
-0.070
-0.358
-0.062
-0.467
-2.891
-0.012
0.040
-0.177
0.424
-0.040
0.249
0.707
0.212
0.225
0.441
0.455
0.275
0.155
-0.060
0.413
0.288
-0.044
0.008
0.301
0.304
0.134
-0.016
3.652
2.463
2.791
1.989
-0.189
0.111
0.095
0.723
1.116
0.133
-0.127
-0.542
-0.066
0.019
0.139
0.007
2.332
0.251
0.009
0.003
0.094
-1.327
-0.058
-0.247
-0.018
-0.060
0.184
0.494
0.020
-0.086
-2.387
-2.456
-4.167
-0.169
-1.938
