-0.611
-0.433
-1.010
-0.051
-0.086
3.727
0.116
0.606
1.611
0.623
0.004
2.697
0.573
0.266
1.410
2.592
0.453
0.190
0.449
0.188
-0.146
-0.811
-1.371
0.425
-0.189
-0.085
-0.596
0.052
-0.326
-0.477
0.021
1.043
0.152
-0.144
-0.433
0.250
0.656
0.428
0.465
0.617
0.747
0.558
0.117
0.025
0.134
0.039
-0.059
-0.335
0.483
0.822
0.714
0.787
2.431
1.706
0.294
0.130
2.904
-0.413
0.391
-0.329
2.419
0.670
2.318
0.132
0.300
-0.094
-0.204
0.340
0.108
-0.750
-0.521
-0.402
-0.060
-0.037
-0.379
0.205
-0.476
-0.024
-0.097
-0.438
2.560
0.294
0.415
2.339
0.290
3.109
1.893
0.091
0.020
0.693
0.025
0.123
-0.246
0.008
3.484
0.089
-0.126
-0.365
2.541
0.240
-0.181
0.115
3.852
-0.034
1.216
-0.033
-0.639
-0.088
3.471
-0.326
0.080
0.058
-0.113
-1.405
0.042
-0.308
3.707
-0.402
0.268
0.553
1.260
2.960
1.971
0.477
-0.060
1.377
1.652
-0.099
0.306
0.820
-0.497
0.322
-0.196
1.168
-0.002
0.246
1.186
0.246
0.378
-3.171
1.634
0.300
-0.138
0.004
-0.460
0.070
-2.421
-0.320
0.795
-0.263
0.049
-0.041
-0.118
0.979
0.575
2.979
-1.147
-0.362
0.086
0.738
0.664
0.324
-1.209
0.702
-0.656
2.239
1.036
0.330
0.542
1.217
0.396
0.656
0.314
0.167
0.081
0.185
-0.219
0.064
-0.053
0.081
-0.249
2.391
0.665
-0.241
-0.142
-0.678
0.172
2.442
1.793
0.897
2.789
2.958
0.593
0.063
0.871
0.302
0.535
-0.304
0.034
-0.003
-0.132
-0.063
0.133
0.090
0.167
0.146
0.087
2.054
0.363
-0.205
1.557
1.271
0.763
0.214
2.491
0.746
0.339
0.119
-0.047
-0.384
-0.272
-0.080
0.146
0.004
-0.121
-0.004
-0.414
0.737
0.013
1.018
0.955
-0.207
-0.076
0.067
0.468
-0.087
0.410
-0.940
-0.122
0.263
0.851
0.356
0.454
0.729
1.435
0.044
-0.254
-0.061
-0.086
-0.078
-0.992
1.099
0.809
0.543
0.323
-0.063
0.060
0.188
0.002
0.230
0.103
-0.207
0.436
-0.059
-0.268
-0.263
-0.314
0.352
0.023
0.340
0.049
-0.101
-0.057
-0.224
-0.240
1.154
0.405
0.303
0.419
-0.295
-0.090
0.154
-0.163
0.233
2.313
-0.015
0.267
-0.116
0.545
0.630
-0.309
0.128
0.076
-0.048
0.018
-0.511
-0.220
0.552
0.073
-0.448
-0.446
0.331
-0.814
0.088
0.010
0.102
-0.076
-2.842
-2.536
-2.551
-1.887
0.076
-0.443
0.066
-0.692
-0.569
-0.095
0.076
0.000
0.065
0.186
0.572
0.360
-0.805
-0.564
-0.036
0.006
0.136
1.528
-0.187
-0.620
0.128
0.051
-0.415
0.218
-0.173
0.349
1.695
2.756
5.330
1.569
1.634
