1.177
0.821
1.931
0.052
-0.562
-2.543
-0.143
-0.486
-1.724
-0.441
-0.166
-3.043
-0.481
-0.199
-0.475
-2.452
-0.615
-0.719
-0.116
-0.312
0.203
0.119
0.158
-0.270
0.208
-0.061
0.281
0.226
0.147
0.071
-0.194
-0.742
-0.243
0.087
1.253
0.151
-0.502
-0.205
-0.198
-0.455
-0.170
-0.697
-1.342
-0.810
-0.793
-1.128
-0.469
0.055
-0.902
-0.416
-1.111
-0.172
-2.330
-2.119
-0.157
-0.712
-2.404
0.758
-0.443
0.638
-2.175
-0.637
-1.894
-0.013
-0.002
-0.043
-0.067
-0.789
-0.094
0.701
0.393
0.402
0.300
-0.053
0.530
-0.089
0.663
0.283
-0.033
0.305
-2.514
-0.264
0.110
-1.587
-0.532
-2.418
-2.270
-0.160
-0.132
-0.310
-0.154
-0.180
-0.090
-0.234
-2.692
0.311
-0.057
-0.390
-2.421
-0.276
-0.021
-0.039
-3.248
-0.045
-1.811
-0.412
0.083
-0.481
-1.937
-0.152
-0.079
0.151
0.168
1.479
-0.258
-0.117
-3.049
0.398
-0.477
-0.792
-1.836
-3.186
-1.505
-0.556
-0.014
-0.956
-1.369
-0.113
0.086
-0.583
0.619
-0.400
0.258
-1.071
-0.041
-0.110
-1.073
-0.074
-0.220
2.895
-2.583
-0.611
0.210
-0.467
0.333
-0.196
1.558
1.348
0.010
0.748
-0.159
0.079
0.242
-0.875
-0.010
-3.458
0.570
-0.046
-0.265
-0.915
-0.562
-0.292
0.518
-0.649
0.054
-2.515
-0.321
-0.446
-0.227
-0.342
-0.308
-0.153
-0.295
0.205
-0.301
-0.363
-0.258
-0.078
-0.141
0.275
0.026
-2.136
-0.789
-0.070
-0.043
0.658
-0.035
-2.874
-2.313
-1.418
-2.082
-4.746
-0.784
-0.596
-0.740
-0.549
-0.900
0.168
-0.051
-0.067
-0.051
-0.051
-0.051
-0.669
-0.269
-0.542
-0.052
-2.162
-1.164
0.594
-0.670
-1.553
-0.219
-0.695
-2.325
-1.166
-0.239
-0.297
-0.200
0.197
0.176
0.116
-0.263
-0.295
0.281
0.204
-0.049
-0.507
-0.075
-0.757
-0.583
-0.156
0.012
-0.059
-0.480
-0.094
-0.741
0.130
-0.072
-0.202
-0.237
-0.786
-0.510
-0.242
-0.991
-0.051
-0.001
0.008
-0.051
0.962
0.474
-0.520
-0.346
-0.307
-1.398
0.200
0.192
-0.601
-4.937
-3.818
-0.067
0.125
-1.196
0.755
0.088
0.728
-0.236
-0.410
-0.018
-0.239
-0.034
-0.034
-0.036
-0.012
-0.036
-0.223
-0.356
-0.511
-0.427
0.350
0.353
-0.258
0.281
-0.015
-2.310
-0.039
-0.043
0.062
0.117
-0.456
0.263
-0.438
0.064
0.192
0.058
0.153
0.212
-0.164
-0.008
0.234
0.321
-0.063
0.068
0.094
-0.009
-0.191
-0.017
2.887
2.071
2.231
1.722
0.592
1.349
-0.100
0.816
0.624
-0.104
-0.297
-0.395
-0.245
0.140
-0.104
0.210
0.873
-0.169
-0.212
-0.324
-0.625
-1.313
-0.405
-0.041
-0.258
-0.061
0.272
0.224
-0.250
-0.177
-1.667
-3.084
-1.990
-0.238
-1.513
