1.276
1.480
1.953
0.140
-0.494
-2.659
-0.063
-0.736
-1.558
-0.712
0.058
-2.672
-0.830
-0.368
-0.155
-1.905
-0.498
-0.443
0.004
-0.299
0.248
0.156
1.234
-0.624
0.255
-0.540
0.303
0.182
0.013
0.071
-0.123
-0.587
-0.051
-0.398
0.381
-0.073
-0.640
-0.694
-0.267
-0.383
-0.181
-0.473
-0.623
-0.220
-0.293
-0.301
0.019
-0.124
-0.873
-0.733
-0.725
-0.175
-1.983
-1.918
-0.204
-0.104
-2.172
0.227
-0.180
0.040
-2.442
-0.662
-1.641
-0.038
-0.274
-0.254
-0.279
-0.589
-0.026
0.504
0.338
0.274
0.181
0.170
0.220
-0.022
0.639
-0.060
0.018
0.168
-1.990
-0.032
-0.125
-1.418
-0.642
-2.367
-1.749
0.012
0.153
0.443
-0.025
-0.094
-0.100
-0.189
-2.094
0.327
-0.064
-0.148
-2.161
-1.300
-0.205
-0.007
-2.910
-0.092
-1.145
-0.829
0.023
0.061
-1.652
0.014
-0.223
0.134
0.058
1.236
-0.304
-0.016
-2.681
0.242
-0.349
-1.005
-1.660
-2.754
-1.362
-0.367
-0.057
-1.315
-1.329
-0.015
0.122
0.050
0.315
-1.080
0.051
-1.356
-0.157
-0.199
-1.053
-0.337
0.062
2.810
-2.328
-0.847
0.082
-0.094
0.296
-0.794
2.218
1.521
-0.004
0.031
0.016
-0.036
0.162
-1.363
-0.858
-2.443
0.584
0.306
-0.338
-1.044
-0.619
-0.601
0.603
-0.650
0.686
-2.668
-0.478
-0.775
-1.285
-1.029
-0.517
-0.400
-0.286
0.236
-0.393
-0.425
-0.280
-0.138
0.091
0.630
-0.039
-1.658
-0.603
-0.028
-0.012
0.525
0.022
-2.452
-1.803
-0.946
-1.956
-3.557
-0.364
-0.449
-0.546
-0.403
-0.359
0.021
-0.130
-0.148
0.370
0.244
-0.257
-0.276
-0.272
-0.257
0.021
-1.831
-0.798
0.809
-0.882
-1.203
-0.836
-0.134
-2.786
-1.230
-0.295
-0.322
-0.141
0.157
-0.161
-0.110
-0.273
-0.347
-0.059
0.169
0.027
-0.442
-0.316
-0.949
-0.748
-0.040
-0.168
0.050
-0.714
-0.025
-0.758
0.450
-0.009
-0.678
-0.957
-2.088
-0.815
-0.499
-1.116
0.102
0.016
-0.235
-0.033
0.462
0.342
-1.089
-0.473
-0.313
-0.634
0.274
0.476
-0.097
0.193
0.310
0.107
0.189
-0.304
0.760
-0.195
0.797
0.040
-0.465
-0.147
-0.542
-0.124
0.070
-0.009
-0.145
0.026
-0.711
-0.376
-0.361
-0.452
0.239
0.403
-0.167
0.191
-0.279
-2.131
-0.016
-0.066
0.036
-0.571
-0.433
0.268
0.453
-0.024
-0.029
0.217
-0.014
0.179
0.260
-0.014
0.135
0.178
-0.101
-0.011
-0.011
-0.015
0.022
-0.094
2.525
1.663
1.755
1.350
-0.101
0.111
-0.089
0.271
0.504
-0.114
-0.298
-0.185
-0.220
-0.012
-0.069
0.007
1.118
0.452
-0.211
-0.138
-0.514
-1.184
-0.046
-0.378
-0.126
-0.103
0.192
0.091
-0.162
-0.227
-1.186
-2.297
-2.807
-0.814
-1.452
