0.755
0.576
0.640
0.173
-0.165
2.529
0.174
0.725
0.863
-0.125
0.162
2.351
0.209
-0.112
-0.978
3.295
1.576
0.060
0.314
0.182
-2.502
-0.865
-0.919
0.098
-0.225
-0.346
-0.334
0.287
0.006
-0.330
0.072
1.150
-1.774
0.708
0.419
0.268
1.099
0.957
1.251
0.037
0.111
0.694
1.044
0.587
-0.109
-0.246
-0.261
0.804
0.111
0.111
1.518
0.331
2.222
1.669
0.067
0.533
1.948
-0.852
0.391
-0.977
2.571
0.989
2.273
-0.150
-0.303
-0.698
0.327
0.409
0.102
-0.187
-0.075
0.103
0.068
-0.188
0.027
0.160
-0.923
0.111
-0.094
-0.181
2.465
0.304
-0.183
2.186
0.869
0.329
0.387
0.111
0.111
0.111
0.111
0.111
0.111
0.558
0.541
0.214
0.214
0.317
2.545
-1.714
-0.160
-0.843
3.462
-0.919
0.538
0.439
-1.022
-0.241
1.956
-0.322
0.145
0.111
0.052
-2.640
0.157
-1.142
3.556
-1.325
0.980
-0.434
1.476
1.404
0.437
0.248
0.078
0.863
1.124
-0.857
0.523
1.206
0.103
-0.045
-0.498
0.099
0.209
0.536
0.982
-0.975
-0.275
-2.236
2.389
-0.418
-0.547
-0.745
-1.201
0.339
-3.099
-2.799
0.174
-0.420
-0.003
-0.156
0.111
2.241
2.043
3.917
-0.594
0.149
1.047
2.346
1.797
1.537
-0.060
1.990
0.250
3.154
0.866
0.313
1.142
1.581
0.216
0.306
0.111
-0.011
0.690
0.157
0.180
0.111
0.123
0.039
-0.380
1.860
0.998
0.128
0.140
-0.627
-1.409
2.910
1.809
1.239
2.269
1.636
0.424
-0.752
0.111
0.551
-0.022
0.079
0.079
0.487
0.366
0.296
-0.119
0.016
0.144
0.222
-0.153
1.944
0.599
-0.137
0.513
1.320
1.036
-0.057
2.358
0.763
0.145
0.111
0.321
0.051
0.111
0.111
0.111
0.094
-0.170
0.111
-0.215
2.425
0.742
1.146
0.207
-0.028
-0.086
0.479
0.928
1.269
0.921
-0.410
-0.181
0.461
1.903
0.868
0.565
0.367
2.307
0.110
-0.293
-0.189
0.111
0.291
-0.606
0.447
0.186
1.688
2.515
0.166
-0.194
1.230
0.419
0.354
0.632
-1.015
1.842
-0.791
1.049
-2.258
-1.521
0.748
-0.154
0.113
0.415
-0.146
0.087
0.037
-0.994
0.283
0.915
0.315
0.266
0.018
0.077
0.747
-0.045
0.119
2.266
-0.053
0.379
0.379
2.018
1.419
0.925
0.122
0.189
0.012
0.096
-0.438
-0.284
0.300
-0.037
-0.190
-0.206
0.039
0.343
0.184
0.075
0.451
0.085
-2.312
-2.681
-3.095
-2.185
0.115
-0.070
0.111
-1.170
-1.179
-2.243
0.135
0.270
0.063
-0.333
-0.087
-0.404
-0.163
-1.189
0.216
0.111
-0.123
0.966
0.175
-0.146
0.104
-0.086
-1.315
0.458
-1.218
0.250
3.430
2.348
1.910
0.183
1.591
