0.527
0.683
2.514
0.196
-0.224
-3.202
0.073
-0.594
-2.103
-0.683
-0.303
-2.684
-0.566
0.137
0.869
-2.472
-0.798
-0.496
-0.194
0.260
-0.085
0.254
1.321
0.237
0.253
-0.048
1.027
-0.241
0.491
0.137
-0.139
-1.043
0.524
-0.112
0.234
-0.281
-0.404
-0.460
-0.081
-0.441
-0.106
-0.272
-0.136
-0.128
-0.415
-0.386
0.876
0.101
-0.289
-0.284
-0.848
0.858
-2.054
-1.197
-1.284
-0.152
-2.807
0.681
-0.100
0.527
-2.724
-0.958
-1.681
-0.087
0.022
0.377
-0.120
-1.428
-0.051
0.263
0.409
0.166
0.062
0.115
0.053
-0.046
0.926
0.170
0.008
0.140
-3.778
-0.068
-0.049
-1.988
-0.733
-2.375
-1.611
-0.006
-0.015
0.730
0.053
-0.004
0.113
-0.055
-3.057
0.243
-0.053
-0.737
-2.723
-0.865
0.084
-0.030
-3.125
0.224
-1.854
-1.092
0.137
-0.948
-3.567
0.380
0.041
0.239
0.248
2.111
-0.080
0.847
-3.683
0.642
-0.872
-0.683
-1.632
-1.891
-1.361
-0.670
-0.257
-0.498
-1.401
0.436
-0.237
-1.202
0.344
-0.169
0.159
-0.426
-0.097
-0.048
-2.052
0.349
-0.035
1.588
-2.088
-0.609
0.099
-0.064
0.198
-0.459
1.835
1.887
0.005
0.498
-0.427
-0.009
0.115
-1.860
-1.686
-2.284
1.011
-0.479
-0.991
-1.927
-0.457
-0.546
1.857
-0.516
1.265
-2.679
-0.109
-0.103
-0.399
-0.873
-0.244
-0.207
-0.315
0.115
-0.176
-0.096
-0.136
-0.019
0.083
0.259
-0.091
-1.899
-0.703
0.050
0.025
0.424
-0.049
-3.039
-2.214
-1.228
-1.828
-1.827
-0.687
-0.945
-0.294
-0.492
-0.383
0.113
0.113
0.074
0.102
0.104
-0.288
0.037
-0.247
-0.356
0.208
-3.366
-1.020
0.677
-0.150
-1.347
-0.982
-0.341
-2.231
-1.084
-0.303
-0.556
-0.093
0.121
0.118
0.185
-0.010
0.067
0.157
0.019
0.347
-1.584
0.103
-1.378
-0.955
0.194
0.283
-0.043
-0.052
0.255
-0.619
0.959
-0.085
-0.569
-1.719
-1.151
-0.789
-0.882
-0.163
-0.180
-0.103
-0.038
0.113
-0.243
0.372
-0.542
0.203
0.030
-0.708
0.301
0.178
0.479
0.215
-0.414
-0.132
0.394
-0.099
0.186
0.052
0.420
0.869
-0.130
-0.073
0.121
-0.054
0.026
-0.015
0.054
-0.078
-1.106
-0.394
-0.517
-0.170
0.074
0.056
-0.310
0.010
-0.588
-2.483
-0.154
-0.010
-0.031
-1.511
-0.463
-0.034
0.071
-0.064
-0.024
0.027
0.097
0.131
-0.447
-0.179
0.738
0.381
-0.131
0.081
-0.100
0.146
-0.047
0.360
3.220
2.212
2.936
1.290
0.002
0.688
0.069
0.736
0.893
-0.183
-0.178
-0.104
-0.068
0.030
-0.547
0.152
1.158
0.396
-0.306
0.233
-0.435
-1.306
0.072
-0.245
-0.092
-0.151
0.768
0.009
-0.032
-0.354
-1.868
-3.377
-3.602
-2.336
-1.773
