1.056
1.486
1.404
0.023
-0.235
-2.789
-0.165
-0.448
-1.816
-0.616
-0.030
-2.755
-0.948
-0.347
-0.659
-1.921
-0.686
-0.603
0.012
-0.079
-0.071
-0.020
0.185
-0.310
0.100
-1.763
0.417
-1.260
0.177
-0.041
0.051
-0.961
0.272
-0.293
0.156
-0.222
-0.463
-0.492
-0.172
-0.697
-0.150
-0.535
-0.752
-0.489
-0.189
-0.124
0.216
0.025
-0.900
-0.727
-1.162
-0.016
-1.494
-1.021
-1.276
-0.473
-2.453
0.820
-0.190
0.586
-2.715
-0.825
-1.682
-0.068
-0.052
-0.097
-0.256
-0.893
-0.017
0.087
0.158
0.036
0.093
-0.014
0.008
-0.008
0.737
0.134
0.004
0.010
-2.977
-0.103
-0.124
-1.958
-0.375
-2.029
-1.405
-0.143
-0.088
-0.247
-0.135
-0.125
-0.101
-0.099
-2.741
0.253
-0.054
-0.507
-3.197
-0.857
-0.293
-0.115
-3.635
-0.469
-1.727
-0.898
-0.060
-0.487
-2.742
-0.099
-0.073
-0.019
-0.195
1.234
-0.238
0.023
-3.396
0.439
-0.660
-0.685
-1.808
-2.576
-1.169
-0.411
-0.105
-0.927
-1.583
-0.234
-0.563
-0.694
0.826
-0.627
-0.094
-1.303
-0.005
-0.007
-1.342
-0.301
-0.314
2.010
-2.185
-0.380
-0.014
-0.220
0.142
-0.444
1.482
0.133
-0.051
0.207
-0.063
-0.110
0.053
-1.164
-0.949
-2.566
0.428
-0.170
-0.411
-1.093
-0.527
-0.488
0.813
-0.486
0.377
-3.534
-1.341
-0.670
-1.391
-1.522
-0.186
-0.188
-0.200
0.083
-0.453
-0.225
-0.092
-0.081
0.172
0.382
-0.137
-1.826
-0.865
-0.275
-0.043
0.681
-0.044
-3.708
-2.535
-1.247
-2.230
-3.698
-0.509
-0.606
-0.283
-0.152
-0.190
-0.036
-0.075
-0.067
-0.052
-0.067
-0.292
-0.187
-0.068
-0.147
-0.056
-2.076
-0.643
0.865
-0.683
-1.400
-0.697
-0.312
-2.597
-1.120
-0.326
-0.552
-0.067
0.185
-0.007
0.303
-0.109
-0.126
0.037
0.102
0.429
-0.364
-0.072
-0.917
-0.783
-0.367
-0.274
-0.131
-0.524
0.182
-0.687
0.346
-0.097
-0.155
-1.365
-1.448
-0.317
-0.771
-0.888
-0.096
0.026
0.039
-0.022
0.037
0.278
-0.737
-0.747
-0.929
-1.773
0.044
0.197
-0.158
-0.190
-0.987
-0.657
0.048
-0.794
-0.029
-0.599
0.161
0.143
-0.444
-0.266
-0.235
-0.057
0.020
-0.066
-0.252
-0.153
-0.385
-0.118
-0.230
-0.155
0.071
-0.014
-0.106
0.281
-0.127
-2.205
-0.186
-0.128
-0.416
-0.871
-0.467
0.318
-0.418
-0.179
-0.026
-0.072
-0.009
0.314
-0.033
-0.118
0.189
0.122
-0.236
0.041
-0.168
0.049
-0.142
-0.099
2.277
1.666
2.082
0.982
-0.042
0.229
-0.095
0.029
0.302
-0.719
-0.188
-0.385
-0.138
-0.302
-0.949
-0.114
0.503
-0.061
-0.347
0.131
-0.642
-1.409
0.045
-0.008
-0.474
-0.126
0.428
-0.151
-0.133
-0.009
-2.071
-2.413
-3.029
-1.202
-1.513
