-0.125
-0.036
-1.073
-0.375
-1.140
2.629
0.141
0.881
2.846
0.466
0.149
3.687
1.085
0.279
-0.860
1.209
0.050
0.747
0.142
-0.121
0.401
-1.721
0.072
-1.232
-0.589
2.092
-1.268
0.529
-0.899
-0.257
0.562
1.133
-0.667
0.175
-0.848
0.004
0.133
0.525
0.178
-0.622
0.039
0.375
0.481
-0.123
-0.978
-0.818
-0.552
0.482
1.730
1.136
0.544
1.496
2.614
1.780
1.265
0.191
2.105
-0.448
0.226
-0.637
4.318
0.576
1.941
-0.155
0.111
-0.010
0.150
0.716
0.260
-0.694
-0.315
-0.153
-0.152
0.036
-0.153
-0.087
-0.338
-0.109
-0.053
-0.242
1.529
-0.335
-0.012
2.888
0.981
2.663
1.282
-0.366
-0.308
-0.354
-0.347
-0.368
-0.374
-0.010
2.850
0.119
-0.023
0.680
1.243
-2.628
0.028
-0.153
2.437
0.164
1.640
1.365
0.239
0.112
1.859
-0.266
-0.182
-0.069
-0.304
-0.875
-0.332
-1.312
2.694
-1.236
0.056
0.815
1.120
2.315
1.589
0.785
0.256
0.112
0.648
-0.002
0.062
0.048
-0.291
0.136
-0.098
0.461
0.681
0.910
0.227
-0.605
-1.411
-1.124
0.758
-0.470
0.692
0.583
-0.382
0.850
-2.873
-1.154
-0.757
-0.663
-0.100
-0.739
-0.164
1.618
0.558
3.215
-1.047
-0.428
0.193
0.695
0.334
0.484
-1.323
0.437
-0.936
3.140
0.157
0.612
1.601
0.381
0.441
0.641
0.077
-0.254
0.537
0.600
0.017
-0.252
-0.151
-0.218
-0.267
0.784
-0.186
0.612
0.152
-0.096
-1.126
2.850
2.274
1.252
1.570
0.423
0.101
-0.153
0.018
0.401
0.714
-0.305
-0.153
-0.033
-0.094
-0.139
-0.151
0.342
0.118
0.505
-0.344
1.282
0.659
-0.262
0.369
2.116
1.370
-0.736
0.645
-0.165
0.464
-0.051
0.105
-0.333
-0.112
0.373
0.261
0.093
-0.302
-0.172
-1.681
0.754
0.304
0.647
0.147
0.507
0.059
0.031
0.644
0.715
0.752
-0.522
-0.185
0.415
2.263
2.487
0.719
1.031
1.148
-0.257
-0.069
-0.145
0.353
0.248
-0.414
0.221
-0.145
-0.125
1.525
-0.525
-0.228
0.580
-0.405
0.466
-0.215
0.139
0.062
-0.046
0.444
0.182
-1.290
-0.077
-0.187
-0.297
0.012
-0.251
0.026
-0.633
-0.153
0.285
0.895
0.952
1.350
-0.404
0.257
0.596
0.203
-0.130
2.166
-0.187
0.036
-0.468
0.790
-0.048
-1.045
-1.278
0.097
-0.049
-0.153
-0.073
-0.131
0.538
-0.070
-0.527
-0.131
-0.085
-0.751
-0.015
-0.138
-0.138
0.714
-4.586
-2.120
-2.420
-1.782
-0.153
-0.171
0.036
-0.789
-1.727
-1.935
-0.094
0.974
-0.126
-0.153
-0.132
-0.286
-0.150
-0.093
1.029
-0.290
0.593
1.452
-0.141
0.879
0.638
0.450
-0.446
-0.775
-0.180
0.195
3.405
1.772
0.141
1.096
1.306
