0.336
0.480
3.047
0.092
-0.703
-2.519
-0.127
-0.397
-1.987
-0.504
-0.061
-2.903
-0.600
-0.098
-0.318
-2.300
-0.497
-0.869
-0.533
-0.242
0.139
0.513
1.532
-0.429
0.609
-0.468
0.423
-0.191
-0.026
0.269
0.013
-0.672
0.131
0.013
0.656
0.040
-0.334
-0.503
-0.241
-0.314
-0.262
-0.495
-0.869
-0.067
-0.217
-0.222
0.419
0.276
-0.860
-0.362
-1.153
0.271
-1.390
-1.346
0.069
-0.525
-2.342
0.772
-0.264
0.456
-2.382
-0.539
-1.448
0.162
0.080
0.198
0.136
-0.597
0.063
0.560
0.567
0.289
0.240
0.974
0.747
0.080
1.003
0.234
0.240
0.397
-2.564
-0.146
0.111
-2.018
-0.428
-2.697
-1.230
-0.216
0.042
-0.192
-0.244
-0.172
-0.089
-0.178
-2.889
0.138
0.069
-0.027
-2.714
-1.242
0.180
0.038
-3.342
-0.200
-1.347
-0.231
0.060
-0.207
-2.432
0.271
-0.006
0.005
-0.050
1.896
-0.121
0.309
-3.063
0.699
-0.326
-0.425
-1.324
-2.509
-1.478
-0.369
-0.159
-0.905
-1.194
0.099
0.637
-0.056
0.737
-0.867
0.173
-1.103
0.059
0.067
-0.893
-0.144
0.027
3.015
-1.979
-0.505
0.157
-0.258
0.568
-0.163
2.284
1.785
-0.131
0.338
0.108
0.051
0.325
-0.869
-0.551
-2.399
0.469
0.130
-0.256
-0.704
-0.325
-0.255
1.263
-0.345
0.732
-2.800
-0.279
-0.568
-1.404
-0.316
-0.117
0.119
-0.105
0.386
-0.059
-0.108
0.191
0.078
0.444
1.253
-0.000
-2.233
-0.868
0.024
0.132
0.544
0.016
-2.725
-1.709
-0.898
-1.838
-3.125
-0.409
-0.771
-0.178
-0.266
-0.408
0.233
0.026
0.047
0.047
0.047
-0.193
-0.195
0.665
-0.230
0.007
-2.408
-0.757
0.695
-0.441
-0.860
-0.394
-0.146
-2.334
-1.033
-0.249
-0.254
0.048
0.127
0.052
0.041
-0.161
-0.187
0.342
0.047
0.644
-0.714
-0.088
-1.230
-0.558
-0.593
-0.079
0.065
-0.537
0.164
-0.631
0.950
0.037
-0.094
-0.981
-1.599
-0.108
-0.499
-0.721
0.433
0.115
0.461
0.047
1.093
0.533
-0.770
-0.546
-0.090
-0.568
0.228
0.162
0.946
0.102
-0.049
-0.110
0.095
-0.065
0.121
0.077
0.750
0.276
-0.177
0.099
-0.028
-0.332
0.216
0.002
0.435
0.213
-0.303
-0.190
-0.297
-0.111
0.247
0.131
-0.119
0.077
-0.023
-2.434
0.072
0.128
0.067
-0.380
-0.306
0.166
0.531
-0.073
0.012
-0.029
0.054
0.461
0.344
-0.056
0.199
0.155
-0.169
0.347
-0.068
0.051
-0.044
0.102
3.542
2.414
2.575
1.782
0.065
0.511
-0.144
0.862
1.023
-0.252
-0.027
0.106
0.028
-0.149
-0.203
0.083
1.768
0.232
0.165
-0.083
-0.268
-1.407
0.033
0.363
-0.150
0.087
0.441
0.043
-0.181
-0.136
-1.720
-2.345
-3.030
-1.465
-2.078
