1.147
1.211
-0.196
0.298
1.078
2.024
0.269
0.477
1.898
0.614
0.371
2.173
0.357
0.550
0.387
1.786
0.334
0.133
0.188
0.348
-0.200
-0.144
-0.451
1.056
-0.017
-0.196
-0.112
0.636
1.070
-0.323
0.151
0.963
0.425
-0.205
-0.454
-0.005
0.583
0.295
0.310
0.307
0.517
-0.104
0.600
-0.196
0.293
0.318
-0.029
0.334
0.911
0.470
1.204
-0.211
1.532
1.363
0.388
0.170
1.777
0.172
0.378
0.034
2.326
0.715
2.060
-0.188
-0.246
0.297
0.154
0.649
0.063
-0.788
-0.881
-0.651
-0.135
-0.135
-0.520
-0.156
-0.475
-0.887
-0.297
-0.524
2.178
0.232
-0.253
1.341
0.396
2.554
1.288
0.316
0.357
0.336
0.306
-0.025
0.243
0.352
2.036
-0.564
0.088
0.228
2.885
1.564
0.021
-0.321
2.292
0.298
1.214
0.759
-0.022
-0.369
2.304
0.075
0.249
0.205
0.407
-1.159
-0.027
0.291
2.375
-0.248
0.583
0.746
1.566
2.384
1.411
0.485
-0.046
0.776
1.111
0.083
0.510
0.807
-0.739
1.255
0.113
1.137
0.231
0.236
1.150
0.399
0.164
-1.152
1.782
0.514
-0.566
0.193
-0.640
0.539
-2.007
-0.642
-0.024
-0.845
0.673
0.167
-0.127
0.889
-0.196
-0.196
-0.743
-0.299
-0.774
-0.196
0.329
0.375
-1.126
0.367
-0.687
2.702
-0.017
0.712
1.509
0.037
0.329
0.056
0.562
-0.009
0.338
0.334
0.272
0.239
-0.198
-0.041
0.179
1.769
0.494
0.167
0.212
-0.755
0.121
2.267
1.319
0.756
2.074
4.176
0.302
0.795
0.600
0.414
0.366
-0.331
-0.148
-0.156
-0.096
-0.063
0.495
0.393
0.305
0.467
0.185
2.023
0.862
-0.338
0.586
1.225
0.866
0.433
2.672
1.004
0.272
0.327
0.534
-0.331
-0.280
-0.232
0.201
0.276
-0.212
-0.277
-0.191
0.438
-0.270
0.720
0.610
0.147
0.199
0.292
0.621
-0.104
0.844
-0.544
0.359
0.606
-0.196
0.126
0.962
0.980
0.606
-0.225
-0.315
-0.478
-0.314
0.209
-0.614
0.616
0.197
0.291
0.493
-0.213
-0.512
0.614
0.907
0.538
0.161
-0.471
0.326
-0.317
0.146
-0.092
0.249
0.209
-0.395
0.356
0.520
0.225
0.094
-0.049
-0.392
0.411
0.378
0.491
0.553
-0.432
-0.388
0.249
-0.332
0.428
2.417
0.247
0.192
0.072
-0.196
0.277
-0.196
-1.007
0.225
-2.272
-0.191
0.218
0.298
0.123
0.247
-0.323
-0.256
0.310
-0.221
0.296
0.157
0.359
0.240
-3.302
-2.040
-2.325
-1.564
-0.030
-0.229
0.316
-0.464
-0.674
0.202
0.290
0.491
0.175
0.150
0.284
-0.020
-0.890
0.063
0.219
-0.093
0.187
1.102
0.189
-0.059
0.321
0.381
-0.520
0.088
0.348
0.282
2.153
4.541
3.387
0.287
2.450
