0.138
0.631
0.106
-0.035
-0.418
-3.565
-0.035
-0.438
-0.990
-0.242
0.048
-3.743
-1.119
-0.122
-1.147
-2.662
-0.427
-0.198
-0.616
-0.087
-0.231
0.412
2.710
-0.687
-0.044
-0.394
1.051
-0.017
0.095
0.129
-0.035
-1.272
-0.317
-0.258
0.310
0.112
-0.324
-0.747
-0.841
-0.448
-0.137
-0.504
-0.462
-0.185
-0.296
-0.395
0.420
-0.047
-1.266
-0.302
-1.198
0.300
-2.567
-2.083
-0.909
-1.567
-2.828
0.469
-0.440
0.472
-2.788
-0.823
-2.275
0.050
0.141
-0.041
0.179
-1.401
-0.099
0.854
0.258
0.428
0.118
0.042
0.076
-0.012
1.001
0.142
0.138
0.193
-2.706
-0.268
0.066
-2.286
-0.437
-2.977
-1.446
-0.167
-0.035
0.099
-0.035
-0.122
-0.090
-0.764
-2.651
1.285
-0.006
-0.560
-2.695
-1.038
0.046
0.074
-3.639
-0.165
-1.267
-0.062
0.078
-0.196
-2.669
0.255
-0.114
0.103
0.007
1.398
0.022
0.017
-3.331
0.583
-0.696
-0.888
-2.356
-2.452
-1.704
-0.639
-0.298
-1.688
-2.423
-0.404
-1.159
-1.112
0.219
-0.229
0.031
-0.532
-0.082
-0.132
-1.286
-0.871
-0.363
1.243
-3.485
-0.195
0.189
-0.564
0.275
-1.257
2.009
0.631
0.272
1.027
-0.008
0.146
0.257
-1.314
-0.418
-3.040
0.881
0.204
-0.410
-1.241
-0.284
-0.183
0.960
-0.840
0.018
-3.711
-0.483
-0.678
-1.126
-1.732
-0.218
-0.083
-0.213
-0.034
-0.244
-0.290
-0.086
-0.046
-0.010
0.005
0.032
-2.434
-1.169
-0.203
-0.012
0.831
-0.144
-2.831
-2.248
-0.912
-2.260
-4.170
-0.281
-0.537
-0.351
-0.283
-0.526
0.089
-0.031
-0.046
0.088
0.037
-0.279
-0.173
-0.065
-0.158
0.019
-2.478
-1.452
0.656
-0.845
-1.298
-0.245
-0.588
-3.206
-1.337
-0.403
-1.064
-0.048
0.265
-0.004
-0.035
-0.039
-0.073
0.309
0.288
0.158
-0.439
0.176
-1.158
-0.664
-0.071
-0.333
-0.062
-0.218
-0.028
-0.497
0.583
-0.109
-0.122
-0.976
-0.415
-0.940
-0.464
-1.231
-0.222
0.061
0.464
0.340
1.137
0.772
-1.069
0.174
-0.096
-0.164
0.637
1.159
0.116
-0.102
-0.090
-0.072
0.805
-0.230
0.860
-0.021
1.310
-0.060
-0.167
-0.038
0.091
0.029
-0.035
-0.064
0.532
0.102
-0.201
-0.354
-0.213
-0.054
0.006
-0.041
-0.206
-0.028
-0.188
-2.950
-0.105
-0.206
-0.035
-0.472
-0.646
0.235
2.155
-0.035
-0.035
-0.032
-0.035
0.061
-0.009
-0.035
0.020
-0.035
-0.034
-0.035
-0.035
-0.035
-0.072
-0.166
4.083
2.681
2.672
1.676
0.069
0.892
-0.143
1.290
1.062
0.404
-0.120
-0.004
-0.039
-0.398
-0.617
0.047
1.146
0.283
-0.078
-0.087
-0.295
-1.068
0.048
0.190
-0.296
-0.111
0.198
-0.079
-0.095
-0.142
-1.783
-3.679
-3.645
-0.718
-2.110
