-1.468
-1.354
-1.253
-0.106
0.137
2.734
-0.078
-0.146
0.963
0.342
-0.078
3.460
1.091
-0.077
-0.386
1.095
0.218
-0.075
-0.078
-0.111
-0.358
-0.092
-0.209
0.856
-0.078
-0.224
-1.773
-0.305
-1.051
-0.078
-0.125
0.390
-0.231
0.279
0.012
0.207
-0.078
0.430
-0.064
1.227
0.242
0.283
0.394
0.071
0.016
0.144
-0.092
-0.078
-0.078
0.258
0.026
0.022
1.043
1.877
0.057
-0.052
2.378
-1.041
-0.078
-0.230
2.167
0.880
0.895
0.028
-0.078
1.538
0.790
0.251
-0.078
-0.773
-0.249
-0.709
-0.078
-0.078
-0.514
-0.078
-0.533
-0.078
-0.078
-0.317
2.024
-0.067
-0.106
1.911
0.644
2.862
2.014
-0.078
-0.078
-0.078
-0.078
-0.078
-0.167
0.304
1.396
-0.078
-0.078
0.507
2.406
1.309
0.384
-0.275
4.616
1.332
1.295
0.279
0.224
0.206
1.571
0.095
-0.078
-0.078
-0.070
-2.699
-0.072
-1.325
2.564
-0.485
0.228
0.313
1.038
1.563
0.599
0.336
-0.289
-0.289
2.018
0.001
0.575
0.527
-1.178
-0.126
-0.078
-0.078
-0.078
-0.078
1.606
-1.008
-0.707
-3.839
1.585
0.014
-0.343
0.490
-0.611
0.770
-2.975
-1.821
-0.078
-0.850
0.179
-1.969
-0.078
1.306
1.462
2.530
-1.284
-0.361
0.635
1.107
0.254
0.015
-1.215
0.026
-0.653
0.912
-0.189
-0.370
0.204
0.031
0.714
-0.008
0.586
-0.094
-0.006
0.381
0.029
0.062
-0.260
-0.043
0.239
1.299
0.652
-0.065
-0.078
-0.299
-0.325
1.868
1.333
0.459
3.188
3.778
0.741
0.006
0.530
0.826
0.383
-0.046
-0.044
0.078
-0.078
-0.078
0.374
0.959
0.031
0.926
-0.017
1.731
0.213
-0.728
0.741
1.666
0.894
0.135
2.209
0.210
0.297
0.281
-0.056
-0.076
0.043
0.486
0.391
-0.035
0.084
-0.078
-0.078
0.390
-0.684
0.043
0.067
0.006
0.310
0.087
0.158
-0.764
1.064
-0.495
-0.078
0.198
1.675
0.234
0.258
0.428
1.785
-0.078
-0.074
-0.078
-0.297
-0.078
-1.574
0.681
-0.078
-0.078
0.019
-0.078
0.027
0.182
0.055
-0.075
-0.078
-0.078
-0.078
-0.149
-0.165
-0.648
-1.007
-0.078
-0.042
-0.078
-0.062
-0.079
-0.078
-0.078
0.550
0.201
0.520
0.491
0.508
-0.014
-0.078
0.755
0.321
0.244
2.381
0.207
0.089
-0.197
0.933
0.006
0.302
-0.215
-0.078
-0.078
-0.078
-0.421
-0.118
-0.078
-0.078
-0.208
-0.197
-0.078
-0.078
-0.078
-0.078
-0.078
-0.067
-2.932
-0.273
-0.327
-0.220
0.169
-0.233
0.355
-0.082
0.064
-0.995
0.009
-0.131
-0.001
0.142
0.175
-0.078
-1.714
-0.446
0.352
-0.078
1.043
1.356
-0.078
-0.121
-0.026
-0.306
-0.838
0.075
-0.078
-0.009
3.567
2.176
0.672
-0.022
1.571
