-0.198
-0.887
-2.305
-0.340
-0.137
3.064
-0.067
-0.029
1.951
0.615
-0.170
3.729
1.209
0.476
-0.265
3.140
1.454
0.152
-0.026
-0.088
-0.159
-0.521
-1.662
0.365
-0.596
0.453
-1.381
-0.143
-0.443
-0.051
-0.245
1.452
-0.607
0.145
-0.969
0.052
0.374
0.698
0.164
0.740
0.148
0.128
0.078
-0.045
-0.347
-0.729
-1.169
0.127
0.579
1.042
0.697
0.168
2.082
1.654
0.431
0.182
2.918
-1.103
0.459
-0.575
3.795
1.901
2.072
-0.046
-0.130
0.106
0.352
1.242
-0.079
-0.447
-0.486
-0.243
-0.374
-0.168
-0.296
-0.145
-0.483
-0.435
-0.304
-0.296
3.384
-0.006
-0.292
1.766
0.405
2.147
0.809
-0.067
-0.088
-0.011
-0.055
-0.050
-0.305
-0.035
2.961
-0.252
0.040
-0.163
2.545
0.794
-0.013
-0.128
3.734
-0.195
0.971
0.617
-0.433
-0.004
2.758
-0.063
-0.083
-0.300
-0.372
-1.965
0.141
-0.354
3.885
-0.642
0.028
0.999
1.503
2.942
1.251
0.567
0.176
0.965
1.182
-0.253
0.176
0.567
-0.183
-0.141
-0.135
1.089
-0.075
0.096
1.305
0.017
-0.114
-2.032
2.801
0.361
-0.471
0.161
-0.687
0.494
-2.711
-1.237
-0.547
-0.553
0.139
-0.264
-0.168
1.625
0.279
3.235
-1.117
0.005
0.385
1.423
1.064
0.228
-1.334
0.673
-0.722
3.854
0.615
1.038
1.263
1.749
0.072
0.163
-0.046
-0.500
-0.028
-0.035
-0.067
-0.085
-0.094
-0.267
0.190
2.268
0.957
0.120
-0.041
-0.755
0.236
2.996
2.285
1.356
2.745
2.857
0.454
0.260
0.500
0.592
0.365
-0.057
-0.013
0.045
-0.158
-0.100
0.367
0.365
0.131
0.384
0.092
3.133
0.929
-0.970
1.183
1.938
0.852
0.173
2.737
1.220
0.180
0.233
-0.148
-0.471
-0.090
-0.123
-0.017
0.082
-0.115
-0.168
-0.457
1.332
0.060
1.818
1.097
0.023
0.286
-0.216
0.095
-0.133
0.299
-1.089
0.063
-0.263
0.566
0.426
0.135
0.122
1.200
0.132
-0.321
-0.379
-0.085
-0.822
-1.124
0.536
-0.059
0.301
0.272
-0.419
-0.527
0.169
0.068
0.126
0.198
-0.595
0.302
-0.757
0.103
-0.630
-0.318
0.047
-0.089
0.321
0.040
-0.111
-0.098
-0.382
-0.092
0.255
0.289
0.304
0.484
-0.163
-0.085
0.065
-0.069
0.168
3.005
0.162
-0.085
0.095
0.205
0.638
-0.114
-1.822
0.024
-0.242
-0.030
-0.272
-0.356
0.342
-0.052
-0.638
-0.366
0.028
-0.058
0.057
-0.189
0.130
-0.118
-2.350
-2.076
-2.011
-1.444
-0.050
-0.192
0.151
-1.149
-0.611
0.785
0.042
0.139
0.005
-0.067
0.163
-0.033
-1.522
-0.267
0.534
-0.035
0.752
1.592
-0.103
-0.148
-0.021
0.225
-0.772
-0.587
-0.163
0.520
2.307
1.127
3.235
1.880
2.179
