-0.366
-0.494
-1.428
-0.099
-0.992
5.235
0.191
1.222
0.898
0.602
0.030
3.652
1.693
0.011
-0.061
1.548
0.445
0.854
-0.479
-0.081
-0.335
0.137
-1.484
0.467
0.352
0.692
-0.596
0.862
0.111
-0.276
-0.268
1.046
-0.678
0.458
0.353
1.975
0.306
0.515
-0.241
1.414
-0.046
0.370
0.737
0.197
1.456
1.083
-0.446
-0.100
1.171
1.824
0.730
0.973
3.885
2.565
0.588
0.118
2.364
-1.016
0.040
-0.674
3.293
1.876
2.394
0.111
-0.282
0.965
0.904
0.453
0.299
-0.135
-0.150
-0.072
0.163
0.411
-0.054
0.341
-0.108
-0.141
0.519
-0.197
3.212
-0.158
-0.170
2.433
0.332
2.211
1.265
0.214
0.053
0.052
0.043
0.106
-0.152
0.134
3.672
-0.045
-0.015
0.184
2.553
1.083
0.251
-0.224
3.304
0.059
2.057
0.864
0.685
0.983
3.190
0.492
0.188
0.284
0.916
-1.784
0.689
-0.203
3.902
-0.507
0.312
1.612
1.916
2.874
2.944
1.569
0.024
1.996
1.120
-0.113
0.324
1.262
-0.420
-0.015
-0.081
0.066
0.529
0.360
2.327
0.655
0.127
-3.451
3.723
1.109
0.128
0.062
-0.337
1.046
-4.263
-2.026
-0.062
-0.080
0.030
-0.188
0.094
2.562
1.652
2.195
-1.165
0.898
0.762
1.965
0.241
0.184
-0.846
0.293
-0.130
4.450
0.625
1.922
2.753
1.164
0.397
0.495
0.229
-0.015
-0.007
0.269
0.138
0.008
0.024
0.008
-0.373
1.443
0.373
0.090
-0.079
-0.263
-0.025
1.228
1.430
0.622
2.682
3.677
0.755
0.133
-0.087
0.303
0.049
-0.087
-0.229
-0.099
-0.109
-0.081
0.270
0.130
-1.318
0.340
-0.126
2.910
0.708
-0.474
0.056
1.888
2.828
0.167
3.176
1.967
-0.145
0.072
-0.065
-0.226
0.052
0.407
0.368
-0.316
-0.078
-0.152
-1.498
1.076
0.575
1.169
1.447
0.195
0.184
-0.040
0.473
-0.480
0.944
-0.277
0.069
0.369
1.585
0.589
0.203
1.228
2.854
-0.408
-0.053
-0.057
0.062
-0.006
-0.519
0.873
0.151
0.228
0.914
-0.015
0.068
2.223
0.055
0.566
0.114
0.164
0.184
-0.030
0.490
-0.257
-0.305
0.278
0.103
-0.327
-0.205
-0.143
0.118
-1.766
-0.235
-0.206
0.637
0.131
1.368
0.046
-0.058
0.368
0.120
-0.020
2.340
0.131
0.034
-0.155
1.317
0.200
1.103
0.231
0.036
-0.139
-0.046
-0.026
-0.054
0.058
0.226
-0.214
-0.108
-0.045
-0.107
-0.007
-0.091
-0.047
-0.335
-4.488
-2.910
-2.404
-1.650
-0.348
-1.508
-0.023
-0.865
0.102
-1.306
0.498
-1.447
0.054
0.856
0.129
0.209
-0.482
-0.027
1.272
-0.157
0.382
1.870
0.198
-0.119
0.841
-0.236
-0.726
-0.262
-0.272
-0.134
4.386
4.822
2.959
2.183
2.143
