0.252
0.265
1.332
-0.045
-0.403
-2.484
-0.190
-0.398
-1.375
-0.161
0.177
-2.766
-0.719
-0.117
0.100
-1.883
-0.643
-0.269
-0.196
-0.388
-0.156
0.304
1.007
-0.801
0.393
0.227
0.969
-0.519
0.599
0.253
-0.182
-1.176
0.176
0.069
1.066
0.365
-0.512
-0.539
-0.140
0.008
-0.516
-0.643
-0.774
-0.559
-0.190
-0.190
0.633
-0.256
-0.893
-0.598
-1.530
0.166
-0.811
-0.208
-0.319
-0.750
-2.141
-0.243
-0.164
0.097
-2.276
-0.918
-2.138
-0.193
-0.173
-0.045
-0.236
-1.391
0.074
0.914
0.782
0.668
0.313
0.098
0.496
0.060
0.981
0.954
0.410
0.694
-2.852
-0.221
-0.024
-1.871
-0.215
-3.315
-1.885
0.111
0.131
0.377
0.145
0.030
-0.171
-0.299
-2.701
0.698
-0.196
-0.808
-3.636
-1.572
-0.248
-0.202
-4.168
-0.240
-1.557
-1.081
-0.071
0.120
-3.067
0.079
-0.188
-0.259
-0.345
1.550
-0.186
0.524
-3.787
0.480
0.045
-0.932
-1.280
-3.440
-2.255
-0.244
-0.118
-1.199
-1.338
-0.176
-0.602
-0.379
0.938
-0.410
0.016
-0.729
-0.167
-0.177
-0.892
-0.385
-0.144
2.173
-2.099
-0.425
0.486
-0.356
0.552
-0.198
1.498
0.700
0.030
-0.112
-0.362
-0.116
-0.181
-1.553
0.097
-2.272
0.808
-1.578
0.152
-1.333
-0.856
-0.520
1.298
-0.972
1.000
-4.508
-0.043
-0.516
-1.592
0.003
-0.191
0.275
-0.371
0.261
-0.318
-0.413
0.020
0.003
0.271
0.451
-0.067
-1.327
-0.466
-0.029
-0.191
1.043
-0.054
-3.730
-2.399
-0.792
-2.850
-5.212
-0.457
-0.923
-0.406
-0.394
-0.202
0.225
0.099
-0.107
0.220
0.210
-0.383
-0.349
-0.124
-0.309
-0.213
-2.980
-0.662
0.596
-0.637
-1.360
-0.621
-0.437
-3.588
-1.077
-0.413
-0.258
0.373
0.326
0.369
-0.024
-0.256
-0.285
0.443
0.427
0.502
-0.447
0.156
-0.595
-0.582
0.222
-0.133
-0.101
-0.809
-0.291
-0.982
0.312
0.074
-0.255
-0.438
-0.409
-0.871
-0.744
-0.170
0.663
0.128
0.805
0.102
0.500
0.903
-0.829
-0.280
-0.176
-0.456
0.491
0.865
0.195
0.163
-0.929
-0.244
-0.076
-0.250
-0.766
0.243
0.524
0.618
-0.179
-0.026
-0.201
-0.565
-0.193
0.002
0.514
0.250
-0.710
-0.260
-0.319
-0.309
0.356
0.348
-0.264
0.124
-0.221
-2.778
-0.276
-0.252
0.212
0.129
-0.723
0.253
0.613
-0.217
-0.220
-0.227
-0.201
0.230
0.060
-0.280
0.366
0.224
-0.174
-0.253
-0.259
0.260
-0.220
0.209
2.536
1.765
2.136
1.449
-0.181
0.655
-0.215
0.874
0.681
0.431
-0.364
-0.270
-0.188
-0.148
0.182
-0.217
1.399
0.333
-0.276
-0.247
-0.317
-1.342
0.043
-0.322
-0.335
-0.223
0.576
-0.164
-0.278
-0.249
-2.877
-3.191
-2.188
-1.267
-3.233
