-0.009
-0.101
-1.955
0.069
0.131
2.784
0.290
0.749
2.208
0.832
-0.033
3.397
1.111
0.828
-0.129
3.151
1.210
0.582
0.049
0.005
0.182
-0.165
-0.930
0.664
-0.213
0.206
-0.649
0.424
-0.317
-0.138
0.011
0.869
-0.350
0.821
0.116
0.669
0.864
0.782
0.172
0.632
0.983
0.563
0.362
0.391
0.270
0.265
-0.295
0.111
0.551
0.375
1.062
0.864
2.485
2.088
0.430
0.228
2.950
-0.246
0.213
-0.302
3.022
1.410
1.823
-0.171
0.114
-0.005
0.023
0.761
0.300
-0.678
-0.325
-0.187
-0.167
-0.089
-0.076
0.091
-0.266
-0.092
-0.172
-0.464
2.844
0.218
0.061
2.016
0.473
3.037
1.724
0.212
0.206
-0.119
0.097
0.208
-0.150
0.458
2.963
0.272
0.025
0.304
2.913
1.182
0.307
0.064
2.513
0.221
1.176
0.094
-0.127
0.240
2.154
-0.300
0.025
0.027
-0.062
-1.356
0.003
-0.100
3.652
-0.701
1.442
0.598
2.023
3.055
1.207
0.548
0.233
0.973
1.768
0.060
0.626
0.582
-0.638
0.416
-0.113
1.357
0.279
0.287
1.124
0.130
0.545
-3.079
2.480
0.197
0.299
0.454
-0.309
0.174
-3.214
-1.447
-0.013
-0.628
0.552
-0.035
-0.041
1.801
1.192
2.521
-1.248
-0.599
0.649
1.500
0.964
0.895
-1.292
0.992
-0.630
4.008
2.026
1.036
1.563
2.539
0.282
0.686
0.291
-0.130
0.136
0.124
0.139
0.205
-0.034
-0.122
-0.253
2.061
1.068
-0.109
0.038
-0.371
-0.058
2.433
1.872
0.926
2.856
2.269
0.674
1.367
0.471
0.230
0.577
-0.177
-0.047
-0.035
-0.348
-0.162
0.297
0.243
0.074
0.256
0.100
2.249
0.675
-0.191
0.988
1.877
1.199
0.331
2.668
1.120
0.267
0.341
0.170
-0.022
-0.023
-0.120
0.198
0.142
-0.020
-0.042
-0.213
0.824
-0.036
1.722
0.856
-0.084
0.213
0.101
0.499
0.103
0.702
-0.490
-0.004
0.619
1.522
2.098
0.776
1.189
1.334
-0.125
-0.166
-0.076
0.000
0.285
-0.429
0.991
0.275
0.566
0.723
-0.456
-0.029
0.536
0.079
0.288
0.162
-0.190
0.321
-0.293
-0.061
-1.445
-0.121
0.553
0.097
-0.079
0.394
-0.096
0.144
0.033
-0.105
0.597
0.308
0.240
0.558
-0.097
0.137
0.258
-0.019
0.066
3.250
-0.019
0.122
-0.183
0.997
0.885
0.381
0.038
0.120
-0.052
0.046
-0.188
-0.381
0.243
0.032
-0.185
-0.134
0.120
-0.037
0.141
-0.016
0.160
0.058
-3.942
-2.374
-2.977
-1.916
-0.108
-0.219
0.111
-0.750
-0.622
0.218
0.318
0.928
0.078
0.036
-0.134
0.064
-0.667
0.010
0.549
-0.006
0.740
1.579
0.085
0.282
0.374
0.251
-0.435
-0.075
0.029
0.088
2.370
2.761
2.292
1.142
2.341
