0.580
2.031
1.571
0.851
0.735
2.055
0.034
-0.026
2.079
0.599
0.244
3.766
0.917
-0.198
0.820
2.900
0.779
0.270
0.429
0.184
-0.225
0.019
-0.416
0.691
0.119
-0.223
-0.919
0.378
-0.024
-0.915
0.198
0.777
0.070
-0.080
-0.587
0.082
0.529
0.507
0.233
0.370
0.408
0.069
1.127
-0.038
0.697
0.569
-0.703
0.142
1.801
0.405
1.271
0.405
1.987
1.814
1.610
0.659
2.563
-0.290
0.409
0.029
3.378
1.228
2.113
-0.177
-0.187
0.205
0.108
0.607
0.109
-0.801
-0.550
-0.491
-0.210
0.409
-0.640
0.150
-0.428
-0.603
-0.168
-0.369
2.886
0.148
0.079
2.534
0.804
2.658
2.700
0.440
0.078
0.681
0.280
0.349
0.275
0.052
2.756
-0.633
0.162
0.610
4.484
1.838
0.290
-0.153
2.082
0.119
1.884
1.357
0.036
-0.085
2.148
-0.157
-0.178
-0.119
-0.261
-2.720
-0.150
0.034
3.539
-0.490
0.406
0.964
2.257
3.293
2.489
0.844
0.216
2.201
1.769
0.116
0.497
0.917
-0.085
0.609
-0.070
0.646
0.171
0.183
1.862
0.198
-0.121
-0.111
1.669
0.539
-0.155
0.662
-0.251
1.185
-2.189
-1.335
-0.318
0.307
0.460
0.067
-0.612
0.823
-0.582
2.445
-1.265
-0.732
-0.742
-0.046
0.342
0.405
-1.149
0.662
-0.226
4.846
0.496
2.357
0.676
0.630
0.449
0.501
0.365
-0.097
0.319
0.411
-0.165
0.165
-0.090
-0.132
-0.392
1.431
0.690
0.168
0.042
-0.640
0.209
2.738
2.489
0.881
2.116
3.539
0.460
0.807
1.160
0.820
0.741
-0.387
-0.077
0.241
-0.001
0.100
0.787
0.877
0.078
0.761
0.041
1.821
0.641
-0.840
0.664
0.990
-0.027
0.930
2.564
1.027
0.070
0.075
0.281
-0.213
-0.360
-0.147
0.354
-0.026
-0.294
-0.654
-0.085
0.384
0.065
0.923
0.760
0.010
0.022
-0.141
0.279
-0.190
0.631
-0.705
-0.038
0.527
-0.088
0.440
0.770
0.254
1.029
-0.085
-0.337
-0.480
-0.085
-0.076
-0.889
1.193
0.069
0.486
0.858
-0.542
-0.466
0.805
0.247
-0.234
0.376
-0.377
1.061
-0.304
0.601
-0.468
0.138
-0.132
0.059
-0.546
0.027
0.088
0.121
0.002
-0.032
0.598
0.476
0.103
0.565
-0.269
-0.186
0.085
0.001
0.290
3.137
0.421
-0.120
0.298
-0.813
0.707
-0.630
-0.950
0.355
-0.090
-0.085
-0.015
-0.142
0.506
0.141
-0.816
-0.092
0.115
-0.259
0.454
-0.345
0.317
0.317
-3.036
-2.198
-2.051
-1.781
-0.191
-0.520
0.425
0.309
-0.681
0.183
-0.101
-0.117
-0.047
0.133
0.690
0.178
-1.038
-0.263
0.171
-0.247
0.290
1.906
0.595
-0.105
0.140
0.292
-0.743
0.092
0.053
0.163
1.971
3.173
2.688
1.342
2.420
