-0.880
-0.495
-0.191
-0.200
-0.544
-2.747
-0.096
-0.205
-1.556
-0.421
-0.241
-3.066
-0.699
-0.032
-0.180
-2.794
-0.665
-0.374
-0.027
0.042
0.126
0.166
1.699
-0.627
0.200
0.419
0.735
-0.297
0.226
0.134
-0.098
-1.395
0.036
0.080
0.809
0.033
-0.401
-0.657
-0.382
-0.659
-0.161
-0.559
-0.548
-0.376
-0.223
-0.069
0.213
-0.067
-0.097
-0.344
-1.147
-0.041
-1.993
-1.659
-0.654
-0.673
-2.434
0.171
-0.059
-0.246
-2.877
-0.975
-1.859
0.026
0.035
-0.170
0.199
-1.377
0.035
0.530
0.519
0.273
0.083
0.285
0.598
0.185
0.430
0.527
0.269
0.380
-3.159
-0.234
-0.077
-2.010
-0.744
-2.708
-1.206
-0.260
-0.239
-0.014
-0.288
-0.173
0.186
0.015
-2.891
0.344
0.278
-0.118
-3.280
-1.602
0.144
-0.021
-3.759
-0.003
-1.877
-0.861
-0.014
-0.143
-2.594
0.272
0.035
-0.023
0.519
1.286
0.087
0.027
-3.477
0.144
-0.981
-0.774
-1.863
-3.126
-1.958
-0.394
-0.212
-1.227
-1.438
0.012
-0.109
-0.817
0.853
-0.783
0.079
-1.552
-0.268
0.033
-0.813
-0.192
-0.010
1.592
-2.403
-0.862
0.367
-0.060
0.650
-0.336
2.248
1.742
0.185
1.201
-0.204
0.112
-0.042
-1.064
0.188
-3.691
0.311
0.239
-0.275
-1.009
-0.577
-0.498
1.193
-0.819
0.604
-2.966
-0.616
-0.407
-1.361
-1.210
-0.269
-0.351
-0.198
0.206
-0.107
-0.183
0.184
-0.027
0.121
0.387
-0.311
-1.965
-0.698
-0.193
0.032
0.492
-0.137
-3.268
-2.157
-1.045
-3.657
-4.394
-0.756
-0.763
-0.427
-0.759
-0.517
0.072
-0.201
-0.253
-0.052
-0.067
-0.478
-0.603
-0.062
-0.504
-0.189
-2.854
-0.835
0.437
-0.525
-1.554
-0.760
-0.444
-2.556
-0.975
-0.146
-0.318
0.106
0.284
0.107
0.273
-0.083
-0.213
0.357
0.233
0.162
-0.331
-0.011
-0.980
-0.884
-0.175
-0.259
-0.103
-0.579
0.233
-1.140
0.491
-0.052
-0.194
-0.056
-0.643
-0.341
-0.173
-1.071
0.160
-0.435
0.630
0.307
0.643
0.345
-0.801
-0.373
-0.877
-1.417
0.747
0.228
-0.144
0.214
-0.107
-0.072
0.407
-0.910
0.590
-0.510
1.499
0.010
-0.437
-0.143
-0.076
-0.013
-0.375
-0.042
-0.061
-0.285
-0.246
-0.288
-0.304
-0.306
0.289
0.122
0.074
0.154
-0.017
-2.635
-0.064
0.005
0.019
0.286
-0.780
0.447
0.641
0.164
0.209
0.149
0.067
-0.013
0.269
-0.044
0.174
0.331
-0.034
0.020
0.245
-0.051
-0.261
-0.051
2.775
2.086
2.413
1.518
0.026
0.233
-0.109
0.231
0.591
-0.708
-0.083
-0.416
0.144
-0.055
-0.397
-0.060
1.633
0.697
-0.097
-0.907
-0.363
-1.814
0.071
0.021
-0.021
-0.256
0.396
0.205
-0.023
-0.063
-1.889
-2.972
-3.093
-1.260
-1.871
