-0.530
-0.733
-0.079
-0.163
-0.583
-2.441
-0.070
-0.835
-2.672
-1.120
-0.011
-2.935
-0.881
-0.464
-0.114
-2.682
-0.967
-0.553
-0.122
-0.261
0.242
0.531
0.323
-0.627
0.027
0.276
1.300
-0.320
0.742
0.383
0.080
-0.970
0.282
-0.070
-0.066
-0.070
-0.669
-0.775
-0.293
-0.642
-0.465
-0.173
-0.410
-0.091
0.150
-0.175
0.646
0.381
-0.885
-0.284
-1.326
0.036
-2.179
-2.153
-2.512
-1.341
-2.554
-0.166
-0.448
-0.070
-2.596
-1.016
-1.324
0.128
0.286
-0.077
-0.022
-0.682
-0.055
0.676
0.753
0.575
0.074
-0.008
0.589
0.057
1.006
0.548
0.072
0.428
-1.935
-0.078
0.144
-1.395
-0.168
-2.618
-2.299
-0.706
-0.877
-0.459
-0.701
-0.232
-0.266
-0.342
-2.821
-0.070
0.068
-0.344
-2.575
-1.077
-0.265
0.111
-2.355
-0.413
-1.220
-0.070
0.126
-0.070
-3.064
0.594
-0.087
0.118
0.068
1.299
-0.040
0.004
-3.682
0.273
-0.607
-1.054
-1.991
-2.916
-1.745
-0.621
0.266
-0.666
-1.549
-0.355
-0.771
-0.091
0.606
-0.209
0.073
-0.191
-0.422
-0.154
-0.928
0.113
0.034
0.809
-1.660
-0.761
-0.035
-0.026
0.476
0.129
1.872
1.004
0.286
-0.179
-0.088
0.197
0.673
-1.182
0.534
-2.724
0.750
-0.096
-0.321
-1.157
-0.665
-0.221
0.928
-0.704
0.242
-2.660
-0.787
-0.749
-1.247
-1.160
-0.218
-0.222
-0.260
-0.009
-0.286
-0.222
-0.008
-0.188
-0.086
0.072
0.040
-1.839
-0.603
-0.029
0.056
0.812
0.130
-2.578
-2.043
-1.347
-3.124
-3.331
-0.601
-0.476
-0.332
-0.186
-0.722
0.061
-0.070
-0.081
-0.070
-0.070
-0.070
-0.126
-0.038
-0.079
0.222
-1.921
-0.845
0.274
-0.878
-1.110
-0.824
-0.337
-2.614
-1.428
0.197
-0.360
-0.387
-0.066
-0.070
0.079
-0.152
-0.094
0.006
-0.040
-0.070
-0.559
-0.080
-1.141
-0.751
-0.026
0.086
0.161
-0.082
-0.070
-0.414
0.733
-0.045
-0.533
-0.070
-1.864
-0.484
-0.745
-1.829
0.031
-0.135
0.589
0.092
0.660
0.526
-0.769
-0.432
-0.264
-1.394
-0.121
1.755
-0.070
-1.969
-0.266
-1.050
0.865
-1.391
1.171
-0.106
1.493
0.005
-0.159
-0.070
-0.902
-0.065
-0.042
0.061
-0.081
0.438
-1.043
-0.223
-0.287
-0.113
0.058
-0.044
-0.095
-0.094
0.009
-1.890
-0.078
0.186
-0.034
0.143
-0.501
1.017
2.660
-0.070
-0.010
-0.232
-0.070
-0.068
-0.703
-0.091
0.457
-0.070
-0.133
0.194
-0.138
0.243
-0.166
-0.092
2.912
2.388
2.618
1.438
0.027
0.723
0.054
0.269
0.837
-0.081
-0.412
-0.215
-0.371
0.248
-0.253
-0.070
1.125
0.273
-0.666
-0.181
-0.726
-1.325
-0.161
0.024
-0.145
-0.070
0.572
0.123
-0.379
0.088
-1.332
-2.669
-4.596
-1.174
-1.471
