0.850
0.837
-0.048
-0.221
-0.190
-1.835
-0.317
-0.294
-1.200
-0.498
-0.046
-2.124
-0.406
0.298
-0.082
-2.539
-0.690
-0.523
-0.214
-0.286
-0.147
-0.051
0.888
0.024
-0.122
-0.520
-0.028
-0.586
-0.130
0.198
0.128
-0.725
0.395
0.020
0.574
-0.017
-0.274
-0.461
-0.277
-0.543
-1.029
-0.298
-0.273
-0.217
-0.417
-0.402
-0.159
-0.139
-0.562
-0.971
-1.210
-1.064
-1.510
-0.835
-0.638
-0.836
-2.212
-0.960
-0.033
-0.739
-2.573
-0.804
-1.565
-0.109
0.018
0.086
-0.351
-1.149
-0.134
0.644
0.615
0.170
0.286
-0.140
0.142
-0.083
1.690
0.115
0.036
0.332
-2.643
-0.447
-0.191
-1.645
-0.425
-2.165
-1.020
-0.137
-0.039
-0.024
-0.143
0.077
0.058
0.037
-1.933
0.264
-0.059
-0.030
-2.150
-0.524
-0.152
-0.032
-3.942
-0.277
-1.469
-1.583
-0.077
-0.234
-2.650
-0.066
-0.030
-0.099
0.575
2.474
0.098
1.136
-2.471
0.518
-0.222
-0.499
-0.835
-1.738
-1.524
-0.265
-0.341
-0.063
-1.050
-0.201
-0.526
-0.517
0.296
-0.194
-0.073
-0.746
0.020
-0.207
-1.511
-0.083
-0.445
1.952
-1.652
-0.521
-0.127
-0.343
-0.064
-0.463
1.949
1.563
-0.013
0.419
-0.163
-0.206
0.126
-1.091
-0.606
-2.279
0.837
-0.669
-0.999
-1.196
-0.247
-0.619
1.386
-0.491
0.738
-2.657
-1.225
-0.274
-1.595
-1.495
-0.195
-0.323
-0.156
-0.153
-0.167
-0.242
-0.060
-0.075
-0.073
-0.066
0.105
-1.284
-0.371
-0.334
-0.496
0.446
-0.384
-1.938
-0.909
-0.189
-2.781
-3.672
-0.529
-0.420
-0.530
-0.277
-0.227
0.131
-0.069
-0.113
-0.065
-0.065
-0.156
-0.132
-0.103
-0.213
-0.248
-2.087
-0.469
-0.004
-0.711
-0.731
-0.869
-0.961
-1.672
-0.569
-0.221
-0.254
-0.121
0.146
0.009
-0.038
-0.148
-0.109
-0.059
0.070
0.286
-0.348
-0.157
-1.013
-0.921
-0.242
-0.036
-0.211
-0.494
0.160
-0.631
0.036
-0.056
-0.658
-1.118
-0.615
-0.396
-0.367
-0.031
0.054
-0.086
0.321
0.050
-0.545
0.405
-0.886
-0.424
-0.089
-0.465
0.589
0.219
0.281
0.240
-0.569
0.034
0.190
-0.378
0.889
0.451
0.766
1.028
-0.435
-0.155
0.204
-0.047
0.149
-0.014
-0.063
-0.161
-0.926
-0.106
-0.045
-0.082
0.060
0.064
-0.037
0.047
-0.017
-2.890
-0.142
0.125
-0.343
-0.562
-0.275
-0.162
0.534
-0.363
-0.071
-0.099
-0.233
-0.018
-0.200
-0.168
-0.077
-0.079
-0.170
0.071
-0.505
-0.108
0.048
-0.286
3.487
2.632
2.890
2.076
-0.086
-0.065
-0.006
1.307
0.804
-0.242
-0.214
-0.269
-0.065
-0.580
-0.188
-0.371
0.865
0.127
-0.061
0.046
-0.563
-1.019
-0.027
-0.107
-0.096
0.009
0.843
-0.046
-0.208
-0.237
-1.656
-2.495
-3.002
-0.146
-0.795
