-0.008
-0.260
0.094
-0.250
-0.701
-3.331
0.106
-0.075
-1.401
-0.455
0.258
-3.282
-0.730
-1.005
-0.082
-1.942
-0.444
-0.296
0.123
-0.247
0.103
0.707
0.127
-0.009
0.581
-0.787
0.899
0.106
-0.069
0.115
0.046
-1.467
1.457
0.099
0.106
0.040
-0.070
-0.096
-0.027
-0.494
-0.522
-0.276
-0.917
-0.083
-0.000
-0.191
0.870
0.106
-0.226
-0.064
-2.031
-0.181
-1.681
-1.546
-0.052
-0.618
-2.989
0.235
-0.062
0.256
-4.416
-1.691
-1.253
-0.088
0.028
-0.197
0.022
-1.336
0.105
0.165
0.135
0.121
0.106
0.054
0.137
0.106
0.179
0.139
0.106
0.126
-3.670
0.033
0.046
-2.742
-0.351
-2.699
-1.222
-0.743
-0.597
-0.675
-0.650
-0.535
0.290
0.081
-4.015
1.199
0.157
-0.679
-2.981
-1.708
-0.238
0.092
-4.028
-0.390
-2.033
0.053
-0.103
-0.711
-3.570
0.136
0.001
0.287
0.445
2.290
0.412
0.455
-4.505
0.149
-1.453
-1.179
-2.584
-2.959
-1.942
-0.441
0.106
-0.872
-1.909
0.055
-0.265
-0.822
0.289
-0.415
0.307
-1.043
-0.144
-0.020
-1.255
0.087
-0.017
2.892
-1.722
-0.054
0.832
-0.097
1.041
-0.265
2.342
2.257
0.036
0.353
-0.110
0.106
0.106
-1.878
-0.002
-2.335
0.615
-1.095
0.054
-0.522
-0.311
0.047
1.798
-0.273
0.522
-4.309
-0.262
-0.549
-1.312
-0.369
-0.301
0.070
-0.280
0.121
-0.240
-0.319
0.112
0.060
0.181
0.337
0.122
-1.812
-0.780
-0.020
-0.026
0.570
0.111
-3.977
-2.297
-1.896
-1.464
-2.966
-0.468
-0.580
-0.481
0.065
-0.915
0.106
0.106
0.106
0.106
0.106
0.102
0.070
0.106
0.106
0.106
-1.995
-0.508
0.943
-0.547
-0.886
-0.867
0.042
-3.901
-1.636
-0.264
-0.400
-0.085
0.106
0.106
0.039
0.052
0.053
0.106
0.459
0.500
-0.776
0.091
-2.412
-0.925
0.012
-0.379
0.109
-0.068
0.019
-0.389
0.797
0.097
0.042
-1.027
-0.865
-0.225
-0.615
-0.600
0.106
-0.387
-0.783
0.503
0.050
0.518
-0.776
-0.021
-0.543
-1.099
0.400
0.351
0.106
-0.046
-0.282
-1.159
0.224
-0.769
0.871
0.094
0.957
0.491
0.081
0.182
0.103
-0.025
0.056
0.056
0.106
-0.485
-0.447
-0.585
-1.053
-0.165
0.127
0.106
-0.079
0.106
-0.138
-3.647
0.072
0.057
-0.049
0.054
-0.242
0.571
0.857
-0.051
-0.046
0.082
0.070
0.106
-0.280
0.074
0.331
0.149
0.099
0.031
-0.034
0.203
-0.012
0.106
2.796
1.338
1.500
1.209
0.122
0.355
-0.218
0.482
0.576
0.009
0.036
-0.304
0.016
-0.731
0.013
-0.002
2.110
0.192
0.024
-0.439
-0.784
-1.090
-0.323
-0.074
-0.474
-0.290
0.326
-0.465
0.098
-0.071
-1.159
-3.959
-3.300
-0.499
-2.610
