0.090
-0.578
-1.905
-0.059
0.407
2.778
-0.036
0.367
1.397
0.649
-0.156
2.817
0.530
0.601
0.265
2.115
0.784
0.392
0.149
0.272
0.035
0.283
-1.691
0.503
-0.072
0.413
-0.686
0.328
-0.379
-0.114
0.285
0.777
-0.773
0.311
-0.333
0.086
0.334
0.348
0.225
0.781
0.472
0.371
0.644
0.268
0.350
0.168
-0.262
-0.094
1.068
0.373
1.023
-0.143
1.779
1.870
0.456
0.353
1.888
0.439
0.222
0.516
2.579
0.607
1.033
-0.099
0.047
-0.104
0.128
0.808
0.086
-0.216
-0.543
0.109
0.060
0.043
-0.002
0.082
-0.541
-0.105
0.017
-0.142
2.131
0.160
-0.330
1.108
0.290
0.802
0.722
0.123
0.073
0.189
0.111
0.042
0.185
0.205
1.918
-0.042
-0.078
0.049
2.541
0.864
0.157
-0.094
3.424
-0.009
1.225
0.278
-0.153
-0.017
2.458
0.197
0.047
0.097
0.041
-2.068
-0.238
-0.124
3.553
-0.366
0.651
0.575
1.582
2.203
1.964
0.446
0.352
0.734
1.250
0.123
0.535
0.615
-1.132
0.779
0.230
1.580
-0.239
-0.238
0.837
0.158
0.125
-3.930
2.327
1.149
0.031
0.088
-0.481
0.630
-2.413
-1.719
-0.065
-0.609
-0.131
0.034
0.016
0.943
0.531
2.698
-1.022
-0.236
0.206
0.532
0.423
0.405
-0.715
0.436
-0.490
2.219
0.258
0.709
0.684
0.427
0.255
0.445
0.156
0.084
0.223
0.272
0.210
0.164
-0.117
-0.009
-0.075
1.639
0.291
0.329
0.045
-0.476
0.237
2.722
1.650
0.965
2.581
3.835
0.530
0.927
0.267
0.545
0.404
-0.232
-0.194
-0.063
-0.082
0.013
0.303
0.242
0.169
0.341
0.311
2.314
0.789
-0.255
0.400
1.472
0.435
0.487
2.037
0.674
0.115
0.182
0.064
-0.077
-0.042
-0.106
0.105
0.091
-0.105
0.066
-0.298
0.480
-0.019
1.254
0.644
0.150
0.197
-0.116
0.650
-0.175
1.207
-0.844
0.111
0.197
1.078
1.117
0.163
0.746
1.260
0.129
-0.077
0.526
-0.248
-0.131
-0.367
1.047
0.902
0.170
1.148
-0.134
0.072
0.212
0.098
0.138
0.150
-0.060
0.194
-0.170
0.089
-0.350
-0.721
0.359
0.444
-0.655
0.096
-0.214
0.003
-0.149
0.116
0.476
0.189
0.236
0.132
-0.080
-0.045
0.135
-0.030
0.069
2.626
-0.122
-0.051
0.152
0.529
0.360
-0.136
1.304
0.249
0.150
-0.082
0.040
-0.314
0.137
0.136
-0.097
-0.244
0.305
0.080
0.275
0.158
-0.080
-0.024
-2.982
-1.952
-2.118
-1.254
0.057
-0.264
0.132
-0.429
-0.555
0.545
0.172
0.034
-0.005
0.111
0.113
0.030
-0.867
-0.532
0.027
0.615
0.151
0.826
-0.088
-0.046
0.150
0.051
-0.298
-0.256
-0.031
0.154
1.599
2.492
2.803
0.692
2.007
