-0.248
-0.248
-0.248
-0.002
-0.858
-3.039
-0.238
-0.343
-1.546
-0.804
0.144
-3.289
-0.952
-0.293
-0.248
-1.894
-0.630
0.174
0.372
0.146
-0.248
-0.154
0.000
-0.702
-0.119
-0.248
0.503
-0.248
-0.133
0.462
-0.248
-1.099
0.055
-0.156
-0.080
-0.197
-0.769
-0.853
-0.382
-0.806
-0.338
-0.818
-1.076
-0.586
-0.148
-0.208
1.248
-0.171
-0.727
-0.623
-1.562
-0.248
-2.019
-1.926
-0.248
-0.248
-2.619
0.245
-0.696
-0.049
-2.729
-1.026
-1.523
-0.189
-0.235
0.150
-0.618
-0.604
-0.141
0.838
0.720
0.362
-0.114
0.126
0.465
0.026
0.671
0.571
0.339
0.556
-2.144
-0.269
-0.219
-1.637
-1.037
-3.013
-2.298
-0.248
-0.104
-0.890
-0.248
-0.002
0.173
-0.395
-2.963
0.433
-0.185
-0.260
-2.345
-1.041
-0.221
0.720
-3.492
-0.013
-1.468
-0.407
-0.123
0.071
-3.228
-0.685
-0.269
0.034
0.103
2.040
-0.014
0.306
-3.482
1.123
-1.219
-1.255
-1.977
-2.516
-1.798
-0.566
0.261
-1.485
-2.007
-0.226
-0.481
-0.861
0.310
-0.695
0.379
-1.063
-0.128
-0.203
-1.238
-0.245
-0.364
-0.148
-1.549
-0.401
-0.018
-0.592
0.791
-0.392
2.757
1.988
0.055
1.117
-0.776
-0.079
0.645
-1.293
1.739
-3.355
0.828
-0.240
0.414
-1.222
-0.585
-0.248
2.130
-0.872
1.258
-3.030
-1.359
-0.930
-2.033
-1.982
-0.333
-0.325
-0.338
-0.073
-0.543
-0.568
-0.211
-0.228
-0.069
-0.013
-0.157
-1.926
-0.808
-0.155
-0.188
1.031
-0.288
-2.599
-2.234
-1.278
-2.499
-3.929
-0.906
-0.473
-0.572
-0.566
-0.678
-0.072
-0.248
-0.252
-0.241
-0.248
-0.587
-0.566
-0.248
-0.516
-0.049
-1.955
-0.640
-0.094
-0.668
-0.739
-0.341
-0.485
-2.460
-1.289
-0.212
-0.419
-0.306
0.040
0.115
-0.015
-0.055
-0.248
0.228
0.371
-0.100
-0.649
-0.112
-0.744
-0.686
0.059
-0.243
-0.049
-0.727
-0.451
-0.945
0.922
-0.004
-0.264
-0.248
-1.671
-0.613
-0.835
-1.319
1.237
-0.248
-0.311
0.425
-0.089
0.868
-0.352
-0.248
-0.469
-0.312
0.318
-0.447
-0.284
-1.099
-0.248
-0.267
0.212
-0.993
0.014
-0.248
-0.153
0.255
-0.240
-0.248
-0.370
-0.128
-0.235
0.041
-0.248
-0.116
-0.690
-0.315
-0.327
-0.791
-0.166
-0.208
-0.253
-0.210
-0.300
-2.492
-0.246
0.303
-0.047
0.048
-0.795
-0.248
1.704
-0.265
-0.120
-0.388
-0.200
-0.248
-0.270
-0.304
0.223
-0.116
-0.110
-0.241
-0.253
0.206
-0.221
-0.408
3.617
1.929
2.655
1.689
0.160
0.304
-0.399
-0.084
0.831
-0.881
-0.261
-0.309
-0.248
-0.229
-1.654
-0.392
1.948
0.240
-0.372
-0.241
-0.187
-1.381
-0.145
0.800
-0.234
-0.434
0.846
-0.270
0.259
0.117
-1.963
-3.656
-2.801
-0.955
-2.238
