0.180
0.610
0.153
-0.256
-0.439
-0.898
-0.677
-0.155
-3.174
-3.227
-0.140
-2.681
-2.341
0.268
0.391
-0.825
-1.241
-1.032
-0.140
0.271
-0.054
0.089
1.213
-2.041
0.385
-0.219
0.290
-0.034
0.116
0.036
-0.093
-2.215
0.077
0.861
0.974
0.018
0.006
-0.726
-0.140
-0.996
0.036
-0.356
-0.110
-0.272
-0.140
-0.140
-0.100
-0.131
-0.254
-0.592
-0.512
-0.548
-2.241
-1.106
-0.559
-0.832
-0.771
0.731
-0.192
0.653
-3.328
-3.295
-0.497
-0.060
0.080
-0.168
-0.599
-0.236
-0.182
0.217
0.143
-0.047
0.269
0.381
-0.140
-0.138
0.379
0.113
-0.133
-0.043
-2.134
-0.115
-0.069
-1.862
-1.149
-1.762
-1.409
-0.349
0.004
-0.403
-0.140
-0.822
-0.188
-0.313
-1.694
0.441
-0.105
-1.047
-2.519
-1.721
-0.567
-0.258
-1.926
-1.249
-1.938
-0.498
-0.872
-0.746
-1.780
-1.176
-0.140
0.023
-0.617
1.181
-0.140
-0.651
-1.317
0.353
-0.188
-0.416
-0.640
-3.020
-1.513
-2.309
-1.454
-0.204
-1.467
-0.888
-1.558
0.520
1.426
-0.370
-0.150
-0.691
-0.093
-0.074
-3.173
-2.421
-0.436
2.843
-0.531
-0.603
-0.039
-0.462
0.137
-0.128
1.691
0.339
-0.136
-0.157
-1.436
-0.120
-0.101
-1.161
0.028
-2.651
0.578
0.307
-0.804
-1.016
-0.296
-0.234
1.293
-0.260
0.955
-1.806
-0.283
-1.180
-1.645
-0.584
-1.022
-1.910
-0.548
-0.004
-0.056
-0.465
-1.714
-0.221
-0.144
0.034
-0.568
-1.576
-1.200
-0.140
-0.140
0.002
-1.922
-1.659
-1.220
-1.146
-2.558
-2.008
-1.535
0.513
-0.726
-1.144
-1.364
-0.180
-0.079
-0.085
-0.035
-0.032
-0.661
-0.879
-1.209
-1.171
-0.140
-0.668
-0.457
0.189
-1.180
-1.681
-1.007
0.208
-0.970
-0.849
-0.281
-0.241
0.016
0.326
-0.138
-0.106
-0.141
0.135
-0.064
0.179
-0.140
-0.346
0.290
-0.439
-0.470
-1.635
-1.190
-0.275
-0.175
-0.131
-1.190
-0.174
-0.096
-0.047
-0.586
-0.101
-0.108
-0.209
-2.005
-0.060
-0.122
0.049
-0.135
-1.845
0.031
-0.693
-0.102
-0.175
-0.508
0.399
-0.276
0.060
-0.140
-0.846
-0.551
0.420
-0.282
1.030
-0.200
-0.031
-0.522
-0.792
-0.412
-0.216
-0.286
-0.140
0.389
-0.075
-0.778
-0.002
-1.669
-0.270
-1.064
-0.743
-0.052
-1.445
-0.098
-0.108
-2.711
-0.144
-0.120
-0.140
-0.141
-0.265
-0.140
0.708
-0.117
-0.075
-0.129
-0.025
0.032
0.011
-0.048
-0.057
0.056
-0.140
-0.140
-0.113
-0.134
-0.247
-0.220
2.519
1.377
1.636
0.735
-1.190
0.460
-0.206
0.446
-0.038
0.171
-0.185
-0.140
-0.002
-0.140
-0.140
-0.125
1.540
0.463
-1.695
0.182
-0.475
-0.792
-0.150
0.061
-0.211
-0.127
0.388
-0.492
-0.150
-0.062
-0.815
-0.869
-2.352
-1.504
-0.798
