-1.351
-0.677
-0.394
0.619
-0.714
-2.422
-0.367
-0.442
-1.844
-0.803
-0.155
-3.660
-0.770
0.385
0.291
-2.182
-0.494
0.512
-0.001
-0.119
-0.057
0.801
1.397
0.217
0.500
-0.032
0.961
-0.547
0.275
0.289
0.160
-0.925
0.770
-0.261
-0.059
-0.151
-0.914
-0.715
-0.312
-0.255
-0.982
-0.558
-0.842
-0.153
-0.032
0.004
0.555
-0.032
-0.642
-0.518
-1.109
-0.094
-2.079
-1.564
-0.243
-0.611
-2.468
0.555
-0.137
0.429
-3.806
-1.387
-2.394
0.237
0.210
-0.240
-0.032
-0.260
0.137
0.816
0.786
0.592
0.245
0.014
1.804
0.158
0.969
0.575
0.229
0.320
-1.461
-0.339
0.358
-1.637
-0.316
-2.740
-2.490
-0.210
-0.421
-0.282
-0.069
-0.148
0.542
-0.189
-2.269
0.063
0.039
-0.536
-2.436
-1.601
-0.021
0.122
-3.541
0.204
-1.131
-0.102
0.167
0.023
-1.680
0.288
-0.265
0.177
0.544
1.777
0.037
0.295
-3.175
1.322
-0.595
-0.667
-2.650
-2.202
-1.725
-0.119
0.057
-1.387
-2.350
-0.140
-0.985
-0.032
3.577
-0.131
0.299
-1.245
-0.386
-0.252
-2.062
-0.208
-0.241
3.064
-2.815
-0.965
-0.019
-0.389
0.515
-0.053
3.738
1.694
-0.006
0.746
-0.244
0.018
0.013
-1.004
-0.018
-1.754
0.486
-0.579
-0.043
-0.834
-0.026
0.009
1.251
-0.280
0.985
-2.869
-0.600
-0.568
-1.368
-1.087
-0.382
0.019
-0.342
-0.014
-0.253
-0.313
-0.061
-0.029
0.264
0.247
0.104
-1.873
-0.790
-0.007
-0.295
0.630
0.202
-1.773
-2.092
-0.425
-1.902
-2.297
-0.381
-0.581
-0.968
-0.637
-0.723
0.310
-0.034
-0.032
0.005
-0.000
-0.598
-0.349
-0.041
-0.589
0.558
-2.746
-1.088
0.317
-0.919
-1.300
-0.533
-0.523
-3.221
-0.672
-0.440
-0.122
-0.388
-0.016
-0.080
-0.097
-0.239
-0.179
-0.032
-0.032
-0.032
-0.562
0.096
-1.290
-0.478
-0.207
-0.402
0.225
-0.577
-0.105
-0.451
0.093
0.233
-0.057
0.077
-1.220
-0.111
-0.035
-0.435
0.041
0.492
0.623
-0.032
0.544
0.603
-0.912
-0.267
-0.146
-0.482
0.891
0.275
2.300
-0.416
0.762
0.130
0.409
-0.491
0.930
0.158
1.085
0.300
-0.450
-0.268
-0.051
0.111
0.088
0.243
-0.032
0.654
-0.477
-0.210
-0.390
-0.256
0.729
0.008
-0.121
-0.032
-0.239
-2.375
-0.123
-0.140
0.202
0.039
-0.318
0.657
0.306
-0.005
-0.008
-0.050
0.104
0.153
-0.267
-0.024
0.138
0.225
-0.063
0.143
0.165
0.212
0.371
0.160
3.282
2.345
2.186
2.114
0.616
0.882
0.058
0.315
-0.003
-0.499
-0.055
-0.037
-0.126
-0.089
-0.352
-0.200
1.212
0.748
-0.010
0.499
-0.299
-1.180
-0.025
0.345
-0.496
0.742
1.162
0.032
-0.040
-0.062
-1.135
-2.592
-2.004
-0.703
-2.276
