-2.123
-2.533
-0.020
-0.355
0.878
2.252
-0.201
0.175
2.512
1.127
-0.092
3.589
1.096
0.057
-0.256
2.589
0.935
0.184
-0.205
-0.330
0.239
-0.096
-1.245
0.609
-0.162
1.790
-0.538
1.027
-0.079
-0.319
0.046
0.781
-0.749
0.090
-0.248
-0.099
0.099
0.368
-0.008
0.035
0.278
0.393
0.419
0.329
-0.045
-0.085
-0.601
-0.099
0.626
0.901
1.297
0.010
1.333
1.395
0.654
1.028
3.084
-1.136
0.105
-0.807
3.081
0.882
2.120
-0.254
0.035
0.243
-0.148
0.635
-0.113
-0.498
-0.519
-0.354
-0.115
-0.211
-0.268
-0.201
-0.804
-0.438
-0.228
-0.370
3.133
-0.202
0.068
2.548
0.927
3.200
2.118
-0.372
-0.219
0.057
-0.158
-0.109
-0.168
0.043
2.802
-0.531
-0.160
0.312
2.946
1.587
-0.078
-0.009
4.780
0.439
1.787
1.128
-0.219
0.219
3.014
-0.338
-0.050
-0.047
-0.420
-1.744
0.310
-0.409
3.911
-0.367
0.372
0.397
1.698
3.616
1.961
0.489
0.168
1.356
1.809
-0.338
0.554
-0.017
-0.618
1.133
-0.163
1.444
0.133
0.106
1.270
0.444
0.205
-0.848
2.184
0.753
-0.311
-0.063
-0.622
-0.056
-2.618
-1.236
-0.287
-0.501
-0.061
-0.398
0.064
0.915
0.725
1.802
-0.728
0.208
0.359
0.929
0.652
0.605
-1.189
0.635
-0.850
3.040
0.577
0.812
1.144
0.764
0.206
0.066
0.205
-0.251
0.507
0.255
-0.554
0.144
-0.232
-0.287
-0.088
2.251
0.783
-0.050
0.105
-0.881
0.103
3.362
2.648
1.340
3.164
3.722
0.360
0.167
0.487
0.149
0.458
-0.344
0.049
0.033
-0.512
-0.150
0.157
0.109
-0.070
0.158
0.145
1.804
0.654
-0.568
0.528
1.444
0.547
0.326
3.304
0.907
0.092
0.206
0.046
-0.280
-0.081
-0.109
0.040
0.032
-0.185
-0.300
-0.001
0.464
0.120
1.219
0.959
0.197
-0.128
-0.110
0.727
-0.394
0.746
-0.907
-0.003
0.365
1.534
1.664
0.893
0.349
0.416
-0.010
-0.031
-0.189
-0.086
-0.589
-0.402
0.997
0.382
-0.046
0.580
-0.222
-0.131
-1.337
-0.183
0.189
0.526
-0.029
-0.070
-0.115
-0.261
-0.302
-0.539
0.424
0.079
-0.012
0.176
0.072
0.069
-0.239
0.138
0.970
0.189
0.304
0.118
-0.196
-0.167
0.028
-0.260
0.109
2.385
0.391
0.019
0.040
0.589
0.493
-0.184
-0.545
-0.054
-0.153
-0.031
-0.066
-0.234
-0.202
-0.004
-0.208
-0.085
0.017
-0.151
-0.023
-0.153
0.047
-0.338
-3.501
-2.141
-2.819
-1.798
-0.068
-0.272
-0.059
-0.659
-0.686
-0.565
0.167
0.272
-0.061
-0.081
0.104
0.032
-1.657
-0.091
-0.056
0.039
0.627
1.133
0.004
-0.269
0.198
0.347
-0.598
-0.226
0.025
0.027
2.383
2.448
1.043
1.209
1.952
