0.250
0.066
0.140
0.868
0.768
2.038
0.129
1.320
1.799
0.437
-0.065
2.833
0.568
0.049
0.142
1.527
-0.057
0.263
0.490
-0.250
0.191
0.169
-1.406
0.476
-0.443
0.011
-0.792
0.325
-0.363
-0.107
0.152
1.608
0.599
-0.483
-0.341
0.140
0.149
0.220
1.603
0.178
0.423
1.013
1.189
0.839
0.682
0.200
0.140
-0.101
1.077
0.762
0.375
-0.617
2.106
2.087
0.536
0.662
2.621
-0.502
0.168
-0.449
2.694
1.169
1.818
0.083
-0.012
-0.061
-0.129
0.364
0.068
-0.871
-0.508
-0.366
-0.327
0.081
-1.253
0.140
-0.904
-0.070
-0.102
-0.121
2.464
0.179
-0.224
2.478
1.179
2.728
2.163
0.179
0.026
0.169
0.170
0.149
0.289
0.131
3.623
0.039
0.140
0.575
3.633
1.838
0.486
-0.071
3.594
0.393
1.094
0.202
0.034
0.130
2.464
0.104
0.140
0.108
-0.012
-2.093
0.221
0.121
4.057
-0.283
0.921
1.242
1.847
3.453
2.449
1.053
0.345
1.100
2.136
0.507
0.930
0.140
0.095
1.086
-0.588
1.710
0.094
0.208
1.327
0.602
0.288
-3.125
1.020
0.053
-0.350
0.967
-1.205
0.179
-3.024
-0.831
0.071
-0.168
0.282
0.048
-0.073
0.772
-0.609
2.791
-0.505
0.356
0.148
0.814
0.457
0.135
-1.769
0.541
-0.738
3.488
0.058
0.703
1.127
0.841
0.559
0.312
0.688
0.113
0.656
0.737
0.009
0.140
0.140
0.060
0.045
1.281
0.347
-0.134
0.128
-0.803
-0.418
3.185
2.292
1.027
2.373
3.508
0.262
0.645
0.642
0.278
0.198
0.115
0.100
0.140
0.140
0.140
0.316
0.200
0.140
0.176
-0.036
2.941
0.777
-1.129
1.009
1.102
0.240
0.397
2.145
0.424
0.419
0.656
0.025
-0.481
0.050
0.039
0.180
0.133
-0.015
-0.357
-0.349
0.420
0.013
1.284
0.385
0.543
0.553
0.444
0.912
0.204
1.152
-1.189
0.053
0.140
0.019
1.287
0.137
0.225
1.822
-0.252
0.057
-0.055
-0.431
0.140
-0.582
0.969
0.139
0.711
2.183
0.003
0.116
0.218
0.377
0.568
0.378
0.153
1.082
0.135
0.140
-0.361
0.016
0.719
0.184
0.004
0.772
0.140
0.071
0.140
0.089
1.043
0.516
0.895
0.186
0.044
0.062
0.440
0.123
0.227
2.988
0.146
-0.016
0.197
-1.505
-0.013
0.234
-1.068
0.140
-0.195
0.140
0.139
-0.389
0.011
0.140
-0.264
-0.009
0.962
0.094
0.317
0.109
0.140
0.311
-3.755
-3.049
-3.629
-2.404
0.182
-0.013
0.081
-0.452
-0.578
0.321
0.172
0.089
0.196
-0.853
0.931
0.423
-1.436
0.046
0.146
0.131
0.371
0.689
0.616
-0.069
0.142
-0.195
-1.087
-0.157
0.233
-0.056
1.091
3.027
2.559
1.841
1.995
