0.338
-0.173
-1.675
0.117
-0.151
-2.094
0.039
0.117
-2.821
-0.336
0.117
-2.181
-0.252
-1.300
1.920
-1.810
0.048
-0.085
0.103
0.117
0.117
0.583
-1.017
0.164
0.984
-0.366
1.101
-0.284
1.050
0.117
0.090
-0.181
1.339
-1.371
-0.688
-1.020
-0.030
-0.232
0.108
-0.707
-0.942
-0.748
-1.116
-0.666
-0.069
-0.186
0.816
0.369
-0.320
0.029
-2.035
0.026
-2.065
-1.461
-0.537
0.068
-3.266
0.139
0.091
0.101
-3.431
-0.841
-2.849
0.117
0.676
0.635
0.117
-0.844
0.061
0.837
1.188
1.063
0.209
0.117
1.211
0.342
0.117
0.702
0.148
0.524
-2.095
0.071
0.272
-2.119
0.095
-4.084
-2.066
0.005
-0.075
1.356
-0.024
0.170
0.920
-0.205
-2.788
0.117
0.115
0.091
-2.596
-0.610
0.415
0.207
-2.408
0.120
-0.529
0.067
0.527
0.239
-1.667
0.859
0.117
0.684
0.025
1.392
0.758
1.466
-4.507
1.206
-0.936
0.195
-2.053
-2.243
-0.082
0.037
1.867
-0.103
-2.277
0.913
-0.133
-0.796
0.062
0.100
0.305
-1.113
0.042
0.114
-2.224
0.682
-0.239
-0.283
-2.022
0.055
0.246
0.197
0.790
-0.120
1.672
1.455
0.284
0.046
0.059
0.178
-0.201
-1.182
-1.177
-2.126
0.228
-0.343
0.077
-1.484
-0.059
0.090
2.283
0.039
2.156
-4.563
-1.587
-1.398
-2.122
-2.917
-0.109
-0.605
0.053
0.054
-0.131
-0.015
0.084
0.065
0.117
0.075
-0.252
-1.899
0.083
-0.153
0.100
0.365
-0.009
-3.404
-2.306
-1.070
-1.427
-2.265
0.066
0.123
-0.318
-0.149
-0.287
0.120
0.117
0.117
0.117
0.117
-0.225
0.093
0.117
-0.072
0.745
-1.612
-0.198
0.087
-1.058
-2.041
-0.210
-0.298
-2.747
-0.852
-0.117
0.400
-0.175
-0.044
0.044
-0.012
0.004
0.018
0.073
-0.043
-0.172
-1.280
0.248
-0.660
-0.548
-0.126
-1.046
0.050
0.117
-0.062
-0.303
0.664
-0.047
-0.101
-1.150
-2.500
0.091
-0.589
-0.290
-0.015
-0.183
0.117
-0.647
0.094
0.122
-0.595
0.136
0.000
-0.389
0.117
0.117
-0.470
0.117
-0.164
0.117
0.421
-0.172
0.117
0.117
0.163
1.592
0.034
0.375
-0.689
0.117
0.117
0.290
-0.499
0.117
-0.379
0.109
-0.502
-0.204
0.644
0.117
0.117
0.117
0.062
-1.952
0.082
-0.100
0.020
-2.190
0.093
0.841
-0.035
-0.056
0.083
0.058
0.049
0.117
0.116
-0.011
0.169
0.117
0.071
0.112
0.028
0.121
0.117
0.117
2.002
2.010
1.858
1.720
0.081
0.094
0.117
0.261
0.659
0.690
-0.026
-0.578
0.092
0.078
-0.025
0.117
1.085
0.975
0.199
-0.629
-0.164
-1.853
0.160
0.642
0.117
0.355
0.979
-0.191
0.269
0.072
-3.289
-2.985
-4.923
-0.641
-2.856
