0.735
0.588
0.029
0.041
0.281
-3.564
0.029
-0.877
-2.004
-0.199
0.107
-4.143
-1.228
-0.118
-0.175
-2.740
-0.048
-1.397
-0.700
-0.049
-0.111
-0.047
0.694
-0.735
0.139
-0.057
0.029
-0.405
0.029
0.261
-0.398
-2.452
0.547
-0.059
0.029
-0.486
-0.062
-1.900
-0.256
-1.171
-0.261
-0.999
-0.134
-0.370
-0.005
-0.540
0.157
0.029
-0.966
-0.613
-2.215
-0.999
-1.893
-1.786
0.827
0.022
-3.090
0.029
0.014
0.172
-3.568
-1.483
-1.679
-0.191
-0.183
0.631
0.766
-1.221
0.029
0.029
0.029
0.029
0.029
0.029
0.029
0.029
0.029
0.029
0.029
0.030
-3.409
0.029
0.183
-2.162
0.093
-5.463
-2.809
-0.224
0.034
0.398
0.066
-0.385
0.253
-0.289
-5.255
0.078
0.511
-0.378
-3.360
-1.782
-0.950
0.004
-3.981
-0.099
-2.598
-1.240
-0.530
-1.227
-2.210
-0.251
0.018
0.041
0.430
1.382
0.065
0.105
-4.738
0.071
-1.918
-1.207
-2.788
-2.842
-1.661
-0.691
-0.353
-0.396
-2.207
-0.249
-0.188
-0.684
0.029
-0.653
0.293
-1.367
0.020
-0.039
-1.153
0.323
0.633
1.939
-2.085
0.005
0.029
-0.312
0.080
-1.094
3.219
2.376
0.223
-0.764
-0.742
0.263
0.119
-1.576
-0.348
-3.343
0.043
-0.306
-0.487
-1.468
-0.262
0.029
1.186
0.020
0.946
-4.271
-1.928
-1.427
-2.886
-2.834
-0.612
-0.042
-0.641
-0.004
-0.026
-0.266
-0.656
-0.619
-0.257
-0.031
0.012
-2.346
-1.028
0.006
-0.102
1.831
0.047
-4.077
-2.857
-1.717
-3.960
-3.139
-1.306
-0.158
-0.583
-0.261
-0.351
0.060
0.029
0.029
0.029
0.029
-0.016
-0.288
0.029
-0.218
0.009
-2.633
-0.535
0.029
-1.266
-1.630
-2.913
-0.560
-3.149
-0.547
0.029
0.026
-0.223
0.261
0.102
0.186
0.000
0.097
0.203
0.283
0.444
-2.606
0.660
-2.151
-1.527
-0.257
0.249
0.056
-1.868
-1.472
-2.396
0.133
-0.345
0.029
-2.501
-0.621
-0.441
-0.725
-0.674
0.424
0.270
0.257
0.029
0.053
0.117
-1.739
-0.119
-0.249
-0.926
0.029
0.029
-0.086
-0.059
-0.163
-0.075
0.096
-0.035
0.317
-0.057
0.385
0.068
-0.101
-0.046
0.273
0.112
-0.123
-0.113
0.029
-0.239
-0.094
-0.251
-0.021
0.005
0.029
0.029
0.004
0.029
0.029
-3.970
-0.022
0.299
0.303
-0.772
0.025
-0.307
1.433
-0.065
0.029
0.029
0.011
0.029
-0.356
0.029
0.029
0.029
0.010
0.035
-0.040
0.029
0.029
0.028
3.772
0.582
1.861
0.386
0.020
1.144
-0.197
0.352
0.716
-0.715
-0.176
0.029
-0.245
-0.026
-0.021
-0.134
0.228
-0.272
-0.096
-0.069
-1.471
-0.987
0.029
-0.016
-0.221
0.021
1.067
1.278
0.029
0.029
-3.002
-4.359
-5.203
-0.034
-2.949
