-0.110
-0.113
-1.168
-0.490
-1.837
3.526
0.214
-0.106
3.040
0.793
-0.104
3.315
1.377
-0.169
-1.025
2.045
0.603
-0.541
0.112
-0.081
-0.208
0.204
-1.376
0.234
-0.287
-0.028
-0.435
0.468
-0.132
-0.137
-0.048
2.560
-1.020
-0.225
-0.478
-0.054
0.059
0.380
-0.113
0.061
0.223
0.038
-0.113
-0.113
-0.050
0.395
-0.503
0.046
0.390
0.781
0.652
0.694
0.554
-0.073
0.538
0.042
2.545
-0.113
-0.113
-0.113
2.640
1.100
2.089
0.055
-0.113
-0.165
-0.069
0.119
0.196
-0.515
0.206
-0.070
-0.137
0.016
-0.204
0.003
-1.303
0.040
-0.110
-0.386
2.880
0.179
-0.250
1.241
0.386
3.913
2.575
0.288
0.034
0.399
0.242
0.096
-0.080
0.215
3.417
-0.271
-0.118
0.335
2.246
0.917
0.231
-0.226
1.850
-0.092
0.909
0.215
-0.298
0.064
1.568
-0.036
-0.204
-0.161
-0.094
-0.808
-0.251
-0.079
3.049
-0.751
0.803
0.211
1.228
3.771
0.921
0.888
0.163
0.286
1.977
-0.076
0.646
-0.113
-0.562
-0.026
-0.184
-0.161
-0.116
-0.113
1.167
-0.190
-0.139
-1.425
1.654
-0.012
-0.507
-0.077
-0.803
1.136
-2.825
-1.573
-0.125
-0.972
0.148
-0.268
-0.103
0.744
-0.034
2.730
-1.454
0.209
-0.134
0.407
0.135
-0.113
-0.967
0.309
-0.368
2.440
0.314
0.540
1.532
0.698
0.547
-0.138
0.037
0.771
0.088
0.039
0.815
1.052
0.206
0.807
-0.029
2.574
0.648
0.001
-0.116
-0.772
-0.415
2.360
2.337
1.279
3.703
3.312
0.689
-0.714
0.146
0.859
1.315
0.080
0.115
0.092
-0.054
0.028
0.470
0.423
-0.785
0.674
-0.056
1.523
0.342
-0.359
0.980
0.913
1.346
-0.013
1.429
0.306
0.808
0.319
-0.223
-0.320
-0.118
-0.122
0.311
-0.113
-0.409
-0.320
-1.068
0.214
-0.229
1.781
1.169
-0.136
-0.054
-0.050
0.614
-0.240
1.332
-0.012
-0.099
-0.113
0.893
-0.048
0.674
-0.086
-0.268
-0.056
-0.068
-0.067
0.062
-0.340
-0.456
1.715
0.212
-0.007
0.477
-0.377
-0.564
0.592
-0.504
-0.390
-0.132
-0.501
0.087
-0.307
-0.143
-0.860
-0.258
0.165
-0.036
0.039
0.276
-0.133
-0.035
-0.113
-0.289
0.016
0.038
0.082
-0.113
-0.007
-0.201
-0.096
-0.044
0.034
1.854
-0.070
0.022
0.092
0.305
-0.005
-0.019
-0.758
-0.166
-0.259
-0.971
-0.292
-0.699
0.245
-0.025
-0.613
-0.367
-0.274
-0.233
-0.271
-0.411
-0.111
-0.117
-5.010
-1.417
-1.588
-1.152
-0.071
-0.043
-0.095
-0.470
-0.488
1.804
0.036
0.014
-0.113
-0.024
-0.070
0.066
-1.712
-0.762
0.380
-1.014
0.242
1.629
-0.149
-0.113
-0.011
-0.285
-0.356
0.282
-0.266
-0.113
2.302
2.889
2.716
0.653
1.610
