-0.231
-1.203
-1.247
-0.122
0.635
2.155
0.383
0.608
1.936
0.659
-0.083
2.701
0.800
0.411
0.005
1.994
0.705
0.961
0.192
0.355
-0.254
-0.351
-1.723
0.646
-0.264
0.375
-0.657
0.441
-0.215
-0.012
-0.110
0.719
-0.471
0.141
-0.305
-0.036
0.508
0.401
-0.016
0.478
0.272
0.334
0.318
0.200
0.533
0.562
-0.044
0.001
0.694
0.533
1.347
-0.038
2.647
1.865
0.602
0.249
2.199
-0.639
0.210
-0.474
2.630
1.078
1.710
-0.131
-0.138
-0.137
-0.115
0.669
-0.011
-0.427
-0.332
-0.186
-0.182
-0.284
-0.095
-0.002
-1.412
-0.257
-0.217
-0.281
2.114
0.381
-0.202
2.144
0.484
2.802
1.784
0.333
0.168
0.153
0.337
0.301
0.161
0.028
3.322
0.114
-0.078
-0.007
2.777
1.359
0.062
-0.196
2.399
0.303
1.201
0.452
-0.247
0.244
1.756
0.306
-0.076
0.029
-0.257
-1.862
-0.148
-0.176
3.051
-0.788
0.496
0.760
1.830
2.664
1.300
0.443
0.193
1.065
1.123
0.022
-0.174
1.138
-0.742
0.853
-0.184
1.398
0.091
0.032
1.235
0.072
-0.109
-2.389
1.627
0.602
-0.006
-0.045
-0.331
0.280
-2.492
-1.641
-0.174
-0.788
0.300
-0.222
-0.267
1.555
0.793
2.643
-0.943
-0.226
0.446
1.176
0.560
0.435
-1.116
0.505
-0.678
3.483
1.035
0.606
1.253
1.520
0.229
0.078
0.153
-0.143
0.264
0.245
-0.055
0.003
-0.084
-0.195
-0.039
1.713
0.706
-0.175
-0.035
-0.490
-0.027
2.550
1.940
0.888
1.808
3.145
0.658
0.351
0.064
0.337
0.343
-0.135
-0.006
0.008
0.012
-0.004
0.329
0.246
0.116
0.283
-0.102
1.935
0.840
-0.140
0.816
1.140
0.814
0.227
2.510
0.976
0.164
0.210
-0.055
-0.087
0.024
0.068
0.206
0.181
-0.048
-0.055
-0.045
0.595
-0.385
1.132
0.666
0.187
-0.043
-0.089
0.498
-0.474
0.719
-0.720
-0.086
0.161
1.216
1.485
0.559
0.507
1.284
-0.516
-0.219
-0.569
0.035
-0.423
-0.593
0.728
0.404
0.984
1.538
-0.219
-0.266
0.640
0.386
0.774
0.988
-0.063
0.968
-0.257
0.802
-0.654
-0.321
0.467
-0.082
0.044
-0.310
-0.184
-0.078
-0.046
-0.156
0.341
0.162
0.157
0.021
-0.233
-0.052
0.023
-0.203
0.085
2.209
-0.074
-0.073
-0.203
0.744
0.398
-0.272
0.210
-0.070
-0.232
-0.138
-0.295
-0.317
-0.176
-0.178
-0.464
-0.353
0.154
-0.598
-0.047
-0.161
0.150
-0.159
-2.828
-2.663
-2.351
-1.928
-0.304
-0.438
-0.054
-0.988
-0.725
-0.181
0.118
0.134
0.058
0.401
0.570
0.141
-1.395
-0.525
0.123
0.242
0.534
1.119
0.141
0.062
0.199
-0.016
-0.800
-0.118
0.261
0.056
1.528
2.023
2.538
1.376
2.036
