-0.361
-0.340
-0.362
0.694
-0.004
3.127
-0.063
0.090
1.806
0.625
0.036
4.633
1.137
0.231
-0.197
1.499
1.510
-0.052
0.443
0.371
-0.106
-0.982
-0.753
-0.162
-0.448
0.443
0.043
0.323
-0.169
-0.053
-0.117
2.396
-0.522
0.315
-0.003
0.148
0.073
0.525
0.171
1.452
-0.178
1.014
0.939
0.020
-0.093
-0.093
-0.645
0.056
0.059
-0.166
1.022
-0.059
1.949
0.140
1.009
-0.051
1.989
-1.206
-0.074
-0.767
2.855
1.509
0.268
-0.100
0.043
-0.420
1.193
0.869
-0.717
-0.009
-0.199
-0.290
0.143
-0.308
-0.093
0.251
-0.764
-0.151
-0.230
-0.220
1.526
-0.554
-0.264
1.945
0.422
2.295
1.786
-0.045
-0.439
-0.089
-0.236
-0.118
-0.027
0.539
3.359
-0.466
-0.433
0.135
2.382
0.691
-0.112
-0.052
4.274
1.317
1.148
1.335
-0.002
-0.079
1.562
0.487
0.498
-0.093
0.472
-2.053
0.373
-0.490
3.629
-1.942
-0.125
1.941
1.991
1.510
1.540
0.486
0.142
0.851
0.992
-0.298
-0.223
0.646
-0.715
-0.192
-0.148
0.040
0.034
0.041
1.747
-1.478
0.387
-2.109
3.733
0.577
0.877
0.822
0.608
0.970
-2.842
-1.884
0.054
-0.585
-0.348
-0.184
-0.093
1.071
0.889
0.056
-1.624
0.681
-0.186
0.907
0.025
0.121
-1.808
0.156
-0.952
3.814
1.035
0.774
2.023
0.337
0.631
-0.019
0.730
0.171
0.350
0.232
0.396
-0.048
0.006
0.237
-0.181
1.756
0.669
0.214
0.032
-1.048
-0.434
2.500
0.368
0.036
3.293
3.086
1.173
-0.424
0.479
-0.093
-0.093
-0.093
-0.159
-0.066
-0.099
0.303
-0.190
-0.120
-0.093
-0.093
-0.095
2.385
0.923
-0.093
0.842
1.898
1.949
-0.183
2.644
0.718
0.272
0.109
-0.112
-0.476
-0.003
0.059
0.227
0.227
-0.194
-0.052
-0.520
0.115
1.378
1.054
0.903
0.407
-0.024
-0.027
0.601
0.268
0.474
-0.635
-0.116
0.235
1.278
0.423
0.943
0.078
0.710
1.473
-0.108
-0.158
-0.188
0.063
-1.472
0.446
-0.156
-0.071
0.274
-0.143
-0.093
-0.473
-0.093
-0.090
-0.041
-0.096
-0.089
-0.093
-0.058
-0.839
-0.399
-0.093
-0.101
-0.293
-0.058
-0.187
-0.038
-0.273
-0.360
0.181
0.505
0.677
0.193
-0.286
-0.225
0.395
-0.255
0.209
1.820
0.482
-0.034
-0.043
0.595
0.254
0.124
-0.093
0.031
-0.091
-0.078
-0.248
-0.083
-0.112
0.259
-0.174
-0.497
-0.011
-0.064
0.159
-0.162
-0.096
0.051
-2.140
-0.320
-0.305
-0.150
-0.084
-0.296
-0.050
-0.138
-0.389
0.158
0.226
1.009
0.001
-0.013
-0.097
-0.044
-0.632
-0.139
0.415
-0.093
0.105
0.925
-0.254
-0.093
1.470
-0.191
-0.242
0.046
0.190
0.454
2.174
5.093
1.881
-0.273
1.086
