-0.871
-0.843
-0.467
-0.233
-0.594
1.800
-0.319
0.605
0.838
-0.191
-0.089
3.775
0.676
-0.092
-0.207
2.013
0.361
-0.034
0.455
-0.387
0.076
-0.064
-0.267
-0.177
-0.054
1.227
-0.259
1.799
0.558
-0.184
-0.084
1.179
-1.609
-0.129
-0.164
0.260
0.511
0.494
0.508
-0.024
-0.025
0.360
0.254
0.035
-0.061
-0.111
-1.023
-0.300
0.291
1.056
1.470
-0.676
1.919
2.021
2.319
0.046
3.798
-1.319
0.064
-0.936
2.109
0.330
4.078
-0.142
-0.510
0.172
0.393
0.716
0.416
-0.426
-0.786
-1.009
-0.468
0.070
-0.376
-0.376
-0.551
-0.181
-0.153
-0.230
3.124
0.201
-0.021
0.956
-0.157
2.835
0.654
-0.029
0.109
-0.172
-0.096
0.184
-0.497
-0.319
1.547
-0.092
0.321
0.994
2.447
0.429
0.063
-0.071
4.202
0.353
1.815
0.102
-0.144
0.325
2.322
0.548
-0.034
-0.122
-0.140
-2.041
-0.270
-0.308
4.871
-0.035
0.921
1.765
2.488
1.998
0.649
-0.023
0.087
-0.466
1.175
-0.234
-0.180
-0.133
-0.513
0.513
-0.285
0.208
-0.076
-0.055
1.456
0.016
0.087
-2.096
1.946
0.546
-0.897
-0.245
-0.475
0.737
-2.641
-2.731
-0.144
-1.091
-0.104
-0.117
0.465
0.637
0.255
2.307
-0.471
0.439
-0.006
0.259
0.616
0.625
-1.425
0.933
-1.148
2.287
0.102
0.528
0.942
0.240
0.848
-0.533
0.933
-0.052
0.282
0.930
-0.671
0.409
0.300
0.200
0.452
0.997
0.182
-0.022
-0.092
-0.830
0.067
2.556
0.764
0.487
2.711
1.763
0.844
-0.537
0.709
0.305
0.515
-0.877
-1.188
-0.624
-0.298
-0.259
-0.005
-0.082
-0.281
0.107
-0.294
1.653
0.089
-1.343
0.211
1.712
0.038
0.238
3.369
1.507
0.780
0.263
-0.050
-0.406
-0.109
-0.326
0.536
-0.092
-0.341
0.007
-0.351
2.081
-0.394
0.440
0.597
0.350
-0.432
0.039
-0.063
-0.297
0.289
-0.079
-0.113
0.112
1.068
-0.092
0.688
0.193
0.542
-0.599
-0.092
-0.680
-0.525
-0.443
-2.056
0.372
-0.007
0.063
0.228
-0.102
-0.100
-0.092
-0.001
0.113
-0.084
-0.099
0.134
-0.497
-0.030
-0.423
-0.023
0.445
-0.071
-0.193
-0.049
0.038
-0.131
-0.092
0.137
-0.070
1.022
0.919
0.606
-0.193
-0.235
0.700
0.245
0.689
1.421
-0.092
0.560
0.713
0.459
1.395
-0.230
0.466
0.242
0.118
0.180
-0.327
0.883
-0.696
-0.081
-0.055
-0.461
0.302
-2.416
0.071
-0.020
-0.246
-0.011
-2.517
-1.177
-1.568
-1.589
-0.092
-0.311
0.105
-0.294
-0.481
-0.217
0.064
0.192
-0.065
0.133
0.081
-0.108
-2.236
-1.322
0.274
-0.169
-0.021
0.634
-0.092
0.013
0.226
-0.042
-0.931
-0.108
0.030
0.230
5.032
3.005
2.200
0.419
1.622
