-1.478
-1.765
-0.792
1.511
-0.063
2.284
0.117
0.318
2.695
1.259
0.075
2.237
0.643
-0.636
-0.371
1.631
0.164
-0.840
-0.006
-0.590
0.241
-0.828
-2.272
0.576
0.370
0.550
-1.584
1.058
-0.325
-0.055
0.606
0.839
-1.317
0.124
-0.265
0.253
-0.693
0.362
0.123
0.394
1.444
1.036
-0.540
0.172
0.101
0.257
-0.130
0.283
0.100
0.246
0.338
0.906
0.542
-0.231
1.182
0.806
1.935
-0.398
0.264
-0.703
2.453
1.778
0.819
0.214
0.069
-0.111
0.957
0.105
0.045
-0.109
-0.130
-0.037
0.107
0.021
-0.067
-0.012
-0.964
0.005
-0.004
-0.055
1.052
0.531
-0.064
1.240
0.449
1.568
0.746
0.124
-0.318
-0.011
-0.005
0.079
0.074
0.484
0.277
0.021
0.164
0.223
2.572
-0.433
0.704
-0.188
1.782
0.282
0.829
0.733
0.711
0.511
1.262
0.574
-0.151
0.045
0.412
-2.540
0.335
-0.796
3.263
-0.513
0.552
0.465
0.999
3.166
0.763
0.445
0.876
0.206
0.182
-0.243
0.079
0.702
-1.000
0.077
0.061
0.289
0.061
0.094
0.908
0.189
0.264
-2.836
3.020
0.195
0.398
0.129
-1.226
0.597
-4.007
-2.733
-0.166
0.535
0.878
-2.337
-0.062
2.214
2.214
2.565
-1.103
0.247
0.021
2.190
1.070
1.252
-1.621
1.584
-0.803
3.841
1.876
2.067
1.396
2.225
1.141
0.873
1.204
0.673
0.271
0.504
0.138
0.370
0.694
0.891
0.188
0.939
0.661
0.360
0.401
-1.047
0.415
2.879
1.325
0.489
3.282
3.448
0.678
0.220
0.544
-0.029
-0.064
-0.093
-0.202
-0.084
0.025
0.008
-0.306
-0.085
-0.150
-0.088
0.255
2.150
1.118
-0.923
0.049
0.540
0.950
1.148
1.429
0.556
0.140
0.045
0.384
-0.807
0.095
-0.137
0.295
-0.174
0.065
-0.214
-1.703
0.363
0.773
1.383
1.050
1.348
0.034
-0.316
0.904
0.623
0.951
-0.671
0.050
1.201
2.062
0.606
0.817
1.158
0.162
-0.413
0.268
-0.065
0.263
0.770
-0.173
0.183
1.274
0.571
0.693
0.246
0.407
0.676
0.531
0.431
0.522
0.089
0.607
-0.368
0.499
-0.938
-0.954
0.243
0.206
0.130
1.556
0.477
0.013
0.058
0.170
0.699
1.279
0.253
1.741
0.120
-0.126
0.902
0.362
-1.172
2.702
-0.719
0.142
-0.361
1.966
1.446
1.839
-0.321
0.076
-0.115
-0.292
-0.104
-0.836
0.225
0.208
-0.184
-0.360
0.052
-1.693
0.065
0.024
0.196
0.407
-1.968
-1.942
-2.369
-1.294
0.015
-0.759
0.040
-1.199
0.176
0.272
0.138
-1.470
0.004
-0.042
-0.054
-0.066
-0.367
0.098
0.548
-0.475
0.094
1.387
0.271
0.473
-0.279
0.053
-1.236
-0.405
0.027
0.452
1.778
2.748
2.616
-0.462
0.938
