-0.064
-0.151
-0.265
-0.057
-0.205
-1.857
0.024
-0.462
-1.632
-0.770
-0.010
-2.346
-0.814
-0.106
0.000
-1.878
-0.477
-0.736
0.029
-0.127
0.072
0.051
1.275
-0.514
-0.117
0.080
0.207
-0.070
-0.035
-0.006
-1.011
-0.885
0.217
-0.029
0.568
-0.058
-0.247
-0.482
-0.383
-0.576
-0.463
-0.372
-0.957
-0.151
-0.197
-0.063
0.410
0.057
-0.390
-0.044
-0.725
-0.074
-1.649
-1.463
-0.763
-0.651
-1.676
0.167
-0.996
0.188
-1.937
-0.774
-1.565
0.085
0.195
-0.383
-0.168
-0.264
-0.125
0.421
0.319
0.142
0.080
-0.131
0.251
0.076
-0.052
0.264
0.058
0.087
-1.024
-0.122
0.080
-1.395
-0.483
-1.585
-1.075
-0.381
-0.409
-0.176
-0.346
-0.295
0.436
-0.271
-1.814
0.497
0.079
-0.384
-1.854
-0.726
-0.091
0.295
-2.606
-0.270
-1.039
-0.333
-0.044
-0.267
-2.124
0.071
-0.162
0.275
0.197
1.824
-0.068
0.301
-2.805
0.661
-0.012
-0.619
-1.123
-2.165
-0.994
-0.245
-0.187
-0.610
-1.108
-0.122
-0.251
-0.292
0.458
-0.324
0.202
-0.884
-0.124
-0.178
-0.936
-0.152
-0.549
0.080
-1.768
-0.528
0.167
-0.284
0.534
-0.662
2.156
1.502
-0.028
0.668
-0.361
0.191
0.384
-0.723
0.995
-1.838
1.015
0.232
-0.165
-0.666
-0.168
0.046
0.974
-0.176
0.457
-2.399
-0.020
-0.497
-1.050
-0.199
-0.228
-0.147
-0.302
0.092
-0.287
-0.278
-0.102
-0.120
0.039
0.047
-0.053
-1.218
-0.442
-0.125
0.079
0.844
0.080
-2.050
-1.401
-0.594
-1.773
-3.080
-0.576
-0.357
-0.479
-0.123
-0.227
0.171
0.090
0.080
0.081
0.080
-0.090
-0.117
0.688
-0.135
0.048
-1.886
-0.770
0.814
-0.654
-0.879
-0.341
-0.672
-1.599
-0.712
0.182
-0.428
0.130
0.481
0.149
0.302
-0.124
-0.032
0.249
0.247
0.320
-0.243
-0.063
-0.562
-0.668
0.023
0.137
0.019
-0.115
0.028
-0.292
0.109
0.063
-0.041
-0.349
-0.768
-0.453
-0.346
-1.124
0.094
0.080
0.381
0.420
0.623
0.399
-0.694
-0.075
0.128
-0.466
0.515
0.746
0.424
-0.084
-0.453
0.098
0.516
-0.024
0.498
0.348
0.441
0.060
-0.112
0.080
-0.061
-0.232
-0.190
-0.134
0.156
0.024
-0.161
-0.326
-0.388
-0.188
0.243
0.080
-0.350
0.010
-0.213
-2.402
-0.088
0.007
0.061
0.254
-0.015
0.626
0.718
-0.044
0.080
0.051
-0.018
0.041
-0.281
0.010
0.080
-0.002
-0.079
0.052
0.051
0.080
-0.146
-0.051
2.736
1.604
1.922
1.065
0.128
0.221
-0.286
0.350
0.417
0.257
-0.293
-0.492
-0.262
0.023
-0.153
-0.142
1.725
0.441
-0.191
0.269
-0.430
-1.070
-0.286
0.229
-0.165
0.008
0.600
0.305
0.239
0.066
-1.144
-2.416
-1.793
-0.805
-1.140
