0.848
1.065
2.430
0.351
0.565
-2.030
0.021
-0.557
-2.999
-1.363
-0.117
-4.323
-1.542
0.238
0.406
-1.160
-0.477
-0.006
-0.038
0.005
-0.126
2.440
0.712
-1.236
-0.250
-2.086
0.321
-2.059
-0.411
-0.114
-1.571
-3.038
0.996
-1.953
-1.393
-3.587
0.502
-0.814
-0.516
0.152
0.034
-0.437
0.854
0.082
-0.289
-0.317
0.109
-0.094
-0.369
-1.404
0.228
-0.804
-1.387
0.195
-1.268
-0.094
-3.256
0.756
0.567
0.298
-2.449
-0.837
-0.633
0.183
0.091
1.000
-0.433
-1.302
-0.350
0.291
0.064
-0.181
-0.523
0.052
-0.079
-0.021
1.104
0.066
0.173
0.190
-2.386
-0.365
0.565
-1.165
-0.880
-3.411
-1.263
0.260
0.025
0.777
0.565
0.071
0.510
0.455
-0.621
0.544
0.189
0.039
-2.490
-0.757
-0.231
-0.046
-2.246
0.300
-1.289
-0.686
-0.589
-0.208
-1.869
-0.109
0.179
0.084
-0.390
1.768
-1.165
0.808
-2.238
0.720
0.074
-0.646
-0.287
-1.707
-1.342
-0.476
-0.293
-0.895
-2.576
0.837
-2.422
-3.163
1.542
0.056
0.915
0.255
-0.702
-0.615
-1.427
0.403
0.089
0.834
-3.754
-1.161
0.157
-0.144
0.037
-0.916
4.334
3.281
-1.302
0.676
-0.555
0.068
0.048
-2.213
-0.408
-1.813
1.751
0.120
-0.201
-0.996
-0.628
-0.299
1.540
0.129
0.927
-2.089
0.197
0.372
-0.306
-0.411
-0.545
-0.563
-0.244
0.148
-0.328
0.065
-0.101
0.364
-0.156
0.319
-0.334
-2.491
-1.408
0.368
-0.288
0.207
1.203
-2.067
-1.049
-0.249
-1.812
-1.781
-0.311
-0.170
-0.249
-0.136
-0.101
0.060
0.054
0.042
-0.050
0.124
-0.150
0.038
0.015
-0.073
0.547
-1.316
0.099
0.070
0.124
-2.068
-0.097
0.177
-3.068
-0.873
-0.052
-0.152
-0.344
0.653
0.245
0.564
0.176
0.143
1.044
0.354
0.291
-1.161
0.400
-1.648
-1.239
0.361
-0.380
-0.646
-0.431
-0.384
-0.697
0.936
0.026
-1.463
-2.589
-3.072
-0.171
-1.811
0.011
0.165
0.254
-0.802
0.076
-0.684
0.854
-0.908
-1.246
0.000
-1.702
0.217
0.017
-0.059
0.192
0.120
-0.026
-0.032
0.011
0.209
-0.212
0.070
0.884
-1.291
-0.220
-1.418
-0.294
0.536
-0.138
0.104
0.547
-0.648
-1.516
-0.448
-1.870
0.048
-0.706
-1.445
-1.099
-0.610
-2.632
0.473
0.385
-0.220
-0.465
0.262
0.055
-1.002
-0.252
-0.178
-0.269
0.057
-0.026
-1.549
-0.757
-0.357
0.288
-0.792
0.696
-0.302
-0.709
0.095
-0.076
2.174
1.433
2.052
1.079
0.069
0.667
-0.194
1.257
1.455
1.571
-0.905
-0.943
-0.073
-0.120
0.070
-0.081
0.743
0.459
-1.840
-0.001
-0.484
-0.848
-0.073
-0.521
0.461
-0.839
0.957
0.317
0.070
0.060
-4.194
-1.581
-0.718
0.360
-1.839
