-0.793
-0.551
-0.000
0.058
-0.027
1.920
0.058
-0.252
1.049
0.100
0.042
2.677
0.501
0.031
-0.194
2.591
0.291
0.083
0.078
0.058
-0.963
-0.741
-0.730
0.761
-0.174
-0.018
-0.718
-0.024
-0.171
0.147
0.016
0.292
0.002
-0.680
-1.254
-1.013
0.346
0.125
0.056
0.095
1.169
0.887
0.329
0.455
0.436
0.137
-0.233
-0.512
0.181
0.369
1.184
0.448
1.101
1.320
0.239
0.203
1.418
-0.283
0.136
-0.277
2.688
1.313
1.403
-0.093
0.052
-0.072
-0.137
0.294
0.013
-0.385
-0.396
-0.044
0.038
0.353
0.012
0.008
-0.588
-0.002
0.058
-0.052
1.565
-0.084
-0.383
1.063
0.419
2.100
0.706
0.030
0.058
0.093
0.058
0.058
0.024
0.019
3.371
0.058
0.129
0.064
2.072
0.985
-0.462
0.058
1.316
-0.417
0.981
0.500
-0.195
-0.149
1.906
-0.103
0.087
0.429
0.770
-0.719
0.261
-0.042
2.742
-1.356
0.240
0.408
1.536
2.766
1.404
0.355
-0.401
1.111
1.065
-0.436
0.126
0.712
-0.401
0.379
-0.145
0.945
0.091
0.117
0.631
0.279
-0.102
-2.410
2.305
-0.043
-0.065
0.326
-0.202
0.096
-2.609
-1.230
-0.023
-1.444
0.202
0.372
-0.113
0.673
-0.410
2.290
-0.645
0.073
0.034
0.512
0.281
0.165
-0.400
0.234
-0.045
2.032
1.476
0.660
1.968
2.021
0.122
0.209
0.076
0.058
0.093
0.147
0.073
0.058
0.050
-0.032
0.140
0.762
0.290
-0.115
0.039
-0.256
0.047
1.912
1.625
0.543
2.111
0.653
0.788
0.109
0.975
0.189
0.310
-0.443
-0.293
-0.036
0.119
0.110
0.176
0.100
0.066
0.206
0.071
1.826
0.469
-1.136
0.870
0.438
0.118
0.101
3.216
1.083
-0.016
0.096
-0.023
0.023
-0.006
-0.157
0.048
0.070
-0.104
-0.002
0.096
0.156
0.047
0.734
0.225
0.428
0.039
-0.208
0.430
-0.048
0.929
-0.798
0.370
0.082
0.058
0.450
0.770
0.561
0.333
-0.896
0.056
0.669
0.043
-0.356
-0.964
0.173
0.073
0.224
1.098
0.058
-0.138
0.058
0.356
0.449
0.421
0.027
0.201
0.020
0.115
0.004
-0.227
0.152
0.051
1.267
0.066
-0.025
-0.086
0.241
0.165
0.241
0.115
0.259
0.161
0.034
0.058
0.065
0.058
0.053
1.762
0.085
-0.135
0.104
-0.734
0.058
0.143
0.087
0.258
0.184
0.200
0.075
0.057
0.468
0.234
0.018
-0.025
0.167
0.053
0.197
0.068
0.100
-0.014
-3.629
-2.358
-2.372
-1.921
0.611
0.534
0.108
-1.141
-0.901
-0.054
0.058
0.150
0.059
0.235
0.345
0.264
-2.162
-0.026
0.047
-0.148
0.110
0.573
0.080
-0.115
-0.105
0.091
-0.563
-0.515
0.044
0.057
1.244
2.454
2.873
1.367
0.838
