-0.513
-0.615
-0.884
-0.145
0.533
2.938
0.152
0.925
1.878
0.496
-0.062
3.253
0.516
0.173
-0.192
2.255
0.659
0.242
0.290
0.416
0.121
0.068
-1.509
1.554
-0.134
0.076
-0.226
0.202
-0.079
0.062
0.143
0.987
0.108
0.078
-0.733
-0.069
0.621
0.756
0.424
0.709
-0.026
0.442
0.408
0.086
0.492
0.369
-0.281
-0.445
0.666
0.553
0.540
-0.012
2.276
1.503
0.678
0.568
2.385
-0.249
0.298
-1.763
2.615
1.178
2.034
0.061
-0.276
-0.114
0.122
0.670
0.108
-0.275
-0.321
-0.085
0.008
0.153
-0.445
0.355
-0.449
0.157
0.051
0.012
2.570
0.277
-0.086
2.013
0.402
2.224
1.528
0.246
0.239
0.112
0.260
0.213
-0.104
0.178
3.413
-0.039
-0.193
0.198
2.923
1.502
0.643
-0.229
3.968
0.156
1.098
0.384
0.031
0.415
2.679
0.090
0.112
0.058
-0.052
-1.088
0.046
0.214
3.010
-0.448
0.316
0.993
1.695
2.268
1.435
0.682
-0.009
1.809
1.135
0.138
0.240
0.761
-1.134
0.598
-0.113
0.984
0.188
0.228
1.293
0.132
0.039
-2.113
2.190
0.656
0.031
0.199
-0.324
0.811
-3.646
-1.241
-0.283
0.036
0.184
-0.132
-0.344
0.956
0.031
2.512
-0.302
0.619
0.214
0.965
0.332
0.435
-0.631
0.390
-0.350
4.132
0.855
0.528
1.835
1.407
0.349
0.157
0.220
-0.353
0.279
0.284
0.029
0.053
0.334
-0.521
-0.073
2.543
1.007
-0.037
-0.030
-0.641
0.044
2.481
1.949
0.828
1.855
1.968
0.653
0.963
1.241
0.482
0.347
-0.061
0.056
0.096
-0.010
0.054
0.290
0.421
0.078
0.369
0.057
1.718
0.306
-0.208
0.781
1.342
0.667
0.154
3.309
1.084
0.283
0.588
0.488
-0.392
-0.019
-0.213
0.209
0.109
-0.534
-0.150
-0.040
0.416
0.471
1.315
0.587
0.300
0.014
-0.843
0.520
0.271
0.572
-0.966
-0.036
0.251
0.137
1.355
0.422
0.218
0.436
-0.061
0.052
0.173
0.078
-1.090
-0.247
0.992
0.440
0.133
0.305
-0.040
-0.249
-1.153
0.689
-0.323
0.091
-0.025
0.465
-0.825
-0.146
-0.841
0.204
0.049
0.048
0.067
0.120
0.039
0.114
0.018
0.218
0.778
0.117
0.485
0.214
-0.025
0.044
0.078
0.078
0.068
2.617
0.123
0.055
0.684
0.046
0.549
-0.299
-0.187
-0.028
-0.163
-0.073
0.002
-0.087
-0.131
0.042
-0.055
-0.302
0.060
0.054
0.035
-0.011
0.264
0.255
-3.446
-2.182
-2.119
-1.951
-0.876
-1.049
0.357
0.007
-0.938
0.912
0.235
0.170
0.183
0.184
0.443
0.109
-0.510
-0.150
0.166
0.103
0.514
1.220
0.456
0.587
0.251
0.092
-0.278
-0.121
0.595
0.319
1.783
2.788
2.227
1.127
2.269
