0.960
1.159
-0.037
-0.147
-0.405
-2.735
-0.031
-0.188
-2.069
-0.350
-0.001
-3.462
-0.369
0.338
0.005
-2.552
-0.703
-0.625
0.135
0.130
0.680
0.924
1.528
-0.506
0.534
-0.145
0.884
-1.170
0.290
0.577
-0.189
-0.937
0.927
0.905
0.891
0.234
-0.345
-0.259
-0.261
-0.387
-0.440
-0.465
-0.604
-0.192
-0.218
-0.090
0.523
0.191
-1.329
-0.393
-1.371
-0.026
-2.103
-2.027
-0.130
0.029
-2.578
0.911
-0.127
0.741
-2.913
-0.656
-2.877
0.056
0.154
0.128
0.085
-1.038
-0.124
0.592
0.759
0.353
-0.328
0.322
0.191
-0.040
0.837
0.598
0.234
0.421
-3.156
-0.217
0.204
-2.507
-0.282
-1.856
-1.620
-0.257
0.087
-0.310
-0.121
-0.174
0.274
-0.199
-3.601
0.465
0.572
-0.510
-3.981
-1.331
0.155
0.181
-3.184
0.264
-1.617
-0.704
0.141
-0.007
-2.770
0.339
-0.176
0.137
0.085
2.449
0.058
0.309
-4.175
0.293
-0.598
-0.558
-1.870
-3.093
-1.453
-0.429
0.008
-1.348
-1.103
0.223
-0.260
-0.670
1.421
-0.987
0.254
-1.787
-0.071
-0.061
-1.312
-0.227
0.424
1.724
-2.434
-0.783
0.153
0.030
0.381
-0.596
2.119
1.588
0.169
0.800
-0.002
0.024
0.292
-0.695
1.735
-2.850
0.600
0.004
-0.208
-0.779
-0.030
-0.045
1.292
-0.279
0.689
-3.825
-1.131
-0.510
-1.692
-2.089
-0.387
-0.270
-0.472
0.343
-0.306
-0.338
-0.105
0.091
0.052
0.790
0.374
-1.928
-0.436
-0.750
-0.281
0.651
-0.127
-2.973
-1.975
-0.448
-2.785
-3.690
-0.535
-0.283
-0.506
-0.641
-0.448
0.352
-0.029
-0.037
0.123
0.009
-0.359
-0.303
-0.460
-0.042
0.164
-2.661
-0.809
0.525
0.050
-1.166
-0.387
-0.211
-2.720
-0.830
-0.093
-0.142
-0.339
0.227
0.119
-0.007
-0.176
-0.207
0.084
0.453
0.171
-0.605
-0.123
-1.103
-0.179
0.089
0.323
0.138
-0.278
-0.085
-0.653
0.733
-0.078
-0.640
-0.037
-1.543
-0.564
-0.449
-0.528
0.141
-0.032
0.191
-0.188
0.318
0.704
-1.047
-0.394
-0.248
-0.494
0.439
0.331
0.640
0.174
-0.187
0.156
0.124
-0.261
0.004
0.056
0.529
0.401
-0.133
0.094
-0.586
-0.026
-0.068
0.023
0.227
0.087
-0.757
-0.435
-0.510
-0.101
0.356
0.208
-0.139
0.098
-0.343
-2.618
-0.047
0.036
-0.004
0.989
-0.204
0.558
0.064
-0.221
1.195
-0.155
0.086
0.131
-0.490
0.014
0.391
0.205
-0.275
0.546
-0.166
0.128
-0.075
0.038
3.423
2.106
2.275
1.473
0.151
0.787
0.092
0.429
0.630
0.227
-0.156
-0.305
-0.090
-0.037
-0.054
0.071
1.342
0.474
0.136
-0.104
-0.176
-1.519
-0.098
0.060
-0.003
-0.201
0.632
0.343
-0.472
-0.020
-3.337
-3.504
-2.915
-0.505
-2.212
