-0.565
-1.007
0.527
0.094
0.698
3.163
0.173
0.617
1.375
0.264
0.327
2.611
0.486
-0.093
0.753
2.213
0.519
0.694
0.091
-0.784
0.183
-0.229
-1.774
0.441
-0.291
0.466
0.014
0.163
0.045
-0.739
-0.324
0.981
-0.068
0.581
-0.428
0.039
0.724
0.587
0.082
0.379
0.269
0.529
0.257
0.163
-0.099
0.098
-0.831
-0.268
0.435
0.196
1.407
0.334
1.167
1.488
0.461
0.231
1.832
-0.669
0.415
-0.593
1.943
0.467
2.216
0.037
-0.116
0.287
0.167
0.666
0.409
-0.257
-0.158
-0.125
0.046
0.343
-0.064
0.078
0.107
-0.252
0.007
-0.228
2.456
0.216
-0.252
2.376
0.380
2.219
1.083
0.205
0.251
-0.026
0.272
0.244
0.024
0.016
3.428
-0.308
-0.454
0.111
2.634
1.045
0.215
-0.040
3.899
-0.130
0.874
0.275
-0.250
-0.042
1.852
0.025
-0.042
-0.042
-0.031
-1.610
-0.049
-0.066
3.164
-0.134
0.093
0.225
1.038
2.150
0.850
0.336
0.077
0.478
1.518
0.032
0.390
0.829
-0.093
0.690
-0.260
1.502
0.177
0.110
0.851
-0.021
-0.342
-0.544
2.727
0.955
-0.042
0.009
-0.206
0.265
-2.334
-0.626
0.117
-0.280
0.173
-0.113
0.184
0.305
0.231
1.770
-0.400
0.070
0.157
0.226
0.506
0.192
-1.611
0.516
-0.665
2.604
0.466
0.580
1.060
0.737
0.297
0.225
0.224
-0.360
0.299
0.269
-0.275
0.227
-0.290
-0.428
0.068
1.553
0.469
-0.084
-0.072
-0.914
0.014
2.294
1.558
0.735
1.913
2.800
0.266
0.252
0.457
0.444
0.541
-0.073
-0.022
0.142
-0.123
-0.017
0.313
0.363
0.126
0.360
0.019
1.936
0.650
-0.499
1.065
1.362
0.252
0.274
2.154
0.676
-0.141
0.118
0.266
-0.389
0.119
0.135
0.221
0.017
-0.035
0.116
0.102
0.422
0.163
0.592
1.069
-0.108
0.578
-0.022
0.365
0.159
0.418
-0.702
0.214
0.271
1.091
0.781
0.505
0.427
0.548
-0.518
0.248
-0.051
0.187
0.533
-0.494
0.535
0.548
0.529
0.593
-0.020
-0.187
0.738
0.292
0.071
0.222
0.069
0.564
-0.345
0.155
-0.564
-0.033
0.279
0.135
1.116
-0.009
0.136
-0.022
0.680
0.267
0.501
0.365
0.282
0.211
-0.241
-0.204
0.097
-0.288
0.165
1.709
-0.153
0.003
0.219
0.163
0.509
-0.515
-0.073
0.287
0.049
0.161
0.174
-0.132
0.317
0.171
-0.286
-0.165
0.123
-0.131
0.152
-0.103
0.166
-0.038
-2.849
-1.955
-2.783
-1.173
-0.385
-0.619
0.315
-0.123
-0.453
-0.541
0.172
0.284
0.071
0.147
0.244
-0.058
-1.655
-0.503
-0.240
0.588
0.457
1.145
0.499
0.103
0.471
-0.003
-0.478
-0.755
0.063
0.183
1.573
2.242
2.045
0.669
1.938
