0.078
1.004
0.078
0.037
-0.620
-2.968
0.028
-0.725
-2.502
-0.713
0.022
-3.412
-0.363
0.368
-0.943
-1.724
-0.284
-0.749
0.042
0.049
0.466
0.710
0.512
-0.787
0.562
-0.348
0.581
-0.459
0.353
0.199
0.072
-1.277
0.319
0.129
0.525
0.013
-0.412
-0.247
-0.307
-0.047
-0.174
-0.723
-0.132
0.005
-0.524
-0.359
-0.111
-0.102
-0.779
-0.273
-1.158
0.094
-1.941
-1.321
-0.070
-0.588
-2.664
0.158
-0.060
0.003
-3.194
-1.041
-2.024
0.065
0.028
0.235
0.168
-0.867
0.040
0.403
0.255
0.919
0.125
0.882
1.211
0.105
0.674
0.228
0.192
0.200
-3.010
-0.088
0.173
-1.572
-0.777
-3.852
-2.425
-0.191
0.047
0.013
-0.173
-0.112
-0.000
0.123
-3.695
0.555
-0.054
0.075
-2.975
-0.767
0.205
0.091
-3.224
-0.064
-1.826
-0.175
0.188
-0.055
-2.839
0.248
0.039
0.006
0.360
1.565
0.363
0.401
-3.351
0.398
-0.489
-0.600
-1.795
-3.136
-2.253
-0.394
-0.114
-1.857
-1.327
0.017
-0.024
-0.758
0.735
-0.260
0.315
-0.214
-0.081
-0.032
-1.040
0.287
0.100
2.816
-3.626
-0.856
-0.089
1.063
0.010
-0.545
2.510
2.404
-0.015
0.585
-0.288
0.138
0.123
-0.702
-0.801
-3.160
0.837
-0.203
0.044
-0.682
-0.033
-0.090
0.592
-0.195
0.480
-2.495
-0.173
-0.745
-0.600
-0.076
-0.262
0.018
-0.073
0.078
-0.173
-0.211
0.078
-0.097
0.020
0.078
0.072
-2.486
-0.438
-0.190
-0.114
0.633
-0.081
-2.608
-1.605
-1.028
-1.805
-3.822
-0.115
-0.087
-0.114
-0.673
-0.810
0.397
0.089
0.026
0.417
0.353
0.173
-0.136
-0.266
-0.209
0.075
-2.596
-0.589
0.200
-0.486
-0.921
-0.203
-0.216
-3.152
-0.759
-0.406
-0.390
0.068
0.192
0.072
-0.067
-0.041
-0.159
0.083
0.078
0.083
-0.417
0.470
-0.944
-0.743
0.344
-0.153
0.142
-0.529
-0.188
-0.544
0.855
-0.101
-0.138
-1.246
-0.597
-0.740
-0.479
-0.160
0.128
0.141
0.871
0.078
0.993
0.384
-0.907
-0.178
-0.739
-0.461
0.353
0.780
-0.076
-1.873
-0.070
-0.012
0.053
-1.579
0.649
-0.026
1.527
0.258
-0.310
-0.048
0.418
0.063
-0.192
0.012
0.010
0.245
-0.789
-0.197
0.075
-0.069
0.219
0.078
-0.016
0.080
-0.070
-2.782
0.023
0.035
-0.061
-0.489
-0.127
1.348
0.875
0.048
0.087
0.142
0.096
0.142
0.111
0.038
0.220
0.102
0.085
0.133
0.060
0.111
0.215
0.150
4.849
1.588
2.237
1.422
0.117
0.175
0.211
0.066
0.729
-0.050
-0.191
-0.382
-0.032
-0.203
-0.094
0.335
1.054
0.256
0.061
-1.026
-0.586
-0.936
-0.034
0.211
-0.051
0.154
0.392
0.157
0.330
0.003
-1.101
-1.519
-3.709
-0.891
-2.210
