-1.025
-2.175
-2.005
-0.129
0.740
2.316
0.147
0.246
1.741
1.000
0.030
2.176
0.568
0.101
0.871
2.160
0.578
0.432
-0.016
0.148
-0.780
-0.084
-0.426
1.343
-0.197
-0.192
-0.754
-0.095
-0.174
-0.034
0.050
0.843
0.197
-0.004
-0.333
0.008
0.186
0.608
0.541
0.365
0.273
0.839
1.033
0.776
0.193
0.193
-0.249
0.121
0.516
0.572
0.970
0.183
2.437
2.576
0.147
0.175
1.898
0.031
0.138
0.156
2.431
0.962
2.075
0.028
-0.019
-0.254
-0.005
0.896
-0.058
-0.533
-0.558
-0.331
-0.300
-0.614
-1.033
-0.043
-0.632
-0.695
-0.271
-0.323
2.174
-0.007
0.081
1.762
0.395
2.707
1.757
0.117
-0.164
-0.345
0.164
0.369
0.278
0.699
2.805
-0.537
-0.168
-0.175
2.586
0.966
0.005
0.048
2.982
0.260
1.238
0.415
0.031
0.072
2.268
0.564
-0.007
0.159
-0.058
-1.070
-0.005
-0.290
3.449
-0.315
0.282
0.832
1.381
2.584
1.742
0.568
-0.045
1.045
1.384
-0.123
0.286
0.172
-0.753
0.566
0.116
1.191
0.031
0.098
1.184
0.269
-0.295
-1.746
1.878
0.912
0.183
0.635
-0.018
0.359
-1.219
-0.814
-0.149
-0.172
0.310
0.042
-0.137
1.108
0.007
3.962
-0.342
0.183
-0.181
0.395
0.712
0.484
-0.631
0.430
-0.187
2.984
0.138
0.689
1.299
0.475
0.529
0.397
0.156
-0.201
0.388
0.521
-0.115
0.190
-0.248
-0.355
0.002
1.306
0.605
0.051
0.037
-1.446
0.093
2.710
2.152
0.707
2.604
3.906
0.067
0.962
0.529
0.448
0.479
-0.077
0.138
0.264
0.085
0.133
0.399
0.341
0.265
0.339
0.050
2.726
1.147
-0.750
0.610
1.049
0.491
0.699
2.192
0.368
0.119
0.325
0.164
-0.101
0.043
0.112
0.149
0.128
-0.132
-0.092
-0.351
0.733
0.011
0.956
0.882
0.063
0.192
-0.003
0.626
0.116
0.975
-0.552
0.041
0.675
-0.069
0.142
0.860
0.403
1.321
0.297
-0.098
-0.730
0.052
-0.436
-0.313
0.957
0.371
0.614
0.802
-0.227
-0.691
0.363
2.713
0.571
0.130
-0.448
1.061
-0.942
0.158
-0.319
-0.250
0.204
0.081
0.485
0.170
-0.012
-0.079
0.017
-0.127
0.662
0.341
0.399
0.487
-0.159
-0.111
0.024
-0.042
0.073
2.269
0.048
0.006
0.155
-0.099
0.239
0.198
-5.062
0.321
-0.106
0.116
-0.296
-0.455
0.187
-0.067
-0.186
-0.303
0.428
-0.041
0.269
-0.059
0.138
0.039
-2.159
-1.596
-1.865
-1.349
-0.054
-0.577
0.286
0.073
-0.460
-0.664
0.314
0.747
0.243
0.178
0.290
-0.082
-0.494
-0.167
0.039
0.045
0.325
1.283
-0.271
-0.451
0.287
-0.004
-0.193
-0.127
-0.178
-0.016
1.756
3.448
2.389
0.350
1.932
