-0.756
-1.312
-0.398
-0.009
0.336
3.052
0.030
1.297
0.314
0.030
0.030
3.223
1.324
0.320
0.313
2.235
0.429
0.496
0.511
-0.083
-0.430
-0.260
-1.636
0.352
-0.133
-0.068
-0.523
0.480
-0.170
-0.583
-0.244
0.982
0.159
-0.045
-0.539
0.045
0.141
0.609
0.186
0.493
-0.210
0.522
0.276
0.024
0.086
0.213
-0.009
0.008
0.552
0.264
0.793
0.069
2.076
1.247
0.306
0.436
1.930
-0.208
1.093
-0.073
3.293
1.187
2.189
-0.068
-0.214
-0.416
0.057
0.268
-0.127
-0.502
-0.585
-0.554
-0.339
-0.058
-2.807
-0.065
-1.231
-0.295
-0.085
-0.266
2.081
-0.045
-0.678
1.787
0.499
3.124
1.445
0.089
-0.027
0.284
0.027
0.132
0.010
0.336
3.606
0.262
-0.245
0.726
3.334
1.501
0.137
-0.257
3.789
-0.395
1.613
-0.048
-0.051
-0.170
2.694
0.024
0.006
0.129
-0.208
-1.887
0.020
-0.168
4.053
-0.154
0.010
0.881
2.109
3.379
1.033
0.396
0.203
1.093
1.705
0.082
0.306
0.133
-0.558
0.340
0.266
1.048
0.303
0.179
0.975
-0.088
-0.217
-1.818
1.776
0.081
-0.003
0.575
-0.281
0.028
-2.019
-1.605
-0.103
-0.071
-0.001
-0.014
-0.076
1.169
-0.090
2.097
-0.591
0.683
-0.030
1.099
0.465
-0.051
-2.002
0.732
-0.346
3.634
0.453
0.705
1.233
1.023
0.427
0.030
0.238
-0.051
0.306
0.422
0.011
0.059
-0.153
-0.127
0.088
2.183
0.790
0.001
-0.011
-0.941
0.020
2.249
1.205
0.343
2.155
3.088
0.366
0.527
0.668
0.432
0.404
-0.199
0.102
0.072
0.057
0.167
0.374
0.202
0.028
0.373
-0.028
2.095
0.488
-0.741
0.219
1.373
0.393
0.302
3.000
1.254
0.104
0.398
0.030
-0.359
-0.028
-0.104
0.038
0.061
-0.137
-0.088
-0.222
0.550
-0.012
1.205
0.504
0.095
0.179
0.016
0.030
-0.041
0.176
-0.312
-0.069
-0.013
-0.349
0.989
0.278
0.190
1.463
-0.228
0.032
-0.582
-1.045
-0.735
-0.580
0.261
0.057
0.113
0.076
-0.078
-0.016
0.030
0.232
0.575
0.052
-0.016
0.187
-0.633
0.030
-0.208
-0.260
0.544
-0.011
0.178
0.176
0.035
0.023
-0.262
-0.154
0.415
0.384
0.438
0.379
-0.182
-0.162
0.049
0.004
0.215
2.447
0.106
-0.350
0.143
-0.158
0.814
-0.631
-1.731
0.340
-0.169
0.095
0.036
-0.025
0.707
0.440
0.007
-0.064
0.364
0.056
0.367
0.176
0.117
0.058
-2.521
-1.409
-1.843
-0.697
0.091
-0.439
0.445
-0.905
-0.784
-0.574
0.434
0.223
0.153
-0.076
0.679
0.028
-0.762
-0.212
0.327
0.254
0.749
1.449
-0.101
-0.130
-0.368
0.241
-0.834
-0.015
-0.010
0.011
2.819
2.148
3.202
0.767
1.834
