0.138
0.241
-2.145
0.136
-0.022
3.358
-0.645
0.235
2.549
1.241
0.143
3.156
1.279
-0.432
-0.007
1.689
0.813
0.034
0.635
0.395
-0.010
-0.983
-0.499
-0.058
-0.617
-0.574
-0.455
0.767
-0.413
0.179
0.582
1.829
-0.851
0.144
0.144
0.190
-0.211
0.255
0.054
0.697
0.611
1.599
1.180
0.651
-0.121
0.089
-0.247
-0.293
0.968
1.903
0.916
0.192
2.203
1.499
2.352
-0.109
2.534
-0.407
0.303
-0.682
2.948
1.617
1.462
-0.074
-0.492
-0.802
0.675
1.130
0.155
0.151
0.375
0.212
0.876
0.406
0.214
0.219
-0.448
0.395
0.238
0.214
2.439
-0.245
0.461
1.817
0.446
2.765
1.384
0.133
0.074
-0.106
-0.017
0.089
0.053
-0.469
1.829
-0.140
-0.598
0.580
3.650
-0.355
0.726
-0.222
3.772
0.869
2.131
1.809
0.868
0.829
1.998
0.345
0.144
-0.198
-0.171
-2.052
-0.030
-0.468
3.015
-0.257
1.611
1.289
1.759
1.950
0.832
0.743
0.458
0.567
1.273
-0.041
1.142
0.865
-0.193
0.342
-0.487
0.103
0.136
0.102
2.634
-0.293
-0.477
-1.346
3.842
1.047
-0.425
0.394
-1.211
1.003
-0.602
-0.976
0.111
-0.173
0.496
0.243
0.309
1.142
0.164
-0.782
-0.415
0.785
-0.236
0.844
0.434
-0.006
-1.809
0.251
-1.613
3.001
0.676
-0.401
1.812
0.779
0.545
0.210
0.737
0.144
0.297
0.215
0.278
0.189
0.144
0.144
-0.181
0.884
0.452
0.190
-0.815
-0.732
0.316
3.591
2.351
1.172
3.276
2.313
0.873
0.142
0.623
0.090
0.182
0.144
0.119
0.144
0.144
0.174
0.131
0.139
-0.138
0.009
-0.507
2.469
0.801
-0.730
0.729
0.826
0.590
-0.479
0.855
0.281
-0.027
0.133
0.126
-0.175
-0.105
0.144
0.144
0.072
0.144
-0.189
0.108
0.413
-1.254
0.714
1.113
0.294
0.956
0.294
0.646
0.977
1.095
-1.210
-0.418
0.381
0.566
0.931
0.667
1.339
1.375
-0.473
0.109
0.174
0.144
0.177
-0.115
1.528
-0.563
0.541
1.412
-0.353
-0.021
0.462
0.121
0.134
-0.004
-0.246
0.245
-0.044
0.378
-0.112
-0.223
0.112
-0.254
0.233
-0.262
0.275
-0.479
0.107
-0.487
0.300
0.467
0.164
0.241
-0.075
-0.110
0.535
0.121
0.731
1.277
0.158
0.059
-0.214
0.585
-0.140
-1.568
0.024
0.238
-0.567
0.421
-0.005
-0.061
-0.012
-0.150
0.377
-0.191
0.500
-0.124
0.330
0.342
-0.150
-0.228
-1.737
-3.119
-2.108
-2.177
-0.008
-0.717
0.227
-0.671
-0.794
-0.835
0.288
-0.134
-0.099
0.519
0.494
-0.145
-0.714
-0.725
0.255
-0.037
0.666
0.570
0.320
-1.593
0.186
0.589
-0.945
0.130
-0.399
0.144
3.187
2.541
0.144
1.957
1.956
