-0.628
-1.481
1.999
0.081
-0.817
-2.300
-0.195
-0.527
-1.982
-0.686
0.012
-2.997
-0.616
-0.281
-0.042
-1.599
-0.123
-0.172
-0.132
0.033
0.318
-0.025
1.258
-0.643
0.057
0.057
0.728
-1.057
-0.053
0.362
0.110
-2.386
1.234
0.033
0.235
-0.028
-0.684
-0.320
0.033
-0.273
0.062
-0.581
-0.831
-0.589
-0.383
-0.106
0.057
-0.133
-1.246
-0.966
-1.876
-0.054
-0.745
-0.708
-0.594
-0.419
-1.729
0.167
-0.418
1.439
-1.903
-1.273
-2.590
0.118
0.142
-0.241
-0.034
-0.729
-0.056
0.547
0.171
0.060
-0.010
0.404
0.243
-0.025
0.771
0.141
0.258
0.301
-2.138
-0.545
0.084
-1.617
-0.784
-3.020
-1.958
-0.133
-0.014
-0.202
-0.245
-0.071
0.259
0.051
-2.998
0.319
0.067
-0.103
-2.845
-2.873
0.023
0.334
-3.150
0.242
-2.293
-1.251
-0.220
0.277
-2.599
0.048
-0.173
0.156
0.057
1.651
0.257
0.364
-3.406
0.145
-0.245
-0.774
-1.741
-2.704
-1.729
-0.403
0.345
-0.309
-2.651
-0.052
-0.044
-0.108
0.528
-0.452
0.309
-0.621
-0.216
-0.201
-2.260
-0.514
-0.459
2.219
-1.411
-0.410
0.106
0.103
0.749
0.074
2.121
2.040
0.083
1.237
-0.012
0.387
0.150
-1.651
1.507
-2.262
0.553
-0.609
-0.063
-1.004
-0.157
-0.307
1.619
-0.573
1.333
-3.994
-1.324
-1.659
-2.165
-1.824
-0.258
0.003
-0.226
0.421
-0.169
-0.225
0.033
0.018
0.105
0.683
0.053
-1.482
-0.569
0.236
0.003
0.554
-0.628
-2.969
-2.217
-1.338
-2.214
-4.463
-0.631
-1.007
0.017
-0.580
-0.156
0.082
0.005
-0.064
0.057
0.057
-0.519
-0.354
0.057
-0.187
0.161
-2.017
-0.169
0.433
-1.185
-1.283
-0.251
-0.483
-3.110
-1.312
-0.603
-0.804
0.057
0.303
0.272
0.259
-0.256
-0.190
0.365
0.331
0.445
-0.708
0.177
-1.320
-0.403
0.290
-0.219
0.097
-0.248
-0.319
-0.297
0.626
-0.023
-0.424
0.007
-2.028
-0.617
-1.061
-0.165
0.805
0.130
0.545
0.172
-0.054
0.382
-0.616
-0.419
-0.848
-1.423
0.110
-0.244
-0.425
-0.063
0.504
-0.769
0.096
-0.576
-0.365
0.084
0.735
0.312
-0.455
0.152
0.453
-0.103
0.078
0.272
0.257
-0.135
0.037
-0.323
-0.248
-0.093
0.409
0.113
-0.011
0.059
-0.055
-2.316
-0.069
-0.122
-0.140
0.057
-0.626
0.053
-0.573
0.001
1.367
0.057
0.012
0.040
0.496
0.047
0.571
0.057
0.048
0.143
0.045
0.251
-0.082
-0.337
2.616
2.175
2.202
1.707
-0.346
-0.019
0.196
0.017
0.689
-0.190
-0.024
0.089
0.268
-0.494
-0.593
-0.064
1.422
1.096
-0.085
-0.524
-0.435
-0.797
0.084
-0.236
-0.317
-0.399
0.787
-0.570
-0.491
-0.149
-2.443
-3.438
-2.730
-1.280
-2.952
