0.432
-0.287
-1.515
0.051
-0.163
2.572
0.097
0.312
1.686
0.311
0.044
2.449
0.743
-0.117
0.181
1.948
0.418
0.240
0.190
0.226
-0.283
-0.014
-1.505
0.157
-0.180
-0.608
-0.506
-0.148
-0.105
-0.079
-0.010
0.809
-0.468
0.290
0.098
0.592
0.397
0.339
0.199
0.464
0.336
0.706
0.277
0.497
0.066
0.089
-0.247
-0.025
0.843
0.672
1.047
0.310
2.044
1.806
0.067
0.088
1.978
-0.486
0.341
-0.719
2.310
0.993
1.572
-0.038
-0.205
-0.272
-0.238
1.072
-0.012
-0.396
-0.344
-0.202
-0.220
-0.095
-0.142
-0.049
-1.068
-0.214
-0.120
-0.234
2.603
0.053
-0.550
1.960
0.656
2.370
1.507
0.160
0.056
-0.135
0.128
0.070
-0.237
0.599
2.866
-0.114
-0.247
0.025
2.674
1.212
-0.458
-0.189
3.091
-0.226
1.655
0.321
-0.096
-0.202
2.486
-0.113
0.089
0.014
-0.543
-1.320
0.177
-0.225
3.096
-0.623
0.183
0.711
1.242
2.139
1.066
0.308
-0.015
1.421
1.248
-0.490
-0.495
0.883
-1.195
0.018
-0.133
1.110
-0.021
-0.015
1.302
-0.094
-0.675
-1.984
2.163
0.215
0.267
0.380
-0.096
0.583
-1.708
-1.208
-0.072
-0.738
-0.052
-0.510
-0.229
1.091
-0.078
2.854
-0.946
-0.282
0.425
1.102
0.189
-0.089
-0.726
0.300
-0.339
2.078
1.173
0.556
0.961
1.148
0.333
0.242
0.172
-0.691
0.290
0.320
0.340
0.176
-0.132
-0.597
-0.137
1.522
0.609
-0.147
0.088
-0.487
-0.056
2.239
2.084
1.299
2.233
2.705
0.291
0.818
0.615
0.708
0.810
-0.334
0.006
-0.159
-0.587
-0.262
0.279
0.388
0.535
0.340
0.025
2.316
0.699
-0.949
1.038
1.697
0.662
0.292
2.236
1.092
0.635
0.391
0.043
-0.517
-0.086
-0.163
0.181
0.237
-0.342
-0.077
-1.109
0.318
-0.485
0.765
0.743
-0.122
-0.244
-0.288
0.324
0.589
0.406
-1.155
-0.030
0.017
0.864
1.211
0.382
0.897
0.895
-0.220
-0.157
-0.162
0.164
-1.023
-0.239
1.352
0.276
0.260
0.397
-0.471
-0.215
-1.536
-0.056
-0.041
-0.006
-0.097
0.206
-0.325
-0.339
-1.159
-0.376
0.353
-0.105
0.286
0.052
-0.132
0.107
-0.356
-0.091
0.600
0.462
0.214
0.301
-0.156
0.068
0.299
0.010
0.105
2.017
0.060
-0.024
-0.504
-0.086
0.221
-1.015
0.224
0.189
-0.124
-0.123
-0.063
-0.222
0.070
0.154
-0.090
-0.069
0.225
0.052
0.243
0.105
-0.107
0.156
-2.213
-1.702
-1.588
-1.344
-0.304
-0.468
-0.036
-1.139
-0.747
0.182
0.160
-0.113
0.117
0.018
0.484
-0.013
-0.761
-0.234
-0.020
0.149
0.735
1.134
-0.007
-0.264
0.191
0.084
-0.214
-0.389
-0.060
0.137
2.259
2.802
3.056
0.206
2.345
