-0.053
-0.083
-1.601
-0.136
-0.389
1.238
-0.035
1.684
2.088
0.978
0.034
2.789
0.867
-0.253
-0.476
1.007
0.204
-0.064
0.200
-0.291
-0.705
-1.478
-0.516
-0.010
-0.589
-0.617
-1.014
-0.588
-0.393
-0.357
0.305
1.055
-0.263
0.085
0.122
0.463
0.243
0.375
0.013
0.216
0.252
0.538
0.207
-0.043
-0.299
0.094
-1.003
-0.118
0.733
1.220
1.090
0.646
1.563
1.450
-0.092
0.093
2.144
-0.204
-0.043
-1.055
2.104
0.613
0.992
-0.297
-0.466
0.122
-0.222
0.135
-0.044
-0.187
-0.202
-0.207
0.302
0.327
-0.125
-0.048
-0.946
-0.119
-0.160
-0.187
2.228
0.136
-0.532
1.313
-0.156
1.655
0.450
-0.119
-0.146
-0.166
-0.130
-0.137
-0.150
0.130
3.080
-0.032
-0.340
-0.042
2.537
-0.020
0.444
-1.299
3.210
0.272
1.190
1.482
0.073
-0.173
2.246
0.408
-0.255
-0.177
0.069
-1.352
-0.008
-0.205
3.281
-0.275
1.419
0.104
1.792
2.623
1.676
0.659
0.391
-0.110
1.229
-0.529
0.244
1.422
-0.311
-0.424
-0.702
0.312
0.577
0.540
1.586
-0.241
0.467
-1.640
2.057
-0.186
0.030
0.229
-0.028
0.377
-2.625
-0.614
-0.299
0.324
0.576
-2.340
0.098
1.904
1.793
1.659
-0.304
1.402
0.367
1.772
0.520
-0.564
-0.458
0.474
-0.175
2.833
0.316
-0.431
1.454
1.146
0.550
1.114
0.349
-0.430
0.491
0.083
0.605
-0.082
-0.307
-0.752
0.025
1.121
0.535
-0.105
-0.154
-1.234
0.250
2.836
-1.130
0.731
2.719
2.647
0.518
-0.381
0.213
0.059
0.284
-0.165
-0.374
-0.034
0.073
0.133
-0.137
0.039
-0.128
-0.030
-0.121
1.824
0.556
-0.287
0.356
1.391
0.884
0.006
2.312
0.692
0.288
-0.045
0.184
-0.234
-0.157
-0.097
-0.039
-0.075
-0.390
-0.179
-1.712
0.733
-0.217
0.750
0.982
-0.083
-0.202
-0.182
0.064
0.427
0.160
-0.701
-0.459
-0.015
0.827
0.258
0.163
0.277
0.960
0.796
-0.005
0.169
0.092
-0.102
-0.764
1.359
0.004
0.022
1.484
-0.206
-0.199
1.953
-0.217
-0.386
-0.201
-0.167
-0.018
-0.322
-0.015
-0.329
-0.454
0.220
0.440
-0.492
0.384
-0.054
0.371
-0.410
-0.357
0.073
0.633
0.669
0.153
-0.176
-0.292
0.270
-0.196
-0.072
2.562
0.046
-0.052
0.281
1.761
0.254
0.256
-0.238
0.178
-0.376
-0.060
-0.216
-0.212
0.956
-0.176
-0.732
-0.326
0.060
-0.241
0.167
-0.020
-0.151
-0.031
-1.145
-2.127
-2.053
-1.216
-2.235
-3.644
-0.138
-0.559
-0.405
0.382
0.418
-0.701
-0.167
0.094
-0.137
-0.105
0.411
-0.184
0.612
-0.685
0.214
1.346
-0.117
-0.152
-0.052
-0.055
-0.475
-0.504
-0.143
0.260
2.975
1.859
2.195
-0.493
1.135
