2.459
1.909
0.041
0.651
-0.485
-2.992
-0.023
-0.068
-2.040
-0.734
0.101
-3.256
-1.116
0.021
-0.245
-2.321
-0.694
0.030
0.479
0.030
0.270
0.164
1.121
-0.463
-0.231
-0.017
0.064
-0.594
-0.043
0.179
0.102
-1.204
1.348
-0.025
0.318
0.111
-0.640
-0.361
-0.639
-0.074
-0.654
-0.813
-0.822
-0.755
0.025
0.047
-0.016
-0.017
-0.715
-0.534
-2.197
-0.149
-2.457
-2.232
-2.580
-0.061
-2.752
0.509
-1.302
0.732
-2.903
-1.058
-2.798
0.128
0.442
-0.001
0.256
-1.080
-0.121
0.848
0.805
0.708
0.427
-0.222
0.969
0.392
1.361
0.974
0.406
0.656
-3.112
-0.203
0.505
-1.764
-0.234
-3.141
-3.192
-0.031
-0.077
0.546
-0.020
-0.029
0.420
-0.099
-3.767
0.628
0.378
-0.583
-3.066
-0.692
0.010
0.336
-4.273
0.023
-2.014
-0.514
0.301
0.256
-3.298
0.211
0.185
0.247
0.332
1.723
0.171
0.266
-4.400
0.905
-0.907
-0.840
-2.267
-2.855
-1.491
-0.654
-0.141
-1.318
-2.273
0.074
-0.668
-0.744
2.029
-0.922
0.189
-0.976
0.033
-0.106
-1.256
0.106
0.134
1.644
-2.512
-0.327
0.028
-0.409
0.212
-0.538
1.934
1.384
0.490
1.041
-0.141
0.158
0.243
-1.109
1.041
-2.980
0.646
0.285
-0.001
-0.815
-0.489
-0.109
1.661
-0.615
0.978
-4.328
-0.980
-0.779
-1.573
-1.655
-0.434
-0.123
-0.433
0.011
-0.225
-0.317
0.308
-0.169
-0.017
0.057
-0.426
-1.930
-0.586
-0.287
-0.386
0.673
-0.339
-3.175
-1.567
-0.796
-2.369
-3.984
-0.429
-0.366
-0.794
-0.464
-0.739
0.193
-0.017
-0.017
0.152
0.010
-0.191
-0.556
0.174
-0.411
0.124
-2.648
-0.735
1.024
-0.521
-1.519
-0.827
-0.502
-2.850
-1.159
-0.108
-0.057
-0.080
0.163
-0.017
0.057
-0.279
-0.178
0.013
0.164
0.004
-0.437
-0.037
-1.017
-0.608
-1.006
-0.251
0.291
-0.764
-0.017
-0.948
0.732
-0.449
-0.221
0.141
-0.280
-0.286
-0.616
-1.135
0.004
0.259
0.623
0.506
1.085
0.485
-0.609
-0.038
-0.004
0.035
1.314
2.281
1.277
-1.431
0.157
0.443
1.181
-0.283
1.909
0.495
2.019
0.439
-0.761
0.485
-0.277
-0.278
-0.017
0.127
-0.128
0.057
-0.747
-0.430
-0.138
-0.621
0.236
-0.005
-0.184
0.081
-0.104
-2.907
0.082
0.008
-0.106
0.874
-0.492
1.683
3.255
-0.116
0.595
-0.028
0.021
0.184
0.338
-0.140
0.378
0.185
-0.130
0.018
-0.250
0.260
-0.017
0.064
3.016
2.305
2.626
1.663
0.247
0.489
0.075
0.326
0.975
-0.150
-0.276
-0.266
-0.264
0.334
-0.894
0.263
1.458
0.655
-0.246
-0.374
-0.705
-2.065
0.235
0.292
-0.169
-0.321
0.534
0.187
-0.160
-0.023
-2.707
-4.460
-3.527
-1.243
-3.028
