-2.421
-2.146
0.205
0.780
0.603
2.338
0.205
0.288
1.248
0.205
0.101
1.973
0.500
0.378
0.184
1.203
0.331
0.428
-0.040
-0.054
0.022
-0.077
-0.892
0.196
-0.379
0.205
-0.459
0.205
0.096
-0.504
0.212
1.062
-0.585
0.161
-0.726
0.205
0.679
0.535
0.671
0.496
0.320
0.575
0.793
0.546
-0.460
-0.072
-1.014
-0.041
0.625
0.479
1.333
0.237
2.364
2.063
0.548
1.169
2.085
-0.314
0.336
-1.314
2.840
0.719
1.372
0.178
-0.144
0.169
0.205
0.772
0.145
-0.207
-0.392
-0.025
0.075
-0.566
-1.978
0.150
-0.526
-0.047
0.072
-0.096
2.425
0.278
-0.228
1.544
0.247
2.058
0.867
0.432
0.480
0.285
0.471
0.321
0.073
0.185
2.086
0.030
0.052
0.160
1.764
0.756
0.196
0.120
2.553
0.240
1.178
0.308
0.044
0.579
2.554
0.066
0.098
0.079
0.097
-1.519
0.207
-0.002
2.708
-0.708
0.576
0.765
1.400
2.004
1.650
0.248
-0.157
0.818
1.334
0.417
0.275
0.093
-1.602
0.313
-0.233
0.673
0.285
-0.012
0.644
0.308
0.354
-0.858
1.683
0.144
-0.098
0.193
0.128
0.354
-2.939
-1.113
-0.024
-0.654
0.228
-0.312
-0.024
0.459
-0.809
1.938
-0.579
0.284
0.030
0.378
0.205
0.530
-0.321
0.213
-0.247
2.469
0.317
0.255
1.054
1.205
0.316
0.283
0.300
-0.406
0.394
0.460
0.252
0.340
0.205
-0.223
0.045
1.921
0.807
0.287
0.087
-0.156
0.173
2.823
2.016
1.126
1.640
3.999
0.239
0.205
0.659
0.205
0.239
-0.152
-0.009
0.205
0.131
0.098
0.212
0.224
0.205
0.205
0.042
1.832
1.133
-0.684
0.493
0.658
0.669
0.180
2.117
0.411
0.252
0.550
0.217
-0.184
-0.015
-0.168
0.059
0.122
0.093
-0.189
0.009
0.753
0.095
0.843
0.397
0.205
-0.000
-0.030
0.845
-0.305
0.827
-0.159
-0.007
0.197
0.205
1.310
0.219
0.190
0.801
0.148
0.619
-0.545
0.044
0.245
-0.238
0.674
0.307
0.238
0.640
-0.237
-0.637
0.205
1.782
0.149
0.205
-0.131
0.588
-0.392
0.032
-0.854
-0.192
0.323
-0.842
-0.041
0.315
0.209
0.194
0.142
-0.264
0.853
0.205
0.205
0.160
-0.072
-0.017
0.049
0.205
0.205
1.913
0.205
0.013
0.168
-0.084
0.205
0.167
-0.507
0.140
-0.946
0.044
0.036
0.121
-0.214
0.164
-0.311
-0.036
-0.134
0.188
-0.038
0.050
0.509
0.215
-3.973
-2.065
-2.587
-1.649
0.020
-0.195
0.205
0.075
-0.872
-0.005
0.109
0.320
0.103
-0.288
0.225
0.022
-1.261
-0.404
0.227
0.112
0.205
0.681
-0.080
0.138
0.391
0.205
0.191
0.119
0.045
-0.246
1.341
3.840
1.738
2.223
2.229
