1.702
1.771
2.160
0.071
0.285
-3.328
-0.090
-0.533
-0.832
-0.192
-0.006
-3.690
-0.238
0.257
-0.152
-2.405
-0.351
-0.092
-0.302
0.078
0.165
0.845
0.567
-0.773
0.530
-0.603
1.448
0.785
0.654
0.268
0.096
-2.056
-0.130
0.228
1.388
-0.354
-1.026
-0.583
-0.247
-0.650
0.062
-1.554
-0.933
-0.621
-0.398
-0.646
0.169
0.131
-0.531
0.110
-3.426
-0.176
-3.335
-3.632
-0.012
-0.282
-3.355
0.319
-0.477
0.290
-4.185
-1.125
-4.128
0.090
0.347
-0.504
-0.336
-0.468
0.797
2.014
1.484
1.413
0.386
0.576
0.683
0.288
3.580
0.546
1.017
1.515
-4.976
-0.191
0.110
-2.871
-0.502
-2.764
-1.379
0.038
0.094
-0.276
0.135
0.021
0.208
0.006
-2.968
0.456
0.070
0.084
-3.362
-1.418
0.833
0.288
-2.210
0.163
-3.307
-0.720
0.092
-0.620
-3.844
1.025
0.110
0.144
0.184
1.196
0.140
0.205
-3.767
0.235
-0.942
-0.845
-1.779
-4.471
-0.676
-0.767
-0.336
-1.418
-2.508
-0.264
0.258
-0.202
2.651
-0.828
0.406
-1.682
-0.074
-0.187
-1.940
0.924
1.584
3.319
-1.725
-0.478
0.086
-0.370
0.581
0.175
2.166
1.633
0.336
-0.039
-0.281
0.083
0.296
-0.401
-0.299
-2.626
0.407
-0.064
0.049
-0.850
-0.199
0.073
0.933
-0.047
0.164
-3.987
-2.049
-0.363
-0.717
-2.350
-0.355
-0.454
-0.400
0.330
-0.094
-0.299
0.037
-0.097
0.110
0.632
0.090
-1.081
-0.113
0.027
0.411
0.697
0.262
-4.289
-2.207
-0.756
-2.504
-4.029
-0.373
-0.666
-0.394
-0.425
-0.483
0.137
0.137
0.070
0.266
0.128
0.081
-0.158
0.081
-0.028
0.167
-3.434
-0.419
0.348
-0.467
-1.720
-0.067
0.027
-2.693
-0.877
0.049
0.090
-0.017
0.158
0.119
0.278
-0.014
-0.012
0.135
0.134
0.442
-0.012
-0.813
-1.138
-0.266
0.052
0.049
-0.088
-0.095
0.350
-0.422
1.072
0.214
-0.021
-1.055
-2.110
-0.271
-0.290
-1.781
-0.075
0.090
0.154
0.118
0.202
0.266
-0.423
-0.128
-0.193
-0.157
1.300
0.717
-0.080
-0.052
0.111
-0.191
0.261
-0.439
1.179
0.255
1.275
0.157
0.157
0.558
0.325
-0.137
0.090
0.195
-0.308
0.169
-0.378
-0.464
-0.001
0.090
0.103
0.048
-0.192
0.048
0.089
-3.528
0.051
0.108
0.016
-0.003
-0.010
0.356
0.292
0.097
0.027
0.090
0.090
0.270
0.090
0.092
0.090
0.243
0.042
0.622
0.065
0.123
0.004
-0.104
4.683
3.336
3.802
2.818
0.230
0.320
-0.223
1.125
1.265
0.055
0.003
0.054
0.090
-0.285
-0.204
-0.126
1.408
0.701
0.073
0.113
-0.074
-2.655
-0.131
0.435
-0.468
-0.360
0.440
0.073
0.317
0.125
-1.440
-4.077
-4.292
-1.957
-1.722
