-0.239
0.261
1.129
-0.232
-0.166
-3.466
-0.567
-0.417
-4.068
-1.233
0.114
-3.445
-0.518
-0.293
-0.225
-2.503
-0.749
-1.583
0.012
-0.509
0.048
0.101
0.442
-0.931
0.313
-0.673
0.637
-0.519
0.067
0.175
0.139
-1.662
0.265
-0.964
0.119
0.053
-1.331
-1.053
-0.182
-0.971
-1.515
-0.950
-0.426
-0.438
-0.420
-0.473
-0.291
-0.009
-1.231
-0.055
-1.589
0.336
-1.875
-1.109
-1.655
-0.931
-2.366
0.159
-0.027
-0.069
-4.599
-1.843
-2.510
0.032
-0.038
-0.080
0.392
-1.267
-0.079
0.564
0.480
0.182
-0.131
0.456
0.280
-0.115
1.029
0.309
0.100
0.221
-2.633
-0.216
-0.116
-1.939
-1.773
-3.115
-1.276
-0.233
-0.109
-0.280
-0.234
-0.279
-0.207
-0.069
-3.777
0.149
0.065
-0.029
-1.788
-0.990
-0.006
-0.056
-4.473
0.137
-2.462
-0.564
-0.199
-0.434
-2.088
-0.106
-0.247
0.300
0.130
2.746
-0.090
0.172
-5.718
0.280
-0.544
-1.845
-3.629
-3.033
-2.814
-0.061
0.061
-1.371
-2.311
0.048
-0.474
-1.703
0.150
-1.053
0.025
-2.281
0.001
-0.136
-2.656
-0.088
-1.168
3.353
-3.172
-0.764
0.191
-0.055
0.517
-1.117
1.904
0.934
0.192
0.560
-0.390
-0.017
-0.020
-1.928
-1.506
-3.394
1.132
-0.118
-0.085
-1.698
-0.164
-0.740
1.675
-0.588
0.982
-1.760
-0.769
-0.776
-1.135
-1.177
-0.149
-0.367
-0.086
-0.054
-0.520
-0.143
0.016
-0.062
-0.064
-0.139
0.041
-2.300
-1.694
-0.034
0.038
0.706
0.077
-3.277
-3.850
-1.137
-1.097
-2.487
-0.555
-0.405
-0.566
-0.658
-0.845
0.291
-0.020
-0.288
0.366
0.063
-0.170
-0.245
-0.565
-0.318
-0.090
-2.779
-1.258
1.031
-1.512
-3.320
-1.376
-0.266
-2.800
-1.456
-0.691
-0.667
-0.166
0.396
-0.178
-0.065
-0.312
-0.579
-0.069
-0.159
-0.111
-0.140
0.312
-0.429
-1.154
-0.121
0.268
-0.028
-0.172
-0.243
-0.458
0.700
-0.119
-0.514
-2.329
-1.068
-0.416
-1.437
-0.545
-0.005
0.008
0.039
0.390
0.210
0.517
-1.450
-0.545
-0.334
-0.573
0.001
-0.035
-0.375
-0.090
0.035
-0.039
0.024
-0.449
0.053
-0.078
0.247
0.081
-0.082
-0.148
-0.744
-0.292
0.056
-0.031
-0.149
0.120
-0.665
-0.813
-0.638
-0.510
0.102
-0.050
-0.260
-0.034
-0.284
-3.166
0.086
0.105
-0.230
-2.295
-0.686
0.058
-0.977
-0.200
-0.200
-0.139
-0.105
0.594
-0.576
0.034
0.251
0.173
-0.770
0.279
-0.299
-0.192
-0.015
-0.175
3.580
2.206
2.030
2.792
0.641
0.607
0.330
0.280
0.481
-1.672
-0.167
-0.182
-0.097
0.197
0.313
-0.065
0.893
-0.008
-0.059
0.739
-0.350
-2.241
-0.169
0.300
-1.330
-0.136
-0.343
-0.106
0.239
-0.217
-1.804
-4.348
-0.177
-2.088
-1.702
