1.698
1.724
0.355
0.619
-0.477
2.724
0.597
0.660
2.505
0.695
0.277
2.668
0.718
0.707
0.739
2.412
0.614
1.460
0.609
0.730
0.883
0.436
-0.528
0.633
0.143
-0.291
-0.480
0.583
0.385
0.036
0.446
0.755
0.422
0.830
-0.313
0.826
0.814
0.695
0.443
0.558
0.504
1.993
0.908
1.746
0.866
0.898
0.630
0.581
1.239
0.819
2.141
0.431
2.322
2.540
0.490
0.428
2.833
-0.187
0.572
0.494
3.217
1.505
1.962
0.115
0.302
0.243
0.100
1.043
0.351
-0.999
-0.993
-0.283
-0.365
-0.875
-0.147
-0.020
-1.585
-0.331
-0.039
-0.434
3.433
0.455
-0.746
2.297
1.019
2.414
2.515
0.518
0.487
0.159
0.519
0.459
0.574
0.555
4.606
0.286
0.195
0.288
2.916
2.476
0.719
0.122
3.128
0.266
2.220
0.478
0.115
0.269
3.421
0.423
0.058
-0.085
-0.135
-1.459
0.384
0.166
4.693
-0.590
1.449
1.019
2.189
2.694
1.856
0.512
0.511
1.345
1.438
0.138
0.597
1.116
-0.031
0.637
-0.217
1.536
0.291
0.091
2.189
0.574
1.392
0.113
2.189
0.531
0.350
0.150
-0.077
0.383
-2.763
-2.165
-0.171
0.148
0.363
0.158
-0.431
2.038
-0.215
3.341
-0.597
0.434
0.525
1.762
0.523
0.367
-0.803
0.759
-0.680
3.409
1.154
0.824
1.670
1.592
0.464
0.386
0.381
0.086
0.550
0.547
0.344
0.377
-0.163
-0.014
0.458
2.390
0.779
-0.346
-0.310
-0.786
0.214
2.966
2.561
1.349
2.551
3.204
1.093
0.923
0.611
0.516
0.681
-0.020
0.398
0.402
0.082
0.216
0.546
0.443
0.243
0.454
0.061
2.484
0.527
-1.265
1.320
1.625
0.889
0.552
2.655
1.476
0.568
0.662
0.399
-0.036
-0.228
0.019
0.402
0.188
-1.082
-0.042
-0.451
0.552
-0.064
1.729
1.104
-0.134
-0.591
0.119
0.373
-0.204
1.048
-0.398
0.246
0.982
1.487
2.058
0.860
1.181
1.336
0.250
-0.083
0.238
0.345
-0.043
-0.653
1.558
0.483
0.515
0.960
0.361
0.302
1.110
0.311
0.194
0.631
0.157
0.526
0.285
0.416
0.161
0.325
0.366
-0.313
0.080
0.025
0.408
-0.025
0.403
0.031
0.678
0.659
0.667
1.138
0.016
0.369
0.595
0.387
0.389
2.308
0.151
0.053
0.617
-0.287
0.726
0.644
0.761
0.192
0.065
0.182
0.100
-0.381
0.042
0.213
-0.146
-0.017
0.503
0.369
0.227
0.222
-0.574
-0.090
-2.654
-2.014
-2.323
-1.221
0.272
0.117
-0.057
-0.571
-0.224
0.340
0.502
0.391
0.412
0.361
0.722
0.385
-1.708
-0.467
0.472
0.260
0.679
1.809
0.162
0.107
0.919
0.472
-0.041
0.286
0.297
0.287
2.087
3.111
3.595
1.199
2.523
