0.859
0.591
1.811
-0.388
-0.102
-2.894
-0.070
-0.765
-1.851
-0.687
0.024
-1.809
-0.553
-0.878
-0.184
-2.455
-0.714
-0.608
-0.722
-0.598
0.360
0.176
1.538
-0.482
0.197
-0.326
0.176
-0.280
-0.028
-0.023
0.051
-1.248
-0.254
-0.734
0.260
0.058
-0.699
-0.285
-0.797
-0.760
-0.123
-0.455
-0.223
-0.231
-0.740
-0.621
-0.109
0.143
-0.961
-0.041
-1.287
-0.248
-1.917
-1.932
-0.780
-0.399
-2.207
0.065
-0.254
0.442
-2.498
-0.989
-1.688
-0.049
-0.070
-0.460
-0.079
-1.460
-0.129
0.275
0.178
0.250
0.040
-0.002
0.212
-0.118
1.116
-0.025
-0.007
0.059
-2.481
-0.342
0.028
-2.049
-0.561
-2.629
-1.829
-0.582
-0.175
-0.523
-0.497
-0.524
-0.643
-0.547
-3.807
0.797
0.109
-0.289
-2.390
-0.877
-0.137
0.219
-3.778
-0.500
-1.856
-1.326
-0.343
-0.508
-2.711
-0.529
-0.237
0.272
0.374
1.626
-0.061
0.079
-3.658
0.047
-0.157
-0.451
-1.518
-2.400
-1.334
-0.384
-0.251
-1.019
-1.499
-0.051
-0.540
-0.344
2.195
-0.540
-0.022
-1.254
-0.046
-0.050
-1.464
-0.524
-0.083
1.373
-1.981
-0.274
-0.359
-0.413
-0.087
-0.827
2.111
0.546
-0.058
0.136
-0.190
0.500
0.096
-0.746
-0.054
-2.081
0.458
-0.187
-0.295
-0.868
-0.320
-0.237
0.860
-0.415
0.243
-2.851
-1.343
-0.846
-1.489
-1.774
-0.382
-0.251
-0.149
-0.087
-0.546
-0.299
-0.087
-0.088
-0.015
-0.069
-0.036
-2.030
-0.864
-0.047
-0.095
0.954
-0.220
-2.832
-1.331
-0.812
-2.521
-2.421
-0.879
-0.969
-0.748
-0.333
-0.173
0.003
-0.063
-0.067
0.088
-0.010
-0.270
-0.240
-0.145
-0.202
0.028
-2.580
-0.573
0.702
-1.192
-1.580
-0.378
-0.334
-2.548
-0.851
-0.591
-0.480
-0.150
-0.005
-0.117
-0.088
-0.168
0.163
-0.085
-0.002
0.405
-0.833
-0.087
-1.133
-0.953
-0.370
-0.098
-0.092
-0.561
-0.198
-0.836
0.733
-0.100
-0.080
-0.822
-0.203
-0.489
-0.337
-1.089
0.069
-0.044
-0.088
-0.216
-0.362
1.235
-0.424
-0.593
-0.020
-0.546
0.539
0.225
-0.130
-0.139
-0.223
0.144
0.013
-0.225
0.580
0.011
0.429
0.054
-0.224
-0.122
0.531
-0.031
0.107
-0.297
-0.128
-0.014
-0.793
-0.455
-0.678
-0.537
0.222
-0.081
-0.101
-0.061
-0.563
-1.762
-0.183
-0.021
-0.370
0.024
-0.293
1.090
0.230
-0.147
-0.052
-0.070
0.074
0.085
-0.104
0.001
0.271
0.246
-0.205
0.212
-0.247
-0.031
-0.031
-0.067
2.640
2.708
2.364
1.727
0.159
0.476
-0.157
-0.502
0.482
-0.586
-0.197
-0.165
-0.170
-0.994
-1.195
-0.128
0.329
-0.317
-0.327
0.238
-0.449
-1.738
-0.167
-0.431
-0.429
-0.115
0.396
-0.181
-0.209
-0.119
-1.683
-3.337
-2.416
-1.108
-2.012
