-0.189
-0.363
-1.249
0.100
-0.167
2.469
-0.166
0.404
2.105
0.708
-0.147
3.872
1.297
-0.119
0.609
2.456
1.731
-0.160
0.042
-0.576
0.116
-1.669
-0.281
0.428
0.573
-0.608
-0.142
0.143
0.389
0.023
-0.154
0.959
-1.273
-0.330
-0.327
0.503
0.373
0.639
1.367
0.695
0.488
1.062
0.593
0.105
-0.234
0.177
-0.264
-0.056
-0.157
1.708
1.080
1.652
1.828
0.019
0.605
0.225
1.351
-0.432
-0.029
-0.351
4.364
1.872
2.159
-0.110
-0.771
-0.223
-0.051
0.347
0.472
-0.590
-0.462
-0.099
0.021
0.295
0.193
0.488
-2.115
0.178
-0.250
-0.680
1.897
0.175
0.303
2.029
1.195
2.460
0.422
-0.016
-0.337
-0.400
-0.412
-0.048
-0.335
-0.635
3.184
-0.078
-0.212
0.401
2.980
1.401
2.014
-0.842
3.399
0.510
1.940
1.315
0.592
-0.401
2.894
0.262
-0.427
-0.126
0.238
-1.734
0.517
-1.206
1.815
-0.641
-0.195
0.047
0.396
2.538
1.384
1.425
0.817
1.317
2.054
-0.507
2.261
0.262
-1.565
0.103
0.079
-0.191
-0.133
0.276
2.284
0.406
0.668
-2.103
3.359
0.367
-0.936
0.267
-1.620
1.067
-4.418
-2.600
0.001
-0.130
0.272
-2.591
-0.694
2.779
2.872
1.139
0.361
2.124
0.831
2.474
1.033
-0.327
-2.278
0.446
-2.198
2.244
-0.132
-0.155
0.543
0.053
2.165
2.061
1.141
0.399
1.001
1.429
0.417
-0.145
0.192
-0.045
-0.106
0.942
0.072
-0.299
-0.165
-1.215
-0.822
3.354
0.675
0.814
4.143
3.719
0.818
-0.134
1.400
0.975
0.498
-0.067
-0.122
-0.118
0.038
0.393
-0.141
-0.104
0.277
0.015
-0.110
1.977
0.574
-1.264
0.992
2.260
0.901
0.051
2.620
0.818
0.063
-0.138
-0.074
-0.608
-0.041
0.034
0.066
-0.259
-0.118
-0.099
-1.855
0.786
-1.007
0.877
1.305
0.834
-1.625
0.239
1.757
0.781
0.793
-0.349
0.042
0.268
0.890
0.221
0.667
0.958
-0.907
0.877
-0.196
0.161
-0.021
0.135
-0.661
1.719
0.168
1.056
1.803
-0.582
-0.110
1.236
-0.172
-0.981
-0.314
-0.367
1.624
-1.517
0.392
-1.269
-1.454
0.292
0.235
-0.207
0.018
-0.566
-0.138
-0.417
-0.032
0.981
0.687
0.096
1.265
-0.083
-0.122
-0.003
0.148
0.209
3.274
0.425
-0.428
0.312
2.601
0.301
-0.175
0.320
0.031
-0.248
-0.123
-0.138
-0.206
-0.138
-0.016
-0.111
-0.202
0.259
-0.314
-0.048
0.013
-0.556
-0.419
-2.027
-0.706
-0.244
-0.136
0.562
-0.358
-0.199
-0.522
-0.614
-0.965
1.087
0.283
-0.066
-0.193
-0.549
-0.253
-1.062
-0.314
0.064
-0.066
0.472
1.275
0.009
0.046
0.888
-1.309
-0.966
0.395
-0.184
0.393
3.757
4.327
1.054
-0.563
1.717
