1.563
0.194
1.444
-0.223
-0.913
-3.356
-0.174
-0.494
-1.543
-0.304
-0.037
-3.732
-0.570
0.448
-0.292
-2.749
-0.849
-0.435
-0.064
0.093
-0.176
0.169
1.192
-0.300
0.077
-1.840
0.498
-1.476
0.531
0.549
-0.031
-0.962
0.293
0.166
0.803
0.112
-1.068
-0.105
-0.227
-0.282
-0.042
-0.724
-0.320
-0.059
-0.965
-0.705
0.999
-0.190
-1.833
-0.587
-1.324
0.178
-1.627
-1.788
-1.325
-0.577
-2.328
1.062
-0.088
0.605
-2.747
-0.753
-1.980
-0.085
-0.001
0.171
0.103
-0.721
-0.167
0.321
0.284
0.071
0.044
-0.054
0.133
-0.032
0.616
0.188
0.159
0.194
-3.440
-0.411
-0.218
-2.613
-0.698
-2.324
-1.882
-0.000
-0.020
0.106
-0.056
-0.032
0.091
-0.344
-3.429
-0.125
-0.520
-0.312
-2.624
-1.284
-0.233
-0.006
-3.216
0.122
-1.871
-1.089
0.004
-0.248
-2.138
0.587
0.056
0.100
-0.054
1.706
-0.050
-0.040
-3.343
0.686
-0.176
-0.726
-0.927
-2.214
-1.767
-0.662
-0.401
-1.339
-1.278
0.053
-0.605
-1.462
0.674
-0.592
0.067
-0.692
0.208
0.079
-1.934
-0.361
0.257
2.670
-1.764
-0.377
0.023
-0.078
0.630
-0.977
2.170
1.592
-0.077
0.029
0.066
-0.061
0.146
-0.124
-0.139
-2.240
0.479
-0.099
-0.043
-0.131
-0.846
-0.498
1.076
-0.569
0.556
-4.546
-2.377
-0.527
-1.715
-3.328
-0.109
-0.257
-0.176
0.046
-0.284
-0.138
-0.039
-0.217
0.014
0.175
-0.192
-2.039
-0.632
-0.357
0.023
0.872
0.023
-2.836
-2.038
-0.986
-1.787
-2.520
-0.318
-1.052
-0.148
-0.205
-0.336
0.020
-0.038
-0.134
0.203
0.101
-0.260
-0.176
0.203
-0.254
0.096
-2.370
-0.739
0.211
-0.721
-1.637
-0.510
-0.134
-2.214
-0.746
-0.580
-0.216
-0.095
0.230
0.179
0.289
-0.154
-0.047
0.119
0.132
0.610
-0.497
0.107
-0.524
-0.763
-0.293
-0.163
0.044
-0.473
0.192
-0.356
0.884
-0.015
-0.552
-0.501
-0.134
-0.863
-0.454
-0.895
-0.262
0.048
-0.002
0.345
0.863
0.496
-1.211
-0.533
-0.090
-0.959
0.106
-0.043
0.145
-0.127
-0.439
-0.018
0.067
-0.076
0.003
0.074
-0.048
-0.253
-0.077
-0.002
0.373
0.167
-0.017
-0.003
0.042
-0.092
-0.499
-0.076
-0.402
-0.712
0.034
0.079
-0.054
0.101
-0.085
-3.054
-0.204
-0.286
0.019
-0.039
-0.489
-0.273
0.336
-0.056
0.189
0.034
0.260
0.338
-0.255
-0.048
0.500
0.264
-0.117
0.248
0.006
0.166
-0.033
-0.043
2.879
2.463
2.744
1.523
0.109
0.165
-0.050
0.032
0.422
0.104
-0.057
-0.200
-0.051
-0.300
0.143
-0.306
1.372
0.157
-0.088
-0.143
-0.493
-1.241
0.272
-0.036
-0.612
-0.102
-0.008
-0.208
0.081
0.056
-2.387
-2.980
-3.181
-0.743
-2.479
