0.375
0.339
-0.175
0.347
-1.852
-2.334
0.202
-0.122
-1.951
-0.292
-0.243
-2.805
-0.789
0.045
0.039
-1.531
-0.469
-0.376
0.162
0.297
0.298
0.216
0.905
-0.721
0.322
-0.367
0.495
-0.258
0.326
0.265
0.203
-0.746
0.357
-0.171
0.099
-0.182
-0.017
-0.238
-0.210
-0.508
-0.505
-0.665
-0.747
-0.549
-0.074
-0.170
0.363
0.083
-1.314
-0.377
-1.151
-0.172
-1.466
-1.533
0.167
-0.435
-1.917
0.450
-0.224
-0.184
-2.151
-0.933
-1.295
0.169
0.207
-0.081
-0.043
-0.708
0.187
0.513
0.446
0.307
0.253
0.686
0.266
0.175
0.962
0.542
0.288
0.353
-2.133
-0.065
0.201
-1.299
-0.264
-2.902
-1.948
0.178
0.083
0.758
0.238
0.324
0.246
-0.241
-2.519
0.983
0.200
-0.418
-2.609
-1.316
0.322
0.201
-3.133
0.245
-1.617
-0.708
0.240
0.326
-2.022
0.478
-0.118
0.269
0.212
0.898
-0.155
0.247
-3.528
0.444
-1.115
-0.710
-2.000
-2.530
-1.567
-0.491
-0.201
-0.928
-1.441
0.264
0.193
0.196
0.077
-1.661
0.254
-1.264
0.237
0.213
-0.814
0.158
0.616
2.307
-1.817
-0.329
-0.022
-0.228
0.236
0.023
2.178
1.346
0.280
0.937
-0.150
0.165
0.198
-0.915
-0.359
-1.797
0.519
-0.209
0.210
-0.529
-0.310
-0.293
1.298
-0.328
0.951
-2.517
-0.203
-0.809
-1.305
-0.238
-0.309
-0.397
-0.316
0.165
-0.306
-0.312
0.166
-0.185
0.093
0.265
-0.136
-1.581
-0.647
-0.140
-0.149
0.892
-0.142
-2.757
-1.649
-0.958
-2.539
-3.187
-0.489
-0.516
-0.310
-0.442
-0.522
0.258
-0.206
-0.249
-0.184
-0.242
-0.434
-0.459
-0.207
-0.420
0.084
-3.129
-1.366
0.774
-0.307
-1.095
-0.658
-0.272
-2.599
-1.434
0.237
-0.197
-0.234
0.257
0.240
0.338
-0.224
0.145
0.242
0.430
0.243
-0.487
0.013
-0.923
-0.624
-0.231
0.045
0.198
-0.468
-0.119
-1.086
0.855
-0.190
-0.231
-0.502
-1.177
-0.718
-0.413
-0.988
0.071
0.225
-0.006
0.289
0.713
0.315
-0.614
-0.136
-0.621
-0.602
0.375
0.194
0.473
-1.624
-0.719
-0.704
0.392
-1.156
0.114
-0.029
0.577
0.253
-0.338
0.274
-0.278
-0.273
-0.175
0.241
-0.242
0.296
-0.183
-0.321
-0.381
-0.185
0.341
0.306
-0.077
0.350
-0.012
-2.537
-0.127
0.204
-0.154
0.069
0.008
0.336
1.013
0.142
0.232
0.052
0.241
0.191
0.516
0.160
0.341
0.244
-0.256
0.224
0.159
0.251
0.033
0.230
3.401
2.419
2.794
1.895
0.176
0.413
0.183
0.811
0.713
0.269
0.010
-0.118
0.183
0.179
-0.175
0.193
1.478
0.317
0.034
0.079
-0.309
-1.538
0.299
0.463
0.003
0.058
0.733
-0.150
-0.049
0.220
-1.518
-2.038
-3.197
-0.487
-1.420
