0.236
-0.206
-2.307
0.778
0.378
2.413
0.673
1.508
2.350
0.968
0.095
2.211
0.744
0.206
0.252
2.205
0.710
0.438
0.525
-0.010
-0.455
0.043
-1.270
0.486
-0.256
0.111
-0.482
0.812
-0.127
0.619
0.473
0.690
-0.253
0.146
-0.638
0.259
0.501
0.643
0.515
0.403
0.399
0.646
0.751
0.474
1.494
1.253
1.065
-0.046
1.624
0.352
1.279
0.272
1.884
1.814
0.369
0.583
1.852
-0.451
0.269
-0.292
2.161
0.741
1.437
-0.071
-0.381
-0.524
-0.057
1.008
0.194
-0.621
-0.541
-0.288
-0.268
-0.277
-0.071
0.111
-0.743
-0.416
-0.200
-0.273
2.986
0.208
-0.512
2.286
1.157
2.649
2.594
0.803
0.847
0.810
0.854
0.833
0.736
0.355
2.613
-0.533
-0.100
0.502
2.482
1.107
0.184
-0.250
2.691
-0.319
1.102
0.296
-0.138
0.338
2.471
0.091
0.141
0.015
-0.421
-1.916
-0.043
-0.241
2.913
-0.395
0.406
0.329
1.402
2.418
1.203
0.497
0.281
1.012
1.637
0.445
0.971
0.382
-0.651
-0.016
-0.183
1.803
0.106
0.075
1.081
0.013
0.258
-2.246
1.930
0.605
-0.061
0.675
-0.288
0.484
-1.819
-1.387
-0.228
-0.323
0.443
-0.222
-0.217
1.305
-0.110
2.217
-0.732
0.275
0.558
1.057
0.462
0.410
-1.676
0.521
-0.980
2.016
0.306
0.690
1.008
0.540
0.237
0.347
0.213
-0.069
0.294
0.212
0.201
0.073
-0.048
-0.142
-0.065
1.489
0.596
0.134
-0.113
-0.619
0.122
2.453
1.317
0.771
2.686
3.155
0.500
0.996
0.605
0.328
0.725
-0.221
-0.042
0.031
-0.274
-0.070
0.346
0.259
0.255
0.313
-0.203
2.189
0.661
-1.039
0.468
0.946
0.179
0.418
1.915
0.809
0.197
0.396
0.205
-0.038
-0.187
-0.126
0.132
0.133
-0.228
-0.354
-0.088
0.804
0.049
0.908
0.786
0.071
-0.104
-0.034
0.045
0.227
0.610
-0.883
0.032
0.238
0.058
1.139
0.491
0.191
1.493
0.063
-0.063
-0.160
-0.072
1.004
-0.618
0.819
0.071
0.864
1.308
-0.195
-0.481
0.758
0.333
0.366
0.637
-0.574
0.909
-1.083
0.549
-1.380
-0.318
0.186
0.095
0.003
-0.125
-0.014
0.057
-0.028
0.240
0.515
0.435
0.647
0.478
-0.299
-0.271
0.379
-0.020
0.352
2.281
0.092
0.192
0.200
-0.122
0.448
-0.113
0.047
0.177
0.115
0.346
0.117
-0.040
0.386
0.225
-0.122
-0.073
0.367
0.314
0.268
0.184
0.393
0.196
-2.840
-2.152
-2.363
-1.550
-0.691
-1.083
0.310
-1.477
-1.020
-0.109
0.559
0.434
0.485
0.567
0.908
0.567
-0.753
-0.151
0.265
-0.169
0.228
1.442
0.339
-0.228
0.211
0.233
-0.576
-0.260
0.139
-0.077
1.328
2.202
3.092
1.453
1.988
