-0.176
-0.134
-0.325
0.237
-0.514
-3.584
-0.924
-0.334
-1.904
-0.679
-0.003
-2.532
-0.832
0.104
-0.389
-2.549
-0.772
-0.297
-0.172
-0.241
0.363
0.418
0.007
-0.590
0.620
0.007
0.145
-0.019
0.395
0.290
0.095
-0.570
0.097
-0.063
0.279
-0.121
-0.901
-0.307
-0.562
-0.964
-0.448
-0.765
-1.451
-0.241
-0.018
-0.236
0.733
0.009
-1.335
-0.782
-1.813
-0.474
-1.511
-1.762
-0.309
-0.142
-2.256
-0.038
-0.157
-0.192
-2.694
-0.978
-1.593
-0.041
0.379
0.443
0.276
-0.399
-0.530
1.911
1.822
1.534
-0.117
0.255
1.572
-0.294
0.395
-0.175
-0.568
1.523
-1.160
0.007
0.403
-2.270
-0.938
-3.096
-2.393
-0.362
-0.980
-0.791
-0.415
-0.430
0.137
-0.545
-1.856
0.353
0.310
-0.079
-3.705
-1.559
-0.129
0.402
-2.456
-0.227
-1.770
-0.805
0.016
0.007
-2.388
-0.303
-0.181
0.160
0.057
1.312
-0.048
-0.062
-3.293
0.392
-0.391
-1.069
-2.219
-3.256
-1.799
-0.455
-0.481
-1.074
-1.929
-0.147
-0.568
-0.530
0.007
-0.713
0.290
-0.536
-0.520
-0.416
-2.033
0.302
-1.039
1.561
-1.878
-0.841
-0.110
-0.575
0.451
-0.616
1.827
1.145
-0.018
0.578
-0.436
0.105
0.079
-1.135
2.266
-0.271
0.465
0.107
-0.122
-0.666
-0.372
-0.031
0.670
-0.779
0.606
-3.221
-2.082
-0.558
-1.341
-2.743
-0.562
-0.366
-0.321
0.258
-0.309
-0.344
-0.425
0.002
-0.103
0.332
-0.016
-1.887
-0.799
0.099
-0.116
0.632
0.042
-3.156
-2.149
-1.135
-3.014
-6.336
-0.873
-0.427
-0.561
-0.431
-0.528
0.452
0.013
0.217
0.064
0.020
-0.585
-0.474
-0.169
-0.433
0.135
-2.403
-1.145
0.522
-1.078
-1.933
-0.408
-0.712
-2.416
-1.158
-0.388
-0.447
-0.372
0.298
0.088
0.067
-0.275
-0.289
0.068
0.090
-0.148
-0.169
0.396
-1.001
-1.089
-0.180
0.020
0.232
-0.300
-0.472
-0.889
0.007
0.045
-0.337
-0.009
-0.802
-0.506
-0.431
-0.865
0.173
0.068
-0.501
0.537
0.757
0.520
-1.354
-0.363
-1.191
-1.606
0.294
0.293
-0.069
-1.961
0.100
-0.522
0.042
-1.788
0.243
-0.045
0.762
0.299
-0.661
-0.141
-0.426
-0.386
0.046
0.027
0.433
-0.311
-1.081
-0.351
-0.111
-0.512
0.422
0.056
-0.206
0.033
-0.033
-2.284
-0.269
-0.100
-0.300
1.561
-0.424
0.325
0.924
-0.357
0.702
0.007
0.183
0.081
-0.108
-0.018
0.577
0.400
-0.194
-0.158
-0.330
0.372
-0.247
-0.037
3.356
1.335
1.858
0.746
-0.227
0.171
-0.118
-0.047
0.829
-0.123
-0.418
-0.280
-0.279
-0.004
-0.518
-0.122
1.899
0.379
-0.177
-0.590
-0.768
-1.277
-0.307
-0.082
-0.548
-0.253
0.816
-0.037
-0.605
0.025
-2.570
-2.667
-3.908
-0.652
-1.597
