-1.654
-2.317
-1.484
0.631
-0.044
2.587
0.291
0.612
2.271
0.539
0.045
3.536
0.775
-0.061
0.872
2.502
0.544
1.087
0.063
0.607
0.156
0.029
-1.099
0.570
-0.206
1.399
-0.474
0.994
-0.271
-0.554
-0.111
0.763
-0.059
-0.166
-1.228
-0.766
0.099
0.186
0.457
-0.066
0.062
0.466
0.702
0.091
0.555
0.422
-0.209
-0.045
0.699
0.294
1.278
-0.102
2.085
1.370
0.600
0.755
2.645
-0.474
0.147
-0.446
2.868
0.830
2.113
0.000
0.003
-0.105
-0.030
1.361
-0.007
-0.518
-0.439
-0.211
-0.257
-0.464
-0.230
-0.005
-0.678
-0.185
-0.200
-0.345
2.435
0.111
0.030
1.760
0.681
2.819
2.170
0.511
-0.088
0.384
0.414
0.453
0.562
-0.144
3.302
-0.043
0.115
0.356
2.669
1.067
-0.131
0.003
3.379
-0.005
1.379
0.710
0.034
0.045
2.869
0.059
0.125
0.161
-0.188
-1.496
0.019
0.027
3.273
-0.647
-0.046
0.368
1.465
3.078
1.411
0.189
-0.036
1.183
1.151
0.153
0.598
0.900
-1.232
0.356
-0.084
1.288
0.045
0.037
0.854
0.082
-0.373
-2.565
2.499
0.647
-0.139
0.382
-0.734
0.263
-2.095
-2.000
0.093
-0.265
0.231
-0.101
-0.868
0.912
0.393
2.091
-0.815
-0.313
0.150
0.860
0.544
0.285
-1.332
0.407
-0.634
3.254
0.222
0.606
1.331
0.453
0.401
0.438
0.494
-0.528
0.297
0.407
-0.229
-0.135
-0.375
-0.455
-0.040
2.058
0.567
0.009
-0.019
-0.981
0.050
3.191
2.309
0.803
2.476
3.503
0.236
0.445
0.213
0.168
0.612
-0.291
-0.101
-0.156
-0.465
-0.426
0.003
0.160
-0.246
0.187
0.015
2.035
0.852
-0.649
0.400
0.625
0.414
0.311
2.682
0.552
0.673
0.419
0.024
-0.564
-0.163
-0.218
0.151
0.202
-0.271
-0.346
-0.211
0.294
-0.098
1.252
0.673
-0.227
-0.137
0.127
-0.086
-0.099
0.555
-0.815
0.001
0.275
1.266
0.857
0.496
0.554
0.809
-0.432
-0.040
-0.404
-0.709
0.410
-0.617
1.110
0.731
0.411
0.928
-0.120
-0.215
0.522
0.142
0.461
0.093
0.125
0.423
-0.232
0.052
-0.821
-0.040
0.776
0.043
0.819
0.084
-0.161
-0.112
-0.242
0.223
0.625
0.221
0.286
0.138
-0.343
-0.292
0.126
-0.308
-0.135
3.200
0.013
-0.134
-0.361
0.097
0.301
-1.131
-1.562
0.127
-0.016
0.048
0.026
-0.725
0.260
-0.121
-0.519
-0.572
0.215
-0.282
0.085
-0.276
0.035
0.061
-3.655
-1.890
-2.625
-1.249
-0.269
-0.533
0.020
-0.973
-0.706
0.250
0.213
0.221
0.006
0.277
0.158
-0.017
-1.004
-0.125
0.061
0.079
0.391
1.129
0.395
0.163
0.156
-0.056
-0.766
-0.575
0.591
0.160
2.033
3.662
3.679
1.403
1.635
