2.468
1.807
-0.185
0.325
1.147
3.251
0.104
0.175
1.267
0.292
0.101
3.137
0.488
0.213
0.395
2.413
0.549
1.288
0.300
-0.246
-0.118
-0.445
-2.074
0.260
-0.360
-0.220
-0.979
0.248
0.021
-0.528
0.034
1.341
-0.103
-0.417
-1.355
-0.284
0.009
0.159
0.499
0.459
-0.205
0.675
0.526
-0.153
-0.220
0.231
-0.289
-0.297
0.690
0.169
1.770
-0.257
2.262
2.124
2.341
-0.422
2.472
-0.500
0.022
0.039
2.311
1.034
2.154
-0.314
0.038
-0.276
-0.024
0.576
-0.064
-0.640
-0.474
-0.390
0.028
-0.199
-0.330
-0.043
-0.938
-0.745
-0.226
-0.496
3.248
0.101
-0.006
1.576
0.428
2.563
1.843
0.106
-0.128
-0.385
0.045
0.107
-0.233
0.085
4.356
-0.515
-0.240
-0.216
3.218
1.554
-0.329
0.046
3.465
-0.154
1.582
0.366
-0.252
0.076
3.425
0.112
0.018
0.247
-0.472
-1.891
0.174
-0.254
3.467
-0.822
-0.363
0.664
1.184
2.742
1.452
0.293
-0.260
0.809
1.556
-0.367
0.463
1.032
-0.520
0.876
-0.108
1.635
0.097
-0.026
1.090
0.229
-0.308
-2.157
2.532
0.860
-0.316
0.023
-0.693
-0.019
-2.278
-1.339
-0.350
-1.036
0.231
-0.454
-0.279
0.985
-0.752
1.902
-0.845
0.023
-0.012
0.827
1.004
0.111
-1.027
0.869
-0.758
3.738
-0.254
0.218
1.190
-0.219
0.257
0.131
0.149
-0.250
0.222
0.297
0.068
-0.067
-0.140
-0.362
0.170
2.427
0.546
0.142
0.043
-0.771
0.078
2.314
1.507
0.848
3.270
3.878
0.372
0.881
0.392
0.592
0.396
-0.306
-0.254
0.239
-0.251
-0.074
0.423
0.419
-0.029
0.294
-0.044
2.376
0.748
-1.155
0.278
1.343
0.636
0.266
2.596
0.837
-0.373
-0.342
-0.093
-0.378
-0.271
-0.243
0.113
0.169
-0.434
-0.358
-0.308
0.693
0.156
1.116
0.716
0.139
0.068
-0.077
0.289
-0.122
0.604
-0.559
0.123
-0.067
-0.232
-0.141
0.345
-0.270
0.745
-0.384
-0.013
-0.065
-0.392
-0.659
-0.533
1.350
0.683
1.830
1.888
-0.092
-0.380
0.453
1.450
0.434
0.462
-0.411
1.506
-0.918
1.207
-0.896
-0.080
0.352
0.275
0.504
-0.107
0.020
0.043
0.069
0.358
0.368
0.440
0.391
0.612
-0.304
-0.251
0.135
-0.169
0.162
3.283
0.028
-0.131
-0.224
-0.851
0.601
-0.292
0.363
0.204
0.129
0.153
0.108
-0.331
-0.117
0.036
-0.439
-0.365
0.199
-0.101
0.191
-0.325
-0.086
0.062
-3.322
-1.965
-2.173
-1.574
-0.649
-0.978
0.136
-1.212
-0.659
0.118
0.294
-0.187
0.035
-0.340
-0.230
0.115
-1.323
-0.471
0.059
-0.006
0.054
1.111
0.348
-0.324
-0.088
-0.442
-0.784
-0.621
-0.179
0.134
1.981
4.084
3.394
1.615
2.807
