-0.691
-0.662
-1.112
-0.043
1.025
2.496
0.107
0.889
1.291
0.373
-0.099
2.380
0.460
-0.014
0.152
2.253
0.473
-0.091
0.177
-0.041
-0.216
-0.725
-0.363
-0.185
-0.264
0.403
-0.198
0.519
0.141
-0.010
0.033
1.327
-0.488
-0.595
-0.741
-0.008
0.528
0.468
0.177
0.250
0.472
0.955
0.385
0.513
0.059
0.149
-0.307
-0.065
1.250
0.986
0.467
0.047
1.283
-0.391
0.268
0.094
2.460
-0.703
0.034
-0.502
2.257
0.694
1.871
0.022
0.087
-0.493
0.246
1.342
0.041
-0.507
-0.383
-0.409
0.097
0.196
-0.254
0.063
-0.731
-0.050
-0.201
-0.297
2.882
0.104
0.106
2.546
0.116
2.044
1.033
0.117
0.026
0.011
0.064
0.105
0.058
-0.152
3.113
-0.511
0.134
0.624
2.385
0.037
0.710
0.092
3.644
0.669
1.852
1.632
0.142
0.078
2.281
0.371
-0.008
0.038
-0.093
-1.434
0.035
-0.526
3.104
-0.558
-0.148
0.655
0.861
1.058
1.180
0.768
0.122
0.199
1.062
0.020
0.326
1.505
-0.436
0.390
0.140
1.039
0.559
0.708
2.190
0.040
0.197
-1.248
2.606
1.026
0.180
0.236
-0.501
0.844
-1.685
-0.918
-0.148
0.562
0.106
0.055
-0.082
0.905
0.666
1.472
-0.507
0.629
0.110
0.761
0.305
0.252
-0.829
0.294
-0.329
3.340
0.630
0.262
1.122
1.185
1.288
1.406
1.119
-0.067
0.817
1.015
0.374
-0.219
-0.051
-0.332
0.218
1.059
0.455
0.018
0.202
-0.608
0.097
2.553
1.183
1.023
2.195
1.372
0.427
0.401
0.322
0.371
0.368
0.007
0.047
0.071
0.077
0.021
0.070
0.126
0.314
0.274
0.020
2.498
1.330
-0.365
0.427
1.237
1.028
0.076
1.969
0.644
0.742
0.446
0.447
-0.577
0.109
0.294
0.412
0.321
-0.036
0.162
-0.660
0.515
0.200
0.815
0.807
0.058
0.140
0.034
1.251
1.252
0.413
-0.766
0.121
-0.067
1.104
0.989
0.338
0.733
-0.165
-0.056
-0.033
0.213
1.058
0.361
-0.762
1.580
0.411
0.613
0.588
-0.190
0.012
0.528
0.048
0.476
0.130
-0.202
0.503
-0.436
0.238
-0.295
-0.627
0.551
-0.037
0.362
0.184
0.153
0.029
-0.289
0.143
0.608
0.748
0.482
0.778
-0.389
0.117
0.603
0.100
0.354
2.068
0.198
-0.080
-0.154
0.640
0.205
0.196
-0.302
0.148
-0.097
-0.039
-0.088
-0.288
-0.128
-0.022
-0.046
-0.203
0.165
-0.132
0.150
-0.027
0.018
0.081
-1.953
-1.312
-1.796
-0.545
0.088
-1.126
-0.015
-0.398
-0.634
0.101
1.289
0.741
0.177
-0.074
-0.063
-0.047
0.256
0.028
0.416
-0.138
0.501
1.227
0.306
0.492
0.305
-0.031
-0.326
-0.060
0.151
0.176
3.400
2.772
0.911
0.374
2.320
