0.213
-0.035
-0.540
-0.266
-0.346
2.103
0.085
0.027
1.858
0.107
-0.492
3.215
0.920
-0.244
-0.233
2.158
0.080
-0.436
-0.385
-0.091
-0.860
-0.918
0.459
-0.433
-0.377
-0.761
-0.751
-0.796
-0.760
-0.255
-0.567
1.204
-0.505
1.075
0.808
0.965
-0.010
0.809
0.350
-0.036
0.908
1.180
0.471
0.460
-0.069
-0.057
-0.105
0.162
-1.060
0.583
0.406
-0.647
1.529
1.586
-1.166
-0.887
3.309
-0.872
-0.442
-0.874
2.543
0.727
1.377
-0.325
-0.144
-0.586
-0.732
0.942
-0.105
-0.240
-0.244
-0.197
-0.190
-0.114
-0.184
-0.220
-0.161
-0.117
-0.105
-0.236
2.128
-0.251
-0.516
1.465
-0.032
2.347
0.653
-0.045
-0.068
-0.126
-0.055
-0.038
-0.074
0.007
2.231
-0.077
-0.054
-0.053
2.758
-0.544
0.019
-0.241
3.309
0.003
1.872
1.430
-0.772
-0.697
2.045
-0.371
-0.130
-0.105
-0.664
-0.688
-0.574
-0.672
3.819
-0.667
1.014
0.766
1.626
2.042
0.345
0.121
0.210
0.080
1.139
-0.596
-0.055
0.600
0.503
-0.092
-0.433
0.409
0.239
0.134
0.849
-0.423
-0.474
-0.654
2.917
-0.174
-0.073
-0.236
-0.515
0.723
-0.732
-0.541
0.251
-0.727
-0.149
-0.512
0.135
2.116
1.163
1.795
-0.658
0.806
0.108
1.578
0.196
0.323
-0.702
0.292
-0.691
2.188
1.066
0.166
0.790
1.156
1.270
0.776
0.840
0.034
0.526
0.744
0.201
0.197
-0.024
0.026
-0.166
2.097
0.860
-0.711
-0.552
-0.111
-0.709
3.355
1.867
1.136
2.856
2.028
0.426
0.207
0.240
0.082
-0.055
-0.185
-0.192
-0.128
-0.105
-0.105
-0.105
-0.093
0.004
-0.054
-0.087
3.167
0.862
-0.422
0.568
1.289
0.770
0.287
2.360
0.737
0.722
0.409
0.697
0.084
0.127
0.350
0.344
0.241
-0.047
0.485
0.388
1.026
-0.854
1.689
1.457
-0.680
-0.464
-0.118
0.113
1.021
0.232
-0.813
-0.104
0.301
1.205
1.970
0.527
0.573
0.480
-0.100
-0.305
-0.064
1.332
-0.329
-0.417
0.967
0.096
0.244
0.260
0.121
0.167
0.143
0.209
0.320
0.264
0.237
0.222
0.191
0.210
0.010
-0.654
0.883
0.085
-0.091
-0.351
-0.352
-0.334
-0.494
-0.910
0.694
1.818
0.490
1.837
-0.327
0.478
1.053
0.508
0.418
2.032
-0.381
0.136
0.273
1.135
0.324
-0.000
0.033
0.034
-0.443
-0.127
-0.527
-0.433
-0.097
-0.398
-0.367
-0.575
0.182
-0.501
0.041
-0.414
-0.516
-0.031
-0.658
-0.646
-0.655
-0.658
-0.068
-0.060
-0.307
-0.295
-0.698
-0.931
0.035
-0.022
-0.059
0.679
0.350
-0.154
-0.621
-0.686
0.355
-0.107
-0.157
1.288
-0.038
-0.105
-0.439
-0.735
-0.732
0.169
0.106
-0.041
2.134
2.461
0.520
-0.002
2.366
