1.180
1.568
-2.783
-0.186
-0.393
2.370
0.647
0.599
2.065
1.053
0.847
2.838
0.819
-0.844
-0.136
1.931
0.419
0.220
-0.286
0.500
0.227
-1.975
-0.281
-0.320
-0.147
0.731
-0.596
0.797
0.131
0.080
0.366
1.018
-1.388
-0.921
-0.556
-0.650
0.285
0.977
0.684
0.797
1.153
0.760
0.246
0.624
0.133
0.326
0.017
0.254
1.185
1.540
0.166
1.566
0.487
-0.682
0.210
0.284
1.779
-1.079
-0.824
-0.261
1.309
-0.183
2.385
-0.139
-0.433
-0.945
0.162
0.839
-0.239
-0.689
-0.871
-0.291
0.123
0.085
-0.236
-0.040
-2.555
-0.063
-0.350
-0.600
1.942
0.271
-0.552
2.460
1.353
3.175
1.946
0.223
0.064
0.354
0.145
0.205
0.224
0.194
1.314
-0.329
-0.013
0.247
2.159
-0.124
0.915
-0.127
2.408
0.429
1.490
2.193
-0.552
-0.021
2.354
0.051
-0.082
0.131
0.257
-1.330
-0.008
-1.239
2.257
0.035
0.246
1.197
1.024
0.741
1.507
0.648
0.670
-0.179
1.291
-0.290
0.646
0.478
-0.071
0.169
-0.455
0.748
-0.038
0.137
1.259
-1.585
-0.100
-1.428
2.344
0.809
-0.909
0.727
-1.444
1.376
-5.211
-0.257
0.238
0.605
-0.185
0.035
0.269
1.357
1.152
2.189
-1.063
0.710
0.069
1.140
0.146
-0.045
-2.698
-0.116
-1.972
3.930
1.033
0.830
1.026
1.294
0.551
0.267
0.409
0.168
0.338
0.520
1.069
0.255
0.403
0.194
-0.337
0.777
0.251
0.081
0.289
-0.425
0.039
2.551
1.690
1.152
1.944
2.398
-0.077
0.294
0.408
0.455
1.073
0.230
0.228
0.177
0.441
-0.234
0.208
0.229
0.333
0.370
0.121
2.403
1.174
-0.300
0.736
1.595
1.605
-0.705
1.888
1.325
0.855
0.363
0.440
-1.347
-0.435
0.214
0.194
-0.008
-1.158
-0.398
-1.303
0.942
-0.575
0.525
0.550
-0.343
0.439
0.203
1.037
0.708
1.086
-1.515
0.614
0.184
1.419
0.586
0.991
1.181
-1.670
0.421
-0.113
0.268
-0.057
-0.121
-0.652
1.816
-0.229
0.147
1.620
-0.175
0.223
-0.446
-0.089
0.424
-0.017
-0.146
0.130
0.086
-0.022
-0.194
-1.566
0.423
0.289
0.844
-0.526
0.013
-0.009
-0.316
-0.057
1.509
0.935
0.606
0.750
0.224
0.178
0.575
0.630
0.451
2.919
-0.049
0.004
0.065
1.171
-0.173
-1.748
-0.851
0.346
0.371
0.288
0.275
-1.543
0.743
0.330
-0.760
0.221
0.254
1.507
0.406
0.326
-0.036
0.052
-1.534
-2.120
-1.390
-1.301
-1.337
-1.310
-0.154
-0.518
-0.932
-0.907
0.699
0.594
0.491
0.400
0.513
0.289
-0.549
-0.574
0.723
0.105
0.653
1.443
0.194
0.215
0.211
0.240
-0.748
-0.845
0.107
0.042
3.206
3.936
0.265
2.102
0.383
