-0.327
-0.162
-3.913
-0.365
0.008
2.288
0.173
0.108
1.789
0.138
-0.015
3.339
0.567
-0.730
-0.516
2.102
0.837
0.022
0.135
0.071
-0.129
-0.085
-1.472
-0.391
-0.452
0.072
-0.095
0.044
0.007
-0.090
0.007
0.376
-0.900
0.040
0.061
0.556
0.337
0.657
0.011
0.671
1.186
0.468
0.251
-0.102
0.106
0.007
-0.739
-0.640
1.764
0.425
1.741
-0.031
1.269
0.882
0.220
0.144
1.550
-0.390
-0.002
-0.412
2.416
0.442
1.560
0.108
-0.062
-0.344
-0.149
0.323
0.178
0.007
0.007
0.007
0.007
-0.100
0.020
0.130
-0.080
0.007
0.010
0.007
1.936
0.007
-0.309
1.711
0.121
3.125
2.120
0.026
0.007
0.007
0.042
0.117
0.031
0.834
4.119
-0.667
0.007
0.827
0.998
0.400
0.026
0.055
3.013
-0.073
1.020
0.077
-0.098
0.047
2.599
0.068
0.018
-0.174
-0.203
-1.658
-0.193
-0.493
2.432
-0.924
0.656
0.334
1.428
3.407
2.061
0.559
1.137
0.680
1.021
-0.169
0.997
0.599
-0.327
0.007
0.007
0.007
0.275
0.031
1.409
0.195
0.189
-2.320
0.903
0.012
0.007
0.061
0.217
0.424
-2.835
-2.417
-0.066
0.007
0.174
-0.253
-0.138
1.721
0.299
1.741
-0.461
0.208
0.255
0.729
-0.068
-0.263
-1.236
-0.097
-0.982
1.459
0.457
0.350
0.585
0.982
0.028
-0.193
0.129
0.007
0.041
0.030
0.007
0.060
0.007
0.135
-0.040
1.797
0.307
0.058
0.007
-0.739
0.007
3.161
0.627
1.817
3.842
4.405
0.867
0.280
0.007
0.320
0.485
0.039
0.018
0.030
0.007
0.007
0.007
0.154
-0.127
0.353
-0.096
1.833
0.205
-0.438
0.500
1.046
0.601
0.007
2.203
0.604
0.245
0.011
-0.085
-0.002
-1.037
-0.162
-0.116
0.007
-1.017
-0.238
-0.396
0.533
0.385
0.850
1.987
0.397
0.305
0.007
0.451
0.419
1.760
-0.816
0.107
-0.532
1.051
0.463
0.433
-0.056
0.960
0.007
-0.036
0.007
0.007
0.007
-0.018
0.714
-1.626
0.209
0.488
0.150
0.103
0.230
0.076
0.007
0.068
-0.035
0.260
0.024
0.086
-0.033
-0.201
0.042
0.007
-0.395
0.084
-0.015
-0.033
0.754
-0.219
0.649
0.007
0.027
0.188
-0.076
-0.045
0.007
0.007
0.007
2.023
0.007
-0.041
0.007
0.220
0.004
-0.067
0.007
-0.837
-0.758
-1.112
-0.298
-0.941
-0.709
-0.356
-1.368
-1.281
-0.396
-0.568
-0.249
-0.980
-0.041
-0.129
-5.761
-1.044
-1.883
-1.610
0.007
-0.187
-0.271
-0.516
-0.771
0.491
0.142
0.007
0.007
0.052
-0.124
-0.428
-1.847
-1.000
0.008
0.007
0.532
1.385
0.007
0.007
0.179
-0.168
-1.394
-0.019
0.250
0.150
1.898
3.874
3.551
0.239
2.283
