-0.168
-0.022
0.318
-0.057
-0.360
-2.119
-0.173
-0.289
-1.559
-0.232
0.024
-3.389
0.181
0.273
0.065
-2.213
-0.368
-0.131
-0.167
0.429
0.336
0.845
1.496
-0.814
0.186
0.064
0.699
-0.170
-0.087
0.197
-0.170
-0.661
-0.098
0.229
0.732
-0.266
-0.579
-0.184
-0.189
-0.151
-0.135
-0.917
-0.506
-0.503
-0.030
-0.041
0.713
0.123
-0.659
-0.195
-0.909
-0.055
-1.213
-0.877
-0.055
-0.170
-1.971
0.492
-0.176
1.339
-2.227
-0.969
-1.699
0.080
0.121
0.446
0.359
-0.711
-0.011
0.462
0.484
0.198
0.182
0.167
0.203
0.069
0.543
0.230
0.202
0.276
-2.109
-0.358
0.183
-1.444
-0.251
-2.384
-1.805
-0.176
0.077
0.409
-0.178
-0.164
0.081
-0.155
-2.421
0.675
0.293
-0.735
-3.438
-1.927
0.227
0.067
-3.924
0.010
-0.925
-0.170
0.061
-0.101
-3.192
-0.251
0.090
0.418
0.034
2.803
-0.266
0.323
-3.545
0.508
-0.028
-1.040
-1.499
-2.733
-2.624
-0.366
-0.242
-1.049
-1.061
-0.020
-0.542
-0.496
-0.089
-0.858
0.333
-1.283
0.091
-0.056
-0.810
0.026
0.128
-0.023
-2.466
-0.545
0.128
-0.164
0.578
-0.145
1.856
0.923
0.078
1.060
-0.225
-0.090
-0.015
-1.106
-0.156
-2.127
1.115
-0.427
-0.881
-1.195
-0.569
-0.252
1.727
-0.391
0.248
-2.096
-0.117
-0.130
-0.419
-0.143
-0.730
-0.508
-0.571
0.389
-0.620
-0.543
-0.142
0.085
0.427
0.471
-0.336
-2.397
-0.970
0.077
-0.165
1.106
-0.024
-3.573
-2.300
-0.875
-2.473
-3.402
-0.512
-0.392
-0.468
-0.219
-0.224
-0.047
-0.115
-0.170
-0.160
-0.170
-0.218
-0.170
-0.195
-0.170
-0.018
-1.949
-0.510
0.447
-0.526
-1.227
-0.186
-0.196
-2.662
-0.804
-0.306
-0.170
-0.220
0.431
-0.142
-0.206
-0.207
-0.144
-0.114
-0.112
-0.049
-0.531
-0.313
-0.622
-0.624
-0.128
-0.167
-0.076
-0.366
-0.253
-0.766
0.935
-0.125
-0.231
-0.170
-1.455
-0.593
-0.352
-0.040
-0.071
0.259
0.683
-0.153
1.554
0.344
-0.430
-0.021
-0.189
-0.385
0.320
1.088
0.947
-0.165
-0.243
-0.170
-0.170
-0.203
-0.033
-0.269
0.355
0.381
-0.287
-0.239
0.132
0.771
-0.133
0.092
0.447
0.219
-0.302
-0.276
-0.170
-0.180
0.072
-0.156
-0.161
-0.106
-0.160
-2.909
-0.205
-0.074
-0.257
-0.170
-0.283
0.699
1.271
-0.195
1.462
-0.170
-0.219
-0.182
-0.283
-0.224
-0.002
-0.112
-0.324
-0.165
-0.228
-0.003
-0.041
-0.165
3.302
3.203
3.482
1.544
1.050
1.406
0.009
1.044
1.152
-0.080
-0.311
-0.203
-0.102
0.152
-0.690
0.347
1.609
0.180
-0.075
-0.038
-0.223
-0.811
-0.055
-0.008
-0.332
-0.296
0.291
0.277
0.285
-0.100
-1.424
-2.053
-2.636
-1.604
-1.532
