-0.174
-0.174
-0.534
-0.154
0.725
2.856
-0.098
0.532
1.832
0.279
-0.098
3.794
1.258
0.037
-0.378
0.943
0.460
1.519
-0.158
-0.172
-0.673
-0.243
-1.305
0.791
-0.179
-0.040
-1.698
0.638
-1.343
-0.174
-0.100
0.751
-1.043
-0.174
-0.336
-0.042
-0.048
-0.038
0.092
0.052
-0.174
0.565
0.601
0.544
-0.174
-0.158
-0.419
-0.392
0.411
0.174
1.861
-0.040
1.442
1.335
0.620
-0.166
2.415
-0.723
-0.041
-2.075
3.380
1.944
2.777
-0.224
-0.043
-0.289
-0.174
1.020
-0.155
-0.487
-0.312
-0.181
-0.174
0.179
-0.199
-0.130
-0.874
-0.271
-0.199
-0.265
2.818
0.121
-0.174
1.817
0.666
2.601
2.162
0.170
0.049
0.172
0.043
-0.008
-0.149
-0.212
2.633
-0.213
-0.278
1.439
1.628
0.548
0.171
0.064
2.625
-0.182
0.384
-0.130
-0.499
-0.023
1.772
-0.474
-0.218
-0.316
-0.174
-1.544
0.585
-0.273
3.802
-1.299
-0.174
-0.121
1.067
1.437
1.736
-0.034
-0.135
-0.216
1.749
-0.174
0.061
0.309
-1.349
-0.109
-0.228
-0.128
-0.025
-0.109
1.375
0.680
-0.122
-1.869
1.207
-0.092
-0.197
-0.149
-0.607
0.017
-2.843
-1.758
-0.212
-0.336
-0.176
-0.132
-0.334
1.478
-0.347
0.836
-0.500
-0.260
-0.146
0.096
-0.074
-0.431
-1.965
-0.003
-0.927
4.017
0.229
1.045
1.614
0.520
0.023
-0.157
0.438
-0.170
0.287
0.410
-0.095
-0.132
-0.199
-0.223
0.062
1.463
0.527
-0.007
-0.088
-0.423
0.298
3.188
0.026
0.742
3.448
2.629
1.054
0.129
0.386
0.581
1.163
-0.174
-0.174
-0.272
-0.508
-0.190
0.194
0.028
0.419
-0.001
-0.230
2.204
-0.100
-0.665
0.648
1.097
-0.055
-0.030
3.162
0.684
0.600
-0.096
0.298
-0.300
-0.190
-0.281
-0.108
-0.170
-0.174
-0.174
-0.174
0.842
-0.033
0.621
1.338
-0.045
0.279
-0.092
-0.127
-0.174
-0.110
-1.138
-0.230
-0.096
-0.174
0.220
-0.174
0.178
-0.170
-0.199
-0.147
-0.174
-0.174
-0.600
-0.773
0.917
0.493
-0.152
0.347
-0.217
-0.273
0.345
-0.170
-0.016
0.161
-0.273
0.321
-0.344
-0.549
-0.222
-0.378
-0.159
-0.096
-0.241
-0.095
0.030
-0.159
-0.118
0.353
0.263
0.219
-0.174
0.430
-0.195
-0.174
-0.159
-0.174
0.001
1.752
0.051
-0.243
-0.057
-0.341
-0.211
-0.226
-0.613
-0.168
-0.718
-0.518
-0.154
-0.313
0.112
-0.164
-0.588
-0.240
-0.146
-0.098
-0.134
-0.260
0.018
-0.174
-1.919
-2.106
-2.058
-1.513
0.539
-0.166
-0.174
-0.755
-0.599
-0.966
0.207
0.297
0.210
0.059
0.227
0.195
-0.378
-0.199
-0.015
0.104
-0.074
0.359
-0.085
-0.475
-0.132
-0.174
-0.483
0.120
0.472
0.038
1.962
2.711
1.811
0.094
2.112
