0.051
0.029
0.051
0.019
-0.704
-1.949
0.051
0.194
-1.919
-0.949
0.209
-3.389
-0.252
0.005
-0.343
-2.603
-1.197
-0.054
0.033
-0.018
0.278
0.342
0.221
-0.404
0.086
0.051
1.375
-0.341
0.365
0.587
0.055
-0.541
0.836
-0.761
0.029
0.051
-1.139
-0.491
-0.396
-0.103
-0.792
-0.316
-0.671
-0.477
0.063
-0.323
0.832
0.051
-0.029
0.036
-0.952
0.072
-1.177
-1.036
-0.848
-1.023
-2.218
0.318
-0.445
1.475
-2.233
-1.206
-2.224
0.055
0.068
-0.070
0.025
-1.244
-0.176
0.563
0.579
0.378
0.164
-0.477
0.201
-0.055
0.822
0.613
-0.120
0.417
-2.080
-0.227
0.165
-2.089
-0.951
-3.722
-1.652
0.041
0.051
0.895
-0.053
-0.190
0.613
-0.139
-3.022
0.261
0.041
-1.109
-2.488
-1.257
-0.306
0.246
-3.457
-0.029
-1.588
-1.719
-0.080
0.052
-3.006
-0.171
-0.163
-0.278
0.059
1.229
0.078
-0.149
-2.987
-0.125
-0.043
-0.526
-1.622
-2.548
-1.623
-0.474
-0.358
-1.503
-2.389
-0.455
-0.716
-0.906
0.677
-0.335
0.110
-0.669
-0.155
-0.108
-0.976
-0.100
-0.218
1.423
-1.668
-0.510
0.238
0.199
0.568
-0.605
1.868
1.075
0.297
0.405
-0.349
0.070
0.095
-1.833
1.684
-0.256
0.448
-0.397
0.182
0.046
-0.065
0.092
1.566
-0.098
1.036
-3.131
-0.302
-0.086
-1.400
-0.813
-0.294
0.008
-0.191
0.039
-0.229
-0.337
-0.054
-0.076
0.117
0.346
0.353
-1.763
-0.244
-0.100
-0.187
0.482
-0.149
-3.469
-2.276
-0.817
-2.093
-3.531
-0.229
-0.473
-0.239
-0.352
-0.353
0.138
0.060
0.042
0.154
0.071
-0.185
-0.391
-0.076
-0.371
-0.161
-2.336
-0.722
0.167
-0.150
-1.869
0.022
-0.531
-4.159
-1.026
-0.424
-0.518
0.015
0.044
-0.031
0.072
-0.301
-0.329
0.387
0.324
0.333
-0.473
-0.463
-0.449
-0.062
-0.227
-0.366
-0.028
-0.602
-0.402
-0.495
0.411
-0.119
-0.888
0.051
-1.022
-0.816
-0.138
-0.124
0.256
0.158
0.670
0.053
0.319
0.443
-1.916
-0.640
-1.497
-2.309
0.292
0.736
-0.424
-0.055
-0.087
-0.158
0.117
-1.654
0.770
-0.113
1.325
-0.129
-0.100
0.051
-0.320
-0.164
0.056
0.116
0.051
-0.060
-1.262
-0.466
-0.526
-0.599
0.277
0.371
-0.111
0.228
0.022
-2.133
-0.224
0.174
0.060
0.586
-0.157
1.381
0.471
0.091
2.779
-0.172
0.341
0.055
-0.324
0.077
0.253
0.406
-0.090
0.130
0.031
0.313
-0.140
-0.277
2.931
1.763
2.107
1.694
1.636
1.725
-0.220
-0.149
0.479
0.689
-0.381
-0.617
-0.210
-0.324
-0.276
-0.155
1.470
0.248
-0.015
-0.124
-0.318
-1.312
0.269
0.228
-0.433
-0.017
0.326
0.082
-0.154
-0.085
-2.177
-2.439
-2.230
-1.132
-2.423
