0.675
0.414
-0.551
0.469
0.055
2.545
0.301
1.019
1.085
0.588
0.137
2.232
0.730
0.485
0.026
1.607
0.612
1.178
0.291
0.519
0.185
-0.074
-1.109
0.685
-0.237
0.129
-0.550
0.673
0.295
-0.153
0.678
1.197
-0.427
-0.483
-0.653
-0.513
0.637
0.442
0.226
0.582
0.447
0.335
0.325
0.226
0.516
0.485
0.095
0.154
0.846
0.402
0.983
0.972
1.286
1.124
0.321
0.043
1.763
-0.267
0.455
-0.662
1.857
1.066
1.417
-0.040
-0.056
0.333
-0.106
0.438
0.085
-0.600
-0.774
-0.258
-0.285
-0.275
-0.135
-0.033
-1.426
-0.292
-0.225
-0.340
2.395
0.367
-0.062
1.846
0.375
1.945
1.299
0.358
0.127
0.055
0.196
0.311
0.022
0.286
1.717
0.002
-0.163
0.237
2.208
1.501
0.560
-0.126
2.421
0.466
1.446
0.481
-0.143
0.245
2.488
0.267
0.003
-0.155
-0.312
-1.794
0.287
-0.147
2.974
-0.617
0.756
0.675
1.551
1.860
1.064
0.523
0.358
0.888
1.176
0.342
0.026
0.054
-0.225
0.594
-0.228
0.582
0.123
0.239
1.293
0.420
0.064
-1.829
1.067
0.518
-0.107
0.275
-0.315
-0.019
-1.928
-1.367
-0.125
-0.085
0.353
-0.205
-0.114
1.504
-0.195
1.500
-0.738
0.082
0.399
1.308
0.751
0.495
-1.148
0.914
-0.375
2.271
0.713
1.046
1.327
0.767
0.276
0.384
0.261
0.007
0.138
0.196
-0.060
0.282
-0.018
0.032
-0.038
1.173
0.424
-0.041
0.104
-0.609
0.129
2.693
1.801
0.845
2.201
3.036
0.559
0.344
0.611
0.627
0.573
-0.125
-0.125
-0.042
-0.125
-0.116
0.298
0.337
-0.005
0.547
0.151
1.638
0.791
-0.505
0.376
1.479
0.394
0.502
3.066
1.222
0.025
-0.024
-0.121
-0.180
-0.149
-0.067
0.028
-0.078
-0.031
-0.150
-0.140
0.487
0.005
0.778
0.589
-0.195
0.385
-0.063
0.659
-0.224
0.679
-0.567
0.080
0.128
0.359
1.378
0.270
0.399
0.890
-0.158
-0.144
0.372
-0.429
0.047
-0.548
0.361
0.340
0.569
0.212
-0.153
-0.368
0.181
0.242
0.448
0.618
-0.085
0.686
-0.065
0.303
-0.130
-0.310
0.307
-0.103
0.328
0.202
0.058
0.083
-0.143
0.371
0.137
0.253
0.161
0.356
-0.225
-0.146
0.168
-0.086
0.288
2.879
0.002
0.193
0.001
0.051
0.894
-0.204
-0.082
0.439
-0.233
0.058
-0.109
-0.139
0.413
0.253
-0.191
-0.127
0.275
0.121
0.373
0.037
-0.056
0.251
-2.114
-1.399
-1.948
-0.901
0.068
-0.366
0.254
-0.548
-0.556
0.467
0.153
0.206
0.054
0.286
0.618
0.289
-1.415
-0.426
0.248
-0.013
0.866
1.449
-0.053
-0.122
0.414
0.216
-0.650
-0.154
0.149
0.128
0.946
1.698
1.845
1.162
1.359
