0.231
0.293
-0.099
0.018
-0.852
-2.171
0.027
0.260
-1.157
-0.206
0.011
-2.275
-0.235
0.340
-0.010
-1.669
-0.125
-0.189
-0.103
0.038
-0.045
0.275
1.560
-0.228
0.361
0.094
0.875
-0.269
0.070
0.373
0.032
-0.839
0.656
0.360
1.008
0.324
-0.570
0.079
0.050
-0.230
0.255
-0.357
-0.255
-0.195
0.009
0.029
0.579
-0.028
-1.264
-0.414
-1.265
-0.084
0.015
-0.249
-0.108
-0.719
-1.582
0.920
-0.292
1.158
-1.542
-0.198
-1.667
0.111
0.169
0.129
-0.473
-0.934
0.197
0.433
0.347
0.169
-0.056
0.309
0.285
0.205
0.296
0.533
0.237
0.157
-1.898
-0.292
0.155
-1.378
-0.306
-2.057
-1.670
-0.074
-0.159
-0.173
-0.057
-0.172
0.567
0.275
-2.059
0.526
0.068
-0.614
-1.958
-0.487
0.229
0.143
-2.361
0.243
-1.233
-0.845
-0.071
-0.495
-1.857
0.518
-0.174
0.080
0.076
2.226
-0.551
0.402
-2.301
0.254
0.661
-0.536
-0.896
-1.850
-1.197
-0.178
-0.275
-0.694
-1.024
-0.130
-0.236
-0.537
1.372
0.347
0.245
-0.640
-0.012
0.018
-0.545
0.224
-0.089
1.256
-1.596
-0.439
0.515
0.246
0.777
-0.275
2.213
1.473
0.238
0.529
0.045
0.323
0.397
-0.422
0.157
-1.310
0.795
0.927
-0.415
-0.637
-0.267
-0.158
1.954
-0.476
0.852
-2.393
-0.438
0.138
-0.822
-0.636
-0.130
-0.086
-0.161
0.380
-0.047
-0.249
0.219
0.172
0.266
0.844
-0.060
-1.184
-0.207
-0.005
0.038
0.595
0.036
-1.934
-1.131
-0.528
-1.171
-2.505
-0.130
-0.521
0.051
-0.414
-0.742
0.129
0.021
0.009
0.042
0.021
-0.203
-0.597
0.004
-0.571
0.211
-1.818
-0.349
0.893
-0.293
-0.399
-0.273
-0.090
-2.088
-0.577
-0.488
-0.185
0.176
0.418
0.265
0.267
0.024
-0.067
0.425
0.226
0.108
-0.339
-0.031
-0.596
-0.250
0.306
-0.135
-0.021
-0.372
0.010
-0.517
0.707
-0.067
-0.189
-0.075
-1.095
-0.346
-0.224
0.045
0.116
0.029
0.448
0.327
0.452
0.481
-0.722
0.140
0.052
-0.380
0.380
0.572
0.044
0.152
-0.054
-0.588
0.124
-0.561
-0.196
0.003
0.230
0.464
0.106
0.301
0.012
0.032
-0.110
0.101
0.011
0.041
-0.136
-0.239
-0.146
-0.107
0.327
0.227
-0.121
0.193
0.051
-1.810
-0.052
0.316
0.075
0.194
-0.345
0.200
2.063
-0.043
0.208
-0.095
-0.034
0.021
0.100
-0.006
0.545
0.032
0.208
0.021
0.055
0.188
-0.156
0.074
2.835
1.823
2.432
0.918
0.235
0.424
-0.051
0.156
0.566
0.385
-0.111
0.402
0.124
-0.018
-0.023
-0.107
1.894
0.745
0.003
0.168
-0.091
-1.052
0.147
0.459
-0.105
-0.294
0.147
0.290
-0.068
0.075
-1.504
-1.743
-2.964
-0.368
-2.413
