0.441
0.720
0.124
0.379
1.082
2.278
0.417
0.162
1.558
0.814
0.013
2.940
0.818
0.378
0.165
1.482
0.416
0.263
0.243
-0.090
0.108
-0.199
-0.622
0.499
-0.289
0.072
-0.997
0.830
-0.263
-0.268
-0.244
0.802
-1.346
-0.002
-0.996
-0.017
0.835
-0.005
0.682
0.763
-0.095
0.411
0.336
-0.264
0.278
0.135
-0.272
-0.405
0.621
0.433
1.497
0.555
1.843
1.893
2.088
0.084
2.218
0.092
0.798
-0.002
2.064
0.567
1.515
-0.043
-0.112
0.130
-0.034
0.811
-0.020
-0.729
-0.510
-0.433
-0.071
-0.409
-0.352
-0.012
-1.030
-0.567
-0.372
-0.536
2.682
0.415
-0.182
1.654
0.438
2.645
1.862
0.177
0.233
0.380
0.160
-0.026
0.135
0.262
2.321
-0.785
-0.019
0.502
2.551
0.799
-0.097
-0.289
3.110
-0.053
1.492
0.124
-0.146
-0.594
2.367
-0.347
0.526
-0.114
-0.238
-0.630
0.156
-0.097
2.241
-0.334
0.230
0.658
1.662
1.833
1.229
0.405
-0.339
0.899
1.515
-0.021
0.313
0.735
-0.063
0.925
-0.036
1.447
0.045
0.015
1.162
-0.099
0.365
-2.426
2.023
0.509
-0.359
-0.103
-1.111
0.670
-1.020
0.002
-0.564
-0.585
0.559
-0.068
-0.243
1.191
-0.603
1.944
-0.491
0.586
-0.083
0.579
0.541
1.010
-1.227
0.866
-0.708
3.648
1.232
1.110
1.534
1.163
0.421
0.048
0.443
-0.114
0.410
0.567
0.233
-0.235
-0.068
-0.264
-0.006
1.624
0.868
-0.066
-0.058
-0.507
0.437
2.505
1.763
1.174
1.566
2.902
0.664
0.226
0.568
0.390
0.397
-0.284
0.130
0.261
-0.008
-0.349
0.330
0.313
0.212
0.182
-0.222
1.780
0.892
0.053
0.233
1.353
0.732
0.354
2.034
0.956
0.182
0.375
0.169
-0.224
-0.208
-0.282
0.192
0.319
-0.205
-0.424
0.124
0.428
-0.113
0.776
1.070
0.142
-0.040
-0.097
0.403
0.184
0.772
-0.338
-0.044
0.000
-0.077
0.415
0.542
0.455
0.978
-0.441
-0.034
-0.687
-0.146
-0.558
-0.591
0.705
0.353
0.904
0.823
0.735
0.005
0.124
1.684
0.613
1.801
-0.069
0.886
-0.826
0.396
-0.691
-0.206
0.220
0.032
0.039
-0.299
-0.034
-0.041
0.242
-0.565
0.251
0.346
0.450
0.152
-0.257
-0.261
-0.215
-0.236
-0.039
2.238
-0.038
-0.001
-0.145
-1.225
0.614
-0.434
-0.830
-0.047
-0.818
0.168
-0.124
-0.350
-0.361
0.140
-0.439
-0.330
0.405
-0.518
-0.051
-0.322
0.430
-0.064
-2.338
-1.784
-2.665
-0.902
-0.099
-0.590
-0.025
0.113
-0.642
-0.471
0.201
0.160
0.055
0.100
1.209
0.230
-1.135
-0.033
-0.049
0.357
0.331
0.700
0.432
-0.183
0.206
-0.338
-0.621
-0.209
-0.033
-0.033
1.596
3.920
3.216
1.130
2.401
