0.475
-0.397
-0.401
-0.058
0.600
3.927
0.344
0.322
1.947
0.623
0.175
4.102
0.504
-0.192
0.054
2.686
0.603
1.644
0.544
0.702
-0.285
-0.597
-1.730
0.470
-0.398
-0.099
-0.467
0.556
-0.237
0.175
0.023
1.306
-0.208
-0.106
-0.217
-0.015
0.846
0.364
0.316
0.375
0.631
0.539
1.076
0.663
0.750
1.023
0.090
-0.178
0.793
0.487
1.888
0.043
1.775
1.643
0.664
0.827
3.249
0.170
0.486
-1.512
2.887
1.398
2.353
-0.110
-0.087
-0.397
-0.815
0.393
0.190
-0.395
-0.441
-0.504
0.118
0.081
-1.059
0.027
-0.720
-0.102
-0.215
-0.260
3.034
-0.074
-0.355
2.237
0.376
3.549
2.891
0.262
0.275
0.109
0.211
0.097
-0.435
0.017
3.092
-0.691
-0.015
0.746
3.149
2.407
0.273
0.115
3.665
-0.106
1.433
0.262
-0.282
-0.017
2.970
-0.451
0.143
-0.219
-0.621
-1.276
0.377
-0.264
4.019
-0.533
1.024
0.640
1.838
2.971
1.778
0.724
-0.086
1.193
2.007
-0.114
0.417
0.290
-0.076
1.498
-0.243
1.630
0.258
0.169
1.396
0.047
0.600
-1.946
2.866
0.180
-0.075
-0.325
-1.026
0.435
-2.070
-0.880
-0.130
-0.211
0.460
-0.376
-0.366
1.443
-0.179
3.283
-0.679
0.767
0.832
1.794
0.582
0.543
-1.312
0.662
-0.665
3.564
0.590
1.129
1.669
0.239
0.448
0.380
0.549
-0.293
0.417
0.641
-0.217
-0.086
-0.060
-0.141
0.075
2.118
0.836
-0.221
0.089
-0.705
-0.198
3.132
2.949
0.960
2.203
3.587
0.236
0.835
0.104
0.579
0.777
-0.281
-0.097
-0.095
-0.316
-0.122
0.192
0.196
-0.111
0.386
-0.218
2.487
0.860
-0.111
0.281
1.711
0.275
0.720
2.500
0.847
0.091
0.064
0.160
-0.295
-0.161
-0.285
0.110
0.112
-0.189
-0.846
-0.099
0.673
0.497
1.129
0.527
0.025
0.185
-0.304
1.026
0.316
1.110
-0.730
0.342
0.475
0.764
1.865
1.067
0.691
0.849
-0.255
0.109
-0.564
-0.349
-0.349
-0.532
0.966
0.495
0.296
1.141
-0.382
-0.044
-0.087
-0.028
0.770
0.604
-0.075
0.397
0.378
-0.082
-0.253
-0.486
0.357
-0.067
0.470
-0.166
0.204
0.032
-0.243
0.107
1.173
0.328
0.168
0.191
-0.277
-0.396
0.211
-0.099
0.255
2.692
0.104
0.359
0.414
-0.170
0.727
-0.148
1.355
0.281
-0.348
0.365
0.060
-0.052
0.623
0.415
-0.146
-0.022
0.658
-0.251
0.238
0.146
0.167
0.143
-3.073
-2.061
-2.660
-1.203
-0.577
-0.920
0.305
-0.028
-0.765
-0.101
0.215
-0.016
-0.021
0.359
0.420
0.046
-1.492
-0.320
0.358
0.802
0.128
1.536
0.295
-0.539
0.481
0.109
-0.715
0.162
0.009
0.248
2.369
2.612
4.362
1.550
2.258
