-0.800
-1.709
-0.154
-0.188
0.608
2.356
-0.034
-0.008
1.740
0.503
0.097
3.241
0.305
-0.167
0.249
1.854
0.348
1.133
0.532
-0.162
-0.074
-0.109
-1.117
0.302
-0.157
0.240
-0.575
0.099
-0.405
-0.509
0.076
0.588
0.032
-0.182
-1.331
-0.740
0.167
0.260
0.161
0.166
-0.010
0.619
0.614
0.465
-0.263
-0.207
-1.123
0.138
0.989
0.465
1.328
0.086
1.404
1.375
-0.064
0.601
2.375
-0.231
0.330
-0.199
2.427
0.711
1.141
-0.125
-0.039
-0.011
-0.062
1.393
0.067
-0.925
-0.793
-0.665
-0.164
0.033
-1.418
-0.121
-0.678
-0.967
-0.341
-0.589
1.689
-0.041
-0.074
0.983
0.167
2.668
1.493
-0.539
-0.016
-0.841
-0.281
-0.068
-0.361
0.169
3.203
-0.900
-0.087
-0.178
1.980
0.647
0.130
-0.039
3.756
-0.001
1.632
0.249
-0.327
-0.078
2.220
-0.176
0.092
0.171
-0.284
-1.109
-0.172
-0.245
3.376
-0.307
0.313
0.753
2.007
2.934
0.791
0.237
-0.172
1.107
1.837
0.576
0.310
0.550
-0.566
0.945
-0.053
1.425
0.073
-0.001
1.098
-0.433
-0.019
-1.811
2.339
0.592
-0.206
0.279
-0.407
-0.517
-1.884
-1.176
0.044
-1.055
0.018
-0.035
-0.257
1.123
0.959
4.217
-0.376
-0.603
0.153
1.347
0.472
0.673
-0.788
0.799
-0.476
2.850
0.962
0.775
1.142
1.065
0.478
0.343
0.223
-0.051
0.321
0.229
0.198
0.105
-0.082
-0.186
0.039
2.308
0.665
0.009
0.023
-0.960
0.104
3.998
2.053
1.139
2.321
4.528
0.360
0.711
0.348
0.756
1.176
-0.279
-0.063
-0.049
-0.096
-0.038
0.447
0.580
0.626
0.466
-0.065
2.229
1.164
-0.697
-0.252
1.072
0.255
0.695
2.521
0.593
0.316
0.298
0.228
-0.263
-0.069
-0.145
0.208
0.196
-0.101
-0.052
-0.051
0.463
-0.008
1.061
0.704
-0.118
0.026
-0.206
0.176
-0.443
0.522
-0.565
-0.070
0.208
0.679
0.175
0.315
0.190
0.680
-0.108
-0.039
-0.983
-0.107
-0.594
-0.619
0.571
0.387
0.245
0.320
-0.075
-0.093
0.085
0.151
-0.275
-0.016
-0.055
0.504
-1.026
-0.009
-1.595
-0.225
0.180
-0.122
0.565
-0.092
-0.019
-0.025
-0.051
-0.152
0.223
0.598
0.703
0.337
-0.182
-0.115
0.188
-0.113
0.383
1.542
-0.068
-0.039
-0.259
0.960
0.751
-1.462
-0.518
-0.026
-0.005
-0.045
0.056
0.050
-0.306
0.051
-0.385
0.084
0.207
0.143
0.211
0.017
-0.051
-0.051
-2.844
-1.804
-2.379
-1.605
-0.225
-0.798
-0.180
-0.051
-0.702
-0.621
0.386
0.386
0.061
0.023
0.505
-0.132
-0.260
-0.505
0.014
-0.026
0.586
0.933
0.040
-0.147
-0.125
0.192
-0.624
-0.280
0.264
0.014
1.770
3.130
2.544
0.160
1.685
