0.062
0.106
1.086
0.053
-0.960
-2.765
-0.037
-0.497
-2.129
-0.497
-0.071
-2.523
-0.772
-0.921
-0.044
-1.891
-0.540
0.069
-0.185
-0.130
-0.303
0.183
0.614
-0.742
0.662
-0.475
0.468
-0.290
0.389
0.579
0.005
-0.639
1.021
-0.081
0.193
0.023
-0.728
-0.418
-0.086
-0.646
-0.137
-0.759
-0.940
-0.180
-0.305
-0.281
0.956
-0.023
-0.983
-0.568
-1.095
-0.266
-1.894
-2.055
-0.165
-0.360
-2.386
0.182
-0.239
-0.038
-2.556
-0.631
-2.068
-0.012
-0.005
0.070
-0.003
-0.921
0.018
0.904
0.856
0.619
0.215
0.169
0.597
0.014
0.354
0.943
0.132
0.705
-2.425
-0.129
0.005
-2.044
-0.592
-2.807
-1.659
-0.324
-0.125
-0.069
-0.276
-0.263
0.300
-0.251
-2.579
0.231
-0.001
-0.021
-3.063
-1.396
-0.485
0.005
-3.270
-0.142
-1.288
-0.913
0.098
-0.035
-2.496
-0.080
-0.128
0.012
-0.137
2.025
-0.041
-0.064
-3.829
0.240
-0.931
-0.812
-1.978
-2.839
-1.868
-0.561
-0.086
-1.547
-1.312
-0.032
-0.139
-0.253
1.389
-0.928
0.173
-1.345
-0.274
0.000
-1.348
-0.398
0.043
2.855
-2.042
-0.685
0.342
-0.285
1.015
-0.030
2.252
1.302
0.036
0.449
-0.690
-0.057
0.184
-1.058
-0.431
-2.675
1.332
0.439
-0.584
-0.985
-0.416
-0.336
1.272
-0.236
0.909
-4.127
-1.717
-1.037
-1.276
-2.397
-0.368
-0.098
-0.309
0.688
-0.287
-0.313
-0.184
0.211
0.140
0.727
0.049
-1.740
-0.782
-0.080
-0.082
1.010
-0.040
-3.477
-2.590
-1.321
-2.764
-4.183
-0.439
-0.434
-0.568
-0.236
-0.736
0.207
0.113
-0.058
-0.002
0.004
-0.435
-0.275
-0.248
-0.209
-0.000
-2.316
-1.065
0.006
-0.827
-1.075
-0.753
-0.572
-2.628
-0.812
-0.036
-0.302
-0.084
0.486
0.294
0.534
0.004
-0.019
0.354
0.418
0.575
-0.564
0.136
-0.896
-0.846
-0.217
-0.369
0.062
-0.883
0.196
-0.910
0.570
-0.033
-0.570
-1.265
-1.050
-1.206
-0.675
-1.234
0.384
-0.276
0.217
0.136
1.076
1.338
-0.806
-0.269
-0.107
0.042
0.471
0.257
0.305
-0.895
-0.584
-0.670
0.156
-0.204
0.848
0.231
-0.169
0.163
-0.229
0.086
-0.025
-0.127
-0.113
-0.031
0.141
-0.150
-1.074
-0.177
-0.449
-0.069
0.438
0.524
-0.072
0.554
-0.225
-2.061
0.003
0.160
-0.300
-0.367
-0.075
0.878
0.516
-0.002
0.012
0.204
0.130
0.037
0.197
-0.191
0.587
0.564
-0.027
-0.091
0.020
0.159
-0.190
-0.006
3.185
2.492
2.146
2.113
0.003
0.537
-0.004
0.291
0.284
-0.259
-0.159
-0.194
0.004
-0.061
-0.038
-0.071
1.262
0.093
-0.239
-0.128
-0.391
-1.176
-0.061
0.482
-0.276
-0.163
0.149
-0.003
0.131
-0.007
-2.732
-2.207
-2.344
-0.728
-2.120
