1.062
1.026
-0.019
-0.204
-0.306
3.010
0.046
0.260
1.640
-0.019
-0.045
3.594
0.935
-0.133
0.016
1.853
0.489
-0.095
-0.016
-0.019
0.083
-0.148
-1.601
0.709
-0.069
0.308
-1.518
0.022
-0.827
-0.913
0.223
0.306
0.407
0.356
-0.810
-0.509
0.226
-0.001
0.184
0.971
0.411
0.256
-0.019
-0.019
0.063
0.121
-0.473
0.385
0.986
0.385
1.474
-0.098
1.405
1.728
0.188
-0.147
1.869
-0.330
0.467
-0.335
3.259
0.916
2.424
-0.220
-0.113
-0.105
-0.019
0.500
0.206
-0.836
-0.494
-0.266
-0.075
-0.019
-0.330
-0.019
-0.019
-0.181
-0.135
-0.245
2.971
-0.124
-0.027
2.789
0.638
3.192
1.702
0.009
-0.019
0.363
-0.019
0.001
-0.208
0.089
3.553
-0.019
-0.019
0.182
3.501
0.956
0.321
-0.129
3.624
0.513
1.104
0.004
-0.230
-0.017
2.167
0.017
0.049
-0.106
0.078
-1.863
0.240
0.299
3.211
-0.656
-0.080
0.442
1.347
2.499
1.375
0.660
0.441
0.656
1.930
-0.097
0.781
0.024
-1.108
0.793
-0.230
0.134
-0.019
0.098
2.413
0.411
-0.670
-0.462
1.806
0.072
-0.282
-0.394
-0.935
0.511
-2.557
-1.851
-0.172
0.082
0.165
-0.022
-0.019
1.691
1.529
2.619
-0.659
0.196
0.852
1.726
-0.169
-0.216
-1.560
-0.088
-1.122
3.007
0.590
0.076
0.776
1.070
0.432
0.328
0.249
-0.097
0.558
0.654
-0.008
-0.019
-0.248
-0.103
0.027
2.063
0.791
-0.354
-0.019
-0.741
0.106
1.429
1.210
0.161
1.607
3.074
0.001
0.838
0.844
0.657
0.463
-0.202
-0.080
-0.019
-0.257
-0.315
0.147
0.368
0.232
0.353
-0.278
2.468
0.519
-0.541
1.385
1.065
-0.019
-0.019
3.208
1.378
0.483
0.127
0.069
-0.459
-0.131
-0.432
0.002
-0.073
-0.369
-0.267
-0.174
0.762
-0.180
0.388
0.720
-0.047
0.577
-0.024
0.509
0.191
0.208
-0.831
-0.220
-0.019
0.602
0.256
0.252
-0.015
0.946
-0.019
-0.301
0.002
-0.523
-0.578
-1.440
0.399
0.066
0.065
-0.007
-0.019
-0.009
0.230
0.038
0.469
0.216
-0.092
0.082
-0.028
-0.019
-0.134
0.556
-0.019
-0.048
0.064
0.615
0.171
-0.019
-0.065
0.074
0.776
0.317
0.558
0.709
-0.127
-0.019
0.052
-0.091
0.175
2.379
-0.014
-0.191
0.070
0.734
-0.087
-0.019
-1.120
-0.060
-0.056
-0.024
-0.076
-0.077
0.636
-0.078
-0.640
-0.023
-0.019
-0.135
-0.019
-0.070
0.197
-0.060
-4.272
-2.552
-2.988
-2.035
-0.002
-0.509
-0.007
-0.492
-0.907
-0.476
0.575
0.737
0.322
-0.274
0.126
-0.063
-1.508
-0.365
-0.184
-0.006
0.522
1.138
-0.049
0.045
0.159
-0.019
-0.087
-0.018
0.027
0.353
1.681
1.755
3.094
0.495
2.596
