-0.469
-0.295
-0.380
1.027
0.648
3.230
0.145
0.625
1.745
0.683
-0.144
2.799
0.527
0.371
0.038
2.114
0.454
0.858
0.275
0.042
0.121
0.539
-1.197
0.622
-0.096
0.243
-0.476
0.523
0.245
-0.225
0.250
1.272
-0.299
0.138
-0.446
0.378
0.357
0.398
0.353
0.355
0.426
0.661
0.671
0.461
0.489
0.457
-0.254
-0.193
0.630
0.760
0.877
0.480
2.213
1.796
0.638
0.405
2.535
-0.721
0.106
-0.660
2.766
0.984
1.946
-0.216
0.008
0.183
0.148
0.938
0.168
-0.555
-0.610
-0.516
-0.074
0.157
-0.616
0.017
-0.689
-0.336
-0.054
-0.092
2.967
0.367
0.135
1.909
0.411
2.709
1.683
0.160
0.163
0.227
0.108
0.267
-0.200
0.355
2.477
-0.714
0.109
0.530
3.409
1.640
0.657
0.137
4.119
0.401
1.525
1.082
0.147
0.307
2.958
0.200
0.490
-0.121
0.134
-0.787
0.350
0.183
3.298
-0.389
0.949
0.982
1.563
2.878
1.651
0.531
0.222
1.333
1.493
0.219
0.539
0.789
0.096
0.773
0.087
0.856
0.182
0.190
1.369
0.536
0.686
-2.325
2.593
0.924
0.203
0.090
-0.253
0.733
-2.695
-1.071
-0.483
-0.258
0.050
0.244
-0.054
1.032
-0.009
2.501
-0.172
0.222
0.364
1.000
0.558
0.585
-0.988
0.686
-0.655
2.687
0.053
0.717
0.901
0.339
0.346
0.336
0.355
-0.470
0.285
0.335
0.112
0.099
-0.041
-0.579
0.170
1.941
0.735
0.189
0.157
-0.569
0.025
3.153
1.984
1.074
3.162
3.758
0.453
0.651
0.693
0.744
0.567
-0.135
0.149
0.129
0.016
0.016
0.732
0.568
0.388
0.621
0.315
2.398
0.774
-0.605
0.470
1.276
0.604
0.266
3.162
1.162
0.391
0.486
0.120
-0.092
-0.048
-0.328
0.221
0.215
-0.195
0.016
-0.084
0.626
0.118
0.947
0.766
-0.017
0.341
-0.007
0.465
0.132
0.586
-0.096
0.064
0.508
1.241
1.524
0.688
0.646
1.330
-0.201
-0.177
-0.393
-0.094
0.496
-0.576
0.691
0.500
0.296
0.385
0.124
0.289
-0.115
0.282
0.569
0.331
0.255
0.304
-0.199
0.092
-0.037
0.271
0.283
0.054
0.440
0.165
0.325
-0.035
-0.319
0.298
0.374
0.521
0.609
0.405
-0.117
0.016
0.464
0.014
0.240
2.852
0.138
0.106
-0.008
0.189
0.599
0.055
0.473
0.376
-0.019
0.154
0.231
-0.038
0.399
0.335
-0.051
0.138
0.296
-0.153
0.314
0.271
0.024
0.342
-2.440
-1.585
-1.699
-0.841
0.099
-0.257
0.109
0.015
-0.307
0.730
0.318
0.834
0.286
0.383
0.787
0.143
-1.484
-0.493
0.063
0.289
0.378
1.324
0.189
0.084
0.569
0.308
-0.315
-0.035
0.238
0.350
1.792
2.100
2.186
0.591
2.165
