1.373
1.033
-0.126
-0.049
0.582
2.104
0.140
0.509
1.985
0.920
-0.029
2.297
0.813
0.296
0.074
2.388
0.814
0.812
0.260
0.179
-0.072
-0.181
-0.116
0.326
-0.682
-0.081
-0.490
1.078
-0.106
-0.208
-0.030
0.985
-0.337
-0.626
-1.215
-0.052
0.869
0.703
0.494
0.176
0.197
0.872
0.235
0.476
0.369
0.383
-0.195
-0.139
1.201
0.441
1.278
0.173
1.866
1.852
0.510
0.738
2.063
-0.371
0.072
-0.025
2.012
0.684
1.966
-0.109
-0.126
-0.269
-0.165
0.967
-0.044
-0.581
-0.487
-0.291
-0.129
-0.388
-0.090
-0.066
-0.743
-0.350
-0.225
-0.339
2.425
0.386
-0.179
1.810
0.338
2.071
1.741
0.399
0.125
0.217
0.130
0.309
-0.087
-0.358
2.401
0.052
-0.561
0.436
2.769
1.574
0.104
-0.127
2.780
-0.051
1.511
0.288
-0.192
0.744
2.121
0.096
0.113
-0.159
-0.774
-1.660
-0.172
-0.429
2.828
-0.194
0.489
0.662
1.845
1.909
0.950
0.203
0.304
0.855
1.794
0.100
0.359
0.428
-0.544
0.597
-0.210
1.216
0.116
0.242
1.784
0.282
-0.233
-1.303
1.769
0.598
0.125
0.005
-0.326
0.361
-1.514
-2.830
-0.357
-0.047
0.157
-0.265
0.321
1.715
-0.022
3.383
-0.552
0.319
0.482
1.659
0.542
0.536
-1.583
0.752
-0.968
2.492
-0.098
0.550
0.982
0.324
0.753
0.327
0.773
0.330
0.334
0.725
0.226
0.479
0.037
0.407
-0.168
1.866
0.689
-0.145
-0.017
-0.646
0.028
2.625
1.045
0.956
2.811
3.508
0.400
0.062
0.507
0.965
1.396
-0.284
0.102
0.122
0.105
0.102
0.883
0.532
0.222
0.752
-0.115
2.348
1.034
0.087
0.923
1.707
1.413
0.684
2.702
1.054
0.123
0.307
0.411
0.031
-0.066
-0.169
0.110
0.125
-0.004
0.163
0.435
1.262
-0.401
1.395
0.886
-0.156
-0.249
-0.051
0.270
0.660
0.840
-1.239
-0.105
0.310
-0.050
1.305
0.808
0.774
0.952
0.038
-0.135
0.500
0.052
0.232
-0.407
0.747
0.405
0.177
0.627
-0.371
-0.165
0.049
-0.190
0.144
0.543
-0.284
0.452
-0.132
0.038
-0.550
-0.696
0.604
0.099
1.426
0.220
-0.155
-0.098
0.312
0.049
0.425
1.007
0.360
0.366
-0.285
-0.071
0.626
-0.024
0.247
1.997
0.116
-0.070
0.164
-0.156
0.672
0.004
1.254
0.180
-0.059
0.211
0.012
-0.075
-0.123
-0.117
-0.115
-0.194
0.205
0.007
0.190
-0.051
0.090
-0.065
-2.461
-1.816
-2.139
-0.937
-0.389
-0.353
-0.219
0.023
-0.739
-1.908
0.625
0.216
0.052
0.273
0.220
0.216
-0.960
-0.429
0.054
-0.047
0.394
0.646
-0.179
-0.035
-0.001
-0.209
-0.230
0.127
0.336
0.286
1.095
2.358
3.473
0.956
1.228
