-0.391
-0.324
-0.134
-0.015
0.301
1.418
-0.122
0.803
1.988
1.297
0.125
3.171
0.479
-0.316
0.884
2.541
0.692
-0.131
0.251
-0.157
-0.134
-0.303
-1.338
0.361
-0.498
-0.134
-0.535
1.438
-0.434
-0.080
-0.004
1.043
-0.449
-0.174
-0.928
-0.015
0.558
0.378
0.202
0.474
1.432
0.620
-0.030
0.411
0.427
0.127
-0.134
-0.185
2.120
1.041
1.898
-0.134
2.380
2.440
2.669
1.876
2.166
-0.869
0.518
-1.083
3.476
1.061
1.863
0.014
-0.140
0.445
0.021
0.842
-0.093
-0.586
-0.400
-0.241
-0.387
-0.129
-0.233
-0.089
-1.436
-0.497
-0.257
-0.443
3.388
0.469
-0.220
2.434
1.411
2.895
1.556
0.217
0.369
0.488
0.448
0.102
-0.064
-0.049
2.942
-0.073
0.106
1.409
3.465
2.163
0.160
-0.020
3.355
0.141
2.222
1.928
0.076
-0.112
3.326
-0.035
0.169
0.047
-0.230
-1.775
0.397
-0.569
3.628
-0.774
1.041
0.660
1.563
2.357
1.726
-0.026
0.045
0.775
1.825
0.281
0.850
-0.156
-0.564
0.589
-0.245
0.738
0.203
0.008
0.919
0.128
0.392
-2.088
2.232
0.997
-0.276
0.103
-0.717
0.542
-1.928
-0.467
-0.287
-1.376
0.052
0.111
-0.324
1.709
-0.811
3.090
-0.725
0.161
0.047
1.271
0.383
0.577
-1.371
0.917
-1.267
4.456
0.644
1.897
3.537
1.284
0.592
0.915
0.389
0.153
0.286
0.207
0.038
0.326
0.311
0.108
0.222
1.155
0.312
0.276
0.226
-0.681
0.679
2.854
2.880
0.655
2.507
3.778
1.047
0.565
0.802
0.444
-0.081
-0.356
-0.197
-0.113
-0.264
-0.196
0.234
0.919
-0.030
0.323
0.141
1.623
1.006
-0.188
0.405
1.749
0.347
1.215
3.309
1.320
0.174
0.044
0.123
-0.134
-0.244
-0.150
0.332
0.004
-0.099
-0.110
-0.134
0.671
0.070
1.170
0.808
-0.141
0.042
-0.064
1.072
0.165
0.875
-0.742
0.246
0.275
0.076
1.892
0.713
0.688
1.140
-0.121
-0.211
-0.308
-0.577
-0.141
-0.610
0.956
0.143
1.015
1.315
-0.234
-0.240
-0.055
-0.120
-0.200
0.999
-0.499
0.776
-0.783
0.271
-0.448
-0.834
0.250
-0.453
-0.422
0.158
0.095
-0.286
-0.085
-0.215
0.764
0.512
0.323
-0.134
-0.158
-0.206
0.123
-0.134
0.395
2.652
0.169
0.091
-0.015
-0.180
1.175
0.268
-1.063
0.181
-0.355
0.278
0.206
-0.134
0.684
-0.097
-0.532
-0.524
0.156
0.058
0.053
-0.134
-0.081
0.288
-3.696
-2.747
-2.987
-1.872
-0.565
-0.616
0.276
0.300
-1.022
-0.267
0.184
0.500
0.118
0.027
0.377
0.068
-1.289
-0.692
0.133
-0.253
0.259
1.084
0.251
0.043
0.932
0.314
-0.102
-0.402
0.105
-0.073
2.456
4.396
2.359
1.684
2.882
