0.722
0.810
-1.756
0.326
-0.446
2.557
0.306
0.466
1.312
0.344
-0.016
2.719
0.350
-0.176
0.457
1.655
0.481
0.854
0.140
0.160
-0.081
-0.029
-1.540
0.472
-0.307
-0.028
-0.510
0.231
-0.156
-0.253
0.160
1.103
0.247
-0.025
-0.433
-0.007
0.403
0.057
0.094
0.492
-0.170
0.193
0.207
-0.089
-0.009
-0.068
-0.100
-0.012
0.938
0.342
0.748
0.428
2.150
2.327
-0.012
0.123
2.022
-0.027
0.243
0.091
3.001
1.388
1.388
-0.062
-0.027
0.369
0.137
0.329
0.035
-0.391
-0.195
-0.125
-0.096
-0.086
-0.278
-0.100
-1.310
-0.229
-0.138
-0.336
1.527
-0.051
-0.390
1.276
-0.034
2.259
0.861
0.082
-0.045
0.440
0.133
0.045
-0.020
-0.147
3.250
-0.529
0.004
-0.069
3.171
1.038
0.090
0.001
2.919
-0.363
0.847
0.099
-0.170
-0.080
2.956
-0.136
0.005
0.159
-0.065
-1.637
0.076
-0.165
3.296
-0.698
-0.024
1.274
1.168
2.825
1.595
0.553
0.168
0.086
1.449
0.278
0.372
0.498
-0.483
0.985
-0.078
1.160
0.270
0.194
1.400
0.596
-0.375
-2.698
1.941
0.181
0.074
0.136
-0.249
0.147
-3.034
-0.951
0.062
-1.019
-0.034
-0.060
-0.196
1.137
0.750
2.463
-0.482
-0.229
0.460
0.935
-0.152
0.031
-1.050
0.146
-0.401
3.269
-0.183
0.668
1.142
0.378
0.807
0.285
0.611
0.009
0.378
0.394
0.191
0.004
-0.069
0.021
-0.100
1.947
0.399
-0.064
-0.034
-0.723
-0.049
2.207
1.337
0.927
1.667
2.258
0.459
-0.050
0.178
0.532
0.381
-0.139
-0.079
-0.061
-0.082
-0.090
0.539
0.748
0.173
0.368
0.129
1.524
0.329
-0.189
0.183
1.578
-0.088
0.003
1.820
0.703
0.008
-0.042
-0.140
-0.223
-0.464
-0.128
0.097
-0.047
-0.060
-0.255
-0.156
0.829
0.127
1.073
0.860
-0.281
0.573
-0.089
-0.023
-0.165
0.270
-1.256
-0.199
-0.234
0.475
0.140
0.080
0.027
0.978
0.063
-0.069
-0.266
-0.116
-0.390
-1.142
0.993
0.146
0.786
1.206
-0.073
-0.138
2.199
0.928
0.195
-0.019
-0.137
1.264
-0.073
0.294
-0.073
-0.289
0.017
-0.073
0.218
0.291
-0.055
-0.048
-0.073
-0.173
0.397
0.219
0.246
0.424
-0.358
-0.175
0.041
-0.082
0.103
1.547
-0.041
0.229
0.075
0.549
0.026
-0.334
-0.363
-0.020
-0.057
-0.051
-0.133
-0.093
-0.094
-0.090
-0.247
-0.411
0.177
-0.059
-0.004
0.028
-0.023
-0.089
-3.276
-2.968
-2.894
-1.395
-0.127
-0.617
-0.062
-1.125
-1.091
0.165
0.309
0.233
0.302
0.007
0.107
-0.039
-0.918
-0.257
0.017
-0.016
0.879
1.369
-0.188
-0.131
0.087
0.104
-0.245
-0.215
0.269
0.027
1.148
2.541
2.470
2.467
2.269
