-0.014
0.090
0.962
0.222
0.132
-2.202
-0.140
-0.185
-2.724
-0.701
-0.042
-3.504
-0.701
0.131
0.080
-2.492
-0.387
-0.203
0.414
-0.043
0.002
0.504
0.295
-0.080
0.204
0.198
0.780
0.155
0.054
0.312
0.041
-0.454
0.061
-0.047
0.111
-0.254
-0.851
-0.780
-0.326
-0.565
-0.028
-0.296
-0.581
-0.196
-0.602
-0.749
0.096
0.265
-0.389
-0.620
-0.517
-0.442
-1.439
-0.934
-0.057
-0.075
-2.111
-0.075
-0.089
-0.004
-1.666
-0.945
-3.092
0.164
0.047
0.407
-0.124
-1.330
0.088
0.355
0.466
0.319
0.308
0.343
0.145
0.224
0.485
0.291
0.309
0.201
-1.994
0.059
0.432
-1.802
-0.572
-3.685
-2.083
0.037
0.009
0.676
0.064
0.064
0.051
-0.255
-3.103
0.472
-0.011
-0.419
-3.471
-2.100
-0.495
0.123
-1.924
0.484
-0.945
-0.686
0.375
-0.248
-2.510
-0.335
-0.145
-0.007
-0.663
1.098
-0.202
-0.429
-3.646
0.349
-1.183
-0.131
-1.995
-2.070
-1.066
-0.758
-0.092
-1.191
-1.985
-0.080
-0.486
-1.430
0.751
-0.339
0.148
-1.101
0.030
-0.056
-1.597
-0.586
0.584
2.526
-2.133
-0.248
-0.318
-0.474
-0.177
-0.749
3.264
2.089
0.277
0.200
0.156
0.113
-0.059
-1.812
-1.062
-3.842
1.444
-0.841
-0.524
-1.370
-0.777
0.160
1.978
-0.482
0.990
-2.417
-0.761
-0.752
-1.612
-1.104
-0.760
-0.589
-0.803
-0.296
-0.264
-0.467
-0.691
-0.494
-0.414
-0.252
0.009
-1.560
-0.148
-0.019
-0.034
0.456
0.088
-2.528
-1.248
-0.704
-2.191
-3.221
-0.524
-0.594
-0.068
-0.759
-0.691
-0.127
0.012
-0.245
-0.164
-0.130
-0.245
-0.295
-0.514
-0.454
0.021
-2.333
-0.799
0.326
-0.762
-1.501
-1.272
-0.535
-2.440
-0.827
-0.466
-0.127
0.309
0.572
0.431
-0.098
-0.175
-0.164
0.450
1.407
1.363
-1.034
-0.077
-0.567
-1.603
-0.276
-0.028
0.255
-0.281
-0.138
-0.279
0.352
0.096
-0.188
-0.599
-0.549
-0.446
-0.413
-0.564
-0.036
0.030
0.291
-0.071
0.191
0.526
-1.077
-0.085
-0.868
-1.091
0.213
0.693
-0.376
0.451
-0.007
-0.362
0.171
-0.772
-0.467
-0.120
0.196
-0.660
-0.746
-0.114
0.595
0.120
-0.144
0.003
-0.115
-0.083
-0.024
-0.926
-0.862
-0.728
0.233
-0.016
-0.758
-0.023
-0.418
-2.919
-0.026
0.144
-0.525
-0.892
-0.745
-1.336
-0.295
-0.373
0.111
-0.281
-0.077
-0.046
-0.103
-0.242
0.243
0.104
-0.189
0.097
-0.426
-0.008
-0.147
-0.009
3.756
1.219
1.847
1.174
-0.297
0.296
0.203
0.536
0.383
-0.837
-0.330
-0.251
0.027
-0.067
0.570
0.473
1.078
0.392
-0.644
0.423
-0.409
-2.446
-0.076
-0.081
-0.312
0.194
0.835
0.025
0.596
0.273
-5.932
-1.937
-4.332
-1.004
-3.343
