0.107
0.067
-0.125
0.338
-0.281
-2.905
-0.125
-0.076
-1.230
-0.152
0.081
-2.640
-0.781
-0.347
-0.304
-1.785
-0.381
-0.537
-0.269
0.044
0.107
0.406
0.456
-0.604
0.348
0.023
0.727
-0.156
0.530
1.260
-0.003
-1.373
0.157
0.182
0.835
-0.186
-0.217
-0.460
-0.295
-0.537
-0.059
-0.708
-0.467
-0.162
-0.081
0.250
0.998
0.008
-0.386
-0.383
-0.954
0.574
-1.956
-1.875
-0.279
-0.239
-2.205
0.216
-0.081
-0.062
-2.414
-0.942
-1.709
0.001
0.107
0.133
0.094
-0.735
-0.179
0.745
0.499
0.147
0.180
0.165
0.039
0.057
0.345
0.189
0.279
0.430
-2.578
-0.223
0.092
-1.775
-0.178
-2.220
-1.717
-0.125
-0.125
-0.211
-0.125
-0.111
0.157
-0.164
-2.887
0.624
0.290
-0.332
-2.549
-1.154
0.052
0.102
-3.189
-0.220
-1.618
-0.663
0.304
-0.039
-2.892
0.015
0.011
0.027
0.530
1.456
0.009
0.723
-3.666
0.452
-0.573
-1.043
-1.906
-2.524
-0.959
-0.408
0.276
-1.255
-1.109
0.133
-0.140
-0.799
0.962
-1.103
-0.063
-1.616
-0.171
-0.070
-1.212
-0.309
-0.130
0.694
-2.046
-0.304
0.028
0.189
0.247
-0.435
1.409
0.574
0.470
0.146
-0.015
0.427
0.363
-0.864
0.236
-1.895
0.720
0.499
-0.332
-0.707
-0.257
-0.104
1.032
-0.382
0.745
-2.765
-0.246
-0.221
-0.802
-0.659
-0.264
-0.108
-0.203
0.052
-0.210
-0.178
0.103
0.150
0.104
0.100
0.138
-1.811
-0.504
0.031
-0.019
0.236
-0.052
-2.829
-2.031
-1.163
-2.034
-2.739
-0.504
-0.580
-0.322
-0.404
-0.257
0.090
-0.125
-0.145
-0.130
-0.159
-0.167
-0.213
-0.147
-0.223
0.175
-2.150
-0.745
0.165
-0.624
-1.532
-0.591
-0.182
-2.457
-1.111
-0.116
-0.125
0.121
0.267
0.010
0.072
-0.081
0.026
0.028
0.161
0.226
-0.757
0.022
-0.877
-0.499
-0.191
0.284
0.163
-0.714
-0.200
-0.683
0.585
-0.065
0.161
-0.391
-1.546
-0.436
-0.514
-1.183
0.403
-0.367
0.621
-0.036
-0.116
0.329
-0.502
-0.674
-0.481
-0.440
0.321
-0.366
0.264
-0.192
-0.520
-0.704
0.170
-0.504
0.034
-0.251
0.386
0.782
-0.378
0.036
0.303
-0.193
-0.386
-0.010
0.230
-0.149
-0.416
-0.371
-0.397
-0.310
0.169
0.045
-0.207
-0.088
-0.152
-3.331
-0.080
0.270
-0.137
0.291
-0.214
0.953
0.928
-0.052
0.185
-0.096
0.105
0.202
-0.002
0.053
0.360
0.285
0.015
0.183
-0.069
0.211
0.095
0.181
1.575
1.368
1.362
1.070
0.007
0.471
0.265
0.360
0.747
-0.349
-0.204
-0.258
-0.125
0.018
-0.180
0.214
0.620
0.186
0.161
-0.125
-0.488
-1.190
0.003
0.119
-0.148
-0.230
0.593
0.225
-0.168
-0.076
-1.668
-2.838
-2.465
-1.385
-2.521
