0.228
0.269
0.415
-0.137
-0.871
-2.518
-0.163
-0.583
-1.698
-1.178
-0.340
-2.553
-1.429
0.528
0.299
-1.763
-0.959
-0.025
-0.786
0.125
0.377
1.031
2.210
0.569
0.782
-1.226
0.072
-1.461
-0.934
0.126
-0.095
-1.255
0.394
-1.481
-0.821
-1.792
-0.834
-1.259
-0.234
0.086
-0.381
-0.478
-1.343
-0.492
0.069
-0.090
0.192
0.656
-0.687
-1.369
-0.928
-0.924
-1.519
-0.478
-0.586
-0.233
-0.997
1.044
-0.644
1.586
-2.374
-0.724
-1.705
-0.295
-0.547
1.560
-0.308
-0.454
0.365
0.321
0.194
-0.233
0.255
0.556
-0.331
0.309
1.052
0.287
0.393
0.410
-1.055
0.189
-0.249
-2.128
-0.483
-2.857
-1.198
0.006
0.264
0.113
0.216
0.194
-0.283
-0.779
-1.947
0.014
0.687
-0.201
-2.085
-0.667
-0.983
-0.355
-2.910
-0.488
-2.029
-1.430
0.498
0.204
-2.724
-0.658
0.253
0.213
0.229
3.001
0.016
0.812
-2.171
-0.611
-0.991
-0.928
-1.750
-1.488
-2.061
-1.250
-0.587
-0.088
-0.464
0.836
-0.116
-2.467
-0.583
0.011
-0.016
-0.675
-0.018
-0.045
-2.285
-0.728
-0.977
2.682
-1.907
-0.503
-0.228
-1.343
0.415
-0.985
2.649
1.513
-1.135
0.507
0.058
-0.904
-0.065
-0.804
-0.892
-1.733
1.401
-1.487
-0.055
-0.945
-1.260
-0.595
1.339
-0.596
0.151
-2.711
-1.393
-0.654
-1.482
-1.417
-0.967
-0.644
-0.342
0.545
-0.875
-0.919
-1.242
-0.111
-0.144
0.587
0.257
-0.295
0.143
-0.327
-0.546
0.650
-0.125
-1.601
-1.775
-1.099
-1.290
-1.327
-0.590
0.408
0.144
-0.024
0.117
0.139
0.119
0.144
0.038
0.086
0.275
0.073
0.276
0.025
-0.458
-3.207
-1.838
0.796
0.117
-0.647
-1.910
0.330
-2.248
-0.705
-0.024
0.327
0.425
0.585
0.287
0.790
-0.301
0.550
1.125
1.018
1.523
-0.654
0.166
-0.332
-1.587
1.097
0.294
-0.459
-0.426
-1.536
-0.573
0.765
0.119
-0.122
-0.840
-0.560
-0.463
-0.754
-1.011
-0.729
-0.193
-0.639
0.001
-0.871
-0.705
-0.991
-0.326
0.023
-0.452
0.658
-0.001
0.083
0.477
-0.186
0.645
0.391
0.562
-0.187
0.306
0.287
1.116
-0.702
-0.153
-0.687
-0.660
-0.559
-0.134
0.377
1.066
0.410
-1.012
-0.339
0.987
-0.430
-0.473
-0.922
-1.086
-0.525
-2.019
-0.455
-0.184
-0.123
-1.016
-0.180
-0.743
0.133
-0.498
-0.005
1.442
-0.244
0.199
0.299
-0.383
-0.080
0.217
-0.047
-0.994
-0.388
-0.408
-0.179
0.198
3.029
3.089
3.000
2.151
-0.464
1.951
0.021
0.874
0.504
0.888
-0.171
0.486
0.044
0.025
0.368
0.384
2.821
-0.104
-2.697
0.198
-0.388
-0.361
0.389
-0.157
0.338
-0.088
0.961
0.389
0.412
-0.018
-2.849
-2.173
-1.179
0.254
-0.715
