0.132
0.148
0.087
0.013
0.559
3.454
0.087
0.087
1.647
0.590
0.050
3.118
0.755
-0.220
0.205
2.634
0.602
0.392
0.087
0.151
-0.210
-0.340
-0.564
0.735
-0.319
0.087
-1.097
1.188
-0.418
-0.302
0.091
1.269
-1.280
0.108
-0.717
0.087
0.215
0.592
0.546
0.587
-0.070
0.698
0.660
0.248
0.087
0.300
-0.095
0.087
0.427
0.277
0.936
-0.029
1.834
1.262
1.493
1.195
2.165
-0.030
0.316
0.087
2.713
0.679
2.022
-0.134
-0.505
-0.137
-0.068
0.992
0.208
-0.663
-0.733
-0.388
-0.042
0.094
-0.509
-0.219
-0.443
-1.226
-0.257
-0.294
2.227
0.143
0.087
1.945
0.673
1.688
1.513
0.140
0.180
-0.537
0.087
0.055
-0.145
0.369
4.448
-0.329
-0.111
0.082
2.811
0.734
-0.504
-1.042
3.291
-0.254
1.669
0.649
-0.229
0.032
2.335
-0.470
0.093
-0.110
0.062
-2.606
0.087
-0.182
3.517
-0.383
0.378
1.071
1.754
2.926
1.811
0.472
0.351
1.357
1.242
0.031
0.194
0.403
-0.785
0.811
0.086
2.046
0.341
-0.021
1.393
-0.151
-0.472
-0.085
1.654
0.352
-0.277
0.046
-0.414
0.019
-2.328
-2.309
0.085
-0.323
0.227
-0.481
-0.159
1.069
-0.442
2.706
-0.664
-0.062
0.097
0.853
0.344
0.344
-2.052
0.744
-0.922
3.582
0.183
0.949
1.359
0.593
0.370
0.349
0.377
0.012
0.344
0.374
0.293
0.115
0.080
-0.147
0.298
1.494
0.323
-0.095
-0.053
-0.596
-0.273
3.201
1.331
0.573
3.000
5.596
0.638
1.204
0.454
0.484
0.846
-0.252
0.087
0.087
0.087
0.087
0.393
0.381
0.113
0.349
-0.305
2.230
0.829
-0.928
0.762
1.120
0.152
0.711
2.934
1.099
0.056
0.368
0.196
-0.284
0.061
-0.026
0.183
0.240
0.051
-0.387
-0.438
0.811
-0.058
0.999
0.865
0.056
-0.056
0.085
0.502
0.085
1.024
-0.426
0.135
0.140
0.087
0.109
0.706
0.141
0.323
-0.037
0.119
-0.264
-0.071
-0.669
-0.155
1.008
0.198
-0.099
0.664
-0.729
-1.328
-1.598
0.382
0.336
0.087
-0.889
0.368
-1.038
-0.386
-1.192
-0.123
0.552
-0.221
0.414
-0.083
0.145
-0.134
-0.481
-0.145
0.642
0.295
0.298
0.371
-0.341
-0.179
0.109
-0.108
0.095
3.108
0.135
-0.123
0.003
-0.392
0.459
-0.333
-1.839
0.087
-0.138
0.024
0.087
0.087
0.053
0.097
-0.315
0.087
0.053
0.209
-0.047
-0.055
0.022
-0.136
-2.866
-2.013
-2.317
-1.631
-0.050
-0.365
-0.037
-0.408
-1.120
-0.832
0.107
0.691
-0.012
-0.166
0.764
-0.022
-1.826
-0.640
-0.131
-0.161
-0.017
1.356
0.166
-0.018
0.263
0.087
-0.742
-0.189
-0.180
0.038
2.716
2.878
2.717
1.232
2.795
