1.598
0.935
0.458
-0.330
-0.178
-3.871
-0.152
-0.402
-1.449
-0.214
0.027
-2.895
-0.810
0.349
-0.294
-3.070
-0.930
-0.993
-0.289
0.059
0.401
0.428
1.867
-0.599
-0.160
-0.160
0.571
-1.085
0.216
0.424
-0.300
-1.691
0.452
-0.381
0.327
-0.066
-0.442
-0.698
-0.517
-0.668
-0.385
-0.502
-0.870
-0.322
-0.081
-0.091
0.427
-0.029
-1.123
-0.256
-2.381
-0.488
-2.125
-1.903
-0.451
-0.926
-2.294
0.228
-0.318
0.045
-3.086
-0.913
-2.787
0.073
0.409
-0.184
0.388
-2.204
0.253
1.341
0.827
0.662
0.702
0.404
0.519
0.449
1.927
0.912
0.697
0.928
-3.427
-0.210
0.004
-3.156
-0.730
-2.869
-3.194
-0.206
-0.172
-0.374
-0.198
-0.226
-0.112
-0.360
-7.059
0.604
1.542
-0.236
-3.577
-1.671
-0.640
0.291
-4.124
-0.478
-2.453
-0.806
0.036
-0.253
-3.249
-0.044
-0.164
-0.187
-0.187
2.176
-0.235
-0.155
-4.585
-0.271
-0.632
-1.083
-1.769
-2.325
-1.404
-0.626
-0.360
-1.400
-1.559
-0.383
-0.697
-1.114
2.051
-0.139
-0.103
-2.623
-0.168
-0.227
-2.242
-0.617
-0.283
2.188
-2.948
-0.845
0.332
-0.565
0.851
-0.541
2.331
0.886
-0.012
0.476
-0.194
0.071
-0.004
-1.217
0.635
-3.608
0.977
-0.286
0.048
-0.248
-0.556
-0.308
1.078
-0.584
0.573
-4.211
-0.698
-0.710
-1.769
-1.295
-0.580
-0.229
-0.198
-0.119
-0.649
-0.683
-0.206
-0.185
-0.184
-0.147
-0.011
-2.388
-0.580
-0.016
-0.043
1.159
-0.455
-3.364
-1.514
-0.972
-3.701
-4.091
-0.561
-0.791
-0.326
-0.694
-0.305
0.209
-0.086
-0.202
-0.105
-0.042
-0.907
-0.355
-0.227
-0.231
-0.136
-3.268
-0.937
1.771
-0.718
-1.996
-0.402
-0.272
-3.285
-0.966
-0.495
-0.426
-0.239
0.209
-0.147
-0.266
-0.241
-0.239
0.025
-0.197
0.006
-0.654
-0.210
-1.118
-1.056
0.141
-0.326
0.130
-1.139
-0.211
-1.119
0.977
-0.095
-0.617
0.095
-0.406
-1.097
-0.659
-1.571
-0.094
-0.039
-0.149
-0.183
0.236
0.518
-0.667
-0.723
0.100
-0.512
0.817
0.974
0.266
0.010
-0.173
-0.065
0.826
-0.234
1.083
0.427
1.718
0.097
-0.498
-0.005
0.557
-0.312
-0.115
-0.202
-0.036
0.113
-0.358
-0.682
-0.438
-0.635
0.130
-0.130
-0.198
-0.185
-0.273
-2.638
-0.280
-0.075
0.148
0.396
-0.682
0.214
0.208
-0.269
0.274
-0.038
0.077
0.186
-0.118
-0.128
0.306
0.235
-0.373
-0.254
-0.280
-0.030
0.076
-0.148
2.315
2.554
2.469
1.954
-0.160
0.207
-0.112
0.724
0.837
0.192
-0.398
-0.390
-0.588
-0.355
-0.436
-0.088
1.355
0.364
-0.210
-0.043
-0.595
-1.916
-0.385
-0.345
-0.509
-0.235
0.186
0.244
-0.169
-0.102
-2.388
-4.696
-4.279
-1.388
-3.447
