-2.194
-1.414
0.266
-0.075
-1.331
-2.768
-0.093
0.019
-2.056
-1.240
0.008
-2.841
-0.647
-0.208
-0.646
-2.494
-1.432
-0.346
-0.116
-0.180
-0.210
0.497
1.174
-0.384
0.381
0.397
0.281
-0.364
0.041
0.018
-0.063
-0.477
0.862
0.219
0.473
0.281
-1.047
-0.720
-0.514
-0.553
-0.092
-1.004
-1.429
0.032
-0.285
-0.330
0.291
0.214
-0.931
-0.666
-1.439
-0.049
-1.422
-1.330
-1.462
0.301
-1.814
-0.342
-0.168
-0.184
-2.624
-1.817
-1.473
-0.120
0.079
0.499
-0.112
-0.331
-0.134
0.793
1.066
0.785
0.309
-0.002
0.744
0.246
0.854
0.722
-0.082
0.643
-1.784
0.141
0.475
-1.605
-0.823
-2.838
-2.847
0.020
-0.861
0.018
0.129
0.025
0.232
-0.388
-4.113
0.328
-0.075
-0.600
-2.371
-1.109
-0.213
0.213
-2.945
0.011
-1.384
-1.148
0.168
-0.112
-2.118
-0.529
-0.113
-0.149
0.543
1.726
-0.149
-0.101
-3.432
-0.075
-0.928
-1.389
-2.321
-2.994
-2.824
-0.534
-0.212
-1.739
-3.727
-0.015
-0.944
-1.847
1.336
-0.291
-0.086
-1.471
-0.348
-0.226
-1.726
-0.099
0.232
2.958
-1.491
-1.445
0.084
-0.589
0.270
-1.497
2.594
2.184
0.652
-0.300
-0.180
0.089
0.071
-1.994
0.292
-4.088
1.370
0.581
-0.354
-1.810
-0.558
-0.815
1.217
-0.789
0.854
-4.808
-2.605
-2.013
-3.239
-2.565
-0.609
-0.994
-0.729
0.156
-0.356
-0.318
-0.057
0.064
0.087
0.121
-0.044
-2.098
-1.287
-0.113
-0.105
0.605
-0.326
-2.098
-3.831
-1.278
-1.793
-4.492
-0.672
-0.601
-0.690
-0.543
-0.623
0.299
0.017
-0.170
0.248
0.248
-0.408
-0.438
-0.125
0.126
-0.042
-1.499
-1.105
0.532
-0.499
-1.079
-0.447
-0.536
-3.316
-1.283
0.067
-0.330
-1.191
0.139
0.128
0.148
-0.251
-0.270
0.045
0.263
0.254
-0.714
0.204
-1.333
-0.877
-0.142
-0.116
-0.129
-0.421
0.151
-0.958
0.546
-0.089
-0.500
0.281
-1.670
-1.049
-0.936
-0.327
0.327
-0.133
0.514
0.385
0.258
0.368
-0.922
-0.170
-0.495
-0.646
0.541
-0.335
-0.817
-5.615
-1.240
-0.497
0.400
-1.286
0.510
-0.019
0.509
-0.114
-0.352
0.536
-0.031
-0.291
0.078
0.257
-0.046
-0.102
-0.417
-0.405
-0.266
-0.447
0.390
0.153
-0.451
0.200
-0.338
-2.407
-0.153
0.373
-0.351
0.515
-0.652
0.208
2.929
-0.093
-0.317
-0.261
-0.099
0.251
0.424
-0.122
0.550
0.418
-0.166
0.206
-0.143
-0.284
-0.173
-0.300
3.453
2.493
2.064
2.204
-0.113
0.339
-0.246
0.316
0.783
0.410
-0.172
0.281
-0.113
0.156
-1.060
-0.112
2.367
0.774
-0.117
0.297
-0.419
-1.168
0.013
0.097
-0.764
0.043
0.784
0.046
-0.091
-0.076
-2.048
-3.088
-3.670
-0.418
-1.702
