0.004
0.001
-0.053
0.139
0.699
3.105
-0.096
0.801
2.563
1.203
-0.118
3.201
1.444
0.741
0.225
3.105
1.036
-0.029
-0.040
0.045
-0.141
0.053
-0.380
0.569
-0.182
-0.169
-0.412
-0.073
0.037
-0.223
0.196
0.969
-0.730
0.048
-0.174
0.194
0.687
0.479
0.196
0.878
0.147
0.473
1.139
0.097
0.363
0.466
-0.137
0.164
0.874
0.624
0.603
0.004
1.655
0.966
0.799
0.137
2.927
0.116
0.024
-0.078
3.010
1.136
2.202
0.014
-0.011
0.375
0.579
0.845
0.130
-0.307
-0.258
-0.154
-0.217
0.038
-0.180
0.003
-0.434
0.012
-0.117
-0.187
3.132
0.414
-0.081
2.778
0.595
2.751
1.819
0.126
-0.037
-0.263
0.008
0.094
-0.105
0.542
3.644
-0.132
0.092
0.312
2.661
1.149
0.565
0.041
4.111
0.696
1.936
1.276
0.514
0.873
2.850
0.570
0.058
-0.117
-0.259
-1.833
0.005
-0.738
3.226
-0.594
0.920
1.043
1.702
2.910
1.427
1.273
0.249
0.314
2.055
-0.016
0.806
0.695
-0.627
0.819
-0.223
0.698
0.351
0.337
1.957
0.620
0.912
-1.034
3.160
1.145
0.447
1.025
0.680
0.792
-1.744
-0.848
0.051
-0.170
0.492
-0.020
-0.011
1.656
0.623
2.147
-0.696
0.760
0.552
1.177
0.822
0.104
-1.331
0.513
-0.724
3.933
0.516
1.334
1.207
1.332
0.505
-0.023
0.523
0.508
0.210
0.297
0.369
0.047
0.241
0.348
0.343
2.102
1.193
0.231
0.031
-0.420
0.460
3.045
2.314
1.284
3.343
3.346
0.795
0.340
0.170
0.383
0.541
-0.099
-0.106
-0.077
-0.248
-0.053
0.360
0.208
-0.074
0.216
0.273
2.772
1.004
-0.086
0.694
1.846
1.034
0.017
2.068
0.853
0.281
0.321
0.066
-0.284
-0.027
0.114
0.169
0.165
-0.031
0.078
-0.235
0.599
0.060
1.170
1.054
0.365
0.554
-0.068
0.702
0.459
1.165
-0.665
0.021
0.540
1.551
2.003
0.585
1.131
0.248
-0.184
-0.058
1.067
0.275
0.023
-0.324
1.697
0.400
0.562
0.604
-0.354
0.094
0.214
0.195
0.588
0.598
0.042
0.526
-0.514
0.359
-0.933
-0.835
0.505
0.085
-0.213
0.180
-0.009
-0.049
-0.207
0.010
0.519
0.323
0.153
-0.016
-0.326
-0.065
0.190
-0.117
0.012
2.817
-0.079
-0.073
0.175
0.585
0.341
0.267
1.198
-0.056
-0.391
-0.254
-0.336
-0.556
-0.150
0.140
-0.392
-0.414
0.094
-0.175
-0.052
-0.103
0.054
-0.113
-2.630
-1.698
-1.784
-1.121
0.108
-0.465
-0.172
-0.828
-0.709
0.852
0.147
-0.031
-0.089
0.158
0.539
0.059
0.574
0.485
0.268
-0.547
0.882
1.309
0.070
-0.717
1.119
0.020
-1.468
0.339
-0.026
0.083
2.257
2.368
3.631
0.301
2.098
