-0.180
-0.112
-0.026
-0.065
-0.704
-1.994
-0.051
0.011
-1.338
-0.314
0.117
-2.930
-1.064
-0.268
-0.050
-2.090
-0.531
-0.378
0.186
-0.008
0.419
0.607
1.025
-0.680
-0.071
0.050
0.638
0.262
0.160
0.094
0.031
-0.912
0.746
0.455
1.183
0.480
-0.628
-0.402
-0.099
-0.498
-0.083
-0.501
-0.735
-0.442
0.168
0.262
0.402
-0.132
-0.453
-0.622
-1.563
-0.109
-1.724
-1.598
-1.698
-1.073
-2.459
0.544
-0.228
-0.023
-2.401
-0.684
-2.200
0.100
-0.058
0.100
0.103
-1.216
-0.036
0.277
0.318
0.238
-0.075
0.301
0.192
0.086
0.579
0.311
0.158
0.216
-2.552
0.038
0.010
-1.804
-0.681
-2.251
-1.041
0.402
-0.050
1.071
0.408
0.394
0.961
-0.259
-2.756
0.574
-0.074
-0.093
-3.415
-2.072
0.368
-0.009
-2.965
0.027
-1.602
-0.918
-0.028
-0.021
-2.093
0.357
0.090
0.260
0.065
1.383
0.027
0.071
-3.079
0.382
-1.287
-0.709
-2.306
-2.967
-0.982
-0.535
-0.073
-1.047
-1.708
0.063
0.080
-0.902
0.854
-1.064
0.087
-1.480
-0.036
-0.030
-1.157
-0.207
0.084
2.186
-2.139
-0.808
0.135
-0.390
0.398
-0.287
2.033
1.701
0.238
0.736
-0.366
-0.008
0.214
-1.232
-1.031
-2.409
0.606
-0.146
0.069
-1.081
-0.327
-0.548
0.980
-0.492
0.693
-3.042
-1.488
-0.869
-1.405
-1.760
-0.354
-0.335
-0.253
0.305
-0.119
-0.281
-0.127
-0.094
0.294
0.467
0.154
-1.912
-0.800
0.021
0.108
0.594
-0.044
-2.671
-1.749
-1.083
-2.260
-3.857
-0.452
-1.319
-0.353
-0.554
-0.486
0.294
-0.020
-0.065
0.336
0.299
-0.349
-0.367
-0.367
-0.384
0.068
-2.636
-1.008
0.585
-0.528
-1.672
-0.956
-0.502
-2.478
-1.105
-0.299
-0.347
-0.140
0.187
0.088
0.259
-0.098
-0.244
0.301
0.248
0.012
-0.496
0.123
-1.201
-1.008
0.105
0.138
0.001
-0.194
0.246
-0.496
0.223
-0.008
-0.531
-1.193
-1.216
-0.625
-0.525
-1.210
0.720
-0.136
0.577
0.256
0.609
0.229
-0.866
-0.490
-1.578
-1.978
0.338
0.176
-0.515
-1.999
-0.142
-1.070
0.205
-1.319
0.435
-0.891
0.811
0.073
-0.185
0.020
-0.565
0.182
-0.064
0.010
-0.224
-0.209
-0.335
-0.326
-0.359
-0.593
0.378
0.076
-0.155
0.255
-0.206
-1.699
-0.134
-0.059
-0.009
-0.753
-0.296
0.068
0.781
0.163
0.239
0.478
0.088
0.456
0.570
-0.215
-0.047
0.276
-0.393
0.148
0.069
0.079
-0.341
-0.142
3.111
2.633
2.609
1.758
0.148
0.343
-0.015
0.797
0.778
0.065
-0.115
-0.064
0.014
0.030
0.133
0.054
1.538
0.660
-0.152
0.079
-0.634
-1.188
-0.016
-0.074
-0.076
-0.150
0.587
0.436
-0.010
0.001
-2.005
-2.496
-3.275
-0.114
-2.453
