-0.021
-0.123
-0.126
-0.165
0.236
-2.232
0.108
-0.310
-2.640
-1.263
0.294
-3.001
-0.789
-0.100
0.899
-2.248
-0.082
-0.364
-0.102
-0.031
-0.362
0.579
-0.915
0.383
1.100
-0.399
0.671
-0.407
0.602
0.504
0.258
-0.330
1.228
-0.816
-0.512
-1.058
-0.773
-0.188
-0.273
-0.056
-1.412
-0.157
-1.033
0.097
-0.331
-0.320
0.409
0.269
-0.494
-0.315
-0.569
-0.261
-1.942
-1.981
-0.017
-0.138
-3.332
0.727
-0.059
0.649
-2.585
-0.309
-2.677
0.385
0.351
1.534
1.654
-0.780
0.157
0.464
0.249
0.248
0.149
0.233
0.244
0.239
0.288
0.269
0.246
0.414
-2.622
-0.118
0.664
-1.544
-0.327
-1.870
-0.614
-0.101
0.138
-0.040
0.050
0.045
0.566
0.047
-2.461
-0.014
0.211
0.019
-2.718
-0.772
-0.297
0.350
-3.658
0.521
-1.843
-1.075
1.440
0.557
-2.773
0.371
0.227
0.271
0.648
1.567
0.927
1.127
-2.480
1.711
-0.532
-0.190
-1.182
-2.440
-2.035
-0.080
0.139
-0.933
-1.586
1.070
-0.243
-0.596
-0.150
0.246
0.353
-0.520
-0.379
-0.108
-0.379
1.593
-0.260
0.914
-2.387
-0.870
-0.335
0.086
0.191
-0.347
1.653
1.524
0.883
-0.148
-0.282
1.260
0.244
-1.444
-0.715
-1.141
1.575
-0.203
-0.083
-1.169
-0.705
-0.549
1.085
-0.693
1.342
-2.624
-0.707
0.414
-0.442
-0.803
-0.008
0.121
-0.007
0.101
-0.025
0.041
0.213
0.076
0.156
0.110
0.377
-2.176
-0.729
1.202
0.281
0.387
1.794
-3.206
-2.431
-1.280
-2.539
-2.064
-0.134
0.242
-0.157
-0.574
-0.169
0.397
-0.101
-0.163
-0.097
-0.119
-0.581
-0.263
-0.089
-0.356
0.972
-2.301
-0.517
-0.232
-1.324
-1.550
-0.140
-0.399
-2.628
-0.991
-0.147
-0.059
-0.380
0.205
0.246
0.220
0.226
0.271
0.250
-0.002
-0.323
-0.675
0.734
-1.175
-0.596
1.448
1.037
-0.151
-0.046
-0.252
0.046
0.923
0.269
0.221
-1.345
-2.027
0.139
-1.045
-0.606
0.288
0.178
-0.022
0.016
-0.180
0.383
-0.591
0.149
0.165
-0.009
0.281
0.281
-0.146
0.365
0.281
0.281
0.327
0.134
0.473
0.281
0.466
1.037
-0.260
0.260
0.117
0.009
0.116
0.459
0.009
0.154
-0.901
-0.404
-0.455
-0.269
0.467
0.003
-0.306
0.030
-0.184
-1.979
0.272
0.272
0.281
-0.554
-0.636
0.595
-0.355
0.025
0.182
0.063
0.216
0.187
0.031
-0.456
0.271
0.245
0.023
0.232
0.070
0.301
0.275
0.471
1.837
1.482
1.533
1.366
0.253
0.279
-0.034
0.062
1.471
0.729
-0.481
-1.513
-0.091
0.003
-0.238
0.258
1.752
1.753
-0.191
0.243
0.004
-0.785
0.277
0.014
-0.132
0.066
1.093
-0.010
-0.126
-0.003
-2.105
-2.071
-2.197
-0.330
-2.890
