-0.060
-0.105
0.688
0.266
-0.053
3.466
-0.040
0.084
1.730
-0.348
-0.053
3.903
0.263
0.032
-0.789
2.823
0.154
0.722
-0.049
-0.030
-0.047
-0.746
0.603
-1.206
-0.281
-0.053
-0.753
-0.053
-0.837
-0.041
-0.011
0.795
-0.219
0.986
0.576
0.512
0.088
-0.021
0.074
-0.305
0.572
0.311
0.125
0.015
0.262
0.193
-0.150
-0.354
0.581
0.059
0.518
-0.053
1.611
0.970
-0.053
0.066
2.151
-0.053
0.181
-0.017
1.424
0.286
1.652
-0.091
-0.252
-0.831
-0.120
0.468
0.156
-0.569
-0.210
-0.070
-0.046
-0.053
-0.430
0.027
-0.300
0.025
-0.238
-0.294
2.163
-0.067
-0.055
1.303
0.016
1.730
0.568
-0.079
-0.038
-0.059
-0.018
-0.047
-0.237
0.227
3.555
-0.053
-0.258
0.007
2.017
-0.054
-0.053
-0.167
2.627
-0.367
2.136
1.589
-1.375
0.282
2.386
-0.053
-0.056
0.125
0.230
-0.197
0.209
-1.020
3.093
-1.567
0.566
0.482
1.348
1.214
0.323
-0.255
-0.388
-0.078
0.324
-1.124
-0.053
0.339
-0.053
-0.172
-1.082
-0.053
0.480
0.172
0.829
-0.617
0.003
-1.181
0.919
0.039
-0.007
-0.014
-0.053
0.957
-2.519
-3.028
-0.121
0.343
0.028
0.003
-0.053
1.150
0.687
1.285
-1.976
0.812
0.364
1.021
0.054
0.355
-1.856
0.638
-2.048
2.841
0.779
0.647
2.023
1.476
0.435
0.520
0.512
0.040
-0.051
0.005
0.319
0.085
0.603
0.166
-0.053
3.108
1.185
-0.514
-0.053
-0.053
-0.878
3.995
2.038
1.171
3.330
2.587
0.333
-0.258
0.116
0.013
0.923
-0.053
-0.053
-0.053
-0.053
-0.053
-0.053
-0.053
-0.053
-0.053
-1.516
0.796
-0.139
-0.053
0.239
0.855
1.041
-0.053
2.518
0.144
-0.021
-0.063
0.495
-0.053
-0.053
-0.018
0.031
0.111
-0.096
-0.011
0.131
0.006
-2.080
2.765
0.108
-2.000
-0.037
-0.199
-0.094
-0.019
1.208
-2.785
-0.053
-0.034
1.090
1.500
0.155
0.130
0.430
-0.279
-0.053
-0.053
0.133
-0.037
-0.546
0.236
0.692
-0.053
-0.011
-0.053
-0.053
0.175
-0.053
0.000
-0.053
-0.053
0.019
-0.213
-0.053
-0.053
-0.440
0.032
0.048
-0.053
-0.035
-0.053
-0.152
-0.053
-0.143
0.251
0.647
0.874
0.717
-0.172
-0.040
0.156
0.136
0.752
2.387
0.036
-0.055
0.103
1.320
0.456
-0.896
-0.608
-0.023
-0.086
0.121
-0.053
-0.448
0.875
-0.053
-0.517
-0.240
-0.133
-0.053
0.032
-0.570
-0.157
-0.228
-2.333
-0.243
-1.060
-0.573
-0.370
-1.083
-0.053
1.073
-1.034
-1.158
0.154
0.341
0.042
-0.053
0.149
-0.053
-1.561
-0.531
0.144
-0.053
0.006
1.805
-0.053
-0.053
0.788
-0.333
-0.754
0.124
0.234
0.014
3.933
2.499
3.297
-0.003
1.529
