0.334
0.206
0.132
0.316
0.056
2.290
0.118
0.502
1.717
0.361
0.195
2.825
0.384
-0.455
0.203
2.424
0.737
0.203
0.168
0.113
-0.250
-0.332
-1.418
0.303
-0.309
0.600
-0.967
0.326
0.100
-0.127
-0.347
0.724
-0.073
0.040
-0.324
-0.341
0.749
0.385
0.741
0.531
0.551
0.349
0.762
0.221
0.137
0.145
-0.239
0.107
0.331
0.721
1.143
-0.089
1.295
1.212
0.405
0.649
2.340
0.195
0.439
0.274
1.767
0.662
1.929
0.018
-0.249
-0.390
0.066
0.788
0.133
-0.622
-0.507
-0.345
-0.146
0.270
-0.052
0.097
-0.424
-0.868
-0.041
-0.304
2.233
0.108
-0.347
1.842
0.341
1.929
1.015
0.849
0.723
0.155
0.812
0.435
0.353
0.396
2.466
0.132
-0.067
0.081
2.780
1.253
0.075
-0.109
2.795
-0.112
1.370
1.026
-0.259
-0.462
2.605
-0.310
0.526
-0.241
-0.222
-1.707
-0.228
-0.157
3.600
-0.578
0.089
0.407
1.730
2.569
1.104
0.172
0.180
1.220
1.546
0.232
0.460
0.959
-1.880
0.254
-0.318
0.891
0.055
0.163
1.005
0.181
0.133
0.003
1.962
0.543
-0.114
-0.273
-0.700
-0.034
-1.899
-0.933
-0.431
-0.606
0.263
-0.031
-0.264
0.851
0.431
2.396
-1.106
0.226
-0.013
0.783
0.375
0.151
-1.939
0.302
-0.817
3.329
0.671
0.802
0.897
1.515
0.223
0.180
0.190
0.060
0.080
0.372
-0.007
0.040
0.001
0.061
-0.058
1.907
0.755
0.010
-0.081
-0.492
-0.100
2.824
2.132
0.998
2.533
3.613
0.674
0.688
0.432
0.447
1.009
-0.003
0.057
0.211
0.003
0.003
0.179
0.386
0.063
0.315
-0.147
2.122
0.641
0.041
0.435
1.218
0.118
0.995
2.707
0.795
0.219
0.437
0.122
0.003
-0.017
0.016
0.247
0.034
-0.190
0.003
-0.053
0.461
-0.006
0.363
0.680
-0.278
-0.001
-0.026
0.200
-0.180
0.510
-0.455
-0.064
0.413
0.172
0.003
0.570
0.171
1.046
0.003
-0.294
0.564
0.003
0.036
-0.465
0.751
0.300
0.906
0.389
-0.644
-1.302
0.648
0.832
0.950
0.246
-0.430
0.725
-0.880
0.360
0.003
0.050
0.329
-0.180
0.052
0.134
0.266
0.044
0.314
-0.268
0.598
0.489
0.210
0.669
-0.423
-0.098
-0.036
0.001
0.164
2.544
0.068
-0.233
0.028
0.238
0.324
-0.040
-2.382
0.211
-0.009
0.090
0.329
0.003
0.153
0.307
-0.481
0.023
0.394
0.013
0.330
-0.256
0.302
-0.144
-3.174
-1.974
-1.927
-0.919
-0.199
-0.515
0.181
-0.261
-0.540
-0.248
0.330
0.569
0.197
0.312
0.397
0.024
-1.123
-0.552
0.177
0.187
-0.031
1.220
-0.134
-0.241
0.058
0.286
-0.485
0.002
0.023
-0.027
1.772
2.285
1.413
0.307
1.757
