0.617
0.662
0.441
-0.157
-0.241
-2.138
-0.339
-0.726
-1.706
-0.452
0.065
-2.977
-0.835
0.154
0.886
-2.258
-0.742
-0.230
-0.014
-0.129
0.161
0.308
0.558
-0.437
0.435
0.235
1.387
0.253
0.726
0.456
0.159
-0.607
0.488
-0.261
0.127
-0.537
-0.717
-0.596
-0.193
-0.313
-0.134
-0.333
-0.124
-0.164
-0.408
-0.397
0.202
0.369
-0.722
-0.648
-0.733
0.667
-1.258
-1.299
0.161
-0.174
-2.575
0.396
0.016
0.274
-2.371
-1.037
-2.181
0.150
0.038
0.226
-0.034
-1.414
-0.130
0.734
0.830
0.401
0.371
-0.051
0.254
-0.148
0.867
0.117
0.138
0.264
-2.522
-0.099
0.163
-1.340
-0.041
-2.246
-1.706
-0.282
-0.098
0.134
-0.402
-0.295
-0.039
-0.304
-2.283
-0.013
0.003
-0.487
-2.434
-0.714
-0.257
0.008
-2.938
-0.142
-1.224
0.025
0.467
-0.236
-1.915
0.197
-0.086
-0.045
0.091
1.734
-0.196
0.428
-3.045
1.152
-0.128
-0.473
-1.286
-2.099
-0.832
-0.200
-0.173
-0.490
-1.509
0.106
-0.186
-1.475
0.483
-0.282
0.084
-0.728
-0.239
-0.235
-1.561
-0.060
-0.567
2.188
-2.276
-0.246
-0.211
-0.219
0.348
-0.620
2.043
1.605
-0.030
0.769
-0.008
0.039
0.438
-1.100
-0.850
-1.416
0.952
-0.362
-0.201
-0.859
-0.662
-0.610
0.873
-0.648
0.343
-2.980
-0.608
-0.331
-1.014
-1.173
-0.372
0.209
-0.229
0.223
-0.363
-0.339
0.014
-0.175
-0.055
0.173
0.066
-2.117
-0.794
0.051
-0.063
0.652
-0.192
-2.389
-1.689
-1.165
-2.806
-3.317
-0.687
0.303
-0.543
-0.646
-0.374
0.027
-0.095
-0.282
0.111
0.083
-0.477
-0.464
0.081
-0.534
0.060
-2.248
-0.615
0.913
-0.540
-1.531
-0.955
-0.270
-1.997
-0.847
-0.390
-0.285
-0.045
0.391
0.187
0.120
-0.162
-0.163
0.166
0.154
0.539
-0.853
-0.045
-1.181
-0.900
-0.279
0.260
0.029
-0.141
0.165
-0.645
0.769
0.125
0.085
-1.272
-1.179
-0.456
-0.527
-0.748
0.135
0.158
0.520
0.079
0.511
0.801
-0.846
-0.464
-0.257
-0.372
0.123
0.017
-0.257
-0.074
-0.232
-0.113
0.114
-0.242
0.673
-0.333
0.428
0.447
-0.331
-0.002
0.583
0.076
-0.003
0.058
0.234
0.267
-0.814
-0.261
-0.326
-0.140
0.250
0.049
-0.198
0.052
-0.140
-2.395
0.106
-0.075
-0.125
-0.825
-0.660
0.076
0.795
-0.141
-0.117
-0.052
-0.027
0.151
-0.029
-0.080
0.308
0.047
-0.153
-0.037
-0.149
0.099
-0.048
0.159
2.512
1.888
2.089
1.224
0.083
0.568
-0.004
1.086
0.962
-0.452
-0.304
-0.160
-0.028
-0.217
0.031
-0.069
1.022
0.147
-0.243
0.049
-0.687
-1.610
-0.127
-0.129
-0.428
0.316
0.900
-0.100
0.135
-0.124
-1.350
-2.008
-3.335
-0.624
-2.771
