-0.081
-0.223
1.142
-0.074
-0.662
-2.494
-0.299
-0.906
-2.129
-0.876
-0.101
-3.547
-1.024
-0.324
0.315
-2.900
-0.950
-0.709
-0.265
-0.404
-0.001
-0.134
0.193
-0.092
-0.058
-0.459
-0.061
-1.346
-0.286
0.004
-0.604
-0.844
1.023
0.133
0.366
-0.840
-0.467
-0.581
-0.230
-0.321
-0.005
-0.564
-0.497
0.084
-0.205
-0.123
0.278
0.518
-1.333
-0.044
-2.085
0.489
-1.810
-1.524
-0.209
-0.443
-1.482
0.023
-0.227
-0.104
-2.507
-0.904
-2.065
-0.006
-0.048
-0.663
-1.545
-1.046
0.274
0.653
0.549
0.487
0.318
0.854
0.946
0.173
0.737
0.521
0.227
0.349
-3.355
0.028
0.181
-1.271
-0.732
-3.322
-1.824
-0.051
-0.013
-0.102
-0.010
-0.019
0.050
-0.312
-3.603
0.068
0.276
-0.394
-3.459
-1.470
-0.094
0.270
-2.176
-0.007
-1.770
-0.677
0.288
-0.489
-2.530
0.029
0.040
0.228
1.711
1.150
0.211
0.382
-2.575
0.310
-0.825
-0.419
-1.738
-2.107
-1.563
-0.350
0.163
-0.643
-1.692
-0.072
-0.319
-0.267
0.146
-0.908
0.402
-0.929
0.054
-0.008
-2.252
-0.273
-0.006
3.013
-2.453
-0.793
0.220
0.186
0.195
-0.756
2.535
1.376
-0.011
0.138
0.345
0.102
0.358
-1.648
0.083
-2.858
-0.040
-1.074
0.150
-0.321
-0.322
-0.002
0.188
-0.169
0.118
-3.355
-2.027
0.183
-1.540
-2.614
-0.712
-0.207
-0.642
0.338
-0.383
-0.323
-0.005
-0.042
-0.138
0.045
-0.021
-2.351
-0.874
0.104
0.058
0.291
-0.044
-1.715
-1.802
-1.403
-3.793
-3.159
-0.812
-0.330
0.128
-0.770
-0.202
0.348
-0.154
-0.274
-0.269
-0.240
-0.003
-0.198
-0.043
-0.174
-0.098
-2.892
-1.025
0.048
-0.370
-2.156
-0.655
-0.290
-1.530
-0.520
-0.490
-0.569
-0.559
0.098
0.169
-0.277
-0.137
-0.203
0.083
-0.071
-0.220
-1.767
-0.157
-0.491
-0.328
-0.108
-0.547
0.028
-0.114
-0.172
-0.972
0.232
0.250
-0.185
-0.800
-0.470
-1.105
-0.802
-1.039
-0.272
-0.190
0.072
-0.130
0.487
0.307
-0.693
-0.016
-0.105
-0.122
-0.009
-0.005
-0.200
0.017
0.011
-0.089
0.015
0.007
0.646
-0.024
1.244
0.462
-0.327
0.130
0.437
-0.274
-0.007
0.095
-0.127
0.115
-0.220
-0.039
-0.937
-0.138
0.278
0.011
0.007
0.011
-0.262
-2.325
-0.253
0.260
-0.520
-0.035
0.118
-0.031
-2.177
-0.084
-0.029
0.011
-0.082
0.218
0.448
0.108
0.204
-0.045
-0.045
1.369
-0.004
-0.025
0.057
-0.084
3.874
1.267
2.159
1.520
0.173
0.572
-0.244
0.035
1.149
-0.420
-0.498
-0.770
-0.025
-0.469
-0.110
0.020
1.255
0.279
-0.265
0.011
-0.323
-1.796
-0.061
-0.427
-0.385
0.073
0.279
-0.202
0.692
-0.259
-1.377
-2.642
-3.169
-2.638
-0.887
