0.031
-0.118
-0.806
0.211
0.371
1.501
0.207
0.227
2.559
0.955
0.039
2.912
0.563
-0.505
-0.392
2.448
0.270
0.509
-0.098
0.111
0.021
-0.390
-0.131
0.042
-0.241
0.197
-0.551
0.145
-0.237
-0.157
0.039
0.804
-0.330
0.308
-0.162
0.352
0.557
0.313
0.224
0.293
0.564
0.072
0.090
0.024
0.327
0.393
-0.099
-0.002
0.766
0.875
0.534
-0.005
1.173
0.841
0.599
0.064
3.457
-0.760
-0.037
-0.942
2.828
0.788
1.827
0.024
-0.018
-0.583
-0.269
1.251
0.127
-0.107
-0.166
-0.052
-0.055
-0.027
-0.061
0.016
-0.015
0.001
-0.029
-0.068
2.439
0.162
-0.113
1.793
0.363
2.766
1.678
0.249
0.225
0.197
0.261
0.214
-0.011
0.326
3.766
-0.103
0.040
-0.139
1.926
0.541
0.184
-0.014
4.220
0.099
0.798
0.271
-0.255
-0.176
2.497
-0.344
-0.025
0.005
-0.249
-1.930
-0.367
-0.704
3.615
-0.610
0.614
0.153
1.284
2.271
0.957
-0.060
0.039
-0.019
1.394
-0.544
-0.311
0.936
-0.791
-0.087
-0.375
0.716
0.169
0.198
0.952
-0.377
-0.161
-2.637
2.773
0.215
0.019
0.116
-0.243
0.622
-2.552
-1.576
-0.199
-1.267
0.632
0.014
-0.050
1.794
1.079
2.759
-1.373
0.346
0.497
1.574
0.600
0.480
-1.279
0.589
-0.653
4.224
1.265
0.890
1.467
1.862
0.184
0.181
0.172
-0.288
0.211
0.151
0.123
0.079
-0.026
-0.202
0.060
1.378
0.317
-0.102
-0.034
-0.393
-0.151
2.965
1.722
0.724
2.149
2.419
0.407
-0.064
0.396
0.425
0.299
-0.127
-0.013
-0.003
-0.182
-0.055
0.454
0.121
0.138
0.252
-0.134
2.418
0.566
-0.531
0.712
1.008
1.004
0.059
2.367
0.648
0.154
0.132
-0.424
-0.438
-0.154
-0.296
0.137
0.139
-0.248
-0.497
-0.582
0.480
-0.080
0.977
1.011
-0.402
-0.102
0.087
0.098
0.157
0.552
-0.442
-0.265
-0.187
0.814
1.565
0.478
0.397
0.725
0.023
-0.009
-0.218
-0.064
-0.195
-0.449
0.926
-0.192
0.103
0.459
-0.095
-0.186
0.096
-0.096
0.191
-0.076
-0.127
0.055
-0.579
-0.415
-0.885
-0.584
0.369
-0.084
-0.234
0.068
-0.012
0.192
-0.079
0.019
0.219
0.062
0.141
0.090
-0.118
-0.108
0.030
-0.142
0.075
2.952
0.048
0.068
-0.002
1.171
0.393
-0.937
-0.411
0.133
0.049
0.074
-0.021
-0.341
-0.338
0.166
-0.121
-0.125
0.091
0.012
0.136
-0.030
-0.024
-0.170
-3.376
-2.437
-2.439
-1.881
0.022
-0.429
0.047
-0.414
-0.807
-0.083
0.267
0.656
0.018
0.229
0.249
-0.144
-1.175
-0.420
0.175
0.088
0.474
1.716
-0.035
0.206
0.149
0.344
-0.901
-0.020
-0.143
0.091
2.120
1.530
3.027
0.472
2.265
