0.334
0.477
1.345
-0.044
-0.327
-2.606
-0.305
-0.645
-1.451
-0.829
-0.296
-2.123
-0.874
-0.480
-0.120
-1.605
-0.777
-0.280
-0.151
-0.380
-0.400
-0.241
0.469
-0.469
0.173
-2.104
0.096
-1.966
-0.561
-0.158
-0.076
-1.084
-0.036
-0.442
0.303
-0.789
-0.625
-0.811
-0.249
-0.806
-0.062
-0.807
-0.172
-0.296
-0.202
-0.181
-0.056
-0.336
-1.096
-0.412
-1.161
-0.553
-1.799
-1.155
-1.389
-0.823
-2.039
0.533
-0.004
0.364
-1.663
-1.132
-1.490
-0.047
-0.154
0.074
-0.301
-0.967
-0.023
0.331
0.235
-0.039
-0.051
-0.121
-0.102
-0.123
0.810
-0.060
-0.003
0.123
-2.430
-0.174
-0.098
-1.621
-0.426
-2.813
-2.105
-0.320
-0.179
-0.004
-0.342
-0.248
-0.109
-0.230
-2.857
-0.119
-0.177
-0.352
-2.094
-1.019
-0.690
-0.079
-2.394
-0.691
-1.369
-0.636
-0.192
-0.272
-2.621
-0.267
-0.202
-0.005
-0.471
1.290
-0.420
0.109
-3.015
0.552
-0.943
-0.773
-1.506
-1.695
-0.746
-0.464
-0.260
-0.587
-1.275
-0.012
-0.501
-0.764
0.023
-0.430
0.138
-1.070
-0.318
-0.373
-1.312
-0.417
-0.577
0.721
-1.546
-0.158
-0.536
-0.501
0.255
-0.756
0.791
0.093
-0.179
-0.281
-0.494
-0.145
-0.045
-1.623
-1.478
-1.531
0.611
-0.899
-0.397
-1.467
-0.866
-0.883
0.396
-0.956
0.032
-2.457
-1.023
-0.738
-1.112
-1.224
-0.804
-0.559
-0.557
0.067
-0.285
-0.476
-0.319
-0.000
-0.086
0.082
-0.278
-1.070
-0.533
-0.259
-0.142
0.418
-0.377
-2.658
-1.588
-1.330
-2.288
-1.966
-0.931
-0.672
-0.276
-0.195
-0.285
-0.064
-0.030
-0.154
-0.183
-0.169
0.038
-0.156
-0.212
-0.130
-0.213
-2.315
-1.022
0.255
-0.735
-1.765
-1.143
-0.018
-2.780
-1.068
-0.516
-0.115
-0.098
0.167
-0.043
-0.257
-0.300
-0.196
-0.061
-0.030
0.918
-0.861
-0.684
-1.022
-1.073
-0.195
-0.250
-0.149
-0.745
-0.804
-0.614
0.378
-0.173
-0.445
-1.680
-1.287
-0.640
-0.831
-1.315
-0.012
-0.052
-0.040
-0.488
-0.427
0.090
-1.028
-0.345
-0.353
-0.729
-0.212
-0.173
-0.691
-0.226
-0.696
-0.271
-0.188
-0.400
-0.286
-0.391
-0.125
0.260
-0.968
-0.216
-1.055
-0.496
-0.050
0.120
0.186
-0.367
-0.544
-0.949
-0.106
-0.610
0.315
0.376
-0.920
0.275
-0.016
-1.785
0.001
-0.046
0.031
-1.430
-0.839
-0.317
-0.190
-0.202
-0.177
0.038
0.112
0.377
-0.383
-0.233
0.210
0.266
-0.309
0.021
-0.206
-0.016
-0.226
-0.233
0.716
1.091
1.222
0.957
0.225
1.156
-0.050
0.421
0.905
-0.853
-0.331
-0.044
-0.110
-1.184
-0.596
-0.173
-0.488
-0.342
-0.698
-0.005
-0.847
-1.506
-0.627
-0.115
-0.468
0.150
0.733
0.136
-0.104
-0.180
-3.084
-3.332
-1.785
-1.155
-2.171
