0.449
0.272
0.041
-0.367
0.392
3.614
-0.029
0.248
1.149
0.325
-0.120
2.863
0.892
0.317
0.009
2.653
1.032
1.054
0.180
-0.064
0.011
-0.335
-0.697
0.570
0.460
0.903
-0.190
0.401
0.216
-0.232
0.254
1.112
-1.019
0.758
-0.314
0.207
0.210
0.612
0.697
0.629
0.038
0.601
1.340
0.120
-0.039
-0.100
-0.467
-0.054
-0.029
0.466
1.205
0.405
2.159
1.571
1.058
0.397
2.876
-0.539
0.405
-0.467
3.071
1.236
1.810
-0.156
0.013
-0.015
-0.042
0.893
0.099
-0.697
-0.080
-0.093
-0.029
0.142
-0.187
-0.001
-0.029
-0.029
-0.084
-0.029
2.027
0.315
-0.045
1.883
0.377
2.402
0.307
-0.104
0.063
-0.158
-0.102
-0.257
-0.636
0.169
2.956
-0.366
0.182
-0.089
2.391
1.222
-0.005
-0.033
3.215
-0.100
1.385
0.097
-0.161
0.016
2.886
-0.028
-0.268
-0.121
-0.072
-2.046
-0.024
-0.025
3.602
-0.896
0.434
0.893
2.209
3.226
1.846
0.442
0.111
1.221
2.291
0.117
0.139
0.709
-2.591
0.281
-0.061
0.746
0.010
0.040
1.913
0.383
0.146
-0.116
1.109
0.603
-0.187
0.351
-0.525
0.013
-2.412
-1.148
0.018
0.478
0.216
-0.011
-0.274
1.301
1.182
3.097
-1.020
-0.236
0.334
1.533
0.656
0.718
-1.728
0.793
-1.418
2.731
0.086
0.728
1.180
0.262
0.604
0.188
0.543
-0.002
0.316
0.332
0.393
0.046
0.011
-0.029
-0.088
1.909
0.924
0.130
0.040
-0.877
0.289
2.859
1.973
1.158
2.131
3.278
0.631
0.194
0.514
0.413
0.514
-0.298
-0.029
-0.029
-0.029
-0.029
0.317
0.247
0.273
0.460
0.078
2.455
0.784
-0.456
1.048
1.957
0.576
0.018
3.988
1.218
0.507
0.284
0.053
-0.031
-0.041
-0.083
0.238
0.103
-0.063
-0.176
-0.047
0.263
-0.099
1.225
0.897
0.052
0.126
0.119
0.352
-0.029
1.117
-0.557
0.043
0.163
1.613
1.193
0.688
-0.020
1.101
-0.150
-0.110
0.031
-0.029
-0.477
-0.730
0.701
0.243
0.984
1.127
-0.235
-0.571
0.281
0.126
0.956
0.358
-0.315
0.898
-0.243
0.135
-0.328
0.069
0.037
-0.065
-0.078
0.426
0.180
-0.131
-0.063
-0.404
0.188
0.402
0.366
0.265
-0.220
-0.043
0.189
-0.051
0.060
1.989
0.180
-0.188
-0.032
1.053
0.594
-0.205
-0.252
0.005
-0.152
-0.029
-0.029
-0.029
0.137
-0.049
-0.042
-0.029
0.132
-0.042
0.035
-0.262
-0.032
0.003
-3.192
-2.503
-2.612
-1.834
-0.474
-1.017
0.133
-0.404
-0.715
0.589
0.326
0.216
0.177
0.011
0.315
-0.347
0.104
-0.364
0.232
0.187
0.223
1.788
0.077
0.368
0.255
0.270
-0.318
-0.008
0.010
0.235
2.461
2.046
3.694
1.378
1.873
