0.945
1.162
0.649
0.103
0.757
2.308
0.110
0.023
1.532
0.252
0.022
2.513
0.499
-0.046
0.697
2.092
0.723
0.282
-0.020
0.071
0.068
-0.129
-0.688
0.503
0.294
1.126
-0.434
0.475
0.286
-0.001
0.081
0.606
-0.426
0.356
-0.001
0.188
0.280
0.449
0.179
0.507
0.687
0.475
0.536
0.307
-0.122
-0.094
-0.067
-0.041
0.632
0.390
0.889
0.102
1.994
1.498
0.124
-0.239
1.552
-0.405
0.124
-0.097
2.976
0.953
1.157
-0.233
-0.036
0.028
0.042
0.498
0.096
-0.452
-0.326
-0.225
-0.026
-0.047
-0.178
-0.128
-0.182
-0.667
-0.142
-0.280
1.901
0.254
0.063
1.090
0.161
2.582
1.339
-0.021
0.191
0.086
-0.027
0.056
0.154
0.181
2.145
-0.786
-0.035
0.130
2.044
0.433
0.051
-0.040
3.567
-0.062
1.540
0.324
0.003
0.087
2.451
0.038
-0.040
-0.159
0.006
-1.122
-0.025
-0.018
3.166
-0.246
0.976
0.748
2.139
3.585
1.564
0.459
0.366
1.480
1.251
-0.019
-0.310
0.286
-1.286
0.749
-0.224
1.171
0.117
-0.037
1.245
-0.021
-0.309
-0.690
1.900
0.759
-0.182
0.271
-0.165
0.769
-2.155
-1.640
-0.034
-0.252
0.500
-0.022
-0.144
0.883
0.447
2.083
-0.549
-0.888
0.448
0.731
0.283
0.372
-0.852
0.508
-0.533
2.882
1.092
0.633
0.964
1.121
0.371
0.712
0.296
-0.078
0.399
0.302
0.154
0.223
-0.064
-0.078
0.050
1.612
0.523
0.046
-0.028
-0.592
0.017
2.558
1.968
1.198
1.650
3.177
0.806
0.860
0.197
0.235
0.516
-0.177
0.025
-0.045
-0.067
-0.067
0.440
0.204
-0.041
0.227
-0.018
1.813
0.926
-0.312
0.615
1.008
-0.196
-0.017
2.280
1.221
0.094
0.205
-0.041
-0.097
-0.144
-0.271
0.119
0.092
-0.067
-0.193
-0.134
0.352
-0.033
0.589
0.630
0.017
-0.033
-0.018
0.414
-0.103
0.667
-0.326
0.104
0.412
0.437
0.163
0.602
0.691
1.067
-0.067
0.249
0.196
-0.150
-0.331
-0.450
0.776
0.418
0.073
0.142
-0.646
-2.131
0.068
0.147
-0.178
-0.082
-0.710
0.377
-0.983
-0.027
-2.176
-0.027
-0.089
-0.103
-0.374
-0.033
0.067
-0.049
-0.065
-0.020
1.104
0.204
0.335
0.511
-0.092
0.001
0.083
-0.056
0.091
2.259
0.100
-0.036
-0.075
0.479
0.296
-0.204
-1.444
-0.126
-0.097
-0.152
-0.238
-0.080
-0.058
-0.111
-0.168
-0.076
0.109
-0.087
0.175
0.013
-0.019
-0.017
-2.620
-1.548
-1.729
-1.147
-0.226
-0.306
-0.015
-0.426
-0.519
0.505
0.085
0.082
0.177
0.366
0.596
-0.074
-1.531
-0.415
0.296
0.412
0.067
1.043
0.251
0.084
-0.034
0.170
-0.163
-0.088
-0.073
0.060
1.783
2.661
2.254
0.416
2.411
