-1.270
-0.879
-0.497
-1.107
-0.031
-2.898
-0.190
-0.868
-2.638
-0.891
0.049
-3.354
-1.042
-0.208
0.154
-2.176
-0.507
-0.947
-0.251
-0.386
-0.129
0.333
1.619
-0.559
0.309
-0.092
0.705
0.062
-0.014
0.034
-0.229
-1.059
0.001
-0.012
0.062
0.017
-0.369
-0.248
-0.385
-0.386
-0.653
-0.410
-1.104
-0.233
0.016
0.050
0.244
0.028
-0.853
-0.356
-1.212
0.104
-3.261
-2.895
-0.069
-0.136
-3.583
0.413
-0.222
0.177
-3.177
-1.178
-1.607
0.521
0.106
0.332
0.258
-0.905
-0.013
0.091
0.093
0.062
0.040
-0.072
0.058
0.053
0.062
0.056
0.062
0.062
-2.833
-0.011
0.155
-1.499
-0.163
-3.037
-2.246
-0.316
-0.691
0.566
-0.381
-0.058
-0.025
0.009
-2.312
0.062
0.180
0.169
-3.060
-1.884
0.273
0.057
-4.054
0.303
-2.176
-0.070
0.085
-0.696
-2.650
0.062
-0.115
0.098
0.094
1.477
0.265
0.275
-5.215
0.807
-0.733
-1.366
-2.815
-3.597
-1.482
-0.429
0.017
-1.871
-2.354
0.137
-0.363
-0.114
0.306
-0.826
0.168
-1.547
-0.904
-0.225
-1.560
-0.276
-0.028
0.174
-3.358
-0.460
0.253
-0.107
0.343
-0.398
2.542
1.641
0.264
0.179
-0.312
0.048
-0.088
-1.595
-0.879
-2.983
0.532
-0.215
-0.445
-1.455
-0.400
-0.182
1.539
-0.385
0.712
-4.567
-0.782
-1.012
-1.902
-0.821
-0.139
-0.272
-0.018
0.002
-0.189
-0.244
0.003
-0.018
0.057
-0.046
0.029
-2.469
-0.804
-0.098
0.081
0.563
0.021
-3.988
-2.786
-1.289
-2.790
-4.830
-0.567
-0.427
-0.690
-0.388
-0.396
0.208
0.015
0.029
0.062
0.054
-0.501
-0.238
-0.137
-0.149
0.076
-2.553
-0.670
0.632
-0.885
-1.631
-0.658
-0.104
-3.809
-1.467
-0.084
-0.025
0.003
0.406
0.095
0.209
0.040
0.019
0.070
0.338
0.777
-0.620
0.029
-1.259
-0.094
-0.347
0.086
0.016
-0.632
-0.156
-0.708
0.551
0.018
0.010
-1.927
-1.524
-0.332
-0.425
-0.921
0.062
-0.015
0.705
0.172
1.069
0.899
-0.755
-0.558
-0.688
-0.628
0.591
0.163
0.059
-0.988
-0.051
-0.559
0.234
-1.101
0.102
0.062
0.537
0.200
-0.175
0.035
0.062
-0.082
0.040
-0.027
0.062
0.074
-0.443
-0.416
-0.615
-0.596
0.191
0.062
-0.082
0.064
-0.131
-2.589
0.002
-0.288
0.067
-0.650
-0.344
0.383
1.430
-0.060
0.013
-0.017
0.062
0.062
-0.016
-0.124
0.563
0.062
-0.139
-0.016
0.004
0.182
-0.346
0.091
3.594
2.466
2.769
2.165
0.141
0.622
-0.784
0.986
0.941
0.474
-0.101
0.013
-0.060
-0.273
-0.724
-0.176
1.353
0.064
-0.169
-0.250
-0.002
-2.027
-0.329
0.227
0.033
-0.013
0.942
0.060
0.111
-0.332
-2.111
-3.351
-3.221
-0.624
-3.359
