0.188
-0.135
0.281
-0.100
0.417
3.092
0.064
0.556
1.711
0.769
-0.063
2.918
0.967
0.446
0.202
1.929
0.715
0.391
0.240
-0.003
0.188
0.033
-1.040
0.542
-0.420
-0.305
-0.529
0.545
-0.222
-0.354
0.159
1.086
-0.381
0.261
-0.032
0.492
0.522
0.372
0.217
0.057
0.276
0.641
0.622
0.236
0.046
0.143
-0.425
0.218
0.969
0.526
1.275
0.209
1.410
1.486
0.227
0.586
2.066
-1.301
0.096
-0.616
3.314
1.424
2.302
-0.134
-0.324
-0.132
-0.070
0.656
0.116
-0.554
-0.481
-0.371
-0.094
-0.092
-1.218
-0.021
-0.233
-0.338
-0.039
-0.164
1.879
0.307
-0.092
1.904
0.394
2.170
2.079
0.168
0.243
-0.018
0.148
0.129
-0.188
0.359
3.705
-0.185
-0.173
0.449
2.687
1.306
0.339
0.068
2.759
0.288
1.371
0.743
-0.011
0.310
2.554
0.202
0.100
-0.082
-0.195
-1.910
0.176
0.025
3.606
-0.294
0.773
0.563
1.628
3.006
1.714
0.243
0.133
0.816
1.736
0.212
0.874
0.419
-0.253
0.272
-0.065
0.649
-0.067
-0.094
0.967
0.315
0.437
-2.030
2.942
0.696
-0.249
0.057
-0.329
0.568
-1.939
-1.525
-0.086
-0.080
0.145
-0.057
0.048
1.489
0.161
2.660
-0.775
0.770
0.275
1.319
0.646
0.214
-1.146
0.667
-0.692
4.259
2.446
1.904
2.087
2.675
0.195
-0.001
0.147
0.017
0.347
0.346
0.031
0.120
0.032
-0.259
0.054
1.533
0.674
-0.021
-0.011
-0.473
0.247
2.523
1.715
0.957
2.938
3.527
0.607
0.354
0.341
0.142
0.154
0.078
0.095
0.118
-0.097
0.010
0.328
0.120
0.118
0.119
-0.060
2.754
0.642
-0.118
0.532
1.072
0.598
0.240
2.150
0.916
0.583
0.520
0.025
-0.202
0.146
0.275
0.164
0.236
0.118
-0.108
-0.238
0.477
-0.215
0.802
0.592
0.162
0.407
-0.137
0.417
0.123
0.449
-0.744
-0.050
0.166
0.464
1.103
0.257
0.243
0.601
-0.559
0.089
-0.372
0.118
-0.247
-0.250
0.676
0.163
0.372
1.022
-0.171
-0.077
0.067
0.043
0.241
0.712
-0.273
0.428
-0.425
0.058
-0.302
0.020
0.328
-0.064
0.155
0.172
0.122
0.053
0.042
0.120
0.594
0.170
0.261
0.290
-0.060
0.051
0.086
0.005
0.140
2.635
0.135
-0.091
0.111
0.470
0.576
-0.116
-0.933
-0.199
-0.155
0.091
-0.113
-0.352
0.278
0.132
-0.062
-0.128
0.136
-0.188
0.023
0.082
-0.118
0.035
-3.376
-1.593
-1.499
-1.196
-0.817
-1.337
-0.137
-0.106
-0.386
0.093
0.181
0.227
0.000
0.113
0.227
-0.030
-1.061
-0.272
0.118
0.043
0.241
1.116
0.342
-0.205
0.465
0.313
-0.353
-0.403
0.097
0.121
1.689
3.390
2.250
0.648
1.923
