-0.043
-0.019
-0.178
-0.016
-0.557
2.820
0.681
0.685
0.662
-0.055
-0.211
2.803
0.555
0.879
-0.319
2.169
0.628
0.672
-0.031
0.221
0.332
-0.237
0.199
0.059
-0.406
0.012
-0.788
-0.078
-0.441
-0.614
-0.104
0.456
-0.125
0.812
0.513
0.736
0.576
0.586
-0.079
0.445
-0.092
1.678
0.886
0.319
0.102
0.454
0.112
0.088
0.319
-0.023
0.728
0.637
1.787
1.436
-0.092
0.032
2.724
-0.358
-0.084
-0.404
3.177
-0.127
1.137
-0.134
-0.111
-0.368
-0.197
0.349
-0.043
-0.681
-0.810
-0.222
0.032
0.277
-0.099
-0.067
-0.330
-0.145
-0.104
-0.174
2.583
-0.001
0.312
2.401
0.104
3.114
1.759
0.064
0.152
0.027
-0.040
0.038
-0.126
0.185
3.128
0.014
-0.104
-0.052
3.369
0.714
0.554
-0.412
3.045
-0.189
1.956
1.135
0.305
0.842
3.362
-0.800
-0.070
-0.104
0.260
-0.324
0.034
-0.214
2.934
-0.666
1.107
0.877
1.184
2.075
0.656
-0.003
0.008
-0.068
0.589
-0.293
-0.176
1.293
0.248
0.058
-0.808
0.250
0.809
-0.140
1.375
-0.069
0.374
-0.326
0.661
-0.042
-0.104
-0.344
-0.445
0.227
-2.704
-0.814
-0.092
-1.358
-0.244
-0.147
-0.032
1.268
1.206
1.593
-0.899
0.985
0.092
1.540
-0.073
-0.025
-0.462
0.233
-0.282
2.572
0.603
-0.247
0.648
1.231
0.477
-0.030
0.818
-0.065
0.165
0.056
0.395
-0.091
0.006
-0.051
-0.458
1.077
0.267
-0.112
-0.579
-0.033
-0.628
3.028
2.059
0.566
2.542
2.198
0.959
-0.104
0.040
0.784
-0.027
-0.670
0.285
0.152
0.069
0.217
0.553
0.371
0.210
0.398
-0.638
2.629
0.854
-0.032
0.459
1.223
1.278
-0.115
2.713
0.672
0.299
0.459
-0.037
-0.104
-0.166
-0.062
-0.147
-0.022
-0.246
0.134
-0.191
0.279
-1.377
1.379
0.735
0.210
0.169
-0.104
-0.041
-0.056
0.185
-0.402
-0.129
-0.087
0.399
1.489
0.199
0.053
0.586
-0.030
0.002
-0.075
-0.141
-0.104
-0.776
0.080
-0.211
-0.104
-0.083
-0.104
-0.104
-0.104
-0.104
-0.070
-0.104
-0.079
-0.104
-0.084
-0.104
0.008
-0.236
0.189
0.131
0.654
-0.104
0.034
-0.104
0.020
-0.165
-0.104
0.863
1.196
0.510
-0.319
0.074
0.697
0.262
0.515
1.892
-0.035
0.159
-0.024
1.352
0.512
-0.473
0.460
-0.061
-0.071
0.016
-0.048
0.099
0.222
0.066
-0.115
-0.104
-0.104
-0.318
-0.104
-0.104
-0.203
-0.130
-3.133
-0.184
-0.312
-0.220
-0.079
-0.104
0.019
-0.006
-0.480
0.119
-0.082
0.280
-0.104
1.884
0.492
-0.011
-1.330
-0.039
0.257
-0.021
0.375
-0.084
-0.139
-0.104
0.247
0.595
-0.087
0.218
-0.104
0.665
2.160
1.836
3.389
0.131
0.644
