-0.747
-1.065
-2.056
-0.196
0.132
3.082
0.149
0.522
1.880
0.677
-0.150
2.901
0.607
0.431
-0.525
2.647
0.519
0.260
0.299
-0.156
-0.510
-0.350
-1.852
0.451
-0.321
0.349
-0.745
0.165
-0.122
0.009
-0.088
0.889
0.140
0.570
-0.201
0.324
0.425
0.665
0.357
0.752
0.010
1.314
0.680
0.793
0.049
0.151
-0.220
-0.262
0.635
0.571
1.809
-0.314
1.634
0.999
0.429
0.265
3.033
-0.751
-0.093
-0.936
2.781
0.894
2.086
0.038
-0.086
-0.227
-0.152
1.014
-0.006
-0.634
-0.771
-0.436
-0.160
-0.957
-0.332
-0.017
-0.903
-0.159
-0.179
-0.239
2.979
0.002
-0.150
2.166
0.199
2.367
1.556
0.258
0.238
-0.109
0.238
0.236
-0.147
0.022
3.235
-0.455
-0.079
0.192
2.793
1.018
0.469
-0.065
3.540
-0.104
1.878
0.373
-0.287
0.265
2.908
-0.004
-0.270
-0.175
-0.394
-1.922
-0.158
-0.349
4.213
-0.910
0.154
0.734
1.784
2.374
0.802
0.484
0.003
1.145
1.564
-0.164
0.764
0.886
-0.547
0.189
-0.167
1.289
0.207
0.201
1.344
0.130
-0.354
-2.872
2.158
0.153
0.336
0.241
-0.185
0.776
-3.025
-2.034
-0.110
-0.404
0.226
-0.102
-0.259
0.966
0.551
2.204
-1.050
-0.643
-0.120
0.709
0.401
0.289
-1.456
0.385
-0.792
3.393
0.966
0.591
1.442
1.495
0.282
0.115
0.159
-0.565
0.314
0.208
-0.167
0.019
-0.191
-0.740
-0.161
2.574
0.904
-0.050
-0.052
-0.725
-0.061
2.649
1.871
1.193
2.828
2.703
0.515
0.990
0.638
0.348
0.419
-0.104
0.044
0.072
0.007
0.021
0.374
0.290
0.099
0.292
-0.055
2.042
0.971
-1.491
0.573
1.728
0.961
0.323
2.960
1.386
0.083
0.169
-0.032
-0.364
-0.149
-0.164
0.104
0.090
-0.273
-0.027
-0.712
0.617
0.040
1.042
0.583
0.173
0.082
0.025
0.154
0.001
0.232
-0.775
-0.045
0.021
1.321
1.930
0.308
0.378
0.756
-0.056
0.020
-0.321
0.259
-0.564
-0.782
0.591
0.002
0.215
0.867
-0.310
-0.230
-0.006
-0.006
-0.033
0.151
-0.207
0.194
-0.865
0.019
-1.365
-0.428
0.210
0.047
-1.272
0.153
0.016
0.037
0.039
-0.160
0.083
0.590
0.530
0.128
-0.093
0.102
0.444
0.083
0.193
3.105
0.213
-0.077
0.083
0.335
0.354
-0.875
-0.683
0.074
-0.314
0.083
-0.079
-0.504
-0.116
0.182
-0.595
-0.163
0.078
-0.185
0.074
-0.210
-0.156
-0.120
-4.239
-2.186
-2.561
-1.457
-0.304
-0.906
0.017
-0.611
-0.469
0.527
0.145
0.152
0.240
-0.002
0.286
-0.059
-1.436
-0.342
0.091
-0.152
0.668
1.610
0.089
0.098
0.139
-0.116
-0.635
-0.172
0.019
0.158
2.383
2.929
2.699
0.449
2.505
