1.361
1.529
0.133
0.165
0.679
2.913
0.114
0.211
1.714
0.596
-0.269
3.175
0.600
0.038
0.360
2.329
0.499
0.486
0.189
0.089
0.434
0.155
-1.260
0.264
0.114
0.675
0.165
0.617
0.234
0.151
0.043
1.609
-0.681
0.099
-0.345
0.128
0.734
0.445
0.562
0.435
0.676
0.964
1.082
0.513
-0.332
-0.043
-0.831
0.114
0.697
0.784
1.214
0.809
2.325
1.980
0.417
0.523
2.780
-0.075
0.241
-0.152
2.996
1.310
1.469
-0.282
0.114
-0.417
-0.513
0.734
0.092
-0.648
-0.355
-0.106
0.114
-0.110
-0.118
0.063
-0.056
-0.114
-0.139
-0.042
2.670
0.371
0.008
1.784
0.201
2.832
1.447
0.114
0.110
-0.115
0.114
0.114
-0.216
-0.259
3.448
-0.233
-0.000
-0.025
2.357
0.750
0.148
-0.210
2.848
-0.354
1.854
1.067
-0.132
0.278
3.330
-0.193
0.384
-0.178
-0.319
-1.765
-0.024
-0.213
4.576
-0.283
0.457
1.157
2.434
2.517
1.303
0.264
0.410
1.431
1.488
-0.069
0.149
0.353
-0.940
0.728
0.117
1.556
0.114
0.114
1.748
0.074
-0.458
-1.772
1.585
0.018
0.024
0.573
-0.095
0.829
-3.001
-1.671
-0.101
-0.271
0.114
-0.396
-0.099
1.484
0.368
3.071
-0.715
0.082
0.127
0.812
0.434
0.327
-2.037
0.567
-0.886
3.265
0.311
0.772
1.510
0.641
0.436
0.584
0.364
0.088
0.451
0.380
0.130
0.143
0.114
0.074
-0.028
2.747
1.052
-0.220
0.036
-0.805
0.161
3.282
2.181
1.077
1.619
2.447
0.156
0.486
0.261
0.314
0.430
0.051
0.114
0.114
0.114
0.114
0.169
0.223
0.117
0.194
0.060
2.338
0.840
-0.355
0.790
1.679
0.847
0.146
2.887
1.257
0.350
0.153
0.250
-0.193
0.114
0.243
0.129
0.127
0.121
0.069
-0.075
0.698
0.051
1.864
0.422
-0.195
-0.194
0.056
0.303
0.117
0.756
-0.545
0.489
0.300
1.074
0.736
0.426
0.969
0.551
0.168
-0.003
-0.449
-0.504
-0.758
-0.462
0.334
0.159
0.186
1.068
-0.576
-0.151
-1.221
-0.225
-0.309
0.265
-0.165
0.215
-0.287
-0.098
-1.067
-0.409
0.195
0.070
0.097
0.173
0.114
0.074
0.063
0.065
0.550
0.270
0.273
0.370
-0.169
0.093
0.171
0.104
0.157
3.004
0.146
-0.403
-0.409
0.372
0.452
-0.219
-0.992
0.235
0.128
0.120
0.115
0.132
0.251
0.176
-0.409
-0.053
0.356
0.174
0.308
0.193
0.114
0.086
-2.898
-1.648
-1.794
-1.303
0.017
-0.403
0.127
-0.765
-1.169
0.460
0.351
0.204
0.143
-0.051
0.117
0.079
-0.792
-0.409
0.216
-0.050
0.459
2.177
0.109
0.415
0.115
0.213
-0.721
0.234
0.294
0.500
2.329
4.940
3.781
1.760
1.981
