-0.047
-0.265
-1.036
-0.055
0.113
2.615
-0.021
0.820
2.127
1.064
0.111
3.511
0.910
0.849
-0.258
2.469
0.333
0.885
0.613
0.033
-0.289
-0.743
-0.035
0.231
-0.335
-0.606
-0.536
-0.429
-0.533
-0.218
-0.040
0.943
-0.769
1.162
0.904
1.275
0.186
0.175
0.317
-0.158
0.565
0.635
0.176
0.376
-0.090
-0.101
-0.212
-0.101
0.519
1.425
0.349
1.106
1.048
0.513
-0.026
0.223
2.083
-0.221
0.093
-0.203
2.744
1.206
1.903
-0.433
0.051
-0.598
-0.666
0.066
-0.089
-1.040
-0.678
-0.214
-0.110
-0.157
-0.245
-0.149
-0.957
-0.089
-0.105
-0.392
2.423
-0.041
-0.221
2.642
0.145
2.548
0.954
-0.061
-0.089
-0.138
-0.089
-0.066
-0.080
0.146
2.461
0.104
0.538
0.246
3.256
0.062
0.764
-0.088
2.973
0.446
1.777
1.100
-0.269
-0.387
1.425
0.309
-0.082
-0.112
-0.018
-1.424
-0.126
-0.272
3.106
-1.440
0.671
-0.232
1.144
1.624
0.966
0.671
0.070
1.223
1.393
-0.474
0.384
0.463
-0.307
0.620
-0.006
0.875
0.100
0.187
1.964
-0.160
-0.211
-0.967
3.088
0.201
1.061
1.161
-0.482
0.792
-1.565
-0.121
0.011
-0.163
0.366
-0.021
-0.131
1.719
1.255
2.499
-0.994
0.377
-0.163
1.335
0.508
0.420
-0.583
0.613
-0.067
2.974
0.590
0.571
0.562
0.680
1.645
2.247
1.139
0.018
1.972
1.384
0.886
0.152
0.027
0.140
-0.165
1.545
0.057
-0.169
-0.323
-0.818
-0.187
3.103
1.508
0.670
3.318
2.068
0.149
-0.045
0.073
-0.011
-0.004
-0.156
-0.163
-0.118
0.022
-0.109
-0.114
-0.089
-0.061
-0.068
-0.081
2.447
0.944
-0.081
0.632
1.703
0.471
-0.041
3.072
0.588
0.011
0.048
-0.196
-0.463
-0.088
0.048
0.141
-0.018
-0.210
-0.346
-2.193
0.664
-1.172
1.179
1.099
-0.646
0.154
-0.058
1.152
1.347
0.159
-0.719
-0.131
0.869
1.975
2.176
0.829
1.922
0.487
-0.121
-0.231
0.019
0.138
0.011
-1.536
0.843
-0.108
0.164
-0.028
-0.208
-0.224
1.009
-0.195
-0.330
-0.160
-0.304
0.023
-0.567
-0.115
-0.644
-0.231
0.068
-0.045
-0.088
-0.005
0.075
0.101
-0.131
-0.171
0.451
1.388
0.821
1.863
-0.551
-0.502
0.783
0.555
1.093
2.616
-0.364
-0.089
0.408
1.315
0.583
-0.139
-0.088
-0.116
-0.168
-0.221
-0.293
-0.939
0.070
-0.191
-0.182
-0.311
-0.103
-0.186
-0.105
-0.172
-0.127
-0.107
-1.724
-1.571
-1.751
-0.888
-0.206
-1.496
-0.007
0.062
-0.154
-2.396
0.259
-0.403
-0.020
-0.154
-0.160
-0.092
-0.446
-0.230
1.212
-0.545
0.532
1.106
-0.210
0.027
-0.176
-0.123
-1.231
-1.204
-0.275
-0.244
2.703
1.922
0.498
-0.320
2.085
