0.714
0.564
0.353
-0.218
-0.972
-2.656
0.134
-0.356
-1.578
-0.265
-0.033
-3.550
-1.133
-0.018
-0.524
-2.175
-0.790
-0.824
-0.371
-0.299
0.134
0.578
1.163
-0.166
0.298
0.193
0.732
-0.934
0.424
0.524
0.035
-1.078
0.724
-0.209
0.134
0.088
-0.642
-0.539
-0.371
-0.910
-0.193
-0.465
-0.435
-0.378
-0.212
-0.280
-0.110
-0.362
-1.016
-0.120
-1.004
0.096
-2.724
-2.037
-0.510
-0.434
-3.390
0.709
-0.169
1.229
-2.839
-1.509
-2.454
-0.004
0.134
-0.315
-0.642
-1.225
0.072
0.757
0.465
0.302
0.216
0.466
0.190
0.139
1.099
0.545
0.260
0.666
-3.009
-0.296
0.134
-2.146
-0.691
-2.904
-2.516
-0.254
-0.064
0.231
-0.279
0.132
-0.088
-0.342
-2.574
0.443
0.009
-1.055
-2.557
-1.084
-0.376
0.134
-3.260
-0.316
-1.288
-0.485
-0.058
-0.754
-2.959
-0.083
-0.047
0.028
0.134
1.748
-0.717
0.194
-5.045
0.477
-0.951
-0.833
-2.511
-3.536
-1.503
-0.786
-0.415
-1.426
-1.948
-0.072
-0.790
-0.854
0.914
-0.515
0.144
-0.549
-0.007
-0.007
-1.108
-0.214
-0.306
2.255
-1.618
-0.346
0.362
0.057
0.137
-0.868
2.314
2.324
0.134
0.249
-1.026
0.014
0.180
-1.547
0.134
-2.781
0.712
-0.931
-0.297
-1.337
-0.386
0.038
1.563
-0.579
1.083
-3.593
-1.082
-0.882
-2.247
-1.379
-0.180
0.015
-0.291
0.249
-0.212
-0.216
-0.114
0.012
0.106
0.227
-0.422
-2.336
-1.177
-0.017
-0.046
0.584
-0.229
-3.351
-2.683
-1.164
-2.580
-2.793
-0.670
-0.341
-0.456
-0.765
-0.751
0.210
-0.333
-0.336
-0.041
-0.011
-1.014
-0.822
0.021
-0.940
-0.601
-2.107
-0.670
1.326
-0.863
-1.175
-0.874
0.030
-2.712
-1.338
-0.214
-0.357
-0.058
0.218
0.058
-0.132
-0.190
-0.185
0.339
0.156
0.329
-0.698
-0.114
-1.206
-1.000
-0.259
-0.369
0.129
-0.473
-0.002
-0.742
0.225
-0.006
-0.183
-1.420
-1.355
-0.708
-0.495
-1.151
0.133
-0.120
-0.398
0.125
0.374
0.450
-0.650
-0.421
-0.386
-0.927
0.136
0.150
0.193
0.069
-1.011
-0.637
0.162
-0.524
0.342
-0.297
0.000
0.698
-0.380
0.012
0.802
-0.109
0.027
0.076
0.146
0.084
-0.774
-0.169
-0.274
-0.457
0.294
0.207
-0.009
0.269
-0.091
-3.340
-0.063
-0.204
-0.142
0.134
-0.362
0.539
0.765
0.003
0.645
0.015
0.191
0.184
0.265
0.086
0.186
0.174
-0.068
0.086
0.006
0.132
0.050
0.136
3.355
2.130
2.576
1.487
-0.393
0.492
0.136
0.164
1.237
-0.055
-0.132
-0.366
-0.137
0.105
-0.027
-0.042
1.080
0.071
-0.248
0.509
-0.670
-1.493
-0.460
-0.314
-0.194
-0.384
0.539
-0.226
0.155
-0.271
-1.592
-2.724
-3.360
-1.281
-1.411
