0.129
-0.107
0.102
0.096
0.922
2.696
0.104
0.477
1.635
0.956
-0.024
2.606
0.965
0.723
0.694
2.019
0.992
0.990
0.621
0.401
0.177
0.107
0.066
0.605
0.185
0.102
-0.729
0.289
0.348
-0.143
0.099
0.993
-0.831
0.339
-0.458
-0.053
0.890
0.757
0.161
0.525
0.237
0.401
0.861
0.227
0.093
0.230
0.093
-0.109
1.107
0.651
1.257
1.239
1.095
0.870
0.891
0.439
2.511
0.023
0.588
-1.798
2.459
1.133
1.656
-0.270
-0.146
-0.065
0.460
1.048
0.004
-0.588
-0.525
-0.395
-0.654
-0.518
-0.431
-0.244
-1.017
-0.522
-0.036
-0.447
2.609
0.323
-0.048
1.640
0.615
2.460
1.657
0.398
0.286
1.274
0.370
0.179
0.347
0.506
3.334
0.331
-0.104
0.732
3.485
1.621
0.274
-0.167
2.909
0.022
1.501
1.030
0.216
0.126
1.933
0.178
0.362
-0.379
0.208
-1.537
0.135
-0.016
2.991
-0.092
0.726
0.755
1.797
2.629
1.522
0.486
0.260
1.461
1.536
0.052
0.846
0.742
-0.218
0.758
-0.185
1.250
-0.092
-0.035
1.732
0.129
0.154
-2.272
1.276
0.748
-0.133
-0.046
-0.225
0.421
-2.060
-1.437
-0.677
-0.180
0.542
-0.134
-0.377
1.715
-0.332
1.729
-0.912
0.204
0.566
1.058
0.638
0.424
-1.145
0.659
-0.670
3.466
1.460
1.101
1.458
2.124
0.518
0.293
0.521
-0.327
0.284
0.396
0.266
0.216
0.099
-0.456
0.102
1.625
0.689
-0.263
0.638
-0.584
0.388
2.154
1.711
1.053
2.216
3.247
0.922
0.712
0.460
0.360
0.355
-0.250
0.156
0.023
-0.244
-0.199
-0.046
0.305
0.264
0.434
0.043
2.324
0.990
-0.430
0.819
1.339
1.149
0.563
2.187
0.868
0.186
0.020
0.366
-0.163
-0.076
-0.342
0.248
0.142
-0.157
-0.214
-0.006
0.676
0.460
0.964
1.135
-0.092
0.419
0.032
0.439
0.504
0.865
-0.435
-0.058
0.356
0.332
1.342
0.533
0.628
0.682
-0.120
-0.240
-0.601
0.102
-0.559
-0.509
0.823
0.669
0.582
0.983
-0.478
-1.261
1.388
1.308
0.615
0.263
-0.149
1.110
-0.080
0.496
-0.433
0.272
0.835
-0.333
0.936
0.084
-0.305
-0.058
0.102
0.026
0.993
0.536
0.522
0.598
-0.257
-0.258
0.403
-0.116
0.188
1.861
-0.063
-0.081
-0.025
0.102
0.583
-0.555
-0.129
0.154
-1.161
-0.048
-0.117
0.081
0.219
0.196
-0.559
-0.310
-0.063
-0.275
-0.148
-0.473
0.396
0.266
-3.063
-1.509
-2.020
-1.044
0.143
-0.340
-0.290
0.065
-0.631
1.009
0.388
0.279
0.376
0.871
0.321
0.626
-1.827
-0.374
0.286
-0.444
0.785
1.251
0.342
0.491
0.462
0.158
-0.506
0.138
-0.225
0.022
1.425
2.121
3.878
1.528
2.335
