-0.112
-0.678
-0.988
0.111
0.685
2.835
0.122
0.459
2.040
1.029
0.154
3.368
1.027
0.013
-0.873
3.235
1.282
0.323
-0.059
-0.005
-0.156
-0.227
-0.174
-0.081
-0.320
-0.629
-0.719
-0.415
-0.249
-0.424
-0.111
0.888
0.355
0.102
0.028
0.249
0.452
0.296
0.167
0.495
0.113
0.392
0.128
0.101
0.095
0.118
-0.644
0.021
1.088
1.284
1.330
-0.151
1.577
1.131
0.228
0.026
2.197
-0.441
0.031
-0.411
3.218
1.240
2.495
0.090
0.377
-0.392
-0.177
1.044
0.044
-0.263
-0.028
-0.050
-0.067
0.028
0.025
0.066
-0.996
0.002
-0.316
-0.342
3.413
0.173
0.006
1.956
0.504
2.429
1.873
0.527
0.311
0.315
0.422
0.443
-0.112
-0.069
2.212
0.282
-0.058
0.427
3.109
0.836
0.350
-0.052
3.700
0.658
1.566
0.860
0.201
0.475
2.287
-0.178
-0.049
0.051
-0.098
-1.386
-0.097
-0.721
3.095
-0.148
0.357
0.814
1.552
2.278
1.661
0.704
0.181
0.103
1.471
-0.287
0.514
0.633
-0.723
0.559
0.004
0.899
0.098
0.095
2.137
0.693
0.447
-1.639
2.344
0.809
0.251
0.468
0.252
0.964
-1.358
-1.055
0.134
-0.188
0.035
-0.341
-0.265
1.440
1.126
2.070
-1.074
0.084
0.399
1.239
0.679
0.751
-1.152
0.759
-0.672
4.048
2.167
1.750
2.037
2.701
0.205
0.292
0.141
0.079
0.202
0.288
0.121
0.094
0.039
0.108
0.166
2.030
0.807
0.065
0.269
-0.556
0.220
2.378
1.471
1.216
2.137
2.717
0.747
-0.068
0.867
0.671
0.636
0.059
-0.018
0.283
0.068
0.146
0.351
0.473
0.535
0.559
-0.023
2.743
0.671
-0.682
1.175
1.618
0.774
0.481
2.210
0.484
1.005
0.862
0.221
-0.420
0.155
0.404
0.589
0.692
0.405
0.092
-0.069
0.719
0.057
1.126
0.899
0.490
0.219
-0.152
0.812
0.284
0.809
-0.806
0.199
-0.533
1.046
0.464
0.732
0.471
0.745
-0.064
-0.159
-0.088
-0.113
-1.054
-0.240
0.594
0.215
0.214
0.607
-0.233
-0.149
0.175
-0.013
0.213
0.270
-0.046
0.289
-0.536
0.413
-0.493
-0.382
0.530
0.125
0.438
0.287
-0.079
-0.042
-0.289
0.092
0.420
0.412
0.213
0.162
-0.025
-0.085
0.418
0.130
0.187
2.362
-0.000
0.024
0.171
0.965
0.707
0.073
0.113
0.018
-0.263
-0.028
-0.197
-0.232
0.110
0.139
-0.233
-0.341
0.102
-0.235
0.082
-0.342
-0.271
-0.518
-2.869
-1.592
-2.115
-1.296
-0.105
-0.546
-0.053
-0.325
-0.601
-0.243
0.040
0.074
0.051
-0.031
0.491
-0.281
-0.282
-0.583
-0.160
-0.145
0.754
1.079
0.337
-0.017
0.620
-0.415
-0.770
-0.406
-0.123
0.361
3.080
2.935
3.816
0.486
3.008
