0.803
-0.485
-2.670
-0.023
0.415
3.180
0.430
0.239
2.025
0.557
-0.129
3.278
0.762
0.108
0.363
2.078
0.632
-0.050
0.133
-0.064
-0.035
-0.198
-1.509
0.897
-0.142
-0.076
-0.470
0.302
-0.162
-0.291
0.004
1.627
0.266
0.887
0.244
0.485
0.976
0.616
0.472
0.592
0.153
0.264
0.000
-0.020
-0.142
0.031
-0.077
-0.044
0.035
1.103
2.270
0.252
1.904
2.170
0.003
0.051
2.340
-0.184
-0.045
0.138
2.859
0.847
2.208
-0.042
0.114
-0.401
-0.403
0.465
-0.264
-0.392
-0.450
-0.317
-0.260
-0.470
-0.413
-0.244
-0.789
-0.236
-0.311
-0.328
2.348
0.186
0.063
1.939
0.434
2.689
2.029
0.135
0.045
0.486
0.096
0.093
-0.078
0.329
3.344
-0.647
-0.105
-0.248
3.272
1.269
0.146
-0.074
3.462
-0.070
1.752
0.381
0.103
0.002
3.434
-0.257
-0.054
-0.098
-0.341
-1.257
-0.047
-0.140
3.512
-0.222
0.333
0.490
1.454
3.036
1.550
0.464
0.382
2.048
1.570
0.031
0.416
0.997
-0.156
0.729
0.200
1.459
0.084
0.024
1.825
0.033
-0.445
-2.560
2.841
0.184
0.707
0.041
0.097
0.523
-2.174
-1.914
-0.129
0.278
0.138
-0.261
-0.088
1.569
-0.173
4.818
0.026
0.617
0.028
0.185
0.124
-0.043
-0.469
0.033
-0.012
3.088
0.881
0.562
1.446
1.140
0.427
0.453
0.048
-0.059
0.566
0.209
0.172
0.551
0.080
-0.234
0.019
2.000
0.638
-0.084
0.008
-0.348
0.101
1.956
3.140
0.715
2.676
3.742
0.619
0.510
0.314
1.057
0.574
-0.121
0.158
0.076
-0.049
0.001
0.367
0.693
0.160
0.209
-0.031
2.994
0.593
-0.064
1.140
1.740
0.438
-0.010
3.595
1.313
0.110
-0.028
0.161
-0.117
0.059
0.022
0.108
0.044
-0.186
-0.064
-0.109
0.877
-0.151
0.481
1.080
-0.109
-0.081
-0.182
0.482
0.062
0.315
-0.443
-0.103
0.328
-0.001
1.492
0.568
0.659
1.652
-0.098
-0.116
0.512
0.038
-0.154
-0.746
1.223
0.191
0.902
1.086
-0.187
0.268
0.210
0.292
0.453
0.247
0.231
0.989
-0.326
0.127
-1.282
-0.281
0.269
-0.099
-0.064
0.356
-0.011
-0.112
-0.064
-0.143
0.238
0.754
-0.066
0.489
-0.074
0.126
-0.064
-0.064
0.060
2.678
-0.052
0.068
0.256
-0.148
-0.024
-1.252
-0.790
-0.019
-0.188
-0.040
-0.244
-0.635
-0.267
-0.339
-0.391
-0.263
-0.072
-0.333
-0.211
-0.188
0.014
0.085
-3.139
-1.678
-2.435
-1.142
-0.099
-0.186
0.097
-0.337
-0.341
0.403
0.727
0.069
0.444
0.028
0.338
0.112
-2.127
-0.116
0.591
-0.064
0.230
2.057
0.032
0.305
0.327
0.187
-0.227
0.061
0.125
0.144
1.395
3.597
2.994
2.456
2.484
