-1.099
-1.670
-1.326
-0.023
0.491
2.943
0.129
0.666
3.180
1.540
0.016
3.599
1.372
1.033
0.629
2.967
0.973
0.510
0.266
0.819
-0.045
0.110
-1.525
0.682
-0.215
0.495
-0.627
0.529
-0.241
-0.125
-0.316
1.255
-0.329
-0.264
-0.613
0.154
0.481
1.111
0.476
0.886
0.457
0.668
0.002
0.087
0.149
0.164
-0.715
-0.133
1.212
0.661
1.694
0.336
3.085
0.606
1.437
0.954
3.578
-0.539
0.088
-0.090
2.926
1.331
3.662
0.082
-0.057
0.132
0.625
1.921
-0.285
-0.597
-0.699
-0.366
-0.270
-0.241
-0.305
-0.401
-0.978
-0.399
-0.366
-0.410
3.030
0.322
-0.571
1.761
0.318
3.944
2.633
0.305
0.053
0.213
0.002
0.376
-0.298
-0.087
2.897
-0.408
-0.116
0.244
1.997
1.394
-0.015
-0.016
3.811
0.306
1.749
0.589
-0.019
0.693
4.142
0.425
0.071
-0.226
-0.092
-1.862
0.598
-0.750
4.868
-0.053
0.009
1.367
2.428
2.244
0.580
0.364
0.166
1.506
1.446
-0.406
-0.451
0.244
-1.466
0.469
0.102
0.975
0.214
0.135
1.552
-0.061
-0.315
-2.838
2.283
0.268
0.811
0.709
0.172
0.259
-2.341
-1.519
-0.108
-0.058
0.219
-0.184
-0.116
1.763
0.651
3.394
-0.461
0.766
0.864
1.750
0.921
0.470
-1.691
1.119
-1.016
3.613
-0.319
0.348
1.758
0.406
0.538
0.440
0.381
0.037
0.213
0.242
0.317
0.234
0.001
0.221
0.624
3.632
1.509
0.376
0.360
-0.354
0.691
3.083
2.188
1.382
3.914
3.643
1.255
0.082
0.362
0.900
0.794
-0.143
0.101
-0.052
0.042
0.004
0.237
0.208
0.094
0.282
0.190
2.903
0.769
-1.335
0.495
2.273
1.537
0.215
3.781
2.118
0.317
0.330
0.156
0.012
-0.116
-0.219
0.123
0.121
-0.096
0.114
0.204
1.339
0.638
1.756
1.261
0.255
-0.102
-0.067
0.196
-0.357
1.041
-0.571
0.221
0.240
2.072
0.399
0.541
0.775
1.376
0.093
0.021
0.027
-0.279
-0.337
-0.485
0.863
0.449
0.104
0.033
-0.453
-0.310
-0.885
-0.328
0.371
0.015
-0.384
-0.045
-0.756
-0.275
-0.421
-0.791
0.803
0.450
-0.874
0.234
0.213
0.026
0.244
0.326
0.524
0.512
0.255
0.325
-0.206
0.057
0.415
-0.065
0.066
3.752
0.243
-0.010
-0.050
0.424
0.985
0.101
-0.664
0.093
-0.170
0.070
-0.159
-0.183
-0.171
0.075
-0.416
-0.181
0.120
-0.069
0.093
-0.185
-0.180
0.034
-4.081
-2.590
-3.162
-1.894
-0.237
-1.030
0.129
-0.913
-0.544
1.327
0.775
0.714
0.339
0.166
0.271
-0.118
-0.469
-0.379
0.345
-0.013
0.957
2.362
0.311
0.069
0.206
-0.185
-0.727
0.547
0.146
0.441
2.916
3.854
3.956
0.504
3.105
