0.045
0.005
-1.648
-0.052
0.277
2.161
0.173
0.492
2.148
0.779
-0.091
2.675
1.052
0.404
0.116
2.138
0.795
-0.139
-0.025
-0.069
-0.348
-0.152
-1.571
0.470
-0.146
-0.182
-0.582
-0.036
-0.215
-0.022
0.054
0.826
0.010
0.025
-0.467
0.390
0.440
0.550
0.069
0.615
0.514
0.515
0.358
0.190
0.201
0.217
-0.117
-0.200
0.434
0.472
0.678
-0.119
1.119
0.683
0.043
-0.065
2.223
-0.159
-0.099
-0.160
2.249
0.847
1.984
-0.027
-0.056
-0.095
-0.116
0.912
-0.021
-0.610
-0.657
-0.256
-0.069
-0.012
-0.057
-0.057
-0.599
-0.046
-0.174
-0.211
1.710
0.001
-0.098
1.430
0.288
2.127
1.192
0.066
0.048
-0.053
0.074
0.066
-0.108
0.482
2.521
-0.144
0.114
-0.027
2.028
1.098
0.091
-0.045
2.637
-0.032
1.166
0.601
-0.113
0.291
1.930
-0.335
-0.125
-0.098
0.193
-1.304
-0.122
-0.029
2.677
-0.468
0.414
0.464
1.152
2.366
1.117
0.648
-0.108
0.577
1.448
-0.104
0.259
0.654
-0.670
0.059
-0.194
0.721
-0.029
-0.019
1.201
-0.077
0.613
-2.496
2.363
0.270
-0.156
0.045
-0.325
0.407
-2.258
-1.058
-0.173
-0.326
0.637
-0.006
-0.145
1.367
0.793
1.995
-0.958
0.076
0.450
1.181
0.529
0.415
-1.045
0.551
-0.271
2.767
1.057
0.745
0.722
1.590
0.306
0.175
0.091
-0.037
-0.015
-0.000
0.083
-0.017
-0.082
-0.048
-0.089
2.098
0.836
-0.111
-0.049
-0.395
-0.201
2.336
1.673
1.079
2.302
2.514
0.669
0.350
0.291
0.414
0.305
-0.168
0.158
-0.068
0.168
0.146
0.229
0.217
0.169
0.291
-0.051
1.882
0.537
-0.327
0.717
1.166
1.097
0.289
2.043
1.067
0.209
0.044
0.056
-0.058
-0.053
-0.062
0.013
-0.003
-0.044
-0.194
-0.523
0.841
-0.189
0.888
1.028
-0.157
-0.030
-0.012
0.271
0.213
0.595
-0.669
-0.124
0.082
0.781
1.190
0.394
0.567
0.330
-0.144
-0.035
-0.093
0.255
-0.149
-0.273
1.028
-0.041
0.306
0.184
-0.282
-0.211
0.221
-0.212
0.126
-0.050
-0.218
0.222
-0.069
-0.242
-0.277
0.022
0.205
-0.080
-0.357
0.017
-0.040
-0.060
-0.073
-0.039
0.665
0.106
-0.024
0.105
-0.201
-0.080
0.039
-0.185
-0.028
2.536
-0.049
0.013
-0.033
0.783
0.525
-0.152
0.172
-0.036
-0.125
-0.041
-0.150
-0.258
-0.179
-0.137
-0.146
-0.289
-0.019
-0.133
-0.039
-0.130
-0.091
-0.130
-1.967
-1.930
-2.018
-1.513
-0.052
-0.261
-0.053
-0.987
-0.659
-0.325
0.456
0.362
0.011
-0.100
-0.057
-0.045
-0.668
-0.223
0.492
0.027
0.425
1.212
-0.124
-0.045
0.144
-0.113
-0.698
0.013
-0.124
0.007
2.047
2.101
2.026
0.253
1.379
