-0.274
-0.277
-0.438
-0.222
0.071
-2.413
0.074
-0.512
-2.087
-1.168
-0.014
-3.128
-1.104
-0.079
-0.147
-1.769
-0.522
-0.303
-0.120
0.087
0.146
0.170
1.217
-0.781
0.273
0.018
0.556
-0.819
0.217
0.147
-0.372
-0.889
0.337
-0.012
0.006
-0.091
-0.197
-0.235
-0.583
-0.309
0.045
-0.141
-0.073
-0.140
-0.385
-0.408
0.634
0.036
-0.445
-0.420
-1.793
-0.117
-1.193
-1.019
-0.652
-0.122
-1.896
0.613
-0.265
1.144
-2.734
-0.798
-1.507
0.087
0.153
-0.353
-0.224
-0.467
-0.144
0.282
0.297
0.121
0.053
-0.028
-0.053
-0.087
0.476
0.111
0.080
0.136
-2.781
-0.191
0.618
-1.746
-0.649
-2.738
-1.604
-0.109
0.016
-0.115
-0.123
-0.291
0.093
-0.445
-2.462
0.274
0.144
-0.345
-2.486
-1.362
0.122
0.331
-2.503
-0.261
-1.564
-0.569
0.099
0.360
-2.962
-0.040
0.108
0.069
0.423
1.310
-0.240
0.389
-3.421
0.433
-0.868
-0.611
-1.961
-2.130
-1.751
-0.489
-0.089
-1.164
-1.507
-0.048
-0.375
-0.257
0.788
-0.494
0.202
-1.425
-0.082
-0.019
-0.867
-0.323
-0.811
0.382
-1.292
-0.215
0.055
-0.311
0.081
-0.441
1.971
1.192
-0.051
0.363
-0.296
0.467
0.148
-1.294
4.048
-3.004
0.810
-0.713
-0.167
-1.193
-0.755
-0.335
1.261
-0.764
1.040
-2.749
-0.513
-0.377
-1.342
-0.669
-0.148
0.336
0.028
0.286
-0.155
-0.178
0.082
0.094
0.084
0.291
0.246
-0.988
-0.350
0.105
-0.038
0.459
0.196
-2.931
-1.800
-1.342
-1.893
-3.240
-0.970
-0.601
-0.144
-0.373
-0.294
0.074
0.038
0.041
0.074
0.059
-0.277
-0.133
-0.042
-0.169
0.100
-0.981
-0.302
1.039
-0.365
-1.476
-0.487
-0.258
-2.116
-1.161
0.035
-0.021
0.123
0.188
0.248
0.301
-0.004
-0.011
0.220
0.237
0.193
-0.631
0.024
-1.214
-0.738
0.118
0.085
0.242
-0.356
0.238
-0.609
0.681
0.033
0.074
0.074
-0.289
-0.054
0.070
-0.900
-0.262
-0.369
0.177
0.102
0.099
0.400
-0.700
-0.581
-1.049
-1.701
0.053
-0.018
-0.984
-0.082
-0.057
-0.755
0.021
-0.526
0.074
-0.339
0.074
0.626
-0.227
-0.111
1.347
0.114
-0.336
0.098
0.085
0.143
-0.229
-0.335
-0.568
-0.296
0.193
0.074
0.047
0.074
-0.016
-2.133
-0.173
-0.120
0.023
3.245
-0.518
0.103
-0.202
-0.105
0.668
-0.125
-0.162
0.061
0.010
0.041
0.105
0.025
0.057
0.024
-0.034
0.109
-0.191
0.193
3.682
1.958
2.220
1.352
0.070
0.401
-0.015
0.519
0.759
0.240
-0.087
0.251
-0.029
0.040
-0.080
0.225
1.093
0.213
-0.155
0.044
0.044
-0.915
0.229
0.077
-0.155
-0.162
0.231
0.161
0.112
-0.116
-1.676
-3.174
-2.092
-0.103
-1.587
