-0.104
-0.234
-0.036
-0.747
-1.007
-2.693
-0.314
-0.716
-2.436
-0.884
-0.198
-3.202
-0.516
-0.001
-0.456
-1.610
-0.660
-0.477
-0.446
0.078
-0.212
0.562
2.236
-0.197
-0.036
-0.028
0.968
-0.899
-0.032
0.295
-0.349
-0.662
1.350
0.233
1.485
0.245
-0.841
-0.220
-0.330
-0.649
-0.149
-0.790
-0.605
-0.189
-0.171
-0.558
0.356
-0.333
-1.526
-0.412
-1.763
-0.036
-2.576
-2.446
-0.331
-0.824
-2.763
0.487
-0.464
0.820
-2.222
-0.375
-1.942
-0.012
0.068
0.054
-0.531
-0.749
-0.161
0.679
0.152
0.370
0.219
-0.064
0.609
-0.172
0.736
0.449
0.148
0.601
-2.421
-0.306
0.054
-2.338
-0.883
-2.354
-1.704
-0.323
-0.263
-0.065
-0.340
-0.363
0.209
-0.783
-2.600
0.952
0.157
-0.989
-2.700
-1.315
0.163
0.084
-3.021
-0.028
-2.099
-1.555
-0.126
-0.036
-2.418
-0.401
-0.869
0.000
0.021
2.090
-0.036
0.260
-3.354
-0.224
-0.183
-0.693
-1.964
-2.344
-2.178
-0.781
-0.324
-1.048
-1.632
-0.352
-0.588
-1.541
0.389
0.049
0.145
-0.761
-0.170
-0.261
-1.119
-0.068
-0.453
-0.036
-2.116
-1.257
0.580
-0.562
0.501
-0.181
1.472
1.484
-0.022
0.257
-0.456
-0.144
0.112
-0.844
0.550
-1.520
1.285
0.783
-0.977
-1.523
-0.246
-0.060
1.619
-0.632
1.323
-2.394
0.130
-0.741
-1.044
-0.282
-0.226
0.154
-0.546
0.248
-0.334
-0.455
0.193
0.144
0.254
0.194
-0.128
-1.743
-0.866
-0.029
0.038
0.572
0.341
-2.127
-0.346
-1.287
-2.401
-3.748
-0.458
-0.609
-0.059
-0.327
-0.193
0.267
-0.039
-0.165
0.116
0.085
-0.337
-0.386
-0.044
-0.320
0.021
-2.103
-0.970
0.323
-1.002
-1.052
-1.090
-0.266
-2.033
-0.984
-0.388
-0.273
-0.254
0.033
0.004
0.475
-0.142
-0.061
-0.036
0.207
0.458
-0.535
-0.058
-0.958
-0.580
0.002
0.061
0.494
-0.091
-0.088
-0.672
0.792
-0.146
-0.254
-0.036
-0.578
-0.581
-0.607
-0.713
0.440
-0.069
0.427
-0.036
0.664
0.615
-1.566
-0.278
-0.529
-0.146
0.018
-0.264
-0.311
-0.246
-0.469
-1.057
-0.365
-1.406
-0.262
-0.040
-0.132
0.233
-0.860
-0.065
-1.499
0.173
-0.185
-0.070
-0.022
0.797
-0.641
-0.475
-0.690
-0.931
0.286
0.262
-0.270
0.176
-0.178
-1.425
-0.205
-0.082
-0.626
0.347
-0.524
-0.643
-0.057
-0.363
-0.007
-0.168
-0.036
-0.164
-0.164
-0.299
-0.036
-0.036
-0.013
-0.124
-0.070
-0.234
-0.322
-0.192
3.903
2.333
3.358
2.134
0.155
0.558
-0.066
0.873
1.107
-0.330
-0.034
-0.331
-0.006
-0.312
0.518
-0.386
2.307
0.511
-0.002
-0.484
-0.962
-0.934
-0.162
-0.362
-0.051
-0.074
0.489
0.385
-0.137
0.102
-2.008
-3.271
-2.431
-0.243
-1.859
