0.007
-0.125
1.077
0.063
-0.557
-2.207
-0.132
-0.385
-0.889
-0.089
-0.409
-2.399
-0.508
0.357
0.262
-0.905
0.084
-1.651
-0.030
-0.583
-0.040
-0.066
0.916
-0.869
0.110
-0.580
0.295
-0.536
0.175
0.444
-0.054
-1.637
-0.191
-0.046
-0.022
-0.077
-0.724
-0.207
0.039
-0.169
-1.209
-0.441
-0.073
-0.104
-0.329
-0.323
0.055
-0.372
-0.488
-0.341
-0.880
-0.057
-1.851
-1.347
-0.038
-0.068
-1.964
0.546
-0.423
0.397
-2.760
-1.057
-1.886
0.043
-0.030
-0.234
0.042
-0.639
-0.156
0.386
0.248
0.153
-0.172
0.016
-0.166
-0.108
0.413
0.113
-0.054
0.094
-1.247
-0.090
-0.155
-1.561
-0.052
-2.052
-1.386
-0.137
-0.058
-0.450
-0.061
-0.000
-0.213
0.130
-2.968
-0.230
-0.054
-0.259
-1.751
-0.774
-0.131
-0.224
-2.901
-0.197
-0.802
-0.315
0.041
-0.113
-2.203
-0.025
-0.001
-0.314
-0.075
1.433
-0.146
0.423
-2.574
0.172
0.035
-0.454
-0.654
-1.924
-1.403
-0.313
-0.264
-0.648
-1.089
0.271
0.548
-0.796
0.283
-0.150
-0.014
-1.027
-0.078
-0.071
-1.690
-0.068
-0.232
1.941
-1.911
-0.996
-0.139
-0.370
0.099
-0.515
1.721
1.503
0.371
-0.577
-0.242
-0.083
0.122
-0.703
-0.454
-1.611
0.316
-0.245
-0.215
-0.689
-0.136
-0.200
1.137
-0.180
0.546
-1.637
0.086
0.005
-0.246
-0.075
-0.642
-1.046
-0.283
0.123
-0.685
-0.665
-0.082
-0.150
-0.069
0.415
0.196
-1.337
-0.232
-0.198
0.013
0.884
-0.144
-1.965
-1.333
-0.555
-1.701
-2.482
-0.334
-0.022
-0.387
-0.118
-0.590
-0.066
-0.066
-0.066
-0.066
-0.066
-0.066
-0.066
-0.098
-0.124
-0.270
-1.616
-0.417
-0.066
-0.676
-1.109
-1.176
-0.163
-2.650
-0.434
-0.679
-0.331
0.013
0.023
-0.066
-0.066
-0.066
-0.205
-0.115
-0.062
-0.040
-0.431
0.543
-0.608
-0.383
0.070
-0.090
-0.061
-0.294
0.244
-0.359
0.431
0.056
0.058
-0.749
-1.344
-0.288
-0.390
-0.643
0.028
0.054
1.107
-0.020
0.033
0.587
-1.507
-0.651
-0.874
-1.669
0.401
-0.066
-0.853
-0.282
-0.161
-0.327
0.117
-0.971
0.397
-0.562
0.192
0.532
-0.242
-0.138
-0.044
-0.065
-0.058
-0.217
-0.059
-0.095
-0.536
-0.393
-0.273
-0.498
-0.043
-0.027
-0.330
-0.028
-0.861
-2.193
-0.062
-0.198
-0.080
-0.593
-0.235
-0.141
0.090
-0.245
-0.138
-0.157
-0.003
-0.045
-1.055
-0.086
0.059
0.060
-0.189
-0.043
-0.221
0.085
-0.032
-0.045
1.950
0.672
0.705
0.944
-0.001
0.741
-0.037
0.670
0.432
0.916
-0.220
-0.086
-0.002
-0.102
-0.004
-0.066
0.925
0.148
-0.123
0.001
-0.481
-0.898
0.077
0.014
-0.138
-0.027
0.326
0.552
-0.047
-0.192
-1.700
-3.181
-1.823
-0.950
-0.519
