-0.028
-0.031
-0.016
-0.019
0.007
-0.016
0.035
0.007
-0.017
-0.018
-0.018
-0.016
-0.017
-0.018
0.022
-0.014
-0.018
0.316
0.006
0.005
0.003
-0.017
-0.017
-0.009
-0.018
-0.016
-0.017
-0.009
-0.017
0.008
-0.018
-0.022
-0.019
-0.016
-0.016
-0.016
-0.004
-0.005
-0.019
-0.012
0.005
-0.012
-0.023
-0.013
-0.029
-0.026
-0.032
0.009
0.232
0.025
-0.006
0.005
-0.013
-0.011
0.002
-0.018
-0.021
-0.028
0.005
-0.020
-0.002
-0.006
0.005
-0.018
-0.012
-0.018
-0.018
0.005
0.005
0.003
0.005
0.005
0.009
-0.032
0.005
0.005
0.005
0.005
-0.002
0.002
-0.013
0.012
0.013
0.007
0.005
-0.024
-0.027
0.025
0.016
0.019
0.018
0.024
0.009
-0.007
0.005
0.249
0.025
0.007
-0.012
-0.012
-0.013
0.009
0.001
-0.019
-0.021
-0.022
-0.022
-0.024
0.005
0.005
0.014
0.011
-0.018
-0.017
-0.017
-0.016
0.006
-0.015
-0.014
-0.014
-0.014
0.096
0.011
0.010
-0.017
-0.018
0.018
0.018
0.018
-0.020
-0.003
-0.023
-0.017
-0.020
0.005
0.005
-0.016
-0.016
-0.016
-0.014
0.005
0.005
-0.026
-0.025
-0.025
-0.017
-0.019
-0.017
-0.017
-0.017
-0.008
-0.016
0.005
-0.016
-0.016
-0.017
-0.016
-0.016
-0.016
-0.016
-0.016
-0.015
-0.015
-0.015
-0.015
0.059
0.019
-0.015
0.010
0.021
-0.012
-0.017
-0.007
0.011
-0.021
-0.021
-0.011
-0.005
-0.011
0.011
0.022
0.007
-0.020
-0.016
-0.019
-0.015
-0.019
-0.018
-0.018
-0.019
-0.005
0.052
-0.028
-0.036
0.023
0.038
0.012
0.010
0.011
0.009
0.005
0.005
0.007
0.010
0.034
0.012
-0.017
-0.013
-0.019
0.066
-0.015
0.000
-0.022
0.005
-0.017
-0.015
0.068
0.013
0.111
0.089
0.005
0.005
0.005
0.005
-0.019
0.005
0.227
-0.021
-0.025
-0.013
0.003
-0.018
-0.006
0.007
-0.030
-0.028
-0.027
-0.009
0.005
0.126
0.096
0.091
0.088
0.102
-0.004
-0.030
0.015
0.005
0.080
0.012
0.012
0.037
0.230
0.005
0.005
-0.003
0.004
-0.013
0.003
0.005
0.005
0.005
0.005
0.005
0.005
0.005
-0.016
-0.013
-0.013
0.005
-0.007
-0.040
0.001
0.005
-0.009
0.005
-0.018
-0.020
-0.017
-0.018
-0.018
-0.018
-0.017
-0.010
0.081
-0.013
0.005
-0.013
-0.016
-0.017
-0.014
0.005
0.009
0.012
0.008
-0.001
0.013
-0.001
0.150
0.007
0.011
0.005
0.011
0.009
0.009
-0.017
0.008
-0.006
-0.012
-0.017
-0.008
0.015
0.016
-0.028
-0.020
-0.020
-0.015
0.033
0.027
0.011
0.005
0.005
0.005
-0.017
-0.018
0.017
0.005
0.004
-0.020
0.005
0.007
0.005
-0.033
-0.035
-0.015
0.005
0.009
0.234
-0.006
0.036
-0.017
-0.027
