-1.146
-1.778
-1.417
0.392
0.496
3.362
0.016
0.982
1.922
0.736
0.075
3.058
0.722
-0.134
-0.110
1.772
0.693
0.958
0.285
-0.006
-0.531
-0.211
-0.733
0.598
-0.217
0.129
-0.761
-0.217
-0.483
-0.380
0.137
1.108
-0.196
0.080
-0.418
-0.042
0.688
0.465
0.156
0.596
0.063
0.645
0.519
0.291
0.131
0.320
-0.738
-0.103
0.210
0.579
1.055
-0.318
2.276
1.721
0.304
0.212
2.305
-0.597
0.256
-0.121
2.983
1.244
2.151
-0.052
-0.008
-0.267
-0.278
0.814
0.039
-0.223
-0.163
-0.022
-0.130
-0.597
-0.018
0.061
-0.445
-0.213
-0.070
-0.105
2.854
0.246
-0.541
1.628
0.131
2.861
1.521
-0.083
-0.310
-0.468
-0.322
-0.084
-0.346
0.035
3.302
-0.711
-0.168
0.018
2.814
1.377
-0.112
-0.199
3.935
0.051
1.250
0.033
-0.208
0.066
3.202
-0.332
-0.157
-0.111
-0.102
-2.085
-0.065
-0.263
2.969
-0.600
-0.035
0.878
1.112
2.422
1.180
0.526
0.330
1.372
1.695
-0.321
-0.033
0.693
-0.423
-0.148
-0.106
1.747
0.077
0.089
1.304
0.006
-0.204
-2.035
2.255
0.443
-0.368
-0.029
-0.618
-0.091
-1.995
-0.824
-0.367
-0.044
0.033
0.006
-0.283
0.931
-0.320
1.582
-0.940
-0.312
-0.132
0.620
0.637
0.016
-1.172
0.656
-0.852
2.988
0.121
0.629
1.376
0.433
0.337
0.118
0.178
0.014
0.198
0.254
-0.021
0.130
-0.090
-0.061
-0.083
2.287
0.787
0.056
-0.001
-0.694
0.443
3.191
1.798
1.390
3.219
2.419
0.967
0.344
0.619
0.487
0.521
-0.061
0.033
0.033
-0.003
0.033
0.463
0.094
0.279
0.153
0.122
2.803
0.461
-1.247
0.736
1.190
0.772
0.163
3.119
1.256
0.559
0.582
0.149
-0.251
-0.091
-0.236
0.043
0.033
-0.152
-0.429
-0.048
0.858
0.064
1.064
0.572
0.386
0.379
0.224
0.398
-0.467
1.397
-0.330
0.009
0.007
0.023
1.757
0.421
0.763
0.545
-0.095
-0.303
-0.068
-0.612
-1.010
-0.666
0.652
0.829
0.596
0.828
-1.053
-0.866
0.122
1.579
0.488
0.405
-0.522
1.022
-0.836
0.094
-1.148
-0.181
0.258
0.017
-0.164
-0.032
-0.186
-0.084
-0.008
-0.280
0.735
0.415
0.498
0.151
-0.084
0.003
0.081
0.024
0.159
2.016
0.042
-0.123
-0.075
-0.410
0.601
-0.824
-1.217
0.211
-0.017
-0.160
-0.121
-0.327
-0.047
0.103
-0.266
-0.257
0.235
-0.171
0.157
-0.147
0.039
-0.178
-2.886
-2.353
-2.775
-1.654
-0.564
-0.805
-0.034
-1.447
-0.512
-0.019
0.154
0.060
0.063
0.245
0.216
-0.092
-0.733
0.139
0.446
-0.176
0.399
1.079
-0.229
-0.111
0.511
0.189
-0.659
0.191
0.248
-0.105
1.722
3.247
2.779
1.325
2.364
