-0.518
-0.535
-0.302
-0.013
0.189
2.647
0.163
-0.013
1.220
0.420
0.141
2.974
0.585
-0.099
-0.276
2.061
0.686
0.065
0.390
-0.106
-0.014
-0.273
-0.773
0.537
-0.371
-0.370
-1.296
0.775
-0.262
-0.488
0.212
1.041
-0.579
-0.662
-1.331
-0.227
0.745
0.382
0.518
0.253
0.332
0.740
0.927
0.544
0.128
0.099
-0.489
-0.053
1.076
0.587
1.344
0.470
1.567
0.726
0.652
0.562
2.058
-0.735
0.165
-0.709
2.202
0.924
2.427
0.041
-0.148
-0.481
0.035
1.165
0.016
-1.097
-0.803
-0.597
-0.022
0.071
-0.697
-0.095
-0.832
-0.335
-0.293
-0.544
3.061
0.293
-0.074
1.644
0.692
2.302
1.553
-0.073
-0.226
-0.619
-0.090
-0.014
-0.786
0.592
3.151
-0.202
-0.021
0.559
2.567
1.053
-0.422
-0.111
3.037
0.177
1.305
0.743
-0.020
0.270
2.125
-0.276
0.014
-0.396
-0.438
-1.958
-0.107
-0.021
3.602
-0.119
0.108
0.661
1.443
2.748
1.728
0.829
0.309
1.156
1.489
-0.145
0.612
0.585
-0.294
0.985
0.001
1.091
0.252
0.132
0.926
0.360
0.034
-1.188
2.013
0.291
-0.088
0.146
-0.567
0.429
-2.342
-1.566
0.045
0.011
0.200
-0.034
-0.355
0.636
-0.558
1.204
-0.850
-0.460
0.043
0.229
0.515
0.167
-1.050
0.565
-0.453
2.967
-0.199
0.409
1.053
0.572
0.524
0.170
0.478
0.221
0.359
0.464
0.158
0.165
0.168
0.197
0.131
2.142
0.677
0.064
0.108
-0.650
0.018
3.274
1.840
1.118
1.866
2.774
0.121
0.575
0.553
0.486
0.763
-0.295
0.106
0.171
0.164
0.165
0.487
0.620
-0.481
0.201
0.041
2.089
1.084
-0.683
0.761
0.996
0.529
0.423
2.001
0.839
0.083
0.169
0.192
-0.165
-0.297
-0.017
0.112
0.111
-0.182
0.016
-0.137
0.562
0.363
0.837
0.784
0.028
0.179
0.141
0.554
0.062
0.778
-0.551
0.042
0.265
0.201
1.580
0.830
0.786
0.051
0.045
0.107
0.433
0.165
-0.091
-0.834
0.818
0.157
0.172
0.322
-0.208
-0.119
-1.388
-0.132
0.324
0.269
-0.110
0.225
0.483
-0.117
-0.067
-0.072
0.190
0.235
0.630
0.117
0.197
0.015
-0.089
-0.109
0.850
0.441
0.547
0.288
-0.264
-0.266
0.104
-0.164
0.274
2.529
0.158
-0.150
0.250
-0.566
0.542
-0.022
-0.100
0.087
0.053
0.022
0.065
-0.002
0.049
0.105
-0.048
-0.219
-0.004
0.234
0.059
0.014
0.161
-0.304
-3.211
-2.267
-2.310
-1.718
0.275
-0.163
0.151
-0.376
-0.450
-0.278
0.471
0.531
0.145
-0.179
0.859
-0.137
-1.189
-0.320
0.076
0.162
0.330
1.497
-0.088
0.224
0.324
0.250
-0.709
-0.180
0.023
0.032
2.428
1.959
2.405
0.660
1.890
