-1.002
-1.632
0.030
-0.124
0.411
2.576
0.041
0.537
2.513
0.794
0.149
3.045
0.662
0.389
0.591
1.791
0.460
0.234
-0.014
0.061
-0.170
-0.536
-1.207
0.785
0.027
0.027
-0.605
0.020
0.024
-0.471
0.463
0.911
-1.005
-0.018
-0.899
-0.212
0.379
-0.352
0.117
-0.101
0.284
0.552
0.422
0.500
0.110
0.398
-0.525
-0.213
0.402
0.527
1.099
0.411
1.520
1.560
0.766
0.928
1.959
-0.485
0.721
-0.677
2.291
0.536
1.633
-0.104
-0.131
-0.183
-0.238
1.015
0.296
-0.598
-0.598
-0.414
0.454
0.594
-0.349
-0.229
-0.332
0.043
-0.359
0.017
2.561
0.061
-0.279
1.598
0.492
2.248
2.122
0.292
0.093
0.335
0.325
0.077
-0.559
0.181
2.517
-0.186
-0.414
0.808
2.788
1.035
-0.349
-0.059
4.000
-0.174
1.720
0.888
-0.258
0.048
2.820
0.042
-0.133
-0.320
-0.274
-1.251
-0.138
-0.476
3.630
-0.503
-0.266
0.856
1.496
2.243
1.562
0.292
0.125
0.904
1.491
0.075
0.540
1.417
-0.786
0.259
-0.239
0.818
0.233
0.111
1.014
-0.184
0.418
-2.083
2.351
0.757
-0.056
0.167
-0.370
0.937
-1.675
-0.838
-0.294
-0.477
-0.167
-0.263
-0.489
1.045
-2.735
1.525
-0.828
0.136
-0.102
0.191
0.094
-0.029
-1.158
0.402
-0.783
3.473
0.772
0.846
1.376
1.343
0.349
0.006
0.535
-0.052
0.344
0.454
0.224
0.020
-0.173
-0.170
-0.310
1.446
0.431
-0.248
0.057
-0.723
-0.193
2.690
1.816
0.954
2.110
2.933
0.518
0.540
0.507
0.388
0.497
-0.111
0.244
0.204
0.032
0.167
0.386
0.380
0.174
0.490
-0.326
1.831
0.456
-0.550
0.558
0.915
0.957
0.297
2.685
1.151
0.040
0.007
0.049
-0.199
0.004
-0.052
0.138
0.041
0.032
-0.078
-0.056
0.434
0.113
0.688
0.511
0.098
0.022
-0.164
0.692
0.002
1.294
-0.649
0.006
0.395
0.027
1.553
0.502
0.263
0.079
-0.434
-0.268
-0.473
0.027
-0.876
-0.550
0.921
0.156
0.407
0.027
-0.229
0.029
0.285
0.141
0.512
0.197
-0.179
0.551
0.745
0.057
-0.456
-0.462
0.339
-0.378
-0.381
0.522
0.062
-0.194
0.001
0.064
0.667
0.256
0.284
0.235
-0.234
-0.159
-0.133
-0.042
0.226
1.992
0.120
-0.446
0.018
-1.671
0.300
-0.236
-0.572
0.086
-0.482
-0.302
-0.164
-0.371
0.554
-0.146
-0.355
-0.423
0.166
-0.121
0.126
-0.338
0.153
-0.258
-2.796
-1.824
-2.188
-1.302
-0.223
-0.396
0.219
-0.367
-0.806
1.000
0.218
0.591
0.132
-0.047
0.209
-0.244
-1.937
-0.486
0.017
-0.615
0.406
1.442
0.013
-0.330
0.153
0.274
-0.735
-0.037
0.085
0.069
1.393
1.853
3.462
0.580
2.205
