-1.079
-1.570
-0.663
-0.069
0.689
2.017
-0.069
0.276
1.463
0.421
-0.286
2.360
0.636
0.248
0.194
1.670
0.609
-0.028
0.210
-0.130
-0.119
-0.621
-1.783
0.220
-0.012
-0.418
-1.354
0.187
-0.215
-0.458
0.220
0.934
-0.065
-0.304
-1.340
-0.058
0.086
0.351
0.626
0.362
-0.087
0.392
0.415
0.298
0.149
0.355
-0.394
-0.083
0.755
0.848
1.759
-0.828
0.815
0.270
1.410
1.033
2.343
0.027
0.320
0.012
2.202
0.664
1.775
0.032
-0.150
0.120
0.087
0.533
-0.052
-0.644
-0.796
-0.402
-0.391
-0.366
-0.104
-0.059
-0.668
-0.157
-0.155
-0.382
2.179
-0.043
-0.130
1.326
0.406
2.579
1.666
0.509
0.247
-0.166
0.491
0.506
0.339
-0.083
3.081
-0.163
-0.159
-0.093
2.205
1.031
-0.209
-0.227
2.513
-0.081
0.785
0.549
0.061
-0.134
2.309
-0.244
0.498
-0.035
-0.282
-0.996
0.020
-0.061
3.593
-0.297
-0.070
0.526
1.717
2.053
1.153
0.373
0.006
0.824
1.024
0.093
-0.425
0.711
-0.349
0.409
0.002
0.859
0.013
-0.105
0.681
0.211
-0.187
-2.371
2.645
0.759
0.214
-0.110
-0.206
-0.161
-2.095
-1.445
-0.206
-1.086
-0.419
0.059
-0.258
1.132
-0.318
1.493
-0.423
0.146
-0.024
0.927
0.556
0.409
-0.847
0.724
-0.479
3.978
-0.183
0.938
1.475
0.139
0.321
0.011
0.241
-0.023
0.300
0.322
0.237
0.032
-0.056
-0.173
0.018
1.395
0.535
0.007
-0.145
-0.677
0.053
1.910
0.844
0.741
1.746
3.991
0.149
0.893
0.446
0.397
0.603
-0.246
-0.100
-0.054
-0.204
-0.073
0.331
0.340
-0.043
0.181
-0.018
1.978
0.432
-0.624
0.171
1.093
0.805
0.738
2.192
0.894
0.406
0.257
0.101
-0.393
-0.333
-0.442
0.027
0.174
-0.162
-0.550
-0.681
0.019
-0.745
1.298
0.653
0.013
0.042
0.105
0.146
-0.329
0.404
-0.193
0.027
-0.072
-0.106
-0.069
0.291
-0.047
1.010
0.209
0.092
-1.058
-0.069
-0.110
-0.616
0.465
0.052
0.037
0.261
-0.629
-0.478
-0.498
0.007
0.007
0.140
-0.365
0.120
-0.567
-0.258
-0.791
-0.103
0.107
-0.007
-0.261
-0.019
-0.023
0.027
-0.620
-0.051
0.301
0.294
0.347
0.378
-0.257
-0.349
0.140
-0.356
0.176
1.893
-0.034
0.157
-0.226
-0.217
0.472
-0.230
-0.822
-0.036
-0.022
-0.051
-0.087
-0.093
0.197
-0.036
-0.582
-0.150
0.278
-0.004
-0.056
-0.110
-0.052
-0.058
-3.238
-1.623
-2.417
-1.119
-0.113
-0.297
0.131
-0.836
-0.562
0.634
0.308
0.362
0.448
-0.063
0.091
-0.052
-1.328
-0.469
0.123
-0.075
0.127
1.470
-0.096
-0.222
-0.034
0.094
-0.345
-0.505
-0.078
0.138
1.316
3.102
3.952
0.708
1.998
