-0.364
-0.048
-0.380
-0.036
0.348
-2.634
-0.208
-1.059
-2.713
-1.269
-0.133
-3.160
-0.768
0.749
0.295
-2.981
-1.573
-0.688
0.093
-0.270
-0.007
0.144
1.342
0.029
-0.029
-0.026
0.343
-0.000
-0.227
0.208
0.031
-1.223
-0.121
-1.321
-0.775
-1.576
-0.851
-0.669
-0.253
-0.242
-0.032
-0.633
-0.398
-0.168
-0.352
-0.469
0.409
-0.018
-1.141
-0.570
-0.584
-0.971
-2.029
-1.750
-0.114
-0.055
-2.930
0.044
-0.262
0.109
-2.768
-2.064
-2.265
0.270
0.209
0.231
0.146
-0.837
-0.409
0.546
0.640
0.207
0.091
-0.316
-0.140
-0.063
0.682
-0.038
0.076
0.192
-3.888
-0.419
0.319
-1.486
-0.124
-2.861
-1.472
-0.273
-0.141
0.196
-0.048
-0.280
-0.030
-0.468
-5.211
0.197
0.267
-0.441
-2.081
-0.249
0.406
0.166
-2.802
0.105
-1.387
-1.008
-0.181
-0.359
-2.014
0.444
-0.075
-0.147
-0.148
1.968
0.041
0.014
-3.713
0.604
-0.434
-0.667
-1.394
-1.886
-0.465
0.015
-0.589
0.093
-1.525
0.047
0.100
-0.531
1.018
0.280
0.399
-0.341
-0.233
-0.216
-1.177
0.239
0.604
2.432
-2.707
-0.565
-0.103
-0.212
0.176
-0.624
1.953
1.308
-0.117
0.966
-1.005
0.207
0.380
-1.930
-1.592
-2.237
0.777
-1.026
-1.017
-1.830
-1.020
-0.815
1.484
-1.009
0.721
-4.272
-1.668
-1.241
-1.625
-2.039
-0.922
-0.760
-0.763
-0.225
-0.477
-0.562
-0.625
-0.325
-0.349
-0.328
-0.058
-2.326
-1.269
0.095
-0.271
0.262
-0.626
-2.502
-1.910
-1.229
-2.354
-2.911
-0.278
0.253
-0.378
-0.319
-0.299
0.350
0.011
0.055
-0.073
-0.165
-0.455
-0.337
0.203
-0.269
-0.062
-1.987
-0.597
1.008
-0.237
-1.383
-1.153
-0.131
-2.881
-0.791
-0.192
-0.312
0.147
0.320
0.044
-0.070
-0.178
-0.244
0.018
0.111
1.558
-1.150
0.056
-1.481
-1.279
0.010
-0.318
0.101
-0.599
-0.021
-0.952
0.371
0.337
-0.132
-1.001
-0.616
-0.448
-0.366
-0.576
0.353
0.212
-0.310
0.676
-0.109
0.667
-0.464
-0.161
-0.812
-0.862
0.009
-0.392
-0.770
-0.381
-0.637
-0.646
0.515
-0.800
1.016
-0.584
1.283
0.044
-0.196
0.163
0.173
0.013
0.030
-0.027
-0.539
0.336
-0.706
-0.825
-0.378
-0.135
0.045
0.047
-0.269
-0.054
-0.594
-2.295
0.304
-0.124
-0.379
-1.509
-1.125
-0.014
0.671
-0.205
-0.001
-0.114
0.056
0.022
-0.251
-0.187
0.311
0.271
-0.089
0.141
-0.235
0.041
-0.206
-0.472
2.262
1.973
2.444
1.431
0.303
0.990
-0.352
1.126
1.127
0.178
-0.173
-0.283
-0.034
-0.558
-0.564
-0.176
0.215
0.053
-0.527
0.298
-0.642
-2.049
0.022
-0.172
-0.076
-0.311
0.649
-0.030
0.287
-0.058
-2.400
-3.309
-2.133
-0.403
-3.017
