1.173
0.212
0.041
0.076
-0.252
2.380
-0.073
0.288
1.835
0.502
0.058
3.974
1.149
-0.033
-0.240
2.412
0.346
0.143
0.107
-0.645
-0.216
-0.570
-0.110
0.147
0.007
0.260
-0.664
0.263
-0.218
-0.037
0.120
0.718
-0.406
-0.144
-0.410
-0.205
0.133
0.975
0.030
0.549
0.171
0.307
0.692
0.089
0.116
0.065
-0.720
-0.240
0.279
0.533
1.347
-0.101
0.641
0.168
0.458
0.104
3.623
0.009
0.290
0.403
3.330
1.395
2.179
-0.201
-1.298
0.082
0.545
0.431
0.015
-0.603
-0.795
-0.658
-0.161
-0.084
-0.586
-0.097
-0.309
-0.354
-0.116
-0.230
2.982
0.217
-0.183
1.603
0.023
3.152
1.257
-0.015
0.030
-0.047
-0.002
-0.019
-0.114
0.044
4.715
-0.222
-0.125
0.147
4.407
2.265
0.369
-0.133
3.396
-0.348
0.509
0.090
-0.338
0.045
1.487
-0.249
0.070
-0.108
-0.045
-2.566
-0.113
-0.450
4.122
-0.281
1.616
0.285
2.405
2.986
-0.228
0.135
-0.116
0.387
1.621
-0.079
1.126
0.332
-1.131
0.415
-0.283
1.627
0.030
0.030
1.924
-0.061
0.365
-1.091
2.155
0.458
-0.093
0.031
0.043
0.542
-2.202
-1.371
-0.032
-0.457
0.064
-0.515
-0.009
1.462
1.206
2.952
-0.352
1.028
0.303
1.383
-0.459
-0.494
-3.880
-0.113
-3.100
3.376
0.343
0.503
0.690
0.755
0.218
-0.059
0.048
0.075
0.048
0.178
-0.014
0.075
0.030
-0.000
0.129
2.049
0.590
0.030
0.059
-0.357
-0.076
2.980
2.446
1.245
3.294
3.284
0.904
0.956
0.439
0.193
0.605
-0.020
0.016
0.031
-0.172
-0.309
0.030
0.050
0.030
0.089
0.150
2.669
1.306
-0.198
0.122
1.541
0.967
0.309
3.193
0.466
0.030
0.030
0.030
0.030
0.030
0.030
0.030
0.071
-0.356
0.030
-0.322
1.442
0.050
1.411
0.682
0.124
-0.140
-0.125
0.030
-0.004
0.273
-1.061
0.030
0.031
1.444
0.423
0.145
0.123
0.316
-0.084
0.198
0.414
-0.453
0.336
-1.635
0.367
-0.045
0.002
0.030
-0.388
-0.185
-0.237
-0.090
0.029
0.196
-0.363
-0.002
-0.074
-0.110
0.030
-1.020
0.701
0.210
-0.215
0.231
0.030
0.015
0.165
0.092
0.485
0.369
0.123
0.320
-0.077
0.020
0.054
0.030
0.030
2.458
0.393
-0.045
0.030
0.436
-0.060
0.030
0.196
0.020
0.027
0.020
0.003
-0.085
0.030
0.030
-0.042
-0.131
0.030
-0.046
0.019
0.000
0.030
-0.023
-3.672
-2.150
-2.983
-1.159
-0.149
-1.219
0.072
-2.082
-0.926
-0.121
0.045
0.049
0.030
0.030
1.164
0.030
-0.690
-0.556
0.414
-0.594
0.516
1.638
0.069
0.151
0.173
-0.425
-0.847
0.030
0.083
-0.025
1.170
3.312
2.681
0.714
2.070
