0.555
0.552
0.052
-0.177
0.775
2.138
0.065
0.302
2.119
0.568
-0.038
2.713
0.533
-0.238
0.148
1.037
0.014
-0.108
0.197
-0.094
0.107
-0.221
-0.401
0.658
-0.363
0.575
-0.886
0.182
-0.400
-0.275
0.115
1.398
-0.393
-0.025
-0.075
0.055
0.201
0.108
0.111
0.566
0.353
0.974
0.861
0.875
0.062
0.084
-0.401
0.233
0.521
0.257
1.149
-0.096
1.276
0.934
-1.278
0.882
2.512
0.415
0.237
0.171
2.254
0.611
2.237
-0.159
-0.257
-0.142
-0.176
0.947
0.096
-0.656
-0.524
-0.387
0.131
0.073
-0.223
-0.307
-0.001
-0.337
-0.370
-0.418
2.421
-0.103
-0.046
2.452
0.204
3.061
2.009
0.019
0.033
0.015
0.011
-0.009
-0.023
0.131
3.151
-0.013
-0.342
0.199
2.962
0.794
-0.319
-0.192
2.725
-0.251
1.559
0.325
-0.307
0.265
2.611
-0.212
-0.191
-0.217
-0.281
-2.000
-0.187
-0.497
3.269
-1.081
0.198
0.806
1.858
2.392
0.688
0.350
0.090
1.319
1.305
-0.241
-0.024
-0.020
-1.818
0.559
-0.358
0.654
0.419
0.254
1.509
0.303
-0.367
-0.923
1.821
0.495
0.039
0.147
-0.628
0.034
-1.958
-0.926
-0.018
-1.446
0.254
-0.290
0.045
0.749
0.070
2.274
-0.892
-0.138
0.238
0.846
0.347
0.506
-1.599
0.417
-0.712
2.853
0.804
0.713
1.331
0.910
0.653
0.484
0.713
0.400
0.417
0.419
0.254
0.339
0.327
0.282
-0.151
1.959
0.731
-0.172
-0.023
-0.362
-0.146
2.921
1.865
0.784
3.042
3.788
0.279
0.052
0.382
0.493
0.812
-0.282
0.055
0.052
0.052
0.052
0.484
0.323
0.190
0.345
0.063
2.548
0.840
-0.127
0.559
1.538
0.700
0.170
2.743
0.830
0.282
0.171
0.411
0.015
-0.094
0.007
0.272
0.197
-0.014
0.072
0.052
0.282
-0.490
0.740
0.621
0.032
-0.089
-0.435
0.578
0.376
0.780
-0.839
0.264
0.331
0.826
1.918
0.581
0.761
0.404
0.066
0.020
-0.617
0.052
-0.297
-0.330
0.580
0.337
0.276
0.800
-0.393
-0.269
0.191
0.256
0.426
0.538
-0.257
0.377
-0.149
-0.201
-0.830
-0.559
-0.028
-0.006
-0.253
-0.288
0.026
-0.156
-0.143
-0.228
0.379
0.642
0.598
0.371
-0.317
0.040
0.562
-0.001
0.252
1.650
0.171
-0.155
0.174
0.109
0.391
-0.537
-0.349
0.126
-0.013
0.118
0.032
0.171
0.091
0.112
-0.270
-0.204
0.076
-0.068
0.035
-0.203
0.128
0.023
-3.413
-2.230
-2.522
-1.566
-0.377
-0.425
-0.050
-0.096
-0.593
-0.918
0.311
0.118
0.184
-0.230
0.084
-0.139
-1.355
-0.640
-0.090
-0.130
0.642
0.983
0.199
-0.130
-0.192
-0.058
-0.503
-0.112
-0.010
0.052
2.007
2.249
3.358
0.111
1.647
