0.941
0.932
1.116
-0.326
-0.137
-3.359
-1.103
-0.729
-0.954
-0.180
-0.180
-3.448
-1.424
-0.543
-0.195
-1.485
-0.614
-0.774
-0.175
-0.180
-0.529
0.789
-0.035
-0.361
0.310
-0.112
0.886
-0.145
0.448
0.612
-0.254
-1.154
0.125
-1.139
-0.993
-1.524
-0.180
-0.692
-0.376
-0.425
-0.180
-0.678
-0.212
-0.180
-0.180
-0.180
-0.180
-0.366
-2.233
-0.458
-0.506
-0.345
-3.096
-2.248
-0.785
-0.571
-3.244
1.372
-0.180
0.549
-2.798
-0.869
-1.564
-0.180
-0.052
-0.445
-1.057
-0.487
-0.180
-0.121
-0.119
-0.175
-0.180
-0.228
-0.180
-0.172
0.463
-0.156
-0.074
-0.154
-2.740
-0.266
0.450
-1.551
-0.369
-2.234
-0.844
-0.234
-0.108
0.087
-0.180
-0.079
-0.047
-0.283
-0.913
-0.180
0.565
-0.125
-0.697
-0.180
-0.254
0.150
-2.764
-0.204
-1.266
-1.071
-0.296
-0.361
-1.497
-0.072
-0.161
0.232
-0.597
0.654
-0.814
-0.130
-2.852
1.350
-1.664
-1.391
-1.581
-1.884
-1.375
-0.611
-0.694
-1.178
-1.573
0.093
-1.057
-0.466
0.149
0.195
0.504
-0.720
-0.739
-0.583
-1.255
0.381
0.004
1.455
-2.085
-0.313
0.206
0.723
1.882
-0.521
4.005
2.561
-0.667
1.144
-0.310
-0.520
-0.180
-2.776
-1.132
-2.512
1.888
-1.391
-0.579
-1.882
-0.576
-0.410
0.623
-0.195
0.144
-4.284
-2.628
-1.467
-1.775
-2.961
-0.611
-1.484
-0.704
-0.403
-0.180
-0.180
-0.538
-0.340
-0.180
-0.455
0.078
-1.174
-0.674
-0.118
-0.011
0.393
-0.010
-2.473
-2.871
-1.276
-2.580
-0.401
-0.711
0.407
-0.475
-0.234
-1.027
-0.037
-0.180
-0.275
-0.352
-0.275
-0.180
-0.262
-0.180
-0.272
-0.098
-1.573
-0.958
0.354
-0.540
-0.404
-2.461
-0.250
-1.163
-0.560
-0.180
-0.180
-0.255
0.249
-0.169
-0.180
-0.180
-0.090
-0.133
-0.180
0.546
-0.546
0.579
-1.445
-0.308
-0.180
0.095
0.188
-0.383
-0.625
-0.406
0.855
0.225
-0.418
-2.128
-1.342
-0.826
-0.952
-0.632
-0.116
-0.189
-0.196
-0.180
-0.218
0.263
-1.065
0.217
-0.283
-0.495
-0.174
-0.237
-0.908
-0.180
-0.180
-0.180
-0.051
-0.180
-0.131
-0.180
-0.180
-0.083
-0.320
0.228
-1.285
-0.180
-0.419
-0.363
0.457
-0.129
-0.180
-0.604
-0.207
-0.799
-0.048
-0.118
-0.448
-0.188
-0.277
-1.788
-0.180
-0.180
-0.301
-1.527
-0.181
-0.538
-0.020
0.387
0.446
0.120
0.310
0.492
-0.182
0.072
0.904
1.138
-0.175
0.604
0.077
0.127
-0.158
0.102
2.345
3.587
2.848
2.370
0.995
1.659
-0.180
0.333
0.006
0.147
-0.074
-0.219
-0.127
-0.046
-0.097
-0.081
0.081
-0.182
-0.679
-0.101
-1.034
-1.502
-0.158
0.094
0.158
-0.180
0.523
-0.901
0.085
-0.297
-3.364
-2.427
-1.472
-0.962
-2.749
