-0.117
-0.062
0.153
-0.050
0.468
2.355
0.004
-0.024
1.331
0.458
-0.249
2.439
0.461
0.212
0.181
1.743
0.465
0.584
-0.285
-0.019
0.115
-0.053
-1.631
0.492
-0.475
1.090
-0.824
0.476
-0.299
-0.675
0.226
1.136
-0.015
-0.103
-0.930
-0.064
0.398
0.386
0.157
0.266
0.102
0.740
0.272
0.257
-0.009
-0.167
-0.648
0.328
0.644
0.706
1.196
0.018
1.289
1.213
0.578
0.391
1.992
-0.834
0.240
-0.567
1.864
0.663
1.427
-0.097
-0.104
0.030
-0.071
1.180
0.282
-0.298
-0.435
-0.177
0.177
0.149
-0.211
-0.125
0.118
-0.522
-0.116
-0.170
2.033
0.165
-0.066
1.280
0.058
1.897
0.869
0.348
0.142
-0.643
0.138
-0.375
-0.244
-0.142
2.720
0.001
-0.043
0.204
2.352
0.977
-0.062
-0.037
2.880
-0.072
1.198
0.297
-0.151
-0.056
2.539
-0.339
0.021
-0.142
-0.206
-1.773
-0.162
-0.198
3.717
-0.899
0.145
0.730
1.214
2.486
1.085
0.377
0.480
0.957
1.306
-0.008
0.285
0.356
0.035
0.703
0.142
1.082
0.286
0.146
0.462
0.323
-0.397
-0.332
2.044
0.577
0.053
0.093
-0.147
0.210
-2.482
-1.083
-0.124
-0.855
0.115
0.069
0.110
0.815
0.626
2.657
-0.807
0.028
0.287
0.728
0.465
0.178
-1.225
0.303
-0.527
2.883
0.288
0.565
0.801
0.787
0.235
-0.265
0.217
-0.185
0.250
0.204
0.098
-0.014
-0.212
-0.388
0.105
1.828
0.415
0.283
0.051
-0.779
0.196
2.654
1.747
0.857
2.774
3.239
0.202
0.431
0.445
0.305
0.296
-0.080
0.118
0.118
0.051
0.117
0.333
0.329
0.130
0.294
0.089
1.749
0.654
-0.602
0.459
0.746
0.530
0.226
2.920
0.702
0.152
0.325
-0.026
-0.483
-0.008
-0.341
0.162
0.139
-0.034
-0.090
-0.660
0.185
0.102
0.671
0.267
-0.006
0.014
-0.143
0.450
-0.291
0.687
-0.828
0.157
0.165
0.729
0.708
0.464
0.200
0.981
0.011
0.509
0.017
0.090
0.057
-0.339
0.439
0.576
0.614
0.657
-0.309
-0.154
0.091
0.323
0.398
0.464
-0.288
0.560
-0.603
0.435
-0.182
-0.308
0.709
-0.076
0.467
0.328
0.156
-0.050
0.118
-0.064
0.324
0.179
0.184
0.137
-0.168
0.034
0.191
0.022
0.143
2.217
0.107
0.070
0.118
0.543
0.233
-0.192
0.279
0.207
-0.108
0.118
-0.167
0.136
-0.348
0.084
-0.438
-0.151
0.232
0.034
-0.063
-0.319
-0.049
-0.052
-3.234
-1.956
-2.542
-1.327
0.123
-0.211
0.105
-0.730
-0.690
1.108
0.239
0.417
0.209
0.423
0.407
0.045
-1.382
-0.375
0.084
0.374
0.287
1.326
0.193
-0.115
0.103
0.857
-0.334
-0.067
0.159
-0.031
1.748
2.757
2.548
1.093
2.121
