-0.310
-0.257
-0.005
-0.039
0.492
1.906
0.078
0.752
2.161
0.840
-0.074
2.972
0.796
-0.018
1.255
2.237
0.731
0.306
0.380
-0.172
-0.737
-0.146
-0.658
0.504
-1.258
-0.005
-0.893
-0.005
-0.721
-0.396
-0.127
1.616
-1.389
0.009
-0.544
0.224
0.887
0.173
0.753
0.031
0.040
0.863
0.180
0.475
0.508
0.624
-0.245
-0.474
1.051
0.340
1.071
-0.065
0.857
1.014
1.250
0.642
2.528
-0.125
0.474
-0.045
3.350
1.259
2.775
-0.025
-0.270
-0.055
-0.069
1.027
-0.374
-0.668
-0.998
-0.547
-0.196
-0.133
-0.830
-0.082
-0.829
-0.611
-0.268
-0.599
2.932
0.208
-0.068
2.629
0.987
2.778
2.177
0.616
0.477
-0.357
0.634
0.038
0.222
0.194
3.388
-0.546
0.081
-0.277
3.181
1.727
-0.145
-0.298
3.416
0.126
2.360
0.197
-0.568
-0.669
2.618
0.458
0.376
0.089
0.745
-1.893
-0.358
-0.739
3.671
-0.610
0.848
0.761
2.071
3.413
1.748
0.337
-0.083
0.156
2.372
0.243
1.164
0.438
-1.737
0.119
0.043
1.726
0.245
0.233
1.412
-0.185
0.729
-3.139
2.506
0.813
-0.778
-0.359
-0.780
0.025
-1.955
-0.593
-0.157
-0.509
0.495
0.116
-0.265
1.241
-1.653
3.221
-0.929
0.705
-0.161
-0.005
0.574
0.954
-1.738
0.896
-1.033
3.720
0.621
0.933
1.760
1.122
0.557
0.447
0.432
-0.096
0.497
0.397
-0.085
0.003
0.019
-0.259
-0.110
2.274
0.834
-0.348
-0.044
-0.560
-0.154
3.243
3.562
1.241
3.070
4.288
0.665
0.828
0.978
0.728
0.627
-0.368
0.289
-0.002
-0.005
-0.001
0.581
0.626
0.288
0.591
-0.261
2.425
0.942
-0.507
0.820
1.463
0.581
1.211
2.696
1.334
0.388
0.290
0.185
-0.278
0.269
0.085
0.308
0.318
0.072
-0.136
0.009
0.616
-0.085
1.270
1.181
-0.369
-0.386
-0.213
0.751
0.122
0.732
-0.686
-0.033
0.140
-0.005
2.191
0.504
0.652
1.280
-0.064
-0.645
-0.528
-0.052
-0.093
-0.954
0.854
0.488
0.346
1.289
-0.448
-0.299
-0.410
-0.083
-0.087
-0.018
-0.068
0.315
0.217
-0.379
-0.628
-0.622
0.168
-0.255
0.187
-0.327
-0.539
-0.016
-0.015
-0.268
0.386
0.511
0.584
0.457
-0.309
-0.002
0.397
-0.055
0.206
3.288
0.275
0.124
0.119
-0.017
0.780
0.651
0.676
0.021
-1.474
0.084
-0.051
-0.269
-0.376
-0.045
-0.401
-0.332
0.289
-0.064
0.073
-0.284
0.013
-0.452
-3.501
-1.953
-2.508
-1.778
-0.164
-0.398
0.041
-0.016
-0.977
0.145
0.447
0.053
0.196
0.194
0.719
0.159
-1.698
-0.719
0.492
-0.204
0.683
1.277
0.112
-0.583
0.094
-0.096
-1.146
0.015
-0.106
0.241
2.110
3.500
2.745
0.303
2.971
