-0.631
0.039
1.947
-0.720
-0.542
-2.418
-0.195
-0.188
-1.747
-0.635
-0.104
-2.208
-0.610
-0.634
-0.115
-1.475
-0.418
-0.185
-0.302
-0.030
0.407
-0.569
2.022
-0.648
0.102
0.166
0.603
0.020
0.021
0.133
-0.057
-1.131
-0.492
0.383
1.701
0.341
-0.477
-0.506
-0.534
-0.544
-0.480
-0.912
-1.123
-0.525
-0.447
-0.529
-0.341
0.121
-0.848
-0.276
-1.104
0.004
-2.492
-2.259
-0.843
-0.556
-2.310
-0.122
-0.655
-0.059
-1.709
-0.920
-1.862
-0.093
0.103
-0.259
0.017
-1.001
-0.195
0.561
0.311
0.295
-0.131
0.086
0.088
-0.021
1.022
0.273
0.101
0.195
-2.107
-0.137
-0.044
-1.551
-0.394
-2.491
-1.360
-0.193
-0.050
-0.056
-0.208
-0.310
-0.552
-0.561
-2.699
0.211
-0.136
-0.016
-2.641
-1.540
-0.165
0.326
-2.785
-0.164
-1.012
-0.187
-0.015
-0.208
-2.548
0.026
-0.337
-0.201
0.036
2.096
0.177
-0.306
-4.152
0.332
-0.274
-1.007
-1.724
-2.394
-1.557
-0.432
-0.382
-1.740
-0.863
-0.178
-0.482
-0.655
1.811
-0.465
-0.032
-0.989
-0.041
-0.071
-1.049
-0.575
0.049
2.820
-1.647
-0.313
0.416
-0.396
0.265
-0.043
2.390
1.349
-0.250
-0.154
-0.288
0.202
0.358
-1.227
0.401
-3.424
0.315
-0.017
-0.017
-0.588
-0.724
-0.675
0.941
-0.748
-0.136
-2.907
-0.084
-0.946
-0.865
-0.465
-0.353
-0.249
-0.034
-0.015
-0.222
-0.300
-0.137
-0.212
0.152
-0.015
0.084
-1.644
-0.814
-0.311
-0.029
0.806
-0.122
-2.582
-1.931
-0.604
-2.097
-3.194
-0.270
-0.717
-0.449
-0.442
-0.958
0.058
0.017
0.052
0.164
0.116
-0.430
-0.466
-0.161
-0.332
-0.103
-1.922
-0.783
0.576
-0.745
-0.690
-0.985
-0.477
-2.492
-1.112
-0.344
-0.382
-0.196
0.188
0.347
0.272
-0.149
-0.082
0.538
0.660
0.614
-0.777
-0.125
-1.005
-0.512
-0.282
-0.289
-0.156
-0.522
0.013
-0.761
1.141
-0.093
-0.370
-0.068
-1.176
-0.721
-0.234
-1.087
0.215
0.079
1.432
0.823
0.768
0.773
-0.770
-0.284
-0.142
-0.286
0.793
1.261
1.242
-0.035
-0.645
-0.069
0.445
-0.268
1.139
0.158
1.207
-0.233
-0.154
0.294
0.182
-0.594
0.189
0.155
0.423
0.382
-0.607
-0.422
-0.444
-0.462
0.258
0.237
0.211
0.174
-0.266
-2.509
-0.198
0.208
-0.297
0.301
-0.611
1.324
1.889
-0.240
0.275
-0.030
0.016
0.342
0.415
-0.106
0.339
0.316
-0.246
0.118
-0.162
0.051
-0.043
-0.268
2.923
2.453
2.584
1.589
-0.023
1.222
-0.452
0.380
0.987
-0.054
-0.350
-0.249
-0.193
-0.100
-0.114
0.030
1.003
0.068
-0.123
-0.008
-0.336
-0.978
0.098
0.256
-0.388
0.071
0.474
0.414
-0.247
-0.209
-1.484
-2.746
-2.201
-1.877
-1.584
