2.211
2.482
1.504
0.055
-0.241
-1.280
-0.092
-0.849
-1.461
-1.326
0.182
-1.575
-1.602
-0.172
-1.970
-1.077
-1.639
-0.108
0.014
0.066
-0.100
-0.016
1.730
-0.199
-0.418
-0.396
0.927
-0.056
0.369
-1.241
0.532
-1.020
0.607
0.181
0.339
-0.370
0.168
-0.545
-0.051
-0.883
-0.016
-0.859
-0.264
-0.016
-0.016
-0.016
0.084
0.061
-0.377
0.057
-0.155
0.234
-1.092
-2.475
-1.177
-0.295
-0.166
0.630
-1.728
0.320
-0.939
-0.489
-0.105
-0.016
-0.016
0.065
-0.937
-0.076
-0.037
0.502
0.514
-0.016
-0.016
-0.040
-0.016
-0.016
1.685
0.333
0.092
0.427
-1.683
-0.206
-0.016
-0.359
-0.614
-0.813
-0.582
-0.152
-0.016
0.030
-0.016
-0.214
-0.146
0.054
-0.667
0.224
-0.016
-0.111
-0.532
-0.384
-0.774
0.007
-1.785
-1.969
-1.312
-2.414
-0.221
-1.238
-0.705
-0.614
-0.016
-0.016
0.014
1.727
0.030
0.818
-1.383
0.249
0.622
-0.959
-0.327
-0.043
-0.647
-1.234
-1.498
-2.483
-0.390
-0.220
-0.733
0.044
0.278
-0.082
0.013
0.124
0.063
0.160
-2.265
-2.125
-2.111
1.199
-0.348
0.372
0.647
-0.357
3.638
-0.604
3.086
3.057
-0.495
-0.412
-1.151
-0.447
0.055
-1.110
-0.840
-1.545
0.475
-0.092
-0.929
-1.162
-0.472
-0.511
0.253
-0.365
0.237
-0.905
-0.457
-1.288
-1.147
-0.461
-0.116
-0.016
-0.292
0.216
0.191
0.102
0.039
0.253
-0.016
0.601
-0.016
0.104
0.081
0.070
-0.027
0.744
-0.203
-0.848
-0.904
-1.167
-1.346
-0.748
-1.637
0.112
-0.016
-0.018
-0.054
-0.016
-0.016
-0.016
-0.169
0.026
-0.016
-0.016
0.078
-0.016
0.121
-0.239
-0.719
0.933
0.038
-1.269
-0.288
-1.028
-0.244
-0.433
0.143
-0.016
0.149
0.120
0.042
-0.145
-0.115
0.169
0.206
0.269
1.511
-0.286
-1.023
-0.353
-0.034
-1.869
-0.233
-0.104
-0.998
-0.018
-0.995
0.038
-0.181
0.535
-0.625
0.549
0.369
-0.263
-0.372
0.096
-0.016
-0.234
-0.025
-0.016
0.054
-0.328
-0.016
-0.016
-0.160
-0.016
0.000
0.123
-0.016
-0.016
-0.016
-0.007
-0.016
0.146
0.000
0.009
0.858
-0.193
-0.133
-0.969
-0.297
0.463
0.112
0.990
-0.016
0.007
-0.678
-0.093
0.092
-0.013
0.045
-0.571
-0.016
0.004
-1.538
0.268
-0.016
-0.016
-1.063
-0.138
-0.016
-0.443
-0.016
-0.016
0.053
-0.016
-0.040
0.015
-0.016
0.373
-0.016
-0.016
-0.170
-0.016
-0.016
0.180
0.171
3.117
2.033
1.978
1.349
-0.314
0.474
0.023
1.836
0.104
-1.489
-0.190
-0.016
-0.016
-0.030
-0.001
-0.023
0.098
-0.423
-0.667
0.191
-0.247
-1.759
-0.100
-0.136
0.270
0.172
0.448
0.121
0.754
0.104
-0.294
-1.094
-0.828
0.788
-1.508
