0.550
1.156
1.569
-0.088
-0.658
-2.706
-0.238
-0.936
-1.995
-0.726
-0.010
-2.538
-0.586
-0.087
-0.288
-2.232
-0.530
-0.603
-0.180
-0.222
-0.077
0.577
0.183
-0.398
0.281
-0.134
0.098
-1.022
-0.095
0.481
-0.051
-1.205
0.252
-0.177
0.461
-0.211
-0.671
-0.454
-0.445
-0.198
-0.188
-0.645
-0.223
-0.295
-0.334
-0.589
0.052
-0.090
-1.322
-0.188
-1.548
-0.188
-1.151
-1.198
-0.258
-0.865
-1.779
0.764
-0.176
0.582
-2.933
-1.385
-2.242
-0.120
-0.036
0.027
-0.576
-0.792
-0.079
0.182
-0.046
-0.009
-0.057
0.086
-0.054
-0.089
0.992
-0.003
0.065
0.208
-2.216
-0.147
-0.124
-2.093
-0.717
-2.329
-1.860
-0.203
-0.182
-0.295
-0.141
-0.187
0.160
-0.190
-3.072
-0.043
0.230
-0.898
-2.841
-1.432
-0.310
0.043
-2.857
-0.137
-1.715
-1.157
0.224
-0.151
-2.921
0.102
-0.225
0.032
-0.151
1.935
-0.350
0.133
-2.696
0.078
-0.785
-0.905
-1.579
-2.656
-1.566
-0.417
0.190
-0.999
-1.631
-0.013
-0.807
-1.403
0.954
-0.140
0.201
-0.364
-0.151
-0.151
-1.370
0.119
-0.929
2.816
-2.239
-0.860
0.152
0.068
0.764
-0.299
2.690
1.908
0.314
0.685
-0.176
-0.151
-0.041
-1.628
1.013
-2.246
1.051
0.111
-0.612
-1.178
-0.373
-0.151
0.850
-0.531
0.632
-3.130
-1.089
-0.663
-1.519
-2.004
-0.483
-0.219
-0.445
-0.154
-0.252
-0.414
-0.173
-0.151
0.004
-0.119
0.148
-1.848
-0.708
0.073
-0.109
0.168
0.253
-3.305
-2.927
-1.185
-2.836
-3.742
-0.930
-0.518
-0.359
-0.361
-1.028
0.087
-0.111
-0.151
-0.104
-0.151
-0.248
-0.219
-0.130
-0.213
0.089
-2.085
-0.782
0.844
-1.295
-1.759
-0.518
-0.342
-2.465
-1.029
-0.283
-0.373
-0.151
0.058
0.001
-0.154
-0.157
-0.151
0.265
-0.151
-0.151
-0.463
-0.112
-1.020
-0.957
0.077
0.218
0.082
-0.563
-0.404
-0.987
0.630
-0.070
-0.173
-0.397
-1.559
-0.823
-0.811
-0.319
0.012
-0.100
0.599
-0.151
-0.158
0.176
-0.905
-0.359
-0.834
-1.433
-0.030
-0.177
-0.296
-0.112
-0.082
-0.296
-0.121
-1.397
0.404
-0.158
0.549
0.209
-0.117
0.057
0.034
-0.253
-0.088
0.037
-0.119
-0.122
-0.799
-0.299
-0.242
-0.196
0.043
-0.151
-0.276
-0.093
-0.151
-1.871
-0.154
0.017
-0.151
0.421
-0.276
-0.051
0.041
-0.186
0.729
-0.171
-0.057
0.204
-0.151
-0.103
0.014
-0.058
-0.166
-0.049
-0.208
0.029
0.058
-0.121
3.031
1.476
2.151
1.043
-0.120
-0.075
0.007
-0.026
0.618
-0.316
-0.319
-0.249
-0.166
0.019
-0.170
-0.210
1.251
-0.047
-0.279
0.072
-0.317
-1.094
-0.031
0.123
-0.500
-0.175
0.448
-0.024
-0.069
0.071
-1.692
-2.997
-2.890
0.101
-2.066
