-0.703
-0.757
-1.517
0.115
-0.426
1.660
0.272
0.644
2.023
0.914
-0.277
2.215
0.449
-0.453
-0.064
1.652
0.533
0.454
0.074
0.651
-0.728
-1.005
-0.659
-0.596
-0.706
0.080
-0.545
0.151
-0.160
0.108
-0.015
0.356
-0.836
-0.781
-0.926
-0.220
0.608
0.687
0.071
0.420
0.321
0.689
-0.676
0.095
-0.122
-0.142
-0.386
-0.084
1.336
0.983
0.623
0.580
1.152
-1.300
0.234
0.182
2.276
-0.078
0.071
0.114
2.110
0.808
1.651
-0.002
-0.025
-0.871
-0.357
1.015
0.045
-1.093
-0.927
-0.576
0.028
0.093
-0.243
0.045
-2.077
-0.248
-0.264
-0.411
1.388
0.314
-0.099
1.512
0.232
2.234
1.219
0.092
0.066
-0.496
0.075
0.078
-0.089
-0.381
2.460
-0.482
0.143
-0.074
1.719
0.457
0.047
0.021
1.705
0.112
1.059
0.653
-0.348
-0.258
1.753
0.119
0.013
0.008
0.154
-1.973
-0.024
-0.779
2.663
-0.772
-0.303
0.320
0.454
1.057
1.097
0.461
-0.315
-0.213
1.097
-0.482
0.011
0.758
-0.722
-0.010
-0.204
0.662
0.540
0.625
1.175
-0.475
0.191
-0.935
2.314
0.320
-0.551
0.141
-0.836
0.303
-1.673
-1.268
-0.164
-0.381
0.217
0.029
-0.242
1.429
1.183
1.023
-0.692
1.106
0.370
1.214
0.207
0.358
-1.223
0.263
-0.563
3.759
0.535
0.452
1.027
1.240
1.228
1.610
1.182
-1.004
0.563
0.563
-0.056
-0.547
-0.150
-0.874
0.040
1.200
0.330
-0.397
0.075
-1.223
-0.093
1.730
0.906
0.841
1.527
1.431
0.518
0.167
0.363
0.189
0.094
-0.035
-0.175
0.005
0.280
-0.018
0.057
0.041
-0.054
0.036
-0.154
1.689
0.638
-0.473
0.473
1.650
1.316
-0.040
2.223
0.574
0.333
0.228
0.307
-0.681
-0.107
0.278
0.306
0.201
-0.154
-0.527
-1.875
0.404
-0.468
0.844
0.824
-0.248
-0.195
0.069
0.344
0.411
0.413
-1.046
-0.026
-0.328
1.299
0.634
-0.216
0.641
-0.812
-0.257
-0.062
0.484
0.533
0.686
-1.172
1.172
0.426
0.402
0.608
-0.255
0.070
0.078
0.151
0.015
0.137
-0.177
0.259
-0.490
0.230
-0.744
-0.923
0.249
-0.020
0.034
0.147
0.095
-0.128
-0.275
0.118
1.227
1.004
0.581
0.713
-0.512
-0.323
0.855
0.248
0.501
2.239
0.091
0.027
0.028
1.034
0.047
0.095
0.411
0.142
-0.027
0.026
-0.055
-0.632
-0.279
-0.069
-0.349
-0.684
0.245
0.065
0.154
-0.079
0.018
0.053
-2.552
-2.234
-2.758
-1.212
-0.188
-1.050
0.015
-0.603
-0.937
-1.430
0.712
0.303
0.290
0.025
-0.054
-0.011
-0.061
-0.172
0.417
-0.230
0.256
1.418
0.135
0.087
0.438
-0.446
-0.567
-0.213
-0.074
0.197
3.252
2.212
0.860
0.315
1.897
