0.526
0.692
-1.041
-0.364
0.295
3.856
0.821
0.161
3.852
1.760
-0.755
3.796
1.049
-0.138
-1.294
2.133
-0.114
-0.013
-0.019
-0.126
-0.064
-1.676
0.945
-1.409
0.190
-0.196
-0.761
-0.141
-1.061
-0.284
-0.197
1.107
-0.115
0.243
0.001
0.245
0.674
0.332
-0.162
-0.254
0.657
0.333
0.101
-0.049
-0.265
-0.208
-0.276
0.148
0.383
0.213
0.195
-0.284
0.679
0.289
-0.533
-0.519
3.361
-0.310
-0.297
-0.310
3.473
0.504
1.177
-0.115
-0.306
-2.049
-2.370
0.618
-0.185
-0.307
-0.288
-0.256
-0.243
-0.068
-0.276
-0.298
-0.258
-0.283
-0.269
-0.269
3.376
-0.208
-0.160
1.674
1.034
1.730
0.971
-0.153
-0.127
-0.286
-0.123
-0.108
-0.219
0.354
2.537
-0.106
-0.005
0.509
3.068
-0.314
0.401
-0.265
3.226
-0.070
1.553
1.984
-0.393
-0.661
2.018
0.052
-0.385
-0.251
-0.743
-1.783
-1.783
-1.663
4.153
-0.196
1.619
1.297
2.045
2.823
2.694
0.499
-2.041
-0.677
1.883
-0.981
0.105
0.526
-0.212
-0.058
-0.866
0.173
-0.060
0.039
2.216
-0.213
0.512
-0.141
3.844
1.304
-0.150
-0.354
-0.496
0.140
-0.243
-0.284
-0.325
-2.745
-0.202
-0.321
-0.095
1.546
1.154
1.374
-1.132
0.838
-0.245
1.127
1.647
0.300
-2.400
0.765
-1.329
4.436
2.407
0.394
1.441
2.871
1.320
-0.195
0.624
-0.001
1.115
0.362
0.192
0.053
-0.069
0.050
-0.194
0.501
0.128
-0.355
-0.194
-0.280
0.234
3.172
0.448
-0.223
2.746
2.111
-0.015
-0.294
0.519
0.305
0.805
-0.435
-0.417
-0.548
-0.363
-0.183
-0.265
-0.375
-0.095
0.072
-0.371
2.696
0.266
0.429
0.495
1.918
0.560
-0.773
1.246
-0.310
-0.044
-0.174
0.052
-0.269
0.169
0.209
0.444
0.162
0.066
-0.244
-0.403
1.195
-0.128
1.467
1.267
-1.147
-0.122
-0.310
0.832
1.223
-0.055
-1.665
-0.309
-0.174
1.014
1.527
0.442
0.400
0.635
0.285
-0.103
-0.385
0.043
-0.135
-0.306
1.128
-0.233
0.101
0.318
0.058
-0.176
-1.132
-0.082
0.066
-0.053
0.076
0.021
0.108
-0.048
-0.186
-1.436
-0.307
-0.540
-0.090
-0.262
-0.264
-0.241
-0.261
-0.082
0.107
1.695
1.469
1.849
-0.837
-0.329
0.693
-0.500
1.259
2.162
0.147
-0.171
0.249
1.104
0.913
-0.674
-0.267
-0.216
-0.205
-0.342
-0.309
-0.374
-0.266
-0.310
-0.430
-0.225
-0.317
-0.320
-0.248
-0.356
-0.298
-0.323
-2.520
-1.662
-1.804
-1.536
-0.478
-0.884
0.042
0.060
-0.271
-1.307
-0.114
0.371
-0.278
-0.262
-0.252
-0.141
-1.461
-1.472
-1.634
1.174
0.463
2.118
-0.647
-0.268
0.154
-0.109
-0.372
-1.048
-0.245
-0.190
2.457
4.440
-0.171
0.034
1.916
