-1.864
-1.636
-0.321
-0.665
-0.259
-2.102
0.029
-0.069
-1.453
-0.431
0.106
-2.586
-0.644
-0.277
0.128
-2.216
-0.483
-0.450
-0.312
-0.008
-0.314
0.200
0.310
-0.444
0.144
-0.919
0.534
-0.486
0.142
0.076
-0.069
-0.652
-0.057
0.160
0.639
0.137
-0.452
-0.376
-0.201
-0.282
-0.071
-0.654
-0.888
-0.333
-0.201
0.077
0.168
0.446
-0.616
-0.441
-1.401
0.044
-1.716
-1.678
-0.333
-0.635
-1.917
0.115
-0.321
-0.480
-1.997
-0.562
-1.612
0.083
0.030
-0.020
-0.084
-0.519
-0.180
0.721
0.992
0.514
0.090
0.545
0.782
-0.023
0.618
-0.003
0.120
0.449
-2.017
-0.172
0.117
-1.048
-0.211
-1.985
-1.072
0.115
0.408
-0.594
0.097
0.072
-0.073
0.366
-2.255
0.504
0.008
-0.084
-2.285
-0.932
0.084
0.048
-3.425
-0.115
-1.005
-0.398
0.052
0.262
-2.166
0.107
-0.026
-0.026
0.026
2.280
0.035
0.248
-2.867
0.481
-0.463
-0.408
-1.386
-2.587
-1.193
-0.321
0.005
-0.829
-1.142
0.309
-0.101
-0.260
0.377
-0.454
0.081
-0.572
0.037
-0.056
-0.888
-0.144
0.149
1.494
-1.930
-0.340
0.192
-0.278
0.425
-0.148
1.749
1.206
0.133
0.373
-0.009
0.060
0.084
-0.959
-0.588
-2.133
0.441
-0.181
-0.166
-0.846
-0.265
-0.320
0.731
-0.213
0.486
-2.392
-0.102
-0.373
-0.611
-0.830
-0.410
-0.193
-0.208
0.209
-0.321
-0.339
-0.028
0.138
0.092
0.379
-0.006
-1.328
-0.478
0.056
0.086
0.879
-0.086
-2.869
-2.041
-0.664
-2.598
-3.053
-0.492
-0.543
-0.541
-0.162
-1.063
0.256
0.120
-0.087
0.138
0.138
-0.572
-0.307
-0.185
-0.135
0.084
-2.192
-0.800
0.560
-0.612
-1.036
-0.769
-0.800
-2.219
-0.765
-0.229
-0.297
-0.031
0.268
0.150
0.085
-0.135
-0.050
0.172
0.280
0.138
-0.534
0.064
-0.872
-0.659
0.073
-0.022
0.090
-0.354
0.050
-0.673
0.560
0.002
-0.037
-0.016
-0.363
-0.416
0.063
-0.901
0.155
0.099
0.565
0.376
1.102
0.476
-0.401
-0.112
-0.101
-0.374
0.791
0.138
-0.179
-0.792
-0.127
-0.370
0.445
-0.431
0.601
0.536
1.101
0.228
-0.101
-0.002
-0.284
0.043
-0.070
-0.087
0.006
-0.028
-0.530
-0.322
-0.182
-0.536
0.261
0.305
-0.175
0.137
-0.007
-2.202
-0.070
-0.092
-0.167
-0.470
-0.028
-0.271
0.346
-0.021
0.083
0.438
-0.012
0.384
-0.287
-0.143
0.452
0.478
-0.246
0.295
-0.138
0.146
0.051
-0.262
3.130
2.610
2.251
2.165
0.107
0.319
-0.071
0.138
0.899
-0.018
-0.259
-0.832
-0.121
-0.141
0.046
0.042
1.244
0.426
-0.305
-0.249
-0.230
-0.966
-0.380
-0.053
-0.096
-0.227
0.581
0.129
-0.288
0.000
-2.002
-1.579
-2.824
-0.727
-1.851
