1.031
0.656
0.195
-0.345
0.517
3.644
0.217
0.179
2.764
0.989
0.209
3.352
0.820
-0.192
0.195
2.787
0.716
0.870
0.287
0.161
0.182
0.108
-0.482
0.676
0.193
0.195
-0.463
0.573
0.144
-0.449
0.242
1.521
-1.938
-0.121
-1.076
0.023
0.085
0.653
0.438
0.398
0.318
0.828
1.121
0.300
0.189
0.606
-0.245
0.177
0.736
0.333
0.729
-0.375
0.813
0.825
-0.436
0.023
2.460
0.313
0.186
0.433
3.462
1.085
2.532
0.039
-0.105
-0.287
-0.582
0.502
0.840
-1.861
-1.763
-1.544
0.165
0.640
-1.527
-0.672
-0.567
-1.046
-1.206
-1.283
1.638
-0.057
-0.550
1.779
0.448
2.817
1.977
0.252
0.195
-0.492
0.195
0.229
-0.161
0.229
3.723
-0.493
-0.031
0.206
3.107
0.954
-0.184
-0.019
3.517
-0.044
2.125
0.258
-0.097
0.223
2.782
0.294
-0.168
-0.334
-0.766
-2.795
-0.404
-0.606
4.161
-0.752
0.051
0.995
1.225
4.058
1.150
0.935
0.071
1.446
2.869
-0.172
0.754
1.415
-0.852
-0.158
-0.498
0.281
0.950
0.207
1.654
0.370
-0.116
-2.137
3.825
0.814
0.167
0.141
0.073
0.293
-2.099
-1.561
0.057
-0.066
0.167
-0.291
-0.573
1.153
-1.326
4.127
-1.176
0.339
0.149
0.912
0.316
0.195
-1.300
0.516
-0.902
3.502
0.181
1.765
2.084
0.220
0.556
0.253
0.195
0.353
0.229
0.208
0.211
0.198
0.149
0.219
-0.274
2.433
0.262
0.157
-0.263
-0.552
-0.009
2.698
2.137
0.736
2.358
4.163
0.378
0.396
0.669
1.064
0.325
-0.146
0.195
0.195
0.195
0.195
0.569
0.355
0.326
0.431
0.146
3.218
1.092
-1.379
0.918
1.832
0.188
0.577
3.151
0.925
0.250
0.239
0.195
0.063
0.188
0.201
0.198
0.195
0.195
-0.157
0.167
1.490
0.767
2.019
0.927
-0.292
-0.214
0.058
0.044
0.193
0.489
-0.481
-0.086
0.198
0.195
0.558
0.296
0.195
0.184
0.085
0.575
0.085
0.040
-0.534
-0.547
1.183
0.347
0.684
0.822
-0.065
-0.061
-0.009
-0.158
-0.117
0.261
-0.154
1.004
0.360
-0.372
-0.249
-0.600
0.304
-0.480
-0.375
-0.118
0.145
-0.132
-0.558
0.229
0.491
0.480
0.293
0.303
-0.093
0.194
0.146
0.166
0.201
2.874
-0.117
0.133
0.081
-1.004
0.716
-0.420
0.331
0.195
-0.061
0.195
0.181
0.195
0.199
0.193
0.195
0.195
0.195
0.195
0.195
0.195
-0.175
0.166
-2.646
-2.799
-2.602
-1.996
-1.323
-2.524
-0.078
-0.783
-1.322
-0.174
0.633
0.368
0.238
0.665
0.118
-0.156
-1.628
-0.592
0.143
-0.751
0.143
1.002
0.456
0.010
-0.014
0.368
-0.954
0.108
0.019
-0.182
1.749
2.446
2.736
0.705
1.938
