-1.074
-2.438
-0.549
-0.088
0.170
2.898
0.170
0.209
1.734
1.159
0.489
2.534
1.186
-0.101
0.401
1.851
1.469
0.461
0.164
0.286
-0.907
-0.342
-2.905
-0.273
-1.347
0.040
-0.299
0.143
0.026
-0.687
0.361
3.464
-0.038
0.193
-0.001
0.603
0.157
1.138
-0.329
0.850
0.117
0.470
0.994
0.170
0.170
0.648
-0.164
0.122
0.720
0.408
0.536
0.170
0.448
2.114
0.052
0.170
2.175
-0.244
0.162
-0.399
2.004
2.065
0.551
0.100
0.134
-0.535
0.141
0.212
0.155
-0.627
-0.062
0.170
0.077
-1.667
-0.308
0.137
-0.135
-0.823
-0.106
-0.598
1.764
0.052
-0.290
0.447
0.439
3.198
2.770
0.385
0.052
-0.465
0.111
0.274
-0.594
0.552
2.093
0.170
0.170
0.309
2.926
1.970
1.665
-0.540
4.036
1.269
0.645
-0.063
-0.745
-0.025
2.173
0.247
0.554
0.159
-0.258
-1.693
-0.053
-0.383
2.499
-0.007
0.249
-0.447
1.343
3.793
1.175
2.170
0.530
0.309
0.967
-0.227
-0.464
1.328
-0.115
-0.425
-0.019
0.170
0.077
0.195
1.492
1.298
-1.012
-0.774
2.092
0.163
0.728
0.218
-0.042
-0.655
-2.014
-2.396
0.544
-0.322
0.210
0.149
0.170
0.992
0.144
0.480
-1.736
-0.514
0.246
0.618
0.163
-0.172
-2.357
0.626
-1.196
3.174
-0.214
1.083
1.318
0.122
0.450
0.138
0.282
0.031
0.097
0.170
0.027
0.170
0.170
0.064
0.191
1.388
0.234
0.752
0.221
-0.036
-0.010
1.128
0.224
0.338
3.454
4.233
1.765
0.436
0.170
0.170
1.044
0.170
0.138
0.139
0.076
0.154
0.170
0.170
0.170
0.170
0.126
1.912
1.066
-0.784
0.096
1.925
0.719
0.047
1.335
0.489
0.101
0.024
0.166
-1.384
-0.004
0.127
0.170
0.083
0.148
-0.449
-0.659
0.975
0.095
0.145
0.170
0.824
1.144
0.002
0.072
-0.652
0.264
0.041
0.161
0.121
0.057
0.170
-0.070
0.160
1.100
-1.765
0.080
0.170
-0.035
0.080
-0.754
1.311
0.135
1.347
1.559
0.151
0.481
0.185
0.778
0.265
0.898
-0.288
1.816
-0.907
-0.262
-0.857
-0.236
0.170
0.170
1.131
0.137
0.170
-0.052
0.108
-0.143
0.196
0.381
0.170
0.121
0.111
0.136
0.340
0.128
0.149
3.674
0.170
-0.074
0.177
-0.182
0.968
1.593
0.170
0.372
-0.083
0.253
0.135
0.158
0.493
0.170
0.037
0.138
0.170
0.170
0.547
0.146
0.190
-0.249
-1.996
-0.918
-1.288
-0.252
1.463
-0.057
0.183
-0.125
-1.095
-0.048
0.222
0.170
0.138
1.119
-0.131
0.139
-1.296
-0.517
0.221
-0.447
0.728
0.327
0.126
-0.095
-0.097
-0.605
-0.977
0.809
-0.386
0.094
1.401
3.577
1.726
1.859
2.793
