-0.076
-0.672
-0.076
-0.277
0.073
0.055
-0.157
-0.512
-0.270
-0.129
-0.492
-0.263
-0.471
-0.733
0.183
0.151
0.229
0.298
-0.131
-0.061
-0.607
1.663
1.392
-0.347
-0.067
0.115
-0.076
-0.177
-1.144
-0.083
-0.229
-0.090
-0.072
-0.192
-0.054
-3.746
-2.275
-3.346
-0.778
-2.269
-2.063
-4.529
0.282
-0.032
-0.343
0.075
-0.076
-0.076
-1.673
-1.259
-2.023
-1.601
-3.216
-3.209
-2.221
-2.287
-2.545
-0.076
-0.554
-4.021
-1.916
-1.644
-2.602
-2.108
-1.779
-3.004
-1.540
-1.327
-0.099
-2.141
-2.194
0.760
0.845
-0.079
-1.000
-2.413
-0.920
1.459
-2.563
0.377
0.529
-1.522
-0.722
-0.106
0.200
0.013
-1.835
-2.624
-0.396
0.107
0.008
-0.076
-0.146
-0.702
-0.129
-0.076
-0.030
0.116
-1.145
-1.287
0.055
-0.076
-0.076
-0.360
-0.077
-0.003
0.007
0.089
0.127
0.187
-0.120
-0.068
0.163
0.108
0.335
0.173
0.141
0.379
0.104
0.061
0.119
0.066
0.158
0.207
0.168
-2.526
0.525
0.029
0.038
-0.713
-0.082
0.736
-0.076
-0.194
-0.026
-1.164
-0.403
-0.388
-0.076
-2.413
-0.076
-0.053
2.225
-0.260
-0.415
-0.357
-0.938
-0.674
-0.750
-3.450
-0.461
0.216
-0.746
-2.373
-1.338
-4.168
-3.528
-1.044
-1.059
0.164
-0.063
-2.954
-0.983
-0.540
-0.187
0.162
-0.845
-0.467
-0.129
-0.419
-0.918
0.628
-0.076
0.701
-0.359
-0.924
-2.226
-0.725
-0.276
-0.685
0.686
-2.163
0.349
-1.342
-0.547
-0.442
-0.270
0.504
0.222
0.998
0.300
-0.851
-0.561
-3.607
-4.003
1.468
-0.318
-0.288
-0.442
-0.038
0.070
-0.084
-0.030
-0.466
-0.285
-0.252
-3.911
-3.317
-0.657
0.731
-0.824
-0.096
0.557
-0.914
-0.737
1.105
0.253
-0.076
-3.396
-3.415
-1.383
-3.517
-0.414
-1.974
-0.838
-1.363
-1.352
-1.960
-1.789
-1.818
-1.271
-3.038
-2.354
-1.133
-4.105
0.242
1.594
-0.538
-0.103
-0.473
-0.097
-1.063
-0.127
0.365
-3.872
0.042
-0.498
-0.071
-0.895
-1.042
0.435
-0.531
-0.396
-0.383
-1.207
-0.396
-1.937
-0.076
-0.418
-1.627
-1.182
-2.025
-1.376
-0.334
2.351
-0.398
0.251
-0.105
0.270
-0.573
0.449
-0.994
0.265
-0.076
-1.471
-0.177
-1.768
-0.459
-0.686
0.082
1.453
-1.093
-1.407
-1.396
-1.683
0.050
-0.137
-0.043
-0.034
-0.544
-3.700
0.395
-0.076
-0.087
0.038
-0.076
-0.076
0.701
-3.122
0.405
0.454
-1.367
-1.804
-2.378
-0.128
-0.134
0.261
2.903
1.790
0.098
-0.090
1.075
-0.473
-0.089
-2.513
-3.638
-0.251
-0.650
-0.503
0.501
-0.122
0.225
-0.735
-0.285
-1.644
0.206
-0.556
-0.021
-0.072
-1.825
-2.528
0.068
-0.706
-1.174
-0.605
-1.324
-0.554
-0.966
-0.126
-0.056
-0.956
-0.679
0.897
-0.937
-0.464
0.327
-0.491
0.331
0.061
-3.682
-2.031
-1.230
-2.557
-1.916
-0.235
-0.085
-1.601
-3.531
-2.676
-0.027
-0.076
-0.112
-1.192
-0.620
-0.529
-0.062
-0.309
0.055
-3.212
0.597
-0.779
-0.342
-0.939
-0.229
-2.497
-0.657
0.030
0.289
-0.647
-0.421
-0.031
-0.085
0.862
-0.766
-0.149
-0.213
-0.651
-0.371
-0.996
-0.473
-0.076
0.463
0.171
-0.209
-0.204
-0.514
-0.082
-1.131
0.400
-1.794
-0.885
-0.889
-0.269
-0.313
-1.181
-1.445
0.511
-2.070
-3.238
-0.009
-0.076
-0.076
-0.097
0.059
-0.699
-0.165
-0.082
-0.475
-0.003
-1.951
-0.438
-1.062
-0.049
-0.666
-0.077
-0.806
-0.057
-0.013
0.166
0.535
-0.331
-0.049
0.214
-0.839
0.444
-2.356
-1.214
-0.106
0.410
0.962
1.433
-0.042
0.459
0.973
-0.001
0.854
0.664
1.949
0.381
-0.076
-0.122
0.248
0.231
-0.029
-0.116
0.846
-2.944
0.918
0.703
-2.323
0.859
-1.753
-2.996
0.490
-1.396
-0.094
-0.127
-0.163
-0.076
-0.403
-1.597
0.211
-0.227
-1.955
-0.746
-3.556
-0.572
-1.659
-0.105
-0.655
-2.256
-0.051
0.069
-0.511
-0.076
-0.661
-2.063
0.284
-1.409
-0.104
-2.558
-0.949
-0.154
-0.156
-0.564
-1.015
-0.123
-0.192
-1.011
-2.829
-1.492
-2.261
-0.227
-0.081
0.205
0.418
0.000
-0.192
1.868
-0.250
-0.262
-0.163
0.085
-0.303
-0.094
-0.097
-0.428
-0.880
-0.743
-0.630
-1.125
-1.580
-1.050
0.571
1.254
-0.127
-0.309
-1.012
-0.097
-1.633
-0.529
-0.273
0.137
-0.599
-1.160
-0.307
-1.600
-1.079
-0.867
-2.320
-2.217
-1.231
-0.633
-0.005
-0.748
-1.033
-0.792
-0.182
-0.220
0.377
-0.257
-0.612
-2.438
-0.150
-0.694
-0.346
0.283
-0.116
-0.105
0.088
-0.830
-0.541
-0.284
-0.376
-1.032
-0.199
0.042
-1.144
0.247
-3.102
-0.367
-1.193
-0.107
-0.484
-0.726
0.266
-1.680
0.237
-0.388
-0.009
-0.245
-0.078
0.311
-0.373
0.109
0.168
-0.419
0.148
-2.309
-1.514
0.394
-0.117
0.049
-0.188
-0.645
-0.047
-0.681
-0.080
-0.400
-0.182
-0.154
-0.373
-0.124
-1.265
-0.356
-0.120
-1.445
-1.703
-0.076
-1.305
-0.219
-2.247
-1.244
-1.244
-3.542
-1.629
-0.050
-0.437
-0.831
0.582
0.892
-0.893
0.925
0.509
-1.088
-0.216
-1.232
0.255
-1.391
-2.303
-0.106
0.384
-1.002
1.403
1.151
0.185
-1.966
-0.070
-0.954
-0.068
0.457
-1.377
-0.088
0.080
0.135
0.457
0.162
-1.171
-0.163
-0.692
-1.173
-0.146
-0.156
0.100
-0.059
0.773
-0.830
0.667
-2.048
0.002
