0.022
0.111
0.007
0.081
0.008
0.145
-0.262
-0.251
-0.597
-0.142
-0.421
-0.375
-0.410
-0.148
0.112
0.103
0.123
0.130
-0.027
0.102
-0.324
1.310
0.891
-0.123
-0.130
-0.149
0.100
0.013
-0.440
0.059
0.033
0.153
0.146
0.031
0.363
-4.021
-2.518
-4.076
-1.408
-2.703
-3.398
-5.325
0.076
0.138
-0.171
0.180
-0.060
0.305
-3.073
-2.306
-2.568
-2.704
-3.079
-4.276
-3.094
-2.163
-1.167
-0.189
-0.886
-4.445
-1.450
-1.798
-2.096
-2.387
-1.945
-3.102
-2.086
-1.289
-0.355
-0.579
-1.885
0.095
0.820
-0.590
0.507
-1.021
-0.075
1.823
-4.830
-0.101
0.301
-2.254
-1.485
-0.152
0.263
0.324
-1.898
-3.600
-0.810
0.674
0.632
-0.217
-0.195
-0.731
-0.974
0.918
0.056
0.211
-1.862
-1.390
-0.342
-0.138
0.298
-0.559
-0.165
0.160
0.022
0.010
0.043
0.213
0.117
-0.017
0.061
0.049
0.108
0.078
0.021
0.328
0.034
0.089
0.013
0.040
0.060
0.218
0.222
-2.620
0.384
0.651
0.574
-0.451
0.026
0.106
-0.104
0.670
1.095
-0.232
-0.123
-0.039
1.449
-0.017
-0.142
2.055
1.742
-0.144
0.113
-0.035
-0.687
-0.493
-1.057
-2.361
-0.851
-0.715
-1.047
-2.857
-1.880
-3.885
-3.440
-4.205
-3.735
0.345
-1.551
-2.191
-2.276
-0.016
0.033
-0.040
-1.514
-1.396
-0.322
-0.973
-1.214
0.396
0.080
0.264
-1.301
-2.188
-2.801
-0.690
-1.706
-1.111
0.104
-2.879
-0.218
-0.928
-0.573
-0.335
-0.194
0.438
0.427
-0.036
-0.044
-0.252
1.599
0.260
-0.031
1.152
-1.035
-0.441
-0.577
-0.030
-0.039
-0.208
0.208
-0.729
-0.363
-0.403
-4.985
-3.084
-1.156
0.670
-0.335
-0.055
1.628
0.116
-0.811
1.784
1.786
0.247
-3.363
-3.305
-1.510
-2.930
-0.517
-2.823
-1.408
-1.255
-2.111
-1.802
-1.678
-1.489
-1.416
-2.809
-2.058
-1.854
-5.463
0.678
2.182
-0.206
-0.553
-1.253
-0.342
-0.961
0.514
0.062
-3.488
0.143
-1.013
-0.111
-1.282
-2.167
0.239
-1.175
-0.636
-0.536
-1.720
-0.542
-2.250
-0.366
-0.095
-1.200
-1.486
-0.690
-1.268
-0.602
1.588
0.245
0.397
0.441
0.176
-1.030
0.084
-1.321
0.095
0.425
-1.898
-0.075
-1.051
-0.133
-1.271
-0.197
0.275
-0.703
-1.726
-1.293
-1.864
-0.054
-0.238
-0.023
0.021
0.009
-2.750
0.112
-0.015
0.244
0.090
0.766
-0.395
1.209
-2.959
1.142
-0.000
-2.716
-1.351
-2.754
0.033
-0.910
0.772
2.645
1.607
-0.473
-0.254
2.253
-0.823
0.220
-0.928
-3.005
-1.274
0.854
0.163
-0.185
0.121
0.025
-0.186
-0.158
-0.752
0.211
-0.985
-0.145
0.058
-2.069
-1.908
-0.416
-0.601
-0.656
-0.289
-1.534
-0.594
-0.956
-0.018
0.000
-0.967
-1.389
0.607
-0.590
-1.304
0.085
-0.767
0.312
0.191
-4.465
-2.371
-1.541
-2.317
-1.898
-0.802
-0.334
-2.220
-3.236
-2.158
0.140
-0.821
-0.127
-0.721
-0.898
-0.477
1.552
-2.645
0.025
-3.485
0.837
-1.940
-1.624
-1.762
-1.111
-2.512
-0.518
-0.574
-0.374
0.160
0.898
0.186
0.692
1.423
-0.122
-0.433
-0.002
0.050
0.017
-1.016
-1.601
1.288
-0.354
0.157
0.565
0.499
-0.952
-0.260
-1.691
-0.158
-2.869
-1.988
-0.362
-1.337
-1.965
-1.839
-1.213
0.046
-3.377
-3.231
-0.085
-0.810
-0.069
-0.672
0.179
-0.525
0.064
-0.194
-1.043
0.248
-1.820
-0.500
-0.682
0.421
-0.266
-1.684
-0.478
-0.281
-0.199
0.228
1.443
-0.167
0.142
0.594
-0.448
0.554
-2.530
-1.457
0.466
-0.022
1.326
0.839
0.304
0.153
0.424
0.113
0.897
0.838
1.520
1.319
0.927
0.813
0.627
0.282
0.149
-0.742
0.469
-1.325
0.686
0.178
-1.806
0.826
-0.385
-0.243
0.352
-0.236
0.543
-0.250
0.500
-0.162
-0.624
-0.300
0.487
-0.487
-2.366
-0.114
-2.873
-1.085
-0.448
-0.617
-0.772
-2.011
-0.283
0.008
-0.134
0.019
-0.285
-1.987
-1.094
-1.956
-0.553
-3.218
-1.258
-0.635
-0.108
-0.201
-1.054
-0.322
-0.527
-0.887
-2.015
-1.258
-2.383
-0.239
-0.072
-0.249
0.009
0.151
-0.070
0.539
-0.141
-0.345
-0.422
0.025
0.036
0.434
-0.086
-0.250
-0.398
-0.607
-0.489
-2.178
-1.657
-1.700
-0.257
0.894
-0.046
-1.075
-1.067
0.120
0.450
-0.028
0.210
-0.021
-0.552
-1.201
-0.420
-1.553
-1.261
-0.758
-1.614
-4.339
-1.598
-1.818
-0.304
-0.623
-0.429
-0.518
0.305
0.025
0.431
-0.410
-1.122
-1.336
-0.470
-0.521
-0.379
0.174
-0.072
0.135
0.199
-0.684
-0.266
-0.146
-0.576
-0.594
0.159
0.378
-1.078
0.740
-2.755
-1.053
-1.273
-0.548
-1.035
-0.945
0.213
-1.873
0.208
-0.067
0.003
-0.360
0.481
0.617
0.008
0.269
0.168
0.046
0.240
-0.823
-2.331
0.230
-0.099
0.386
0.104
-0.335
-0.087
-0.158
-0.069
-0.432
0.146
-0.815
-0.521
-0.199
-2.329
-1.154
-0.973
-1.226
-1.154
-0.332
-1.498
-0.541
-1.284
-1.202
-1.538
-3.155
-1.535
-0.320
-1.175
-1.042
0.272
0.231
-0.433
1.245
1.476
-0.256
-0.471
-1.553
0.576
0.389
-1.889
-1.017
0.786
-0.192
0.501
0.980
0.275
-0.977
1.009
-1.423
0.161
0.739
-1.298
-1.489
0.077
0.215
0.114
1.190
-0.973
-0.293
-1.371
-0.726
-0.282
-0.342
0.277
0.332
1.665
-2.468
0.584
-0.053
-0.148
