0.290
-0.004
-0.231
-0.119
-0.184
-0.178
-0.295
-0.307
-0.944
-0.178
-0.196
-0.723
-0.315
-0.162
-0.038
0.342
0.658
0.547
-0.102
-0.034
-0.178
1.925
-0.003
-0.165
-0.055
0.305
-0.178
-0.178
-0.178
-0.001
-0.265
0.217
0.780
-0.145
0.190
-2.613
-1.267
-2.171
-0.713
-0.884
-1.217
-2.542
-0.087
0.015
-0.178
-0.120
-0.178
-0.178
-2.144
-1.381
-2.513
-2.456
-1.946
-2.558
-1.357
-0.925
-1.146
-0.280
-0.987
-2.993
-0.834
-0.837
-0.862
-0.838
-0.299
-1.690
-1.682
-0.418
-0.060
-0.177
-1.233
0.299
-0.341
-0.548
-0.600
-1.041
-0.261
1.432
-3.189
-0.045
0.504
-1.209
-1.246
-0.217
0.306
-0.132
-1.132
-2.024
-0.480
-0.346
0.288
-0.356
0.010
-0.341
-0.178
-0.104
-0.158
-0.157
-0.933
-0.309
-0.164
-0.154
-0.071
-0.419
-0.178
-0.082
-0.146
-0.172
-0.147
-0.113
-0.114
-0.171
-0.151
-0.141
-0.121
-0.066
-0.169
-0.039
-0.156
-0.131
-0.168
-0.106
-0.155
0.054
-0.099
-0.628
0.074
0.251
0.151
0.151
-0.178
0.130
0.224
0.276
1.099
-0.328
0.254
-0.378
0.250
-0.075
0.237
1.734
1.499
-0.148
-0.159
-0.199
-0.178
-0.353
-0.893
-2.517
-1.363
-0.195
-0.828
-1.627
-1.090
-2.736
-2.437
-2.696
-2.386
0.602
-0.344
-2.359
-1.750
-0.390
0.143
-0.084
-1.060
-0.339
-0.434
-0.187
-0.930
-0.041
0.150
0.337
-0.673
-1.337
-1.185
-0.431
-1.369
-1.223
0.304
-1.997
0.013
-0.398
-0.903
-0.251
-0.304
1.064
0.069
0.278
0.148
-0.425
-0.002
-2.047
-1.516
0.721
-0.461
-0.307
-0.178
-0.158
-0.469
-0.178
0.234
-0.084
-0.178
-0.178
-2.337
-2.071
-0.299
-0.166
-0.554
0.718
0.276
-0.175
-0.250
0.433
0.819
0.224
-1.994
-2.766
-0.694
-2.043
-0.354
-1.730
-0.396
-1.404
-1.003
-1.129
-1.431
-0.880
-0.744
-1.866
-1.347
-0.421
-2.126
1.020
0.822
-0.455
-0.037
-0.386
-0.359
-0.472
-0.178
0.170
-1.906
-0.154
-0.758
0.015
-1.019
-1.642
0.647
-1.037
-0.376
-0.006
-0.976
-0.189
-1.786
-0.295
0.095
-1.298
-1.098
-0.274
-0.732
-0.673
0.871
-0.238
0.821
0.159
0.313
-1.520
-0.029
-0.079
-0.115
-0.063
-0.798
-0.619
-2.375
-0.110
-0.083
-0.034
0.189
-0.439
-1.109
-0.651
-0.754
-0.003
0.128
-0.056
-0.178
-0.178
-1.101
-0.079
-0.026
0.664
0.092
0.172
-0.331
-0.135
-1.924
0.179
0.261
-0.319
-0.394
-0.613
-0.165
-0.825
0.428
2.962
0.483
-0.158
-0.178
0.697
-0.159
0.066
-0.453
-2.010
-0.872
0.247
0.343
0.047
-0.178
-0.162
-0.355
-0.167
-0.693
0.095
-0.341
-0.113
-0.128
-1.205
-1.351
-0.238
0.370
-0.543
-0.238
-1.143
-0.286
-0.492
-0.110
-0.176
-0.178
-0.817
0.043
-0.178
-0.178
-0.051
-0.182
0.052
0.098
-3.305
-1.349
-0.498
-1.817
-0.994
-1.278
-0.279
-0.991
-1.594
-0.408
-0.160
-0.652
-0.113
-0.506
-0.351
-0.184
-0.297
0.112
-0.177
-0.276
0.207
-0.384
-0.366
-0.486
-0.197
-0.942
-0.676
-0.123
-0.141
-0.009
0.399
0.173
0.346
1.437
-0.127
-0.073
-0.153
-0.082
-0.245
-0.334
-0.157
-0.159
-0.171
-0.178
-0.280
-0.358
-0.609
-0.300
-0.277
0.726
-1.621
-0.597
-0.438
-0.420
-0.462
-0.316
-0.178
-0.439
-1.848
-2.933
-0.056
-0.101
-0.002
-0.330
-0.161
-0.269
0.094
-0.248
-0.869
0.145
-1.292
-0.439
-0.864
-0.152
-0.277
-0.073
-1.477
-0.178
-0.049
0.194
0.108
-0.178
-0.169
0.166
-0.387
-0.085
-1.570
-0.757
-0.151
0.019
1.182
0.650
0.074
0.189
0.197
0.590
0.607
0.730
0.656
1.639
1.415
0.603
0.376
0.657
0.252
-0.447
0.490
-1.464
0.196
-0.038
-1.367
0.684
-0.173
-0.452
0.316
-0.564
0.005
-0.149
0.114
-0.154
-0.170
0.019
-0.131
-0.354
-0.250
0.073
-2.424
-0.618
-0.464
0.125
-0.273
-0.621
-0.187
-0.089
0.029
0.184
-0.212
-2.497
-1.247
-1.486
-0.710
-2.453
-0.918
-0.189
-0.209
-0.178
-0.666
-0.187
-0.261
-0.576
-2.599
-1.020
-1.924
-0.252
-0.178
0.019
-0.568
0.118
0.161
0.958
0.041
-0.180
-0.206
-0.045
-0.135
0.209
-0.186
-0.315
-0.331
-0.231
-0.260
-0.865
-0.960
-0.139
-0.032
0.327
-0.141
-0.178
-0.182
-0.172
-0.116
-0.149
-0.125
0.117
-0.192
-0.643
-0.207
-0.779
-0.232
-0.576
-0.686
-3.915
-1.500
-0.836
-0.359
-0.420
-0.208
-0.260
-0.076
0.085
0.467
-0.178
-0.514
-0.161
-0.281
-0.470
-0.212
-0.251
-0.142
-0.046
-0.142
-0.537
-0.236
-0.199
-0.362
-0.286
-0.132
0.104
-0.558
-0.122
-1.439
-0.675
-0.326
0.086
-0.688
-0.238
-0.098
-0.438
-0.098
-0.266
-0.137
-0.302
-0.212
0.667
-0.224
-0.110
-0.130
-0.003
0.020
-0.156
0.307
0.493
-0.231
-0.220
0.003
0.166
-0.070
0.130
-0.147
-0.196
-0.115
-0.178
-0.201
0.008
-1.054
-0.210
-0.376
-0.531
-0.944
-0.443
-1.416
-0.577
-1.570
-0.273
-0.542
-2.598
-0.811
-0.085
-0.015
-0.433
-0.012
0.026
-0.241
0.676
0.111
0.008
-0.005
-0.977
-0.317
-0.218
-1.485
-0.548
0.917
-0.194
0.391
0.875
-0.168
-0.498
-0.414
-0.763
0.340
0.020
-0.184
-0.178
0.026
0.319
0.002
0.048
-0.399
-0.219
-0.177
-0.259
-0.883
-0.213
0.270
0.060
0.520
-0.954
0.250
0.680
-0.200
