0.188
0.290
-0.063
0.058
0.055
0.078
0.573
0.446
0.663
0.138
0.270
0.431
0.408
0.428
-0.209
-0.141
-0.184
-0.240
0.320
0.207
0.740
-0.860
-0.677
0.129
-0.087
0.114
0.165
0.222
0.577
0.141
0.373
0.182
-0.619
0.078
-0.385
2.211
1.731
2.577
0.736
1.900
2.285
3.030
-0.128
-0.283
0.162
-0.189
0.368
0.033
2.410
1.633
2.648
1.661
2.467
2.879
2.617
1.659
1.187
-0.055
0.834
3.687
1.267
1.714
1.488
1.654
1.098
2.502
1.598
0.303
0.026
-0.427
1.226
-0.171
-0.607
0.556
1.394
1.872
0.818
-1.061
3.148
-0.056
-0.527
1.311
0.774
0.453
-0.277
-0.122
1.359
2.586
1.129
-0.118
-0.503
0.577
0.010
0.712
0.409
-0.081
0.049
-0.022
1.166
0.550
0.119
0.037
0.015
0.354
0.223
-0.279
-0.011
-0.123
-0.131
-0.149
0.067
0.093
-0.283
-0.132
-0.157
-0.161
-0.096
-0.098
-0.129
-0.003
-0.042
-0.130
-0.176
-0.174
-0.131
1.864
-0.439
-0.720
-0.090
0.644
-0.043
-0.143
0.118
0.272
-0.867
0.938
-0.247
0.061
-0.944
-0.137
0.286
-1.094
-0.986
0.543
0.511
0.483
0.240
0.555
0.907
2.604
1.046
-0.005
0.803
2.262
2.499
3.176
2.335
3.135
3.164
-0.891
0.268
2.115
1.903
0.875
-0.342
-0.002
1.439
0.860
0.273
0.219
0.899
-0.290
0.198
-0.332
0.803
1.579
1.359
0.407
1.253
0.857
0.075
1.631
-0.078
0.536
0.367
0.235
0.118
-0.684
0.858
-0.013
-0.053
0.664
0.277
2.345
1.718
-0.097
0.947
0.734
0.042
0.089
0.133
0.086
-0.008
0.202
0.255
0.176
2.606
1.786
0.896
0.043
0.904
0.001
-0.962
0.296
0.529
0.438
0.400
-0.284
2.495
2.213
1.179
2.347
0.945
2.389
1.362
0.607
0.908
0.834
1.115
1.007
1.060
1.721
1.131
1.416
3.234
0.119
-1.330
1.554
0.474
0.989
0.504
0.934
0.503
-0.137
2.322
0.076
0.708
-0.059
0.993
1.432
0.114
1.251
0.596
0.462
0.995
0.641
1.789
-0.114
-0.105
1.289
0.968
0.361
0.849
1.000
-1.570
-0.769
-0.120
0.303
-0.120
1.197
-0.145
1.220
-0.140
0.009
0.465
-0.371
0.405
0.216
0.376
-0.557
0.180
0.596
1.262
1.093
0.959
-0.029
0.115
-0.075
0.037
1.177
1.630
-0.258
0.005
-0.205
-0.154
-0.323
0.646
0.465
2.121
0.277
-0.268
1.207
0.350
1.307
0.357
0.199
-0.614
-1.006
-0.571
0.306
0.382
-0.561
1.070
-0.314
0.494
2.473
0.626
-0.256
-0.240
-0.146
0.153
0.028
0.498
0.090
0.699
0.128
0.836
0.069
-0.031
1.046
1.309
0.668
0.950
0.792
0.378
0.890
0.427
0.362
-0.116
-0.299
0.618
1.180
-0.991
0.612
0.862
0.073
0.417
-0.134
-0.208
3.071
1.721
1.113
1.634
1.553
0.766
0.269
1.494
1.626
1.038
0.052
0.617
-0.022
0.879
1.348
1.440
0.909
1.756
0.090
2.268
-0.305
1.734
0.952
1.553
0.673
1.768
0.380
0.216
0.023
0.587
-0.083
0.325
-0.175
-0.961
0.624
0.372
0.373
0.028
1.210
0.843
1.255
-0.311
0.292
-0.059
0.373
0.312
0.845
-0.002
0.790
0.621
2.230
2.048
1.631
1.129
1.832
1.656
1.436
0.573
2.340
2.843
0.273
0.506
-0.137
0.268
-0.400
0.368
-0.156
0.178
0.779
-0.112
1.006
0.385
0.652
0.271
0.921
0.548
0.919
0.297
-0.008
-0.090
-0.895
0.378
0.047
-0.303
0.341
-0.700
1.495
1.343
0.305
-0.191
-1.238
-0.516
0.039
-0.230
-0.554
0.274
-0.638
-0.470
-0.781
-1.186
-0.764
0.156
-0.441
-0.421
-0.218
0.381
-0.477
1.999
-0.740
-0.245
1.699
-0.654
0.270
1.611
-0.457
0.833
0.085
0.404
-0.438
0.353
0.472
0.655
-0.103
0.240
1.653
-0.218
2.489
1.553
0.795
0.456
1.069
1.951
0.136
-0.146
0.924
0.179
0.535
1.755
0.875
1.336
0.478
2.742
1.012
0.568
0.593
0.054
0.932
0.360
0.298
0.866
2.189
1.349
1.964
0.382
-0.166
-0.079
0.477
-0.097
0.102
-0.313
-0.075
0.175
0.082
0.121
0.231
-0.339
0.129
0.383
0.375
0.543
0.410
1.645
1.816
1.078
-0.493
-0.327
0.348
0.649
1.483
0.335
0.538
0.046
-0.014
0.070
0.659
1.355
0.511
0.885
0.843
0.810
0.977
3.460
1.102
1.310
-0.054
0.606
0.279
1.019
-0.014
-0.043
-1.095
0.133
0.570
0.353
0.284
-0.106
0.306
-0.126
0.527
0.065
0.006
0.274
0.194
0.160
0.563
0.264
0.101
-0.049
1.081
0.081
2.238
1.236
1.105
1.026
0.980
0.574
0.056
0.998
-0.068
0.225
0.020
0.199
0.398
-0.427
0.285
0.048
0.025
0.156
0.103
1.676
0.436
-0.051
0.200
0.375
0.042
0.364
0.227
0.354
0.157
0.259
0.042
0.419
0.352
0.022
1.582
0.614
0.702
1.276
1.194
0.329
1.242
0.314
1.051
0.791
0.730
2.886
0.925
0.371
1.261
0.807
-0.210
0.298
0.403
-0.706
-0.054
0.155
0.454
1.455
-0.055
0.875
1.523
0.444
-1.128
0.439
-0.535
-0.606
-0.311
1.732
0.152
0.770
-0.043
-0.801
0.490
0.673
0.009
-0.032
-0.150
-0.660
0.553
0.423
0.516
1.104
0.368
0.093
-0.344
-0.478
-0.226
1.639
-0.077
0.733
0.072
