0.890
-0.285
-0.002
0.260
0.028
0.216
0.354
-0.050
0.527
0.151
0.084
-0.027
0.414
0.033
-0.313
-0.187
-0.404
-0.045
-0.193
-0.173
1.320
-0.979
-1.143
0.113
0.185
-0.012
0.214
0.840
0.411
0.034
0.148
-0.388
-0.033
-0.064
0.243
2.540
1.948
1.981
0.420
1.373
1.659
3.456
0.165
-0.088
0.073
0.077
0.402
0.310
1.312
1.300
2.308
1.738
1.996
2.566
1.811
1.168
1.328
-0.127
0.708
3.536
1.789
1.928
1.415
1.592
0.887
2.713
1.299
0.526
-0.137
-0.185
0.680
-0.029
-0.223
0.618
0.101
0.101
-0.088
-0.261
4.094
-0.113
-0.059
1.220
0.060
0.577
-0.636
0.072
0.740
2.218
0.068
-0.478
0.096
0.301
0.275
0.628
0.352
0.101
0.380
-0.004
1.077
0.431
-0.119
-0.195
0.567
0.177
1.310
-0.234
0.107
-1.148
-0.033
-0.160
0.300
0.247
-0.200
-0.021
-0.167
-0.033
-0.032
0.149
-0.033
-0.439
0.172
-0.033
-0.075
-0.083
-0.137
1.033
-0.185
-0.547
-0.386
0.083
-0.058
0.026
0.461
0.120
-0.627
0.567
0.500
0.269
0.101
0.456
0.410
0.138
-1.250
0.650
0.276
0.630
0.275
0.545
0.951
3.637
0.525
-0.375
1.037
1.960
0.697
2.712
2.680
1.629
2.543
0.226
0.386
2.235
1.001
-0.286
-0.070
-0.075
1.084
1.518
0.389
0.836
1.719
0.580
0.107
-0.292
1.107
1.693
1.832
0.507
2.431
0.223
-0.132
1.070
-0.203
0.714
0.548
0.256
0.139
-0.121
0.530
-0.162
-0.039
-0.191
-0.448
-0.239
0.101
0.660
0.505
0.876
1.316
0.004
0.665
0.229
0.038
0.365
0.174
0.110
2.858
1.700
0.556
0.799
0.380
-0.577
-1.173
0.791
0.701
-2.282
-1.040
-0.175
2.651
2.122
1.270
2.439
-0.060
1.913
1.291
0.961
0.089
0.067
0.831
0.606
0.203
1.582
1.329
0.590
3.203
0.268
-0.152
0.522
0.057
0.485
0.268
0.843
0.176
-0.031
2.678
-0.046
0.825
0.058
1.718
1.696
-0.049
0.979
0.084
0.274
1.001
0.705
1.842
0.113
0.488
1.125
0.405
0.484
0.838
0.538
-1.898
0.391
-0.157
-0.113
0.065
1.280
-0.108
1.110
-0.006
-0.440
1.043
0.144
-0.097
-0.476
1.391
-0.573
0.114
0.317
1.140
1.163
0.771
0.343
0.316
0.039
0.101
0.259
0.999
-0.027
-0.032
-0.221
0.025
0.998
0.838
0.115
3.175
-0.375
-0.189
1.082
0.773
2.112
-0.031
0.099
-0.504
-0.765
-0.149
-0.033
-0.667
-0.555
1.161
-0.085
0.728
0.965
0.255
0.040
0.126
0.179
0.705
0.289
0.588
0.183
0.587
0.008
0.724
0.114
0.002
1.704
1.754
0.283
0.114
0.539
0.032
1.307
0.306
0.173
0.217
-0.206
0.461
1.145
-0.360
0.711
1.306
0.349
0.468
-0.158
0.041
2.616
1.009
0.910
1.337
1.437
0.647
-0.033
1.177
1.630
0.926
0.626
0.214
-0.059
0.107
1.190
1.094
1.204
3.003
-0.215
1.343
-0.212
1.777
0.737
0.940
0.418
1.119
-0.238
0.395
0.239
0.075
0.101
0.105
-1.448
-0.750
0.548
0.868
0.389
0.489
0.385
1.442
1.792
0.846
0.397
-0.089
0.444
0.309
1.152
0.533
0.840
0.282
1.544
1.473
0.157
0.912
1.049
0.818
-0.811
-0.079
2.006
1.420
0.160
0.181
0.243
0.788
0.268
0.661
-0.249
0.462
1.016
0.379
1.378
0.481
0.733
0.421
0.258
0.144
0.249
0.528
0.161
0.151
0.120
0.120
0.025
-0.339
0.730
0.101
1.687
0.519
0.101
-0.051
-1.650
-0.825
-0.131
-0.388
-0.218
-0.106
-0.873
-0.447
-1.240
-1.209
-0.313
0.302
-0.208
-0.426
-0.033
0.843
0.324
1.553
-0.395
-0.213
0.731
-0.450
-0.062
1.576
0.293
0.431
-0.063
0.381
0.208
0.210
0.504
0.320
-0.122
0.353
1.895
0.065
2.338
0.734
-0.167
0.023
0.761
1.780
0.035
-0.151
0.194
0.032
0.034
1.387
0.415
1.226
0.499
3.009
0.354
0.369
0.094
0.368
1.197
0.242
0.481
0.979
1.715
0.571
1.787
0.048
-0.033
0.062
0.681
0.094
0.201
0.101
0.416
0.306
0.146
0.283
0.136
0.331
0.603
0.135
0.267
0.309
0.464
1.738
0.743
0.498
-0.005
-0.525
-0.360
0.706
1.512
0.343
-0.260
0.101
0.081
-0.043
0.334
0.636
0.084
0.891
0.514
0.635
0.946
2.745
1.284
1.108
-0.536
0.266
0.147
1.925
0.222
0.176
-0.388
0.208
0.756
0.386
0.509
0.613
-0.026
-0.273
0.280
-0.052
0.152
0.517
0.333
0.293
0.423
0.429
0.259
0.212
0.729
0.135
1.662
1.373
0.101
0.229
0.564
1.279
-0.179
1.021
-0.133
0.123
0.062
0.003
-0.077
-0.156
0.303
-0.162
-0.021
-0.112
-0.029
1.476
0.107
-0.631
0.026
0.894
0.220
0.167
0.758
0.404
0.204
0.336
0.096
0.781
0.906
0.266
1.430
0.523
-0.029
1.752
0.686
0.116
1.322
0.482
1.001
0.470
0.519
3.440
0.821
0.046
0.025
0.696
-0.086
0.521
0.264
-0.462
0.578
0.912
0.473
0.406
0.312
1.329
0.464
0.303
-0.901
0.634
-0.477
-0.852
0.054
0.101
-0.295
0.687
0.245
-0.020
0.694
0.678
-0.033
-0.128
-0.129
-1.016
0.580
0.214
0.396
0.910
0.445
0.395
0.160
0.117
-0.926
0.582
-0.005
-0.518
0.183
