0.322
-0.023
0.019
0.166
-0.106
0.058
0.184
0.165
0.417
0.250
0.497
0.292
0.157
0.296
-0.174
-0.118
0.026
-0.148
0.252
0.103
1.015
-2.690
-1.008
0.527
0.066
-0.123
0.267
0.139
0.678
0.028
0.232
0.063
-0.676
-0.125
-0.062
2.568
2.129
1.631
0.391
1.435
1.757
3.320
-0.049
-0.275
0.312
0.082
0.111
0.089
2.005
1.965
1.975
2.405
2.189
3.052
2.213
1.682
0.883
0.203
0.574
3.636
1.449
1.656
1.335
1.633
0.997
2.759
1.790
0.248
0.503
-0.199
0.385
-0.409
-0.157
0.236
1.433
1.714
0.366
-1.086
3.243
-0.124
-0.562
0.828
0.192
0.535
-0.236
-0.342
0.151
2.752
0.734
0.165
-0.373
-0.282
0.192
0.557
0.306
0.226
0.042
0.067
1.976
1.564
0.235
-0.037
0.005
0.409
0.342
-0.138
0.117
0.082
0.082
-0.193
0.094
0.245
-0.073
0.082
-0.046
-0.001
0.087
-0.035
0.081
-0.355
0.079
0.038
0.008
-0.260
-0.049
1.495
-0.236
-1.334
-0.432
-0.324
-0.018
-0.023
0.768
1.405
-1.356
0.936
-0.229
0.445
-1.137
1.929
1.637
-2.098
-2.474
0.493
0.689
0.273
0.646
0.232
0.527
2.205
1.484
0.092
0.873
2.125
1.539
3.290
2.228
1.615
1.879
-0.850
0.064
1.693
1.761
-0.042
-0.369
0.089
1.035
0.404
0.163
0.290
0.657
-0.027
-0.290
-0.076
1.036
1.046
1.632
0.668
0.728
0.614
-0.035
0.973
0.013
0.557
0.518
0.142
0.112
-0.227
0.196
-0.097
0.028
0.061
-0.762
0.102
1.199
-0.130
0.991
0.435
0.027
0.087
0.179
0.095
-0.076
0.409
0.403
0.254
3.116
2.435
1.160
-0.099
0.392
0.053
-0.865
0.362
0.594
-0.993
0.194
-0.080
2.703
1.168
1.112
2.892
0.752
2.366
1.613
0.797
-0.155
0.502
1.455
0.694
-0.235
1.900
0.719
1.418
3.527
-0.895
-1.384
1.469
0.532
1.371
0.606
1.151
0.038
-0.216
2.841
0.127
0.994
-0.080
0.771
1.798
-0.691
0.951
0.043
0.247
1.006
0.707
1.759
0.149
-0.142
1.113
0.739
0.020
1.283
0.668
-1.869
-0.459
-0.539
-0.079
0.130
0.620
-0.015
1.944
0.048
-0.148
0.521
0.189
-0.019
0.351
0.341
-0.597
-0.059
0.601
0.294
1.231
1.059
0.104
0.662
0.078
0.235
0.231
1.106
-0.455
-0.044
-0.220
-0.021
-0.280
-0.030
-0.615
2.262
-0.447
-0.524
0.425
-0.038
0.832
0.276
0.153
-0.267
-2.715
-2.091
-0.428
-0.119
-1.482
0.987
-0.030
-0.569
2.555
0.366
-0.416
0.243
-0.068
0.316
-0.022
0.657
-0.009
0.754
-0.135
0.650
0.048
0.031
1.932
1.053
0.593
0.601
0.401
0.194
0.979
0.496
0.302
0.015
0.015
0.614
1.013
-0.539
0.237
0.944
-0.307
0.245
-0.482
0.045
2.612
0.560
1.247
1.832
1.726
0.729
0.251
0.751
1.482
0.688
1.891
0.794
0.311
0.801
1.577
0.923
0.553
3.089
-0.181
3.216
-0.776
1.394
0.693
1.066
0.425
1.429
0.327
0.045
0.175
0.585
-0.060
0.234
-0.928
-0.751
0.939
1.057
0.460
0.349
0.702
0.673
0.317
-0.374
0.509
0.389
-0.105
0.375
0.478
0.546
1.583
0.085
1.957
2.013
0.025
1.070
1.069
2.534
0.368
-0.096
1.985
2.207
0.314
1.206
0.161
0.313
0.031
0.514
0.168
0.441
0.565
0.442
1.462
0.557
0.818
0.387
0.877
0.204
-0.138
0.139
0.153
-0.721
-1.228
0.339
0.156
-0.077
0.378
-0.751
0.890
0.819
-0.136
-0.207
-1.169
-0.458
-0.387
0.124
-0.178
0.097
-1.144
-1.084
-1.140
-0.854
-0.301
0.522
-0.370
-0.289
0.217
0.806
-0.502
1.883
-0.394
-0.197
1.640
-1.039
-0.030
1.607
-0.234
1.618
0.599
0.486
-0.250
0.331
0.425
0.817
0.102
0.607
2.422
0.015
3.054
1.131
0.261
0.546
1.184
2.495
0.292
0.016
0.972
0.151
0.835
1.901
0.569
1.295
0.632
2.575
0.877
0.804
0.398
0.300
0.761
0.469
0.378
0.700
0.775
0.896
1.540
0.300
0.110
0.231
0.434
0.168
0.329
0.195
0.320
0.276
0.189
-0.098
0.613
-0.072
-0.053
0.712
0.262
0.401
0.510
2.103
2.086
0.828
0.327
-0.573
-0.137
0.714
2.225
0.412
-0.500
0.260
-0.018
-0.123
0.253
1.043
0.515
0.741
0.159
0.774
0.976
2.709
0.757
0.755
-0.321
1.464
-0.025
0.587
0.195
0.079
-0.527
0.256
0.858
0.000
0.304
-0.129
-0.008
-0.315
0.202
0.058
0.029
0.817
0.516
0.105
0.574
0.203
-0.164
-0.401
0.879
-0.334
3.086
0.862
0.220
-0.117
-0.565
0.019
0.116
1.146
0.221
0.407
-0.157
0.415
-0.200
-0.404
0.447
-0.351
-0.193
-0.059
-0.035
1.172
1.082
0.094
0.030
-0.608
0.050
-0.205
0.255
0.111
-0.001
0.549
-0.019
0.767
0.394
0.349
1.750
0.645
0.349
1.116
0.441
0.304
0.863
0.436
0.707
0.645
0.364
4.261
0.494
0.081
0.014
0.645
-0.322
-0.416
0.563
-1.046
-0.187
-0.048
0.385
0.790
-0.541
0.492
1.693
0.944
-1.755
0.207
-0.256
-1.163
0.158
0.176
-0.775
0.229
-0.223
-0.982
0.821
0.852
0.082
-0.117
-0.185
-0.747
0.711
0.299
0.645
1.020
0.568
0.427
-0.019
-2.808
-0.716
1.179
0.003
-0.410
0.022
