-0.352
0.027
-0.340
0.106
-0.447
-0.190
0.058
0.341
-0.648
-0.051
-0.167
-0.433
0.110
-0.139
0.624
0.417
0.547
0.558
0.114
0.120
0.036
0.811
1.180
-0.103
0.203
0.177
-0.097
0.078
-0.199
0.097
-0.230
-0.350
0.522
0.254
0.114
-2.988
-2.766
-3.398
-0.717
-2.275
-2.536
-4.927
0.083
0.114
-0.011
-0.243
-0.169
0.113
-3.624
-1.164
-2.457
-1.631
-2.636
-4.252
-3.229
-2.183
-1.457
0.119
-0.262
-4.659
-0.819
-0.899
-1.543
-2.273
-1.511
-2.913
-2.083
-0.628
-0.459
0.169
-1.373
0.165
0.577
-0.547
0.126
0.097
0.114
1.550
-4.620
0.106
0.382
-1.136
-0.398
-0.163
0.431
-0.132
-1.183
-2.755
-0.841
0.048
0.132
0.188
-0.163
-0.539
0.056
0.196
-0.143
-0.371
-1.580
-1.195
-0.298
0.171
-0.980
-1.529
0.033
-0.508
-0.164
1.864
0.125
0.249
0.062
-0.102
0.231
0.151
0.491
0.219
0.094
0.114
-0.017
0.229
0.370
0.345
0.166
0.893
0.205
-1.906
1.102
0.526
0.734
-0.427
-0.044
-0.426
-0.373
-0.430
0.346
-0.265
-0.196
-0.569
0.116
-0.953
-0.242
0.124
1.549
-0.152
0.083
0.112
-0.094
-1.152
-0.040
-3.597
-0.378
0.083
-1.322
-2.844
-2.069
-3.565
-2.812
-2.381
-2.396
0.117
0.094
-2.518
-2.241
0.321
-0.228
-0.027
-0.915
-0.960
-0.086
-0.752
-2.611
0.114
-0.473
0.318
-0.911
-2.057
-0.138
-1.157
-1.267
-0.503
0.019
-1.460
0.113
-0.852
-0.759
-1.229
-0.499
0.182
0.432
0.013
-0.165
0.114
0.844
0.114
0.136
0.267
-0.078
-0.462
-0.664
-0.934
-1.164
0.086
0.339
0.048
-0.032
-0.188
-2.990
-1.586
-0.591
0.287
-1.049
0.051
1.423
-0.641
-0.549
1.650
-0.486
0.150
-3.304
-1.568
-1.680
-3.226
-0.572
-2.558
-1.547
-0.582
-0.914
-0.474
-1.934
-0.489
-0.185
-2.483
-1.746
-1.190
-2.762
-0.592
2.448
-3.207
0.045
-1.146
0.090
-0.771
-0.085
0.263
-2.876
-0.318
-0.740
0.149
-0.588
-0.829
0.391
-1.417
-0.326
0.079
-1.207
-0.149
-1.555
0.388
-0.346
-1.070
-0.573
-0.176
0.007
-0.802
0.667
0.249
-0.161
0.051
0.310
-0.960
0.237
-0.670
0.141
0.124
-0.886
0.114
-0.009
-0.466
-1.478
0.748
-0.760
-0.717
0.114
-0.724
-1.469
-0.419
-1.149
0.398
0.131
0.071
-1.855
0.620
0.076
-0.009
0.115
-0.460
0.110
0.646
-1.426
1.315
0.004
-1.170
0.095
-0.572
-0.412
-0.403
0.743
1.323
0.926
-0.130
-0.055
0.304
0.001
-0.258
-0.530
-3.377
-0.140
0.169
0.162
-0.014
-0.058
-0.003
-0.066
-0.087
-0.679
0.033
-0.891
-0.151
-0.160
-1.678
-0.617
-0.519
0.618
-0.520
0.044
-1.022
-0.292
-0.378
0.056
0.054
-0.537
-1.145
0.316
-0.325
-0.061
0.012
0.036
0.362
0.126
-3.135
-1.380
-1.078
-1.527
-0.947
-0.832
-0.291
-1.339
-2.411
-0.597
-0.329
-0.243
-0.115
0.665
-2.156
-1.438
-0.849
-1.182
0.114
-4.113
0.680
-0.715
-0.451
-0.808
-0.314
-1.763
0.325
-0.094
-0.252
-0.157
-0.430
0.092
1.483
1.771
-0.500
-0.622
-0.826
0.090
0.198
-2.720
-2.607
-0.121
-0.122
0.008
0.163
-0.265
-0.765
-0.398
-1.157
1.391
-1.542
-1.498
1.105
-0.649
-1.669
0.114
-1.710
0.100
-3.777
-4.547
-0.158
-1.477
0.048
0.114
0.078
-0.279
-0.290
-0.885
-1.356
0.226
-1.267
-0.523
-0.729
-0.474
-0.635
0.093
0.021
-0.444
-0.323
-0.629
0.306
0.008
0.463
0.136
-0.696
0.114
-2.084
-1.054
0.060
-0.244
0.792
0.613
0.017
0.296
0.425
0.234
0.465
0.602
0.593
0.727
0.586
0.270
0.114
0.571
0.369
-0.666
0.418
-1.590
0.452
0.211
-0.705
0.536
0.033
-2.082
-0.373
-0.273
0.404
-0.015
0.352
-0.172
-0.929
-0.276
0.215
-0.654
-1.610
-0.444
-2.293
-0.941
-0.405
0.114
-1.018
-1.540
-0.133
0.111
-0.525
-0.390
0.043
-1.941
-0.677
-1.514
-0.414
-3.341
-0.932
-0.736
-0.565
-0.558
-0.629
-0.242
-0.337
-0.691
-2.376
-0.852
-1.531
0.352
0.161
0.070
0.575
-0.239
0.091
0.430
0.208
-0.261
-0.223
-0.256
-0.065
0.096
-0.073
-0.649
-0.171
-0.396
-0.401
-1.748
-2.424
-0.177
0.288
0.331
0.146
-0.134
-0.432
0.068
0.138
-0.200
-0.196
0.114
-0.908
-1.300
-0.479
-0.797
-0.266
-1.449
-1.213
-3.567
-0.944
-1.042
0.555
-0.116
-0.203
-0.319
0.126
-0.569
-0.748
-0.002
-0.865
-0.387
-0.197
0.050
-0.137
0.227
-0.597
-0.134
0.164
-0.766
0.090
0.000
-0.365
-0.643
-0.027
0.132
-0.911
-0.239
-1.153
-1.446
-0.896
-4.472
-1.877
-1.277
0.115
-0.067
0.313
-0.373
0.145
-0.179
0.114
0.424
0.165
0.115
0.148
0.113
0.144
-3.882
-0.403
0.232
0.065
0.082
-0.400
-0.085
-0.111
0.016
-0.015
-0.544
-0.309
-0.662
0.045
-0.341
-2.216
-1.033
-0.213
-1.830
-2.841
-0.058
-1.250
-0.232
-1.216
-0.935
-0.649
-2.760
-0.426
-0.172
0.808
-0.819
0.261
0.018
-0.221
1.302
0.312
-0.025
-0.326
-1.850
-0.579
0.503
-1.146
-0.440
0.882
-0.074
0.426
0.308
0.159
-1.107
1.020
0.299
0.154
0.631
-0.647
-0.493
0.010
0.120
0.371
0.312
-0.245
-0.073
-0.251
-0.565
-0.551
0.131
0.176
-0.532
-0.705
-2.297
0.012
0.052
0.114
