-0.045
-0.292
-0.045
-0.194
-0.595
0.111
0.106
-0.808
-0.537
-0.255
-0.796
-0.871
-0.345
-0.984
-0.169
0.186
0.949
-0.106
0.373
-0.020
-1.098
0.481
-0.155
-0.092
-0.095
0.869
-0.128
0.017
0.252
-0.107
-0.496
0.046
-0.237
0.216
-0.138
-2.317
-2.068
-2.131
-0.843
-1.919
-2.420
-3.151
-0.284
-0.104
0.046
-0.273
-0.559
-0.753
-2.288
-1.273
-0.946
-1.814
-2.545
-2.503
-1.935
-1.203
-2.084
0.116
-0.681
-2.523
-1.000
-1.480
-1.708
-1.588
-2.051
-3.459
-0.866
-0.594
-0.203
-0.693
-1.052
-0.036
-0.429
-0.243
-0.804
-1.700
-1.594
0.353
-4.730
-0.362
-0.143
-0.378
-0.618
-0.212
-0.105
0.025
-2.618
-1.833
-0.780
-0.041
-0.049
0.074
-0.529
-0.170
0.073
0.083
-0.042
0.025
-0.616
-0.079
-0.057
-0.113
0.029
-0.043
-0.836
0.258
-0.158
-0.088
0.004
-0.073
-0.961
-0.153
0.248
0.019
0.039
-0.124
-0.095
0.091
-0.045
0.063
-0.106
-0.061
0.230
-0.053
0.018
-1.206
-0.633
0.826
-0.290
-0.004
-0.021
0.168
-0.376
-0.089
0.680
0.159
0.054
-0.170
1.758
-0.039
-0.314
1.039
-0.232
0.102
-0.742
-0.049
-0.025
-0.151
-1.146
-1.611
-1.142
-0.224
-1.504
-2.388
-0.893
-3.291
-2.582
-3.021
-2.879
-0.013
-1.197
-2.165
-1.344
-0.398
-0.080
-0.158
-1.353
-0.822
-0.082
-0.572
-0.553
-0.029
-0.203
0.218
-0.958
-1.602
-1.389
-0.165
-0.298
-0.442
-0.113
-2.305
0.013
-0.409
-1.582
0.003
0.238
-0.066
-0.228
-0.210
0.001
-1.647
-0.117
-2.637
-2.543
-0.101
-0.459
-0.315
-0.227
-0.169
-0.117
-0.085
0.061
-0.899
-0.582
-0.159
-1.402
-1.933
-1.348
-0.277
-0.119
-0.177
0.050
0.046
-0.116
2.651
0.452
0.061
-4.559
-2.321
-1.550
-2.863
-0.609
-2.119
-1.225
-0.971
-0.907
-1.863
-1.106
-1.101
-0.837
-1.309
-2.452
-1.322
-1.729
-0.053
0.645
-0.649
-0.009
-0.822
-0.348
-1.238
0.626
-0.114
-0.890
-0.087
-0.028
-0.248
-1.198
-0.514
0.861
-0.572
-0.094
-0.503
-1.294
-1.529
-0.278
-0.380
-0.448
-0.959
-1.553
-1.029
-1.189
-1.393
1.437
0.184
0.608
-0.174
-0.115
-0.082
-0.079
-0.147
-0.118
-0.262
-1.313
-0.058
-0.856
-0.347
-1.130
-2.573
-0.219
-0.471
-1.650
-1.969
-0.078
0.068
-0.870
-0.160
0.050
-0.114
-2.474
-0.130
-0.354
-0.607
-0.069
0.422
-0.655
-0.335
-2.447
-0.044
0.255
-1.782
-0.602
-1.079
-0.324
-0.199
0.196
0.806
0.084
-0.113
-1.040
0.993
-1.140
-0.113
0.212
-0.386
-0.540
0.440
-1.559
0.244
0.191
-0.095
-0.093
-0.022
-0.139
-0.076
-1.107
-0.071
0.082
-0.279
-1.245
-0.165
-0.023
-0.492
-0.132
-2.064
-0.970
-0.663
-0.333
-0.329
-0.524
-2.095
0.054
-0.720
-0.836
-0.331
-1.057
0.132
-0.215
-3.791
-1.567
-1.107
-1.767
-1.947
-1.198
-0.060
-1.352
-1.218
-1.445
-0.418
-0.453
-0.113
-0.584
-0.272
-0.122
-0.198
-1.330
-0.169
-2.184
-0.397
-0.348
-0.180
-0.664
-0.164
-1.030
0.271
0.173
0.196
0.255
0.043
0.101
1.034
1.717
0.001
0.036
-0.597
-0.508
-0.175
-0.734
-0.111
0.839
-0.140
-0.265
-0.418
0.039
-0.975
-0.246
-1.088
-0.339
-2.282
-2.177
-2.440
-0.492
-0.798
-0.980
-0.150
-0.443
-0.702
-1.999
-0.058
-0.607
-1.044
-0.758
-0.428
-0.113
0.101
-0.314
-0.976
-0.625
-1.254
-0.722
-0.931
-1.622
-0.200
-0.317
-1.330
0.018
-0.045
0.872
0.899
-0.255
-0.077
-0.099
-0.104
0.120
-0.686
-0.796
-0.325
-0.127
1.161
0.442
-0.023
0.854
0.279
-0.090
0.653
0.830
0.670
0.476
0.119
-0.012
0.299
1.744
-0.234
0.165
-0.088
-0.207
0.606
0.187
-1.389
0.028
0.110
-0.430
-0.047
-0.624
0.144
-0.843
-0.059
0.406
-0.346
-1.084
0.154
-0.113
-2.096
-2.018
-1.467
-0.247
-0.800
-0.091
-2.457
-2.058
-0.138
0.107
-0.775
0.128
-0.011
-1.558
-1.170
-0.576
0.333
-1.733
-0.957
-0.210
0.102
-0.206
-0.703
-0.237
-0.149
-0.224
-1.944
-0.756
-1.305
-0.005
-0.039
0.620
0.337
-0.277
-0.098
-0.113
-0.024
-0.101
0.027
-0.280
-0.877
-0.928
-0.085
-0.321
-0.497
-0.217
-0.150
-0.577
-0.685
-0.556
1.366
0.401
-0.071
-0.795
-1.013
0.190
-0.106
-0.026
0.146
-0.075
-0.420
-1.170
-0.139
-1.102
-1.930
-0.449
-1.800
-2.418
-0.570
-0.663
0.089
-0.165
-0.403
-0.815
-0.208
-0.123
0.422
-0.292
-0.997
-1.509
-0.441
-1.231
-0.352
-0.458
-0.137
0.006
0.071
-0.440
-0.168
-0.455
-0.243
-1.060
0.148
0.172
-1.278
-0.094
-2.899
-1.050
-0.414
-0.627
-1.221
-1.170
-0.215
-0.286
0.138
-0.200
-0.162
0.054
1.011
0.198
-0.510
-0.110
0.339
-0.679
0.186
0.043
-0.397
-0.012
-0.116
-0.415
-0.068
-0.098
-0.396
-0.063
0.157
-0.726
-0.396
-0.655
-0.638
-0.168
-1.555
-0.283
-0.661
-1.663
-1.442
0.103
-0.853
-0.122
-1.128
-0.815
-1.674
-1.853
-0.934
-0.328
-0.497
-0.246
-0.014
-0.139
-0.713
-0.003
0.725
0.358
-0.485
-0.402
0.178
-0.129
-1.415
-0.513
0.985
-0.236
0.119
0.592
0.170
0.707
0.715
-0.961
1.125
0.469
-1.608
-0.402
-0.003
-0.273
-0.052
0.640
0.393
-0.089
-0.784
-1.348
-0.249
-0.873
-0.012
-0.113
0.449
-0.399
-0.250
-2.309
-0.968
