0.096
-0.066
0.122
-0.797
-0.050
-0.081
-0.195
-0.071
-0.081
-0.081
-0.475
-0.392
-0.470
-0.055
-0.364
0.138
0.046
0.203
-0.822
-0.037
0.009
0.273
0.746
-0.051
-0.036
-0.019
-0.164
-0.504
-0.001
-0.042
-0.080
-0.070
-0.232
0.387
0.072
-1.798
-1.643
-1.954
-0.647
-1.953
-2.259
-1.797
0.201
0.516
0.078
-0.058
-0.421
-0.511
-1.769
-1.852
-0.886
-2.083
-2.108
-3.237
-0.967
-0.769
-1.302
-0.057
-0.367
-2.314
-0.623
-0.458
-1.549
-1.768
-0.716
-1.984
-0.869
-0.146
0.004
0.256
-1.597
0.284
0.091
-0.833
-0.863
-0.885
-1.275
0.170
-1.213
-0.016
-0.062
-0.207
0.542
-0.240
1.240
1.218
0.199
-2.445
-0.077
0.116
0.339
-0.029
-0.088
-0.153
0.018
0.831
0.159
-0.081
-0.504
-1.301
-0.420
-0.265
-0.020
-0.411
-0.074
0.456
-0.081
-0.081
-0.081
0.727
-0.061
-0.148
0.134
-0.007
0.081
0.288
-0.078
-0.070
-0.081
-0.050
-0.081
-0.081
0.008
1.438
0.846
-0.111
-0.043
-0.144
0.611
-0.156
-0.061
0.854
0.514
0.254
0.873
0.115
0.535
-0.048
0.756
0.197
0.046
1.437
1.012
0.185
-0.012
-0.004
0.403
-0.481
0.122
-3.428
-0.015
-0.087
-0.596
-2.118
-2.048
-3.035
-2.490
-2.018
-1.307
1.115
0.420
-2.410
-1.190
-0.187
0.274
0.119
-0.712
-0.637
-0.205
-0.682
-0.400
0.112
0.296
0.222
-0.124
-2.185
-1.407
-0.125
-0.712
-0.479
0.468
-1.959
-0.092
-0.098
-0.034
0.441
0.205
-0.081
1.336
-0.270
-0.081
0.376
1.384
-1.474
-2.034
0.462
-0.782
-0.492
-0.441
-0.259
-0.165
-0.211
1.079
0.164
0.196
0.976
-2.563
-2.740
-1.409
-0.032
-0.001
0.153
1.045
-0.537
0.838
1.185
-0.260
-0.048
-3.286
-2.049
-2.331
-2.486
-0.655
-1.343
-0.534
-0.140
-0.432
-1.223
-1.824
-1.153
0.872
-2.263
-1.140
-2.168
-2.213
0.128
1.931
-0.328
-0.215
-0.861
-0.949
-0.156
0.191
0.202
-0.362
-0.081
-0.011
0.635
-1.342
-0.865
-0.852
-0.171
-0.946
-0.096
-0.223
-0.619
-0.884
-0.121
-0.081
-1.966
-1.489
-0.980
-0.348
-0.537
1.766
-0.024
0.472
-0.068
0.349
-1.222
-0.082
-1.129
0.023
-0.063
-1.331
0.220
0.054
-2.093
0.160
-0.355
0.318
-0.107
-0.217
-0.410
-0.454
-0.081
0.008
0.643
0.267
0.016
-0.829
0.309
0.023
0.035
0.149
0.222
0.249
0.052
-1.170
0.238
0.066
-0.301
0.426
-1.656
-0.161
0.299
0.191
0.434
0.249
0.193
-0.669
-0.878
-0.258
0.134
-0.820
-1.748
-2.111
0.555
-0.230
0.066
-0.044
-0.081
0.223
-0.080
-0.215
0.047
-0.207
0.018
-0.070
-1.653
0.075
-0.043
-0.081
-0.003
-0.127
-2.126
-0.840
-0.660
0.054
0.104
0.004
-0.188
0.982
-0.720
-2.121
-0.164
-2.008
0.754
0.183
-2.447
-1.961
-1.520
-2.367
-1.378
-1.039
-0.081
-1.021
-2.076
-0.392
-0.152
0.026
0.074
-0.503
-1.096
-0.837
0.546
-1.150
-0.059
-2.479
-0.008
-0.838
-1.153
-1.684
-2.166
-1.159
0.250
-1.525
-0.907
0.032
0.010
0.138
0.895
1.316
-0.195
-0.132
-0.019
0.147
-0.472
-0.436
-0.645
0.466
0.129
-0.674
-1.076
-0.298
-0.007
-0.192
-1.195
-1.117
-2.169
-2.545
-1.270
-1.420
-0.705
-2.741
-1.471
0.428
-0.988
-3.080
-0.038
-0.245
-0.333
0.021
-0.054
0.287
-0.206
-0.081
-1.085
-0.001
-0.489
-0.253
-0.804
0.222
0.732
0.731
-0.512
0.022
-0.135
-0.057
-0.151
-0.081
0.206
0.722
0.260
0.634
-0.263
-0.524
-0.282
-0.018
1.393
1.115
0.295
0.025
0.228
0.624
0.278
0.912
0.635
1.608
1.144
0.056
2.873
0.674
0.338
0.420
0.854
0.651
0.245
0.932
0.208
0.280
-0.207
0.870
0.294
-0.558
0.003
-0.002
-0.000
-0.250
-0.038
-0.007
0.171
-0.063
-2.768
-0.130
-0.514
-0.062
0.939
-1.326
0.099
-0.442
-0.128
0.076
0.085
0.632
0.116
-2.601
-0.923
-1.948
-1.050
-2.776
-1.994
-1.211
-0.926
0.437
-0.285
-0.257
-0.722
-3.085
-1.905
-1.313
-1.598
0.099
-0.070
-0.027
0.066
-0.027
-0.031
0.174
0.117
-0.100
-0.089
-0.021
-0.132
-0.081
-0.116
-0.289
0.946
-0.088
-0.384
-0.952
-0.558
-0.434
0.217
0.127
-0.146
0.575
0.049
-0.081
-0.441
0.039
0.201
-0.148
0.073
-1.109
-0.577
-0.209
-0.200
-0.849
-1.049
-3.204
-0.798
-1.581
0.247
0.377
-0.041
-0.562
-0.705
-0.046
1.917
-0.068
-0.081
0.039
-0.101
-1.253
-0.125
-0.215
0.138
0.110
-0.081
-0.374
-0.292
-0.095
-0.991
-0.192
-0.046
-0.073
-1.199
0.760
-3.285
-0.394
0.441
-0.341
0.069
-0.327
-0.085
-0.221
-0.554
-0.255
-0.179
-0.035
0.046
0.926
0.221
0.226
0.121
0.124
-0.013
-1.552
0.822
0.984
-0.142
-0.059
-0.081
0.269
-0.081
-0.081
-0.081
-0.308
-0.202
-0.765
-0.960
-0.270
-2.094
-0.053
-0.847
-0.992
-0.030
-0.335
-0.648
-0.145
-2.265
-0.982
0.256
-0.946
-1.510
-0.557
-0.196
-0.222
0.010
1.648
-0.059
0.134
0.025
-0.018
-0.019
-0.142
-0.081
-0.035
-0.646
-0.117
0.944
-1.305
0.348
0.506
0.697
0.168
0.664
-0.243
0.039
1.348
-1.455
-1.161
0.020
-0.248
0.074
0.022
0.157
-0.081
-0.609
-1.701
-0.026
-0.345
0.057
-0.117
0.102
-0.855
-0.097
0.442
0.158
