-0.118
1.121
0.122
0.575
-0.146
-0.182
0.972
0.013
0.579
0.309
0.315
0.468
0.073
0.400
-0.831
0.020
0.015
-0.124
-0.042
0.085
0.669
-1.196
0.031
0.208
0.042
-0.255
0.170
0.320
0.327
0.063
0.049
0.012
-0.126
-0.278
0.152
2.644
1.568
2.366
0.587
2.142
2.339
3.206
-0.003
-0.694
0.436
-0.275
0.159
-0.352
2.828
1.812
1.996
2.165
2.574
3.340
1.887
1.861
1.370
-0.261
0.594
3.301
0.963
0.676
1.370
2.250
1.106
3.005
1.785
0.589
0.065
0.298
1.079
-0.091
0.254
0.404
0.538
3.969
0.538
-1.494
3.077
-0.182
-0.334
0.993
-0.248
0.114
-0.444
0.873
1.818
2.211
1.089
-0.121
-0.460
0.073
-0.174
0.533
0.419
0.247
0.040
0.014
1.543
0.853
0.245
0.219
-0.272
0.065
-0.118
-0.208
0.014
-0.005
-0.002
-0.551
-0.117
0.063
-0.039
-0.002
-0.164
-0.444
0.016
-0.507
-0.001
-0.044
-0.003
0.002
0.003
-0.765
-0.454
1.481
0.065
-0.888
-0.621
0.658
0.020
-0.094
1.936
-0.205
-0.885
0.867
-0.473
0.917
-0.955
0.249
2.706
-0.471
-1.770
0.104
0.145
-0.109
0.233
0.968
0.763
2.002
1.109
-0.079
0.970
1.788
2.006
2.946
2.554
1.618
1.685
-0.239
0.718
2.581
1.497
-0.308
-0.585
0.049
0.999
0.917
0.268
0.652
2.053
0.064
-0.003
-0.292
1.114
1.502
1.467
0.590
1.927
0.995
-0.068
1.919
-0.217
0.345
0.364
0.048
-0.066
-0.843
-0.065
0.017
0.045
0.555
-0.229
1.594
1.210
-1.200
0.424
0.675
0.644
-0.010
1.149
0.431
-0.239
-0.055
-0.046
0.030
3.054
1.826
0.557
-0.010
0.516
-0.021
-1.027
0.558
0.378
-0.371
-1.034
-0.184
2.390
2.034
1.303
3.227
0.567
1.556
1.182
0.875
1.701
1.041
1.688
1.526
0.727
2.464
1.961
0.952
4.165
-0.402
-1.132
0.899
0.324
0.692
0.128
0.837
0.591
0.521
3.228
0.035
0.495
-0.058
1.205
1.471
-0.580
1.330
0.312
0.472
1.052
1.086
2.425
-0.009
-0.343
0.949
1.009
0.527
1.198
0.771
-1.791
0.179
-0.573
0.013
0.296
0.923
-0.316
0.318
0.026
-0.234
1.157
-0.305
0.947
0.412
1.652
-0.501
0.532
0.795
0.424
1.096
1.108
0.004
-0.105
-0.014
-0.344
1.437
2.176
-0.648
-0.408
-0.270
-0.011
-0.268
0.234
0.164
2.278
0.171
3.072
0.879
-0.237
-0.017
0.284
0.003
-0.650
-1.796
-0.948
0.030
0.093
-0.714
0.085
-0.271
1.185
2.721
1.215
0.098
-0.029
-0.274
0.073
0.274
0.236
0.038
0.830
-0.006
0.701
0.221
0.034
1.526
1.645
0.070
0.249
0.993
0.307
1.155
0.410
0.226
0.140
-0.290
0.532
1.433
-0.377
0.419
-0.202
-0.377
0.293
-0.486
-0.108
2.868
2.260
0.987
1.240
1.086
0.776
0.097
1.751
2.863
1.230
0.123
0.480
0.020
0.808
0.826
1.185
0.968
3.140
0.060
2.081
-0.545
1.603
1.264
1.112
0.414
1.032
-0.077
-0.180
-0.498
0.397
0.991
-0.180
-0.464
-1.203
0.817
0.184
0.201
-0.228
0.437
0.856
-0.236
-0.553
-0.361
-0.310
-0.230
0.234
1.171
0.268
0.266
0.192
1.821
0.778
0.090
0.370
0.902
0.158
-0.105
0.712
1.385
2.523
0.126
0.091
-0.056
0.860
-0.268
0.190
-0.507
0.107
0.574
-0.747
1.549
0.634
0.607
0.162
0.089
0.586
1.223
0.096
0.056
0.105
-0.654
0.208
-0.307
-0.446
0.606
-0.451
1.528
0.890
2.991
0.136
-1.652
-0.491
-0.252
0.024
-0.292
0.213
-1.186
-0.884
-1.202
-0.308
-0.704
0.185
-0.521
-0.478
0.129
1.134
-0.580
1.445
-0.634
-0.379
1.479
-0.535
-0.189
2.423
0.209
0.281
-0.021
0.331
-0.094
0.341
0.265
0.181
-0.878
0.285
1.195
0.373
1.871
1.051
1.195
0.496
1.329
1.921
-0.292
-0.505
-0.162
0.422
0.300
1.694
0.340
1.278
0.438
2.341
0.929
1.012
0.338
0.024
1.393
0.417
0.458
0.935
2.455
1.281
1.426
-0.086
-0.139
-0.717
-0.157
0.162
-0.001
-0.621
0.106
0.552
0.107
0.116
0.568
-0.207
0.078
0.361
0.532
0.679
0.299
2.149
2.061
0.788
-0.125
-0.737
-0.223
-0.026
1.412
0.186
0.768
0.337
0.052
-0.420
0.216
1.166
0.401
1.041
0.344
0.581
0.986
3.068
1.125
1.014
-0.298
0.315
0.185
1.640
0.110
0.089
-0.214
-0.288
0.457
0.199
0.193
0.019
-0.002
-0.314
0.689
0.179
-0.246
0.461
0.215
0.090
0.411
0.868
-0.272
-0.375
1.004
-0.179
2.126
0.803
0.815
8.964
1.316
1.015
-0.009
0.934
-0.318
-0.026
-0.594
0.386
-0.160
-0.516
-0.135
-0.529
-0.393
-0.200
-0.209
0.485
0.538
-0.595
-0.032
0.104
-0.006
-0.073
0.196
0.200
0.303
0.191
0.176
0.779
0.544
0.361
1.328
0.874
0.369
1.005
0.822
-0.098
0.932
0.822
1.337
1.118
0.809
3.493
1.056
0.209
-0.917
0.552
0.031
-0.109
0.206
-0.696
-0.443
0.468
-0.077
0.710
1.437
0.507
0.845
0.252
-0.937
-0.039
-0.455
-0.790
-0.406
0.541
0.398
0.964
-0.328
-0.675
0.783
0.732
0.020
-0.257
-0.189
-1.040
1.277
0.149
0.737
0.830
0.879
0.422
-0.301
0.249
-1.306
1.360
-0.482
0.662
0.007
