0.252
1.807
0.709
0.136
-0.002
0.246
0.050
0.041
0.241
0.117
0.228
-0.203
0.046
-0.202
0.140
1.826
1.072
0.844
0.621
0.232
-0.958
1.319
-0.124
-0.020
0.152
0.222
0.196
0.173
-0.860
0.289
-0.390
0.054
0.264
0.437
0.217
-2.904
-0.878
-2.519
-0.910
-2.442
-2.577
-3.463
0.271
0.317
0.251
-0.206
-0.088
-0.506
-1.502
-1.768
-1.331
-1.650
-2.035
-4.214
-1.898
-1.621
-1.147
0.107
-0.206
-2.394
-0.250
-0.816
-1.002
-1.838
-1.348
-0.773
-1.571
-1.118
-0.250
-0.617
-0.521
0.199
0.184
-1.224
0.250
-0.406
0.038
0.372
-2.900
-0.141
0.271
-0.165
-0.466
-0.015
-0.494
0.185
-0.155
-1.822
0.032
-0.551
0.784
0.321
0.271
0.231
0.039
0.271
0.115
-0.228
-0.556
-0.454
-0.140
-0.794
0.219
-0.110
-0.182
0.143
-0.081
0.271
0.259
0.271
-0.088
-0.253
0.271
-0.053
0.247
0.128
-0.146
-0.164
0.243
0.253
0.063
-0.054
0.125
0.236
0.271
-0.236
0.149
0.271
0.283
0.408
0.081
0.938
-0.587
-0.769
0.893
0.004
1.788
1.203
2.036
0.063
-0.030
2.265
1.773
0.435
0.235
0.277
0.010
0.128
0.096
-2.462
0.072
-0.170
-1.276
-1.652
-0.574
-3.919
-3.636
-3.922
-3.204
0.222
0.246
-1.939
-0.235
-2.135
0.019
0.110
-0.759
-0.161
-0.773
-0.531
-0.369
-0.031
-0.099
0.189
-0.972
-2.343
-0.695
-0.086
-0.126
-1.650
-0.247
-3.179
0.271
-0.873
-0.119
0.403
0.405
-0.215
0.304
0.490
-0.988
0.981
0.992
-0.526
-1.228
0.585
-1.037
-1.052
-0.216
0.238
-0.093
0.233
1.243
0.024
0.218
0.263
-3.870
-2.624
-0.238
-0.530
0.236
0.271
1.628
0.311
-0.219
0.604
0.688
0.292
-0.505
-1.694
-2.099
-1.940
-0.813
-0.474
-1.059
-0.592
-0.438
-0.401
-0.367
-0.943
0.166
-1.820
-1.027
-2.373
-3.997
0.219
1.255
-1.427
0.276
-0.576
-0.139
-0.529
0.221
0.271
-0.842
-0.247
0.328
-0.806
0.141
-0.346
0.433
-0.513
-0.903
-0.257
0.044
0.241
-0.523
0.082
-0.897
-1.108
-0.852
-0.456
-1.295
-1.035
1.236
-0.426
0.636
-0.478
0.855
-0.299
0.145
-0.400
0.271
-0.358
-0.793
0.227
-1.523
-1.204
0.271
-0.212
-0.196
0.106
0.391
-1.807
-0.433
-0.360
0.295
0.191
0.024
0.251
-1.518
0.130
-0.275
0.125
0.271
0.141
-0.663
-1.203
-1.609
0.347
0.365
-0.191
0.260
-1.515
-0.398
0.290
0.316
1.964
1.439
0.221
-0.581
2.266
-0.942
0.122
0.262
-1.739
-0.198
-0.014
-0.784
0.309
0.271
0.285
0.401
0.250
-0.379
0.133
-0.356
-0.203
0.271
-2.992
-1.260
-0.375
-0.380
-0.533
-0.327
-1.127
0.022
-0.682
-0.274
0.362
0.192
-1.205
0.271
-1.300
-2.869
-1.191
-1.631
0.932
0.186
-3.120
-1.392
-0.778
-1.185
-2.068
0.082
-0.315
-0.202
-2.617
-0.697
0.184
0.271
0.271
-0.133
-0.470
0.179
-1.037
-1.300
0.173
-3.546
-0.121
-0.200
-0.237
-0.505
0.111
-0.465
0.877
-0.250
-0.158
-0.025
-0.481
0.203
0.271
0.402
0.089
-0.056
-0.270
0.151
-0.478
-2.250
-0.499
-0.071
0.834
0.090
0.600
0.064
-0.200
0.085
-1.460
-0.284
-1.131
-2.644
-2.987
-2.440
-1.167
-0.751
-1.351
-0.015
-0.791
-3.940
0.011
0.271
-0.254
-0.604
0.400
0.165
0.271
-0.108
-0.585
-0.038
-1.847
-0.596
-0.487
0.273
0.271
-0.288
-0.434
-0.080
0.231
0.034
0.235
-0.020
0.198
1.382
-0.430
0.088
-1.207
-1.896
0.271
0.193
0.302
0.754
0.221
0.419
0.271
0.217
0.753
0.633
1.262
2.771
-0.115
-0.422
3.344
0.399
0.058
0.070
-0.776
0.462
0.342
0.614
0.014
0.278
-0.143
0.696
0.674
-2.129
-0.734
0.135
-1.348
0.219
0.104
0.025
0.176
-0.189
-1.770
0.147
-1.559
-0.518
-0.923
-0.771
-1.169
-1.825
0.018
0.341
0.862
0.096
-0.342
-0.970
-0.139
-1.195
-0.212
-2.869
-0.313
-0.153
-0.698
0.043
-0.739
-1.180
0.270
-0.326
-2.058
-1.334
-0.619
0.197
-0.325
0.250
-0.132
0.239
0.471
0.500
-0.400
-0.016
-0.290
0.200
0.149
-0.090
0.271
0.252
-0.204
-1.197
0.118
-1.466
-1.867
0.259
0.125
0.259
0.242
0.094
0.249
0.341
1.268
0.245
0.355
-0.140
0.654
-1.067
-0.784
-0.992
-0.409
-1.250
-0.908
-3.203
-2.117
-1.238
-0.027
-0.095
-0.105
0.271
-0.472
0.258
0.172
-0.139
-0.419
0.176
0.216
-0.137
0.016
-1.219
0.088
0.088
0.230
-0.000
0.016
-0.049
-0.822
0.082
0.051
-0.611
-1.357
-0.538
-1.114
-1.215
-0.197
-0.109
-0.723
-0.686
0.271
0.271
0.386
-0.270
0.191
0.271
0.271
0.549
0.271
0.271
0.271
0.271
0.271
0.216
0.147
0.450
0.268
0.497
0.258
0.038
-0.396
0.078
-0.006
-1.025
-0.404
0.188
-0.897
0.271
-1.568
-0.397
-0.542
-0.368
0.252
-0.365
-2.049
-0.612
-1.371
-0.232
-0.590
-1.498
-1.820
0.066
0.153
-0.090
1.407
0.450
0.117
0.364
-0.221
0.087
0.271
-0.778
0.271
0.271
-0.325
-0.145
1.031
-0.079
0.484
0.250
0.271
0.007
1.143
-0.121
0.285
1.108
-0.924
-1.525
0.271
0.219
0.324
0.510
-0.662
0.338
-0.361
0.265
-0.409
-0.922
0.271
-0.495
0.561
-1.511
0.207
1.274
0.327
