0.399
0.033
0.019
0.394
0.038
0.033
0.707
0.547
1.013
0.092
0.361
0.864
0.662
0.445
-0.667
0.001
-0.174
-0.139
0.177
-0.388
0.118
-1.425
-0.068
0.012
0.076
0.100
0.033
0.051
0.162
0.252
0.033
-0.093
-0.137
0.009
-0.187
2.151
1.825
2.539
0.860
1.543
1.560
3.554
-0.042
0.019
0.165
-0.160
0.033
0.004
3.084
2.183
2.363
1.397
2.065
2.606
2.161
1.580
1.396
0.014
1.165
3.644
1.074
1.165
1.188
1.384
1.087
2.344
1.611
0.915
0.150
0.051
1.230
-0.015
0.128
0.191
0.033
0.602
-0.000
-1.383
3.606
-0.165
-0.224
1.318
0.506
0.090
-0.333
0.217
1.360
2.523
1.013
0.252
-0.003
0.351
0.102
0.423
0.033
0.033
0.100
-0.087
1.797
1.116
0.299
-0.086
0.054
0.090
0.075
0.015
0.084
0.029
-0.057
-0.627
0.127
0.381
-0.454
-0.009
-0.226
-0.152
0.085
0.008
-0.011
0.025
0.184
-0.065
-0.294
-0.790
-0.263
1.221
-0.169
-0.280
-0.879
0.584
0.033
-0.570
0.093
0.033
-1.660
0.166
-0.055
0.039
-0.057
0.705
0.498
-1.838
-1.924
0.033
0.043
-0.099
0.033
0.033
2.834
1.239
1.015
0.177
0.615
1.955
0.991
2.883
2.458
1.901
1.701
0.033
0.785
2.114
2.116
0.140
0.033
0.065
1.482
1.328
0.348
0.383
2.436
-1.207
-0.050
-0.118
0.811
1.428
2.106
0.383
0.651
1.278
0.179
1.697
-0.007
0.193
0.405
0.033
0.328
-0.299
-0.281
0.089
-0.053
0.063
-0.950
-0.161
0.033
-0.052
0.332
0.312
1.047
0.038
0.593
0.731
-0.251
0.033
0.282
0.033
2.892
3.387
0.910
0.265
0.423
0.188
-0.373
0.140
0.410
-5.966
-0.445
-0.090
2.550
2.287
1.433
2.040
0.712
2.295
0.919
1.016
1.802
0.876
1.103
0.350
0.600
1.539
1.353
2.477
3.475
-0.348
-2.257
1.434
0.128
0.942
0.216
0.965
0.268
-0.775
3.457
0.450
0.056
0.033
1.654
2.349
-0.126
0.861
0.325
0.063
1.037
0.531
2.941
0.036
0.640
1.385
0.772
0.089
1.844
1.059
-1.102
0.280
-0.033
0.515
-0.089
1.449
0.008
0.023
-0.132
-0.596
1.020
0.033
0.142
0.451
0.404
-0.197
0.026
0.211
0.364
1.578
1.270
0.590
0.033
0.212
0.033
0.155
2.518
-0.297
-0.041
-0.136
0.019
-0.168
-0.035
-0.753
3.132
-0.840
-0.088
0.241
0.033
2.410
0.088
1.144
-0.739
-3.375
-1.925
-0.077
-1.341
-0.311
0.859
0.031
0.206
2.744
0.212
-0.539
-0.094
-0.200
0.033
0.113
0.054
0.197
0.053
0.033
0.262
0.033
0.111
1.861
1.226
0.033
0.643
1.175
0.584
1.099
0.226
0.546
0.115
0.033
0.528
2.628
-0.491
0.413
0.696
-0.034
0.303
-0.197
-0.070
2.888
1.122
1.021
1.486
1.999
0.505
0.041
1.404
1.949
0.768
0.058
0.033
0.033
0.966
0.033
0.475
-0.089
1.222
-0.008
3.156
-0.251
1.563
1.170
0.930
0.685
1.919
0.046
1.408
1.004
0.033
0.055
-0.278
-0.179
-0.852
0.415
0.996
1.788
0.033
-0.012
0.216
0.486
-0.959
0.309
0.012
-0.164
0.045
1.210
1.285
0.628
-0.193
2.349
2.103
-0.116
1.890
2.587
1.454
1.425
-0.451
2.991
3.396
0.234
1.144
-0.190
0.342
-0.343
0.238
0.107
0.040
0.288
0.033
1.177
0.458
1.133
-0.036
0.070
0.142
1.599
0.404
-0.028
-0.398
-0.845
0.065
0.033
-0.237
0.166
0.033
1.761
1.086
-0.007
-0.066
-0.623
-0.842
-0.430
-0.091
-0.538
-0.043
-1.063
-0.751
-1.955
-1.517
-0.189
-0.434
-0.390
-0.294
0.044
0.466
0.132
2.040
-0.822
0.033
0.939
-0.193
0.421
1.070
-0.326
0.203
0.011
0.031
0.048
0.032
0.344
0.303
-0.611
0.166
2.552
0.154
2.629
0.625
0.121
0.033
1.310
2.414
0.422
0.020
0.195
0.204
0.203
1.064
0.053
1.716
0.678
2.655
1.245
0.143
0.243
0.162
1.037
0.250
0.231
0.788
1.186
1.249
2.161
0.161
0.036
0.013
0.155
0.063
0.300
0.033
0.046
0.161
0.168
0.264
0.148
0.103
0.473
0.033
0.045
0.138
0.146
2.084
2.049
0.084
-0.010
-0.184
-0.029
0.253
0.677
0.046
0.386
0.230
0.290
0.109
0.156
0.865
0.125
1.449
0.065
1.424
1.333
3.269
0.918
0.947
0.207
0.342
0.355
1.220
0.163
0.033
0.019
0.038
0.532
0.505
0.229
0.305
0.152
-0.051
0.233
0.015
0.087
0.768
0.597
0.494
0.650
1.020
0.013
-0.608
0.999
-0.124
3.999
0.294
0.125
0.567
0.653
1.152
-0.159
0.359
0.038
0.008
-0.505
0.095
-0.440
-0.470
0.033
-0.058
-0.061
0.033
0.033
1.191
1.885
-0.177
0.058
0.189
-0.082
0.577
0.120
0.012
0.275
0.175
0.123
0.791
1.022
0.053
1.622
0.781
0.852
1.470
1.573
0.141
1.003
0.362
1.619
0.813
0.555
3.893
0.061
-0.539
0.550
1.291
-0.113
0.364
0.260
-1.305
-1.012
0.701
0.372
1.886
-0.425
0.033
1.328
0.618
-0.941
0.033
-0.573
-0.796
0.033
0.023
-1.383
2.063
-0.112
-0.737
0.415
0.602
-0.021
0.041
-0.084
-0.596
0.993
0.033
0.736
0.831
0.294
0.068
0.011
-0.236
-0.642
2.324
-0.188
0.364
0.033
