0.456
0.039
-0.205
0.269
0.036
-0.095
0.036
0.268
0.537
0.078
0.336
0.324
0.154
0.069
-0.262
-0.092
-0.175
-0.153
0.233
0.200
0.294
-2.046
0.114
0.006
0.243
0.142
0.117
0.506
0.794
0.014
0.270
0.076
0.407
0.102
0.063
3.412
2.510
2.895
0.728
1.342
2.558
4.809
-0.223
-0.027
0.082
-0.270
0.070
0.175
1.419
2.260
3.011
1.914
2.363
3.105
2.615
1.654
1.101
-0.044
0.700
4.241
0.341
2.342
2.072
2.868
2.351
2.943
2.033
0.906
-0.082
0.411
1.648
-0.149
-0.075
0.486
2.278
2.903
1.291
-0.518
2.818
-0.168
-0.621
0.854
0.525
0.731
0.260
0.733
1.936
2.893
0.992
0.705
-0.270
0.725
-0.089
0.787
0.807
1.003
0.359
-0.317
1.592
1.785
0.201
-0.090
0.273
0.401
0.401
-0.330
0.000
0.085
-0.012
-0.101
0.069
0.026
-0.235
-0.045
-0.068
-0.108
0.109
-0.069
0.007
0.041
0.126
0.005
-0.140
-0.331
-0.134
1.620
0.138
-0.704
-1.025
0.500
-0.098
0.229
1.049
-0.013
-1.026
0.991
1.288
0.495
-0.030
0.924
0.513
-0.030
-2.154
0.118
-0.105
0.014
0.028
1.287
3.018
1.464
1.182
0.161
0.891
2.418
1.944
2.753
2.697
0.374
2.680
-0.030
-0.005
1.975
1.261
0.290
0.097
-0.140
1.445
1.726
0.109
0.718
2.482
-0.164
0.430
-0.294
1.370
2.583
2.700
0.449
1.130
1.375
-0.136
2.847
-0.020
1.053
0.836
0.150
0.064
-0.593
-0.190
0.240
0.027
1.207
0.274
2.747
2.327
-0.030
0.573
0.801
0.479
0.022
1.027
0.289
-0.153
0.076
0.310
-0.010
2.641
2.225
0.463
0.056
0.533
0.243
-1.467
0.575
0.130
-2.296
-1.315
-0.199
2.751
2.695
1.005
3.007
0.428
2.253
1.095
0.806
1.161
1.418
1.670
1.574
0.651
2.544
1.717
1.139
2.912
0.248
-0.789
1.440
0.320
1.331
0.727
1.201
0.078
-0.202
3.941
-0.164
0.617
0.018
1.925
1.483
0.323
1.524
0.048
0.433
1.730
0.443
2.518
0.254
0.996
1.073
0.536
0.595
1.799
1.031
-2.275
0.227
-0.728
-0.047
-0.021
0.829
-0.102
1.081
-0.024
0.420
0.980
-0.011
-0.037
0.357
0.172
0.084
0.577
0.142
1.502
0.796
0.801
0.161
0.771
-0.132
-0.030
0.039
2.515
-4.761
0.034
-1.213
0.056
-0.004
1.010
-0.152
2.578
-0.333
0.224
1.928
1.792
1.631
-0.129
0.303
-0.917
-2.839
-2.064
0.133
0.033
-1.300
0.069
0.269
2.069
2.403
1.184
0.376
0.193
0.182
-0.004
-0.056
0.018
0.246
0.301
0.252
0.252
0.137
0.091
1.221
1.940
0.067
-0.095
0.840
0.317
1.658
0.303
0.231
0.006
-0.183
0.604
1.949
-1.048
0.582
1.500
-0.166
0.443
-0.336
-0.087
2.777
1.584
1.067
1.509
1.540
0.880
0.143
1.476
2.474
1.372
0.434
0.155
0.064
0.673
0.915
1.100
0.699
1.488
0.042
2.153
-0.509
2.875
1.650
0.846
0.832
1.374
1.581
0.395
0.455
1.151
0.850
1.653
-0.592
-0.581
1.568
1.640
1.113
-0.128
0.886
1.099
0.785
0.110
-0.090
-0.081
0.405
1.030
1.475
1.252
2.198
-0.412
1.931
1.403
1.233
0.362
1.660
1.942
2.681
0.417
2.015
2.165
-0.001
0.652
-0.013
0.057
0.203
0.205
0.410
-0.156
1.112
0.773
1.420
0.571
0.700
-0.111
0.102
0.309
-0.026
0.369
0.104
-0.030
-0.030
0.199
-0.262
0.301
0.082
-0.046
2.213
0.952
0.524
-0.055
-1.239
-0.302
-0.239
-0.248
-1.012
-0.024
-1.497
-0.941
-1.493
-0.764
-0.793
0.230
-0.609
-0.530
-0.121
1.134
0.062
3.728
-0.829
-0.351
2.838
-0.423
1.622
1.913
0.173
1.466
0.088
0.202
0.338
0.148
0.427
1.210
-0.034
0.106
1.593
0.444
2.566
0.488
1.247
0.886
0.956
2.206
0.051
-0.237
0.125
-0.150
1.109
1.225
0.454
1.681
0.746
3.003
1.310
0.121
0.243
0.234
0.979
0.231
0.613
0.458
1.794
0.668
1.432
0.056
0.017
-0.057
-0.030
-0.111
-0.063
-0.503
0.112
0.327
0.238
0.185
0.485
0.272
0.003
-0.026
0.807
0.172
0.232
1.706
1.749
1.201
0.427
-0.745
-0.030
-0.030
-0.043
-0.109
0.123
0.058
0.113
0.178
0.411
0.869
0.320
0.508
1.186
0.539
0.978
2.663
1.110
1.048
0.138
1.663
0.122
0.153
-0.030
0.217
0.057
0.037
0.699
1.368
0.272
1.002
0.343
-0.343
0.146
0.185
0.043
0.934
0.113
-0.022
0.487
1.568
0.606
-0.155
1.090
-0.281
3.786
1.388
0.006
0.335
0.861
0.928
1.368
2.212
-0.066
0.070
-0.414
0.273
-0.102
-0.435
0.134
-0.474
-0.074
0.153
-0.030
3.979
2.191
0.166
0.168
1.167
0.375
0.798
0.488
0.901
0.494
0.163
0.128
0.610
0.356
0.109
1.971
1.595
0.954
0.582
0.267
0.456
0.962
0.390
1.347
1.724
1.466
4.833
1.742
0.004
2.051
0.741
-0.345
0.047
0.355
-0.605
-0.099
2.033
0.846
1.112
0.266
0.674
1.378
0.525
-0.779
-0.030
-0.537
-0.976
0.013
0.594
0.180
0.709
-0.077
-0.567
0.962
0.812
-0.164
-0.182
-0.167
-0.739
1.130
0.271
0.410
0.297
1.109
0.051
-0.350
0.290
-0.949
1.970
-0.136
0.124
-0.090
