0.084
-0.172
0.002
-0.234
-0.014
-0.131
-0.031
-0.276
-0.468
-0.158
-0.383
-0.474
-0.031
-0.050
0.268
0.121
0.033
0.164
-0.011
0.010
-0.632
2.397
1.134
-0.021
-0.011
-0.216
-0.026
-0.044
-0.702
-0.011
0.134
0.106
-0.249
-0.445
-0.129
-3.300
-1.963
-2.540
-0.257
-1.888
-2.374
-2.432
0.155
-0.011
-0.678
0.001
-0.016
0.530
-1.772
-2.338
-2.565
-1.714
-2.620
-2.285
-1.992
-2.079
-1.605
-0.064
-0.664
-3.964
-0.918
-1.189
-1.566
-1.996
-1.479
-3.999
-1.615
-0.034
0.283
-0.160
-1.032
0.928
1.767
-0.011
-0.577
-2.304
-1.046
0.768
-2.594
-0.131
0.718
-1.558
-0.011
-0.011
-0.011
0.062
-0.672
-2.217
-0.117
0.169
0.226
-0.011
0.050
-0.793
-0.471
0.002
-0.011
-0.011
-0.596
-0.747
-0.011
-0.011
-0.106
-0.028
0.164
0.401
0.086
0.052
0.060
0.143
0.099
0.013
0.098
0.063
0.141
0.182
0.046
0.234
0.083
0.124
0.003
0.089
0.064
0.240
0.150
-2.016
0.441
0.319
0.382
-0.114
-0.057
0.441
-0.017
-1.108
1.810
-0.675
0.079
0.218
0.473
-0.042
-0.007
0.891
0.581
-0.103
-0.053
-0.011
-0.303
-0.133
-0.354
-2.061
-0.401
0.222
-0.036
-2.304
-2.533
-3.968
-2.422
-3.730
-2.522
-0.158
0.015
-1.732
-2.110
-0.368
0.001
0.036
-0.864
-0.077
-0.211
-0.854
-1.165
-0.009
0.554
0.453
-0.706
-1.560
-1.408
-0.533
-1.240
-0.398
-0.043
-2.740
0.187
-0.606
-0.568
-0.011
0.035
0.139
0.397
0.199
0.146
-0.183
-0.011
-4.078
-1.424
0.886
-1.080
-0.435
-0.456
-0.119
-0.031
-0.172
-0.027
-0.011
0.007
-0.011
-4.261
-3.089
-0.411
0.402
-0.188
-0.026
0.475
-0.348
-0.070
0.253
0.362
-0.067
-4.599
-2.795
-1.045
-2.637
-0.255
-2.759
-1.326
-0.834
-0.585
-0.011
-1.318
-1.200
-0.447
-1.748
-1.039
-1.426
-4.856
0.772
0.531
-0.790
-0.096
-0.851
-0.058
-0.842
0.435
0.263
-0.964
-0.082
-0.795
0.411
-1.993
-1.341
0.259
-0.090
-0.116
0.141
-1.503
-0.300
-1.579
0.088
0.361
-0.806
-0.502
0.113
-1.398
-0.177
1.194
-0.071
1.081
-0.303
0.009
-0.262
0.078
-1.117
-0.105
0.142
-0.778
-0.011
-0.343
-0.488
-0.883
-0.156
0.808
-0.370
-1.864
-0.596
-0.721
0.051
0.103
-0.516
0.260
0.357
-1.450
-0.016
-0.031
-0.022
0.039
-0.215
-0.011
0.842
-2.473
1.355
-0.343
-0.245
-0.011
-1.369
-0.055
-0.395
0.163
2.935
2.545
-1.212
0.063
1.004
-0.095
0.454
-0.637
-3.156
-0.831
0.209
-0.464
0.086
0.067
-0.089
-0.074
-0.024
-0.643
-0.035
-0.600
0.064
-0.009
-2.972
-1.097
-0.011
-0.417
-0.244
-0.011
-1.388
-0.754
-0.029
0.309
-0.088
-0.070
-1.467
0.217
-0.409
0.053
0.592
-0.272
0.310
0.092
-3.419
-2.155
-1.087
-1.322
-1.925
-0.468
-0.056
-1.510
-1.098
-1.194
0.541
-0.128
-0.153
-0.128
-0.314
-0.051
-0.112
-2.583
-0.241
-1.858
-0.005
-0.138
-1.619
-0.646
-0.455
-2.050
0.073
0.021
-0.004
-0.028
0.196
-0.037
-0.009
0.867
-0.038
-0.014
0.004
-0.011
-0.023
-0.438
-0.566
0.112
-0.045
0.005
0.090
0.054
-0.235
0.245
-0.208
-0.011
-0.677
-1.196
-1.114
-0.404
-0.700
-1.424
1.200
-0.011
-2.992
-3.354
-0.014
-0.219
-0.011
-0.485
0.074
-0.382
0.200
-0.438
-0.405
0.369
-0.984
-1.022
-0.825
0.299
-0.374
-0.941
-0.793
-0.173
0.022
-0.183
0.239
-0.001
-1.105
-0.042
-0.578
0.342
-1.775
-0.873
-0.095
0.085
1.222
1.079
0.043
0.040
1.110
-0.314
0.676
0.907
1.075
2.707
0.353
-0.357
0.422
0.064
0.361
-0.189
0.051
-1.220
0.735
0.276
-1.709
0.536
-0.137
-2.094
1.437
-0.441
0.184
-0.228
1.149
-0.029
-0.178
-1.168
0.481
-0.130
-2.244
-1.159
-3.821
-1.944
-0.620
-0.248
-1.300
-2.309
-0.097
0.063
-0.367
-0.995
-0.774
-1.907
-0.011
-1.263
-0.178
-2.521
-1.125
-0.088
-0.031
-0.182
-1.007
-0.233
-0.255
-1.143
-3.011
-1.359
-1.638
-0.011
-0.092
0.026
0.002
-0.066
-0.023
1.431
-0.011
-0.048
-0.025
-0.352
-0.022
0.039
0.045
-0.011
-0.088
-0.125
-0.181
-2.189
-1.839
-0.322
-0.226
0.681
-0.004
-0.749
-0.244
-0.099
-0.427
-0.002
0.007
0.032
-0.791
-0.789
-0.165
-1.527
-0.507
-0.246
-1.334
-2.915
-0.878
-0.812
0.100
-0.075
-0.156
-0.935
-0.598
0.090
0.671
0.086
-0.449
-0.710
-0.044
0.015
-0.345
0.079
-0.512
-0.013
0.030
-0.754
-0.173
-0.189
-0.435
-0.596
0.100
0.296
-0.721
0.421
-3.370
-0.223
-0.011
-0.659
-0.152
-1.493
0.078
-0.868
-0.320
-0.042
0.069
-0.320
0.020
0.455
-0.363
0.091
0.136
0.112
0.103
-2.027
-0.397
0.267
-0.060
-0.116
0.078
-0.133
-0.060
0.797
-0.130
-0.235
-0.005
-0.082
-0.125
0.034
-1.328
-0.204
-0.074
-1.160
-0.998
0.050
-1.470
-0.362
-1.367
-1.094
-0.226
-4.698
-1.251
0.070
0.663
-0.507
0.229
0.139
-0.205
0.204
-0.068
-0.165
-0.078
-0.725
0.044
-0.507
-2.192
-1.154
0.816
-0.274
0.137
0.284
0.249
-1.225
-0.911
-1.151
0.012
0.445
-0.364
-0.432
0.078
0.138
0.031
0.278
-0.314
-0.100
-0.780
-1.186
-0.441
-0.133
0.054
0.358
2.024
-1.348
-0.117
-0.346
-0.057
