-0.180
-0.223
0.058
-0.338
-0.084
-0.204
-0.343
-0.266
-0.448
-0.158
-0.382
-0.609
-0.563
-0.753
0.058
0.083
0.433
0.267
-0.025
0.040
-0.283
1.451
0.810
-0.118
-0.073
-0.242
-0.104
-0.240
-0.310
-0.092
0.089
-0.061
0.564
0.168
0.335
-2.813
-1.961
-2.955
-0.650
-1.741
-2.312
-3.579
0.085
0.294
-0.044
0.050
-0.254
-0.107
-2.986
-2.190
-3.018
-1.840
-2.884
-3.355
-2.153
-1.522
-1.207
-0.263
-0.965
-2.522
-1.122
-1.286
-1.325
-1.961
-1.404
-2.039
-1.671
-0.759
-0.443
-0.594
-1.368
0.091
-0.024
-0.390
-1.355
-2.207
-1.159
1.641
-4.897
0.003
0.293
-2.425
-0.482
-0.694
-0.123
0.073
-1.308
-3.220
-0.822
-0.024
0.252
-0.522
-0.144
-0.766
-0.405
0.364
0.025
0.086
-3.330
-1.832
-0.778
-0.234
-0.362
-0.843
-0.246
0.178
-0.053
-0.042
0.093
0.261
-0.076
-0.210
0.107
0.103
0.188
0.148
-0.021
0.146
0.095
0.083
-0.036
0.016
0.107
0.288
0.194
-1.501
-0.008
0.605
-0.020
-0.171
-0.017
0.411
-0.411
-0.130
0.713
-2.165
-0.051
-0.264
0.819
-0.107
-0.150
1.859
1.481
-0.186
-0.255
-0.116
-0.199
-0.659
-0.520
-2.037
-0.555
-0.063
-0.957
-2.164
-2.145
-2.695
-2.850
-3.707
-3.660
-0.236
-1.364
-3.089
-2.086
-0.903
0.211
-0.144
-1.597
-1.735
-0.270
-0.590
-1.022
0.174
-0.003
0.168
-0.747
-1.699
-1.345
-0.455
-1.399
-0.399
0.091
-2.142
-0.049
-0.496
-0.671
-0.579
-0.338
0.347
0.395
-0.044
-0.115
-0.528
-0.164
-3.270
-1.473
0.404
-0.404
-0.662
-0.462
-0.222
-0.416
-0.099
0.058
-0.133
-0.160
-0.303
-3.674
-3.323
-1.024
-0.113
-0.742
-0.126
1.096
-0.256
-0.282
0.056
0.384
0.140
-3.719
-2.636
-1.490
-3.163
-0.337
-0.937
-1.412
-0.965
-0.993
-1.378
-1.484
-1.324
-0.954
-2.142
-1.866
-1.222
-3.312
-0.015
1.293
-1.608
0.012
-0.819
-0.317
-1.113
0.091
-0.149
-2.746
-0.115
-0.620
0.688
-1.568
-1.812
0.153
-0.718
-0.432
0.066
-0.925
-0.730
-1.468
-0.172
0.261
-0.979
-0.859
0.089
-0.906
-0.829
1.044
0.197
0.736
-0.369
-0.061
-0.334
0.114
-0.922
-0.055
0.286
-1.038
-0.434
-1.266
-1.007
-0.692
0.283
-0.449
-0.377
-1.286
-1.392
-0.819
-0.141
-0.292
-0.220
-0.153
-0.707
-3.233
0.120
-0.031
0.044
-0.010
-0.244
0.029
-0.105
-2.127
0.938
0.128
-1.293
-0.982
-1.229
-0.093
-0.332
0.887
1.928
1.127
0.635
-0.368
1.276
-0.433
-0.172
-0.310
-1.865
-0.837
-0.236
-0.364
0.118
-0.011
0.024
-0.151
-0.134
-0.412
0.230
-0.754
0.199
-0.030
-1.705
-1.261
-0.375
-1.111
-0.912
-0.182
-1.285
-0.308
-0.526
-0.147
0.065
-0.633
-1.522
1.026
-0.447
-0.186
-0.064
-0.226
0.107
0.104
-2.965
-2.318
-1.347
-2.182
-1.766
-0.473
-0.235
-1.709
-1.971
-1.185
-0.497
-1.375
0.119
-0.469
-1.193
-1.050
-0.608
0.002
-0.207
-2.426
0.520
-1.284
-0.941
-1.803
-0.634
-1.537
0.174
-0.117
-0.127
-0.100
-0.152
0.017
0.029
1.681
0.024
-0.023
-0.334
-0.320
-0.688
-1.214
-0.768
0.619
-0.077
-0.145
-0.130
-0.234
-0.784
-0.137
-1.268
0.162
-2.128
-1.311
-1.178
-0.706
-0.961
-1.635
-1.647
-0.284
-1.729
-2.740
-0.078
-0.760
-0.108
-0.899
0.106
-0.199
-0.441
-0.273
-0.661
-0.025
-1.348
-0.394
-0.669
-0.151
-0.371
-0.290
-0.754
-0.291
-0.264
0.071
0.356
0.023
0.324
0.159
-0.332
1.527
-1.995
-0.892
-0.234
-0.093
1.207
0.347
0.090
0.337
0.283
-0.316
0.886
0.659
0.994
1.099
0.867
0.294
-0.088
0.102
0.083
-0.812
0.479
-1.672
0.636
0.618
-1.598
0.096
-0.977
-1.678
0.196
-1.213
-0.093
-0.179
-0.256
-0.208
-0.552
-0.770
0.471
-0.176
-1.961
-0.545
-3.230
-0.842
-1.321
-0.434
-1.166
-1.829
-0.111
0.215
-0.136
-0.176
-0.836
-1.988
-0.716
-1.318
-0.531
-2.026
-0.959
-0.561
-0.372
-0.493
-0.845
-0.397
-0.370
-1.112
-1.991
-0.948
-1.467
-0.302
-0.070
-0.007
-0.201
-0.199
0.039
0.266
-0.091
-0.608
-0.418
-0.219
-0.347
-0.398
-0.199
-0.542
0.076
-0.638
-0.267
-1.942
-1.835
-1.164
-0.277
0.266
0.060
-0.270
-0.580
-0.072
-0.146
-0.022
0.083
-0.117
-0.618
-1.186
-0.302
-0.690
-0.474
-0.582
-1.168
-3.062
-1.320
-1.375
0.271
-0.270
-0.523
-0.545
-0.244
-0.182
-0.150
-0.173
-0.448
-0.390
-0.252
0.086
-0.485
0.016
-0.161
0.079
-0.092
-0.890
-0.647
-0.041
-0.555
-0.121
-0.076
0.162
-0.932
0.415
-2.912
-1.435
-0.068
-0.353
-0.798
-0.523
0.000
-1.310
-0.091
-0.181
0.272
-0.165
0.017
0.225
-0.080
0.178
0.143
-0.003
0.147
-2.351
-1.222
0.307
-0.043
-0.223
-0.012
0.039
-0.052
0.353
0.003
-0.391
0.147
-1.283
-1.169
-0.563
-2.027
-0.728
-0.542
-1.776
-1.190
-0.466
-1.121
-0.405
-1.486
-0.738
-0.986
-2.178
-1.216
-0.098
-0.655
-0.419
0.273
0.106
-0.423
0.868
0.465
-0.122
-0.412
-1.626
0.043
-1.360
-1.375
-0.805
0.684
-0.566
0.140
0.507
0.590
-1.258
0.463
-0.631
0.245
0.314
-0.994
-0.748
0.188
0.177
0.229
0.741
-0.480
-0.811
-0.959
-1.174
-0.139
-0.526
-0.010
0.188
1.151
-3.049
0.373
-0.448
-0.279
