0.402
-0.013
0.005
-0.059
-0.004
-0.100
0.482
-0.246
0.463
0.271
0.129
0.189
0.244
0.233
-0.036
-0.262
-0.546
-0.442
-0.366
-0.387
0.944
-1.383
-1.396
0.305
0.040
-0.109
0.222
0.076
0.270
-0.129
0.077
0.006
-0.343
0.696
-0.101
2.731
1.871
2.609
0.579
1.597
2.118
3.162
-0.162
-0.551
-0.023
-0.187
0.241
0.002
1.683
1.539
2.834
1.766
2.246
2.873
2.140
1.646
1.312
-0.021
0.755
3.205
1.399
1.635
1.545
1.716
1.895
2.502
1.192
0.453
0.082
0.147
1.335
-0.311
-0.154
0.379
0.002
0.029
0.002
0.001
2.088
-0.134
-0.153
0.933
0.048
0.390
-0.508
0.014
0.981
2.269
0.649
0.129
-0.028
0.107
0.061
0.719
0.353
0.002
0.144
-0.084
1.256
0.639
-0.074
-0.182
-0.130
0.582
0.153
-0.356
0.122
-0.030
0.043
-0.236
0.264
0.204
-0.285
-0.201
-0.255
-0.181
-0.003
0.002
-0.048
0.037
0.040
-0.031
-0.266
-0.271
-0.228
1.399
0.010
-1.116
-0.256
0.367
-0.223
-0.271
0.002
0.002
-1.704
0.261
-0.372
0.002
0.002
0.002
0.002
0.002
-1.733
0.346
0.344
0.002
0.241
0.598
0.847
4.236
1.016
0.091
0.624
2.014
2.404
2.786
2.725
0.002
0.002
0.002
0.002
2.143
1.121
0.002
-0.407
-0.041
1.919
0.544
0.311
0.421
1.105
-0.449
1.529
-0.036
0.744
1.886
2.470
0.622
0.002
0.922
-0.609
1.729
-0.159
0.737
0.815
0.002
0.189
-0.690
0.327
-0.063
-0.078
0.737
-0.334
1.520
0.002
0.002
0.358
0.096
0.062
-0.010
0.008
-0.015
-0.286
0.321
0.224
0.046
2.930
1.993
0.964
0.443
0.594
0.009
-1.887
0.606
0.506
0.002
0.233
-0.198
2.526
2.178
1.153
2.774
-0.063
2.259
1.431
1.074
0.691
0.648
1.598
1.489
0.128
2.063
1.587
1.434
4.934
-0.277
-0.937
0.324
0.322
0.614
0.191
0.069
0.241
-0.029
2.779
0.056
0.976
0.026
0.872
1.017
-0.276
1.393
0.436
0.342
1.153
0.312
1.840
-0.155
-0.406
0.850
1.138
0.422
0.575
0.839
-1.422
0.002
-1.149
-0.007
-0.094
0.808
-0.362
0.544
-0.019
-0.407
0.952
0.002
0.069
0.042
0.162
-0.158
-0.026
0.635
0.331
1.181
1.315
-0.029
0.076
0.120
-0.171
0.181
1.810
-3.296
0.322
-0.074
0.040
0.226
0.395
0.160
1.797
-0.414
0.012
2.018
0.002
0.938
-0.058
0.574
-0.739
-1.803
-1.346
-0.591
0.052
-0.249
0.485
-0.460
0.873
1.953
0.661
-0.312
-0.035
-0.088
0.000
-0.010
0.371
0.241
0.927
0.115
0.530
-0.003
0.020
1.451
1.885
0.303
0.234
0.721
0.399
1.304
0.250
0.169
-0.020
-0.085
0.604
1.486
-0.876
0.518
0.993
0.207
0.663
0.044
0.055
2.729
1.115
1.367
1.690
0.907
0.594
-0.038
1.870
2.186
0.902
0.528
0.491
0.091
0.406
0.806
0.836
0.137
1.503
0.031
2.029
-0.165
1.059
0.793
0.979
0.563
0.950
0.805
-0.820
0.031
0.539
0.080
0.368
-1.283
-0.117
0.688
0.838
0.277
-0.175
0.033
0.603
0.491
-0.022
-0.079
0.164
-0.366
0.429
0.306
0.010
1.408
0.049
1.642
1.203
-0.088
0.742
1.190
0.486
0.935
0.977
1.154
1.345
0.064
0.110
-0.128
0.050
0.067
0.402
0.015
0.282
0.973
0.002
1.167
0.545
0.445
0.156
0.068
0.026
0.947
0.356
-0.105
-0.560
-1.101
0.050
0.107
-0.550
0.241
-0.734
1.666
1.126
0.998
0.150
-1.368
-0.633
0.211
-0.230
-0.372
0.019
-0.147
-0.249
-0.696
0.002
0.015
0.002
0.167
-0.477
-0.066
0.040
-0.533
2.968
-0.859
-0.270
1.157
-0.380
-0.001
2.647
-0.504
0.821
0.121
0.247
0.495
0.309
0.244
0.362
-0.288
0.282
1.630
0.346
1.508
0.608
0.002
-0.080
1.232
2.229
0.149
-0.337
0.048
0.301
0.215
1.141
0.299
1.449
0.576
2.069
0.760
0.537
0.232
0.278
0.979
0.310
0.186
0.594
2.085
0.828
1.726
0.270
-0.018
0.016
0.357
-0.030
0.090
-0.708
0.295
0.371
0.183
0.330
0.071
0.353
0.155
0.091
0.013
0.390
0.554
1.464
1.676
0.237
0.030
-0.503
0.362
0.442
1.454
0.276
0.301
0.602
0.223
-0.046
0.324
0.879
0.398
0.501
0.476
0.570
0.764
2.930
0.810
1.147
0.082
0.584
0.152
0.535
0.487
0.175
-0.040
-0.063
0.689
0.260
0.465
0.187
0.083
0.009
0.120
0.036
0.075
0.219
0.229
0.233
0.535
0.354
0.343
-0.470
0.633
-0.020
3.024
1.521
1.286
2.019
0.599
0.421
-0.037
0.578
0.213
0.203
0.002
0.248
-0.059
-0.490
-0.084
-0.051
-0.067
-0.045
0.015
1.168
0.819
-0.024
-0.101
0.248
-0.069
-0.000
0.629
1.058
0.113
0.162
-0.045
0.491
0.521
0.237
1.624
0.828
0.810
1.378
0.081
0.278
1.175
0.496
1.328
1.023
1.087
3.884
1.094
-0.118
1.005
0.798
-0.116
-0.066
0.268
-0.257
0.481
0.930
0.432
0.906
-0.821
0.002
0.513
0.396
-1.214
0.166
-0.376
-1.009
-0.008
0.345
0.074
0.371
0.042
-0.397
0.789
0.903
-0.077
-0.394
-0.373
-0.631
0.699
0.409
0.503
0.644
0.508
0.449
-0.304
-0.219
-1.327
1.745
-0.139
0.383
0.220
