0.016
0.168
0.253
-0.623
0.183
0.156
0.253
0.201
0.364
-0.058
-0.574
-0.984
0.008
-0.518
0.171
0.321
0.139
-0.078
-0.778
0.254
0.168
0.682
-0.397
0.270
0.263
0.172
-0.144
0.253
-0.256
0.066
0.263
0.149
-0.281
0.051
0.028
-1.605
-3.795
-2.817
-0.945
-3.223
-1.654
-4.247
0.096
-0.045
-0.399
0.148
-0.266
-0.008
-3.600
-0.564
-2.154
-2.083
-2.942
-2.939
-2.518
-2.065
-1.497
-0.187
-0.177
-1.707
-0.416
-1.632
-1.605
-1.604
-3.408
-3.004
-2.411
-1.164
-0.973
-1.446
-2.555
-0.227
-1.405
0.242
-2.650
-1.933
-0.710
0.413
-4.966
0.104
0.205
-0.508
-2.234
-0.184
0.469
0.212
-1.033
-3.872
-1.297
-0.115
0.245
-0.361
0.248
-0.511
-0.607
0.117
-0.049
0.064
-1.671
-0.025
-0.148
-0.088
-1.027
-0.413
-0.818
0.404
0.080
-0.038
0.507
1.420
-0.490
0.158
0.985
0.595
0.889
0.232
0.152
0.415
0.395
0.628
0.237
-0.075
0.725
0.791
1.018
-1.711
0.377
0.454
0.255
0.164
0.071
0.143
-0.109
-5.264
0.069
-2.314
0.224
-0.835
0.142
-1.501
-1.617
-0.426
0.822
-0.274
-0.159
-1.244
-0.071
0.253
0.178
-2.765
-1.811
-0.152
-1.246
-1.675
-3.640
-3.838
-2.519
-4.387
-3.298
0.239
-1.005
-3.289
-1.891
-1.090
0.208
0.232
-2.172
-1.798
0.174
0.151
0.066
0.223
0.145
0.957
-1.164
-0.972
-2.197
-0.152
-1.795
-1.073
0.050
-1.962
-0.074
-1.357
-0.170
-0.115
-0.573
0.132
0.188
-0.558
-0.610
-1.083
-0.243
-1.574
-2.363
-0.114
-0.620
-0.656
-0.646
-0.152
-0.134
0.240
-0.023
0.023
-0.092
0.073
-2.528
-1.766
-0.649
0.115
-0.107
0.159
1.444
0.591
-2.159
2.919
0.324
0.253
-3.473
-3.768
-1.324
-2.254
-0.840
-1.860
-0.994
-1.373
-3.586
-1.038
-1.132
-0.966
-0.234
-2.912
-1.349
-2.377
-3.657
-0.092
0.637
-0.429
0.044
0.235
-1.502
-1.888
0.508
-0.179
-3.536
-0.210
-0.226
-1.366
-1.450
-0.689
-0.179
-0.500
-0.316
-1.275
-1.232
0.020
-3.113
-0.567
-0.146
-1.063
-0.692
-2.689
-1.722
-1.437
0.273
0.320
0.151
-0.342
-0.018
0.147
-0.383
-0.199
0.111
0.171
-1.014
0.074
-0.262
-0.076
-1.723
-0.939
-0.882
0.073
-1.090
-0.380
-0.622
0.099
-0.175
0.216
0.253
-0.928
-2.995
0.253
-0.617
-0.074
0.310
0.099
-0.960
0.250
-3.007
0.762
-1.735
0.049
0.073
-1.221
0.181
-1.844
0.352
0.766
0.468
0.216
-0.674
0.481
-1.483
0.171
0.222
-2.004
-1.736
-0.114
-1.069
0.119
-0.087
0.094
-0.723
-0.310
-0.212
0.253
-0.542
0.165
0.220
-1.262
-0.994
-1.246
-0.023
-0.110
0.144
-1.631
0.006
-0.596
-0.164
-0.635
-1.576
-0.800
-0.349
-0.493
-0.268
0.160
-0.736
0.490
0.244
-3.681
-1.056
-0.758
-1.872
-1.558
-1.926
-0.083
-1.151
-3.277
-1.693
-1.376
-0.072
0.123
-1.008
-1.574
-0.866
0.717
-0.666
-0.122
-1.554
0.385
-1.955
-1.592
-2.379
-2.531
-0.224
0.350
0.143
0.337
0.080
0.810
0.159
0.360
1.605
-1.266
-0.869
-0.197
-0.405
-0.412
-0.978
-0.360
0.253
-0.036
0.262
-0.461
0.253
-0.866
0.218
-2.197
0.610
-0.321
-1.047
-0.922
-0.652
-1.121
-0.081
-1.363
-0.190
-1.276
-4.659
-0.061
0.088
0.253
-1.343
-0.911
-0.324
0.253
-0.273
-1.660
0.215
-1.259
-0.068
-0.183
0.260
0.042
-0.203
-0.583
0.136
0.053
-0.341
0.253
0.223
-0.113
-0.291
-0.400
-0.517
-0.728
-0.366
-0.287
0.326
0.308
0.570
0.211
0.218
0.320
0.112
0.269
0.237
0.423
0.700
0.129
-0.455
-0.306
1.358
0.185
-0.018
0.354
0.004
0.253
0.253
-1.121
0.247
-1.066
-0.616
0.407
-4.841
0.255
-0.174
-0.110
0.231
0.022
-0.935
0.160
-0.340
-1.521
0.253
-2.711
0.120
-1.589
0.153
-0.063
-0.606
0.409
0.363
0.253
0.086
0.036
-0.994
-0.174
-2.037
-0.418
-2.676
-0.963
-1.202
0.213
0.241
-1.059
-0.353
-0.612
-1.100
-1.106
-0.092
-2.113
0.247
0.224
0.035
-0.592
0.154
-0.218
0.282
-0.194
-0.281
-0.382
0.178
-1.152
-0.673
-0.751
-0.457
-1.867
-0.489
0.341
-0.745
-1.184
-1.228
-0.981
1.017
0.165
-0.645
-0.622
0.030
0.253
0.062
-0.032
0.190
0.176
-1.005
-0.110
-0.959
-0.480
0.023
-2.522
-4.429
-0.691
-1.762
0.346
-0.303
0.171
-0.403
0.117
-0.242
0.076
-0.019
-1.225
-2.406
-0.144
-2.099
0.109
-1.365
-0.414
0.253
0.141
-0.045
-0.105
0.047
-0.368
-1.098
-0.218
0.298
-0.848
0.253
-3.195
-1.966
-0.138
-0.564
-1.961
-0.963
-0.056
-0.961
0.364
-0.140
0.145
-0.004
0.253
0.253
-0.072
0.138
0.219
0.317
0.167
-3.971
-2.080
0.285
0.210
0.253
0.404
0.018
-0.480
-0.828
0.324
-0.509
-0.066
-0.360
-1.396
-0.077
-0.717
-0.360
-1.381
-0.957
-0.874
-0.031
-1.968
-0.222
-1.409
-1.101
-0.167
-4.731
-1.733
-0.471
-1.562
-2.156
0.848
-1.123
-0.330
0.687
0.253
0.288
0.241
-3.279
0.267
0.132
-1.117
-2.251
0.253
-0.279
0.777
0.579
0.033
0.524
1.385
-0.480
0.642
0.330
-1.348
-0.486
0.245
0.138
0.253
0.260
-0.037
-0.485
-0.920
-1.139
0.174
0.203
0.060
-0.018
0.320
-2.622
0.141
-0.664
-0.544
