-0.259
-0.105
-0.124
-0.169
-0.094
-0.563
-0.272
-0.095
-0.787
-0.682
-0.211
-0.318
-0.265
-0.258
-0.124
0.067
0.152
0.108
-0.127
0.056
-0.624
1.416
1.016
-0.028
-0.145
-0.093
-0.315
-0.486
-0.730
0.004
-0.158
-0.337
0.040
-0.142
-0.046
-2.981
-2.258
-2.263
-0.701
-1.530
-1.968
-3.652
-0.123
0.327
-0.153
-0.051
-0.360
-0.078
-1.559
-1.762
-2.131
-1.609
-2.317
-3.530
-1.712
-1.043
-1.225
-0.120
-1.067
-3.908
-0.829
-1.085
-1.269
-1.510
-1.660
-3.143
-1.871
-0.953
0.445
-0.852
-0.947
0.524
0.403
-0.273
-0.106
-1.004
-0.124
-0.097
-1.824
0.298
0.735
-0.741
-0.343
-0.104
0.744
0.072
-0.669
-2.124
-0.240
0.651
-0.116
-0.226
0.066
-0.519
-0.888
-0.429
-0.392
0.071
-1.371
-1.098
-0.372
0.035
-0.300
-0.378
-0.469
0.517
0.047
1.028
0.016
0.068
-0.219
-0.014
0.062
0.049
0.088
0.052
0.059
0.135
0.042
-0.059
0.192
0.067
0.067
0.095
0.005
-1.103
-0.093
1.046
0.372
-0.401
0.185
-0.012
-0.664
-0.124
0.455
-0.816
-0.233
-0.479
-0.124
-0.124
-0.183
-0.170
1.519
-0.294
-0.519
0.535
-0.139
-0.225
-0.788
-1.836
-1.242
0.452
-0.794
-2.429
-1.234
-3.669
-2.943
-1.449
-2.739
-0.299
-0.931
-2.322
-1.235
-0.097
1.583
-0.103
-1.290
-1.055
-0.217
-0.847
-1.317
-0.247
-0.429
0.289
-0.611
-1.778
-3.065
-0.930
-1.641
-1.456
0.098
-1.641
-0.102
-0.948
-0.691
-0.497
-0.807
0.397
-0.549
0.815
0.317
-0.878
-0.018
-1.318
-0.283
0.100
-0.742
-0.657
-0.240
-0.294
-0.830
-0.395
0.258
-0.187
-0.473
-0.129
-2.673
-2.085
-0.603
-0.227
-0.188
-0.209
0.907
-0.515
-0.332
1.204
0.217
0.240
-2.385
-2.438
-0.841
-2.109
-0.277
-1.351
-1.739
-1.128
-0.940
-0.849
-1.530
-1.247
-0.124
-1.705
-1.281
-1.092
-3.237
0.051
1.801
-0.170
-0.393
-0.386
-0.276
-0.433
-0.334
0.118
-1.979
-0.082
-1.063
-0.048
-1.218
-1.423
-0.360
-0.661
-0.228
-0.233
-1.051
-1.096
-1.262
0.254
-0.071
-0.791
-0.737
-0.119
-1.157
-0.482
2.401
-0.444
0.733
0.177
-0.021
-1.439
0.149
-1.106
0.068
0.156
-0.874
-0.124
-0.045
-0.049
-0.135
-0.124
-0.268
-0.382
-0.124
-0.921
-1.712
-0.051
-0.620
-0.138
-0.055
-0.039
-1.952
0.277
-0.265
0.070
0.131
-0.137
-0.243
0.697
-2.501
0.477
-0.186
-0.593
-0.745
-0.989
-0.027
-0.197
0.592
1.396
1.380
-0.222
-0.146
0.472
-0.434
-0.046
-0.864
-1.877
-0.615
0.066
-0.040
0.008
-0.069
-0.050
-0.394
-0.238
-0.443
-0.065
-0.472
-0.144
-0.162
-2.015
-1.069
-0.541
-0.115
-0.345
-0.150
-1.456
-0.230
-0.074
0.096
-0.124
-0.650
-2.055
0.906
-0.259
-0.736
-0.057
-0.457
0.077
0.259
-3.329
-1.244
-1.312
-1.315
-1.166
-0.769
-0.334
-1.878
-2.064
-1.313
-0.772
-1.139
-0.152
-0.423
-0.747
-1.573
-0.781
-1.771
-0.098
-2.344
0.662
-0.853
-1.301
-1.049
-0.622
-0.917
-0.337
-0.904
-1.303
-0.058
-0.825
0.450
0.631
1.531
-0.694
-1.401
-0.597
0.197
-0.237
-1.477
-1.272
0.279
0.129
-0.073
-0.608
-0.402
-0.454
-0.509
-2.963
-0.060
-0.783
-1.195
-0.005
-0.567
-1.129
-0.124
-1.341
0.257
-1.345
-1.789
-0.219
-0.202
-0.113
-0.797
0.366
-0.124
0.102
-0.642
-0.779
-0.151
-1.184
-0.827
-0.794
-0.310
-0.256
-0.496
-0.898
-0.255
-0.323
-0.013
0.253
-0.129
-0.259
0.048
-0.396
0.323
-1.431
-0.537
-0.154
0.323
1.237
0.537
-0.040
-0.005
0.495
0.022
0.292
0.142
0.400
-0.079
-0.192
-0.180
0.228
0.286
-0.104
-0.203
-0.050
-1.284
0.724
0.129
-1.438
0.496
-0.229
-1.442
0.080
-0.748
-0.143
-0.618
-0.863
0.224
-0.478
-0.585
-0.066
-0.401
-1.585
-0.118
-2.585
-0.536
-0.499
-0.554
-0.625
-1.722
0.133
0.187
-0.347
-0.204
-0.608
-1.349
-0.280
-1.224
-0.535
-1.937
-0.756
-0.716
-0.256
-0.496
-1.447
-0.491
-0.580
-0.906
-1.624
-0.890
-1.516
-0.045
0.145
0.026
0.133
0.032
-0.124
0.026
-0.356
-0.390
-0.128
-0.222
-0.309
-0.277
-0.056
-0.310
-0.420
-0.384
-0.535
-1.873
-1.077
-0.957
-0.432
0.468
0.013
-0.775
-1.030
0.003
0.106
0.170
0.035
-0.237
-0.617
-1.193
-0.255
-1.150
-1.450
-0.453
-1.279
-3.280
-0.806
-1.045
0.691
-0.473
-0.406
-1.090
-0.168
-0.235
-0.358
-0.126
-0.724
-0.260
-0.512
-0.124
-0.288
0.413
-0.345
-0.071
-0.149
-0.867
-0.403
-0.202
-0.819
-0.653
-0.383
-0.109
-0.736
-0.119
-2.232
-0.619
-1.029
-0.014
-0.095
-1.486
-0.124
-1.000
-0.014
-0.345
-0.110
-0.382
0.223
0.145
-0.268
0.149
-0.105
-0.219
-0.209
-0.896
-1.393
-0.132
0.051
-0.422
-0.387
-0.263
-0.316
-0.638
-0.233
-0.244
-0.165
-0.375
-0.270
-0.264
-1.733
-0.709
-0.231
-0.854
-0.642
-0.092
-0.694
-0.277
-0.777
-0.858
-0.847
-3.072
-1.159
0.239
-0.840
-0.803
0.189
-0.147
-0.007
0.451
0.227
-1.108
-0.852
-1.252
-0.189
0.350
-0.815
-0.516
0.860
-0.407
0.398
1.085
0.197
-0.278
1.064
-0.582
-0.359
0.847
-0.349
-0.852
0.073
0.167
0.144
0.275
-0.510
-0.124
-0.482
-0.979
-0.622
-0.264
0.109
-0.058
0.906
-1.313
0.435
-0.959
-0.115
