0.254
0.794
0.787
0.799
0.217
0.123
-0.174
0.123
0.356
0.126
0.123
1.136
0.782
-0.010
-0.090
0.038
0.348
0.123
-0.187
0.155
0.123
-0.226
0.539
0.661
0.466
0.106
0.067
0.294
0.123
0.103
0.082
0.370
0.123
-0.414
0.248
0.936
2.284
1.214
1.343
0.871
1.985
1.473
0.065
-0.441
0.081
0.038
0.123
0.115
0.298
2.098
1.072
1.047
1.331
1.351
1.656
1.481
1.059
0.161
0.961
0.764
0.457
1.122
1.281
1.567
0.425
1.115
1.087
0.462
0.852
-0.214
1.737
0.565
1.852
1.982
0.020
0.852
0.364
-0.432
0.921
0.108
-0.071
-0.669
-0.774
-0.402
-0.236
-0.795
-0.557
0.611
0.037
0.771
-1.589
-0.439
0.123
0.132
0.028
-0.420
0.109
0.123
1.041
0.460
1.393
2.171
1.308
1.301
0.087
-0.575
0.123
0.272
-0.042
-0.657
0.121
0.090
-0.721
-0.063
-0.336
-0.081
0.118
-0.516
-0.071
-0.193
0.227
0.123
-0.113
-0.795
-0.777
0.743
0.123
-0.135
-0.255
0.425
0.123
-0.021
0.271
1.301
-0.519
0.123
-0.914
0.232
-0.758
0.096
1.015
-1.712
-0.917
0.167
0.014
0.888
0.123
0.123
0.104
1.278
0.891
0.566
0.195
0.644
0.596
1.840
1.641
0.286
0.607
-1.102
0.073
0.199
0.849
0.759
0.117
0.523
0.243
0.895
0.318
0.175
0.811
0.123
0.044
-0.534
0.601
2.044
1.453
0.123
1.577
1.505
0.571
1.064
0.123
0.123
0.123
1.249
1.759
0.048
0.299
0.123
0.123
-0.288
0.543
0.623
1.250
0.401
1.004
2.798
0.337
0.174
0.121
0.123
0.036
-0.241
-0.084
-0.628
1.106
-0.113
0.134
-0.014
0.092
-0.594
-1.099
0.301
0.123
-0.135
0.750
-0.181
-0.209
1.444
1.519
1.649
1.644
0.858
0.123
0.622
1.116
0.260
0.816
0.263
-0.421
1.401
0.923
0.320
1.383
0.133
-3.191
0.979
0.429
1.863
0.897
1.437
1.332
0.086
2.219
0.380
0.228
0.108
2.209
0.697
0.202
1.382
1.281
0.305
0.388
0.331
-0.013
0.123
0.416
0.401
0.926
0.192
1.835
2.060
-2.506
0.135
-0.465
1.817
-0.676
2.046
0.123
1.130
0.399
0.282
0.312
0.599
-0.320
0.874
0.060
0.293
0.013
0.441
0.123
1.926
0.172
0.055
0.075
-0.015
0.123
0.587
1.067
0.072
0.058
0.109
-0.123
0.042
0.528
1.005
1.063
0.270
0.094
0.157
-2.069
0.422
1.221
0.725
-0.230
-0.489
0.003
0.938
0.535
-2.359
0.137
-0.592
0.004
0.647
0.704
-0.246
0.289
-0.015
0.123
0.123
0.112
0.295
0.541
0.290
-0.274
-0.293
0.108
0.123
0.414
0.242
0.173
0.765
0.469
0.178
0.310
1.832
0.015
-0.864
-0.205
0.123
-0.632
0.959
1.689
0.483
0.287
0.024
-0.096
1.500
1.616
0.302
0.294
1.488
0.123
0.123
0.500
1.684
0.455
-0.051
-0.523
0.123
0.390
1.400
2.023
1.257
0.333
0.123
1.376
-0.044
0.076
-0.028
0.584
0.786
0.534
-2.183
1.839
2.028
0.154
0.189
0.142
0.062
-1.687
0.338
0.745
1.066
1.160
1.729
1.312
0.601
0.189
1.949
0.670
0.538
1.340
-0.166
1.129
1.597
0.270
0.198
0.535
0.974
1.111
0.243
1.617
2.202
1.620
0.247
1.581
0.880
-0.376
0.934
1.354
-0.116
0.088
-0.102
0.123
0.249
0.200
1.399
0.415
0.661
-1.043
0.123
-0.858
1.295
-0.034
0.416
0.703
-0.291
0.123
-0.009
-0.119
0.209
-0.840
0.611
0.685
1.599
0.123
0.016
-0.502
-0.686
0.049
-0.497
0.056
-1.763
-1.520
-1.199
-3.857
0.118
0.057
-1.500
-0.893
0.013
0.368
1.046
-0.200
-0.118
-0.487
0.171
-0.887
0.808
-0.020
-0.661
1.142
1.343
0.107
0.071
0.238
-0.912
0.689
0.358
0.123
0.439
0.216
0.123
0.123
0.393
-0.586
1.174
0.508
0.092
-0.594
0.123
0.123
2.026
2.073
1.645
0.416
0.236
1.764
0.958
0.485
0.499
0.036
0.157
0.474
0.123
0.185
0.844
0.414
0.796
0.405
0.183
0.123
-0.157
-0.355
-0.001
-0.366
-0.522
0.967
0.701
0.106
-0.097
0.085
-0.439
0.056
0.158
0.123
0.108
0.223
1.452
0.165
0.675
-0.783
0.089
0.158
0.379
0.123
-0.003
0.123
0.065
0.527
0.418
1.447
1.451
0.374
0.117
0.123
0.123
1.367
0.552
0.154
0.520
0.469
0.264
0.071
0.120
0.094
-0.151
0.123
0.153
0.123
0.140
0.123
0.926
1.265
-0.110
0.124
0.490
1.036
0.191
0.418
0.328
0.921
0.194
0.123
1.341
-0.598
1.776
0.052
0.625
1.476
0.081
1.720
0.123
0.185
0.530
-0.035
-0.252
0.123
0.069
0.023
-0.255
-0.283
-0.265
-0.140
-0.210
-0.723
0.078
0.100
0.123
0.026
0.070
0.070
0.054
0.123
0.086
0.123
0.123
0.448
0.460
0.423
0.690
0.064
0.793
0.426
0.031
0.123
0.321
0.184
1.601
0.335
-0.113
0.328
1.665
0.092
1.029
0.172
0.123
1.684
1.639
-0.085
0.696
0.762
0.267
2.017
-0.910
0.292
1.032
0.842
0.032
0.074
-0.351
-0.265
-0.449
0.048
0.069
0.255
-0.139
-0.475
1.281
1.578
0.051
0.123
-0.843
-0.770
0.189
0.612
0.401
-0.040
2.085
1.594
-0.313
1.101
0.018
0.869
1.493
-0.641
0.207
