0.065
-1.372
-0.149
-0.741
-0.063
-0.236
-0.362
-0.393
-0.770
-1.051
-0.230
-0.282
-0.479
-0.339
0.987
0.020
0.367
0.297
-0.223
0.025
-1.274
1.347
1.124
-0.228
-0.150
-0.156
-0.036
-0.287
-0.768
-0.040
-0.560
-0.154
0.453
0.058
0.299
-3.077
-1.648
-1.889
-0.461
-1.203
-1.588
-3.897
0.041
0.357
-0.181
0.339
-0.049
0.059
-1.327
-1.664
-2.508
-2.336
-2.088
-4.400
-2.246
-1.186
-1.356
0.125
-1.124
-3.670
-0.958
-1.405
-1.640
-2.313
-1.369
-2.741
-1.420
-0.207
-0.280
0.138
-0.385
0.068
0.013
-0.538
0.326
-0.481
0.138
0.717
-3.381
0.218
0.463
-0.661
-0.021
-0.426
0.342
0.198
-0.662
-2.666
-0.210
-0.252
0.144
-0.410
-0.044
-0.455
-1.038
-0.650
-0.054
0.053
-1.112
-1.114
-0.148
-0.084
0.042
-0.085
-0.204
0.396
-0.097
-0.061
0.014
0.341
-0.123
-0.518
0.326
0.266
0.301
0.295
-0.115
0.349
0.256
0.316
-0.010
0.208
0.282
0.330
0.313
-1.605
0.299
0.782
0.138
-0.688
-0.112
0.138
0.138
0.138
0.528
-1.918
-0.549
-0.368
0.006
-0.847
0.079
0.138
0.495
-0.545
-0.330
0.138
-0.382
-0.677
-0.703
-0.324
-1.043
0.008
-0.549
-2.116
-1.643
-3.482
-2.939
0.063
-0.600
0.300
0.074
-2.828
-1.706
0.138
0.080
-0.150
-1.648
-1.388
-0.478
0.146
-0.893
0.093
0.128
-0.038
-2.010
-2.259
-1.013
-0.540
-0.099
-1.106
-0.116
-1.529
0.162
-1.354
-0.617
0.130
-0.241
0.243
-0.438
-0.181
-0.148
-0.537
0.138
-0.015
0.138
0.719
-0.450
-0.329
-0.394
-0.181
-0.903
-0.115
0.018
-0.033
-0.173
-0.291
-3.110
-2.563
-0.895
0.108
-0.208
0.138
0.399
-0.871
-0.896
0.391
0.358
-0.024
-3.915
-1.169
-1.652
-3.064
-0.597
-1.570
-1.711
-1.126
-0.788
-0.927
-1.425
-0.985
-1.194
-2.044
-1.338
-1.411
-4.316
-0.068
0.508
-0.347
0.150
-0.679
-0.316
-0.746
-0.577
0.153
-3.489
-0.098
-0.982
0.102
-1.474
-1.551
0.304
-0.875
-0.397
0.219
-1.751
-0.821
-2.291
-0.224
-0.763
-1.133
-1.166
-0.796
-2.088
-0.746
1.128
0.136
0.454
-0.481
0.072
-1.251
0.353
-0.540
-0.063
0.742
-0.990
-0.046
0.061
-0.201
-0.524
0.343
-1.195
-0.862
-0.652
-1.694
-1.015
-0.137
-0.166
0.030
0.217
-0.586
-1.529
1.008
-0.230
0.340
0.025
0.100
-0.902
-0.055
-2.520
-0.802
-0.024
-0.943
0.138
-1.668
-0.185
-0.582
0.861
1.854
0.997
-0.292
0.139
0.918
-0.839
0.201
-1.255
-1.910
-0.501
-0.300
0.027
0.033
-0.133
-0.145
-0.495
-0.212
-1.014
-0.391
-0.722
-0.203
-0.123
-1.768
-2.398
-0.048
-0.232
-0.606
-0.238
-0.701
-0.249
-0.005
-0.120
0.042
-0.246
-1.134
1.024
-0.314
-0.563
0.015
-0.314
0.134
-0.210
-3.448
-1.216
-1.283
-1.715
-1.531
-0.438
-0.317
-0.887
-1.566
-0.526
-1.560
-1.940
0.110
-0.613
-0.895
-2.244
-0.677
-3.881
-0.123
-3.142
0.989
-0.854
-0.933
-0.866
-0.284
-0.943
0.233
-0.400
-0.279
-0.434
-2.595
0.128
2.299
0.134
-0.970
-1.233
-0.212
0.233
-0.032
0.046
0.002
-0.000
-0.839
-0.086
-0.631
0.138
-0.584
-0.442
-2.016
-0.329
-1.137
-2.338
0.119
-1.611
-2.637
-0.899
-0.946
-0.238
-2.151
-2.448
-0.748
-0.258
0.027
-0.192
0.425
-0.324
0.331
-0.114
-0.697
-0.205
-1.147
-0.501
-0.848
-0.178
-0.599
0.103
-0.946
-0.215
-0.271
-0.056
1.381
-0.225
0.180
-0.013
-0.727
0.138
-1.575
-1.260
0.129
0.036
0.548
0.262
0.304
0.277
0.420
-0.407
1.332
0.887
0.372
0.935
0.091
-0.628
0.466
0.321
-0.026
-0.839
-0.017
-1.992
0.736
0.420
-1.260
1.039
0.138
-0.946
-0.155
-2.303
-0.555
-0.147
-0.084
-0.138
-0.551
-1.261
0.138
-0.148
-1.999
-0.805
-2.191
-1.284
-0.580
0.132
-1.450
-3.748
-0.149
0.182
-0.322
-0.277
-0.316
-1.945
-0.639
-1.883
-0.839
-2.884
-1.237
-0.441
-0.224
0.049
-0.896
-0.392
-0.244
-0.522
-1.864
-1.130
-2.149
-0.109
0.047
0.028
-0.115
-0.322
-0.012
0.243
-0.066
-0.181
-0.387
-0.196
-0.004
-0.249
-0.178
-0.267
0.138
-0.448
-0.619
-1.099
-1.570
-0.553
-0.198
0.651
0.186
-0.606
-1.432
0.026
-0.189
-0.208
-0.192
-0.144
-0.533
-0.891
-0.393
-0.254
-0.217
-0.891
-1.119
-2.900
-1.308
-1.308
-0.021
-0.595
-0.316
-0.372
0.049
-0.244
-0.337
-0.169
-0.915
-0.211
-0.486
-0.498
-0.307
-0.056
-0.470
-0.202
0.052
-0.371
-0.340
-0.115
-0.466
-0.090
-0.396
0.445
-0.971
-0.030
-3.515
-1.523
0.075
-0.699
-1.188
0.004
0.138
-2.152
-0.215
-0.171
0.081
-0.176
0.396
0.490
-0.247
0.118
-0.022
-0.191
-0.016
-1.673
-1.214
-0.457
-0.055
-0.086
-0.276
-0.305
-0.521
-0.740
-0.631
-0.298
-0.132
-1.355
-0.253
-0.241
-1.546
-0.513
-0.718
-1.303
-0.971
-0.197
-1.236
-0.433
-0.977
-0.631
-0.356
-4.227
-0.562
-0.234
0.379
-0.798
-0.011
0.296
-0.069
0.165
0.357
-0.997
-0.316
-1.055
0.171
-0.643
-0.759
-0.566
0.138
-0.341
0.506
0.863
0.157
-0.124
-0.009
-0.366
0.273
0.204
-0.526
-0.535
-0.013
0.120
0.079
1.104
-0.934
-0.323
-0.183
-0.580
-0.647
-0.262
0.424
-0.252
0.859
-1.451
0.311
-0.576
0.138
