-0.272
0.398
-0.103
0.463
-0.237
0.136
0.418
-0.138
0.156
0.077
0.548
0.769
0.299
0.180
-0.867
-0.053
-0.155
-0.191
0.089
0.052
0.268
-2.011
-0.519
0.205
0.017
0.242
0.109
0.531
0.532
-0.103
-0.010
-0.082
-0.993
-0.045
-0.537
2.093
1.791
2.485
0.588
1.231
2.358
2.556
-0.139
-0.108
0.006
-0.108
0.352
-0.340
1.946
1.201
2.015
1.687
2.338
2.705
1.878
1.029
0.735
-0.021
0.325
3.032
1.142
1.680
1.099
1.054
1.503
2.540
1.562
0.744
0.175
0.156
0.946
0.092
-0.979
0.349
-0.034
0.052
-0.040
-0.724
3.081
-0.087
-0.511
0.668
0.252
-0.012
-0.525
0.053
0.832
2.113
0.570
0.131
-0.039
0.029
0.030
0.670
0.717
-0.082
0.136
0.108
0.933
0.103
-0.012
-0.124
0.030
0.154
0.254
-0.116
0.127
0.114
0.070
0.066
0.073
0.138
-0.004
0.056
-0.097
-0.089
0.117
-0.124
0.072
0.022
0.100
-0.076
0.027
-0.137
0.032
1.213
-0.014
-0.707
-0.672
0.301
0.106
-0.121
0.810
0.287
-0.479
1.261
0.516
0.846
0.147
0.147
0.390
-0.139
-1.556
0.185
-0.130
-0.143
0.208
0.671
1.609
1.757
0.363
-0.603
0.707
1.881
1.490
2.611
1.809
1.616
1.792
-0.055
0.385
1.120
1.429
0.004
-0.136
0.169
0.873
0.702
0.372
0.208
0.780
-0.786
-0.113
-0.446
0.635
1.571
1.485
0.698
0.963
0.652
-0.009
1.855
0.154
0.501
0.722
0.414
0.420
-0.735
-0.357
-0.479
0.028
-0.009
-1.644
1.605
-0.012
-1.328
0.613
0.650
0.422
0.203
0.144
0.076
-0.040
0.140
0.258
0.009
1.772
1.655
0.576
0.154
0.032
0.118
-0.668
0.656
0.448
-2.207
-1.854
-0.078
2.143
1.395
0.999
2.200
0.352
1.279
1.342
0.721
0.653
0.691
1.140
1.004
0.747
1.477
1.087
0.706
2.259
-0.189
-1.268
0.231
-0.131
0.720
0.102
0.988
-0.478
0.185
2.545
0.159
0.569
0.100
0.993
1.225
-0.164
0.895
0.311
-0.055
1.005
0.703
1.044
-0.142
0.770
0.902
1.335
0.668
0.372
0.410
-1.186
0.023
-0.292
0.123
-0.094
0.970
-0.107
0.278
0.102
-0.548
0.284
-0.092
0.421
0.368
0.489
-0.109
-0.295
0.315
0.361
1.040
0.522
0.070
0.402
0.166
-0.128
0.503
2.719
-0.529
-0.056
-0.236
0.044
0.482
-0.003
-0.842
2.134
-0.678
-0.169
1.256
0.564
0.839
0.040
0.344
-0.878
-2.493
-2.536
0.220
0.107
-1.171
0.477
0.127
0.986
1.772
0.216
0.225
0.551
0.115
0.212
0.064
0.369
-0.018
0.444
0.003
0.603
0.255
0.039
1.461
0.841
-0.022
0.063
0.712
0.204
0.987
0.311
0.013
0.122
-0.255
0.298
0.890
-0.948
0.502
0.636
0.023
0.495
-0.114
-0.257
2.785
1.181
0.805
1.334
1.985
0.853
0.279
1.115
1.474
1.308
0.114
0.212
0.151
0.552
0.959
1.299
-0.411
0.503
-0.571
1.497
-0.304
1.562
0.894
1.240
0.691
1.458
0.482
0.002
-0.009
0.569
0.508
0.493
-1.144
-1.257
0.532
0.585
0.199
-0.198
-0.077
0.257
-0.016
-0.860
0.255
0.022
-0.060
0.199
1.040
-0.051
0.719
-0.110
2.168
1.424
1.108
0.693
1.986
0.542
0.689
-0.161
1.193
2.803
0.061
0.701
0.051
0.109
-0.077
0.252
-0.439
0.257
0.490
0.192
1.146
0.475
0.654
0.216
0.595
0.424
1.302
0.246
0.081
-0.382
-1.160
0.035
-0.162
-0.246
0.355
-0.058
1.905
0.668
0.214
-0.007
-1.111
-1.296
-0.007
-0.106
-0.235
-0.157
-0.845
-1.131
-1.216
-1.299
-0.480
0.189
-0.409
-0.416
0.007
-0.012
0.090
2.187
-1.182
-0.331
1.507
-0.933
0.214
2.173
-0.067
1.142
0.226
0.205
0.577
-0.289
0.401
0.623
-0.755
0.270
1.518
-0.059
1.781
0.735
0.228
-0.059
0.393
1.154
0.373
-0.171
0.129
-0.182
0.444
1.672
0.708
1.273
0.360
2.755
0.994
0.385
0.095
0.560
0.515
0.227
0.411
0.624
0.664
0.974
1.238
0.162
-0.011
-0.174
0.166
0.121
0.079
-0.135
0.281
0.273
0.206
0.240
-0.034
0.678
-0.048
0.440
0.234
0.363
0.651
0.899
1.211
0.382
-0.048
-0.968
-0.007
0.131
0.391
0.006
0.349
0.084
0.271
-0.122
0.856
0.741
0.246
1.029
0.651
0.392
1.226
2.356
0.647
0.849
0.320
1.250
0.506
0.621
-0.120
0.117
-1.098
0.161
0.632
0.872
0.460
0.666
0.200
-0.561
0.296
-0.022
-0.140
0.456
0.450
0.088
0.406
0.241
-0.126
-0.152
0.682
0.125
1.455
0.375
0.106
0.068
0.255
0.762
-0.003
0.999
-0.007
0.171
0.086
0.282
-0.047
-1.098
0.043
0.032
-0.063
0.051
-0.032
1.151
1.196
0.083
0.155
0.243
0.129
0.017
0.306
1.060
0.063
0.415
0.111
0.495
0.310
0.129
1.737
0.757
0.628
1.263
1.259
-0.037
0.908
0.388
1.137
0.762
0.924
2.458
1.368
0.091
1.467
0.877
-0.359
0.260
0.553
-1.838
-0.556
0.886
0.505
0.998
-0.226
0.888
0.832
0.235
-1.203
-0.012
-0.336
-0.913
-0.384
0.087
-0.246
0.707
-0.353
-0.800
0.834
0.497
0.117
-0.048
-0.086
-0.860
0.747
0.196
0.607
0.835
0.482
0.134
-0.094
-0.066
-1.241
2.032
-0.371
-1.035
-0.050
