-0.080
0.044
0.034
0.085
0.045
-0.118
-0.062
-0.113
-0.705
0.112
-0.192
-0.423
0.151
-0.171
-0.114
0.185
0.233
0.069
0.191
0.206
-0.814
1.248
1.052
-0.063
-0.095
0.079
-0.091
-0.566
-0.376
-0.028
0.273
0.200
0.077
0.040
-0.047
-3.091
-1.805
-2.257
-0.475
-1.852
-2.160
-4.353
-0.074
0.431
0.131
-0.020
-0.123
0.004
-2.053
-1.577
-2.392
-1.944
-2.197
-3.844
-2.703
-1.307
-0.784
0.113
-0.522
-3.428
-1.311
-1.430
-1.689
-1.646
-1.364
-3.433
-1.392
-0.330
-0.106
-1.176
-0.679
0.031
-0.086
-0.253
-0.637
-2.529
-0.495
0.170
-1.872
0.204
0.464
-0.898
-0.089
-0.149
0.329
0.087
-1.478
-3.397
-0.541
0.062
0.348
-0.088
-0.148
-0.666
-0.741
-0.335
-0.080
-0.010
-1.415
-0.321
0.123
0.069
-0.236
-0.516
-0.162
0.542
-0.045
-0.049
-0.048
0.123
-0.062
-0.114
0.186
-0.068
0.416
-0.041
-0.082
-0.040
-0.049
-0.044
-0.049
-0.046
0.179
0.124
0.142
-1.776
-0.099
0.303
0.431
-0.033
0.018
0.276
-1.816
-0.364
0.653
-0.233
-0.389
-0.599
-0.197
-0.136
-0.531
-0.247
0.868
-0.100
-0.320
0.040
-0.515
-1.261
-0.405
-1.219
-0.433
-0.111
-0.888
-1.947
-1.441
-3.557
-2.777
-2.359
-3.187
-0.206
-1.624
-1.956
-1.402
-0.125
0.263
-0.039
-0.428
-0.233
0.025
-0.118
-1.456
0.196
-0.217
-0.002
-1.132
-1.878
-1.722
-0.574
-1.979
-0.220
0.099
-2.339
-0.016
-0.483
-0.408
-1.054
-0.023
0.279
-0.347
0.076
-0.008
-0.262
-0.105
-2.565
-2.279
0.991
-0.127
-0.844
-0.403
-0.084
-0.043
-0.276
-0.027
-0.286
-0.277
-0.253
-2.950
-2.252
-0.847
0.107
-0.492
0.056
0.887
-0.196
0.149
0.753
0.426
0.164
-2.316
-2.319
-1.067
-2.307
-0.314
-1.006
-1.643
-0.380
-0.965
-0.569
-1.437
-0.678
-0.217
-1.743
-1.859
-0.956
-2.537
0.234
0.927
-0.660
-0.115
-0.353
-0.087
-0.500
-0.449
-0.153
-2.244
-0.063
-0.391
-0.006
-0.957
-1.008
-0.183
-1.243
-0.147
-0.014
-1.204
-0.155
-1.636
0.131
0.204
-0.691
-0.772
0.096
-0.682
-0.437
1.093
0.184
0.120
-0.024
0.432
-0.148
0.137
-1.261
-0.025
0.423
-0.018
0.363
-0.924
-0.002
-0.027
0.377
0.167
-0.233
-0.761
-0.566
-0.964
0.204
-0.545
0.128
0.320
-0.773
-2.614
0.570
0.018
0.136
-0.045
0.366
-0.499
-0.492
-1.734
0.162
-0.311
-0.615
-0.906
-0.662
-0.272
-0.199
0.619
1.773
1.211
-0.018
-0.297
0.254
-0.019
0.313
-0.663
-2.208
-1.285
-0.558
-0.610
-0.044
-0.086
-0.041
-0.003
-0.147
-0.185
-0.158
-0.634
-0.128
-0.121
-1.516
-1.507
-0.558
-0.335
-0.471
-0.155
-0.733
-0.221
-0.342
-0.056
0.417
-0.378
-0.749
0.650
-0.219
-0.397
-0.030
-0.603
0.285
0.132
-3.763
-0.962
-1.052
-1.660
-0.933
-1.081
0.105
-1.377
-2.130
-0.695
-0.021
-0.461
-0.060
-0.471
-0.364
0.006
-0.067
-0.946
-0.085
-1.394
-0.173
-0.931
-1.044
-0.916
-0.221
-1.650
-1.033
-0.565
0.021
-0.323
-0.858
0.168
0.056
0.809
-0.349
0.013
-0.151
-0.105
-0.050
-0.662
0.155
0.301
-0.113
-0.017
0.081
-0.301
-0.325
-0.458
-1.485
-0.156
-1.219
-0.610
-0.609
-0.309
-0.612
-0.802
-1.481
-0.201
-1.701
-1.807
-0.153
-0.533
0.035
-0.218
0.127
-0.217
0.115
-0.073
-0.617
-0.153
-0.898
-0.272
-0.221
-0.093
0.035
0.126
-0.424
-0.450
-0.241
0.349
1.253
-0.164
-0.075
-0.146
-0.615
0.131
-1.604
-0.944
-1.877
0.140
1.418
0.576
-0.042
0.190
0.686
-0.082
0.795
0.616
0.353
0.694
-0.054
-0.125
1.051
0.413
-0.019
-0.544
0.009
-2.334
0.473
0.211
-1.363
0.489
-0.089
-0.505
0.056
0.279
-0.154
-0.045
-0.482
-0.288
0.003
-0.383
0.122
-0.197
-1.514
-0.418
-2.487
-0.907
-0.923
-0.166
-1.734
-2.580
-0.001
0.316
-0.165
0.054
0.113
-1.119
-0.458
-1.294
-0.382
-2.895
-0.846
-0.522
-0.107
-0.196
-0.898
-0.100
-0.133
-0.660
-2.038
-0.510
-1.650
-0.098
-0.047
-0.085
-0.166
-0.215
-0.059
0.162
-0.404
-0.124
-0.069
-0.168
-0.160
-0.315
-0.061
-0.094
-0.095
-0.178
-0.359
-1.384
-0.758
-0.439
-0.110
0.305
0.109
-0.418
-0.455
0.118
-0.124
-0.076
-0.040
-0.055
-0.416
-0.714
-0.301
-0.586
-0.803
-0.268
-1.361
-2.910
-0.600
-0.850
0.088
0.091
-0.461
-0.783
-0.051
-0.468
-0.437
-0.096
-0.260
-1.077
-0.146
-1.023
-0.058
0.245
-0.001
-0.051
0.159
-0.333
-0.248
0.012
-0.272
-0.495
-0.242
0.152
-0.726
0.637
-3.645
-0.856
-0.292
-0.539
-0.108
-0.582
0.110
-1.439
-0.065
-0.130
0.180
-0.152
0.131
0.484
-0.070
0.234
0.210
0.187
-0.006
-2.403
-0.940
-0.104
0.013
-0.405
-0.080
-0.037
-0.165
-0.762
-0.065
-0.334
-0.055
-0.642
-0.750
-0.161
-1.143
-0.724
-0.078
-0.911
-0.809
-0.185
-1.120
-0.010
-0.902
-0.523
-0.911
-4.353
-0.396
-0.177
-1.002
-0.321
0.125
0.068
-0.311
0.745
0.233
-0.321
-0.663
-0.918
-0.036
-0.541
-1.918
-0.950
0.638
0.102
0.297
0.600
0.231
-1.933
0.104
-0.666
0.094
0.404
-0.278
-0.457
-0.035
0.196
0.311
0.522
-1.167
-0.134
-0.466
-0.408
-0.343
0.043
0.099
-0.144
1.020
-1.823
0.299
-0.637
-0.047
