-0.045
0.019
0.071
0.009
-0.005
-0.078
0.407
0.173
0.322
-0.029
0.334
0.067
0.105
0.270
0.225
-0.369
-0.405
-0.307
-0.452
-0.206
0.559
-1.395
-0.808
0.188
-0.034
0.052
0.212
0.058
0.242
0.009
0.210
0.002
-0.232
0.089
-0.337
2.992
2.282
2.144
0.227
1.907
2.011
3.688
0.041
-0.215
0.382
-0.160
0.251
-0.062
1.451
2.083
2.428
2.142
2.639
3.114
2.026
1.295
1.020
-0.075
0.832
3.583
1.156
1.575
1.378
1.702
1.025
2.213
1.273
0.490
0.064
-0.094
0.301
-0.028
-0.237
0.286
1.739
2.221
1.320
-1.320
3.876
-0.164
-0.504
1.007
-0.005
0.711
-0.445
-0.238
0.350
2.844
0.026
-0.362
-0.605
0.480
0.022
0.419
-0.048
-0.197
-0.009
-0.023
1.560
0.977
0.445
-0.177
0.042
0.980
0.184
-0.168
0.014
0.003
0.003
-0.417
-0.012
0.027
-0.122
-0.054
-0.131
-0.020
0.003
-0.307
0.003
-0.042
0.019
0.002
-0.033
-0.268
-0.475
1.251
-0.099
-0.649
-0.289
0.071
-0.001
-0.502
-0.274
0.255
-0.677
0.734
-0.341
-0.241
-0.952
-0.049
0.016
-1.917
-1.120
-0.002
0.552
0.012
0.263
0.530
1.528
2.595
1.035
-0.048
0.870
2.179
1.562
3.470
2.823
3.393
2.927
-0.251
0.877
2.694
1.678
0.351
-0.616
0.087
1.302
0.949
0.291
0.349
1.343
-0.797
-0.077
0.103
0.868
1.967
1.026
0.765
1.501
0.655
0.013
1.334
-0.156
0.864
0.453
-0.049
0.019
-0.613
-0.602
0.110
0.022
0.925
0.046
2.886
2.015
-0.745
1.113
0.609
0.278
0.054
0.285
0.109
-0.130
0.147
0.066
0.120
3.802
3.113
0.828
0.018
0.750
-0.110
-1.407
0.472
0.309
-0.034
-0.283
-0.227
2.659
1.804
1.412
3.202
0.229
2.360
1.115
0.583
0.219
0.219
1.174
1.251
-0.184
1.985
1.557
1.869
2.945
-0.668
-2.243
1.871
-0.128
1.338
0.636
0.638
-0.448
-0.029
3.183
0.089
0.816
-0.113
1.067
2.121
0.093
1.163
0.019
-0.286
0.974
0.777
2.309
-0.066
0.013
1.049
0.471
-0.170
1.066
0.108
-0.777
-0.123
-0.623
0.041
-0.243
0.785
-0.220
1.373
-0.018
-0.274
0.994
-0.147
1.635
0.164
-0.121
-0.028
-0.561
0.394
1.032
1.224
0.793
0.168
0.010
0.382
-0.112
0.318
1.663
-0.255
0.000
-0.373
-0.099
-0.324
0.597
-0.545
2.185
-1.031
-0.164
0.490
-0.089
1.366
-0.007
0.091
-1.228
-2.246
-1.103
-0.287
-0.060
-0.660
0.761
-0.446
0.477
1.889
0.185
-0.187
-0.073
0.061
0.153
0.011
0.532
0.076
0.540
0.026
0.466
0.002
0.004
1.215
1.311
0.637
0.383
0.714
0.127
0.907
0.250
-0.162
0.062
-0.143
0.604
1.707
-0.959
0.788
0.064
0.485
0.293
-0.096
-0.145
2.707
1.811
0.998
1.527
2.129
0.153
0.071
1.439
2.118
0.821
0.070
0.242
0.165
0.373
1.303
0.833
-0.326
1.347
0.158
2.147
0.373
1.135
0.762
1.463
0.359
1.265
-0.076
-0.056
-0.240
0.318
0.432
0.155
0.037
-1.133
0.441
0.216
0.104
0.087
0.548
0.940
0.635
-0.694
0.065
0.012
-0.377
0.161
0.743
0.024
0.818
-0.516
2.419
2.081
1.546
0.498
1.448
2.305
0.921
0.288
3.961
1.931
0.027
0.893
-0.135
-0.063
-0.324
0.356
-0.008
0.312
0.857
-0.029
1.137
0.390
0.379
0.237
0.181
-0.070
0.921
-0.457
-0.185
-0.398
-1.875
0.176
0.201
-0.273
0.243
-1.230
2.163
0.417
0.181
-0.032
-1.121
-0.301
-0.050
-0.352
-0.757
0.098
-0.483
-0.671
-0.925
-1.361
-0.835
-0.391
-0.806
-0.305
-0.102
0.563
-0.473
1.492
-0.631
-0.313
1.636
-0.456
-0.194
1.981
-0.934
0.098
0.054
0.266
0.293
0.105
0.487
0.985
-0.281
0.571
2.638
0.074
2.842
0.475
0.416
0.463
1.095
2.700
0.087
-0.429
0.115
0.159
0.227
1.228
0.695
1.415
0.579
2.370
0.870
0.696
0.552
0.216
0.908
0.338
0.305
0.590
2.196
0.831
1.803
-0.013
-0.034
-0.423
0.310
0.003
-0.011
-0.491
0.267
0.162
0.085
0.092
-0.057
-0.153
0.008
0.209
0.421
0.082
0.342
2.198
1.363
0.458
-0.310
-0.315
0.083
0.749
1.909
-0.006
0.355
0.051
-0.008
-0.010
0.337
1.342
0.294
0.946
-0.036
1.181
0.936
2.954
1.077
0.874
-0.263
0.770
0.222
1.061
0.617
0.003
-0.813
0.095
0.788
0.244
0.306
0.003
0.222
0.123
0.092
-0.005
-0.306
0.473
0.261
0.069
1.006
0.621
0.084
-0.174
0.286
-0.462
3.830
1.151
0.889
-0.114
0.130
1.024
0.241
1.015
0.026
0.106
-0.090
0.355
-0.217
-0.379
0.217
-0.319
-0.268
0.039
0.040
1.587
0.569
-0.716
0.108
0.682
0.096
0.355
0.131
-0.210
-0.006
0.098
-0.105
1.034
0.715
0.291
2.234
0.773
0.159
1.318
0.271
0.682
0.647
0.161
1.192
0.122
0.691
3.683
1.039
0.087
1.271
0.578
-0.234
0.478
0.093
-0.561
-0.474
0.224
0.547
0.469
-0.006
1.115
0.812
0.477
-0.790
1.304
-0.269
-0.757
-0.232
1.725
-0.324
1.208
-0.142
-0.246
1.020
1.009
0.003
-0.188
-0.183
-1.227
1.038
0.161
0.869
1.118
0.445
0.154
-0.230
-0.181
-2.357
1.263
-0.522
-0.307
0.281
