-0.341
-0.091
-0.251
-0.306
0.067
-0.400
-0.202
-0.219
-0.695
-0.500
-0.628
-0.670
-0.359
-0.501
0.273
0.559
0.648
0.541
-0.349
-0.229
-0.440
1.315
0.416
0.041
0.053
-0.144
-0.245
-0.438
-0.341
-0.173
0.234
-0.111
0.340
0.081
0.250
-2.780
-1.649
-2.296
-0.572
-2.135
-1.939
-3.214
0.156
0.287
-0.049
0.377
-0.209
-0.358
-2.060
-1.485
-2.132
-2.199
-2.261
-2.762
-1.585
-0.844
-0.559
0.209
-0.534
-2.836
-0.977
-1.146
-1.378
-1.468
-1.306
-2.421
-1.885
-0.330
-0.081
-0.242
-0.732
0.453
-0.126
-0.162
-1.620
-1.991
-1.205
1.297
-3.173
-0.012
0.339
-1.229
-0.381
-0.501
0.427
0.039
-0.999
-2.763
-0.607
0.522
0.527
-0.605
-0.084
-0.642
0.156
0.260
-0.035
0.014
-1.146
-0.628
-0.559
-0.156
-0.026
-1.374
-0.311
0.312
0.019
0.030
0.092
0.222
-0.061
-0.037
0.534
0.142
0.308
0.208
0.011
0.442
0.127
0.525
0.032
0.016
0.422
0.286
0.241
-1.266
0.140
1.171
0.385
-0.102
0.053
0.125
-0.649
0.565
1.141
-0.098
0.634
-0.069
1.528
-0.071
-0.247
2.451
2.179
-0.037
-0.155
-0.260
-0.141
-0.979
-0.377
-2.305
-0.454
-0.032
-0.826
-1.990
-1.572
-3.541
-2.145
-2.665
-2.260
0.165
-0.487
-1.621
-1.542
-0.816
0.458
-0.016
-1.043
-0.961
-0.097
-0.459
-1.942
1.093
-0.116
0.075
-0.566
-1.485
-1.699
-0.794
-1.244
-0.340
0.269
-1.890
0.253
-0.849
-0.628
-0.158
-0.155
0.266
0.254
-0.123
-0.049
-1.243
-0.139
-1.764
-1.820
0.442
-0.882
-0.263
-0.262
-0.197
-0.173
-0.331
-0.103
-0.318
-0.180
0.143
-2.031
-1.663
-0.761
0.140
0.365
0.382
1.150
-0.309
-0.651
1.128
0.250
0.212
-1.882
-2.109
-0.825
-1.840
-0.745
-1.673
-0.973
-0.705
-1.090
-0.826
-1.216
-0.788
-0.583
-1.609
-1.692
-0.905
-2.035
0.247
0.594
-0.508
-0.071
-0.590
-0.226
-0.618
0.240
-0.010
-3.021
0.027
-0.770
-0.581
-0.808
-1.820
0.425
-0.482
-0.161
-0.231
-1.060
-0.347
-1.464
-0.015
0.196
-0.847
-0.700
-0.374
-0.497
-0.581
1.297
1.107
0.564
-0.063
0.767
-0.468
0.184
-0.024
-0.153
0.292
-0.583
0.135
0.553
0.069
0.110
-0.082
1.008
-0.361
-1.342
-1.000
-0.779
-0.160
0.062
0.140
0.165
0.217
-3.556
0.091
-0.056
0.306
0.298
0.296
-0.566
0.647
-2.158
0.065
0.669
-0.298
-0.053
-0.551
-0.056
-1.346
1.057
2.021
1.606
0.212
-0.464
1.327
-0.440
0.487
-0.565
-1.514
-0.887
0.606
0.095
0.074
0.014
-0.020
-0.231
-0.217
-0.243
0.056
-0.495
-0.010
0.033
-2.285
-0.538
-0.161
-0.281
-0.539
-0.107
-0.832
-0.189
-0.291
0.066
0.285
-0.482
-0.823
0.986
-0.310
-0.231
0.047
-0.482
0.090
0.218
-3.228
-1.544
-0.876
-1.823
-1.601
-1.127
-0.078
-1.600
-1.732
-0.811
-0.234
-0.332
-0.041
-0.226
-0.857
-0.911
-0.350
0.202
-0.080
-2.107
0.180
-0.676
-1.010
-1.906
-0.576
-0.943
0.157
0.289
0.027
-0.128
-0.227
0.009
0.025
0.661
-0.216
-0.261
-0.266
-0.252
-0.419
-0.565
-0.297
0.659
-0.025
-0.186
-0.163
-0.101
-0.679
-0.149
-1.346
-0.237
-2.795
-1.296
-1.189
-1.021
-1.366
-1.112
-1.085
-0.145
-2.400
-2.514
-0.129
-0.647
0.027
-0.214
0.119
-0.092
0.405
-0.180
-0.815
-0.066
-0.620
-0.261
-0.331
-0.101
-0.525
0.090
-1.325
-0.214
-0.254
0.473
0.685
-0.165
0.155
-0.204
-0.424
0.381
-1.417
-0.875
-0.057
0.375
1.163
1.263
0.037
0.586
1.275
-0.196
0.541
0.646
1.070
1.002
0.653
0.864
0.497
0.289
0.010
-0.392
0.506
-1.094
0.728
0.525
-0.872
0.772
-0.581
-1.396
0.946
-0.228
0.223
-0.100
0.529
-0.032
-0.137
-0.713
0.661
-0.168
-2.146
0.100
-1.910
-0.297
-0.505
-0.226
-0.966
-1.615
0.086
0.365
-0.374
-0.155
-0.242
-1.905
-0.572
-1.263
-0.348
-2.538
-0.857
-0.425
-0.269
-0.111
-0.762
-0.120
-0.329
-0.525
-1.953
-1.238
-1.805
-0.210
-0.028
-0.105
0.029
0.137
-0.147
0.597
-0.085
-0.315
-0.286
-0.079
-0.288
-0.163
-0.115
-0.473
-0.035
-0.269
-0.165
-1.120
-1.461
-0.397
-0.016
0.591
0.202
-0.664
-0.344
-0.093
-0.281
0.007
-0.021
-0.049
-0.676
-0.615
-0.131
-0.819
-0.690
-0.647
-1.233
-2.891
-1.254
-1.327
-0.044
-0.668
-0.109
-0.329
-0.840
-0.094
0.158
-0.081
-0.652
0.191
-0.427
-0.529
-0.168
0.046
0.072
-0.025
0.163
-0.522
-0.307
-0.226
-0.220
-0.819
-0.030
0.212
-0.586
0.295
-2.493
-0.879
-0.977
-0.179
0.213
-0.571
-0.353
-0.702
0.111
-0.193
0.388
-0.258
0.192
0.301
-0.459
0.365
0.154
-0.226
-0.040
-1.073
-0.441
0.079
0.080
-0.121
-0.282
-0.161
-0.207
0.660
-0.125
-0.174
0.047
-0.840
-1.139
-0.169
-1.586
-0.730
-0.463
-0.900
-0.404
-0.172
-1.374
-0.080
-0.947
-0.621
-0.678
-1.932
-0.648
-0.209
-1.037
-0.616
0.354
-0.008
-0.198
0.668
0.157
-0.148
-0.339
-1.883
0.330
-0.361
-0.717
-0.445
1.237
-0.317
0.865
0.543
0.906
0.166
0.039
-0.790
0.375
0.510
-0.954
-0.478
0.226
0.469
0.368
0.983
-1.033
-0.355
-0.579
-1.198
-0.230
-0.327
-0.034
0.776
1.673
-1.704
0.303
-0.014
-0.208
