0.543
0.039
0.064
-0.113
0.586
0.036
0.072
-0.264
-0.786
-0.048
-0.226
-0.443
0.053
-0.389
0.072
0.583
0.662
0.476
0.255
-0.234
-1.792
1.306
0.244
-0.376
-0.095
-0.398
-0.369
-0.570
-0.167
0.068
0.016
-0.388
1.433
0.554
0.760
-3.342
-1.623
-3.810
-0.838
-1.348
-2.369
-5.066
0.299
0.131
-0.129
0.290
-0.435
0.028
-1.506
-1.102
-2.204
-1.737
-1.925
-3.097
-2.903
-1.627
-1.665
0.072
-0.887
-3.911
-1.548
-1.526
-1.592
-2.341
-0.974
-3.145
-1.883
-0.719
-0.092
-0.184
-1.572
-0.062
0.672
-0.128
-1.537
-3.929
-0.525
1.179
-4.515
0.075
0.444
-1.478
-0.053
-0.302
0.379
-0.210
-1.594
-2.434
-0.568
-0.326
0.072
-0.478
0.189
-1.351
-0.193
0.107
-0.017
0.010
-0.354
-0.307
-0.127
0.416
-0.036
-1.331
0.031
0.077
-0.220
0.003
-0.167
-0.066
-0.096
-0.184
0.083
0.090
0.058
0.070
-0.058
0.018
-0.187
0.299
-0.125
0.272
0.072
0.156
-0.123
-3.171
-0.262
0.181
0.160
-0.254
-0.008
0.164
0.054
-0.904
0.012
-0.600
0.108
0.067
0.078
0.031
0.094
3.007
2.293
-0.470
-0.024
0.072
-0.308
-1.121
-0.280
-1.894
-0.789
0.087
-0.028
-1.881
-1.346
-3.184
-1.293
-2.368
-3.098
-0.440
-0.444
-2.165
-2.364
0.038
0.173
0.015
-1.866
-2.337
-0.218
-0.106
-0.998
0.298
0.080
0.198
-0.303
-2.817
-1.120
-0.223
0.021
-0.549
-0.043
-2.748
0.058
-0.759
-0.863
-0.302
-0.291
1.345
0.244
0.465
-0.080
0.250
0.072
-1.037
-0.200
-0.031
-0.542
-0.186
-0.106
-0.426
-0.131
-0.358
0.540
-0.520
-0.083
-0.067
-3.367
-2.412
-1.599
0.138
-0.533
-0.087
0.566
-0.951
0.148
0.089
0.341
0.112
-1.761
-3.154
-0.833
-3.256
-0.554
-1.778
-1.062
-1.567
-0.731
-0.452
-1.692
-0.788
-0.761
-2.646
-1.500
-2.458
-2.616
0.111
1.290
0.034
-0.145
-0.142
-0.156
-0.543
0.086
0.026
-3.488
-0.010
-0.903
-0.072
-1.169
-1.635
0.253
-1.330
-0.277
-0.181
-0.787
-0.977
-2.923
-0.146
0.550
-1.349
-0.034
-0.258
-0.378
-1.337
0.530
0.026
1.004
0.200
-0.064
-0.851
0.031
-0.805
0.059
0.072
-0.033
-0.799
-0.780
0.072
-0.029
0.445
0.267
-0.850
-1.537
-1.242
-1.206
0.021
-0.041
-0.039
0.069
0.008
-2.114
0.904
-0.004
0.118
0.167
-0.189
0.031
0.568
-1.783
0.177
0.628
-0.007
0.072
-2.158
0.048
-0.211
1.664
2.678
0.773
0.401
-0.034
0.466
-0.540
-0.052
-1.311
-2.074
0.158
0.427
0.259
0.029
0.048
-0.024
-0.773
-0.402
-1.048
0.057
-0.364
-0.017
-0.117
-2.992
-1.593
0.240
0.087
-0.214
-0.372
-1.523
-0.566
-0.012
-0.025
0.072
-0.903
-0.572
0.749
-1.613
-0.703
-0.154
0.005
0.094
0.268
-2.589
-1.448
-1.216
-1.599
-1.422
-0.868
-0.434
-1.816
-2.034
-1.562
0.237
-0.160
-0.115
-0.052
-0.559
-0.232
-1.177
-0.880
-0.210
-2.029
0.024
-0.857
-1.246
-0.325
-0.192
-2.715
-0.250
0.050
-0.124
-0.305
-0.765
-0.174
-0.213
0.293
-0.273
-0.248
0.140
-0.237
-0.862
-0.408
-0.262
0.325
0.045
0.062
-0.015
0.108
-0.764
-0.075
-0.642
-0.536
-4.272
-1.150
0.072
-0.942
-0.777
-0.652
-0.993
0.213
-2.987
-4.277
-0.413
-0.199
-0.105
-0.139
-0.274
-0.738
0.001
-0.235
-0.363
0.064
-1.629
-1.120
-1.480
-0.107
-0.006
0.077
-0.514
-0.132
0.157
0.130
0.574
-0.054
0.128
0.163
-0.501
-0.078
-1.319
-1.134
0.065
0.062
0.698
0.590
0.142
0.207
0.354
0.088
0.346
0.105
1.310
1.024
0.881
0.139
0.372
0.787
0.112
-0.257
0.278
-2.710
0.664
0.273
-1.857
0.860
-0.009
-0.888
1.299
-0.228
-0.038
-0.019
0.002
-0.161
-0.365
-0.026
0.117
-0.479
-1.971
0.080
-3.195
-1.504
0.034
0.462
-0.524
-2.117
0.385
0.478
0.178
0.186
-0.173
-0.142
0.410
-1.464
-0.456
-2.668
-1.687
-0.128
-0.180
0.064
-0.170
-0.172
-0.526
-0.431
-2.663
-1.509
-0.519
-0.078
-0.018
0.054
-0.057
0.168
0.081
1.382
0.056
-0.737
-0.446
-0.097
0.085
-0.191
-0.036
-0.025
-0.382
-0.258
-0.512
-1.513
-0.676
0.221
0.150
0.162
0.065
-0.227
-0.214
-0.017
-0.158
0.056
0.040
0.025
-0.225
-1.295
-0.264
-1.328
-0.481
-0.843
-1.148
-3.555
-1.703
-0.909
0.176
-0.653
-0.228
-1.639
0.203
0.070
0.372
-0.336
-0.924
-1.278
-0.590
-0.751
-0.038
0.066
-0.268
-0.021
0.121
-1.104
-0.418
-0.108
-0.827
-0.523
-0.034
-0.166
-0.156
0.083
-4.547
-1.151
-0.045
-0.125
-1.055
-0.932
0.744
-1.591
0.118
0.087
0.127
-0.094
0.072
0.313
-0.146
0.453
0.165
0.071
0.072
-0.666
-0.277
0.157
-0.095
-0.103
-0.215
-0.347
-0.063
0.469
-0.166
-0.028
0.061
-0.018
-1.002
-0.053
-1.987
-0.649
-0.119
-0.458
-0.964
-0.158
-0.951
-0.626
-1.655
-0.931
-1.041
-4.708
-1.213
0.313
-1.065
-0.856
0.058
0.146
-0.104
0.373
0.068
-0.139
-0.098
-1.988
0.845
0.277
-3.454
-1.583
0.658
-0.330
0.511
0.293
0.068
-0.815
-0.123
-1.500
0.177
0.212
-1.009
-0.463
0.062
0.094
0.234
0.060
-0.034
-0.309
-0.262
-0.774
-0.731
0.094
0.434
-0.167
0.608
-1.367
0.046
0.990
0.154
