-0.139
-0.101
0.003
-1.665
0.095
-0.035
-0.092
0.026
-0.315
-0.192
-0.228
-0.243
-0.146
-0.264
0.192
0.055
0.314
0.184
-0.172
0.442
-0.581
1.322
1.372
-0.159
-0.133
-0.080
-0.369
-0.421
-0.457
-0.097
0.146
-0.051
-0.169
-0.120
0.132
-2.607
-1.885
-2.529
-0.445
-2.115
-2.432
-3.595
0.248
0.151
-0.036
-0.088
-0.045
0.029
-2.319
-1.250
-1.843
-1.963
-2.589
-2.589
-2.600
-1.575
-0.894
0.039
-0.748
-2.644
-0.963
-1.202
-1.301
-2.147
-1.052
-2.981
-2.231
-0.621
-0.308
0.180
-0.439
-0.050
-1.208
-0.341
-2.145
-2.485
-0.908
0.789
-2.673
-0.109
0.429
-1.424
-0.281
-0.349
-0.109
-0.233
-0.998
-2.640
-1.132
-0.034
0.253
-0.442
-0.546
-0.639
0.057
0.052
-0.122
-0.169
-1.218
-0.536
0.028
-0.037
-0.039
-0.188
-0.292
0.847
-0.084
-0.083
-0.107
0.198
-0.054
-0.212
0.148
0.052
0.237
0.078
-0.084
0.184
-0.084
0.349
-0.084
-0.084
0.209
0.058
0.074
-0.936
0.249
1.153
0.710
-0.091
-0.053
0.251
-0.481
-0.316
0.981
-0.199
1.061
-1.598
0.059
-0.173
-0.140
0.709
0.680
-0.264
-0.036
-0.137
-0.225
-0.274
0.097
-1.634
-1.884
-0.237
-1.401
-2.455
-1.431
-2.908
-1.616
-2.007
-1.750
0.373
-0.055
-1.741
-1.582
-0.432
-0.028
-0.118
-0.690
-1.487
-0.138
0.021
-0.768
0.098
0.019
0.252
-0.491
-1.980
-1.065
-0.488
-2.061
-0.767
-0.091
-3.223
0.203
-0.206
-0.437
-0.530
0.308
-0.013
0.329
-0.698
-0.021
-0.593
-0.258
-1.619
-1.821
0.444
-0.529
-0.810
-0.879
-0.108
-0.278
-0.137
-0.080
-0.155
-0.148
0.116
-1.656
-1.691
-0.614
0.078
-0.318
-0.118
0.789
-0.189
0.012
0.181
0.935
0.041
-1.836
-2.310
-1.130
-2.358
-0.485
-1.297
-1.288
-0.966
-0.808
-0.764
-1.724
-0.842
-0.013
-2.250
-1.798
-1.077
-4.116
0.508
0.439
-0.500
-0.240
-0.595
-0.054
-1.194
0.436
0.212
-1.590
-0.133
-0.177
-0.000
-0.243
-1.086
0.015
-0.809
-0.504
-0.192
-0.734
-0.247
-1.080
0.242
-0.084
-1.250
-0.771
-0.460
-0.509
-1.040
1.279
-0.022
0.662
-0.077
0.261
-0.335
0.091
-0.811
-0.045
0.596
0.051
0.052
0.851
-0.428
-0.170
0.027
-0.201
-0.423
-0.986
-0.807
-1.242
-0.157
-0.319
-0.071
0.068
0.159
-0.493
0.118
-0.077
0.230
0.249
0.530
0.431
0.734
-3.085
0.661
0.151
-0.358
0.052
-0.382
-0.024
-0.271
0.844
1.487
1.277
-0.297
-0.047
0.224
-0.323
0.729
0.162
-2.996
-0.081
0.150
0.015
0.231
-0.090
-0.092
-0.319
-0.193
-0.265
-0.089
-0.396
-0.130
-0.158
-1.978
-0.727
-0.025
-0.687
-0.541
-0.274
-0.550
-0.323
-0.719
-0.084
0.084
-0.370
-1.155
0.679
-0.342
-0.374
0.182
-0.189
0.377
0.201
-2.785
-1.333
-1.089
-1.759
-1.875
-0.022
-0.225
-1.019
-2.060
-0.956
-0.360
-0.478
-0.139
-0.180
-1.065
0.018
-0.040
-2.546
-0.096
-2.116
0.583
-1.228
-0.861
-1.188
-0.409
-1.455
-0.143
0.323
0.168
-0.064
0.487
0.158
0.652
0.609
0.285
0.087
-0.509
-0.362
-0.705
-0.325
-0.349
0.314
0.064
0.023
0.148
-0.159
-0.905
0.068
-1.608
0.216
-0.622
-1.993
-1.160
-0.744
-0.447
-0.453
-0.106
0.020
-1.039
-3.068
-0.042
-0.408
-0.075
-0.737
0.423
-0.189
0.550
-0.308
-0.771
-0.016
-1.428
-0.430
-0.625
0.098
-0.314
0.052
-0.817
0.199
-0.107
0.131
1.301
-0.084
-0.293
0.131
-0.304
0.626
-2.097
-0.914
-0.128
0.277
1.225
0.285
0.211
0.306
0.221
-0.196
0.281
0.294
1.738
0.858
0.193
0.185
0.144
0.356
0.122
-0.142
0.444
-1.292
0.666
0.428
-1.188
0.574
-0.414
-2.887
0.119
-1.213
-0.151
-0.113
0.350
-0.109
-0.117
-0.604
0.222
-0.051
-1.324
0.226
-2.016
-0.972
0.154
-0.191
-0.695
-0.997
0.314
0.672
-0.117
0.191
-0.354
-2.503
-0.776
-1.816
-0.696
-2.549
-1.340
-0.259
-0.210
-0.433
-0.930
-0.121
-0.299
-1.552
-2.121
-0.675
-1.610
-0.273
0.001
0.014
0.099
-0.180
-0.512
-0.185
-0.179
-0.406
-0.235
-0.142
-1.465
-0.336
-0.631
-0.016
-0.248
-0.441
-0.445
-1.064
-1.146
-0.041
-0.265
0.761
0.351
-0.206
0.333
-0.178
0.454
-0.295
-0.248
-0.081
-0.590
-0.876
-0.449
-0.742
-0.664
-0.596
-1.560
-3.468
-1.219
-1.702
0.451
-0.389
-0.213
-0.869
-0.374
-0.132
0.079
-0.218
-0.694
-0.073
-0.446
-0.288
-0.267
0.239
-0.028
-0.109
-0.173
-0.610
-0.451
-0.272
-0.647
-0.396
-0.165
0.498
-0.984
0.269
-2.440
-1.262
0.029
-0.302
-0.290
-0.246
-0.141
-1.276
-0.001
-0.095
0.447
-0.164
0.376
0.383
-0.061
0.498
0.376
0.208
0.460
-0.779
-1.875
0.163
0.157
0.318
-0.012
0.135
-0.397
0.065
-0.098
-0.370
-0.114
-0.267
-0.693
-0.083
-1.596
-0.705
-0.594
-1.263
-0.517
0.556
-1.422
-0.209
-1.018
-0.495
-0.639
-3.623
-0.579
-0.161
1.035
-0.885
0.376
0.097
-0.471
0.859
0.618
0.006
-0.019
-1.592
-0.040
-0.608
-0.534
-0.637
1.331
-0.125
0.460
0.690
0.379
0.127
0.242
-0.325
0.160
0.673
-0.441
-0.199
0.271
0.344
0.383
1.347
-0.964
-0.350
-0.611
-1.240
-0.266
-0.427
0.146
0.108
0.767
-2.030
0.070
0.309
-0.390
