0.068
-0.269
0.059
0.059
0.059
-0.628
0.056
0.059
-1.026
0.116
0.537
-1.678
-0.011
-0.242
-1.564
0.939
1.213
1.667
-0.729
-0.545
-0.515
0.059
0.081
0.040
0.131
0.059
-0.382
-0.488
-0.299
0.059
0.951
0.222
-0.109
0.485
-0.121
-3.317
-2.559
-2.461
-0.577
-1.636
-2.981
-1.486
0.059
-0.006
0.059
0.030
0.059
0.059
-1.399
-0.971
-0.966
-0.745
-2.122
-2.023
-1.886
-0.982
-1.452
-0.545
-0.833
-4.014
-0.869
-1.175
-2.601
-1.987
-0.811
-2.681
-0.826
-1.675
0.265
-0.777
-2.337
0.066
-0.704
0.043
-1.529
-0.357
-0.533
0.059
-2.590
0.308
0.115
-1.011
-0.320
-0.756
0.213
0.912
-0.170
-1.906
-1.372
-0.250
0.091
-0.796
0.059
0.057
-0.093
0.089
0.510
-0.007
-0.400
-0.083
0.138
-0.088
-0.446
-0.738
-0.501
0.059
-0.160
0.002
-0.048
0.200
-0.245
-0.222
0.094
-0.015
0.059
0.055
-0.030
-0.116
-0.038
-0.068
-0.025
0.001
0.048
0.059
0.319
-2.530
0.059
0.752
0.749
0.209
-0.149
0.059
0.059
-0.103
2.147
0.897
1.760
0.323
1.388
0.013
-0.819
2.561
0.223
-0.208
0.164
-0.441
-0.723
-1.589
0.046
-3.070
0.135
0.059
-1.359
-0.678
-0.453
-4.518
-2.878
-1.605
-3.501
-0.059
-2.155
-2.713
-1.174
-0.794
0.266
0.059
-2.554
0.053
-0.125
-0.529
-0.641
-0.510
-0.343
-0.330
-0.643
-2.664
-1.647
-1.052
-1.347
-0.793
0.567
-2.401
0.093
-0.755
-1.420
0.143
-0.028
-0.327
0.059
0.325
-0.625
-0.379
-0.043
-2.074
-0.625
0.276
-0.517
-1.471
0.059
-0.034
-0.225
-0.463
0.059
0.102
0.115
0.373
-2.216
-1.270
-1.518
-0.221
0.591
0.059
0.061
-0.469
-0.838
1.288
-1.564
0.128
-3.414
-2.766
-2.164
-3.237
-0.302
-1.248
-1.070
-2.157
-1.331
-0.539
-0.970
-2.229
0.265
-2.729
-2.626
-3.670
-4.636
0.059
0.719
-1.430
0.590
-2.040
-0.245
-0.465
0.553
0.059
-1.363
0.059
0.050
-0.298
-0.143
0.002
-0.019
-0.087
-0.240
-0.599
-1.150
0.059
-3.596
0.107
-0.493
-1.366
-1.333
-1.377
-0.858
-1.500
1.023
-0.614
1.680
-0.562
0.883
-1.567
0.059
0.552
0.059
0.477
-1.224
-0.335
-0.756
0.059
0.027
0.055
0.070
-0.073
-1.485
-1.436
-0.149
-0.014
0.182
0.059
0.243
-0.216
-1.709
-0.128
-0.278
0.166
0.059
-0.035
-0.852
-1.347
-2.721
-0.098
0.059
-0.143
0.065
-1.318
-0.494
0.206
0.055
0.202
0.059
-0.471
-1.915
0.546
0.059
0.323
0.082
-0.426
-0.444
0.509
0.973
0.137
-0.013
0.059
0.059
0.255
0.088
0.654
-0.389
0.774
0.059
-2.257
-0.936
-0.063
0.113
-0.774
-0.300
-0.782
-0.049
-0.635
-1.070
0.059
-0.967
-1.044
0.273
-2.794
-3.349
-1.573
-0.104
0.059
0.261
-2.960
-2.143
-2.654
-3.423
-1.465
0.148
-0.124
-1.813
-2.693
-0.996
-0.030
0.208
0.059
0.175
-0.417
0.319
0.473
0.768
0.059
-4.000
0.248
-0.038
-0.701
-1.264
-0.453
-0.812
0.743
-0.007
0.156
-0.016
-0.138
-0.044
0.060
0.237
-1.103
-0.613
-0.507
0.030
-1.897
0.011
0.059
0.152
-0.182
-0.346
-0.020
0.225
-1.251
0.244
-2.001
-0.606
-0.984
-1.643
-0.889
-1.315
-0.800
-4.120
-1.846
0.107
-3.335
-2.092
-0.216
-0.279
-0.197
-0.173
0.009
0.059
-0.580
-0.032
-0.640
-0.544
-0.559
-0.267
-0.353
0.111
0.077
-0.943
-0.472
-0.133
1.455
0.000
0.355
-0.236
0.059
0.096
-0.560
-0.346
-0.221
0.031
0.059
0.073
1.605
0.595
0.059
-0.049
-0.016
-0.099
0.235
0.084
0.646
0.588
1.074
0.418
1.248
0.112
0.059
0.008
-0.090
0.065
0.155
0.893
0.059
0.112
0.130
0.528
0.014
-1.480
0.200
0.132
0.173
0.152
-0.067
-0.157
-0.014
0.321
-3.478
-0.061
-2.361
-3.278
-1.583
-0.165
-1.537
-1.632
-0.105
0.059
0.059
2.432
-0.277
-0.516
0.059
-1.415
-0.250
-3.717
-1.388
0.014
0.078
-0.226
-1.039
0.059
-0.606
-0.426
-2.053
-0.914
-2.662
0.216
-0.054
0.569
1.078
0.059
0.411
0.657
0.908
0.011
-0.110
0.128
-0.862
-0.376
-0.703
0.048
-0.136
-1.200
-0.262
-0.302
-0.932
-0.240
0.059
0.065
0.096
0.044
0.362
0.002
0.167
0.052
0.031
0.059
0.059
-0.127
-0.040
-2.402
-0.850
-0.108
-0.189
-2.234
-1.710
-1.322
-0.240
-1.357
0.059
-0.352
0.055
0.059
0.059
-0.155
-0.297
0.097
0.059
-0.470
-2.234
0.004
0.059
0.058
0.055
0.040
-0.279
-0.590
-0.997
-1.007
-0.196
0.173
-0.359
-0.064
-3.594
-0.341
-2.900
0.538
0.181
0.613
0.059
0.059
0.059
-0.151
0.349
-0.031
0.059
0.059
0.059
0.059
0.023
0.025
0.059
-0.366
-0.953
-0.166
-0.189
-0.156
-0.136
0.824
-0.044
-0.686
0.035
0.059
0.026
-0.861
-0.013
-0.519
-0.850
-0.183
-0.617
-0.718
-0.568
-0.299
-1.471
-0.800
-1.305
-0.083
-0.228
-1.454
-1.142
0.132
1.066
-0.190
-0.284
-0.458
-0.157
0.194
0.017
0.057
0.011
-1.484
0.284
-1.056
-2.521
-1.151
-0.023
-0.147
-0.194
1.697
0.143
-0.478
0.122
-1.568
-0.556
0.830
-0.046
-1.417
0.117
-0.186
0.321
-0.241
-0.483
-0.351
-0.354
-2.536
-1.798
-0.020
0.107
-0.411
-0.148
-2.456
0.195
0.289
-0.312
