0.896
-0.022
0.127
0.154
0.027
-0.015
0.091
-0.164
-1.203
-0.291
-0.909
-0.533
0.184
-0.184
0.158
0.031
0.123
0.095
0.273
0.360
-0.121
0.183
-0.189
0.067
0.105
0.026
0.064
0.134
-0.096
0.219
0.055
0.089
0.718
1.058
0.982
-2.653
-2.035
-2.780
-0.744
-2.240
-1.894
-2.095
-0.014
-0.299
-0.022
0.046
-0.078
-0.060
-2.521
-3.358
-2.372
-1.301
-1.973
-3.004
-1.760
-0.718
-1.190
-0.082
-0.232
-2.611
-1.127
-0.840
-0.960
-0.802
-1.439
-0.998
-1.509
-0.158
0.475
-0.194
-1.001
1.197
0.081
0.104
-1.890
-1.489
-0.306
0.687
-1.662
0.118
0.014
-1.872
-0.867
-0.288
-0.192
-0.699
-0.793
-1.553
0.321
0.876
0.070
-0.048
0.029
-0.720
0.005
0.286
1.153
0.067
-2.705
-0.864
0.545
0.419
0.035
-0.352
-0.062
0.191
-0.044
-0.200
-0.003
0.023
-0.309
0.012
0.004
0.013
-0.000
0.010
-0.022
-0.090
0.000
0.014
-0.219
-0.005
0.000
0.011
0.027
-0.818
0.168
1.013
0.854
0.943
-0.005
0.010
-0.417
0.033
1.396
-0.106
-0.336
-0.055
1.143
-0.964
-1.165
1.177
0.930
0.036
0.021
-0.000
-0.133
-0.809
-1.272
-2.112
-0.229
0.793
-0.784
-1.334
-2.564
-2.612
-2.362
-2.005
-1.562
-0.924
-0.507
-1.027
-2.063
-0.411
0.047
0.059
-1.725
-0.849
-0.333
-0.080
-0.567
0.606
0.313
0.493
-0.001
-1.320
-1.517
-0.096
-1.490
-0.597
1.456
-1.772
0.032
0.004
-0.128
-0.501
0.185
0.162
0.694
1.454
0.483
-0.485
0.673
-3.609
-1.181
-0.490
-0.642
-0.508
-0.031
-0.133
0.035
0.016
0.015
0.139
0.147
0.191
-2.965
-2.838
-0.491
-0.193
1.414
-0.111
0.339
-0.041
-0.270
-0.338
0.713
0.317
-1.524
-1.687
-1.774
-2.225
0.241
-2.263
-1.477
-1.011
-1.088
-1.338
-0.356
-0.952
-0.751
-1.564
-1.446
-2.327
-3.723
0.102
0.528
-0.827
-0.005
-1.501
-0.281
-1.045
0.679
0.179
-0.757
0.013
-0.466
-0.112
-0.226
-1.715
0.541
-0.426
0.013
0.422
-1.808
-0.155
-0.773
0.409
-0.086
-1.344
-0.640
-0.214
-0.356
-0.238
0.362
0.049
1.490
0.826
0.104
-1.912
0.019
0.080
0.459
0.711
-0.371
-0.561
-1.061
0.146
-0.094
-0.355
0.401
-0.222
-1.875
-1.001
-0.603
-0.038
0.562
0.490
-0.002
-0.244
-2.524
0.010
0.015
0.062
0.054
0.070
0.419
0.615
-2.204
0.529
0.611
-0.027
-0.929
-0.540
1.501
1.397
0.073
1.149
0.651
1.053
-1.179
0.355
-0.209
-0.500
0.068
0.673
-1.088
0.122
0.295
0.182
0.035
0.067
-0.023
0.006
-0.048
0.361
-1.758
0.549
0.191
-1.870
-0.767
0.067
0.029
-0.430
-0.041
-1.191
-0.106
0.135
-0.009
-0.123
-0.135
-0.334
0.544
-0.142
-0.177
0.123
-0.258
0.308
0.163
-2.841
-1.245
-1.015
-1.814
-1.734
-0.783
0.053
-1.212
-1.185
-0.410
-1.247
-0.814
0.057
1.100
-0.090
-0.243
-0.965
-0.677
-0.052
-3.450
0.071
-0.413
-0.730
-1.190
0.306
-2.080
-0.416
0.216
0.729
-0.558
-0.232
-0.365
0.735
1.196
1.133
1.106
0.439
1.237
-1.279
0.061
0.553
1.221
1.366
0.024
0.459
1.236
-0.505
0.040
-1.106
-0.362
-1.361
-0.514
-0.239
-0.986
-0.027
-0.017
-0.133
0.365
-2.361
-3.588
0.452
0.053
0.558
-0.022
-0.035
-0.130
0.432
0.010
-0.718
-0.050
-0.285
-0.173
-0.237
0.050
0.067
-0.385
-0.418
-0.071
0.245
0.046
-0.038
0.003
0.313
0.484
-0.051
0.236
-0.591
-0.490
-0.014
0.081
0.066
0.823
-0.007
-0.010
0.071
0.505
0.561
0.574
0.653
0.745
1.315
-0.080
0.033
0.879
0.135
-0.108
0.485
-0.787
0.130
0.111
-0.045
0.261
0.964
-0.021
0.397
-0.568
0.173
0.048
0.191
0.086
0.009
0.229
0.111
-0.014
-0.705
0.077
-1.458
-0.176
-1.394
-0.441
-0.064
-0.198
0.004
0.029
0.030
0.137
-0.113
-1.905
-0.543
-1.969
0.083
-1.936
-0.212
-1.487
-0.058
-0.294
-0.650
-0.073
-0.304
-0.703
-2.399
-1.163
-2.436
0.402
0.067
0.084
0.207
0.076
0.022
0.304
0.059
-0.251
-0.252
-0.019
-0.809
0.050
-0.716
-0.002
0.022
-0.305
-0.075
-0.887
-0.788
-1.319
0.774
0.246
0.040
-0.264
0.026
0.074
0.647
0.264
0.447
0.041
0.337
-0.260
0.292
-1.127
-0.578
-1.106
-0.856
-3.235
-1.860
-1.733
-0.133
-0.892
0.022
-0.195
-0.025
-0.065
0.164
0.019
-0.222
-0.211
-0.146
-0.411
-0.128
1.055
-0.231
0.018
0.356
-0.103
-0.120
0.018
-0.279
-0.111
0.852
0.241
-1.137
0.095
-0.897
-1.535
-0.664
0.909
0.066
0.343
0.003
-0.175
0.154
0.025
0.311
-0.341
-0.676
0.016
0.041
0.064
0.098
0.087
0.067
-0.209
-0.484
0.238
0.047
-0.545
0.046
0.520
0.015
0.094
0.226
-0.335
0.103
0.032
-0.374
0.031
-1.577
-0.620
0.029
-1.303
-1.272
-0.081
-1.643
-0.528
-0.673
-0.639
-0.924
-1.380
-0.888
0.637
1.176
-0.249
0.130
1.314
-0.086
0.548
1.209
1.047
0.102
-2.146
0.179
-0.662
-0.371
0.069
0.197
-1.267
0.061
0.699
0.068
-0.026
0.087
-1.120
0.103
1.218
-0.269
-1.126
-0.111
0.022
0.076
0.033
-0.320
-0.356
-0.205
-0.249
-0.050
-0.015
0.060
0.035
0.065
-2.972
0.714
0.201
0.229
