0.844
1.235
0.421
0.076
-0.027
-0.121
-0.229
-0.096
-0.284
-0.594
-0.225
0.015
0.177
-0.165
-0.405
-0.096
0.335
0.188
-0.697
-0.654
-1.639
1.033
-0.835
-0.121
0.130
-0.107
-0.202
-0.540
-0.194
0.120
-0.082
0.015
-0.090
0.218
-0.084
-2.970
-2.257
-2.631
-0.990
0.152
-2.097
-1.743
-0.096
-0.186
-0.118
0.161
0.344
-0.096
-1.435
-1.809
-1.102
-1.437
-1.558
-2.597
-2.005
-1.592
-0.868
-0.339
-0.797
-2.038
-0.612
-0.571
-1.551
-2.149
-2.133
-1.414
-0.872
-0.898
-0.226
-0.439
-0.892
0.472
-0.422
-0.242
-0.521
-0.752
-0.604
0.335
-2.142
0.036
1.294
-1.548
-0.671
-0.875
1.008
1.222
0.159
-0.925
0.744
-0.616
0.554
-0.732
0.213
-0.202
-0.712
0.303
0.240
-0.037
-0.201
-0.306
0.328
-0.131
-0.499
-0.320
-0.245
0.206
-0.099
-0.066
0.028
0.877
0.037
-0.209
0.069
0.923
0.551
0.082
-0.081
-0.018
0.082
-0.077
-0.095
-0.095
-0.105
0.789
1.484
-1.071
0.059
0.409
0.383
-0.589
-0.009
1.188
0.330
0.331
-0.336
0.460
-1.351
0.562
1.647
-1.430
-2.653
2.412
1.802
0.601
-0.086
0.010
-0.025
0.232
-0.258
-2.270
-0.308
-0.565
-1.339
-1.202
-0.718
-3.303
-2.676
-2.531
-2.053
-0.013
-0.739
-1.229
-2.281
-0.250
0.042
-0.096
-2.050
-0.039
0.006
-1.109
-0.950
-0.485
0.131
0.632
-0.849
-2.165
-1.108
-0.911
-1.056
-1.212
0.381
-1.689
-0.198
-0.150
-0.332
-0.463
-0.344
0.171
0.581
0.704
0.024
-0.708
-0.238
-1.443
-0.407
-0.590
-0.707
-1.450
-0.096
-0.221
-0.189
-0.649
0.035
-0.081
-0.066
-0.018
-2.919
-1.629
-2.011
-0.098
0.730
-0.503
0.409
-0.102
-0.411
-2.054
-0.505
0.004
-1.565
-2.020
-1.358
-2.719
1.004
-0.684
-0.834
-0.873
-0.900
-0.814
-1.395
-0.962
-0.723
-1.647
-1.921
-2.143
-3.592
-0.009
0.999
-1.602
0.073
-1.937
-0.414
-1.762
-0.165
0.415
-0.649
-0.193
-0.390
-0.684
-2.165
-1.013
-0.088
-0.193
-0.685
-0.477
-1.753
0.059
-1.856
-0.026
-0.585
-0.639
-0.516
-1.211
-0.446
-1.092
1.535
-0.400
0.812
-0.176
0.075
-0.869
0.138
-0.842
-0.041
0.191
-1.258
-0.435
-2.467
0.520
0.064
-0.389
0.098
-0.094
-1.574
-1.598
-0.363
-0.029
0.197
0.195
-0.663
0.020
-2.604
0.129
-0.002
0.155
0.235
-0.112
0.122
0.500
-1.235
0.210
0.048
-0.843
0.912
-1.192
0.410
0.306
0.001
0.629
0.829
-0.323
-0.438
0.114
1.025
0.078
-0.262
-1.085
-1.403
-0.019
1.184
-0.105
0.006
-0.039
0.257
0.263
-0.158
-0.033
-1.444
0.004
0.053
-3.083
-1.057
-0.189
-0.853
-0.078
0.448
-0.968
-0.016
0.177
-0.201
-0.035
-0.193
-0.449
0.203
-0.343
-0.991
-0.197
-0.812
0.060
1.015
-1.338
-1.462
-0.584
-1.767
-2.452
-0.925
-0.354
-1.320
-1.438
-0.970
-0.548
-0.632
-0.034
-0.198
-0.295
0.030
-1.340
-0.887
-0.111
-5.685
-0.421
-0.299
-0.532
-0.843
0.413
-2.307
0.465
-0.163
-0.044
-0.266
-0.510
-0.074
0.120
0.173
0.450
0.701
-0.393
0.270
0.173
-0.325
0.312
0.035
0.419
-0.655
0.075
0.641
-0.724
-0.005
-1.470
-0.337
-0.329
-2.071
-0.960
-1.210
-0.285
-1.177
-0.523
-0.077
-1.786
-2.952
0.201
0.143
-0.051
-1.738
-0.393
-0.118
-0.096
-0.223
-0.294
-0.067
-0.991
-0.647
-0.770
-0.160
0.229
-0.719
-0.302
-0.472
0.297
-0.597
-0.533
-0.393
0.652
0.441
-0.708
-0.474
-0.659
-0.434
0.058
0.389
0.540
0.444
-0.193
0.153
0.508
0.175
1.025
0.736
0.951
1.998
0.772
0.607
0.775
0.382
0.153
0.119
-0.075
-0.132
0.046
0.170
-0.711
0.304
0.106
-1.448
0.260
-0.114
0.077
-0.103
-0.330
-0.535
-0.103
-0.181
0.146
-0.129
-1.163
-0.179
-2.017
-0.991
-0.043
-0.075
-0.349
-0.990
-0.041
0.813
0.552
-0.127
-0.243
-2.700
-0.662
-0.191
0.089
-1.181
-0.350
0.358
-0.444
0.066
-1.399
-0.269
-0.368
-0.001
-1.991
-0.960
-1.674
0.479
-0.020
-0.029
0.122
-0.100
-0.021
1.009
0.050
-0.319
-0.194
-0.207
-1.036
0.194
-0.498
-0.046
-0.192
-0.613
-0.269
-0.670
-1.291
-0.695
0.349
0.657
0.010
-0.183
-0.283
0.311
-0.163
-0.200
-0.055
-0.091
0.048
-0.782
-0.297
-0.979
-0.868
-1.420
-0.428
-2.376
-0.417
0.142
-0.127
-0.474
-0.537
-0.352
0.003
-0.073
0.735
-0.154
-0.432
-0.329
-0.690
-0.655
-0.575
-0.103
-0.188
0.184
-0.093
-0.197
-0.382
-0.647
-0.385
-0.889
-0.035
-0.070
-0.711
0.000
-1.332
-0.445
-0.828
-0.293
-1.190
-1.201
0.524
0.614
0.227
-0.245
0.223
-0.236
-0.132
0.663
-0.001
0.108
-0.062
-0.000
-0.217
-1.408
-0.111
0.070
0.113
0.697
0.227
-0.257
-1.178
-2.134
0.016
-0.593
-0.030
-0.411
-0.155
0.014
-0.491
-0.334
0.645
-0.092
-0.597
0.348
-1.040
-0.484
-1.935
-0.664
-0.522
-1.430
-1.150
0.508
-0.018
-0.789
-0.028
0.071
-0.604
0.011
0.512
0.337
0.153
-1.030
-0.096
-0.889
-1.114
-0.864
0.286
-2.296
0.978
0.096
-0.423
-0.609
1.051
-0.500
-0.062
1.278
-0.431
-0.933
0.351
0.026
0.336
0.151
-0.125
-0.578
-0.275
-1.376
-0.937
0.021
0.010
-0.096
0.278
-1.379
-0.298
0.006
-0.150
