-0.075
0.172
-0.078
0.186
0.063
0.178
0.251
0.210
0.304
0.056
0.322
0.250
-0.027
0.337
-0.074
-0.076
-0.343
-0.279
0.071
-0.009
0.706
-1.481
-0.753
0.570
0.123
0.059
-0.031
0.022
0.217
0.071
-0.094
0.141
-0.109
0.124
-0.075
2.253
1.696
1.774
0.402
1.236
1.423
2.607
-0.127
-0.641
0.191
-0.139
-0.044
-0.064
1.916
0.687
1.222
1.559
1.818
2.360
1.811
1.836
0.713
-0.086
0.746
2.535
0.983
1.148
1.186
1.265
0.966
2.847
1.553
0.360
0.280
-0.038
0.738
-0.202
-0.316
0.371
-0.075
0.128
-0.205
-0.381
3.321
-0.079
-0.109
0.419
-0.075
-0.009
-0.485
0.079
0.843
2.687
0.578
0.059
-0.075
0.068
0.164
0.532
0.147
-0.183
-0.071
-0.087
0.608
0.312
-0.063
0.010
0.024
0.353
-0.013
-0.208
0.075
-0.262
-0.148
-0.142
-0.093
0.161
-0.247
-0.177
-0.230
-0.187
0.146
0.163
-0.148
-0.175
0.145
0.047
-0.211
-0.242
-0.189
1.661
-0.136
-0.821
-0.375
0.044
-0.174
-0.261
0.212
-0.064
-0.525
0.635
-0.075
0.575
0.232
1.897
0.441
1.003
-0.075
-0.054
-0.064
-0.036
0.157
0.483
0.147
0.997
0.280
-0.187
0.287
1.335
0.989
2.791
2.009
0.042
0.150
-0.351
-0.206
1.803
0.556
1.351
-0.218
0.093
1.074
0.630
0.136
-0.033
1.795
-0.663
-0.075
-0.106
0.223
1.736
1.534
0.285
1.140
0.596
-0.094
1.830
-0.033
0.753
0.566
-0.075
0.016
-0.674
-0.193
-0.016
0.016
0.726
-0.287
0.328
-0.075
-0.402
0.365
0.325
0.165
0.391
0.048
0.364
-0.075
0.101
1.289
0.125
2.242
1.818
0.937
-0.128
0.204
0.072
-2.036
-0.028
0.181
-1.965
-0.507
-0.192
2.682
1.295
0.657
2.975
-0.050
1.575
0.624
0.589
0.995
0.233
0.929
0.917
0.764
1.961
1.015
0.366
4.469
-0.178
-1.505
0.293
-0.325
0.566
-0.068
1.316
0.327
-0.001
2.245
-0.058
0.374
-0.073
1.451
0.410
-0.510
1.003
0.034
-0.313
1.112
0.336
1.319
-0.080
-0.551
1.259
1.321
0.442
0.588
1.556
-1.687
-0.024
-0.109
0.381
-0.073
0.410
-0.127
0.229
-0.063
-0.179
0.723
-0.107
-0.489
0.379
-0.047
-0.375
-0.075
0.506
0.749
1.259
0.978
0.030
0.328
0.530
-0.075
0.000
1.325
-0.494
-0.029
-0.075
-0.037
0.062
-0.012
-0.169
1.820
-0.843
0.056
2.302
-0.019
1.588
0.043
-0.346
-0.691
-2.124
-0.850
0.067
3.745
-1.079
0.325
-0.130
0.169
1.407
0.573
-0.074
-0.234
-0.002
0.010
0.101
0.350
0.062
0.322
-0.063
0.896
0.162
0.154
0.986
1.569
0.012
0.223
0.889
0.243
0.494
0.116
0.394
-0.039
-0.075
0.311
1.077
-0.351
0.341
0.534
-0.031
0.175
-0.381
-0.036
2.952
1.123
0.993
0.876
1.144
0.330
0.279
1.025
2.503
1.170
0.283
0.884
-0.038
0.345
0.281
0.105
0.191
1.224
-0.075
2.433
-0.016
1.032
0.639
0.601
0.211
0.627
-0.586
-0.033
-0.075
0.447
0.091
0.326
-0.241
-0.661
0.140
0.210
0.006
-0.149
0.357
0.779
-0.075
-0.197
-0.045
-0.069
-0.067
-0.106
0.135
0.333
1.681
-0.121
1.101
1.870
-0.145
0.221
2.592
0.015
0.505
0.102
1.252
2.185
-0.091
0.258
-0.109
-0.028
-1.051
0.122
-0.129
0.179
0.527
-0.151
0.880
0.595
0.101
0.119
0.186
-0.009
1.687
-0.088
0.475
-0.084
-0.159
-0.221
-0.201
-0.223
0.699
-0.054
2.096
0.639
-0.075
-0.054
-1.029
-0.413
0.104
-0.215
-0.306
0.096
-0.994
-0.802
-1.174
-1.452
-0.075
0.093
-0.090
-0.497
-0.090
0.468
-0.675
1.437
-0.745
-0.286
1.371
-0.879
0.185
1.579
-0.253
1.133
0.086
0.447
0.070
0.131
0.109
0.777
-0.189
0.059
1.997
0.562
1.018
0.624
0.384
-0.040
1.084
2.179
-0.096
-0.170
0.012
0.562
0.188
1.088
-0.034
0.684
0.284
2.613
1.585
0.061
-0.017
0.066
0.704
0.300
0.056
0.532
1.322
1.170
0.988
-0.121
-0.155
-0.098
-0.027
0.094
-0.081
-0.682
-0.074
0.343
0.061
0.027
-0.034
0.327
0.060
0.402
-0.073
0.729
0.455
2.456
1.078
0.086
0.488
-0.601
0.018
0.304
1.375
0.213
0.167
0.102
0.109
-0.052
0.647
0.692
0.075
0.856
0.488
0.459
0.826
2.304
0.313
1.088
-0.430
0.104
0.202
1.652
0.043
0.076
-0.036
0.144
0.709
0.252
0.250
0.425
-0.110
-0.038
0.085
0.084
-0.095
0.517
0.144
0.086
0.199
-0.092
0.082
-0.190
0.378
-0.186
2.618
0.557
0.483
5.163
1.053
0.449
-0.054
0.936
-0.054
0.033
-0.141
0.082
-0.067
0.828
0.217
-0.111
-0.180
0.226
-0.179
3.101
0.961
0.109
-0.121
0.311
0.232
0.606
0.571
0.378
0.372
0.402
0.134
0.404
0.403
0.072
1.758
0.744
0.267
1.133
0.783
-0.016
0.566
0.382
1.097
0.814
0.873
3.061
0.735
0.149
-0.111
0.458
-0.405
0.032
0.337
-0.782
-0.164
0.484
0.693
1.562
0.145
-0.191
1.141
0.464
-0.109
-0.032
-0.608
-0.272
-0.145
0.169
-1.103
1.559
-0.126
-0.382
0.683
0.144
-0.028
-0.102
-0.048
-0.562
0.357
0.422
0.872
0.411
0.325
-0.016
-0.083
0.234
-0.712
0.740
-0.131
0.143
-0.098
