0.253
-0.393
-0.278
1.139
-0.084
-0.114
-0.084
0.299
-0.084
-0.084
-0.057
-0.283
0.804
1.358
-0.058
-0.084
-0.946
-0.084
-1.108
-0.203
0.236
-1.351
-0.173
-0.088
-0.139
-0.444
0.064
-0.038
0.040
-0.032
-0.084
-0.088
-0.044
0.692
0.195
2.775
1.617
2.199
0.346
1.887
1.986
3.006
-0.090
-0.061
0.085
-0.237
0.379
1.376
3.215
1.746
2.182
2.877
2.156
2.339
1.777
0.540
1.933
0.473
1.162
3.431
1.111
1.668
1.028
1.231
1.188
2.017
0.807
0.769
0.175
0.388
1.354
-0.060
1.081
0.694
0.775
1.119
0.264
-0.269
2.631
-0.084
-0.431
0.509
0.041
0.775
0.460
0.213
0.594
1.649
-0.006
-0.243
0.188
0.499
-0.222
1.518
-0.095
-0.141
-0.388
-0.084
1.110
1.211
-0.109
-0.158
0.114
0.081
0.514
-0.460
-0.052
-0.190
-0.245
-0.661
-0.121
-0.084
-1.457
-0.119
-0.372
-0.082
-0.165
-0.646
-0.086
-0.524
-0.142
-0.085
-0.261
-0.222
-0.084
1.358
0.055
-0.410
-0.683
-0.057
-0.084
-0.182
1.520
-0.063
-1.185
-1.154
-0.517
0.878
0.137
0.512
1.673
-0.166
-0.213
-0.088
0.672
0.933
0.461
-0.084
-0.084
2.685
-0.019
0.139
1.705
1.683
2.007
3.744
1.965
2.843
2.486
-1.564
0.699
2.731
0.896
0.765
0.089
-0.046
1.841
0.078
0.301
0.325
0.908
-0.867
0.336
-0.180
0.529
1.355
1.563
0.701
0.931
1.817
-0.375
0.877
0.241
0.205
0.659
0.134
0.007
0.176
-0.301
-0.500
-0.103
0.714
0.339
2.175
0.002
-0.090
0.288
1.263
0.605
-0.593
0.199
0.138
-0.124
-0.031
-0.351
0.367
2.565
2.228
2.234
0.623
-1.335
-0.554
-3.240
-0.039
1.557
-0.050
0.018
-0.235
3.213
2.038
1.936
1.830
0.197
1.979
1.961
1.339
1.332
1.076
2.062
0.893
0.790
2.244
1.278
2.937
3.691
-0.693
-0.983
3.129
-1.219
0.555
0.613
3.399
0.434
-0.084
1.920
0.149
-0.086
0.218
0.453
-0.013
-0.706
0.110
0.201
0.480
1.176
0.470
2.850
-0.321
1.549
1.663
0.986
0.642
1.494
1.132
-2.308
0.458
-0.523
-0.406
-1.055
0.680
-0.066
0.525
-0.084
-0.760
1.307
-0.293
3.723
0.840
-0.113
-0.508
-0.666
0.375
0.278
1.858
0.533
-0.514
2.250
-0.161
0.428
-0.319
1.082
-0.081
-0.434
-0.219
-0.373
-0.648
1.538
-0.155
1.806
-0.640
-1.169
0.933
-0.011
0.962
-0.422
-0.899
-0.784
-1.391
-2.171
-0.299
-0.132
-1.296
0.602
0.959
-0.414
0.717
2.220
-0.915
-0.084
-0.346
-0.084
-0.084
0.081
-0.217
0.767
-0.142
0.107
-0.184
-0.102
1.296
2.208
-0.030
-0.835
1.157
0.360
2.034
0.649
0.694
-0.126
-0.135
-0.261
0.008
-1.174
1.322
0.927
0.102
1.467
-0.497
-0.448
2.153
2.348
1.835
1.996
2.638
0.092
0.275
1.399
1.485
1.583
3.796
2.326
-0.094
-0.441
0.508
0.078
1.889
0.645
-0.006
3.672
0.086
-0.017
0.040
2.080
0.719
1.920
-0.174
-0.600
-0.604
-0.159
-0.363
-0.007
-0.083
-0.706
0.130
0.249
-0.122
-0.857
0.940
0.716
-0.148
-0.644
-0.594
0.497
0.939
0.188
1.046
0.518
0.707
0.080
1.312
2.217
1.194
1.613
1.164
1.633
1.364
0.861
1.671
3.200
-0.183
-0.047
-0.214
-0.078
-0.392
0.712
-0.205
1.163
0.843
0.027
1.506
0.337
1.017
0.080
-0.084
0.404
0.181
-0.183
0.135
0.045
-1.137
-0.086
-0.665
-0.604
0.239
-0.452
0.483
0.218
0.186
-0.345
-0.829
-0.482
0.196
-0.611
-0.802
-0.142
-0.976
-0.780
-1.874
-1.890
-0.311
0.509
-1.400
-0.627
0.010
1.060
-0.348
-0.923
-0.210
-0.431
-0.107
-1.286
-0.165
0.069
-0.084
0.561
-0.093
0.050
-0.084
0.223
-0.024
0.437
0.043
0.082
1.010
0.210
0.619
0.155
2.559
1.098
-0.016
0.069
-0.082
-0.450
-0.218
-0.132
1.854
2.371
0.746
2.324
0.448
1.999
0.934
1.478
0.892
-0.152
0.642
0.073
0.743
1.929
2.856
0.715
2.029
0.111
0.276
-0.276
0.332
-0.084
-0.121
-1.426
-0.084
0.498
0.438
0.095
2.155
0.083
0.330
1.151
-0.610
0.567
0.320
0.496
0.133
-0.049
-0.004
-1.443
-0.145
0.271
0.483
-0.366
-0.160
0.010
-0.056
-0.265
0.064
0.482
-0.085
1.150
-0.045
1.207
1.423
3.056
1.660
0.915
0.287
-1.131
0.326
0.114
-0.162
0.231
-0.484
0.328
0.525
-0.084
0.593
0.669
0.360
0.371
0.312
0.153
-0.178
0.215
0.558
0.314
0.329
1.280
-0.088
-0.063
0.820
-0.084
1.200
0.584
0.840
0.397
-0.239
-0.314
-0.030
0.225
-0.387
-0.104
-0.084
0.087
1.125
-0.526
-0.247
-0.387
-0.488
-0.613
-0.710
-1.069
0.478
-0.326
-0.410
-0.535
-0.377
0.194
0.113
-0.056
0.079
-0.074
-0.116
1.456
1.679
0.244
2.162
1.080
0.864
0.998
1.187
0.441
1.865
0.625
1.305
0.852
0.318
0.560
1.122
-0.228
0.003
0.632
-0.934
-0.486
0.073
-0.763
-0.102
-0.067
-0.008
0.833
-0.588
0.414
0.467
0.738
-0.782
1.794
-0.546
-0.173
-0.200
-0.245
-0.551
1.534
-0.084
-0.874
1.238
1.449
-0.084
-0.058
-0.873
-0.084
0.125
-0.085
0.056
1.149
0.279
0.175
-0.263
-0.230
-1.575
1.139
-0.397
-1.788
-0.010
