-0.132
-0.050
0.028
0.024
-0.043
-0.039
-0.048
0.077
0.255
0.269
0.112
0.262
-0.020
0.187
-0.330
-0.095
-0.228
-0.252
-0.061
0.323
0.815
-0.666
-1.013
0.027
-0.020
-0.196
-0.058
0.048
0.569
-0.054
-0.063
-0.231
-0.046
0.085
-0.197
2.296
1.930
2.168
0.304
2.343
1.920
2.644
-0.073
-0.073
0.334
-0.069
0.166
-0.062
1.329
1.010
1.784
1.501
2.943
2.535
1.913
1.034
1.014
-0.073
0.133
3.138
0.983
0.857
1.051
1.481
1.426
1.492
2.312
0.460
0.281
-0.073
0.687
-0.032
0.443
0.484
1.340
1.568
0.371
-0.502
3.132
0.073
-0.591
1.598
0.283
-0.061
-0.167
-0.523
0.213
2.410
0.611
-0.073
-0.205
0.166
-0.029
0.207
0.302
-0.108
-0.043
0.033
1.485
0.524
-0.029
0.006
0.428
0.121
-0.010
-0.199
0.003
0.004
-0.039
-0.256
-0.041
-0.043
-0.320
-0.068
-0.223
-0.203
-0.040
-0.347
-0.064
-0.136
-0.003
-0.030
-0.212
-0.188
-0.227
1.873
-0.366
-1.063
-0.628
0.090
0.083
-0.339
-0.056
0.417
-1.694
1.172
0.162
0.228
-0.455
0.143
0.332
-1.445
-1.263
-0.091
0.578
0.126
0.342
0.432
0.123
3.135
1.053
0.065
0.640
2.708
1.456
2.821
1.771
2.262
2.897
-0.575
1.024
1.623
1.030
0.760
0.009
-0.033
1.655
0.351
0.307
0.329
0.903
-0.617
0.139
0.236
0.439
1.260
1.658
0.239
0.902
0.375
0.141
2.849
-0.073
0.502
0.504
-0.050
-0.078
-0.017
0.114
0.581
-0.086
0.884
0.077
1.617
1.117
-0.349
0.643
0.062
0.227
-0.060
0.007
0.073
0.072
0.036
0.113
-0.000
2.279
2.410
0.695
-0.112
0.529
-0.073
-2.058
-0.146
-0.002
-1.608
-0.623
-0.234
2.508
2.115
2.232
2.610
0.688
1.613
1.018
0.730
0.842
0.870
1.464
1.158
0.751
1.610
1.581
1.207
3.820
-0.273
-0.507
-0.326
-0.134
0.210
-0.049
0.231
-0.051
-0.194
3.557
0.341
0.626
0.756
0.877
1.041
-0.468
0.649
0.386
0.019
0.696
0.321
1.797
0.255
0.117
1.012
0.379
0.826
0.359
1.043
-1.323
-0.939
-0.429
0.047
-0.169
0.873
-0.079
-0.007
-0.084
-0.012
1.274
-0.073
-0.649
-0.146
2.327
-0.476
-0.127
0.497
1.353
1.341
0.799
-0.007
-0.118
-0.548
-0.304
-0.183
1.986
-0.789
-0.011
-0.555
0.011
-0.250
0.283
-0.008
2.232
-0.597
0.535
0.163
0.128
0.569
-0.071
0.024
-1.076
-1.009
-2.907
0.704
0.282
-1.448
0.327
0.301
1.936
2.717
-0.287
0.036
-0.110
0.201
0.524
0.220
0.237
-0.306
1.120
-0.036
0.400
0.061
-0.003
1.248
0.221
0.076
0.045
0.504
-0.020
0.542
0.595
0.210
-0.028
-0.101
0.698
0.924
-1.151
0.803
0.044
-0.443
0.030
-0.504
-0.198
2.176
1.354
0.525
0.690
1.591
1.408
0.426
1.843
2.178
1.108
-0.008
0.362
-0.014
0.531
0.235
0.243
0.352
1.272
0.127
1.612
-0.566
0.352
0.646
0.994
0.759
1.024
-0.028
0.030
-0.274
-0.296
0.435
-0.312
-0.480
-1.383
0.196
-0.220
-0.112
-0.148
0.357
2.175
1.503
-0.532
-0.071
-0.370
-0.327
-0.588
0.212
-0.057
0.524
0.066
2.384
1.134
1.312
0.262
0.874
0.201
0.686
-0.351
1.714
2.593
-0.026
-0.312
-0.201
0.520
0.721
0.145
0.509
0.572
0.964
0.045
0.669
0.520
-0.015
0.016
0.127
0.214
1.632
0.257
0.067
0.161
0.032
0.100
-0.002
-0.503
0.702
-0.125
1.270
1.252
0.030
-0.088
-1.345
-0.522
-0.051
-0.208
-0.587
0.165
-0.739
-0.612
-1.004
-1.092
-1.120
-0.697
-0.513
-0.264
-0.260
0.003
-0.658
0.941
-0.603
-0.180
1.514
-0.314
0.404
1.731
-0.102
1.519
0.396
-0.057
-0.806
0.312
0.552
0.461
-0.344
0.221
2.019
0.179
2.427
1.038
1.376
0.403
1.381
2.758
0.142
-0.407
0.016
0.710
-0.381
1.956
0.867
1.682
0.296
2.948
0.811
0.551
0.040
0.577
1.838
0.684
0.074
1.069
1.815
1.026
1.333
0.070
-0.003
0.286
0.114
0.134
-0.207
-0.927
-0.114
0.028
0.294
0.452
-0.346
0.262
0.141
0.172
0.582
0.253
0.244
1.635
1.802
0.476
-0.153
-0.424
-0.073
0.179
0.011
0.083
0.294
0.065
-0.102
0.026
0.416
1.542
0.341
1.587
1.069
0.481
1.038
2.986
1.536
0.793
0.007
0.195
-0.202
1.738
-0.031
-0.055
-0.824
-0.022
1.001
0.697
0.525
1.189
0.073
-0.163
-0.073
-0.128
-0.306
0.641
0.157
0.372
0.796
0.723
0.097
0.006
1.133
-0.086
2.529
0.553
0.060
0.176
-0.110
0.995
0.518
1.594
0.174
-0.016
-0.073
0.116
-0.232
-0.212
0.043
-0.147
-0.234
0.009
-0.195
1.926
1.238
-0.245
-0.177
0.544
0.085
0.003
0.057
-0.236
-0.065
0.621
0.197
0.042
0.275
0.073
1.779
0.637
0.403
1.665
1.124
-0.032
1.073
0.057
0.659
0.588
0.170
1.684
0.705
-0.069
1.047
0.759
-0.193
-0.069
0.214
-0.782
-0.129
0.153
0.215
0.876
-0.107
0.286
2.287
0.861
-0.177
1.157
-0.575
0.358
-0.876
1.969
-0.349
0.556
0.076
-0.129
0.302
1.388
0.061
-0.269
-0.247
-0.318
1.136
-0.024
0.541
0.454
2.771
-0.027
0.002
-0.156
-0.368
1.084
-0.160
0.736
-0.114
