-0.111
-1.092
-0.213
-0.244
-0.106
-0.262
-0.416
-0.211
-0.525
-0.736
-0.271
-0.409
-0.194
-0.538
-0.092
0.142
0.141
0.137
-0.010
0.980
-0.367
2.460
0.848
-0.295
-0.114
0.258
-0.065
-0.257
-0.155
-0.214
-0.071
0.139
0.134
-0.114
-0.103
-2.928
-2.454
-2.454
-0.470
-0.982
-2.738
-4.396
-0.003
0.124
-0.042
0.307
-0.129
0.286
-0.517
-1.740
-2.303
-2.057
-2.922
-3.647
-2.609
-1.618
-1.556
0.051
-0.644
-3.361
-1.709
-2.331
-1.686
-2.120
-1.140
-3.004
-0.914
-0.854
-0.016
-0.111
-0.739
0.095
0.320
-1.634
0.747
0.336
0.329
0.718
-3.663
-0.103
-0.111
-1.517
-0.111
-0.095
0.195
-0.178
-1.147
-2.593
-0.277
0.048
0.090
-0.263
-0.265
-0.650
-0.349
-0.133
-0.126
0.185
-0.421
-0.181
-0.111
-0.111
0.103
-0.022
-0.111
-0.047
0.043
-0.030
0.116
0.147
-0.028
-0.224
0.143
0.156
0.270
0.346
-0.135
0.441
0.106
0.016
-0.047
0.090
0.104
0.150
0.157
-1.148
-0.166
0.965
1.056
-0.228
-0.030
0.381
-0.457
-0.644
0.732
-1.001
-0.281
-0.422
-0.266
-0.375
-0.111
-0.058
0.458
-0.111
0.199
-0.109
-0.301
-0.163
-0.514
-1.448
-0.123
-0.164
-0.595
-1.531
-0.869
-2.844
-3.193
-0.302
-2.253
-0.111
-0.184
-2.064
-0.221
-0.111
0.782
-0.044
-1.401
-0.205
-0.235
-0.111
-0.501
-0.066
0.153
0.086
-0.941
-0.400
-1.256
-0.532
-0.413
-0.166
-0.174
-1.372
-0.019
-0.671
-0.637
-0.111
-0.111
0.839
-0.425
-0.081
-0.038
-0.444
0.718
1.266
0.792
0.289
-1.005
-0.460
-0.699
-0.160
-0.298
-0.272
1.997
-0.301
-0.430
-0.135
-3.085
-2.014
-1.465
-0.132
-0.111
0.022
1.410
-0.218
-0.755
2.859
0.759
0.019
-2.761
-2.542
-1.208
-3.175
-0.096
-2.393
-2.090
-1.050
-1.148
-0.533
-1.522
-1.139
-0.587
-1.928
-1.605
-1.566
-3.682
-0.080
0.984
-0.099
-0.414
-1.356
-0.267
-1.108
-0.599
-0.016
-1.696
0.186
-0.401
-0.155
-0.264
-2.999
0.555
-1.151
-0.203
-0.339
-1.035
-0.111
-2.543
-0.287
-0.584
-1.147
-0.223
-0.243
-0.893
-0.789
1.810
-0.111
0.266
0.409
0.135
-0.111
0.192
-1.272
-0.191
0.070
-0.866
-0.353
0.639
-0.179
-0.198
-0.084
-0.040
-0.525
-1.014
-2.231
-1.212
-0.115
-0.111
-0.181
0.676
-0.261
-1.525
4.182
0.077
0.231
0.122
0.257
-0.109
-0.300
-2.973
0.493
0.060
-0.545
-0.122
-1.519
0.055
-0.282
0.798
2.313
1.441
-0.328
0.078
0.896
-0.460
0.699
-0.763
-2.168
0.019
0.643
0.006
-0.323
-0.311
-0.115
-0.105
-0.324
-0.575
-0.110
-0.296
-0.202
-0.151
-2.776
-1.408
0.303
-0.386
-1.101
-0.576
-1.076
-0.290
-0.223
0.037
-0.078
-0.181
-1.590
1.031
-0.620
-0.182
0.154
-0.523
0.114
0.123
-3.803
-1.628
-0.863
-1.479
-1.605
-0.846
0.161
-0.932
-1.950
-0.980
-0.111
-0.269
-0.159
-0.424
-0.870
-1.059
-0.111
-0.127
0.744
-0.255
0.293
-0.854
-1.577
-1.611
-0.551
-1.292
-0.150
-0.111
-0.149
0.144
-0.246
0.404
0.466
0.933
-0.079
-0.753
-0.122
0.020
-0.118
-0.699
-0.111
1.038
0.130
-0.394
-0.152
-0.111
-0.147
-0.479
-1.448
-0.583
-1.801
-1.450
0.710
-0.826
-1.800
0.088
1.422
0.007
-0.464
-2.983
0.021
-0.231
-0.111
-0.304
-0.243
-0.269
-0.065
-0.019
-1.055
-0.068
-1.474
-0.271
-0.774
0.313
-0.187
-0.111
-0.351
-0.200
-0.394
0.145
-0.175
-0.310
0.151
0.161
-0.246
0.045
-1.952
-1.317
-0.111
-0.012
1.231
0.644
0.223
0.210
0.685
0.039
1.330
0.695
1.220
1.323
0.100
-0.111
0.329
0.332
-0.054
-0.169
0.696
-2.355
0.773
0.302
-2.569
0.325
0.020
-1.472
1.004
-1.420
-0.321
-0.108
-0.376
-0.135
-0.440
-1.175
0.631
-0.113
-2.317
-0.017
-2.203
-0.267
-0.111
-0.112
-1.562
-3.009
-0.220
0.169
-0.498
-0.048
-0.690
-2.934
-0.298
-2.041
-0.634
-3.287
-1.008
-0.371
-0.462
-0.238
-0.140
-0.310
-0.266
-0.884
-2.009
-1.247
-1.663
-0.198
0.190
0.462
0.128
-0.166
-0.143
0.238
-0.301
-1.858
-0.285
-0.109
-0.111
0.172
-0.275
-0.116
-0.111
-0.766
-0.507
-2.243
-1.575
-0.216
-0.102
0.993
0.604
-0.269
-0.273
-0.292
-0.527
-0.625
-0.399
0.156
-0.111
-1.052
-0.183
-0.373
-0.191
-0.900
-0.575
-3.236
-1.859
-1.670
0.111
-0.633
-0.247
-1.222
-0.247
-0.179
-0.110
-0.264
-0.891
-0.323
-0.367
-0.502
-0.202
0.179
-0.066
0.109
0.050
-0.437
-0.675
-0.182
-0.380
-0.512
-0.027
-0.010
-1.015
0.750
-2.429
-1.627
-0.111
-2.470
-0.177
-0.807
0.743
-0.813
0.003
0.495
0.444
-0.067
-0.005
0.467
-0.111
0.297
0.043
-0.111
-0.059
-2.628
-1.359
-0.194
0.237
-0.116
0.002
-0.369
0.034
-0.717
-0.323
-0.271
-0.176
-2.185
-0.236
-0.224
-1.546
-1.062
-0.310
-1.352
-1.158
-0.326
-1.137
-0.220
-1.639
-0.734
-1.390
-3.726
-0.820
0.107
-0.533
-0.320
0.034
-0.002
-0.133
3.105
1.054
-0.589
-0.719
-1.055
-0.017
0.469
-0.885
-0.722
0.029
-0.111
0.447
1.029
0.047
0.146
-0.065
-1.238
0.019
-0.111
-0.124
-0.420
0.030
0.279
0.084
0.958
-0.790
-0.111
-0.509
-0.251
-0.144
-0.234
-0.066
0.121
0.965
-1.444
0.245
-0.427
0.650
