-0.107
-0.322
-0.102
-0.224
-0.202
0.019
-0.272
0.151
0.175
-0.130
-0.054
0.420
-0.241
-0.005
0.265
-1.078
-0.332
-0.729
0.022
0.126
1.048
-0.569
-1.025
-0.484
-0.372
-0.094
-0.079
-0.092
0.082
-0.284
-0.432
-0.382
1.020
-0.511
-0.010
2.700
1.362
2.666
0.508
0.955
0.980
4.026
-0.195
-0.246
-0.241
0.214
0.075
0.433
1.378
1.010
1.586
1.224
0.659
1.718
1.830
0.915
1.873
-0.020
-0.138
1.570
1.789
1.050
1.137
0.784
1.167
2.268
0.185
0.842
0.198
0.139
1.782
-0.872
1.220
0.289
0.731
2.569
0.600
-2.371
2.785
-0.448
-0.260
0.613
0.450
0.063
-0.107
-0.224
0.180
1.235
0.782
-0.225
-0.241
-0.318
0.060
0.119
0.194
-0.241
-0.341
-0.209
0.511
0.339
-1.156
-0.258
0.334
0.472
0.104
-0.272
-0.457
-1.056
-0.244
-0.335
-0.299
-0.352
-0.274
-0.715
-0.448
-0.407
-0.553
-0.477
-0.334
-0.152
-0.454
-0.404
-0.242
-0.272
-0.346
1.089
-0.296
-0.281
0.108
-0.248
-0.180
-0.148
0.453
3.579
-0.071
0.451
-0.732
0.491
-0.474
-0.241
0.651
-2.954
-1.694
0.310
-0.085
0.146
0.281
0.107
0.565
1.833
0.690
0.094
0.173
0.500
0.888
3.195
3.000
1.953
3.123
0.816
1.170
2.007
0.569
-0.178
-0.241
0.129
0.857
1.183
0.603
0.958
0.544
-0.122
0.036
-0.293
1.105
0.712
0.932
0.625
0.076
0.079
-0.246
0.800
-0.212
0.234
1.389
0.735
0.086
-0.350
-0.067
-0.370
-0.398
0.165
0.024
2.641
2.506
-0.432
-0.002
0.388
-0.099
-0.069
-0.147
-0.138
-0.241
-0.150
0.062
0.098
3.610
1.783
1.094
0.062
0.432
-0.908
-0.505
0.166
0.037
-0.538
-0.245
-0.319
2.677
1.896
0.139
2.408
-0.586
1.827
0.109
0.161
0.515
0.263
1.337
0.820
1.178
2.723
2.088
2.142
1.868
-0.006
-0.232
-0.652
0.269
0.644
0.292
0.547
-0.924
-0.139
1.869
0.250
-0.050
0.596
0.822
0.798
-0.218
0.287
-0.369
-0.250
0.547
-0.065
0.261
-0.110
0.025
0.538
0.407
0.006
1.041
0.063
-1.431
-0.046
-0.619
-0.289
-0.241
0.233
0.014
-1.856
-0.237
-0.292
0.928
0.343
-0.118
0.107
0.259
-0.241
-0.624
0.236
1.162
1.299
1.151
-0.155
0.310
-0.259
-0.081
-0.076
0.929
0.309
-0.334
0.030
-0.209
-0.174
-0.106
-0.537
4.280
0.376
-0.151
1.313
0.663
1.722
-0.472
-0.484
-0.255
-1.514
-1.575
-1.533
-0.732
-0.949
0.033
-0.381
0.407
1.131
0.811
-0.241
-0.056
-0.096
-0.139
-0.203
0.610
-0.028
0.212
-0.333
0.699
-0.201
-0.317
0.242
0.120
-0.382
-0.114
0.143
-0.155
0.993
-0.080
0.086
-0.112
-0.163
0.592
0.675
-0.241
0.181
-0.231
-0.285
-0.473
-0.356
-0.243
2.384
2.145
1.134
1.980
0.515
-0.037
0.333
0.982
1.917
-0.037
0.149
0.271
-0.238
0.649
0.237
-0.065
-0.029
0.526
-0.011
2.096
-0.312
0.574
0.434
1.292
0.990
0.334
0.020
0.073
0.135
-0.519
0.205
-0.456
-0.502
-0.918
0.859
-0.555
-0.241
-0.241
0.178
0.967
0.189
0.458
1.085
0.028
0.533
0.795
-0.000
-0.167
1.242
-0.219
1.072
1.505
1.273
0.792
0.771
1.358
0.282
0.028
1.507
2.829
-0.183
0.547
-0.227
0.161
-0.311
0.219
-0.241
-0.257
1.007
0.172
0.582
-0.085
0.205
0.168
0.303
-0.879
1.702
-0.122
-0.153
-0.594
-0.734
0.296
-0.183
-0.129
0.137
-0.388
1.050
1.177
0.518
-0.901
-1.448
-1.018
-0.241
-0.262
-0.454
0.204
-1.302
-0.988
-0.368
-0.457
-1.222
0.557
0.219
-1.179
-0.241
0.314
-0.831
2.002
-0.465
-0.259
1.253
-0.419
0.191
-2.498
-0.035
0.168
-0.406
0.112
-0.001
0.084
0.366
0.204
-0.200
0.007
2.208
-0.292
1.914
0.632
0.530
-0.189
0.046
0.764
0.234
0.243
0.082
-0.223
-0.139
0.898
0.290
0.421
-0.047
1.763
0.398
0.117
-0.070
-0.022
0.436
0.180
-0.090
-0.001
0.957
2.127
1.922
0.085
-0.051
-0.165
-0.119
0.221
-0.060
-0.217
-0.241
0.102
0.028
-0.500
0.316
0.321
0.734
-0.117
-0.241
0.349
0.126
2.230
1.340
-0.205
-0.264
-0.236
-0.241
0.310
-0.380
-0.148
-0.556
-0.170
-0.114
-0.203
0.374
0.851
-0.306
0.449
0.336
0.542
0.733
2.713
1.004
0.683
-0.231
-0.228
0.155
0.345
0.451
0.126
-0.789
0.069
1.104
0.315
0.339
0.213
-0.052
0.091
0.045
-0.179
-0.213
0.559
-0.166
0.092
0.050
0.303
-0.193
-0.232
0.875
-0.286
4.278
1.331
0.261
1.115
1.394
-0.063
-0.288
0.110
-0.119
-0.024
-0.232
-0.241
-0.467
-0.208
0.308
-0.202
0.107
0.117
0.095
0.543
0.595
0.613
-0.222
0.058
-0.227
-0.139
-0.073
-0.244
-0.223
0.133
-0.137
0.051
0.279
-0.169
0.746
0.220
-0.570
0.147
1.297
-0.241
0.893
-0.038
0.969
0.502
1.464
1.737
0.863
0.003
0.417
0.240
-0.158
-0.955
-0.090
-0.520
-0.175
0.039
-0.214
1.354
-0.241
0.177
2.137
0.629
-0.107
0.499
-0.017
-1.171
-0.327
-0.016
-0.403
0.672
-0.213
-0.342
0.271
0.453
-0.186
-0.197
-0.284
-0.193
0.012
0.265
1.006
0.484
0.143
-0.158
-0.729
0.250
-0.084
0.788
-0.241
1.245
-0.196
