0.701
-0.151
0.017
0.002
-0.048
-0.063
0.170
0.182
0.712
0.173
0.233
0.298
0.198
0.037
-0.659
0.018
-0.073
-0.078
-0.067
-0.513
0.010
-0.960
-0.895
0.175
0.162
0.164
0.085
0.020
0.631
0.228
0.030
-0.037
0.098
0.102
0.092
2.475
1.837
2.109
0.378
0.992
1.942
3.147
-0.078
-0.332
-0.019
-0.143
0.059
-0.299
1.856
1.404
2.193
1.807
2.100
2.402
2.363
1.563
1.314
-0.073
0.605
3.374
0.684
0.750
1.480
1.912
1.121
2.518
0.990
0.588
0.023
0.009
1.023
0.081
0.130
0.528
0.231
1.647
-0.150
-1.037
2.097
-0.053
0.039
1.114
0.599
0.352
-0.212
0.306
0.971
2.233
0.554
-0.215
-0.082
0.267
-0.000
0.547
0.183
-0.066
0.078
0.425
1.318
0.839
0.033
0.104
0.316
0.729
0.211
-0.073
-0.086
-0.081
-0.080
-0.228
-0.001
-0.247
-0.120
-0.080
-0.140
0.120
-0.082
-0.191
-0.079
-0.177
-0.080
-0.086
-0.123
-0.251
-0.194
1.456
0.106
-0.676
-0.032
0.234
-0.168
0.039
0.778
0.106
-0.135
-0.271
-0.329
0.214
0.041
0.197
0.147
-0.077
-0.077
0.028
0.467
-0.154
0.078
0.084
1.576
1.628
0.856
0.083
1.071
1.649
1.198
2.662
2.025
0.194
1.902
0.217
1.066
1.698
0.732
0.626
-0.138
0.012
0.979
0.422
-0.028
0.736
1.295
0.128
0.352
-0.110
1.152
1.664
1.293
0.700
0.860
0.465
-0.242
1.335
-0.125
0.603
0.364
0.311
0.067
-0.292
0.201
-0.579
0.128
0.508
-0.077
0.790
1.351
-0.285
0.534
0.352
0.470
0.053
0.295
0.069
-0.174
0.016
0.076
0.021
2.280
2.465
0.866
0.061
0.732
-0.059
-0.730
0.013
0.116
-2.705
-1.303
-0.077
2.322
1.958
1.606
2.555
0.570
1.105
1.436
0.817
0.817
0.968
1.352
0.586
0.676
1.752
1.442
0.909
2.442
0.074
-1.078
0.652
0.226
0.217
0.434
0.847
0.229
0.113
2.063
0.050
0.245
-0.366
0.890
1.824
-0.879
1.411
0.308
0.118
1.196
0.405
1.547
-0.015
-0.134
1.034
1.324
0.361
1.074
0.906
-1.115
0.100
-0.214
-0.215
-0.197
0.465
-0.113
0.005
-0.075
0.049
1.051
-0.081
0.265
0.052
0.458
-0.077
0.768
0.145
0.735
1.430
0.788
-0.089
0.116
0.082
-0.310
0.461
1.527
-0.097
0.063
-0.035
0.028
-0.171
0.313
-0.487
1.887
0.386
0.451
0.567
0.453
1.201
0.300
0.095
-0.731
-0.853
-0.551
-0.077
0.354
-0.465
0.546
0.072
0.083
1.963
0.806
-0.023
-0.226
-0.041
-0.010
0.055
0.059
0.223
0.340
0.282
0.805
0.122
0.103
1.936
1.319
-0.004
-0.081
0.645
0.186
1.324
0.326
0.265
-0.064
0.020
0.451
1.133
-0.729
0.313
0.394
-0.008
0.389
-0.251
-0.074
2.910
1.298
0.874
1.119
0.953
0.356
0.269
1.647
1.817
1.286
0.436
0.379
-0.146
0.411
0.526
0.903
0.056
1.208
0.135
1.634
-0.264
1.391
0.475
1.205
0.587
0.682
-0.502
-0.104
-0.086
0.103
0.189
0.177
-0.081
-0.823
0.087
0.248
0.257
0.143
-0.050
1.030
0.444
0.125
-0.610
-0.296
-0.206
-0.173
0.258
0.132
-0.077
0.247
1.160
0.768
-0.042
0.749
0.240
0.831
0.444
0.433
1.524
1.885
0.268
0.562
0.108
0.420
-0.080
0.108
-0.038
0.313
0.956
-0.070
1.153
0.269
0.166
0.181
0.146
0.336
0.850
0.115
1.457
0.099
-1.303
0.202
-0.077
-0.052
0.397
-0.077
1.151
0.737
-0.041
0.103
-0.722
-0.535
0.074
0.029
-0.015
-0.126
-0.673
-0.635
-0.856
-0.077
-0.024
-0.077
-0.874
-0.195
0.114
0.472
-0.506
1.327
-0.535
-0.285
1.264
-0.376
-0.645
1.195
-0.213
0.451
0.116
-0.055
-0.783
0.182
0.778
0.105
-0.147
0.046
1.769
0.432
1.803
0.689
-0.051
0.028
0.969
1.816
-0.104
-0.109
-0.013
0.196
0.202
0.986
0.141
1.475
0.717
2.535
1.025
0.286
0.437
0.550
0.871
0.293
0.586
0.796
1.975
1.247
1.475
0.070
-0.030
-0.073
0.195
-0.037
-0.030
-0.463
0.349
0.578
0.149
0.109
0.055
-0.026
0.053
0.177
0.031
0.101
0.227
1.784
1.291
0.383
-0.010
-0.304
0.200
0.152
0.212
-0.114
0.451
0.216
0.448
0.244
0.318
0.898
0.281
0.706
0.350
0.552
0.909
2.479
0.868
1.038
-0.194
-0.141
0.123
1.033
0.114
-0.027
-0.035
0.182
0.656
0.430
0.535
-0.013
-0.198
0.189
0.367
-0.006
0.351
0.555
0.233
0.290
0.432
0.558
0.118
0.069
0.567
-0.190
2.572
0.842
0.208
6.385
1.035
0.172
0.164
0.357
0.053
0.013
-0.087
0.125
-0.442
-0.308
0.075
-0.188
0.067
-0.017
0.082
1.227
0.673
0.058
0.162
-0.012
0.123
0.195
0.239
0.301
0.242
0.256
-0.028
0.503
0.106
0.073
1.313
0.549
0.639
0.919
0.580
-0.024
1.077
0.341
1.097
0.726
0.767
2.173
0.878
-0.065
-0.037
0.386
-0.189
0.273
0.295
-0.328
0.062
1.731
0.009
1.252
-0.625
0.197
0.463
0.398
-0.882
0.558
-0.531
-0.122
-0.502
1.086
0.457
0.598
-0.020
-0.238
0.610
0.712
-0.095
-0.214
-0.081
-0.779
0.450
0.060
0.435
0.683
0.722
0.199
0.035
-1.211
-0.424
1.554
0.044
-0.075
-0.352
