-0.101
0.181
-0.085
-0.116
-0.127
-0.085
0.014
-0.672
-0.165
-0.238
-0.260
-0.211
-0.161
-0.202
0.404
0.245
0.171
0.098
0.284
0.303
0.014
2.297
-0.023
-0.182
-0.179
-0.120
0.016
-0.129
-0.229
-0.126
-0.085
-0.102
0.111
-0.100
0.045
-3.208
-1.163
-2.954
-1.167
-1.697
-2.180
-3.523
-0.058
0.458
-0.485
-0.068
-0.408
0.152
-2.331
-1.598
-2.531
-1.539
-2.409
-3.514
-2.900
-1.695
-0.798
-0.066
-0.527
-4.178
-1.238
-0.434
-1.697
-2.370
-1.195
-2.467
-1.689
-0.969
-0.136
-0.627
-1.549
0.807
0.376
-0.366
-1.152
-1.978
-1.361
1.694
-2.922
0.057
0.555
-2.020
-1.055
-0.092
0.194
-0.129
-1.392
-3.065
-1.288
-0.450
0.117
-0.457
-0.170
-0.731
0.071
-0.102
-0.050
-0.101
-0.459
-0.109
-0.096
-0.134
-0.118
-0.204
-0.079
0.194
-0.057
-0.085
-0.076
0.089
-0.102
-0.118
0.037
-0.046
-0.010
-0.032
-0.085
0.022
-0.065
0.253
-0.085
-0.099
-0.011
0.054
0.131
-0.857
-0.202
1.304
0.543
-0.462
-0.029
-0.085
-0.228
-0.553
0.717
-0.227
-0.267
-0.911
1.929
-0.827
-0.788
1.344
1.036
-0.254
-0.158
-0.341
-0.103
-0.085
-0.291
-1.392
-0.352
-0.353
-0.628
-2.493
-1.388
-3.376
-2.146
-2.136
-1.583
0.359
-0.579
-2.706
-1.750
-0.285
0.458
-0.120
-1.216
-1.368
-0.211
-0.241
-0.794
0.187
-0.351
-0.264
-0.573
-2.128
-1.592
-0.264
-1.167
-1.257
0.524
-2.178
-0.084
-0.606
-0.536
-0.446
-0.179
0.658
0.498
0.071
0.109
-0.245
0.024
-2.429
-2.461
1.096
-0.280
-0.307
-0.289
-0.170
-0.447
-0.124
-0.085
-0.499
-0.479
-0.079
-3.270
-2.500
-1.086
-0.085
-0.585
-0.206
1.286
-0.754
-0.112
2.074
0.312
-0.045
-1.944
-2.769
-1.629
-2.729
-0.743
-1.796
-0.514
-0.566
-1.639
-1.571
-1.047
-1.657
-0.581
-2.106
-1.751
-1.436
-3.224
0.009
0.885
-0.209
-0.185
-1.412
-0.346
-0.928
0.172
0.050
-2.476
-0.092
-0.238
-0.368
-0.476
-1.448
0.786
-1.059
-0.681
-0.116
-1.040
-0.551
-1.806
-0.001
-0.275
-1.176
-0.792
-0.828
-0.618
-0.964
1.134
-0.052
0.533
-0.568
-0.052
-1.114
-0.031
-1.138
-0.034
0.106
-1.239
-0.085
-0.467
-0.262
-0.209
0.047
-0.049
-0.396
-0.107
-0.703
-1.110
-0.132
-0.313
-0.134
-0.198
-0.044
-1.679
0.126
-0.066
0.124
-0.052
0.267
-1.367
0.865
-1.992
1.553
-0.023
-2.614
-0.125
-1.474
0.217
-0.783
1.077
2.405
1.331
-0.116
-0.371
0.508
-0.268
-0.078
-1.226
-2.513
-1.368
0.086
-0.020
0.092
-0.085
-0.089
-0.172
-0.226
-0.817
-0.124
-0.452
-0.061
-0.085
-1.067
-0.504
-0.201
-0.081
-0.564
-0.253
-1.106
-0.206
-0.638
-0.044
-0.051
-0.538
-0.624
0.608
-0.815
-0.447
-0.190
-0.830
-0.029
-0.044
-3.648
-1.213
-0.959
-1.179
-1.469
-1.256
-0.098
-1.951
-2.485
-1.543
-0.340
-0.465
-0.170
-0.958
-0.390
-0.138
0.410
-1.223
-0.075
-2.492
0.293
-0.593
-0.474
-0.373
-0.165
-1.823
-0.554
-0.215
-0.191
-0.296
0.014
-0.834
0.269
1.101
-0.780
-1.063
0.076
0.352
-0.944
-0.187
-1.499
0.358
0.125
0.070
-0.398
-0.216
-0.869
-0.178
-1.536
1.518
-1.918
-1.259
-1.075
-0.575
-1.193
-1.363
-1.154
-0.134
-2.682
-2.026
-0.009
-0.085
-0.085
-0.355
-0.227
-0.285
-0.050
-0.172
-0.640
-0.031
-0.793
-0.453
-0.733
-0.195
-0.369
-0.192
-1.103
-0.140
-0.046
-0.004
1.525
-0.348
0.115
0.211
-0.211
0.010
-2.208
-1.421
-0.207
0.021
1.365
0.401
-0.054
0.377
1.253
-0.144
0.580
0.472
1.240
0.638
0.500
0.233
1.209
0.151
-0.064
-0.871
0.178
-1.932
0.741
-0.008
-1.816
1.233
-0.398
0.592
0.369
0.816
0.453
-0.085
0.019
-0.367
-0.262
-0.228
0.245
-0.105
-2.771
-0.799
-1.540
-1.252
-0.343
-0.165
-0.946
-2.108
-0.151
0.028
-0.583
-0.139
-0.261
-1.724
-0.630
-1.602
-0.519
-3.275
-1.454
-0.491
-0.432
-0.942
-0.588
-0.115
-0.296
-0.395
-1.753
-0.733
-2.269
-0.195
-0.026
0.099
-0.233
-0.199
-0.269
1.038
-0.493
-0.304
-0.214
-0.183
-0.402
-0.546
-0.142
-0.287
-0.378
-0.545
-0.347
-1.843
-1.210
-0.283
0.150
0.574
-0.058
-0.385
-0.935
-0.115
0.057
-0.144
-0.109
-0.248
-0.250
-0.821
-0.369
-0.814
-1.128
-0.515
-1.015
-3.163
-1.198
-0.831
-0.277
-1.191
-0.241
-0.497
-0.081
-0.174
0.113
-0.222
-0.601
-0.646
-0.469
-0.528
-0.228
0.098
-0.214
-0.281
-0.083
-0.708
-0.578
-0.239
-0.781
-0.131
-0.505
0.263
-1.148
-0.085
-2.035
-1.218
-0.467
-0.087
-0.006
-0.646
-0.432
-1.523
-0.165
-0.337
-0.127
-0.165
-0.026
0.243
0.048
0.023
0.095
-0.094
0.007
-1.786
-1.221
0.155
-0.015
-0.188
-0.086
-0.969
-0.399
-0.298
-0.315
-0.145
-0.139
-0.233
-0.094
-0.155
-1.634
-0.474
-1.218
-1.512
-0.806
-0.087
-1.118
-0.159
-1.403
-1.625
-1.502
-2.300
-1.602
0.218
-0.686
-0.764
0.566
-0.401
-0.742
1.199
0.357
-0.229
-0.320
-0.455
-0.158
-0.879
-1.402
-0.438
1.312
-0.943
0.457
0.459
-0.085
-0.021
-0.188
-0.974
-0.017
0.764
-0.109
-0.770
-0.107
0.011
-0.014
-0.019
-0.951
-0.217
-0.574
-0.891
-0.335
-0.197
0.200
0.163
0.819
-1.966
0.293
-1.042
-0.342
