0.212
-0.215
-0.168
1.615
-0.567
-0.250
-0.316
-0.185
-0.478
-0.279
-0.250
-1.310
0.390
-0.194
0.341
0.088
2.392
0.374
-0.403
-0.526
-1.646
1.276
-0.799
-0.263
-0.066
-0.017
-0.198
-0.171
-0.469
-0.265
-0.440
0.041
0.015
1.091
-0.199
-2.829
-1.517
-2.546
-0.839
-2.838
-2.291
-3.087
-0.250
0.023
-0.250
-0.106
-0.163
-0.168
-2.495
-3.052
-4.026
-1.914
-3.244
-2.963
-2.946
-2.079
-1.069
-0.485
-0.395
-4.716
-1.473
-1.535
-2.023
-2.336
-1.731
-2.157
-1.847
-0.944
0.035
-0.542
-2.410
-0.113
-1.454
-0.511
-1.969
-1.528
-0.249
2.162
-1.986
-0.057
0.166
-2.188
-1.120
-0.779
-0.250
-0.115
-0.643
-1.639
-0.003
-0.400
-0.346
-0.226
-0.250
-1.436
-0.478
0.039
-0.124
-0.080
-2.088
-1.101
0.419
-0.082
-0.212
-0.229
-0.735
0.351
-0.199
-0.130
-0.028
1.989
-0.250
0.257
0.245
2.050
0.462
0.172
-0.126
-0.212
0.202
0.145
-0.239
0.041
0.012
1.973
1.597
-2.035
-0.015
0.610
0.419
-0.114
-0.216
0.122
0.286
-0.253
0.115
-0.036
-0.247
-0.739
0.364
-0.131
-0.301
1.265
0.626
0.045
0.043
-0.247
-0.447
-0.250
-0.600
-2.671
-0.310
-0.499
-1.246
-1.892
-2.280
-3.867
-3.655
-2.998
-2.750
-0.820
-1.374
-2.628
-1.908
-0.744
-0.084
-0.250
-1.687
-0.697
-0.324
-0.730
-1.505
0.209
0.128
0.486
-0.879
-1.645
-1.647
-0.743
-2.322
-1.617
-0.283
-1.869
-0.185
-0.519
-0.849
-0.362
-0.410
0.451
0.251
-0.164
0.001
-1.634
-0.825
-1.921
-1.318
0.061
-0.496
-1.540
-0.263
0.305
-1.042
-0.189
-0.046
-0.009
0.031
-0.040
-2.120
-2.208
-1.415
-0.734
2.487
-0.613
2.262
-0.925
-0.336
2.225
0.206
0.109
-2.792
-1.983
-2.657
-3.287
0.019
-1.916
-2.121
-1.242
-1.539
-1.071
-1.306
-0.961
-2.330
-2.437
-1.923
-3.134
-5.004
-0.250
0.829
-1.313
0.034
-1.869
-0.862
-0.728
-0.302
-0.007
-0.926
-0.326
-0.123
-0.924
-0.284
-0.485
-0.226
-0.763
-0.698
-0.872
-2.241
-0.803
-1.615
-0.127
-0.025
-1.822
-1.248
-1.054
-0.708
-0.375
1.244
-0.720
0.844
0.993
1.506
-1.356
-0.158
-0.568
-0.044
0.584
-1.406
-0.791
-2.020
-0.120
-0.296
-0.073
-0.646
-0.575
-1.464
-1.768
-0.728
-0.250
-0.077
0.270
-0.185
-0.250
-1.409
-0.079
0.060
-0.118
0.246
-0.118
-0.324
-0.175
-1.290
0.143
0.095
-0.294
-0.283
-2.026
-0.058
0.666
0.061
2.331
0.716
-0.160
-1.033
1.243
-1.180
-0.232
-0.628
-0.291
-2.030
0.699
1.286
0.068
-0.206
-0.157
-0.250
-0.048
-0.649
0.023
-1.119
-0.290
-0.234
-2.269
-1.000
-0.114
1.105
-2.097
-0.842
-1.384
-0.236
-0.338
0.271
-0.196
-0.368
-1.292
-0.206
-0.888
-0.865
-0.155
-1.460
0.808
0.309
-2.305
-2.530
-1.937
-2.646
-2.226
-1.103
-0.269
-2.692
-2.064
-1.772
-0.255
-0.240
-0.079
-0.849
-0.401
-0.372
-1.238
-2.465
-0.250
-4.261
-0.220
-0.914
-1.102
-1.544
-0.270
-1.286
0.713
-0.254
-0.200
-0.404
-0.829
-0.497
0.060
1.127
0.754
0.656
-0.140
0.488
-1.230
-0.468
0.546
0.391
0.421
-0.165
-0.254
0.516
-1.049
-0.568
-0.771
-1.573
-2.878
-2.417
-1.117
-0.485
0.329
-0.748
-0.393
-0.437
-2.637
-3.776
-0.458
-0.179
-0.215
-0.459
0.068
-0.250
-0.060
-0.251
-1.081
-0.019
-1.598
-0.553
-0.863
-0.249
-0.250
-2.014
-0.362
-0.048
-0.151
0.086
0.149
-0.250
-0.269
0.513
-0.636
-0.129
-1.526
-1.082
-0.056
-0.034
0.536
1.466
-0.086
0.091
0.752
1.487
2.267
1.718
1.182
1.487
0.258
0.814
-0.162
0.765
0.316
-0.547
-0.041
-1.384
-0.233
0.647
-0.467
1.418
0.589
-0.483
1.590
-2.198
0.562
0.411
0.411
0.387
-0.840
0.161
-0.199
0.350
-0.973
1.146
-0.874
-0.320
-1.966
-0.284
1.383
-0.174
0.057
0.176
0.045
1.385
-0.573
-2.559
-0.962
-2.905
-0.715
-1.868
-0.416
-0.919
-0.250
-0.727
-1.235
-0.274
-0.290
-1.715
-2.593
-0.630
-2.417
0.123
-0.073
-0.225
0.241
-0.139
-0.250
-0.166
-0.137
-1.216
-0.321
-0.242
-0.545
0.250
-0.428
-0.278
-0.392
-0.545
-0.709
-1.559
-1.338
-1.893
-0.502
-0.179
0.535
-0.250
-0.654
-0.219
-0.509
-0.250
-0.243
-0.042
0.012
-1.112
-0.316
-0.946
-0.882
-1.897
-0.950
-3.461
-2.078
-2.096
-1.207
-1.453
-0.127
-0.072
-0.221
-0.093
0.126
-0.335
-0.529
-0.402
-1.087
-1.516
-0.940
-0.039
-1.095
-0.109
-0.039
-0.777
-0.205
-0.510
-0.992
-1.744
-0.165
-0.273
-0.737
0.544
-1.663
-1.867
-1.936
0.161
-0.901
1.033
-0.229
-0.538
0.556
-0.250
-0.236
-0.451
-0.375
0.020
-0.250
-0.057
-0.250
-0.315
-0.250
0.274
-0.017
0.561
-0.246
-0.217
-0.405
-0.129
-0.250
0.136
-0.058
-0.611
-0.259
-0.563
-0.449
-0.220
-1.411
-0.478
-0.579
-2.386
-2.734
-0.615
-1.693
-0.942
-2.203
-1.322
-1.035
-0.903
-1.007
0.515
1.093
-0.980
0.797
-0.013
-0.443
1.652
-0.024
-0.115
-0.202
-1.634
0.384
-0.928
-1.330
-0.402
-0.310
-2.114
1.143
1.209
1.859
2.150
-0.655
-0.331
-0.244
-0.065
-0.659
-1.120
-0.074
-0.270
-0.086
0.135
-0.539
-0.106
-1.508
-2.499
-0.344
-0.150
-0.075
-0.366
0.315
-1.241
0.882
1.012
-0.744
