-0.339
0.151
-0.106
1.268
0.019
0.080
-0.002
0.206
0.019
0.199
0.381
0.424
0.104
0.854
1.569
-0.045
0.359
0.003
0.182
-0.180
0.222
0.075
-0.501
0.485
0.397
-0.227
0.287
0.479
-0.693
0.027
-0.263
-0.035
-0.014
0.574
0.113
2.212
1.441
2.219
0.433
2.041
1.563
1.901
-0.024
0.019
0.019
0.048
0.645
1.022
1.777
1.319
1.533
2.097
3.099
2.538
2.334
1.814
1.673
0.338
0.248
3.976
0.361
0.977
1.231
2.578
0.969
1.746
1.090
2.729
-0.333
0.972
1.222
-0.445
1.087
0.715
0.182
0.026
-0.286
0.019
2.635
-0.259
0.644
0.811
-0.001
0.270
0.437
-0.961
-0.453
0.525
-0.785
-0.941
0.583
-0.529
0.174
0.758
0.565
-0.057
0.054
-0.067
0.748
1.386
0.199
0.013
0.420
0.351
0.365
0.403
0.019
0.019
0.019
-0.763
0.036
0.019
-0.135
0.019
-0.150
0.019
0.019
0.019
0.019
0.019
0.019
0.019
-0.010
-0.239
-0.423
1.826
-0.145
0.350
-0.640
-0.006
-0.124
-0.384
1.237
0.019
-0.899
-0.527
0.013
0.210
-1.022
2.037
2.233
0.058
1.286
-0.336
-0.407
0.017
-0.433
-0.197
-0.000
2.790
-0.044
-0.031
0.172
1.020
1.953
3.281
1.864
1.207
2.505
0.170
1.043
1.484
1.231
0.203
-0.001
0.065
0.786
1.452
0.575
0.614
0.095
-0.174
0.610
-0.244
0.814
2.491
1.160
0.750
0.103
1.834
-0.149
2.676
0.846
0.025
1.344
1.583
-0.092
-0.189
-0.173
0.192
-0.216
-0.235
-1.611
-0.033
1.758
0.076
0.019
0.251
0.578
1.344
1.708
0.045
0.013
0.074
-0.156
-0.059
2.306
1.621
1.633
0.019
-0.623
-0.679
-0.889
0.947
-0.052
1.008
0.500
-0.046
3.734
3.704
1.498
2.042
0.640
1.199
0.197
0.885
-0.176
0.748
1.444
1.109
1.361
2.599
2.340
2.566
3.709
0.310
-0.258
-0.003
0.276
0.463
0.131
1.544
0.006
0.019
2.535
0.114
-0.256
0.125
1.992
0.627
-0.947
0.969
1.087
0.731
2.196
0.203
1.712
0.019
0.904
2.205
1.934
2.041
1.317
1.543
-1.469
0.343
-0.978
0.397
-0.291
0.102
0.019
0.242
0.337
-0.110
1.548
0.003
1.681
0.932
0.467
0.379
0.370
-0.070
0.300
1.084
0.710
0.117
1.394
0.167
-0.547
-0.389
1.355
-0.272
-0.088
0.055
-0.257
0.700
0.896
0.074
0.165
-0.106
0.584
0.750
-0.219
0.606
0.494
-0.360
-0.041
0.638
-0.567
0.398
0.023
-0.454
0.825
-0.133
0.023
-0.568
1.465
-0.544
-0.147
-0.190
-0.002
-0.003
0.117
-0.270
0.315
0.019
0.032
-0.037
0.381
0.464
0.993
0.281
-1.168
0.133
0.648
0.244
0.025
0.050
-0.050
0.079
0.252
1.145
-0.187
0.440
1.230
0.065
0.465
0.091
-0.301
2.271
2.358
2.617
2.201
2.148
0.301
0.013
1.210
2.811
1.670
2.035
1.891
0.326
-0.216
0.164
-0.190
1.638
2.108
0.017
4.219
0.019
0.195
-0.454
0.439
0.097
0.274
-1.004
-0.378
-0.215
-0.780
0.644
-0.402
-0.159
-0.356
0.496
0.546
0.613
0.168
0.980
0.856
0.167
-0.222
0.152
1.305
0.854
0.193
0.293
0.988
1.149
0.961
1.688
1.874
0.087
0.290
1.090
0.448
-0.559
0.069
1.017
1.367
-0.122
0.019
0.201
-0.090
0.310
0.168
0.362
1.145
1.012
0.474
1.825
0.290
0.565
-0.043
-0.231
-0.517
0.411
-0.108
0.052
-0.099
-0.666
0.514
0.303
0.277
1.039
2.569
0.563
1.545
0.937
-0.071
-0.515
-0.992
0.032
0.548
1.419
0.129
-0.709
-0.773
-0.772
-2.033
-1.238
0.369
-0.503
-0.333
-0.141
0.589
-0.216
1.097
-0.095
-0.880
-0.089
-0.459
1.083
0.165
0.065
2.145
-0.102
-0.316
0.563
0.142
0.576
0.221
0.019
0.707
2.111
-0.136
0.253
0.134
2.880
1.852
-0.416
0.187
0.022
-0.168
0.528
0.054
-0.334
1.782
0.321
1.550
1.095
2.601
1.087
0.660
0.641
0.316
1.849
0.218
0.232
1.093
2.767
1.742
1.783
0.634
0.556
0.026
0.888
0.125
0.364
-0.132
0.019
1.082
0.514
0.590
2.187
0.018
1.326
-0.033
0.875
1.246
0.325
1.671
0.189
0.608
-0.207
-0.054
-0.037
0.436
0.987
0.030
-1.204
0.019
-0.087
0.014
0.839
0.828
0.641
1.636
0.019
1.067
0.074
2.069
0.853
0.772
0.679
0.470
0.136
0.086
0.261
-0.018
-1.336
0.284
0.089
0.288
0.317
0.371
0.520
0.667
0.019
0.052
0.015
0.029
0.654
0.063
0.755
0.907
-0.248
-0.608
0.487
-0.328
1.064
1.044
1.566
0.244
0.316
1.082
0.228
-0.061
-0.079
1.442
0.019
0.057
-0.153
-0.038
-0.007
0.022
0.022
-0.234
0.105
0.065
-1.279
0.162
0.214
-0.936
0.364
0.141
0.036
-0.294
-0.050
0.140
-0.014
2.311
0.345
0.557
1.716
-1.177
1.234
0.940
0.215
0.330
1.127
0.377
2.050
1.096
0.401
1.846
1.264
0.075
-0.004
0.251
-0.012
0.026
-0.119
-0.356
-0.154
-0.060
-0.399
-0.471
-0.273
0.207
1.046
1.293
0.019
0.481
-0.624
-0.756
-0.024
-0.404
0.327
0.393
-0.202
-0.770
0.574
1.048
-0.038
0.426
-0.525
0.298
0.224
-0.331
0.781
3.103
0.061
1.138
-0.155
0.019
-0.745
1.449
0.649
-0.222
0.509
