-0.031
0.258
0.142
0.146
0.020
0.181
-0.024
0.505
0.558
0.869
0.546
0.010
0.191
0.027
-0.094
-0.007
-0.323
-0.464
0.254
0.036
0.293
-1.084
0.152
0.008
-0.001
-0.407
-0.042
-0.022
0.511
-0.082
0.280
0.034
-0.163
-0.065
-0.078
2.931
2.861
3.346
1.254
2.752
2.862
3.742
-0.155
0.109
-0.315
0.051
0.443
0.197
2.570
2.143
2.630
2.182
2.587
3.038
3.109
1.892
2.435
0.141
1.574
3.171
1.161
1.474
1.916
1.746
1.970
2.505
2.338
0.867
-0.279
0.597
1.662
-0.575
-0.447
0.152
1.229
1.638
0.853
-1.503
2.153
-0.015
-0.303
1.555
1.867
0.242
-0.482
-0.266
1.151
2.891
0.721
0.331
-0.218
0.316
-0.064
1.111
0.705
-0.080
-0.033
0.025
2.144
0.946
-0.138
0.356
-0.108
0.218
0.615
-0.861
0.002
0.004
-0.002
-0.063
-0.004
0.055
-0.281
0.001
-0.029
-0.091
-0.008
-0.710
-0.004
-0.058
0.003
-0.007
-0.096
-0.081
-0.035
0.846
-0.362
-1.389
-0.791
-0.019
0.049
-0.398
-0.697
-0.671
-1.765
0.160
-0.524
-0.235
-1.531
-0.021
-0.014
-2.637
-2.789
0.094
-0.033
-0.046
0.391
0.847
0.840
2.977
1.173
0.507
1.231
3.178
2.534
3.055
2.962
3.516
3.011
-0.326
0.847
2.719
2.776
0.615
-0.602
0.011
1.213
1.128
0.262
0.488
0.858
-0.717
-0.147
-0.436
0.787
2.064
1.726
1.121
1.633
1.483
-0.572
2.009
-0.028
0.722
0.421
-0.079
-0.099
-0.468
-0.024
-0.340
-0.083
1.980
0.151
1.920
1.444
-0.490
1.681
1.520
0.325
0.227
0.051
0.234
0.060
-0.222
-0.198
0.203
2.465
2.160
1.573
-0.174
0.095
0.011
-2.023
0.117
-0.131
-1.115
-0.238
-0.351
2.467
2.636
1.780
2.906
1.175
3.026
1.733
1.653
1.832
1.448
1.414
1.568
0.615
2.131
1.818
1.181
2.993
-0.326
-1.715
0.131
0.242
0.991
0.611
0.803
0.048
-0.205
1.578
-0.023
0.758
0.217
1.282
0.800
-0.560
1.364
0.545
0.554
2.350
1.170
1.681
-0.056
0.472
1.765
1.182
0.692
1.580
0.910
-1.498
0.054
-0.771
-0.110
-0.193
0.529
-0.264
-0.176
-0.105
-0.029
1.030
0.024
0.932
0.037
0.667
0.342
-0.250
0.614
2.223
1.408
1.048
-0.105
-0.074
-0.053
0.023
0.448
0.655
-0.160
-0.120
-0.048
-0.080
-0.111
-0.320
-0.004
3.062
0.246
-0.150
1.089
0.608
0.500
-0.199
-0.112
-1.100
-1.485
-0.905
-0.122
0.035
-1.719
0.692
-0.064
0.971
1.230
0.881
-0.798
0.299
-0.000
0.310
-0.003
0.077
0.050
0.494
-0.094
1.271
0.016
-0.016
1.456
0.986
0.773
0.589
0.590
0.158
1.944
0.439
0.966
-0.039
-0.439
1.234
2.161
-1.715
0.769
0.712
-0.118
-0.182
-0.005
-0.135
3.000
1.850
1.253
2.334
1.836
1.333
0.431
2.069
1.737
1.227
-0.153
-0.487
0.029
0.300
1.238
0.901
1.111
-0.071
0.051
2.506
-0.418
1.017
0.847
0.954
0.287
1.689
0.685
0.346
-0.028
-0.145
0.517
-0.434
-0.477
-1.304
-0.157
-0.154
0.080
0.008
0.600
1.158
-0.117
-0.649
-0.121
-0.110
-0.083
-0.125
1.169
0.175
1.218
-0.297
0.398
1.764
1.047
0.778
0.701
1.061
0.612
0.244
2.851
2.428
-0.030
0.395
0.007
0.397
0.518
0.457
-0.047
0.345
1.410
-0.118
0.900
1.136
1.239
-0.016
1.591
0.722
0.961
0.648
-0.006
-0.753
-1.869
0.183
0.003
-0.047
0.550
-1.073
0.951
1.136
-0.120
-0.145
-1.304
-1.028
-0.123
-0.274
-0.478
-0.130
-1.160
-0.865
-0.654
-1.868
-1.741
-0.624
-0.973
-0.618
-0.253
1.198
-1.026
0.980
-0.615
-0.357
0.976
-0.918
0.365
0.858
-0.888
0.204
-0.067
-0.007
-0.643
0.127
0.204
0.709
-0.237
0.649
2.316
0.381
3.484
0.856
1.156
0.588
0.843
1.636
0.378
0.178
1.136
0.404
1.017
1.938
0.973
0.881
0.326
2.843
1.314
0.458
0.600
0.735
1.704
0.481
0.222
0.767
2.206
1.862
2.377
-0.128
0.076
-0.137
-0.250
-0.135
-0.066
-0.954
-0.209
0.163
-0.001
0.186
0.455
-0.111
0.119
0.203
0.427
0.918
0.578
2.157
2.171
0.896
-0.167
-0.283
-0.062
0.090
0.531
0.184
-0.227
0.000
0.001
-0.012
0.339
1.460
0.367
2.520
1.435
0.862
1.793
3.037
0.739
0.941
-0.213
0.054
0.307
0.799
-0.167
-0.024
-0.548
0.164
1.765
0.247
0.866
1.048
0.881
0.081
0.015
-0.068
-0.016
0.322
0.919
0.372
0.796
0.075
-0.062
-0.686
1.657
-0.032
2.022
1.725
1.349
0.053
0.245
0.534
-0.059
0.040
-0.039
0.046
-0.627
0.166
-0.562
-0.646
0.055
0.045
0.005
0.036
0.045
1.238
0.877
-0.008
-0.001
-0.124
-0.069
-0.143
0.286
-0.506
-0.075
0.511
0.118
0.417
0.417
0.093
1.859
1.097
1.025
1.628
1.618
0.158
2.725
1.140
1.329
1.573
1.137
3.410
1.008
0.070
-0.276
0.455
0.111
-0.032
0.605
-1.625
-0.185
-0.001
-0.098
0.418
-0.824
0.283
1.986
0.867
-1.253
0.783
-0.766
-1.364
-1.181
0.989
-1.047
0.479
-0.211
-1.322
1.893
1.539
-0.030
-0.001
-0.280
-1.316
-0.296
0.159
0.825
1.392
0.116
-0.072
-0.087
-0.387
-0.247
0.797
-0.384
-0.273
0.157
