-0.758
-0.238
-0.470
0.598
-0.035
-0.198
0.330
0.200
1.464
1.278
0.731
-0.531
-0.104
0.176
0.351
-0.350
-0.403
-0.472
0.575
-0.235
0.272
-0.045
0.138
-0.077
-0.110
-0.654
-0.558
-0.123
0.628
-0.039
0.096
-0.389
0.120
-0.231
0.338
2.648
2.050
2.952
0.276
1.838
1.895
2.026
-0.311
-0.401
-0.153
0.438
1.291
1.377
2.454
1.584
1.319
4.917
4.736
1.949
1.819
2.199
1.817
0.434
0.485
3.547
1.634
2.966
2.981
1.378
1.809
2.933
1.745
1.642
-0.008
1.402
1.675
0.239
0.982
0.231
1.075
2.242
0.512
-0.571
1.946
-0.192
-0.004
1.903
1.062
1.514
0.245
-0.817
0.460
1.607
0.156
0.367
0.036
-0.334
0.312
1.444
0.918
0.566
0.179
0.092
1.878
1.192
-0.002
0.004
1.067
1.110
-0.120
0.415
-0.167
-0.145
-0.034
-1.112
-0.229
0.170
-0.177
-0.166
-0.256
-0.241
-0.113
-0.827
-0.073
-0.118
-0.181
-0.066
-0.058
-0.938
-0.289
2.452
0.144
-0.487
0.035
-0.039
0.016
-1.947
0.254
-0.484
-1.585
0.998
-0.050
-0.075
-1.146
-0.182
-0.292
-0.549
-0.878
-0.226
0.676
-0.379
-0.794
-0.034
0.140
2.613
0.313
0.319
1.134
1.316
2.064
3.581
3.129
1.198
3.737
0.594
0.836
2.222
2.487
1.274
-0.123
0.563
3.204
1.061
0.198
0.759
1.152
-0.466
-0.200
-0.735
0.817
1.054
1.260
0.480
2.020
1.381
-0.734
4.763
0.003
0.092
0.818
-0.098
-0.085
-0.427
0.108
-0.164
0.082
0.410
-0.115
1.796
0.221
-0.016
1.133
0.663
-0.196
0.670
1.137
0.104
0.400
-0.573
-0.200
-0.317
2.863
4.084
2.120
0.439
-1.386
-0.438
-0.663
0.723
0.255
-1.596
-0.346
0.084
4.459
3.122
1.704
2.451
-1.077
1.970
0.537
0.843
1.878
1.162
1.485
1.517
1.581
2.639
2.458
2.259
3.187
0.539
-0.322
0.842
-0.630
1.526
1.588
0.717
0.469
0.022
1.728
0.292
0.879
-0.063
3.088
1.976
-1.430
0.030
1.254
0.151
1.242
0.983
1.624
0.337
1.029
1.123
1.656
0.243
0.402
0.611
-1.790
0.323
-1.722
0.588
-0.141
0.002
0.449
0.343
0.319
-0.149
1.119
0.077
1.674
-0.282
0.309
1.369
-0.369
-0.004
1.892
0.687
0.209
0.383
-0.083
0.154
0.151
0.078
1.264
-0.649
0.207
0.871
0.078
0.605
0.106
0.671
2.108
0.153
-0.497
0.937
0.647
2.870
-0.341
-0.630
0.449
-0.509
-2.070
0.247
0.507
0.017
0.927
0.021
-0.360
2.193
2.806
0.286
-2.236
-0.241
-0.496
-0.137
0.026
-0.389
-0.178
-0.034
0.666
0.198
-0.301
2.459
0.873
0.252
0.536
1.636
-0.559
1.123
0.002
0.270
0.466
0.852
0.266
1.236
-1.728
0.587
0.482
0.418
0.699
-0.824
-0.158
2.408
1.637
1.815
3.012
3.598
0.372
0.324
1.764
2.313
1.800
-1.049
-0.213
0.158
0.460
0.890
0.282
-0.827
0.979
0.429
4.270
-0.046
0.814
0.551
1.568
0.393
-0.208
-0.331
-0.320
-0.899
0.398
1.410
-0.047
0.068
0.015
0.173
0.149
1.269
-0.188
0.569
0.924
-0.301
-0.117
-0.375
-0.057
-0.036
0.090
1.154
-0.500
1.043
0.909
1.436
0.066
0.067
0.918
-0.114
-0.143
0.517
0.321
2.267
3.418
0.521
0.231
0.398
-0.347
0.179
0.036
0.723
0.358
0.993
-0.032
1.401
0.321
1.025
0.863
0.182
1.082
-0.092
0.246
-0.488
0.468
0.535
0.088
-0.234
-0.066
0.583
0.235
1.321
0.814
-0.114
-0.317
-0.742
-0.184
-0.703
-1.225
-1.654
-0.405
-0.101
-0.143
-0.826
-2.419
-0.204
0.673
-0.123
-1.229
-0.969
1.522
-0.209
0.038
-0.415
-0.915
1.586
-0.337
0.196
-1.497
-0.863
0.806
-0.516
-0.010
-0.102
-0.597
-0.197
0.996
1.356
-0.229
1.793
0.719
2.197
0.327
1.852
0.217
0.442
0.316
0.589
0.301
-0.399
-1.030
-0.007
2.359
0.489
2.728
0.214
1.589
1.081
1.074
0.747
-0.445
0.967
0.880
0.337
0.098
4.598
0.573
2.392
0.105
0.253
0.931
-0.584
0.123
0.170
-0.426
0.726
2.751
0.620
0.217
-0.027
0.438
0.578
0.717
0.805
0.126
0.225
1.652
0.111
0.659
-1.125
0.236
0.337
-0.511
0.579
-0.267
-1.127
-0.158
-0.347
0.283
-0.270
0.341
-0.086
1.416
1.427
1.240
0.645
2.956
2.080
2.462
0.224
0.405
-0.036
0.127
-1.008
0.716
0.381
-0.082
0.320
0.242
0.528
-0.324
0.053
0.584
0.474
-0.001
-0.114
0.269
0.718
-0.030
0.909
1.505
0.041
-0.020
1.534
-0.282
1.077
0.606
-0.148
-0.334
-0.370
0.295
-0.549
-1.407
-0.133
-0.049
-0.457
0.009
0.341
-0.438
-0.285
0.057
-0.107
-0.327
-0.261
1.408
0.306
0.268
-0.046
-1.462
-1.917
0.256
0.008
0.133
-0.008
1.273
0.085
1.322
0.521
-0.069
2.565
1.310
0.240
0.505
1.350
0.857
0.863
0.050
1.942
1.794
-0.341
1.079
0.710
-0.038
0.635
1.948
-0.432
-0.332
0.601
-0.200
0.118
-0.063
0.200
0.363
0.150
0.968
0.329
0.611
-0.503
1.349
0.325
0.078
-0.734
-0.062
-1.503
0.470
-0.346
-0.431
1.009
0.211
0.451
0.491
-0.125
0.150
0.347
0.607
3.348
4.416
0.949
-0.104
-0.019
0.409
-1.283
0.532
-0.167
-0.773
0.195
