0.259
0.787
-0.009
0.079
0.016
0.369
0.285
0.329
0.150
0.433
0.634
0.462
0.328
0.293
1.048
0.019
-0.234
-0.234
0.010
-0.055
1.510
-0.703
-1.368
0.380
0.024
0.403
0.536
0.736
0.761
-0.154
-0.099
0.187
-0.421
0.267
-0.073
2.993
1.588
2.559
0.396
1.779
2.382
3.808
-0.098
-0.200
0.696
-0.236
0.322
-0.037
1.949
1.562
2.590
1.849
2.959
2.848
3.129
1.854
1.398
-0.099
0.661
3.262
1.018
1.896
1.535
2.253
1.658
2.924
2.267
0.601
0.276
0.421
0.665
-0.285
-0.447
0.267
0.047
0.736
-0.099
-0.375
4.345
-0.061
-0.379
1.118
0.392
0.644
-0.205
0.136
1.147
2.593
0.953
0.977
0.149
-0.162
0.191
0.565
0.910
0.176
0.438
0.019
1.135
0.810
0.162
0.067
0.134
1.127
0.045
-0.167
0.286
0.177
0.222
-0.130
0.193
0.281
-0.130
-0.025
-0.155
0.111
0.178
-0.173
0.206
-0.248
0.315
0.227
0.112
-0.218
-0.152
1.933
-0.335
-0.792
-0.621
-0.099
0.249
0.123
0.857
0.733
-0.595
1.412
0.479
0.337
0.207
0.440
2.054
-1.006
-1.454
0.152
0.128
-0.064
0.307
1.317
1.533
2.193
1.285
-0.480
0.901
2.427
1.600
3.392
2.640
2.722
3.271
0.424
1.699
2.040
1.712
-0.098
0.122
0.036
1.145
1.588
-0.099
0.102
2.113
0.200
-0.445
-0.018
1.146
1.953
1.999
0.971
1.683
0.926
0.111
1.627
-0.101
1.092
0.949
0.448
0.190
-1.020
0.165
0.441
0.284
1.050
-0.285
2.155
-0.099
-0.205
0.288
0.542
0.357
0.103
0.631
0.131
-0.946
0.396
0.525
0.284
4.058
3.563
0.614
0.201
0.527
-0.562
-0.926
0.459
0.443
-1.225
0.843
-0.210
3.281
2.829
1.132
3.620
0.972
1.914
1.584
0.862
0.546
0.940
1.578
1.173
1.070
1.990
1.115
0.887
3.111
-0.350
-0.229
2.147
-0.123
0.508
-0.032
0.785
-0.053
-0.049
2.679
0.108
1.344
-0.099
1.084
1.817
-0.099
0.999
-0.199
0.366
1.162
0.096
2.636
-0.161
0.326
1.447
1.379
0.758
1.456
0.605
-1.379
0.004
-0.281
-0.167
-0.099
0.085
-0.049
1.149
-0.047
-0.176
-0.004
-0.084
-0.159
0.556
0.815
-0.566
-0.072
0.640
-0.051
1.513
1.079
-0.133
0.251
-0.122
-0.099
0.457
2.527
-2.197
0.000
-0.295
0.163
-0.037
-0.042
-0.741
4.193
-0.638
0.106
0.547
0.177
0.872
0.309
-0.433
-0.606
-0.839
-0.506
-1.009
0.487
-0.741
1.293
0.033
0.719
3.740
0.575
-0.324
-0.019
0.142
0.147
0.034
0.520
0.293
0.561
0.058
1.021
0.121
0.048
1.955
1.460
0.149
0.403
0.759
0.318
0.926
0.472
0.434
0.093
-0.096
0.572
1.844
-0.604
0.533
0.599
-0.151
0.716
-0.272
-0.286
3.508
1.575
1.623
1.587
1.341
0.366
0.203
1.281
1.813
1.469
0.917
1.281
-0.002
0.618
1.133
1.057
1.500
0.490
-0.250
3.377
-0.506
1.522
1.409
1.908
0.576
1.510
-0.035
0.509
0.833
0.381
0.572
-0.117
-1.390
-2.067
1.697
1.442
-0.035
-0.050
0.008
0.717
1.127
-0.247
-0.446
0.021
0.364
0.465
0.858
-0.034
1.810
0.568
2.063
2.123
-0.125
1.568
2.014
-0.099
1.088
0.499
2.888
2.001
0.444
1.123
-0.214
0.336
-0.066
0.539
-0.128
0.279
1.028
0.478
1.464
0.482
0.527
0.218
1.617
0.150
1.464
-0.390
-0.015
-0.492
-0.752
0.355
-0.099
-0.145
0.610
-0.177
2.754
0.610
-0.099
0.057
-1.101
-0.286
0.267
-0.340
-0.583
-0.416
-0.971
-1.224
-1.035
-0.119
-0.089
-0.069
-0.357
-1.183
-0.039
0.661
-0.657
1.067
-0.515
-0.255
1.589
-0.809
0.207
2.405
-0.533
1.537
0.755
0.128
-0.801
0.234
0.330
1.196
-0.032
0.067
2.226
0.043
2.970
1.077
0.668
0.229
0.744
1.639
0.185
0.016
-0.095
0.346
0.824
1.801
0.117
1.615
0.300
3.007
1.598
0.560
0.293
0.148
1.332
0.538
0.458
0.664
1.587
0.975
1.821
0.138
-0.163
-0.504
0.307
0.167
-0.008
-0.604
0.060
0.305
0.265
0.182
0.316
-0.723
0.353
0.555
0.434
0.688
0.520
1.957
2.202
1.114
-0.280
-0.254
-0.042
0.663
1.467
0.267
0.647
0.171
0.115
0.006
0.974
1.420
0.397
0.831
0.197
1.457
0.986
3.490
1.010
1.222
-0.673
0.953
0.384
0.600
-0.217
0.302
-0.751
0.172
1.022
1.074
0.370
0.177
0.072
-0.459
0.016
0.364
0.206
0.701
0.508
0.083
0.945
0.412
-0.130
-0.296
0.790
-0.256
3.675
0.729
-0.092
0.803
0.470
0.935
-0.370
0.706
-0.360
0.405
-0.028
0.141
-0.642
-1.056
0.436
-0.153
-0.117
0.103
0.175
2.831
0.749
-0.141
0.019
-0.013
0.076
-0.034
0.563
-0.347
0.373
0.697
0.014
0.480
0.354
0.165
1.893
0.867
0.797
1.112
0.995
-0.099
1.338
0.654
0.972
1.005
0.682
4.637
0.715
0.001
1.040
0.829
-0.357
0.016
0.550
-0.552
0.133
0.339
0.665
1.797
-0.103
-0.013
1.085
0.528
-0.099
0.697
-0.584
-0.467
-0.328
1.824
-0.585
-0.859
-0.157
-0.289
0.694
0.562
-0.219
-0.262
-0.276
-1.376
0.211
0.605
0.958
1.030
0.967
0.567
-0.288
0.482
-1.320
2.928
-0.127
0.110
-0.444
