-0.219
-0.157
0.067
-0.206
0.051
-0.454
0.064
-0.275
-0.048
-0.153
-0.325
-0.253
-0.223
-0.104
-0.074
0.069
0.200
0.072
0.067
0.230
-0.754
0.955
0.319
-0.161
-0.143
0.090
-0.331
-0.078
0.003
0.050
0.029
-0.065
0.035
-0.097
0.067
-2.248
-2.355
-3.661
-0.752
-1.702
-2.584
-3.236
-0.030
0.121
-0.429
0.161
-0.693
0.273
-3.319
-0.502
-2.836
-1.735
-2.731
-3.068
-3.504
-2.151
-1.471
0.060
-0.481
-3.860
-1.178
-1.712
-1.827
-1.710
-2.511
-1.912
-2.186
-1.324
-0.493
-1.318
-1.587
0.041
0.228
-0.260
-1.684
-1.680
-1.036
0.996
-5.064
-0.094
0.309
-1.861
-0.194
0.056
0.164
-0.046
-1.192
-2.348
-0.922
-0.368
1.021
-0.197
-0.155
-0.420
-0.480
0.252
0.055
-0.085
-1.853
-0.985
-0.265
-0.130
0.007
-0.422
-0.135
0.154
0.053
0.095
0.106
0.360
-0.013
0.216
0.378
0.123
0.300
0.258
0.094
0.293
0.125
0.419
-0.013
0.086
0.198
0.491
0.363
-1.634
0.676
0.762
0.071
0.007
-0.063
0.157
-0.165
-1.279
0.629
-0.209
0.518
-0.091
1.192
0.035
-0.150
1.479
1.636
-0.141
0.040
-0.011
-0.021
0.002
-0.355
-2.979
-0.358
-0.056
-0.978
-2.581
-2.396
-3.078
-1.547
-3.729
-3.217
-0.063
-0.775
-3.050
-0.779
-0.511
0.077
0.046
-1.135
-0.682
-0.137
-0.352
-0.466
0.268
0.086
0.266
-1.033
-1.706
-1.247
-0.585
-1.583
-1.076
0.309
-1.529
0.057
-0.485
-0.800
-0.135
-0.064
0.668
0.144
0.052
-0.046
-1.291
0.022
-2.898
-1.471
0.161
-0.457
-0.981
-0.252
-0.031
-0.117
-0.506
0.054
-0.064
-0.223
-0.254
-2.405
-1.772
-0.867
0.512
-0.658
0.177
1.051
0.199
0.030
-0.261
0.880
0.133
-2.272
-2.562
-1.175
-2.018
-0.662
-1.689
-1.017
-0.805
-0.626
-0.920
-1.514
-0.746
-0.586
-2.170
-1.466
-2.043
-3.883
0.782
0.398
-0.898
-0.312
-0.345
-0.528
-0.672
-0.611
0.081
-3.607
0.183
-0.660
-1.000
-1.030
-0.978
-0.204
-1.585
-0.209
-0.391
-1.534
-0.532
-1.388
0.037
-0.124
-1.626
-1.048
-0.097
-1.473
-0.860
1.449
0.414
0.208
-0.098
0.252
-0.149
0.048
-0.823
-0.235
0.296
-1.947
0.133
-0.777
0.044
-0.757
0.089
0.280
-0.512
-1.208
-0.772
-1.039
-0.294
-0.275
0.124
0.067
-0.582
-1.976
0.150
-0.014
0.326
0.074
0.062
0.016
0.327
-1.653
0.196
0.434
-0.790
-0.558
-0.404
0.034
-0.071
0.458
1.097
1.478
-0.087
0.030
1.632
-0.745
0.144
-0.257
-2.826
-0.509
0.204
-0.272
-0.259
0.053
0.073
-0.177
-0.164
-0.594
-0.036
-0.548
0.014
0.133
-1.558
-0.707
-0.013
0.140
-0.736
-0.404
-0.837
-0.667
-0.841
0.059
0.067
-0.728
-1.098
0.399
-0.553
-0.831
0.027
-0.162
0.136
0.087
-2.628
-1.784
-1.041
-1.189
-1.296
-1.575
-0.234
-2.107
-2.462
-1.570
-0.127
-0.063
0.060
-0.280
-1.443
-0.475
-0.632
0.277
-0.034
-4.588
0.128
-0.291
-0.272
-1.695
-0.124
-0.854
-0.222
-0.201
0.074
-0.234
0.540
-0.199
0.059
0.622
-0.348
-0.438
0.085
0.209
-0.034
-0.788
0.053
0.524
-0.012
0.085
0.580
-0.038
-1.347
-0.257
-0.629
0.808
-2.191
-2.118
-1.654
-1.212
-0.949
-2.010
-1.147
-0.052
-2.486
-1.881
0.358
-0.525
-0.006
0.008
-0.715
-0.255
-0.119
-0.466
-1.838
-0.150
-1.080
-0.427
-0.891
0.180
-0.117
-0.855
-0.367
-0.130
-0.167
0.161
0.991
-0.423
-0.043
0.632
-0.649
0.530
-1.853
-0.707
0.277
0.165
0.850
0.767
0.119
0.105
0.314
-0.375
0.172
0.349
1.220
0.935
0.461
0.040
0.018
0.285
0.111
-0.267
0.364
-1.982
0.363
0.070
-0.654
0.159
-0.632
-0.686
-0.342
-0.532
-0.378
-0.261
0.239
-0.152
-0.097
-0.549
0.077
-0.289
-1.006
-0.069
-3.160
-0.317
-1.606
0.095
-0.302
-1.779
-0.064
0.097
0.399
-0.719
-0.231
-0.766
-0.263
-1.426
-0.057
-3.460
-1.017
-0.463
-0.175
-0.592
-0.843
-0.226
0.013
-0.831
-2.705
-1.888
-2.504
-0.296
-0.103
-0.268
0.061
0.010
-0.178
0.732
0.223
-0.335
0.031
-0.513
-0.418
-0.396
-0.031
-0.535
-0.952
-0.412
-0.421
-1.162
-2.497
-1.389
-0.950
0.825
-0.007
-0.031
-1.048
-0.085
-0.023
0.052
0.038
0.166
-0.222
-1.033
-0.058
-1.002
-0.284
-1.006
-1.876
-3.311
-0.691
-1.128
0.099
-0.997
-0.386
-0.715
-0.013
-0.107
0.257
-0.153
-0.954
-1.468
-0.468
0.297
-0.037
0.278
-0.038
-0.080
0.142
-0.827
-0.103
-0.065
-0.679
-1.006
0.021
0.034
-0.590
0.086
-2.906
-0.964
0.026
-0.225
-0.482
-1.905
0.114
0.118
0.043
-0.487
-0.602
-0.052
0.228
0.462
-0.005
0.102
0.142
0.038
0.157
-0.864
-1.746
0.372
0.293
-0.090
-0.013
0.079
0.029
0.289
0.093
-0.095
-0.002
-0.551
-1.042
0.028
-1.268
-0.593
-0.704
-1.079
-1.116
0.021
-1.258
-0.124
-1.539
-1.085
-0.773
-1.326
-0.810
-0.199
0.438
-0.839
0.306
0.045
-0.348
0.453
-0.163
-0.091
-0.242
-0.699
0.454
0.444
-1.917
-0.430
0.804
-0.759
0.245
0.882
0.777
-0.694
-0.744
-0.204
-0.044
0.296
-1.185
-1.054
-0.036
0.210
0.269
0.380
-0.184
-0.405
-0.970
-0.733
-0.369
-0.168
0.210
0.295
0.977
-1.024
-0.141
0.296
-0.157
