-0.010
0.098
-0.417
-0.081
0.061
-0.012
-0.041
0.049
0.054
0.108
0.097
0.107
0.240
0.113
-0.156
-0.044
-0.088
-0.082
-0.444
-0.452
-0.238
-1.809
0.097
-0.041
0.010
-0.144
0.024
-0.468
0.453
-0.101
0.178
-0.095
-0.169
-0.440
-0.157
2.146
1.019
1.763
0.809
1.002
1.090
2.383
-0.368
-0.519
0.015
-0.144
0.344
0.459
1.098
1.335
1.298
2.142
1.846
2.633
1.770
1.169
1.178
0.058
0.662
3.544
0.482
1.085
1.004
1.866
0.408
1.740
0.848
0.387
0.041
-0.157
1.528
0.139
0.106
0.687
0.915
0.435
0.278
-1.051
1.893
-0.208
-0.644
1.096
0.055
0.515
-0.449
-0.516
0.359
1.144
0.519
0.579
-0.511
-0.236
-0.110
0.486
0.169
-0.456
-0.003
-0.233
0.292
-0.023
0.203
0.633
0.364
0.157
0.102
-0.272
-0.072
-0.066
-0.185
-0.308
-0.057
0.024
-0.424
-0.068
-0.113
-0.161
-0.024
-0.474
-0.115
-0.155
-0.036
-0.101
-0.206
-0.350
-0.380
0.960
-0.235
0.073
-0.066
0.221
0.121
-0.105
-0.460
0.034
-0.504
-0.263
0.066
0.377
-0.205
-0.033
-0.131
-0.831
-0.950
-0.028
-0.335
-0.389
0.025
0.073
0.078
2.236
-0.799
-0.402
0.527
1.141
0.851
3.445
1.652
1.745
1.902
-1.442
-0.510
1.831
1.107
0.228
-0.252
0.051
1.874
-0.015
0.178
0.022
0.126
-0.262
-0.290
-0.601
0.171
0.893
0.904
0.348
0.629
0.880
-0.160
1.582
-0.448
0.077
0.175
-0.283
-0.065
0.115
-0.202
-0.110
0.066
0.033
-1.769
1.741
1.155
-0.605
0.835
0.779
0.362
0.132
-0.034
0.101
-1.438
-0.023
-0.206
-0.309
1.049
0.423
1.331
-0.086
-0.729
-0.233
-1.060
0.115
-0.219
-0.320
-0.018
-0.059
2.220
1.061
1.377
2.333
0.596
1.202
0.437
0.093
0.250
0.186
0.791
0.970
-0.336
1.573
1.024
0.890
2.670
-0.044
-2.598
0.770
0.196
0.073
0.289
0.596
0.281
-0.051
0.950
-0.104
-0.293
-0.282
0.565
0.699
-0.838
0.440
0.908
0.106
0.785
0.226
0.387
0.016
0.025
1.272
0.820
0.647
0.276
0.620
-1.572
0.048
-0.273
0.595
-0.721
0.911
0.038
-0.040
-0.020
-0.138
0.901
-0.349
1.260
0.533
-0.045
-0.008
0.231
0.218
0.370
0.737
0.180
-0.069
0.176
0.058
-0.164
-0.879
1.415
-0.151
0.025
-0.138
-0.648
-0.426
0.431
0.046
0.441
0.134
-0.072
0.612
0.244
0.920
0.238
-0.191
-1.945
-1.017
-1.581
-0.085
0.219
-0.405
0.149
-0.076
0.041
-0.413
0.225
-0.266
-0.014
0.033
-0.022
-0.014
-0.262
-0.096
0.417
0.200
-0.006
-0.243
0.205
0.919
0.525
0.098
0.222
1.026
0.451
1.339
0.391
0.333
-0.005
-0.221
0.052
0.689
-0.880
0.797
0.726
0.247
0.649
-0.095
-0.197
1.880
1.589
1.746
1.934
2.110
0.014
0.033
0.440
1.041
0.719
-0.002
-0.329
-0.203
0.005
0.136
0.098
-0.321
-0.246
0.009
1.355
-0.006
1.440
0.419
0.942
0.143
1.676
-0.534
0.106
0.194
0.181
0.550
0.285
0.062
-1.024
-0.006
0.022
-0.197
-0.351
-0.806
0.758
0.265
-0.047
-0.002
-0.240
-0.479
-0.163
0.135
0.680
0.219
-0.131
0.269
1.205
0.791
0.735
0.356
0.440
-0.229
0.303
0.902
3.023
0.477
0.078
0.096
0.303
0.405
-0.038
-0.123
0.391
0.768
-0.030
0.931
0.422
0.720
-0.380
-0.134
-0.181
-0.088
-0.099
-0.007
-0.086
0.076
-0.081
-0.322
-1.084
0.186
-0.361
0.710
0.236
0.363
-0.007
-1.075
-0.579
-0.093
-0.236
-0.502
-0.405
-0.932
-0.766
-1.180
-2.121
-0.841
0.052
-0.823
-0.473
-0.045
0.348
-0.317
-0.533
-0.126
-0.152
-0.074
-0.427
0.100
0.666
-0.671
0.918
-0.186
-0.088
-0.061
0.228
-0.390
0.167
-0.418
0.027
0.504
-0.121
0.433
-0.010
0.333
0.197
-0.393
0.020
0.079
-0.105
-0.105
-0.180
1.050
1.736
0.184
1.846
0.598
1.894
0.561
0.900
0.501
0.007
0.052
0.299
0.264
0.523
1.486
1.278
2.215
0.193
0.004
-0.043
0.203
-0.169
0.066
-0.100
-0.153
0.113
0.187
0.277
-0.039
0.009
0.007
0.316
0.365
0.019
0.038
1.021
0.796
0.135
-0.238
-0.478
0.263
-0.759
-0.253
-0.359
-0.197
0.015
0.039
0.055
-0.028
0.437
0.109
0.613
0.361
0.901
0.641
1.896
1.057
1.049
0.105
0.559
0.127
0.109
0.252
-0.294
-0.735
0.227
0.531
-0.199
0.328
0.283
0.050
0.579
0.035
-0.041
0.137
0.573
0.747
0.267
0.257
0.316
-0.063
-0.096
0.457
-0.149
1.899
0.102
0.816
0.185
0.051
-0.017
0.152
-0.200
-0.418
-0.028
-0.158
0.059
0.542
-0.542
-0.308
-0.504
-0.523
-0.237
-0.340
0.262
0.160
-0.722
-0.023
-0.189
-0.023
-0.064
-0.028
0.238
-0.047
0.044
-0.038
0.873
0.422
0.253
1.415
0.186
0.488
1.519
0.437
0.643
1.130
0.244
1.232
0.513
0.015
0.621
1.078
0.045
-0.298
0.186
-0.281
0.058
0.103
-0.302
0.154
0.359
-0.012
0.962
-0.307
0.637
0.556
-0.228
-1.049
-0.046
-0.432
-0.998
-0.641
0.005
0.249
0.335
-0.209
-0.388
0.945
1.342
-0.234
-0.240
-0.399
-0.275
0.368
0.067
0.446
0.908
-0.066
0.369
-0.023
-0.010
-0.196
1.096
-0.253
-0.427
-0.063
