-0.079
-0.073
0.015
0.067
-0.244
0.080
-0.208
0.097
0.677
0.358
0.339
0.282
0.181
0.058
-0.018
-0.117
0.065
-0.015
0.561
0.235
0.191
-0.011
0.573
0.182
-0.087
-0.141
0.077
-0.072
0.371
0.188
0.708
-0.242
-0.007
-0.072
0.063
2.446
2.174
2.651
1.253
1.033
1.786
1.859
0.074
0.103
0.202
0.272
0.531
0.128
2.101
1.421
1.268
2.706
3.002
2.527
1.649
1.592
1.677
0.636
0.875
1.655
0.384
0.664
2.029
1.615
1.347
1.834
0.916
0.787
-0.257
0.688
1.235
0.083
0.183
0.514
1.359
1.386
0.235
-0.240
1.998
0.352
-0.564
1.904
0.999
-0.193
0.092
0.223
0.667
0.877
1.008
0.763
-0.033
0.105
-0.167
0.715
0.313
0.042
0.002
0.063
0.975
0.302
-0.450
0.541
0.367
0.237
0.658
0.002
-0.063
0.012
-0.126
-0.424
0.023
-0.053
-0.449
-1.134
-0.640
-0.168
0.019
-0.024
-0.094
-0.510
-0.035
-0.120
-0.191
-0.139
-0.299
2.045
0.288
-0.299
-0.029
-0.128
0.181
-0.369
-0.340
0.330
-0.315
-1.355
0.438
0.346
-0.431
0.781
1.251
-1.054
-0.923
-0.189
0.419
-0.230
0.335
0.248
0.313
1.884
-0.621
0.358
1.396
1.098
1.620
3.995
2.332
1.919
1.812
0.737
0.773
1.738
3.026
0.677
0.008
0.113
2.595
1.635
0.471
0.668
1.139
-0.304
-0.073
0.170
0.601
1.975
1.803
0.254
1.338
1.380
-0.111
2.310
0.041
0.288
0.149
0.491
0.255
-1.214
0.328
0.138
-0.172
0.379
0.113
2.223
0.772
0.131
0.851
0.586
1.000
0.204
0.197
0.456
0.102
0.305
0.146
0.010
2.831
2.209
1.024
0.346
-1.113
0.060
-2.020
0.397
0.834
-3.098
-1.003
-0.209
3.344
1.821
1.353
2.037
0.336
0.973
0.370
0.929
2.060
1.007
1.485
0.731
1.033
1.856
1.819
1.764
2.528
-1.180
-0.721
1.523
1.042
1.162
0.937
0.978
0.826
-0.268
0.665
0.533
0.154
1.835
0.376
0.123
0.162
0.703
1.124
0.446
1.155
0.971
2.129
0.284
-0.041
1.414
1.021
0.034
-0.008
0.455
-1.251
0.907
0.234
0.302
0.115
0.707
-0.197
0.260
-0.040
0.253
1.315
1.132
1.062
-0.198
0.184
0.475
0.006
0.476
1.002
1.298
0.294
-0.177
-0.060
0.255
0.107
0.102
0.755
-0.033
0.033
-0.034
0.022
0.266
0.125
-0.076
0.966
0.150
0.393
1.015
-0.390
1.268
-0.390
-0.780
0.019
-0.281
0.126
0.450
0.236
-1.187
0.321
-0.689
0.031
0.375
1.692
0.097
-0.912
-0.148
0.092
-0.017
0.098
-0.084
0.541
0.316
1.257
-0.096
0.245
1.814
0.232
0.019
0.246
0.842
0.432
1.531
0.315
0.058
0.199
0.212
0.340
0.169
0.012
-0.146
0.146
-0.049
0.719
0.198
-0.152
1.805
1.705
1.071
3.309
3.146
0.485
0.185
1.071
1.499
1.304
0.225
-0.069
-0.081
0.441
1.199
0.686
0.604
0.432
0.186
2.181
-0.137
0.746
0.818
0.345
0.172
1.432
-0.583
0.028
-0.152
0.038
0.605
0.034
-0.209
0.065
-0.045
-0.113
0.651
-0.157
0.954
0.083
0.515
-0.191
-0.172
0.237
-0.193
-0.100
0.516
0.939
1.707
-0.551
-0.163
1.893
1.067
1.603
0.513
0.959
0.890
0.224
1.567
1.512
-0.251
0.365
0.204
0.645
-0.299
-0.090
0.026
0.246
0.618
0.072
0.587
0.079
0.699
0.120
0.180
2.343
0.134
1.107
0.335
0.790
0.230
0.173
0.004
0.104
0.055
-0.133
0.707
1.272
0.431
-0.261
-0.929
-0.639
0.302
0.439
0.045
-0.541
-0.523
-0.474
-1.063
-3.685
-0.413
0.227
-0.542
-0.562
-0.213
0.124
-0.153
0.777
-0.272
-0.320
0.674
-0.361
0.671
0.658
-0.530
0.977
-0.492
0.113
0.248
0.175
1.416
0.077
0.088
0.010
2.479
0.736
1.505
0.807
0.742
0.153
0.713
1.367
0.183
-0.120
-0.801
-1.079
1.847
1.892
0.121
1.961
0.897
2.079
1.005
0.709
0.303
-0.215
0.963
0.216
0.172
1.390
3.140
2.186
1.460
-0.238
0.105
-0.321
0.004
0.009
0.024
-0.828
0.327
0.668
0.220
-0.543
0.654
-0.383
0.099
0.141
0.652
0.307
0.238
0.732
1.125
0.832
-0.449
-0.511
0.475
0.110
1.826
0.198
0.201
0.659
0.298
-0.136
-0.298
0.893
0.315
1.072
0.905
0.698
1.399
2.400
2.077
1.759
0.896
1.774
0.179
0.503
0.437
-0.122
-0.139
0.283
0.415
0.261
0.823
0.398
0.483
0.126
0.107
-0.105
-0.147
0.265
0.065
0.239
0.596
1.057
0.082
-0.246
0.500
-0.709
1.475
1.503
1.032
0.361
0.448
0.015
0.307
0.235
0.289
0.390
-0.131
0.153
0.126
-0.018
-0.093
-0.112
-0.517
-0.138
-0.313
0.947
-0.442
0.376
0.191
0.217
0.073
-0.054
0.286
-0.329
-0.027
0.426
0.124
0.471
0.716
0.326
1.876
0.532
-0.108
0.914
0.598
0.185
0.934
0.266
1.638
1.109
0.394
0.917
0.960
-0.034
0.083
0.570
-0.481
0.346
-0.050
-0.020
0.009
-0.093
-0.018
0.388
0.197
1.027
0.727
0.206
-0.042
0.279
0.891
-0.022
0.063
0.545
0.214
-0.024
-0.018
-1.477
1.603
1.000
-0.018
-0.460
-0.069
0.172
-0.025
0.537
0.358
3.605
0.479
0.495
-0.128
0.157
0.047
1.087
-0.149
-1.152
-0.094
