-0.122
-0.166
0.128
-0.146
-0.013
-0.338
-0.189
-0.069
-0.694
-0.142
-0.224
-0.474
-0.193
-0.273
-0.472
0.051
0.501
0.427
-0.015
-0.051
-0.315
1.166
0.974
-0.715
-0.100
-0.415
-0.167
-0.236
-0.461
-0.218
-0.007
-0.223
-0.215
-0.966
0.095
-3.159
-2.334
-3.396
-0.850
-1.749
-2.679
-3.553
0.001
0.229
-0.119
0.314
-0.294
0.054
-2.003
-1.240
-2.274
-2.227
-3.036
-3.394
-2.166
-1.553
-1.126
0.012
-0.856
-3.692
-1.372
-1.593
-1.545
-2.094
-1.295
-3.178
-1.438
-0.253
-0.323
-0.113
-0.919
-0.114
-0.345
-0.655
-0.541
-2.974
-0.549
1.395
-4.413
0.169
0.645
-0.774
-0.645
-0.282
0.117
-0.385
-1.651
-4.079
-0.752
-0.078
0.008
-0.657
-0.115
-0.399
-0.584
-0.005
-0.462
0.056
-1.929
-1.283
-0.074
0.320
-1.615
-0.277
-0.161
0.340
-0.183
-0.042
0.031
0.168
-0.228
-0.173
0.346
0.075
0.308
0.119
-0.208
0.040
-0.047
0.435
-0.056
-0.058
0.177
0.351
0.180
-1.787
-0.112
0.678
0.288
-0.163
-0.038
-0.005
-1.616
-1.577
0.722
-0.730
-0.246
-1.558
0.520
-0.535
-1.541
2.137
2.606
-0.160
-0.195
-0.150
-0.169
-0.563
-0.674
-2.797
-0.751
-0.381
-0.937
-2.094
-1.847
-3.749
-3.771
-2.711
-2.718
-0.067
-1.172
-2.839
-1.823
-0.005
0.304
-0.109
-1.671
-1.200
-0.122
-0.678
-0.730
-0.099
0.137
0.232
-0.960
-1.781
-2.202
-0.854
-1.846
-0.570
-0.058
-1.533
0.182
-0.559
-0.783
-0.810
-0.218
-0.057
0.437
-0.215
0.065
-0.264
0.069
-2.980
-0.766
0.665
-0.585
-0.970
-1.358
-0.933
-0.632
-0.485
0.300
-0.039
-0.187
-0.268
-3.370
-2.183
-1.184
0.179
-0.791
-0.020
1.050
-0.888
-0.262
-0.005
-0.064
0.192
-3.323
-2.909
-1.474
-2.790
-0.591
-2.041
-1.393
-1.069
-1.255
-1.694
-1.366
-1.199
-0.480
-2.086
-1.560
-1.005
-3.463
-0.448
0.273
-1.020
-0.006
-0.594
-0.057
-1.092
0.160
0.047
-3.734
-0.111
-0.421
0.301
-2.089
-1.939
-0.753
-1.092
-0.413
-0.122
-0.925
-0.553
-1.875
-0.024
0.148
-1.237
-0.844
-0.030
-1.557
-0.614
1.226
0.195
0.170
0.403
-0.005
-0.609
0.148
-0.958
-0.079
0.198
-0.767
-0.005
-1.168
-1.276
-0.664
0.002
-0.741
-0.364
-0.854
-1.139
-0.738
-0.112
-0.971
-0.013
0.047
-0.421
-1.456
0.191
-0.054
0.246
0.173
0.098
0.061
0.773
-2.150
0.043
-0.816
-0.139
-0.099
-1.742
-0.119
-0.492
0.739
1.686
1.508
-1.810
-0.100
1.357
-0.941
0.144
-1.061
-2.844
-0.678
0.352
0.025
0.177
-0.202
-0.016
-0.298
-0.429
-0.485
-0.108
-0.604
-0.050
-0.060
-2.106
-1.358
-1.248
-0.546
-0.866
-0.254
-1.319
-0.250
-0.397
0.001
0.187
-0.302
-1.269
1.119
-0.356
-0.047
-0.006
-0.267
0.279
0.261
-3.293
-1.586
-0.906
-1.333
-1.627
-0.745
-0.011
-1.629
-2.186
-1.132
-1.087
-1.909
-0.042
-0.137
-0.869
-0.651
-0.508
-0.011
0.164
-2.637
0.541
-3.253
-0.798
-1.543
-0.499
-1.460
-0.070
-0.133
0.184
-0.386
-0.227
-0.010
0.364
1.333
-0.711
-0.303
-0.394
0.393
-0.330
-3.349
-1.000
0.169
-0.052
-0.014
-0.021
0.056
-0.504
-0.244
-1.443
0.540
-1.879
-1.108
-1.098
-0.668
-1.656
-0.987
-0.616
0.004
-2.425
-2.352
0.201
-0.640
0.035
-0.676
-2.435
-0.218
-0.296
-0.261
-1.035
-0.294
-2.071
-0.456
-0.749
-0.156
-0.921
-0.506
-0.989
-0.527
-0.471
-0.022
0.471
0.058
-0.252
0.359
-0.317
0.573
-2.030
-1.153
-2.016
0.290
1.614
0.630
0.154
0.499
1.758
-0.315
1.214
1.116
1.536
0.420
0.133
-0.599
0.032
0.364
-0.004
-0.722
0.536
-1.576
0.613
0.388
-1.330
0.248
0.315
-2.237
-0.362
-1.499
-0.388
-0.284
-0.560
-2.310
-0.293
-0.673
0.096
-0.224
-2.291
-0.404
-1.845
-0.690
-0.281
-0.336
-1.206
-1.789
-0.012
0.331
-0.211
-0.025
-0.194
-1.831
-0.583
-1.318
-0.668
-2.822
-1.194
-0.301
-0.169
-0.166
-1.148
-0.269
-0.385
-1.142
-2.148
-1.216
-1.887
-0.326
0.041
-0.133
-0.436
-0.170
-0.021
0.633
-0.542
-0.684
-0.289
-0.193
-0.278
0.111
-0.112
-0.661
-0.051
-0.396
-0.312
-1.900
-1.902
-0.840
-0.060
0.446
0.280
-0.806
-0.789
-0.144
-0.873
-0.138
-0.157
-0.177
-0.390
-1.035
-0.459
-0.611
-0.354
-0.609
-1.178
-3.974
-1.177
-1.348
0.415
-0.459
-0.045
-0.941
-0.160
-0.076
0.431
0.023
-0.735
-0.521
-0.580
-0.053
-0.222
-0.355
-0.313
-0.201
0.115
-1.202
-0.288
-0.199
-0.655
-0.308
-0.192
0.215
-1.087
0.382
-2.707
-1.229
-0.005
-2.683
-0.907
-0.990
-0.594
-0.601
0.174
-0.185
0.307
-0.281
0.438
0.480
-0.160
0.167
0.024
0.030
-0.077
-1.926
-1.837
0.159
0.000
0.060
-0.383
-0.278
-0.062
-0.729
-0.365
-0.153
0.153
-0.571
-0.186
-0.172
-2.539
-1.205
-0.570
-1.501
-0.377
-0.005
-0.967
-0.692
-1.350
-0.692
-0.524
-3.726
-0.888
0.068
0.295
-0.938
0.247
-0.060
-0.409
1.157
-0.150
-0.570
-0.238
-1.523
-0.024
-0.979
-1.102
-0.567
-0.005
0.017
0.284
0.600
0.770
-2.301
-0.031
-0.751
0.195
0.489
-0.455
-0.937
0.196
0.263
0.352
1.710
-1.065
-0.399
-1.407
-0.340
-1.437
-0.126
0.354
-0.299
1.704
-1.721
0.217
-0.156
-0.029
