-0.012
0.098
0.213
0.343
0.161
0.278
0.869
0.430
0.388
0.484
1.393
0.483
0.972
1.239
-0.969
-0.012
-0.065
-0.247
-0.067
-0.279
0.736
-1.941
-0.048
0.154
0.045
0.461
0.422
0.231
0.805
0.153
0.653
0.357
0.022
0.184
0.072
2.629
1.807
2.598
1.108
2.130
1.503
2.623
0.055
0.066
0.201
0.340
0.114
0.091
2.073
1.449
2.000
1.822
2.104
2.838
2.352
1.630
1.549
0.261
0.834
3.880
1.192
1.710
1.636
2.041
1.446
1.772
1.914
0.820
0.312
0.534
2.102
0.134
0.893
0.324
0.404
2.263
-0.103
-1.932
3.631
0.212
-1.381
1.277
1.123
0.167
-0.244
0.123
1.126
2.272
0.297
0.193
-1.325
0.197
0.233
0.942
0.719
0.115
0.137
0.125
2.274
1.484
0.571
0.254
0.142
0.781
0.123
-0.020
-0.009
0.080
0.085
-0.031
0.026
-0.121
-0.151
-0.074
0.019
-0.103
0.005
-0.388
0.035
-0.492
-0.013
0.030
0.006
-0.191
-0.305
1.201
0.062
-0.086
0.064
0.772
0.120
-0.071
0.098
0.114
-0.512
0.540
0.359
0.187
-0.493
0.129
0.077
-1.465
-0.770
0.764
0.121
0.098
0.472
0.511
1.045
2.326
0.306
0.146
0.994
1.622
1.018
2.883
2.332
2.109
2.054
-0.482
0.828
1.728
1.377
0.116
-0.004
0.102
0.790
1.069
0.370
0.633
1.111
-0.042
0.152
0.119
0.435
1.838
1.179
0.408
0.679
0.505
0.101
1.600
-0.038
0.554
0.448
0.453
0.270
-0.038
0.215
0.498
0.175
1.145
0.103
1.781
1.618
-1.174
0.788
0.396
-0.118
0.191
0.101
0.121
0.075
0.136
0.140
0.157
3.027
2.940
0.793
0.003
0.780
0.127
-2.437
0.147
0.644
-1.573
-0.109
0.155
2.319
1.809
1.330
2.070
1.163
1.944
1.450
0.862
1.829
1.266
0.883
1.269
0.580
2.419
1.222
2.035
4.152
0.069
-2.879
0.175
-0.093
0.451
0.407
0.098
0.260
0.224
2.448
0.150
1.224
0.269
1.745
2.137
-0.627
1.049
0.377
0.214
1.357
0.699
1.221
-0.015
0.081
1.726
1.056
0.326
1.146
1.491
-0.932
0.039
0.159
0.769
0.148
1.396
0.035
0.543
0.127
0.023
1.304
0.250
1.033
0.185
0.461
0.882
-0.465
0.669
1.821
2.403
0.830
0.229
-0.162
0.098
0.052
0.155
3.192
-0.134
0.062
0.192
0.053
0.120
-0.062
0.317
2.704
-0.121
0.085
1.082
0.183
1.741
0.462
-0.010
-1.095
-2.788
-1.614
0.127
1.171
-1.212
0.585
0.477
0.992
2.877
0.626
-0.323
0.341
0.194
0.235
0.292
0.299
0.110
0.355
0.150
0.912
0.118
0.137
2.598
1.556
0.274
0.320
0.919
0.544
1.448
0.599
0.694
0.147
0.018
0.416
1.987
-0.303
0.386
0.116
0.119
0.030
0.065
0.098
3.192
1.772
0.931
1.809
1.357
0.530
0.070
1.789
2.136
0.870
0.336
0.339
0.124
1.862
0.517
1.209
1.979
1.669
0.165
1.293
-0.500
0.892
1.339
1.405
0.813
1.376
-0.582
0.406
0.141
-0.134
1.072
-0.052
-0.131
-1.336
0.294
0.362
0.580
0.475
0.957
0.213
0.115
0.099
0.643
0.072
0.311
0.098
0.644
0.880
1.255
0.436
2.899
0.685
0.098
1.328
0.762
0.234
0.984
0.635
2.394
1.769
0.219
0.981
0.207
0.561
0.160
0.390
0.287
0.428
1.007
0.347
0.969
0.245
0.559
0.337
0.705
0.661
0.506
0.254
0.112
0.128
-1.258
0.227
0.175
-0.403
0.364
-0.818
1.368
1.403
0.065
0.098
-1.116
-0.368
0.098
-0.082
-0.970
0.481
-0.924
-0.493
-1.270
-1.916
-0.347
0.296
-0.984
0.048
0.041
0.652
-0.117
1.995
-0.081
0.067
1.674
-0.732
0.951
1.101
-0.413
1.269
0.216
0.604
0.342
0.195
0.317
0.680
-0.136
0.214
2.285
0.865
2.513
1.048
0.789
0.541
1.183
1.653
0.211
0.074
1.071
0.107
0.604
0.572
0.195
1.413
0.311
2.356
1.077
0.441
0.141
0.119
0.658
0.161
0.200
0.638
1.726
1.300
1.137
0.132
0.198
0.009
0.056
0.003
0.222
-0.370
0.542
0.167
0.098
0.065
0.184
0.530
0.038
0.118
0.156
0.931
0.394
2.159
0.812
0.590
0.072
-0.056
0.098
0.475
0.503
0.096
0.156
0.100
0.098
0.114
0.278
0.702
0.345
1.383
0.453
0.519
0.823
2.959
1.157
1.151
-0.091
0.369
0.103
1.128
0.043
0.160
-0.750
0.098
1.075
0.153
0.372
0.300
0.475
0.563
0.095
0.203
-0.004
0.382
0.919
0.367
0.331
-0.088
0.234
0.133
1.238
-0.121
1.948
0.845
0.711
0.794
-0.161
0.754
0.015
0.650
0.074
0.216
0.050
0.088
0.011
-1.039
0.077
-0.017
-0.067
-0.057
-0.410
1.167
1.033
-0.048
0.223
-0.006
0.128
0.463
0.462
0.309
0.248
0.286
0.161
0.593
0.303
0.152
1.371
0.303
1.211
1.180
1.125
0.070
1.369
0.201
1.416
1.228
0.639
2.558
0.928
0.225
1.399
0.388
-0.268
0.913
0.413
-0.289
0.118
0.327
0.093
2.759
0.076
0.098
1.269
0.846
-1.515
0.631
-0.370
-0.813
-0.976
1.854
-1.685
1.550
-0.334
-0.284
0.768
1.393
0.032
0.094
0.009
-1.105
0.844
0.315
0.524
0.787
0.432
0.238
0.218
0.019
-0.088
2.619
0.035
0.486
0.347
