0.068
-0.145
-0.318
-0.244
-0.560
-0.508
-0.191
-0.267
-0.195
-1.016
-0.161
-0.458
-0.223
0.013
0.148
-0.088
0.048
0.013
-0.198
-0.225
-0.279
2.614
1.057
-0.183
-0.102
-0.072
-0.046
-0.112
0.178
-0.094
-0.253
-0.205
0.686
0.659
0.807
-1.743
-2.042
-2.420
-0.619
-1.414
-1.933
-2.522
-0.097
-0.074
-0.485
0.496
-0.213
0.089
-0.515
-1.215
-2.120
-0.990
-1.537
-2.549
-1.743
-0.570
-1.151
-0.178
-0.532
-3.046
-0.676
-1.029
-1.200
-1.396
-0.541
-2.189
-0.972
-0.382
-0.741
-0.296
-1.090
0.111
-0.120
-0.191
-1.095
-1.217
-0.486
0.160
-3.729
0.034
3.567
-1.134
-0.414
-0.121
0.710
0.128
-0.690
-2.196
-0.122
-0.138
0.750
-0.398
-0.128
-0.663
-0.319
-0.115
0.006
0.019
-1.481
-0.657
-0.418
-0.059
0.151
-0.430
-0.233
0.163
-0.237
-0.038
-0.036
0.154
-0.242
-0.112
0.264
-0.026
0.405
0.469
0.066
-0.096
-0.036
-0.056
0.035
-0.019
0.126
0.360
0.755
-0.645
1.420
1.119
0.091
-0.273
-0.043
0.236
0.178
-0.762
0.116
-0.248
0.835
0.332
1.126
0.065
0.163
1.863
1.783
-0.113
-0.209
-0.085
-0.181
-0.411
-0.572
-2.244
-0.723
0.687
-0.583
-1.842
-1.993
-2.036
-1.870
-2.587
-2.094
-0.544
-0.984
-1.277
-0.768
-0.937
0.613
-0.166
-0.841
-0.948
-0.451
-0.376
-0.489
0.039
0.382
0.096
-0.680
-1.635
-2.184
-0.626
-0.861
-0.833
0.051
-0.970
-0.087
-0.946
-0.531
-0.217
-0.210
0.481
0.203
0.811
-0.039
-0.191
0.037
-3.187
-1.955
0.755
-0.700
-0.559
-0.387
-0.250
-0.156
-0.353
-0.030
-0.155
-0.001
-0.340
-3.617
-2.639
-0.775
0.252
0.124
0.235
0.478
-0.637
-0.419
-0.139
1.058
-0.124
-3.108
-1.354
-1.284
-2.103
-0.493
-2.135
-0.795
-0.602
-0.777
-0.522
-1.190
-0.886
-1.018
-1.760
-1.031
-1.078
-2.652
0.294
1.884
-0.287
0.081
-0.270
-0.217
0.003
0.149
0.568
-1.822
-0.225
-0.476
0.190
-0.414
-0.937
0.096
-0.774
-0.191
0.229
-1.376
-0.326
-1.279
-0.001
0.285
-0.776
-0.345
-1.033
-1.372
-0.256
1.188
-0.019
1.014
0.490
0.059
-0.506
-0.135
-0.775
-0.033
-0.100
-1.081
-0.210
-0.240
-0.183
-0.255
-0.182
0.286
-0.492
-1.444
-1.246
-0.790
0.200
0.565
0.142
-0.152
-0.437
-0.831
0.251
-0.007
0.173
0.042
0.478
0.216
0.833
-1.411
0.877
0.095
-0.998
-0.706
-0.230
0.304
-1.288
2.920
2.208
2.077
0.649
-0.352
1.607
-0.566
0.462
-0.172
-2.168
-0.906
-0.134
-0.582
0.154
-0.127
-0.081
-0.035
-0.151
-0.291
0.008
-0.436
-0.042
-0.012
-2.293
-0.484
-0.422
-0.023
-0.710
-0.357
-1.061
-0.303
-0.146
-0.026
-0.085
-0.342
-1.276
0.072
-0.393
-0.344
-0.084
-0.188
0.198
0.381
-2.422
-1.332
-0.443
-1.253
-1.783
-1.038
-0.267
-1.447
-1.870
-0.726
1.076
0.587
0.001
-0.437
-0.319
-0.544
-0.881
-2.070
-0.061
-1.641
-0.029
-1.385
-0.356
-0.879
-0.235
-1.032
-0.374
-0.167
-0.166
-0.427
0.541
0.095
0.590
0.560
-0.128
-0.008
-0.410
-0.264
-0.628
-0.366
-1.005
0.617
-0.037
0.111
0.173
0.061
-0.343
-0.306
-0.883
0.115
-1.574
-0.664
-0.511
-0.498
-0.658
-0.436
-0.950
-0.223
-1.509
-2.022
0.159
-0.320
0.160
-0.200
0.286
-0.271
-0.064
-0.287
-1.118
0.076
-1.085
-0.530
-0.604
-0.057
-0.208
-0.299
-0.743
-0.479
-0.014
-0.102
0.004
-0.146
0.220
0.458
-0.372
0.141
-1.170
-0.427
-0.387
0.037
0.252
0.850
0.212
0.186
0.730
-0.019
0.902
0.636
1.255
1.235
1.113
0.887
0.599
0.056
0.158
-0.125
0.322
-0.722
0.702
0.011
-1.483
-0.042
-0.432
-0.334
0.397
-0.906
-0.088
-0.178
0.003
-0.165
-0.180
-0.373
-0.155
-0.255
-1.984
-0.662
-0.829
-0.724
-0.952
0.495
-0.841
-1.985
0.307
0.319
0.108
-0.584
-0.135
-0.799
-0.155
-1.368
-0.853
-2.811
-1.397
-0.816
-0.239
-0.532
-0.627
-0.406
-0.351
-0.672
-1.718
-1.044
-0.701
-0.203
-0.158
0.088
0.108
0.023
-0.147
0.644
0.575
-0.257
-0.212
0.178
-0.082
-0.066
-0.239
-0.375
-0.217
-0.545
-0.284
-1.043
-0.870
-0.191
0.388
0.939
-0.205
-0.151
-0.684
-0.165
-0.356
-0.183
-0.181
-0.082
-0.698
-0.471
-0.191
-1.121
-0.423
-1.019
-0.801
-3.111
-0.846
-0.333
0.233
-1.125
-0.357
-0.776
-0.076
0.056
0.329
-0.201
-0.895
-0.621
-0.467
-0.135
-0.327
0.312
-0.113
-0.062
-0.084
-0.723
-0.043
-0.352
-0.780
-0.018
0.217
-0.039
-0.778
0.316
-2.151
-0.684
-1.438
0.819
1.195
-1.255
-0.164
-0.564
-0.042
-0.233
-0.090
0.154
-0.153
0.258
-0.068
0.322
0.683
0.219
1.150
-0.038
-0.736
0.598
0.489
-0.102
-0.100
0.058
-0.278
0.179
0.061
-0.252
-0.018
-0.419
-0.418
-0.065
-1.248
-0.565
-0.155
-0.624
-1.124
-0.078
-1.312
-0.369
-1.441
-0.967
-0.472
-1.844
-1.264
0.063
-0.236
-0.632
0.201
-0.111
-0.240
0.827
0.297
0.150
-0.092
-0.280
0.846
-0.575
-1.225
-0.302
-0.014
-0.476
0.266
1.177
1.414
0.006
0.066
-0.592
0.343
0.538
-0.481
-0.846
-0.069
0.028
0.265
0.501
-0.803
-0.388
-0.497
-0.596
-0.576
-0.219
0.239
-0.233
0.527
-1.213
0.030
0.174
0.483
