-0.374
0.669
-0.034
0.539
-0.174
0.268
0.366
0.134
0.680
0.337
0.391
0.714
0.459
0.235
-1.054
-0.044
-0.352
-0.250
0.106
-0.187
0.574
-1.421
-0.988
-0.112
-0.213
-0.010
0.302
0.658
0.475
-0.034
-0.071
0.223
0.470
-0.096
0.209
2.817
2.022
2.233
0.580
1.321
2.120
3.797
-0.034
-0.325
0.580
-0.334
0.515
0.124
0.721
1.446
2.761
1.546
2.135
3.085
1.742
0.944
1.155
0.046
0.141
3.037
1.335
1.412
1.332
1.640
1.268
2.215
1.474
0.503
-0.056
0.124
0.562
-0.037
-0.415
-0.202
-0.719
0.051
-0.698
-1.660
3.310
0.038
-0.826
0.858
0.291
0.000
-0.510
-0.282
0.427
1.758
0.166
0.147
-0.114
0.305
0.448
0.581
0.581
0.516
0.060
-0.016
1.328
0.928
0.158
-0.225
0.613
0.701
0.267
-0.300
0.025
-0.235
0.095
-0.124
-0.106
0.360
-0.239
-0.181
-0.159
-0.090
0.120
-0.436
-0.096
-0.243
0.050
-0.043
-0.101
-0.348
-0.143
1.706
-0.299
-1.302
-0.672
-0.271
-0.044
0.149
0.291
0.619
-0.647
1.471
0.484
0.124
0.124
0.124
0.124
0.124
-0.061
0.356
0.200
-0.194
0.431
0.449
1.042
1.762
1.410
-0.057
0.627
1.869
1.801
2.407
2.187
1.724
1.328
0.124
-0.101
1.893
1.157
0.363
-0.441
-0.087
1.136
1.003
0.377
0.272
1.549
0.058
0.123
-0.216
0.738
1.881
1.314
0.578
1.701
0.975
-0.046
1.601
0.018
0.592
0.762
0.124
-0.177
-0.707
0.223
0.261
-0.043
0.115
-0.230
0.070
-1.635
-0.372
0.679
0.468
0.282
0.412
0.867
0.130
-0.093
0.411
0.531
0.135
2.302
1.947
0.572
0.124
-0.042
0.205
0.117
0.419
0.780
-1.647
-0.553
-0.034
2.430
1.609
0.843
2.786
0.641
1.931
1.301
0.595
0.802
0.404
1.532
0.736
1.105
1.514
1.667
0.525
2.767
-0.306
-1.270
4.526
-0.207
0.393
0.489
0.585
-0.103
0.523
1.898
0.077
0.660
0.144
1.380
1.387
-0.052
0.682
0.398
0.129
1.584
0.504
1.505
0.124
0.594
0.779
0.310
0.655
1.173
0.388
-1.236
0.486
-0.847
0.028
0.076
0.980
-0.241
0.049
-0.035
-0.169
1.066
0.124
0.124
1.170
0.885
-0.178
0.124
0.772
0.838
0.430
1.043
0.328
0.124
0.407
0.124
0.637
1.488
-0.167
-0.034
0.098
0.387
0.117
0.103
-0.547
2.560
0.353
0.041
0.355
0.124
0.080
0.062
0.149
-0.711
-2.425
-1.045
0.375
-2.354
-0.827
0.692
-0.230
0.755
1.309
0.153
-0.092
0.217
0.122
0.312
-0.034
0.506
0.157
0.718
0.196
0.573
0.173
-0.034
1.168
2.157
0.156
0.260
0.501
0.102
1.189
0.351
0.178
-0.164
-0.260
0.539
1.561
-0.673
0.763
1.041
0.363
0.536
-0.113
-0.203
2.231
1.049
1.065
1.518
1.321
1.065
0.180
1.150
1.714
0.703
4.213
1.557
-0.037
0.391
0.649
0.437
1.971
2.891
-0.200
2.495
-0.737
1.244
1.591
0.983
1.176
1.205
1.254
-0.080
0.230
0.587
1.008
0.668
-0.349
-0.766
0.553
0.939
-0.753
-1.562
-2.874
1.789
1.469
-0.797
0.022
-0.357
0.000
-0.602
0.686
0.145
1.229
0.012
1.872
1.265
-0.958
1.296
2.201
-0.216
1.575
0.908
2.567
1.913
-0.168
0.386
-0.040
0.439
-0.005
0.146
0.504
0.342
1.063
-0.816
1.078
0.456
0.412
0.333
0.840
0.124
0.800
0.257
0.308
0.461
0.198
0.606
-0.985
-0.760
0.668
-0.112
1.738
0.907
-0.031
-0.373
-0.812
-0.513
-0.214
-0.420
-0.532
-0.217
-1.195
-0.999
-0.669
-1.073
-0.153
-0.472
-1.327
-0.354
-0.281
0.034
0.249
1.558
-0.959
0.024
0.644
-0.591
0.173
1.998
-0.351
1.313
0.437
0.371
0.420
0.074
0.339
0.824
0.124
0.352
1.208
0.093
2.438
0.705
0.114
-0.059
1.634
2.740
0.181
-0.024
-0.590
-0.513
0.109
1.236
0.423
1.213
0.683
1.934
0.924
0.365
0.340
0.751
0.954
0.338
0.355
0.842
1.797
1.089
1.127
-0.084
-0.034
-0.459
-0.125
0.164
-0.034
-0.429
0.493
0.610
0.583
0.004
0.085
-0.092
-0.036
0.758
0.118
0.367
0.373
1.273
1.295
0.470
-0.032
-0.556
-0.354
0.255
1.609
0.063
0.124
0.204
0.334
-0.034
0.494
0.598
0.233
0.647
0.750
0.498
0.739
2.802
0.797
0.891
-0.482
0.857
0.103
0.789
-0.100
0.442
0.118
0.099
0.580
0.212
0.477
0.866
0.437
-0.353
0.413
0.011
0.089
0.484
0.368
-0.058
0.175
0.504
-0.231
-0.479
1.065
-0.260
2.412
0.196
0.124
0.769
-0.160
0.787
0.009
0.828
-0.154
0.318
0.124
0.139
0.124
-0.513
0.328
-0.263
-0.040
0.074
-0.178
2.562
1.248
0.443
0.249
0.529
0.352
0.499
0.260
0.828
0.563
0.522
-0.044
0.648
0.199
0.040
1.546
0.938
0.262
1.008
0.127
0.150
1.074
0.491
0.880
0.832
0.150
4.274
0.463
0.182
0.849
0.599
-0.200
0.542
-0.014
-3.057
-0.484
0.857
0.798
1.635
0.124
-0.095
1.004
0.311
-1.170
0.124
-0.104
-1.437
0.124
1.310
-0.545
0.334
-0.281
-0.519
0.350
0.504
-0.077
-0.228
-0.237
-0.830
0.737
-0.149
0.475
0.838
0.503
-0.217
0.037
0.546
-1.098
1.519
-0.323
-0.713
-0.935
