0.554
-0.038
0.036
0.045
0.029
0.040
-0.194
-0.166
-1.264
-0.102
-0.752
-0.053
0.041
-0.072
0.390
-0.089
-0.019
-0.049
0.206
-0.254
-0.029
0.639
-0.491
0.135
0.286
0.326
-0.025
0.231
-0.175
0.287
0.463
0.153
0.214
0.829
-0.007
-3.629
-2.399
-2.651
-0.786
-1.766
-2.320
-2.393
0.090
1.537
0.245
-0.007
-0.354
-0.522
-3.483
-2.127
-3.239
-2.725
-2.746
-4.817
-2.691
-1.621
-1.736
-0.040
-0.336
-3.510
-1.559
-2.167
-2.041
-2.536
-1.539
-2.551
-2.350
-0.386
0.304
-0.706
-1.095
0.786
0.529
0.208
-0.955
-1.001
0.013
1.101
-4.270
0.055
0.721
-1.197
-0.694
-1.118
0.039
1.192
-0.089
-2.963
0.151
0.205
1.072
0.291
0.026
-0.811
0.083
1.475
0.080
0.110
-2.123
-1.400
0.478
-0.248
-0.544
-1.331
-0.392
1.409
0.077
0.080
0.304
0.642
0.447
0.039
1.150
0.181
0.300
0.339
0.090
0.316
0.266
0.227
0.072
0.085
0.245
0.414
0.482
-1.328
0.520
0.820
0.899
-0.247
0.064
0.629
0.461
-0.030
1.176
0.285
-0.284
0.336
1.578
-0.298
-1.249
1.315
1.247
0.075
-0.034
0.270
-0.089
-0.114
-0.477
-3.006
0.466
0.388
-1.752
-2.044
-1.549
-4.379
-4.549
-1.803
-1.141
1.214
0.977
-2.906
-2.132
-0.941
0.372
0.050
-2.233
-1.597
-0.074
-0.637
-1.259
0.704
0.167
1.145
-0.255
-3.214
-1.571
-0.846
-0.915
-1.130
0.560
-2.875
0.017
-0.122
-0.163
-0.190
-0.130
1.221
0.304
0.482
0.009
-0.925
0.241
-3.079
-1.009
0.354
-0.618
-1.644
-0.477
-0.108
-0.362
-0.593
0.073
0.110
0.088
0.216
-4.337
-2.159
-1.067
-0.260
0.542
0.171
3.135
-0.357
-0.177
-0.545
-0.320
0.224
-2.518
-3.097
-1.872
-2.035
-0.587
-1.510
-2.333
-0.571
-0.966
-1.379
-2.465
-1.136
0.142
-1.459
-2.263
-1.594
-3.790
0.493
1.906
-0.615
-0.800
-0.756
-1.110
-0.475
-0.434
0.271
-2.622
-0.014
-0.263
-0.613
-2.028
-1.771
0.360
-0.479
-1.209
0.012
-1.024
-0.284
-1.885
0.261
-0.364
-0.820
-1.617
0.555
-0.829
-0.411
2.170
-0.939
1.188
-0.218
0.536
-1.498
0.084
-0.557
0.001
0.255
-1.274
-0.386
-0.251
-0.544
0.295
1.098
1.396
-0.041
-2.158
-1.058
-0.090
-0.030
-0.083
0.162
0.175
0.065
-2.346
0.105
0.057
0.008
0.085
0.154
-0.659
-0.356
-1.756
0.643
0.510
-1.013
-1.360
-1.830
0.030
-0.020
0.498
0.619
0.522
0.374
-0.837
0.081
-0.212
-0.157
0.383
-1.731
-2.033
0.799
0.304
0.606
0.030
0.053
0.136
0.285
-0.071
0.299
-0.477
0.029
0.133
-3.776
-0.716
-0.060
0.103
-1.795
-0.807
-2.239
-0.462
0.382
0.026
-0.150
-0.125
-1.115
0.307
-0.120
-0.949
0.090
-2.726
0.600
0.297
-3.847
-1.183
-2.808
-2.052
-2.601
-0.877
-0.066
-1.687
-2.280
-1.047
-0.153
0.256
0.062
0.135
-0.162
-0.377
-0.667
-1.472
-0.042
-3.841
-0.086
-0.367
0.015
-3.187
-0.499
-1.258
0.513
0.208
0.177
0.256
-0.527
0.435
0.741
0.994
0.179
0.129
-0.410
0.388
-0.930
-0.387
-0.168
0.169
-0.086
0.213
-0.677
0.008
-1.158
0.240
-1.713
-0.709
-2.046
-2.486
-0.913
-1.994
-1.050
-1.994
-1.467
-0.586
-1.805
-4.840
0.290
-0.140
0.144
-0.140
0.403
0.065
0.084
-0.178
-1.156
0.069
-0.864
-0.569
-0.370
0.206
0.135
0.715
-1.200
-0.389
0.217
0.015
0.211
0.060
0.008
0.047
-0.080
0.394
-0.978
-0.381
-0.103
1.131
1.222
2.280
0.658
0.108
0.493
0.220
1.072
0.590
1.064
2.563
1.753
0.412
1.723
0.890
0.826
-0.668
0.469
-0.537
0.116
0.461
-0.240
0.795
-0.348
-0.446
0.157
-1.310
-0.087
0.096
-0.213
0.120
-0.516
-0.057
0.398
0.087
-2.151
0.168
-3.400
-1.020
-2.058
-1.651
-0.326
-0.569
0.104
0.212
-0.124
0.393
0.249
-3.342
-0.461
-2.079
-0.715
-3.748
-2.356
-2.080
-0.345
0.165
-0.307
-0.639
-0.962
-0.910
-2.972
-1.803
-3.685
0.397
0.016
0.113
0.779
0.082
-0.169
0.283
-0.087
-0.664
-0.413
-0.002
-0.256
-0.390
-0.459
-0.394
-0.200
-0.243
-0.088
-1.642
-2.658
-1.577
0.119
0.460
0.164
-0.124
-0.084
0.077
0.728
-0.041
0.040
0.156
0.420
-0.934
0.089
-1.218
-0.297
-1.863
-2.155
-3.261
-1.757
-2.535
0.179
-0.659
0.057
-0.177
-0.008
0.001
0.991
-0.055
-0.041
0.221
-0.570
-0.015
-0.165
0.020
0.340
0.068
0.391
-0.550
-0.478
-0.440
-0.505
-1.195
0.219
0.363
-0.608
0.863
-1.811
-0.939
-0.634
0.812
0.736
-0.029
0.109
0.154
0.421
-0.418
0.097
-0.102
-0.216
1.060
0.068
0.027
0.129
0.077
0.094
-1.321
1.004
1.100
0.246
-0.142
-0.261
0.040
-0.149
-0.089
-0.064
-0.248
0.053
-1.954
-1.793
-0.189
-3.012
-0.753
-0.457
-1.291
-0.825
-0.519
-1.273
-0.332
-2.404
-1.727
0.098
-0.651
-0.756
-0.043
0.161
-1.122
0.434
0.152
-0.176
0.224
0.332
0.118
0.057
-2.618
0.624
-0.623
-0.472
-0.147
0.624
-1.586
1.446
1.894
1.123
-0.661
0.705
-0.760
0.049
1.092
-0.999
-0.989
0.185
0.571
0.477
0.301
-0.418
-0.237
-0.264
-1.601
-0.056
-0.193
0.265
0.094
0.802
-2.040
0.511
0.415
-0.182
