0.112
-0.067
0.097
-0.158
-0.136
-0.059
-0.423
-0.095
-0.209
-0.198
-0.053
-0.124
-0.614
0.083
0.463
-0.022
0.059
0.039
-0.054
-0.119
-1.183
0.977
-0.158
-0.024
0.008
0.280
0.034
0.011
-0.235
0.312
-0.318
-0.049
0.165
-0.096
0.066
-2.913
-2.283
-2.025
-1.012
-2.446
-1.067
-1.636
-0.022
-0.053
-0.074
-0.321
0.626
-0.021
-1.451
-1.264
-2.293
-1.447
-2.552
-2.942
-1.929
-1.985
-1.481
-0.415
-0.623
-3.219
-1.320
-1.428
-1.270
-2.106
-1.807
-2.082
-1.099
-0.602
-0.049
-0.544
-1.408
0.704
-0.069
-0.160
-2.350
-2.462
-1.441
1.803
-3.814
0.011
1.769
-0.966
-0.930
-0.564
-0.020
-0.326
-1.374
-2.513
-0.007
-0.315
0.440
-0.765
-0.017
-0.053
-1.026
-0.354
-0.314
-0.078
-1.759
-1.234
0.117
-0.070
0.111
-0.818
-0.070
0.204
-0.064
-0.042
-0.094
0.159
0.470
0.046
0.400
-0.168
0.055
0.045
-0.132
0.726
-0.167
0.101
0.094
-0.063
0.236
-0.063
0.124
-1.569
0.249
0.544
0.125
-0.251
-0.018
-0.062
0.240
0.132
0.068
-0.320
-0.224
-0.854
1.403
-0.045
-0.100
1.237
1.078
-1.530
-0.760
-0.273
-0.125
-0.316
-0.166
-2.023
-0.815
-0.071
-0.900
-1.621
-0.579
-3.403
-2.796
-2.078
-2.655
0.116
-1.678
-1.775
-0.834
-0.639
0.505
-0.024
-0.373
-1.707
-0.056
-0.282
-0.250
0.318
0.160
-0.644
-0.525
-2.213
-1.282
-1.526
-0.756
-0.357
-0.104
-2.332
-0.095
-0.640
-0.317
-0.126
0.082
2.217
-0.172
-0.078
-0.051
-0.295
-0.159
-2.664
-1.917
0.534
-0.927
-0.427
0.073
-0.053
-0.457
-0.162
-0.245
-0.158
-0.124
-0.589
-2.819
-2.350
-0.416
0.298
0.024
-0.053
2.057
-0.008
-0.581
0.685
2.576
0.167
-3.338
-1.455
-1.221
-1.561
-0.225
-2.166
-0.981
-0.750
-1.115
-0.735
-1.627
-0.939
-0.224
-1.268
-1.827
-1.215
-2.163
-0.727
1.455
-1.237
0.078
-0.290
-0.149
-0.494
-0.234
-0.191
-1.573
-0.145
-0.198
-0.180
-1.804
-0.278
0.080
-0.417
-0.114
-0.192
-0.745
-0.085
-1.436
-0.036
0.051
-0.723
-1.251
-0.129
-0.202
-0.474
1.931
0.084
0.422
-0.257
-0.349
-0.160
-0.012
-0.719
0.004
-0.160
-0.712
-0.053
-1.968
-0.550
0.161
-0.624
-0.053
-0.126
-1.572
-1.568
-0.972
0.624
-0.010
-0.120
-0.053
0.005
-0.616
0.000
0.370
-0.033
-0.030
1.354
-0.113
0.364
-3.767
0.341
0.000
-2.041
-0.516
-1.442
0.517
-0.159
1.078
1.819
0.520
0.553
0.037
2.085
-0.710
-0.095
-0.819
-2.156
-1.503
-0.591
-0.230
0.342
-0.145
-0.049
-0.376
0.180
-0.857
0.133
-0.532
-0.053
-0.053
-1.000
-1.013
-0.124
-0.176
-1.453
-0.260
-1.308
-0.085
-0.564
-0.024
-0.090
-0.203
-1.083
1.091
-0.120
-0.347
-0.088
-0.174
-0.185
0.082
-3.820
-1.558
-0.170
-0.887
-2.046
-0.158
-0.053
-1.699
-1.973
-0.087
-0.104
-0.487
-0.006
-0.485
-0.075
-0.134
-1.395
-2.758
0.081
-1.686
-0.067
-0.817
-1.126
-0.994
-0.238
-1.197
0.004
0.040
0.383
-0.188
1.560
-0.724
-0.047
1.651
-0.145
0.206
-0.223
-0.113
-0.367
-0.177
-0.324
0.560
0.354
-0.197
-0.015
-0.310
-1.197
-0.242
-1.832
-0.044
-2.530
-0.706
-0.206
-0.456
-0.442
-0.897
0.039
-0.404
-1.140
-0.900
0.279
-0.682
-0.136
-0.387
-0.842
-0.528
0.258
-0.074
-0.149
0.096
-0.631
-0.473
-1.048
-0.056
-0.664
-1.163
-1.014
-0.118
0.258
-0.010
0.797
-0.277
0.616
0.053
-0.028
-0.186
-1.170
-0.091
-0.526
0.149
-0.033
0.830
0.107
0.237
1.386
0.788
1.258
1.138
1.444
2.730
-0.046
0.430
-0.053
0.679
-0.166
-0.833
0.326
-1.340
0.346
-0.028
-1.734
1.110
-0.246
-2.448
2.196
-0.967
1.062
-0.280
0.527
0.166
-0.054
-0.165
-0.351
-0.188
-1.644
0.217
-1.773
0.615
-1.545
-0.462
-0.518
-1.763
-0.029
-0.004
-0.308
-0.789
0.143
-0.531
-0.536
-0.595
0.135
-2.090
-1.747
-0.927
-0.053
-0.013
-0.472
-0.211
-0.069
-0.322
-2.090
-1.172
-2.903
-0.038
-0.151
-0.051
-0.079
-0.338
0.031
0.647
-0.075
-0.997
-0.016
-0.053
0.105
-0.108
-0.018
-0.061
0.089
-0.380
-0.094
-2.245
-2.103
-1.624
-0.220
0.806
-0.053
-0.988
-1.947
-0.093
-0.558
-0.074
-0.019
-0.033
-0.600
-1.352
-0.354
-1.640
-0.836
-0.673
-1.479
-3.281
-0.604
-0.803
-0.018
-0.419
-0.631
-0.205
-0.067
-0.046
1.169
0.008
-0.419
-2.702
-0.428
-0.400
-0.079
-0.277
-0.061
-0.566
0.081
-0.555
-0.166
-0.113
-0.393
-0.625
-0.025
-0.053
-0.862
-0.056
-2.068
-0.542
-0.772
0.136
-1.720
-0.176
0.002
-0.542
-0.213
-0.010
-0.091
-0.041
-0.226
0.402
-0.199
0.193
-0.262
0.340
-0.402
-2.744
-1.095
0.027
-0.272
-0.852
-0.098
-0.126
0.269
0.524
0.392
-0.066
-0.045
-0.084
-0.317
-0.085
-1.236
-0.330
-0.067
-0.819
-1.119
-0.243
-1.396
-0.188
-0.858
-0.248
-0.686
-1.603
-1.375
0.322
-0.288
-0.453
0.162
-0.513
0.124
1.797
-0.018
-0.236
-0.045
-0.701
0.273
-1.467
-1.626
-0.246
0.930
-0.064
-0.003
1.068
-1.148
-1.249
-0.121
-0.105
0.005
0.168
-1.003
-0.804
-0.001
-0.053
0.016
1.302
-0.272
0.086
-0.687
-0.897
-0.062
-0.048
0.102
0.187
2.135
-0.998
0.233
0.010
-0.144
