0.924
0.677
-0.025
0.742
0.156
0.399
0.320
0.311
0.777
0.312
0.471
1.165
0.191
0.663
-0.672
-0.155
-0.469
-0.240
-0.030
-0.266
-0.190
-1.333
-1.151
0.310
-0.073
-0.049
-0.128
0.350
-0.077
-0.050
0.103
-0.240
-0.528
0.039
-0.113
3.193
2.496
2.897
0.688
2.729
3.184
5.338
0.180
-0.197
0.415
-0.131
0.289
0.254
2.773
2.260
2.132
2.067
2.638
4.212
2.551
2.406
1.815
-0.077
0.589
5.498
1.289
1.649
1.842
2.310
1.952
3.785
2.917
0.786
0.700
-0.860
1.242
0.366
-0.343
0.496
-0.127
0.688
-0.585
-0.077
5.527
-0.413
-0.146
1.622
-0.029
0.101
-0.275
1.066
1.626
3.354
0.655
-0.530
-0.185
-0.823
0.158
1.004
-0.188
-0.077
-1.200
-0.262
2.280
1.705
0.225
-0.095
0.726
1.131
0.595
-0.380
-0.143
-0.009
-0.165
-0.181
-0.101
0.209
-0.448
-0.171
-0.422
-0.313
-0.129
-0.292
-0.143
-0.362
0.119
-0.272
-0.325
-0.696
-0.212
2.868
-0.506
-1.299
-1.107
0.695
-0.104
-0.076
0.461
-0.077
-1.051
0.576
-0.472
1.174
0.239
1.177
1.504
-0.136
-1.071
-0.119
-0.077
-0.295
0.022
1.070
2.185
3.431
0.202
-0.151
1.871
3.183
2.238
3.627
2.921
1.754
1.246
0.083
-0.077
2.262
2.230
-0.077
-0.334
0.118
1.825
0.695
0.397
0.581
1.148
0.544
0.036
-0.831
1.915
1.846
0.736
0.817
2.076
0.229
-0.050
1.954
-0.310
1.150
0.879
-0.077
0.225
-0.743
-0.242
-0.218
0.058
1.097
-0.213
3.423
0.023
-0.641
0.965
0.958
0.217
0.333
0.827
-0.058
-0.189
0.043
0.104
-0.078
3.489
4.200
0.964
-0.077
0.498
0.318
-1.658
0.215
0.150
-1.460
-0.595
-0.047
4.931
2.060
1.612
2.741
-0.222
2.641
2.222
1.452
0.121
0.997
1.384
1.398
0.781
2.530
1.473
1.763
5.550
-0.209
-0.948
1.201
1.159
1.467
0.185
1.085
0.326
-0.204
2.881
-0.218
0.733
-0.302
0.231
1.372
0.094
1.360
0.339
-0.197
1.074
0.805
0.294
-0.541
0.619
1.847
1.451
0.383
0.300
1.016
-1.712
0.061
-0.393
-0.230
-0.385
1.117
-0.389
0.605
0.010
-0.405
0.575
-0.077
-0.132
0.885
1.008
-1.141
0.241
0.456
1.333
1.800
1.417
-0.068
1.636
0.233
-0.077
-1.455
2.624
-0.214
-0.119
-0.335
0.007
0.658
-0.077
-0.512
3.359
-0.476
0.231
0.233
0.227
0.295
0.401
-0.464
-0.976
-1.629
-1.234
-0.119
0.592
-0.932
-0.077
-0.506
0.269
3.437
0.366
0.516
-0.053
-0.286
-0.175
-0.157
-0.120
-0.274
0.452
-0.025
0.593
-0.089
-0.049
3.414
1.668
1.124
0.869
0.490
0.282
1.817
0.598
0.310
0.010
-0.209
0.815
1.801
-0.447
0.386
0.298
-0.250
0.193
-0.379
-0.264
3.475
1.715
1.207
1.254
1.996
-0.077
0.272
1.425
2.234
2.235
0.803
1.686
-0.102
-0.077
1.112
1.511
1.763
1.269
0.164
3.923
-0.629
1.652
0.021
1.859
0.317
1.688
-0.075
-0.094
0.147
0.621
1.553
0.248
-0.385
-1.339
0.289
0.070
2.341
-0.473
1.026
1.545
-0.167
-0.149
0.052
-0.602
-0.178
0.480
2.652
0.218
0.756
-0.523
1.785
1.332
1.056
-0.077
1.907
2.199
0.095
0.095
2.685
4.232
0.068
0.507
0.012
0.605
-0.183
0.441
-0.244
0.549
1.377
-0.242
1.472
0.552
0.433
-0.139
0.260
0.182
0.030
0.262
-0.107
-0.077
-0.109
-0.126
-0.805
-0.099
0.369
-0.230
2.315
1.018
-0.099
-0.119
-1.117
-0.802
-0.531
-0.370
-0.495
0.899
-1.288
-1.321
-1.163
-2.111
-0.077
-0.077
-0.212
-0.247
-0.060
0.034
-0.544
2.244
-0.516
-0.438
1.865
-1.347
-0.104
2.126
-0.175
1.300
0.728
0.277
0.632
-0.365
0.228
0.756
-0.458
0.554
3.077
0.469
3.678
1.407
1.548
0.320
0.970
2.374
0.137
-0.185
-0.171
-0.201
0.146
2.115
0.259
2.683
0.629
3.768
1.518
0.563
0.368
0.084
1.668
0.418
0.684
0.961
2.627
1.434
1.813
0.035
-0.110
-0.065
0.068
0.270
0.050
-0.764
0.073
0.673
0.130
-0.059
0.652
0.230
0.471
1.030
0.152
0.687
0.404
2.557
2.044
0.718
-0.121
-0.757
-0.074
-0.038
0.921
-0.077
-0.819
-0.350
-0.215
0.186
0.741
1.116
0.103
1.239
-0.007
0.776
2.273
3.216
1.302
1.285
0.216
1.007
0.356
1.351
0.212
0.808
-0.188
0.403
1.204
0.172
0.826
1.430
0.292
0.306
0.040
0.038
0.116
0.614
0.651
0.203
0.823
0.839
0.146
-0.503
1.381
-0.496
4.623
0.378
-0.077
0.771
0.593
2.319
-0.154
0.865
-0.253
0.164
-0.291
0.508
-0.739
-1.042
0.093
-0.114
-0.127
-0.056
0.030
2.063
1.905
0.962
0.050
0.157
0.040
-1.048
0.005
0.217
0.095
0.548
0.054
0.408
0.128
0.273
2.203
0.715
1.152
0.874
0.109
-0.230
1.569
0.510
1.937
0.723
0.511
5.280
1.063
0.313
-0.719
0.488
-0.533
-0.333
0.784
-0.254
-0.077
0.241
0.578
0.958
-0.077
0.738
1.363
0.470
-0.582
-0.077
-0.902
-0.590
-0.153
0.105
0.143
0.079
-0.187
-1.014
0.928
0.744
-0.018
-0.290
-0.284
-1.191
0.952
0.022
0.793
0.133
0.878
0.105
-0.073
0.119
-1.755
3.156
-0.350
-1.184
-0.077
