-0.058
1.332
0.094
1.206
0.385
0.034
0.380
0.361
0.838
0.390
0.109
0.621
0.413
-0.497
0.144
-0.087
-0.212
-0.084
-0.387
-0.623
0.209
-1.156
-1.888
0.488
0.371
0.290
0.200
0.557
0.593
-0.084
0.085
-0.199
-0.084
0.184
-0.102
3.092
2.158
2.298
0.851
1.462
2.364
3.874
-0.096
0.020
0.179
-0.135
0.338
0.109
2.470
1.847
2.140
1.553
2.399
3.203
2.338
1.441
1.291
0.099
0.609
2.594
1.214
1.158
1.955
1.888
1.718
3.542
1.739
0.898
-0.004
-0.008
0.960
-0.339
0.010
0.582
0.195
0.342
0.075
0.091
2.614
-0.410
-0.409
1.008
0.725
0.012
-0.455
0.308
1.411
2.130
0.971
-0.291
-0.190
-0.285
-0.191
0.933
0.740
0.104
0.440
-0.185
1.018
0.089
-0.040
-0.020
0.103
0.947
0.304
-0.308
-0.063
-0.551
-0.252
-0.242
0.016
0.218
-0.339
-0.186
-0.377
-0.123
-0.079
-0.463
-0.179
-0.217
-0.079
-0.079
-0.235
-0.375
-0.147
0.700
-0.862
-1.369
-0.430
0.639
-0.080
-0.027
0.109
0.109
-0.903
0.339
0.470
0.109
0.109
0.738
0.109
0.109
-1.182
0.137
-0.023
0.115
0.359
1.046
1.077
3.807
1.146
0.159
0.815
2.219
1.651
3.378
2.978
0.109
0.109
0.109
0.109
2.270
0.947
-0.660
-0.102
-0.079
0.765
0.728
0.150
0.252
1.519
-0.486
0.123
-0.322
0.828
1.777
1.406
0.785
2.343
0.863
-0.147
1.740
-0.168
0.773
0.798
0.109
-0.063
-0.666
-0.133
-0.516
-0.057
0.071
0.109
2.755
0.109
-1.164
0.462
0.783
0.371
0.198
0.392
-0.087
-0.740
-0.104
0.468
0.031
3.576
0.993
0.495
0.591
0.085
-0.173
-1.822
0.535
0.450
-2.332
-1.279
-0.195
1.819
1.789
1.450
2.696
0.522
1.795
0.630
1.324
0.618
0.154
1.519
1.389
1.144
2.070
1.729
0.713
2.481
-0.042
-0.915
0.702
0.039
0.916
0.313
0.430
-0.282
0.462
3.044
-0.134
0.549
-0.071
1.386
1.008
-0.126
1.561
0.402
-0.051
1.223
0.563
1.057
0.262
0.054
1.464
1.166
0.336
1.039
0.775
-1.357
0.451
-0.596
-0.701
0.115
0.739
-0.167
0.820
-0.079
-0.502
1.010
0.076
-0.163
0.570
0.489
0.109
-0.288
0.545
0.109
1.188
0.960
-0.436
0.424
0.400
0.109
0.942
2.864
-0.313
-0.092
-0.307
-0.079
-0.329
-0.328
-1.082
2.181
-0.174
-0.554
1.131
0.640
0.485
0.112
0.162
-0.536
-1.230
-0.617
-0.092
-0.353
-0.832
0.806
-0.285
1.278
2.177
0.691
-0.266
0.248
-0.377
0.360
-0.178
0.437
0.157
0.516
0.398
0.737
0.044
-0.162
1.557
1.712
-0.378
0.163
0.764
0.370
1.348
0.429
0.136
-0.081
-0.158
0.872
1.248
-0.922
0.242
0.120
-0.321
0.109
-0.527
-0.119
2.923
1.315
1.092
1.275
1.251
0.719
0.359
1.848
2.236
1.238
0.109
1.644
-0.071
0.804
0.579
3.125
0.504
2.585
0.001
1.841
-0.688
1.187
0.830
1.224
0.744
0.982
0.155
0.966
-0.065
0.216
0.597
0.930
-0.664
-0.884
0.832
1.030
0.121
-0.588
0.278
0.597
0.865
-0.953
-0.566
0.359
-0.498
0.411
0.980
0.788
1.621
-0.360
2.208
1.661
2.281
1.272
1.008
0.109
0.728
0.596
2.085
3.107
-0.078
0.676
-0.138
0.327
-0.211
0.290
-0.391
0.410
0.822
-0.368
1.457
0.554
0.819
-0.123
0.608
0.393
1.107
0.404
-0.107
-0.432
-0.627
0.322
-0.384
-0.556
0.400
-0.391
1.796
1.366
-0.302
-0.194
-1.250
-0.954
-0.457
-0.079
-0.592
0.024
-0.975
-0.715
-0.980
-1.380
-0.686
0.585
-0.236
-0.559
-0.225
0.896
-0.730
1.463
-0.717
-0.270
1.327
-0.978
0.552
1.900
-0.783
1.662
-0.699
0.102
0.468
-0.221
0.559
0.435
-0.390
0.117
1.461
-0.004
2.282
-0.015
0.492
0.025
0.449
1.256
-0.108
-0.110
-0.216
-0.529
-0.026
1.099
0.592
1.209
0.586
1.913
1.460
0.588
0.422
0.165
1.251
-0.243
0.458
0.828
2.356
1.181
1.700
0.047
-0.243
-0.660
-0.401
-0.255
-0.072
-0.579
0.076
0.384
0.088
-0.116
0.323
-0.097
-0.277
0.344
0.318
0.799
0.468
1.331
1.107
0.501
-0.248
-0.813
-0.354
0.135
1.153
0.312
0.306
-0.234
-0.094
-0.056
0.537
0.976
0.413
0.917
0.109
0.671
0.823
2.660
0.857
0.748
-0.464
0.468
0.546
1.371
0.847
1.205
0.382
0.206
0.858
0.128
0.356
0.439
0.430
-0.358
0.425
-0.273
0.356
0.558
0.347
0.052
0.513
0.394
0.054
-0.124
0.969
-0.484
2.350
1.370
1.092
0.312
0.181
1.095
-1.185
1.367
-0.127
0.069
-0.485
0.298
-0.414
-0.590
0.134
-0.386
-0.319
-0.131
-0.376
2.155
1.154
0.404
0.251
-0.262
-0.233
-0.311
0.522
0.480
0.485
0.435
-0.026
0.348
0.734
0.315
1.257
0.793
0.733
0.707
0.121
0.109
1.094
0.613
1.226
1.368
0.701
3.233
0.712
0.371
2.782
0.682
-0.205
-0.478
0.441
-0.319
-1.150
0.491
0.267
1.334
0.067
-0.039
0.021
-0.029
-0.875
0.109
-0.459
-0.516
-0.148
-0.057
-0.096
0.386
-0.356
-0.982
0.486
0.372
-0.105
0.144
-0.189
-1.096
0.815
0.469
0.780
1.354
0.729
0.114
-0.470
-0.237
-0.361
2.556
-0.538
-0.203
-0.581
