-0.244
0.072
-0.081
-0.006
0.048
0.097
-0.005
-0.010
-0.077
-0.123
-0.165
-0.131
-0.054
-0.027
0.231
0.173
0.192
0.209
0.072
0.617
-0.137
0.846
0.218
0.042
0.084
0.058
-0.004
0.195
-0.392
0.107
-0.285
-0.037
0.246
0.200
0.130
-2.787
-1.954
-2.221
-1.000
-2.164
-2.307
-3.757
0.143
0.280
0.093
0.276
-0.295
-0.197
-3.070
-1.847
-3.427
-1.878
-2.790
-3.620
-2.451
-1.263
-1.441
0.275
-0.526
-2.398
-1.031
-0.430
-1.627
-1.703
-0.978
-1.768
-1.647
-0.434
0.228
-0.061
-1.365
0.539
0.326
0.006
-1.468
-1.532
-1.136
1.752
-2.554
0.075
0.358
-1.391
-1.289
-0.026
0.686
0.048
-1.135
-2.142
-0.556
0.300
0.345
-0.711
-0.103
-1.091
-0.398
0.247
-0.091
0.131
-1.074
-0.384
0.094
-0.067
-0.247
-0.185
-0.112
0.451
0.089
0.081
0.104
0.199
0.095
0.117
0.233
0.119
0.143
0.185
0.109
0.216
0.095
0.126
0.080
0.112
0.186
0.220
0.179
-0.939
0.124
0.843
0.488
-0.110
0.107
0.013
0.098
0.204
1.693
-0.266
0.400
0.204
1.483
0.059
-0.033
1.974
1.319
-0.201
-0.214
0.024
-0.088
-0.329
-0.764
-2.351
-0.938
-0.362
-0.404
-2.224
-2.810
-2.971
-2.786
-3.834
-3.661
-0.270
-0.805
-3.144
-1.883
-0.156
0.171
0.071
-1.204
-0.802
0.053
-0.578
-1.265
-0.042
-0.083
0.416
-0.457
-1.387
-1.315
-0.066
-1.268
-0.935
0.227
-1.515
0.147
-0.758
-0.210
0.086
0.065
0.210
-0.109
0.122
0.042
-0.840
-0.093
-1.881
-2.301
0.185
-0.821
-0.536
0.036
-1.071
-0.177
-0.401
0.088
-0.118
-0.166
-0.224
-2.507
-2.184
-1.020
-0.058
-0.535
0.441
1.438
0.029
-0.356
0.105
-0.035
0.467
-2.416
-2.414
-0.805
-2.796
-0.560
-2.418
-0.526
-1.155
-1.022
-0.800
-1.466
-1.019
-0.381
-2.133
-1.411
-0.878
-1.783
-0.098
0.620
-1.236
-0.079
-0.354
-0.541
-0.677
-0.015
0.108
-1.770
-0.015
-0.797
0.176
-0.741
-0.762
-0.320
-1.216
-0.519
-0.340
-1.592
-0.463
-1.375
-0.341
0.277
-1.275
-1.005
-0.120
-0.383
-0.818
1.192
-0.022
0.512
0.095
0.180
-0.624
0.192
-0.587
0.083
-0.053
-0.468
0.359
0.312
-0.083
-0.092
0.235
-1.056
-0.492
-1.089
-0.948
-0.927
0.027
-0.045
0.118
0.246
-0.294
-0.996
0.402
0.106
0.551
0.227
0.921
0.049
0.157
-1.760
0.244
0.038
-0.631
-0.373
-0.014
0.231
0.642
0.642
1.311
0.869
-0.020
-0.118
0.409
-0.555
0.211
0.046
-1.168
-0.550
0.253
0.170
0.126
0.017
0.062
-0.147
-0.107
-0.389
0.041
-0.745
-0.038
0.091
-1.088
-1.137
-0.100
-0.110
-0.484
-0.089
-0.848
-0.237
-0.461
0.110
0.039
-1.119
-0.731
0.686
-0.545
-0.291
0.110
0.010
0.210
0.297
-3.118
-2.685
-1.351
-2.041
-1.347
-0.875
-0.108
-1.352
-1.764
-1.301
0.059
-0.266
0.004
-0.609
-1.445
-1.197
-0.158
-0.492
0.087
-1.729
0.347
-1.003
-0.795
-1.357
-0.447
-2.112
-0.518
-0.554
-0.417
0.016
-0.091
0.093
0.292
0.855
-0.240
-0.197
-0.219
-0.085
-0.337
-0.706
-0.580
0.145
-0.016
0.320
0.001
0.128
-1.011
-0.410
-1.621
-0.041
-1.405
-0.880
-0.585
-0.142
-0.134
-0.974
-0.636
-0.266
-3.063
-2.495
-0.075
-0.151
0.112
-0.588
0.247
-0.027
0.026
-0.067
-0.262
0.112
-0.815
-0.446
-0.798
0.058
-0.885
-0.512
-0.880
-0.325
0.042
-0.021
0.517
-0.018
0.071
0.312
-0.331
-0.171
-1.647
-0.867
-0.739
0.266
1.168
0.554
-0.006
0.176
0.251
0.084
0.827
0.632
0.765
1.216
1.010
0.066
0.279
0.413
0.166
-0.597
0.769
-0.888
0.317
0.192
-0.411
0.734
-0.432
-1.140
0.465
-0.775
0.011
-0.114
0.632
0.029
-0.261
-1.084
0.530
-0.247
-1.700
0.134
-2.148
-0.729
-0.088
-0.109
-0.410
-1.296
0.067
0.158
-0.312
0.017
-0.266
-2.297
-0.897
-0.192
-0.045
-2.088
-0.772
-0.120
-0.317
-0.293
-0.829
-0.296
-0.033
-0.166
-1.729
-1.688
-1.722
0.053
0.068
0.095
0.077
0.082
-0.135
0.994
0.121
0.020
0.070
-0.084
-0.192
-0.422
0.024
-0.117
-0.109
-0.270
-0.063
-1.577
-1.746
0.236
0.364
0.153
0.184
-0.248
-0.693
0.001
-0.078
-0.011
0.022
0.081
-0.515
-1.096
-0.301
-0.949
-0.456
-0.062
-0.672
-4.167
-0.355
-0.430
0.109
-0.294
-0.196
-0.259
-0.600
0.097
0.572
0.029
-0.494
0.136
-0.031
0.164
-0.179
0.197
0.021
0.025
0.054
-0.117
-0.315
-0.095
-0.574
-0.519
0.094
0.438
-1.092
-0.020
-2.289
-0.428
-0.987
-0.229
-0.374
-0.565
-0.066
-0.169
0.056
0.040
0.202
-0.035
0.154
0.367
-0.038
-0.066
0.029
0.035
-0.066
-0.758
-0.443
0.165
0.104
0.165
0.092
-0.121
-0.059
0.215
-0.026
-0.132
0.031
-0.257
-0.167
0.048
-1.458
-0.600
-0.625
-0.387
-0.475
0.052
-2.133
-0.041
-0.958
-0.797
-1.074
-1.689
-1.225
-0.126
-0.040
-1.059
0.197
0.062
-0.480
0.337
0.225
0.058
-0.212
-0.906
-0.398
-0.463
-0.812
-0.051
1.824
-0.289
0.511
0.224
0.396
-0.345
0.589
-0.517
0.198
0.753
-0.385
-0.553
0.157
0.179
0.253
0.981
-0.625
-0.140
-0.540
-1.269
-0.566
0.035
0.320
0.235
0.070
-0.685
-0.010
0.530
-0.384
