0.003
-0.044
0.082
-0.030
0.115
-0.041
0.071
-0.048
0.430
0.228
0.291
0.445
0.372
0.284
0.341
-0.153
-0.220
-0.043
-0.085
-0.323
-0.164
-0.610
-0.528
0.148
0.052
-0.157
0.084
-0.167
1.141
-0.236
0.100
0.278
0.103
0.350
0.468
2.669
2.289
2.139
0.592
1.672
2.253
4.223
-0.030
-0.722
0.280
-0.122
0.427
-0.021
2.710
1.484
2.444
1.526
2.977
3.132
2.615
1.690
1.694
0.209
0.953
3.224
0.840
1.447
1.255
1.810
1.575
2.589
1.460
0.485
0.058
0.850
0.842
-0.061
-0.015
0.756
-0.442
-0.086
-0.438
-0.508
4.686
-0.079
0.097
1.441
0.599
0.670
-0.229
0.614
1.172
2.390
0.678
0.057
-0.347
0.618
0.200
0.634
0.097
0.154
0.081
-0.008
1.111
0.768
0.047
-0.558
0.260
0.331
-0.019
-0.162
-0.043
-0.043
-0.007
-0.013
0.335
-0.043
-0.055
-0.103
-0.218
-0.160
-0.043
0.265
-0.043
-0.209
-0.043
-0.101
-0.043
0.012
-0.070
1.587
0.138
-0.606
-0.193
0.137
-0.092
0.232
0.102
0.102
-0.050
0.633
-0.431
0.102
0.056
1.266
0.404
0.146
-0.506
0.121
0.332
-0.383
0.373
0.636
0.603
1.381
0.945
0.216
1.015
2.508
1.756
2.664
2.840
0.221
1.545
0.096
0.334
2.317
1.062
0.102
-0.393
-0.187
0.447
0.522
0.245
0.503
1.213
0.266
-0.398
-0.045
1.211
2.011
1.281
0.655
0.440
0.721
0.142
1.737
-0.196
0.563
0.600
0.234
-0.047
0.213
0.730
-0.129
-0.005
0.122
-0.056
1.013
0.022
-0.021
0.491
0.488
0.224
0.035
1.945
0.272
-1.595
0.267
0.250
-0.251
3.140
2.847
0.814
0.109
0.426
0.014
-1.632
-0.025
0.395
-1.141
-1.247
-0.157
2.768
2.828
0.758
3.258
0.284
1.801
1.361
0.624
1.193
1.061
1.485
0.803
0.852
1.613
1.393
1.559
2.962
-0.351
-1.126
0.368
0.291
0.613
0.064
0.286
-0.059
0.080
3.144
-0.027
0.311
0.123
1.879
1.592
-0.055
1.208
-0.004
0.207
1.190
0.423
1.960
0.154
0.023
1.342
1.035
0.230
1.113
0.787
-0.888
0.225
-0.107
-0.617
0.016
1.101
-0.075
1.097
-0.051
-0.235
1.588
0.102
0.654
0.432
0.239
0.171
0.455
1.310
0.102
0.078
1.790
-0.154
0.260
-0.101
0.083
0.177
2.159
-0.287
-0.053
-0.115
-0.027
0.026
-0.048
-0.597
5.315
0.980
2.883
1.978
1.649
1.835
-0.034
0.328
-0.725
-0.566
-0.171
-0.053
-0.047
0.051
0.532
-0.177
0.826
2.320
0.976
-0.075
0.008
-0.059
-0.053
-0.018
0.410
0.014
0.640
0.293
0.424
0.309
-0.227
1.878
1.846
0.252
0.390
0.512
0.273
1.100
0.519
0.569
-0.014
0.138
0.693
1.485
-0.700
0.585
0.568
-0.017
0.552
-0.246
0.040
2.888
1.061
0.816
1.833
1.567
0.558
-0.035
1.539
1.853
0.731
1.105
1.158
-0.036
0.131
0.395
0.425
0.129
0.643
-0.214
1.187
-0.049
1.655
1.284
1.302
0.304
1.415
0.531
0.031
0.001
0.046
0.102
0.024
0.053
-0.389
-0.111
-0.314
0.148
-0.061
0.033
1.139
1.527
0.528
0.468
-0.744
0.019
0.216
0.254
0.559
0.582
0.742
1.349
1.686
-0.094
1.221
1.176
0.294
0.322
0.442
0.871
1.736
-0.246
0.753
0.171
1.027
-0.167
0.553
-0.373
0.194
0.769
0.125
1.117
0.459
0.640
-0.103
0.153
0.367
0.791
0.381
1.516
-0.333
-1.819
0.330
-0.079
-0.180
0.526
0.057
1.391
0.833
-0.066
-1.302
-1.690
-0.360
-0.176
-0.011
0.046
0.064
-0.876
-1.153
-0.459
-1.890
-0.016
0.193
0.011
-0.359
-0.052
0.902
-0.234
1.877
-0.400
-0.356
1.888
0.393
-0.227
2.094
-0.557
0.850
0.548
0.274
-0.289
0.117
0.599
1.601
0.103
0.217
2.161
0.158
2.975
1.034
0.698
0.192
1.203
2.827
-0.047
-0.046
0.406
0.046
0.118
1.227
0.615
1.527
0.407
2.465
1.034
0.660
0.504
0.401
1.221
0.177
0.554
0.483
1.730
0.862
1.253
-0.008
-0.021
0.103
0.050
-0.025
-0.040
-0.286
0.493
0.313
-0.007
0.026
0.382
0.073
0.191
0.102
0.242
0.361
0.337
2.256
1.566
0.514
0.491
-0.379
-0.021
0.317
1.303
0.050
0.632
0.223
0.381
-0.007
0.219
1.242
0.416
1.370
0.771
0.471
0.946
2.852
1.145
0.615
-0.279
0.332
0.578
1.509
0.025
0.149
-0.013
0.036
0.539
0.301
0.343
0.279
0.358
-0.260
0.102
-0.063
-0.305
0.757
0.303
0.232
0.638
1.547
-0.225
-0.102
0.949
-0.223
3.931
1.101
1.315
2.345
1.377
1.129
-0.572
0.681
-0.210
-0.341
-0.518
0.161
0.143
0.112
0.183
-0.380
-0.106
-0.057
-0.042
0.465
0.940
-0.106
-0.004
0.208
-0.033
-0.272
0.509
0.342
0.664
0.399
0.173
1.211
0.178
0.200
1.745
1.142
0.539
0.826
1.027
0.049
1.170
0.457
1.251
0.862
0.585
3.912
0.517
0.073
-0.680
0.560
-0.217
-0.140
0.270
-0.224
0.025
0.104
0.228
1.606
-0.134
-0.464
0.729
0.460
-0.273
0.714
-0.319
-0.700
-0.009
1.018
0.496
0.984
-0.186
-0.402
0.964
0.796
-0.093
-0.243
-0.171
-0.561
1.294
0.013
0.851
0.657
0.520
-0.140
0.157
-0.110
-1.271
1.673
-0.027
0.013
-0.053
