-0.076
-0.056
-0.121
-0.072
0.126
0.039
-0.369
-0.082
-0.218
-0.222
-0.548
-0.207
-0.210
-0.076
-0.076
0.242
0.441
-0.010
0.163
0.337
-0.013
1.181
1.516
0.110
-0.059
-0.228
0.061
-0.103
-0.902
0.003
-0.024
-0.018
0.306
0.041
-0.006
-2.862
-1.805
-3.052
-0.549
-1.545
-2.435
-3.897
-0.021
0.054
-0.082
0.025
-0.076
-0.076
-1.866
-1.249
-1.843
-1.667
-2.733
-3.308
-1.983
-1.718
-1.464
-0.084
-0.712
-3.625
-0.922
-1.289
-1.794
-2.551
-1.458
-2.403
-1.183
-0.547
0.253
-0.239
-1.509
0.213
0.631
-0.564
0.019
-0.690
-0.217
0.968
-2.574
-0.076
0.108
-1.262
-0.587
-0.165
0.068
-0.180
-1.515
-2.148
-0.702
0.143
0.159
-0.051
-0.091
-0.961
-0.076
-0.076
-0.003
-0.059
-0.910
-0.661
-0.058
0.023
-0.076
-0.031
-0.076
0.167
-0.040
-0.062
-0.028
0.151
0.042
-0.076
-0.028
-0.009
0.054
0.003
-0.065
0.239
-0.063
-0.060
-0.060
0.028
-0.026
0.094
0.121
-2.174
-0.340
0.605
0.463
-1.044
-0.076
-0.076
-0.076
-0.213
0.434
-0.691
-0.281
-0.076
0.722
-0.076
-0.004
1.988
1.141
0.026
-0.102
-0.076
-0.026
-0.076
-2.802
-0.224
-1.189
0.202
-0.889
-1.729
-0.849
-3.632
-2.685
-1.466
-1.285
-0.072
-0.533
-2.085
-2.578
-0.076
0.073
0.064
-1.122
-1.631
-0.444
-0.133
-1.011
1.553
0.311
0.273
-0.734
-0.556
-1.461
-0.386
-0.251
-1.212
0.054
-1.948
-0.076
-1.317
-0.559
-0.076
-0.078
0.517
0.191
-0.062
0.160
-0.052
0.370
0.006
-0.076
0.095
-0.724
-0.198
-0.076
-0.095
-0.281
-0.415
0.305
-0.506
-0.220
-0.119
-3.323
-1.749
-1.137
-0.076
-0.620
-0.089
2.236
-0.207
-0.580
3.479
-0.478
0.199
-0.846
-1.430
-1.330
-1.644
-0.788
-2.008
-0.773
-0.833
-0.565
-1.542
-1.724
-1.794
-0.417
-2.488
-1.924
-1.038
-3.117
0.487
2.146
-0.076
0.028
-0.898
-0.353
-0.655
-0.455
0.111
-4.580
-0.087
-1.202
-0.118
-1.800
-1.700
-0.132
-0.684
-0.135
-0.047
-1.352
-0.346
-2.636
0.882
-0.090
-1.592
-1.358
-0.452
-1.582
-0.733
0.818
-0.041
-0.079
-1.030
0.269
-0.342
0.040
-0.639
-0.067
0.380
-1.377
-0.076
0.732
-0.368
-0.258
-0.300
-0.361
-0.830
-0.076
-1.181
-1.381
0.101
-0.084
-0.028
-0.076
-0.076
-2.532
0.135
0.063
0.336
0.190
0.423
-0.280
-0.208
-3.208
-0.064
0.550
-0.654
-0.506
-0.076
0.202
0.691
1.449
1.241
0.540
-0.189
-0.420
1.330
-0.117
0.162
-0.890
-3.098
-0.545
-0.169
-0.060
0.307
-0.076
-0.076
-0.034
-0.072
-0.620
-0.136
-0.637
-0.118
-0.021
-1.728
-2.347
-0.245
-0.047
-0.535
-0.137
-1.205
-0.480
-0.120
-0.080
-0.062
-0.418
-1.646
0.803
-0.263
-0.357
0.194
-0.596
0.458
-0.060
-4.127
-1.584
-1.149
-1.540
-1.737
-0.076
-0.394
-2.195
-2.169
-0.953
-0.076
-0.057
-0.075
-0.591
-0.985
-0.974
-0.076
-2.466
-0.020
-1.820
0.845
-0.496
-1.368
-0.914
-0.336
-0.973
-0.079
-0.447
-0.670
-0.197
-0.123
0.130
1.448
1.296
-0.431
-1.532
-0.230
-0.076
-0.534
-1.291
-2.560
0.778
-0.185
-0.112
-0.127
-0.208
-0.632
-0.108
-0.605
-0.151
-1.392
-1.337
-0.076
-1.025
-1.737
-0.082
-3.692
-0.721
-1.607
-2.653
0.103
-0.076
-0.076
-0.308
0.180
-0.082
-0.043
-0.229
-0.971
0.193
-1.893
-0.381
-0.764
0.171
-0.092
-0.148
-0.181
0.235
-0.078
-0.055
-0.047
-0.044
0.364
-0.379
-0.216
-0.067
-1.875
-1.329
-0.064
0.244
0.874
1.127
0.113
0.297
0.370
1.058
-0.006
-0.044
1.024
0.163
0.659
-0.242
0.332
0.392
0.137
-0.373
0.517
-2.197
0.729
0.488
-2.517
0.558
-0.121
-3.332
0.042
-1.137
-0.002
-0.138
-0.995
-0.138
-0.186
-0.726
0.697
-0.193
-1.495
-0.234
-2.373
-0.372
-0.256
-0.229
-0.397
-2.280
-0.149
0.075
0.537
0.225
0.202
-1.279
-0.140
-1.511
-0.142
-3.084
-1.894
-0.352
-0.076
0.065
-0.767
-0.180
-0.350
-0.564
-1.834
-1.327
-1.236
-0.012
0.104
-0.066
-0.008
0.091
0.149
0.611
-0.076
-0.209
-0.075
-0.027
-0.076
-0.115
-0.076
-0.074
-0.898
-0.314
-0.354
-1.201
-2.356
-0.076
-0.076
0.588
0.132
-0.254
-0.585
-0.049
-0.168
0.268
0.062
-0.071
-0.180
-1.246
-0.520
-0.858
-0.328
-0.198
-1.409
-2.923
-0.895
-0.948
0.353
-1.195
-0.330
-0.741
-0.058
-0.080
0.831
-0.120
-1.115
-0.995
-0.537
-1.528
-0.076
0.244
-0.076
0.036
-0.317
-0.489
-0.289
-0.132
-0.401
-0.450
-0.075
-0.038
-1.077
0.025
-3.057
-0.833
-0.081
-0.028
0.202
-0.079
0.035
-0.648
0.122
-0.133
-0.070
-0.076
-0.076
0.215
-0.074
-0.003
0.344
-0.076
0.062
-1.435
-2.710
0.172
-0.190
-0.039
-0.130
-0.168
-0.064
-0.550
-0.127
-0.416
-0.161
-0.072
-0.601
-0.281
-1.591
-1.004
-0.640
-0.778
-1.548
-0.114
-0.783
-0.681
-1.328
-1.270
-0.791
-3.793
-1.521
0.028
-3.879
-1.055
0.528
-0.496
-0.175
0.833
0.479
-0.340
-0.761
-0.847
-0.029
0.548
-1.855
-0.133
0.707
-0.125
0.916
0.541
1.020
-1.878
0.619
-0.643
-0.050
0.230
-0.718
-0.581
0.041
0.147
0.039
0.450
-1.028
-0.076
-0.353
-0.625
-0.363
-0.230
0.320
0.099
2.063
-2.604
0.090
2.316
-0.076
