0.857
0.030
0.063
-0.129
-0.083
0.100
0.135
0.144
-0.111
0.005
-0.047
-0.196
-1.219
-0.614
-0.129
0.331
0.372
0.160
-0.250
-2.309
-2.053
0.393
-1.119
0.205
0.285
0.158
0.140
0.460
0.144
-0.173
0.144
-0.285
-0.507
0.212
0.208
-1.791
-2.350
-2.602
-0.647
-2.771
-2.684
-2.075
0.111
0.288
0.144
-0.227
-0.227
-0.511
-2.539
-1.861
-2.048
-1.737
-2.467
-3.236
-2.506
-2.134
-1.658
-0.557
-0.383
-4.340
-0.790
-2.042
-2.132
-1.213
-1.071
-1.080
-1.766
-0.926
0.332
0.199
-2.074
0.097
-1.269
-1.228
-1.807
-1.253
-0.567
0.376
-2.937
-0.049
1.000
-1.471
-0.414
-0.492
0.410
0.266
-0.298
-1.977
0.785
-0.503
-0.403
0.332
-0.235
-0.889
0.144
0.183
0.104
0.213
-0.323
-0.242
0.154
0.059
-1.411
-1.714
0.101
-0.119
0.089
0.144
0.144
0.356
0.108
-0.016
0.144
0.087
0.162
0.132
0.056
0.171
0.095
0.144
0.083
0.101
0.144
0.218
0.400
-0.571
-0.214
0.457
1.408
0.735
0.144
0.422
0.824
-0.245
1.296
0.789
0.424
-1.075
0.051
-0.279
-1.143
1.128
0.937
0.040
-0.091
-0.075
-0.505
0.236
-0.213
-2.760
-0.736
-0.062
-1.079
-0.536
-1.716
-4.445
-3.093
-0.943
-1.791
1.186
0.012
-0.832
-0.739
-1.671
0.195
0.054
-2.630
-1.642
-0.377
-0.051
0.130
0.858
0.175
0.144
-0.150
-1.514
-1.051
-0.666
-0.949
-1.465
-0.037
-2.783
0.251
-0.112
-0.458
-0.205
-0.700
-0.217
0.689
0.020
-0.268
-0.896
-0.860
-2.104
-0.264
-0.593
-0.075
-1.089
-0.847
0.125
0.144
-0.046
0.155
0.461
0.468
0.170
-2.406
-1.615
-1.407
0.022
-0.082
0.547
1.150
-0.870
-0.012
2.039
-1.007
0.486
-0.820
-2.087
-2.270
-2.362
-0.412
-1.550
-0.527
-1.540
-0.303
-1.341
-0.924
-2.137
-0.552
-2.450
-1.690
-1.773
-4.142
0.144
1.705
-2.442
0.969
-0.788
-1.022
-1.036
0.029
0.144
-1.188
-0.701
-0.530
-1.385
-0.283
-0.938
0.234
-0.612
-1.153
-0.850
-1.442
-1.140
-1.371
0.144
-0.090
-0.561
-0.884
-0.035
-1.786
-0.389
0.386
-0.466
0.657
0.557
0.472
-0.662
0.182
-1.176
0.076
0.281
-2.131
0.017
-0.849
0.054
-0.930
-0.452
0.101
-0.405
-1.911
-1.079
-0.215
-0.217
0.409
-0.110
-0.153
0.152
-1.895
0.021
-0.248
0.237
0.291
-0.668
-2.345
-0.419
-1.825
-0.110
0.144
-0.890
-0.594
-1.765
0.445
1.260
0.438
1.552
0.312
-0.799
-0.376
0.061
-0.011
0.208
0.132
-0.587
-1.153
-0.997
0.160
0.169
0.066
-0.010
0.372
0.230
-0.472
0.058
0.144
0.442
0.166
-1.640
-0.848
0.005
0.395
-1.245
-0.450
-0.987
-0.198
-0.218
0.053
0.133
0.144
-1.062
0.654
-0.277
-0.275
0.036
-0.181
0.322
0.144
-3.802
-2.717
-1.369
-2.439
-2.754
0.241
-0.181
-1.133
-2.436
-1.424
-0.077
0.144
0.165
0.132
-0.606
-1.203
-1.401
-1.908
0.063
-1.172
0.181
-1.804
-1.232
-0.744
-0.136
0.142
1.457
-0.017
-0.028
0.196
-0.308
0.001
0.122
0.313
-0.372
-0.366
-0.432
0.205
-0.550
-1.104
-0.279
0.354
0.101
0.067
-0.077
0.179
-0.801
-0.486
-1.470
-0.530
-0.519
-1.744
-1.643
-1.494
-0.427
-1.355
0.026
-0.224
-2.090
-4.827
-0.285
-0.158
-0.031
-1.025
0.662
0.286
-0.239
-0.079
-2.175
-0.161
-1.747
-0.683
-0.438
0.214
0.106
-0.416
-1.136
0.144
-0.490
0.106
0.175
0.144
-0.203
1.182
-0.504
0.984
-0.474
-1.538
-0.080
0.144
0.144
1.600
0.463
0.224
0.097
-0.072
0.197
0.144
0.197
1.959
0.220
-0.091
1.069
0.637
0.205
-0.716
0.819
-0.404
0.144
0.603
-0.581
0.179
0.042
-0.868
-0.194
-0.414
0.024
-0.556
0.357
0.270
0.084
-0.514
-0.212
-0.054
-3.126
-0.459
-1.355
-0.051
-0.150
0.477
-1.824
-1.357
0.037
0.895
0.144
0.285
-0.008
-2.268
-0.213
-2.843
-0.660
-3.449
-1.012
-0.143
-0.203
0.144
0.074
-0.320
-0.711
-0.589
-2.462
-1.659
-1.979
0.583
0.144
0.111
0.146
-0.109
0.134
0.307
0.286
-0.681
-0.296
0.227
-1.192
0.066
-0.636
0.144
-0.080
-0.692
-0.061
-2.051
-0.557
-0.101
-0.393
-0.080
0.041
-0.154
0.718
-0.121
-0.703
0.200
0.210
0.095
-0.044
-0.788
-0.340
-0.321
0.519
-0.772
-0.637
-3.982
-2.534
-1.204
-0.410
-0.684
0.205
0.488
-0.148
-0.947
-0.148
0.144
-0.207
0.103
-0.346
-0.823
-0.058
-1.665
-0.232
-0.014
-0.434
-0.325
-0.146
0.030
-0.150
-0.756
0.019
0.241
-1.178
0.147
-0.374
-0.923
-1.971
-0.182
-1.704
-0.793
0.275
0.106
0.157
0.144
0.212
0.013
-1.026
0.126
1.131
-0.105
0.555
0.363
0.495
-0.885
-0.421
0.919
0.144
-0.915
-0.567
0.388
0.015
0.471
-0.579
0.105
0.144
-1.023
-0.539
0.150
-0.912
0.264
-0.304
-0.798
-0.876
-0.540
-2.719
-1.278
-1.901
-1.627
-0.750
-1.287
-1.175
0.104
0.261
-1.083
1.152
-0.621
-0.755
0.275
-0.470
-0.813
0.131
-1.644
0.388
-0.772
-0.410
-1.871
-0.487
-0.775
1.165
0.024
0.144
-0.363
0.047
-1.619
0.181
0.933
-1.692
-0.366
0.144
-0.398
0.144
0.142
-0.505
-0.931
-1.059
-1.841
-0.618
-1.175
0.505
-0.035
0.388
-1.863
0.546
1.113
0.008
