0.205
-0.537
-0.085
-6.595
-0.155
0.324
-0.210
-0.750
-1.357
-0.264
-0.581
-1.282
-0.359
-0.171
-0.121
-0.084
-0.541
-0.057
0.174
-0.279
-0.458
1.811
-0.703
0.355
0.274
0.228
0.192
-0.110
-0.092
0.109
-0.154
-0.169
-0.140
-0.189
-0.035
-2.263
-2.473
-2.358
-0.349
-1.361
-1.754
-2.104
0.032
0.267
-0.200
0.025
-0.160
-0.042
-2.618
-2.237
-2.504
-1.680
-1.941
-2.480
-1.554
-1.008
-2.049
-0.227
-1.049
-2.346
-0.985
-1.510
-1.077
-0.936
-0.865
-1.607
-1.092
-0.441
0.333
-0.136
-0.988
0.625
0.331
-0.662
-0.873
-1.527
-0.265
0.570
-1.785
0.247
-0.133
-1.131
-0.030
-0.522
-0.556
-0.727
-1.448
-1.383
-0.171
-0.213
0.531
-0.129
-0.136
-0.410
0.089
0.326
0.051
0.145
-2.285
-1.528
0.189
-1.081
-0.027
-0.845
-0.877
0.682
-0.248
-0.204
0.071
0.308
-0.284
-0.404
0.581
0.041
0.591
0.769
-0.105
0.012
-0.130
0.057
-0.205
0.065
0.264
0.714
0.261
-0.901
-0.149
0.031
0.333
-0.212
-0.216
0.319
-0.612
-0.918
-0.182
-0.770
0.735
-0.750
-0.508
-3.605
-3.573
-1.485
-1.582
0.499
0.332
-0.387
-0.408
0.554
-0.143
-1.926
-0.280
-0.101
-1.933
-2.268
-0.943
-3.309
-2.710
-1.973
-3.081
0.156
-0.703
-1.210
-1.488
-1.098
-0.140
-0.382
-2.359
-0.953
-0.396
-0.261
-0.567
0.407
0.984
1.489
-1.347
-1.818
-0.102
-0.582
-1.305
-0.711
-0.090
-2.974
-0.094
-0.231
-0.120
-1.166
-0.877
-0.091
0.424
-0.026
-0.027
-0.414
0.043
-2.201
-0.811
-0.605
-1.148
-1.944
-1.276
-0.167
-0.414
-0.498
0.364
-0.011
-0.080
0.510
-2.255
-2.808
-1.222
-1.127
1.011
-0.186
3.390
-0.857
-0.894
2.505
0.445
0.044
-1.131
-2.092
-2.099
-1.554
-0.125
-1.746
-1.310
-0.548
-1.310
-1.336
-1.541
-0.493
-0.443
-1.014
-1.211
-2.166
-3.309
-0.109
1.415
-0.323
-1.276
-2.263
-0.401
-1.734
0.337
-0.082
-1.407
-0.295
-0.319
-0.722
-1.385
-0.801
0.049
-0.232
-0.547
-0.287
-1.791
-0.254
-0.460
-0.248
-1.308
-0.778
-0.678
-1.570
-1.163
-0.856
2.223
-0.179
0.447
0.265
1.263
-1.321
-0.192
1.167
-0.125
0.183
-1.396
-1.795
-1.833
-2.608
-0.116
-0.477
-0.412
-0.449
-1.443
-2.288
-0.886
-0.271
-0.920
-0.192
-0.158
-0.236
-2.872
-0.020
0.010
0.079
0.015
0.121
-1.617
0.012
-1.940
0.318
-0.033
-0.748
0.044
-0.358
0.178
0.707
0.979
1.758
1.588
0.147
-1.259
0.267
-1.205
0.213
-0.381
-0.830
-2.032
0.020
0.416
0.029
-0.089
-0.053
-0.362
-0.405
-0.061
-0.075
-0.384
0.262
-0.089
-1.252
-0.579
0.067
-0.218
-1.392
-0.411
-1.026
-0.366
0.112
-0.040
0.057
-0.136
-0.395
0.360
-0.417
-0.549
0.262
-0.601
0.364
0.514
-1.991
-1.303
-1.733
-1.478
-2.195
-0.571
-0.289
-0.720
-0.581
-0.674
-2.064
-1.479
-0.080
0.385
-0.166
-0.382
-0.918
-0.491
-0.146
-3.039
0.468
-1.041
-0.574
-1.224
-0.082
-1.918
1.605
-0.331
-0.224
-0.446
-0.274
-0.324
-0.021
0.979
-0.236
-0.230
-0.152
0.160
-0.425
0.024
0.086
0.427
0.317
-0.447
-0.109
-0.177
-0.166
-0.600
-1.528
-1.201
-2.190
-1.298
-1.317
-2.868
-0.106
-1.334
-2.061
-0.553
-0.553
-4.039
-0.027
-0.417
-0.099
-0.860
0.418
-0.182
-0.108
-0.229
-1.291
0.022
-1.245
-0.243
-0.796
0.450
-0.080
-0.564
-0.636
-0.265
-0.021
-0.038
0.497
0.253
-0.206
0.747
-0.650
-0.252
-1.014
-0.422
-0.201
-0.035
0.827
0.939
0.189
-0.146
0.544
0.446
0.217
0.104
0.531
0.752
1.418
-1.251
1.342
0.346
0.094
-0.003
1.162
-0.336
0.232
0.532
0.102
0.683
0.855
0.038
1.566
-1.008
0.432
-0.380
-1.263
0.140
-0.681
-0.245
-0.262
-0.018
-0.853
0.391
-1.592
-0.500
-2.320
0.235
-0.178
-0.884
-0.221
0.217
-0.090
0.797
-0.423
-1.474
-0.582
-2.547
-0.541
-1.289
-0.847
-1.464
-0.437
-0.151
-0.818
-0.146
-0.612
-0.700
-1.596
-0.685
-1.822
-0.488
-0.413
-0.148
-0.662
0.040
0.021
0.373
-0.006
-1.395
-0.388
0.088
-3.003
0.082
-0.764
-0.244
-1.248
-0.735
-0.262
-1.453
-0.899
-1.879
-0.269
0.596
-0.270
-0.084
-0.565
0.239
0.152
0.464
0.106
-0.041
0.267
-1.161
-0.494
-1.441
-1.035
-0.998
-1.089
-2.728
-1.023
-1.687
-0.800
-0.972
-0.312
-0.141
-0.295
-0.450
-0.053
-0.202
-0.509
-0.427
-0.441
-0.546
-0.230
-0.633
-0.146
0.115
-0.244
-0.358
-0.428
-0.319
-0.297
-1.421
0.017
-0.015
-1.170
0.522
-0.618
-0.434
-0.100
0.063
-0.562
-0.744
-0.143
-3.739
-0.058
-1.346
-0.240
-0.812
-0.711
-0.127
-0.083
-0.075
0.010
-0.073
0.355
0.088
0.360
0.380
-0.482
-0.025
-0.177
-0.125
0.076
-0.263
0.184
-0.150
-0.070
-0.343
-1.699
-0.144
-1.671
-0.648
-0.087
-1.092
-1.579
-0.637
-1.547
-1.220
-1.216
-0.938
-0.279
-0.795
-0.497
-0.063
-0.371
-0.458
2.381
-0.095
-0.189
0.914
0.549
-0.195
0.628
-2.097
1.579
-0.611
0.490
0.215
1.432
-1.282
0.947
-0.085
0.871
-0.628
0.686
-0.527
-0.008
0.554
-0.357
-1.113
-0.132
-0.497
0.198
-0.231
-0.484
-1.002
-0.954
-1.354
-0.437
-0.947
0.173
-0.536
1.933
-1.861
0.314
1.454
-0.023
