-0.224
-0.182
-0.132
-0.248
-0.214
0.108
-0.045
-0.036
0.016
-0.113
-0.051
0.425
0.075
-0.044
-0.187
-0.186
-0.380
-0.680
-0.116
0.192
0.465
-1.368
-1.241
0.697
-0.052
-0.010
0.556
0.579
0.165
-0.145
-0.066
0.895
-0.178
0.495
-0.165
3.629
2.966
2.921
0.976
2.610
2.678
4.069
-0.198
-0.487
-0.269
-0.285
0.004
0.084
2.512
0.940
3.084
2.702
2.167
3.737
3.374
2.643
2.066
-0.036
1.452
3.857
1.450
2.156
1.903
2.563
2.044
2.500
1.755
0.928
0.090
0.442
1.045
-0.398
-0.397
0.420
1.979
2.502
1.375
-0.703
3.850
-0.155
-0.488
0.711
0.248
0.257
-0.566
0.011
1.566
3.191
0.596
-0.234
-0.203
-0.163
-0.043
0.793
0.136
-0.472
-0.183
0.055
2.368
1.512
0.440
-0.054
0.155
0.675
0.049
-0.925
-0.207
-0.155
-0.150
-0.181
-0.309
-0.171
-0.247
-0.115
-0.210
-0.203
-0.169
-0.198
-0.150
-0.212
-0.198
-0.266
-0.206
-0.229
-0.170
1.307
-0.645
-0.832
-0.191
-0.066
-0.166
-0.246
0.363
-0.056
-0.472
0.205
-0.299
0.156
0.133
0.133
0.142
-0.176
-2.163
0.043
0.776
-0.144
0.328
1.011
1.339
1.550
0.380
-0.234
1.354
2.516
2.222
3.270
3.203
2.071
1.555
-0.246
0.043
2.666
1.283
0.689
-0.538
0.006
2.320
1.726
-0.005
0.701
1.981
-0.627
-0.065
-0.193
0.646
2.500
2.827
0.410
2.032
0.816
-0.130
2.318
-0.270
0.573
1.063
-0.002
-0.009
-0.349
-0.833
-0.267
0.070
-0.058
-0.585
1.726
1.550
-0.245
0.398
0.697
0.054
-0.058
0.073
0.070
-0.198
0.253
0.232
0.105
3.662
2.286
1.704
0.098
-0.367
0.180
-1.162
0.297
0.064
-0.342
-0.322
-0.144
2.760
2.581
1.680
2.496
0.416
1.752
2.017
0.497
1.128
1.376
1.751
0.938
0.670
2.296
1.882
1.975
4.604
-0.224
-1.221
0.177
0.036
0.661
0.540
0.832
0.616
-0.107
2.681
-0.113
1.266
0.484
1.407
1.893
-0.220
2.090
0.385
-0.018
1.798
0.099
1.651
-0.354
-0.634
1.380
0.884
-0.020
1.188
0.668
-2.116
0.127
-0.495
-0.066
-0.147
1.081
-0.181
0.292
-0.149
-0.484
0.988
0.102
0.875
0.147
-0.134
-0.178
-1.171
0.595
1.719
2.064
1.733
-0.100
-0.117
-0.061
-0.153
0.660
1.523
-0.341
0.073
0.047
0.325
-0.154
0.313
-0.507
2.974
-1.097
-0.175
1.717
0.145
0.289
-0.067
0.530
-0.743
-2.112
-1.003
-0.171
0.020
-1.065
0.456
0.246
0.639
2.162
0.613
-0.993
-0.269
-0.236
-0.025
-0.124
0.080
-0.136
0.086
-0.275
0.491
-0.080
-0.198
2.383
1.259
0.043
-0.169
0.610
0.035
1.582
0.353
0.112
-0.031
-0.198
0.495
1.234
-0.670
0.303
0.504
-0.009
0.763
-0.231
-0.234
3.315
1.692
1.299
2.251
2.294
1.000
0.213
1.709
2.359
0.769
-0.154
-0.093
-0.005
1.525
1.172
1.543
-0.186
0.264
-0.043
2.965
-0.151
2.177
1.543
1.680
0.651
2.238
-0.126
0.534
0.474
0.316
0.282
0.455
-0.267
-0.612
0.185
0.486
0.736
0.537
-0.077
0.285
0.018
-0.787
-0.014
-0.201
-0.316
0.037
0.045
0.033
1.606
-0.283
1.757
0.982
-0.108
0.096
0.248
0.823
0.877
-0.102
1.434
3.749
-0.172
1.880
0.425
0.422
0.057
0.071
-0.367
0.493
0.668
-0.070
1.046
0.776
1.230
-0.032
-0.022
0.177
0.773
0.102
0.077
-0.034
-0.940
0.374
-0.040
-0.234
0.114
-0.921
1.826
0.857
-0.141
-0.209
-1.671
-0.317
-0.600
-0.703
-1.034
0.268
-0.591
-0.879
-0.397
-0.493
-0.579
-0.076
-0.780
-0.706
-0.193
1.129
-0.414
1.546
-0.932
-0.205
2.295
-0.620
0.309
0.562
-0.393
-0.300
0.168
0.079
-0.104
-0.176
0.597
1.357
-0.642
0.014
1.791
0.140
2.383
0.956
0.544
0.248
0.768
1.807
0.138
-0.232
0.245
0.724
0.600
2.648
0.423
2.279
0.511
2.765
1.228
0.933
0.248
0.707
0.805
0.338
0.535
0.662
2.386
1.508
1.814
-0.081
-0.153
-0.155
-0.353
-0.198
0.160
-0.297
0.100
0.411
0.126
0.278
0.612
0.749
0.232
0.114
0.115
0.649
0.337
2.320
2.496
1.597
0.973
-0.613
-0.316
0.041
0.422
0.139
0.386
-0.092
-0.051
-0.181
0.465
1.572
0.454
0.715
0.763
1.378
1.426
3.245
2.183
1.815
-0.281
0.091
0.429
0.952
0.428
0.078
-0.371
-0.038
1.351
0.333
0.296
0.534
0.255
-0.139
-0.021
-0.392
-0.096
0.690
0.330
0.302
1.069
0.526
-0.289
-0.484
1.053
-0.943
2.813
1.628
1.308
0.035
-0.145
0.419
-0.082
1.076
-0.280
-0.238
-0.994
0.051
-0.220
-0.388
0.320
-0.198
-0.339
-0.356
-0.409
1.497
1.248
0.103
-0.392
0.399
-0.088
-0.094
-0.080
-0.190
0.073
-0.149
-0.252
1.128
0.052
0.009
2.153
0.631
0.222
0.282
0.123
-0.133
1.325
-0.159
2.073
1.709
1.009
2.868
1.015
0.690
1.730
0.656
-0.258
-0.152
0.092
-1.113
-0.685
0.193
-0.087
0.771
-0.056
0.033
0.611
0.317
-1.275
0.112
-0.286
-0.806
-0.223
0.030
0.417
0.365
-0.206
-0.743
1.065
0.953
-0.194
-0.145
-0.199
-1.581
1.092
0.431
1.074
0.724
1.057
0.057
-0.194
-0.091
-1.601
1.442
-0.583
-0.708
0.006
