-0.255
-0.002
0.088
0.030
-0.003
-0.177
-0.093
-0.220
-0.200
-0.131
-0.735
-0.084
-0.335
-0.033
0.191
0.035
0.061
0.022
-0.096
-0.070
-0.527
1.076
0.095
-0.295
-0.162
0.332
-0.074
0.023
-0.479
0.075
-0.083
-0.128
0.472
0.400
0.371
-2.637
-2.114
-2.394
-0.993
-2.216
-2.270
-2.247
-0.043
0.307
-0.253
-0.066
-0.491
-0.132
-2.452
-1.050
-1.603
-2.146
-2.423
-3.068
-2.114
-1.518
-0.901
0.084
-0.586
-2.552
-1.121
-1.355
-1.504
-1.722
-1.603
-2.010
-1.799
-0.826
-0.337
-0.857
-0.959
0.113
0.011
-0.185
-0.986
-1.506
-0.170
0.959
-2.509
0.463
0.607
-0.402
-0.818
-0.417
0.427
-0.029
-1.207
-2.230
-0.391
-0.122
0.074
-0.470
-0.073
-0.195
-1.347
-0.630
-0.272
0.025
-1.945
-0.163
0.034
-0.171
-0.019
-0.366
-0.153
0.421
-0.003
-0.008
0.017
0.509
0.125
-0.035
0.400
0.095
0.138
-0.002
-0.000
0.616
-0.003
0.204
-0.024
-0.033
0.198
0.274
0.289
-0.344
-0.196
1.273
-0.107
0.043
0.045
0.407
-0.008
0.345
0.813
-0.540
0.137
0.141
1.913
-0.024
-0.004
0.587
0.652
-0.060
0.258
-0.054
-0.107
-0.748
-0.535
-2.142
-0.029
-0.258
-0.857
-1.562
-1.921
-2.754
-2.471
-2.499
-2.827
0.300
-0.031
-2.496
-1.743
-0.534
0.567
0.031
-1.846
-0.670
-0.384
-0.672
-0.594
0.222
0.052
0.132
-0.481
-1.435
-1.521
-0.285
-0.638
-1.001
-0.028
-2.044
-0.043
-0.628
-0.679
-0.385
-0.165
0.208
0.219
-0.227
-0.098
-0.389
-0.240
-3.025
-1.163
1.497
-0.935
-0.605
-0.158
-0.221
-0.025
-0.153
-0.007
-0.094
-0.283
-0.373
-3.609
-2.536
-1.858
-0.013
-0.350
0.072
2.067
0.122
0.028
0.337
0.622
0.038
-2.540
-2.350
-1.711
-2.017
-0.726
-1.864
-1.113
-0.319
-1.486
-1.467
-1.366
-0.945
-0.524
-2.029
-1.539
-0.685
-3.318
0.161
1.944
-0.443
-0.210
-0.813
-0.530
-1.052
-0.088
-0.071
-2.619
-0.047
-0.616
0.600
-1.707
-0.617
0.254
-0.968
-0.707
-0.628
-1.085
-0.418
-0.890
-0.082
-0.097
-0.806
-0.903
-0.111
-1.186
-0.541
0.918
-0.057
0.176
-0.440
0.360
-1.115
0.050
-0.678
-0.044
0.038
-1.010
0.116
-0.345
-0.061
-0.210
-0.142
0.246
-0.118
-1.987
-1.308
-0.520
-0.031
-0.405
-0.003
0.133
-0.722
-2.455
-0.028
0.025
0.013
-0.016
-0.057
-0.322
0.031
-2.426
0.594
0.152
-0.815
-0.106
-1.734
-0.474
-0.596
0.218
2.562
1.238
0.101
-0.413
0.786
-0.430
0.103
-0.509
-1.224
-1.198
0.665
-0.222
-0.143
-0.152
-0.039
-0.134
-0.082
-0.855
0.052
-1.132
-0.132
0.037
-2.308
-1.659
-0.757
-0.539
-0.605
-0.311
-1.170
-0.349
-0.332
-0.031
0.303
-0.444
-1.549
0.419
-0.048
-0.044
0.040
-0.224
0.039
-0.053
-2.737
-1.508
-1.273
-1.862
-1.596
-0.765
-0.486
-1.075
-1.809
-0.755
-0.137
-0.279
0.027
-0.360
-0.455
-0.610
-0.397
0.053
-0.013
-1.499
0.642
-0.785
-0.661
-0.788
-0.266
-0.990
0.186
-0.170
-0.129
-0.140
-0.605
0.008
-0.071
0.644
-0.293
-0.135
-0.202
-0.096
-0.184
-0.850
-0.440
0.079
-0.274
0.233
-0.244
0.080
-0.406
-0.417
-2.213
0.680
-1.024
-1.382
-0.948
-0.663
-0.475
-0.704
-0.405
-0.347
-2.426
-3.313
-0.277
-0.854
-0.302
-0.571
-0.131
-0.059
-0.067
-0.086
-0.592
0.027
-0.581
-0.218
-0.452
0.063
-0.385
-1.114
-0.736
-0.358
0.121
-0.003
0.690
-0.079
-0.046
0.596
-0.469
0.272
-1.368
-0.824
-0.003
0.066
1.147
0.957
0.104
0.159
0.325
-0.159
0.622
0.409
1.176
1.416
0.696
-0.177
1.789
0.376
0.028
-0.157
0.218
-1.139
0.434
0.171
-1.413
0.361
-0.510
-0.518
0.203
-1.430
-0.223
-0.119
0.261
-0.499
-0.111
-0.355
0.717
-0.313
-2.129
-0.605
-2.328
-0.868
-0.945
-0.270
-1.515
-1.743
-0.613
-0.253
-0.008
0.027
-0.351
-1.569
-0.697
-1.131
-0.523
-2.305
-1.409
-0.410
-0.328
0.141
-0.387
-0.366
-0.387
-0.973
-2.364
-1.350
-2.158
-0.192
-0.003
0.145
-0.147
0.018
0.077
0.489
0.165
-0.345
-0.039
-0.110
-0.116
-0.259
-0.158
-0.171
-0.136
-0.600
-0.075
-1.904
-1.754
-0.521
0.136
0.602
-0.061
-0.281
-0.299
-0.070
0.035
-0.182
-0.077
-0.003
-0.499
-1.015
-0.346
-0.826
-0.493
-0.810
-1.207
-2.478
-0.643
-0.717
0.127
-0.382
-0.102
-0.772
0.032
-0.053
0.148
-0.064
-0.946
-0.514
-0.382
-0.553
-0.373
-0.571
-0.046
-0.020
0.034
-0.305
-0.283
-0.074
-0.614
-0.279
-0.133
0.098
-1.229
0.535
-2.204
-1.036
-0.637
0.009
-0.221
-0.692
0.173
-0.154
0.015
-0.163
0.033
-0.180
0.509
0.724
-0.281
0.065
0.187
-0.214
0.032
-1.126
-0.706
0.453
-0.019
-0.070
-0.001
-0.097
-0.128
0.483
0.067
-0.507
-0.022
-0.554
-0.360
-0.033
-1.870
-1.009
-0.806
-1.384
-1.344
0.033
-1.118
-0.093
-1.271
-1.049
-0.734
-1.582
-0.967
-0.138
-0.493
-0.529
0.587
-0.585
-0.272
0.914
0.125
0.006
0.030
-1.462
0.143
-1.070
-0.939
-0.268
1.435
-0.429
0.443
0.304
0.129
-0.097
0.220
-1.177
0.079
0.807
-1.250
-0.253
0.002
-0.002
0.019
0.641
-0.289
-0.249
-0.863
-0.371
-0.308
-0.149
0.045
0.031
0.938
-1.210
0.080
0.213
-0.222
