-0.121
0.234
-0.050
0.090
0.005
-0.118
0.170
0.154
1.023
0.404
-0.091
0.897
-0.104
0.512
0.246
-0.594
-0.679
-0.486
0.760
0.872
0.131
-0.786
0.832
-0.004
-0.054
-0.044
0.345
0.543
0.264
-0.588
0.306
0.122
-0.054
-0.164
-0.092
2.781
1.912
3.012
1.171
1.932
2.660
2.176
-0.003
-0.242
0.385
0.104
1.103
0.762
3.102
1.229
1.837
1.717
2.988
3.149
2.182
1.260
2.886
0.238
0.979
2.331
1.095
2.538
1.169
1.523
0.747
1.289
0.742
0.637
-0.091
0.323
1.728
-0.796
0.669
0.034
1.029
1.054
0.421
-0.404
2.750
-0.093
0.002
2.028
0.534
0.508
0.465
0.001
0.890
2.409
-0.393
1.249
-0.057
0.387
0.570
0.750
0.066
0.166
0.057
-0.068
2.048
0.491
-0.274
0.529
-0.038
0.049
0.522
-0.294
-0.079
0.008
-0.029
-0.487
-0.183
-0.093
-0.342
-1.763
-0.307
-0.268
-0.030
-0.081
-0.104
-0.048
0.009
-0.072
-0.158
-0.297
-0.203
1.098
0.190
-0.765
-1.093
0.070
0.019
0.105
0.324
1.575
-0.064
0.021
0.843
0.498
-0.793
1.585
3.678
-0.171
0.260
0.101
0.028
0.056
0.091
0.023
1.162
3.950
0.576
0.394
0.507
2.517
2.058
3.776
2.990
2.348
3.441
1.185
1.950
2.432
1.305
2.016
-0.152
-0.019
2.196
2.337
0.679
1.414
0.544
-0.313
-0.147
-0.664
0.517
1.620
1.304
0.464
0.586
0.970
-0.285
2.593
0.051
0.048
0.139
0.774
0.380
0.031
-0.215
-0.523
-0.081
0.682
0.418
1.519
0.601
0.119
0.782
0.362
0.531
0.160
0.101
0.077
-0.064
0.141
-0.054
-0.248
3.170
1.304
1.483
0.003
-0.101
0.414
0.069
0.315
0.295
-2.186
0.478
-0.081
3.005
2.724
2.123
1.691
0.370
1.176
1.202
0.849
1.414
1.573
2.434
1.565
0.158
2.098
1.977
3.694
3.223
0.196
-0.414
1.064
0.491
3.827
1.049
1.758
-0.025
-0.013
1.463
0.254
-0.055
0.320
0.312
0.610
0.652
0.560
1.524
0.916
1.950
0.341
0.937
-0.064
0.433
1.267
0.891
0.648
0.195
0.442
-1.661
0.134
-0.177
0.021
-0.515
2.460
-0.078
-0.361
-0.059
-0.922
1.062
0.534
-0.221
-0.281
0.149
-0.556
0.821
0.373
1.801
1.473
0.251
0.190
0.214
-0.111
0.176
-0.081
-0.015
-0.061
-0.135
-0.040
-0.315
0.000
1.006
-0.006
1.483
-0.748
0.025
0.893
0.309
1.414
-0.123
-0.406
-0.466
-0.481
-1.097
0.704
0.269
0.048
-0.025
-0.081
0.205
0.568
1.955
0.187
-0.112
-0.232
0.002
-0.064
0.491
0.347
1.303
-0.238
0.329
-0.083
-0.064
1.504
1.908
0.070
0.628
0.638
0.309
0.844
0.052
0.451
-0.019
-0.106
1.099
1.326
0.066
1.029
1.224
0.093
1.579
0.019
-0.075
3.060
1.859
1.286
1.856
2.198
0.673
0.044
2.507
0.854
0.841
2.903
0.966
-0.081
-0.970
0.394
0.305
0.928
2.886
0.375
1.168
-0.011
1.872
0.815
2.334
0.096
1.731
-0.074
0.023
-0.698
0.472
0.567
0.107
0.254
-0.030
0.480
0.316
0.581
-0.469
2.266
1.178
1.173
-0.112
0.272
-0.564
-0.993
-0.064
1.791
0.481
2.460
0.738
0.796
1.082
0.455
0.040
-0.381
-0.405
-0.703
1.245
2.682
5.273
0.257
0.297
-0.751
0.319
0.036
-0.042
-0.028
0.279
1.072
0.030
0.413
0.129
1.768
0.091
0.234
1.161
0.324
0.086
-0.037
0.724
1.427
-0.019
-0.265
0.578
0.483
0.506
0.164
0.203
0.376
0.192
-0.908
-0.613
0.065
-0.465
-0.285
-0.070
-0.570
-0.632
-0.459
-0.609
-0.887
0.238
-0.274
-0.934
-0.118
0.127
-0.149
0.659
-0.038
-0.111
0.424
-0.061
-0.022
-0.222
0.272
0.185
0.127
-0.074
-0.045
-0.610
0.293
0.111
-0.076
-0.078
1.127
-0.640
1.087
0.105
0.781
0.788
-0.057
0.655
0.023
-0.019
0.120
-1.784
0.049
2.323
0.439
1.554
0.205
1.438
0.374
0.837
0.785
0.074
1.319
0.723
0.425
0.812
1.624
0.542
2.326
-0.059
0.179
0.120
0.129
0.123
-0.039
-0.023
-0.027
0.365
0.085
-0.047
1.627
0.008
0.308
-0.081
0.093
0.354
0.375
1.572
0.948
3.355
1.000
-0.482
0.055
0.091
0.257
-0.161
-0.445
-0.163
-0.280
-0.062
-0.047
0.897
0.036
0.070
-0.085
0.843
0.348
3.393
1.185
0.701
0.184
0.783
0.483
1.161
1.024
-0.034
-0.219
-0.033
0.583
0.310
1.339
0.712
0.822
0.564
0.106
0.107
-0.105
0.452
0.120
0.384
1.198
1.487
-0.023
-0.090
0.875
-0.120
1.285
0.543
1.017
-0.340
-0.298
0.988
-0.031
0.016
-0.163
0.518
-0.186
0.113
0.061
-0.036
0.121
-0.074
-0.077
-0.037
0.015
1.192
0.700
-0.173
-0.191
-0.081
-0.071
-0.096
0.047
0.265
-0.062
0.173
-0.122
1.340
1.078
-0.025
2.426
0.699
0.145
0.706
0.980
0.327
1.169
0.419
1.483
0.961
1.600
1.195
0.479
-0.577
-0.610
1.594
-0.971
1.637
0.305
-0.182
-0.334
-0.063
-0.293
1.519
0.279
0.729
0.867
-0.256
-0.653
3.633
-0.539
-0.623
0.315
0.257
0.605
-0.047
-0.847
-0.979
0.637
2.284
-0.052
0.286
-0.058
-0.134
0.735
-0.012
2.231
1.160
1.158
0.137
-0.153
0.163
-0.067
0.064
0.044
-0.309
0.042
