-0.138
0.119
0.342
-0.202
-0.279
-0.186
0.022
0.101
-0.268
-0.289
-0.067
-0.417
-0.577
-0.139
0.062
0.135
0.205
0.163
-0.039
0.468
-0.665
1.792
1.073
-0.121
0.103
0.136
-0.072
0.006
0.043
0.051
-0.482
-0.137
-0.202
0.164
-0.095
-3.004
-1.834
-2.529
-0.858
-1.605
-2.482
-4.245
0.233
0.086
0.062
-0.011
-0.255
-0.105
-2.414
-1.504
-2.358
-1.454
-2.670
-3.800
-2.028
-1.157
-1.449
0.082
-0.642
-3.654
-0.857
-1.172
-1.721
-1.193
-0.934
-2.928
-1.717
-0.203
0.081
-0.110
-0.686
-0.029
0.521
-0.175
0.048
-0.177
-0.030
0.098
-4.592
0.469
0.913
-1.243
0.101
-0.543
0.105
0.313
-1.184
-2.390
-0.070
0.489
0.165
0.077
0.179
-0.730
-0.255
-0.039
-0.165
0.419
-0.762
-0.127
-0.231
0.030
0.228
0.131
-0.340
0.323
-0.119
1.480
0.284
0.377
-0.145
-0.168
0.526
0.318
0.356
0.294
-0.017
0.062
0.160
0.377
0.154
0.219
0.393
0.553
0.352
-1.495
0.085
0.464
0.362
-0.421
0.122
-0.123
0.062
0.105
0.064
-1.640
0.169
-0.201
0.071
-0.183
-0.065
0.081
1.166
-0.095
-0.336
0.043
-0.225
-0.359
-1.266
-3.246
-1.589
0.312
-1.603
-1.842
-2.007
-3.129
-3.674
-0.296
-1.655
-0.002
-0.042
-2.622
-1.518
-0.036
0.236
0.158
-1.998
-1.060
-0.676
-0.375
-1.391
0.113
-0.152
0.090
-1.413
-2.990
-2.647
-0.350
-0.652
-0.665
0.117
-2.521
0.221
-0.828
-0.910
-0.870
-0.046
0.270
0.037
0.012
0.121
-0.139
0.131
0.836
0.046
0.160
-0.710
-0.204
-0.639
-0.063
-0.652
-0.447
0.184
-0.330
-0.416
-0.551
-3.351
-1.842
-0.988
0.062
-0.950
-0.030
1.086
-0.614
-0.505
0.411
-0.806
0.166
-3.371
-1.942
-1.489
-2.828
-0.418
-1.745
-1.315
-0.986
-0.801
-0.876
-1.230
-0.786
-0.472
-2.353
-1.478
-0.895
-3.760
0.287
1.711
0.062
-0.203
-0.794
-1.138
-0.479
0.178
0.114
-3.246
-0.050
-0.975
-0.104
-1.409
-1.815
0.344
-1.702
-0.067
0.097
-1.408
-0.280
-1.809
0.635
0.627
-1.559
-1.566
-0.448
-0.744
-0.275
1.075
-0.275
0.537
0.080
0.098
-1.034
0.145
-1.495
0.072
0.384
-0.131
-0.102
-0.608
-0.553
-0.105
0.413
0.062
-0.643
-0.253
-1.077
-1.587
-0.068
0.062
-0.125
0.058
-0.520
-2.293
0.102
0.081
0.282
0.054
0.057
0.766
0.629
-3.161
0.014
0.286
-0.464
-0.063
-1.648
0.019
-0.210
1.057
2.117
1.408
-0.727
-0.077
0.454
-0.425
-0.426
-0.436
-2.917
-0.705
0.475
-0.028
0.104
0.135
-0.013
-0.621
0.157
-0.576
0.011
-0.472
0.123
0.003
-1.637
-1.202
-0.134
0.170
-0.460
-0.135
-1.549
-0.327
-0.314
0.036
-0.010
-0.700
-1.654
0.659
-0.024
-0.390
0.263
-0.153
0.253
0.080
-2.682
-1.066
-0.388
-0.886
-1.866
-0.561
-0.064
-1.935
-1.761
-0.985
-0.727
-0.680
0.065
-1.213
-0.449
-0.218
-0.111
-1.198
-0.013
-1.127
0.093
-0.213
-1.300
-1.261
-0.981
-1.326
0.592
-0.286
-0.499
0.288
-0.208
-0.161
0.886
2.134
-0.062
-1.450
-0.295
-0.256
-0.328
-1.221
-0.453
0.516
0.094
0.331
-0.189
-0.200
-1.414
-0.162
-0.312
0.086
-1.458
-1.578
0.221
-0.772
-1.350
-0.985
-0.500
-0.967
-1.611
-1.712
-0.005
-0.357
-0.040
-0.042
0.253
-0.417
0.122
0.012
-0.607
0.050
-0.772
-0.836
-0.195
0.118
-0.738
-0.230
-2.023
-0.278
0.038
0.230
0.080
-0.168
0.413
0.388
-0.038
0.083
-2.073
-1.026
-0.168
0.290
0.836
0.705
0.424
0.147
0.413
0.170
0.835
0.901
0.258
1.395
-0.113
-0.088
0.753
0.455
0.125
-0.984
0.246
-3.143
0.619
0.339
-2.462
0.350
1.029
-0.778
0.620
0.608
0.070
-0.422
-0.140
-0.389
-0.785
-0.978
0.089
-0.230
-2.141
-0.663
-2.227
-0.448
0.033
-0.142
-0.980
-2.697
-0.110
0.001
0.119
0.319
0.274
-0.939
-0.098
-1.050
-0.451
-2.773
-1.297
-0.486
-0.418
-0.461
-0.695
-0.479
-0.700
-1.284
-2.185
-0.852
-1.418
-0.106
-0.080
0.080
-0.374
0.137
-0.143
0.126
-0.205
-0.401
-0.373
-0.279
-0.550
-0.298
-0.063
-0.336
-0.116
-0.109
-0.411
-2.252
-1.793
-0.869
-0.085
0.479
0.333
-0.787
-0.759
-0.047
0.010
-0.238
-0.123
0.172
-0.032
-0.807
0.004
-0.894
-0.222
-0.795
-1.248
-2.307
-1.201
-1.346
0.472
-0.241
-0.194
-0.509
-0.411
-0.359
-0.300
-0.082
-1.108
-1.306
-0.167
-0.876
-0.382
0.209
0.040
0.088
0.235
-0.224
-0.161
-0.309
-0.528
-0.016
0.141
0.386
-0.614
0.753
-4.472
-1.024
-1.250
0.102
-0.951
-0.677
0.046
-1.337
0.120
0.062
0.422
-0.127
0.062
0.062
-0.173
0.387
0.307
0.053
0.199
-0.517
-0.864
0.097
0.257
-0.658
-0.228
-0.069
-0.485
-0.867
-0.079
-0.437
-0.081
-1.171
-0.074
-0.262
-2.331
-0.890
-0.215
-1.340
-1.040
-0.109
-1.518
-0.281
-1.424
-0.797
-0.486
-3.340
-0.641
0.072
-1.665
-0.489
0.315
-0.092
0.020
0.908
1.023
-0.767
0.123
-1.275
-0.106
-0.026
-0.391
-0.084
0.955
-0.486
0.446
0.830
0.133
0.160
0.299
-0.499
0.044
0.863
-0.431
-1.172
0.138
0.241
0.288
0.546
-0.552
-0.016
-0.686
-0.644
-0.577
-0.184
0.393
0.355
1.641
-0.952
0.291
0.112
0.024
