0.005
-0.046
-0.046
-0.020
-0.046
-0.046
-0.152
-0.963
-0.046
-0.082
-0.214
0.003
-0.254
-0.210
-0.085
0.388
0.088
-0.052
-0.274
-0.269
-0.028
2.530
-0.484
-0.109
-0.101
0.356
-0.035
0.039
-0.146
-0.053
-0.046
-0.012
0.135
-0.093
-0.006
-2.998
-1.435
-3.032
-0.762
-2.495
-2.722
-4.019
-0.019
0.069
-0.049
0.030
-0.046
-0.046
-1.567
-0.979
-1.310
-1.745
-2.479
-3.061
-1.902
-1.064
-1.415
-0.046
-0.702
-3.121
-1.355
-0.395
-2.496
-2.108
-0.761
-2.912
-1.880
-0.746
-0.137
-0.064
-1.848
0.070
-1.003
-0.500
-0.747
-1.677
-0.021
0.064
-3.715
0.121
0.039
-1.307
-0.285
-0.046
0.330
0.421
-0.802
-2.070
-1.122
0.196
-0.021
0.097
-0.483
-0.145
-0.034
0.164
0.007
-0.054
-1.145
-0.271
0.009
-0.046
-0.046
-0.295
-0.052
0.092
-0.179
-0.100
0.116
0.086
0.079
-0.098
0.209
0.304
0.135
-0.013
-0.144
0.016
0.059
0.095
-0.113
0.029
0.111
-0.036
-0.200
-1.808
-0.317
0.290
0.027
-0.243
-0.182
0.037
0.103
0.810
1.513
-0.208
0.389
-0.072
1.297
-0.096
-0.252
1.619
1.104
0.117
-0.046
-0.046
-0.046
-0.120
-0.084
-1.745
-0.486
-0.237
-1.276
-1.089
-1.196
-3.446
-2.185
-3.660
-3.063
0.866
-0.463
-2.235
-1.541
-0.237
-0.075
-0.025
-0.878
-1.354
-0.092
-0.031
-0.788
0.773
-0.140
0.193
-0.084
-0.999
-1.219
-0.114
-0.462
-0.737
-0.054
-2.619
0.217
-1.080
-0.430
-0.599
-0.811
0.268
-0.222
0.239
-0.029
-0.184
0.346
-0.233
-2.137
0.335
-0.340
-0.827
-0.067
-0.212
-0.110
-0.046
-0.046
-0.046
-0.046
-0.046
-3.147
-2.614
-1.183
-0.046
-1.641
-0.046
1.353
-0.502
-0.046
0.639
1.589
0.001
-1.581
-2.870
-0.843
-2.222
-0.484
-1.656
-0.617
-0.557
-1.930
-1.361
-1.250
-1.519
-0.438
-2.489
-2.046
-1.307
-3.765
-0.046
0.928
-0.079
-0.288
-0.243
-0.142
-0.109
-0.197
-0.002
-2.884
-0.222
-0.948
-0.512
-2.570
-0.186
1.050
-0.388
-0.408
-0.078
-1.428
-0.561
-2.886
-0.012
-0.042
-1.395
-1.837
-0.593
-2.505
-1.509
0.291
-0.584
0.735
-0.266
-0.046
-0.350
-0.046
-0.777
-0.079
0.140
-0.575
0.032
-0.401
-0.415
-0.303
-0.127
0.119
-0.070
-1.393
-2.009
-0.125
-0.074
-0.146
-0.102
-0.046
-0.174
-1.830
-0.003
-0.205
-0.753
-0.109
0.497
-0.405
0.012
-3.705
-0.120
-0.046
-1.206
-0.147
-1.443
-0.216
-1.227
0.194
2.247
0.275
-0.134
-0.195
0.737
-0.225
0.009
-0.230
-1.872
-0.033
0.209
0.350
0.109
-0.027
-0.051
-0.046
0.007
-0.257
-0.057
-1.108
-0.086
-0.115
-1.247
-1.215
-0.126
0.087
-0.121
-0.154
-0.393
-0.117
-0.779
0.026
0.012
-0.579
-0.664
0.480
-0.644
-0.670
-0.170
0.895
-0.041
-0.142
-3.425
-1.611
-0.857
-1.912
-1.125
-0.183
-0.234
-0.858
-1.935
-0.974
-0.211
-0.271
0.076
-0.605
-1.586
-0.181
0.511
-1.021
-0.329
-2.312
-0.006
-0.842
-0.307
-0.128
-0.063
-1.003
-0.251
0.188
0.240
-0.046
-0.295
-0.822
0.177
0.315
-1.127
-1.342
-0.082
-0.026
-0.477
-0.173
-0.700
0.268
0.030
-0.104
-0.046
-0.145
-0.714
-0.737
-1.557
0.370
-0.596
-1.051
-0.419
-0.638
-0.408
0.326
-0.042
-0.046
-1.723
-2.778
0.020
-0.314
-0.047
-0.046
-0.126
-0.046
-0.014
-0.046
-0.501
0.135
-0.693
-0.159
-0.299
0.562
-0.080
-0.039
-0.144
-0.046
-0.046
0.033
1.802
-0.057
-0.046
1.383
-0.090
1.015
-2.306
-0.872
0.121
-0.046
0.248
0.420
-0.046
-0.020
0.211
-0.504
0.161
0.438
0.626
0.542
0.650
-0.270
1.640
0.227
-0.035
-0.240
0.578
-1.690
-0.046
-0.046
-1.979
0.578
0.474
-0.455
0.289
-0.613
0.253
-0.046
-0.025
-0.046
-0.145
-0.050
0.505
-0.082
-1.558
-0.103
-1.518
-0.053
-0.046
-0.289
-0.411
-0.823
-0.087
-0.046
-0.640
-0.038
-0.267
-1.474
-0.046
-1.579
-0.587
-3.262
-1.388
-0.732
-0.132
0.059
-0.383
-0.139
-0.590
-0.225
-1.810
-1.183
-1.480
-0.083
0.033
-0.159
-0.232
-0.064
-0.008
-0.010
-0.046
-0.353
-0.159
-0.465
-0.320
-0.375
-0.180
-0.046
-0.062
-0.046
-0.088
-1.227
-1.234
-0.721
-0.046
0.347
-0.065
0.045
-0.785
-0.046
-0.046
-0.046
-0.046
-0.062
-0.046
-0.509
-0.102
-1.035
-0.336
-0.476
-1.503
-3.646
-0.470
-0.850
-0.012
-0.046
-0.152
-0.046
0.008
-0.203
0.033
-0.046
-0.530
-1.478
-0.428
-0.077
-0.181
-0.321
-0.090
-0.195
0.078
-0.181
-0.677
-0.059
-0.252
-0.300
-0.018
0.003
-1.661
0.080
-1.022
-0.474
-0.643
0.003
-1.021
-0.438
0.080
-0.119
0.211
0.022
-0.046
-0.101
-0.046
0.011
-0.137
0.064
0.446
-0.004
0.116
-0.105
-0.426
-0.136
-0.082
-0.011
0.215
0.275
-0.075
0.106
-0.075
-0.710
-0.280
-0.099
-0.077
-0.073
-0.982
-0.275
-1.358
-1.473
-1.079
-0.293
-0.659
-0.125
-0.895
-0.362
-0.918
-2.328
-0.832
0.011
-3.317
-0.272
-0.037
-0.844
-0.044
0.007
1.401
0.105
0.076
-0.736
0.373
-0.046
-1.659
-1.028
1.455
-0.410
0.768
0.457
0.719
-0.046
-0.016
-0.181
0.121
0.313
-0.513
-0.686
0.207
0.062
0.038
0.941
-0.145
-0.046
-0.744
-0.466
-0.098
-0.034
-0.025
-0.104
0.383
-1.021
-0.014
0.047
-0.275
