-0.301
-0.102
-0.346
-0.183
-0.063
-0.417
-0.078
-0.389
-0.541
-0.151
-0.265
-0.220
-0.225
-0.120
-0.135
-0.076
0.131
0.074
-0.180
-0.226
-0.835
0.820
0.025
-0.132
0.005
-0.157
-0.202
-0.048
-0.576
0.137
-0.269
-0.187
0.046
-0.259
-0.207
-2.446
-2.008
-2.774
-1.126
-1.822
-2.293
-2.718
-0.061
0.633
-0.238
0.081
-0.446
-0.147
-2.485
-1.299
-1.848
-1.946
-2.123
-2.700
-2.699
-1.380
-1.426
0.029
-0.723
-2.358
-1.199
-1.586
-1.308
-1.362
-1.602
-1.854
-1.358
-0.788
-0.071
-0.271
-0.798
0.221
-0.032
-0.150
0.482
-0.259
-0.083
1.052
-2.736
-0.050
0.178
-1.151
-0.570
-0.153
0.442
-0.762
-1.623
-3.083
-1.314
-0.139
0.776
-0.746
-0.129
-0.596
-0.745
-0.026
-0.143
-0.039
-1.683
-0.871
-0.020
0.005
0.068
-0.635
-0.319
0.142
-0.068
0.242
-0.021
0.179
-0.048
-0.083
0.143
-0.006
0.076
0.163
0.003
-0.007
-0.027
0.010
0.028
0.058
0.054
0.196
0.144
-1.368
0.409
0.299
-0.496
-0.240
0.206
0.210
-0.268
0.045
0.958
-0.546
-0.175
-0.274
1.053
0.018
-0.210
1.773
1.432
-0.684
-0.484
-0.033
-0.148
-1.525
-1.287
-1.700
-0.273
-0.430
-0.990
-2.745
-1.594
-2.319
-2.298
-2.621
-3.035
-0.111
-0.931
-2.397
-1.620
-0.074
0.632
0.022
-1.086
-0.978
-0.304
-0.643
-1.104
0.213
-0.103
0.077
-0.577
-1.361
-1.300
-0.235
-1.007
-0.790
-0.166
-1.489
-0.182
-0.561
-0.600
-0.278
-0.303
0.348
0.088
-0.155
-0.181
-0.028
0.969
-0.769
-0.162
0.620
-0.614
-0.822
-0.192
-0.158
-0.141
-0.155
0.506
-0.200
-0.305
-0.358
-1.933
-1.725
-1.428
0.058
-0.102
-0.078
1.552
-0.195
-0.134
-0.032
-0.232
0.017
-1.701
-2.038
-1.411
-2.277
-0.808
-1.525
-0.971
-1.066
-1.824
-1.174
-1.188
-0.875
-0.559
-1.474
-1.138
-1.326
-2.662
0.374
1.368
-0.820
-0.336
-1.024
-0.517
-0.903
-0.314
0.044
-1.952
-0.120
-0.841
-0.307
-1.070
-0.997
0.208
-0.899
-0.324
-0.306
-1.166
-0.912
-0.994
0.045
-0.006
-0.662
-0.865
-0.422
-0.647
-0.861
1.223
-0.288
-0.128
-0.096
-0.001
-1.174
0.046
-0.589
0.186
-0.287
-0.849
-0.026
-0.748
-0.078
-0.566
0.016
0.202
-0.275
-0.793
-0.742
-0.675
-0.026
-0.163
-0.203
-0.147
-1.020
-1.371
-0.085
-0.197
-0.082
-0.047
-0.302
-0.150
0.173
-1.874
-0.282
0.118
-1.426
-1.091
-0.691
-0.237
-0.117
0.149
0.901
0.552
-0.178
-0.165
0.668
-1.354
-0.074
-0.672
-1.473
-0.459
0.337
0.099
0.135
-0.670
-0.203
-0.426
-0.105
-0.812
-0.153
-1.170
-0.217
-0.114
-1.355
-0.898
-0.369
-0.437
-0.551
-0.140
-1.389
-0.435
-0.571
0.037
0.089
-0.708
-0.958
0.416
-0.446
-0.265
-0.061
-0.690
0.110
-0.105
-2.266
-1.754
-1.046
-1.657
-1.566
-0.831
-0.407
-1.402
-1.551
-1.127
-0.409
-0.615
-0.015
-0.868
-1.135
-0.785
-1.038
-0.102
0.066
-2.773
0.219
-1.171
-0.736
-1.406
-0.496
-1.919
-0.713
-0.738
-0.314
-0.254
0.076
-0.162
-0.214
0.626
-0.596
-0.384
-0.769
-0.385
0.165
-0.464
-0.200
0.119
-0.384
-0.237
-0.134
-0.440
-0.566
-0.282
-1.475
-0.188
-1.516
-1.619
-0.824
-0.839
-1.048
-1.560
-1.340
-0.148
-1.689
-2.412
-0.404
-0.189
-0.067
-0.276
-0.431
-0.624
-0.456
-0.251
-0.550
-0.287
-1.116
-0.764
-1.117
-0.304
-1.086
-0.158
-0.996
-0.654
-0.296
-0.060
0.605
-0.149
-0.104
0.312
-0.576
0.237
-1.271
-0.751
0.541
0.098
0.984
0.375
-0.156
0.306
0.393
-0.004
0.203
0.377
0.594
0.811
0.650
0.117
0.325
-0.007
-0.043
-0.551
0.389
-1.233
0.379
-0.006
-1.058
0.705
-0.748
-0.912
-0.097
-0.505
-0.123
-0.463
-0.376
-0.436
-0.999
-0.970
0.091
-0.083
-2.174
-0.223
-1.856
-0.779
-0.212
-0.007
-1.088
-1.781
-0.094
0.024
-0.630
-0.551
-0.435
-1.505
-0.688
-1.016
-0.416
-2.108
-1.178
-0.251
-0.282
-0.469
-1.240
-0.449
-0.422
-0.555
-1.267
-1.024
-1.659
-0.206
-0.135
-0.332
0.003
-0.006
-0.201
0.596
-0.039
-0.236
-0.094
-0.336
-0.203
-0.199
-0.038
-0.417
-0.217
-0.246
-0.181
-1.802
-1.870
-1.146
-0.116
0.071
0.164
-0.526
-1.626
-0.476
-0.486
-0.352
-0.002
-0.018
-1.048
-1.099
-0.285
-1.158
-0.933
-0.853
-1.339
-2.182
-0.929
-0.831
-0.062
0.040
-0.333
-0.883
-0.188
-0.144
0.441
-0.140
-0.756
-0.613
-0.312
-0.453
-0.346
0.105
-0.142
-0.145
-0.005
-0.736
-0.489
-0.050
-0.837
-0.314
-0.213
-0.129
-1.330
-0.097
-2.154
-1.023
-1.071
-0.383
0.380
-1.198
0.408
-0.333
-0.027
-0.056
0.106
-0.346
-0.185
0.333
-0.556
-0.109
-0.272
-0.268
-0.289
-0.985
-1.016
0.213
0.185
-0.485
-0.138
-0.423
-0.471
-0.503
-0.364
-0.388
-0.003
-0.451
-0.694
-0.185
-2.357
-1.136
-0.973
-0.959
-1.136
-0.143
-1.248
-0.480
-0.890
-0.894
-0.908
-1.951
-1.031
-0.224
-0.110
-0.539
0.040
-0.211
-0.536
0.449
-0.124
-0.122
-0.458
-1.010
0.280
-0.502
-0.857
-0.340
0.988
-0.663
0.481
0.282
0.166
-0.762
0.138
-0.500
-0.193
0.247
-1.195
-1.187
-0.076
0.159
0.018
0.658
-0.341
-0.250
-1.299
-1.207
-0.205
0.002
-0.230
0.020
0.402
-0.865
0.089
-0.455
0.357
