0.990
0.044
0.180
-1.121
-0.028
-0.173
-0.136
-0.528
-0.453
0.059
-0.125
-1.481
-0.326
-1.144
-0.028
0.240
0.144
0.077
0.009
-0.091
-1.317
0.866
0.346
-0.104
-0.350
-0.028
-0.237
-0.163
0.135
0.358
0.022
-0.002
-0.028
0.814
-0.051
-4.466
-3.213
-4.983
-0.842
-2.297
-2.962
-3.605
-0.028
-0.382
-0.114
-0.028
-0.028
-0.054
-3.850
-2.405
-1.204
-4.039
-2.062
-3.835
-2.078
-1.584
-2.414
-0.021
-0.402
-2.790
-1.861
-3.036
-2.507
-2.272
-0.831
-2.193
-0.962
-1.381
-0.639
-0.716
-1.510
0.539
-1.839
0.238
-0.812
-1.625
-2.658
0.933
-2.811
0.393
-0.190
-0.859
-0.458
-0.352
0.510
0.648
-0.215
-2.849
0.020
-0.309
-0.668
-0.150
-0.154
-0.947
-0.220
-0.000
-0.028
-0.276
-2.015
-2.143
-0.089
-0.150
-0.818
-0.784
-0.700
0.909
-0.027
-0.244
0.054
1.872
-0.028
-0.178
0.039
0.139
0.081
0.014
-0.122
-0.028
0.033
0.235
-0.167
-0.028
-0.028
0.576
1.489
-1.978
0.368
0.319
0.072
-0.644
-0.034
1.071
0.776
-0.806
0.709
0.120
-0.081
-0.423
2.053
-1.467
-2.189
0.592
1.343
-0.153
-0.028
-0.444
-0.049
-0.028
-0.249
-3.296
-0.534
-0.781
-0.415
-2.767
-1.235
-4.904
-3.454
-3.186
-3.361
0.150
-0.947
-1.962
-1.562
0.063
-0.090
-0.291
-1.708
-0.730
-0.501
-0.586
-1.943
0.914
1.304
1.110
-0.733
-1.726
-1.931
-0.691
-1.616
-1.897
-0.007
-3.281
-0.026
-0.706
-0.561
0.301
0.286
0.183
-0.471
0.501
0.261
0.110
0.044
-4.390
-1.246
-0.468
-0.273
-0.046
-0.471
-0.699
-0.114
0.081
0.114
-0.042
-0.028
-0.095
-3.638
-1.923
-1.817
-1.044
0.842
0.211
1.334
-0.775
-0.745
2.221
-0.030
0.269
-3.805
-2.339
-2.437
-1.101
-0.218
-1.681
-1.658
-1.665
-1.538
-1.416
-1.219
-2.827
-1.366
-3.504
-2.637
-5.194
-3.798
1.373
2.671
-0.556
0.332
-1.778
-0.480
-0.223
-0.194
0.016
-0.838
-0.057
0.051
-1.431
-2.496
-0.203
0.689
0.029
0.059
-0.967
-2.453
-1.801
-1.424
0.560
-0.094
-1.998
-1.738
-1.228
-0.685
-0.376
0.508
-0.510
0.744
0.225
1.373
-0.681
-0.028
-0.920
0.100
0.057
-1.506
-1.668
-3.745
-2.547
-0.243
-0.292
-0.088
-0.799
-3.507
-1.586
-1.081
-0.947
-0.139
-0.547
0.115
-0.323
-0.572
0.609
0.078
-0.604
-0.028
-0.276
-0.524
-1.419
-2.653
-0.294
0.915
-2.193
0.098
-1.402
-0.615
-0.736
-0.028
1.059
1.071
-0.459
-0.210
-0.138
-0.309
0.404
-0.878
-2.261
-3.787
1.505
-0.087
0.573
-0.779
-0.120
-0.160
0.094
-0.659
0.318
-1.291
0.008
-0.854
-2.536
-1.722
-0.245
-0.440
-0.261
-0.014
-0.794
-0.240
-0.895
-0.048
0.006
-0.028
-0.760
0.928
-0.539
-0.884
0.062
-0.123
-0.039
0.365
-4.134
-3.275
-5.937
-3.913
-2.683
0.085
-0.124
-1.304
-2.545
-2.112
-0.881
0.005
-0.028
0.399
-0.280
-0.316
-0.912
-1.550
-0.048
-2.467
-0.028
-0.739
-0.474
-0.664
-0.458
-3.369
-0.924
0.649
0.142
-0.309
-0.420
-0.861
-0.341
0.930
0.008
-0.001
-0.172
-0.063
-1.770
-0.593
-0.278
1.829
-0.236
1.366
-0.731
0.347
-1.691
-0.512
-1.533
-1.003
-1.519
-0.797
-0.629
-0.660
-0.040
-1.088
-0.960
-0.606
-1.768
-5.550
-0.492
2.312
-0.005
-0.338
-0.189
-0.023
-0.005
-0.138
-1.803
0.029
-1.501
-0.391
-1.152
-0.187
-0.109
-0.137
-1.177
-0.204
0.174
0.381
0.588
-0.250
0.522
0.146
-0.473
-0.511
-2.546
0.581
-0.028
-0.028
-0.028
1.217
-0.098
-0.061
0.610
0.616
2.425
2.057
0.874
2.093
-0.024
-0.203
1.032
1.049
0.085
-0.550
-0.028
-0.713
0.198
0.181
-0.763
1.160
0.973
0.503
1.467
-2.627
-0.112
0.189
0.486
0.176
-0.234
0.136
0.181
-0.134
-1.172
0.096
-1.563
-0.474
-0.652
-1.466
-0.215
-0.147
-0.888
-0.038
-0.100
0.345
0.001
-3.088
-0.638
-2.013
-0.382
-2.470
0.951
0.339
-0.182
0.910
-0.865
-0.175
-0.155
-0.022
-3.838
-2.149
-3.139
0.613
-0.540
0.018
0.168
-0.060
-0.641
0.544
-0.019
-1.719
-0.552
-0.201
-0.872
-0.260
-1.543
-0.910
-0.274
-1.165
-1.048
-1.344
-0.425
0.157
0.168
1.904
-0.053
-0.038
0.110
0.032
0.077
0.125
-0.130
0.034
-0.085
-0.625
0.075
-1.258
-0.559
-1.085
-0.163
-1.772
-1.438
-1.351
-0.899
-0.531
-0.234
-0.630
-0.735
-0.104
0.193
-0.212
-0.920
-0.670
-0.795
-1.654
-0.079
-1.287
-0.010
-0.062
0.045
-0.185
-0.532
-0.157
-0.252
-1.348
-0.028
0.148
-0.536
0.019
-2.583
-0.911
-3.754
-0.161
-1.961
-0.817
-0.122
-0.474
0.317
-2.047
-0.662
-0.096
-0.124
0.211
-0.028
0.056
-0.002
-0.009
-0.095
0.118
-1.489
0.766
0.058
-0.026
-0.028
-0.363
-0.348
-1.264
-0.022
-0.364
-0.082
-0.141
-0.139
-0.028
-2.281
-0.545
-0.706
-0.893
-1.761
-0.071
-0.822
-0.566
-1.455
-1.026
-0.743
-1.754
-2.008
0.094
1.346
-1.207
1.001
0.560
0.123
0.607
0.077
-0.154
0.246
-1.932
0.112
-0.282
-2.123
-1.414
0.042
-2.288
2.785
-0.346
1.669
-0.285
0.813
-1.297
0.398
1.597
-0.329
-2.749
0.075
-0.544
0.120
-0.028
-0.293
-0.764
-0.625
-2.427
-0.312
-0.479
0.461
-0.028
-0.028
-1.851
0.179
1.384
-0.088
