-0.945
0.271
0.013
0.385
0.033
0.461
0.172
0.160
0.613
0.359
0.014
0.175
0.050
0.133
0.215
0.045
-0.022
0.373
-0.208
0.339
0.498
-0.343
0.239
0.174
0.247
-1.383
0.518
0.426
0.920
-0.194
0.047
0.160
-0.471
0.011
-0.256
1.580
2.489
2.095
0.260
2.234
1.345
3.886
0.228
-0.540
0.010
0.508
-0.068
-0.007
2.399
1.008
3.910
0.870
1.728
2.380
1.918
0.838
0.938
-0.010
0.645
2.031
1.098
1.999
1.847
1.129
1.025
2.331
1.338
-0.098
-0.287
-0.175
2.699
-0.501
-0.232
0.096
0.445
0.580
0.626
-0.899
2.231
1.828
-0.539
1.025
0.734
0.062
-0.392
-0.180
0.527
1.962
0.094
-0.015
-0.703
-0.608
0.169
0.811
0.011
-0.016
-0.057
0.088
1.359
0.299
-0.189
-0.292
-0.021
0.234
0.367
-0.087
0.086
0.109
0.181
-0.198
-0.014
-0.080
-0.368
-0.089
-0.244
-0.033
-0.006
-0.113
-0.036
-0.193
0.123
0.089
-0.308
0.028
-0.539
1.545
-0.057
-0.581
0.709
0.127
0.100
0.011
-0.211
-0.319
-1.024
0.094
-1.029
1.396
-1.764
0.164
0.063
-3.190
-1.998
0.191
-0.045
0.040
-0.417
0.350
0.623
2.027
1.492
0.242
0.667
1.646
1.585
2.704
1.493
3.759
1.924
-0.585
0.393
2.888
0.706
0.476
-0.271
0.047
0.510
0.226
0.225
0.220
0.992
-0.317
-0.136
-0.761
0.124
0.074
0.269
0.517
2.321
0.442
-0.107
3.085
-0.352
0.623
0.059
0.016
0.011
0.013
-1.038
-0.056
0.038
0.696
0.049
2.001
0.663
0.008
0.163
0.315
0.020
0.114
0.335
-0.185
0.221
-0.101
0.109
0.045
2.485
0.972
1.047
0.203
-0.264
0.223
-0.572
0.006
-0.208
-1.618
-0.996
-0.075
3.035
2.098
0.216
1.682
0.447
1.812
0.665
0.102
0.795
1.019
1.236
0.962
-0.021
1.620
1.178
2.061
3.452
-0.342
-1.155
0.098
-0.015
0.228
-0.055
1.029
0.100
-0.237
2.861
0.099
0.450
0.051
0.761
1.689
0.058
1.679
-0.129
-0.039
1.887
0.402
0.608
0.236
0.625
3.576
1.345
0.095
0.484
0.052
-0.946
-0.275
-0.008
0.072
-0.001
0.243
0.164
0.077
-0.024
-0.016
-0.056
-0.149
0.668
0.221
-0.005
0.190
-0.287
0.993
0.888
0.380
0.077
-0.233
0.001
-0.049
-0.098
-0.355
0.650
-0.159
0.006
-0.009
-0.085
-0.543
0.511
-0.434
1.607
-1.060
-0.276
1.340
-0.128
1.328
0.398
-0.157
-0.812
-0.875
0.011
-0.331
-0.042
-1.205
0.230
-0.383
0.717
2.638
0.091
0.076
1.225
-0.028
0.406
0.267
-0.070
-0.026
0.673
-0.003
0.011
-0.002
0.114
0.315
0.515
0.158
0.403
1.164
0.645
1.320
0.513
0.367
-0.017
0.220
0.643
0.415
-0.780
0.438
0.117
0.115
-0.010
-0.245
-0.172
2.155
1.815
0.418
0.789
1.149
0.514
0.800
2.795
0.628
0.805
0.227
-0.143
-0.111
0.283
0.177
0.866
0.274
0.160
0.298
1.570
-0.107
1.044
1.275
1.425
0.188
0.709
-0.445
0.036
0.379
0.021
-1.107
-0.317
-0.351
-0.530
0.183
0.208
0.080
0.079
-0.017
1.005
-0.079
0.672
0.039
-0.092
0.458
0.402
1.335
-0.211
0.061
-0.760
0.175
0.194
0.122
0.059
0.218
0.418
0.301
0.392
3.057
1.137
-0.110
1.780
0.044
-0.143
1.129
0.433
-0.329
0.140
1.348
-0.302
0.536
0.597
0.164
-0.092
-0.058
0.250
0.162
0.062
0.033
0.083
-0.656
-0.054
0.001
-0.605
0.289
-0.176
1.517
0.958
1.253
-0.372
-1.855
-0.595
0.047
-0.161
0.150
-0.196
-1.470
-1.716
-0.528
-0.831
-0.874
-0.336
-0.475
-0.842
-0.601
0.456
-0.358
0.387
-1.410
-0.498
0.501
-0.767
0.078
1.119
0.129
1.253
0.001
0.047
0.152
-0.205
0.616
0.410
-0.044
0.169
1.741
0.284
1.234
0.555
0.256
0.272
1.195
1.198
0.429
-0.181
0.416
-0.133
-0.150
2.086
0.518
1.141
0.286
2.458
0.984
0.050
0.221
-0.085
1.467
-0.041
0.209
1.155
1.487
0.556
0.521
-0.016
-0.140
0.084
0.001
0.071
0.272
0.095
0.390
0.440
0.007
0.001
0.003
1.642
0.023
0.609
-0.618
0.454
0.643
0.701
0.485
0.328
0.036
-0.122
-0.545
0.036
0.535
0.305
-0.451
-0.362
-0.144
-0.014
1.040
0.903
-0.063
0.484
0.157
0.430
1.702
4.738
0.101
0.430
0.261
-0.017
0.389
0.017
0.109
0.083
-0.972
0.691
0.152
0.168
0.200
0.551
0.292
0.161
-0.039
-0.092
0.203
0.323
0.219
0.050
0.012
0.228
0.198
-0.149
0.314
-0.090
2.247
0.071
0.364
-0.002
0.257
0.331
0.212
0.407
0.043
0.011
-0.049
-0.086
-0.413
-0.131
-0.025
0.004
-0.019
0.315
-0.145
-0.047
-0.463
0.199
-0.177
0.141
-0.138
-0.009
0.784
-0.864
-0.021
0.363
-0.116
-0.017
0.198
0.101
1.280
0.163
-0.030
0.419
1.138
-0.276
1.353
-0.022
0.359
0.520
0.335
1.542
1.095
-0.017
0.352
0.950
-0.872
-0.258
0.297
-1.316
-0.347
0.222
-0.153
0.493
0.011
0.160
0.091
0.074
-1.017
-0.016
-0.829
-0.718
-0.615
0.329
-0.187
0.410
-0.060
-1.437
0.852
0.819
0.232
0.165
-0.107
-1.001
0.823
-0.298
0.115
0.641
0.016
0.182
0.240
0.061
-0.070
1.591
0.088
0.474
0.190
