-0.317
-0.096
-0.008
0.055
-0.133
-0.072
-0.203
-0.342
-0.845
-0.269
-0.096
-0.504
-0.090
-0.189
-0.096
-0.096
0.043
-0.096
0.067
-0.103
-0.521
1.084
-0.124
-0.356
-0.129
0.155
-0.035
-0.049
-0.429
-0.097
-0.106
-0.119
-0.077
-0.082
-0.012
-3.082
-1.254
-3.277
-0.815
-2.070
-3.153
-3.303
-0.173
-0.096
-0.585
-0.104
-0.870
-0.341
-2.863
-1.482
-2.083
-2.264
-2.541
-4.282
-2.432
-1.186
-1.914
-0.085
-0.296
-3.751
-0.772
-1.465
-1.172
-1.643
-1.369
-1.539
-1.217
-0.547
-0.792
-1.396
-1.162
0.312
0.379
-0.534
0.070
0.458
1.008
0.341
-2.863
0.203
-0.096
-0.799
-0.279
-0.469
0.385
-0.027
-1.651
-2.682
-0.861
0.357
-0.007
-0.376
0.032
-0.380
-0.321
-0.064
-0.047
-0.064
-1.354
-0.419
-0.185
0.179
-0.328
-0.901
-0.736
0.142
-0.160
2.145
-0.049
-0.040
-0.139
-0.116
0.008
-0.053
-0.016
0.004
-0.157
-0.083
-0.044
-0.066
0.013
0.019
-0.031
-0.055
-0.003
-0.708
0.765
0.594
0.152
-0.547
-0.018
-0.093
-1.933
-0.102
0.956
-1.186
0.160
-1.377
-0.068
-1.828
-0.795
-0.096
1.246
-0.096
-0.425
0.943
-0.258
-0.656
-0.554
-2.306
0.076
0.297
-0.738
-2.820
-1.644
-3.280
-2.383
-3.448
-4.012
-0.912
-1.826
-2.617
-2.296
0.087
0.291
-0.090
-1.248
-0.862
-0.457
-0.137
-0.622
-0.079
-0.528
0.447
-1.153
-2.105
-2.575
-1.330
-1.838
-0.569
0.217
-1.873
0.192
-0.904
-0.452
-1.153
-0.213
0.702
-0.219
1.135
-0.093
0.456
0.379
0.157
0.309
0.725
-0.312
-0.441
-0.503
-0.264
-0.651
-0.155
2.978
-0.283
-0.176
-0.106
-2.620
-2.260
-1.146
-0.110
-0.019
-0.130
1.289
-0.971
-0.302
1.678
-1.156
0.104
-2.193
-3.332
-1.649
-3.108
-0.361
-1.263
-0.591
-0.581
-1.063
-1.314
-1.643
-0.910
-0.924
-1.646
-1.534
-1.167
-3.451
2.226
1.738
-0.644
-0.080
-1.038
-0.749
-1.859
0.253
0.041
-2.618
-0.150
-1.412
-0.385
-0.756
-0.976
0.517
-1.398
-0.297
0.040
-1.625
-0.259
-1.244
0.490
-0.738
-1.023
-0.595
-0.112
-0.036
-0.628
1.622
-0.853
0.004
0.157
-0.118
-1.129
-0.103
-0.264
-0.122
0.086
-0.835
-0.440
-0.082
-0.096
-1.124
0.443
0.141
-1.159
0.016
-0.241
-1.801
-0.481
-1.041
0.032
0.056
-0.193
-0.569
-0.073
0.245
0.082
0.042
-0.172
-0.136
0.847
-2.703
0.314
0.310
-1.827
-0.237
-1.284
0.630
-0.891
0.862
0.914
1.383
0.624
-0.149
0.754
-0.795
0.683
-0.756
-2.201
-0.083
0.762
-0.280
0.164
-0.583
-0.050
-0.122
0.103
-0.790
-0.035
-0.327
-0.096
0.001
-1.069
-0.842
-0.006
0.087
-0.711
-0.122
-0.829
-0.477
-0.744
-0.321
-0.188
-1.231
-1.935
0.124
-0.994
-1.337
-0.099
-0.234
0.248
-0.224
-2.710
-1.456
-0.782
-1.515
-1.749
-0.387
-0.283
-1.779
-1.902
-1.200
-0.865
-0.520
-0.096
-0.432
-0.258
-0.152
0.209
-0.941
-0.183
-3.730
0.177
-0.985
-0.762
-1.476
-0.916
-1.546
-0.096
-0.203
-0.159
-0.040
-0.302
-0.028
0.281
0.467
-0.270
-0.439
-0.138
0.733
-0.113
-0.423
-0.870
0.451
-0.345
0.086
-0.210
-0.099
-1.944
-0.492
-1.509
0.762
-1.223
-1.473
0.785
-0.092
-0.432
-0.096
-0.163
0.008
-2.164
-2.853
-0.240
-1.369
-0.186
-0.504
-0.029
-0.284
0.119
-0.523
-0.323
-0.100
-1.707
-0.359
-0.845
0.236
-0.865
-0.031
-0.284
-0.149
-0.044
0.056
0.960
-0.362
-0.122
-0.001
-1.085
0.043
-0.963
-0.839
0.661
0.018
1.012
0.863
0.154
0.107
0.273
0.076
0.421
0.601
1.555
0.493
1.438
-0.222
0.497
-0.001
0.069
-0.206
0.188
-1.487
0.605
0.412
-1.224
0.229
1.168
-0.448
0.475
-0.046
-0.061
-1.023
-0.230
-0.272
-0.687
-1.176
0.183
-0.345
-2.011
-0.139
-1.328
-0.680
-0.572
-0.608
-0.590
-1.219
-0.165
0.183
-0.109
-0.318
-0.018
-1.702
-0.537
-1.509
-0.243
-2.394
-0.451
-0.163
-0.096
-0.459
-0.544
-0.658
-0.173
-0.183
-1.219
-1.022
-1.616
-0.289
-0.176
0.114
0.045
-0.096
-0.010
0.599
-0.154
-0.617
-0.106
-0.312
-0.944
-0.628
-0.182
-0.587
-0.066
-0.341
-0.869
-0.674
-0.615
-1.011
-0.182
0.649
-0.096
-0.350
-0.692
-0.286
-0.301
-0.129
-0.099
-0.281
-0.216
-1.494
-0.339
-1.443
-0.416
-0.573
-1.412
-2.235
-0.985
-0.534
0.061
-0.318
-0.274
-0.202
0.653
-0.252
0.059
-0.158
-1.397
-1.006
-1.140
-0.897
-0.546
0.603
-0.130
0.178
-0.004
-0.441
-0.152
-0.267
-0.670
-0.063
0.136
0.123
-0.772
0.247
-1.423
-0.778
-0.240
-0.106
-0.703
-1.329
0.933
-0.096
0.342
-0.462
-0.059
0.041
-0.096
0.086
-0.429
-0.096
-0.053
-0.200
-0.025
-1.356
-2.577
0.446
-0.061
-0.114
-0.181
-0.188
-0.503
-1.695
-0.352
-0.299
-0.189
-0.126
-0.494
-0.096
-2.280
-0.345
-0.846
-1.500
-0.878
-0.084
-0.777
-0.218
-0.684
-1.278
-0.608
-2.522
-0.728
-0.346
-0.636
-0.780
0.092
-0.504
-0.382
0.084
0.343
0.120
-0.096
-0.379
0.022
0.519
-2.157
-0.764
-0.077
-0.775
0.570
0.013
0.005
-0.276
0.106
-0.557
-0.111
1.070
-0.442
-1.084
0.041
0.346
0.322
0.036
-0.931
-0.091
-1.673
-1.270
-0.263
-0.040
0.015
-0.015
1.238
-0.940
0.288
0.877
0.167
