-0.151
0.051
-0.417
0.093
-0.542
-0.726
-0.237
-0.124
-1.387
-0.211
-0.432
0.203
-0.049
-0.158
-0.149
0.060
0.398
0.300
-0.244
0.172
-0.073
0.742
1.985
0.060
-0.270
-0.288
-0.126
-0.423
-0.609
0.034
-0.302
-0.076
-0.170
-0.623
-0.213
-2.643
-1.497
-2.569
-0.606
-1.908
-2.252
-3.452
0.041
-0.071
-0.123
0.106
0.060
-0.342
-1.719
-1.718
-2.246
-1.432
-2.128
-2.675
-2.310
-1.689
-1.217
-0.221
-1.000
-3.642
-0.493
-0.897
-1.260
-1.690
-1.300
-3.086
-1.348
-0.937
0.001
0.142
-0.581
0.036
-0.018
-0.440
-1.932
-2.523
-1.152
0.998
-3.082
0.090
0.481
-1.079
-0.740
-0.586
0.157
-0.754
-1.453
-2.303
-0.673
0.197
0.450
-0.332
-0.150
-0.908
-0.515
-0.066
0.060
0.078
-1.731
-1.250
-0.724
-0.136
-0.385
-0.679
-0.408
0.419
0.055
0.060
0.060
-0.287
0.024
0.060
0.118
0.060
0.165
0.114
0.056
0.451
0.060
0.074
0.055
0.060
0.060
0.193
0.109
-1.254
-0.151
2.030
0.507
-0.160
0.079
-0.101
-0.143
-0.182
0.252
-1.462
-0.721
-0.184
-0.114
-0.174
-0.291
1.288
1.340
-0.138
-0.319
-0.337
-0.364
-0.362
-1.105
-1.725
-0.700
0.070
-0.730
-2.559
-2.261
-2.661
-2.781
-0.812
-2.299
-0.155
-1.403
-2.429
-0.990
-0.513
0.082
0.050
-0.723
-0.458
-0.286
-0.512
-1.268
0.170
0.035
0.159
-1.112
-1.580
-1.959
-0.818
-1.024
-1.295
0.037
-2.205
0.078
-0.843
-0.875
-0.114
-0.191
0.104
-0.619
0.022
0.069
-0.699
0.068
-2.747
-3.063
-0.088
-0.664
-0.508
0.014
-0.354
-0.310
-0.364
0.022
0.051
-0.620
-0.297
-3.799
-1.817
-1.854
-0.749
-0.403
-0.374
1.713
-0.242
-0.579
2.893
1.072
0.327
-2.696
-1.964
-1.386
-2.935
0.247
-1.657
-1.423
-1.431
-0.860
-0.386
-1.263
-0.517
-0.633
-2.219
-1.609
-1.361
-2.283
0.036
1.015
-0.535
-0.464
-0.415
0.054
-0.856
-0.563
-0.011
-3.037
0.219
-0.425
-0.345
-0.670
-1.549
0.810
-1.287
-0.305
0.064
-1.500
-0.760
-2.033
-0.087
-0.488
-1.101
-0.530
-0.535
-0.884
-1.104
1.228
0.543
0.260
-0.008
-0.011
-0.345
0.371
-1.005
0.060
0.303
-0.012
-0.114
-1.026
0.046
-0.767
1.076
0.063
-0.621
-1.238
-1.576
-1.100
0.047
-0.169
0.060
0.849
-0.141
-0.562
0.406
0.060
0.182
0.060
-0.109
-0.279
-0.180
-2.812
-0.188
-0.576
-0.125
-0.272
-0.582
-0.033
-1.150
0.165
0.735
0.340
-0.007
-0.568
0.173
-0.569
0.254
-1.080
-1.100
0.010
-0.499
-0.149
-0.125
0.170
-0.347
-0.136
-0.240
-0.220
-0.123
-0.563
-0.166
0.065
-2.287
-0.765
-0.531
0.045
-0.743
-0.406
-1.105
-0.389
-0.234
0.060
0.333
-0.759
-1.930
1.076
-0.454
-0.518
0.197
-0.533
0.312
0.060
-2.863
-1.601
-1.013
-1.197
-1.003
-0.435
-0.402
-1.700
-2.154
-1.142
-0.295
-0.557
0.060
-1.237
-0.280
0.020
-0.218
0.553
-0.246
-2.825
0.654
-1.016
-1.430
-0.537
-0.122
-0.515
0.135
-0.526
-0.090
0.069
-0.171
-0.936
2.006
1.234
-0.412
0.197
-0.366
0.173
-0.459
-0.647
-0.293
0.080
0.351
0.003
0.042
-0.371
-0.652
-0.256
-1.477
-0.417
-3.797
-1.654
-1.835
-1.520
-1.168
-0.643
-0.402
-0.595
-3.031
-1.772
0.067
-0.216
-0.121
-0.551
0.552
-0.489
0.192
-0.335
-0.994
-0.152
-1.688
-0.773
-0.722
-0.180
-0.298
-0.329
0.694
0.338
-0.011
0.601
1.158
0.034
-0.019
-0.473
-0.548
-0.073
-2.218
-1.430
-0.355
0.061
1.014
0.797
0.379
0.259
0.290
0.057
0.824
0.717
0.605
1.367
0.398
-0.158
0.434
0.410
0.107
-0.692
0.380
-1.983
0.770
0.391
-1.494
-0.108
-0.598
-3.610
-0.509
-1.521
-0.055
-0.469
-0.202
-0.202
-0.393
-0.548
-0.018
-0.348
-1.394
-0.499
-2.825
-0.930
-1.932
-0.626
-0.588
-2.268
0.128
0.427
-0.000
0.014
-0.571
-1.394
-0.729
-1.312
-0.772
-2.003
-1.203
-0.559
-0.452
-0.172
-1.157
-0.368
-0.435
-0.739
-2.251
-1.014
-1.309
0.060
0.060
-0.084
-0.329
-0.172
0.068
0.715
0.125
-0.160
0.060
-0.422
-0.228
0.078
0.093
-0.185
-0.659
-0.772
-0.604
-1.745
-2.415
0.167
-0.425
0.358
0.282
-0.280
-0.008
0.060
0.308
0.061
0.012
-0.425
-0.426
-0.984
-0.527
-0.966
-0.984
-1.105
-0.813
-2.991
-0.837
-1.024
0.488
-0.248
-0.016
-1.158
0.993
0.060
1.061
-0.226
-0.827
-1.118
-0.519
-0.413
-0.446
-0.243
-0.453
0.074
0.004
-0.628
-0.422
-0.234
-0.443
-0.857
-0.487
0.646
-1.062
0.380
-2.683
-1.463
-0.114
-0.556
-1.811
-2.359
0.028
-0.310
0.060
0.071
0.708
-0.078
0.347
0.366
-0.271
0.469
0.346
-0.078
0.256
-1.728
-0.577
-0.334
-0.428
0.019
-0.216
-0.364
0.550
-0.098
-0.232
-0.107
-0.103
-1.048
-0.884
-0.433
-1.140
-1.137
0.115
-0.546
-0.595
0.001
-1.204
-0.966
-1.523
-0.944
-0.949
-3.525
-1.033
0.047
1.452
-0.918
0.265
0.059
-0.488
0.463
-0.209
-1.909
0.284
-0.263
0.003
-1.108
-0.782
-0.590
0.438
-0.276
0.456
0.296
0.647
-0.068
-0.175
-0.659
0.480
0.464
-0.773
-0.522
0.060
0.211
0.465
1.995
-0.973
-0.453
-0.935
-1.234
-0.546
-0.149
0.173
0.070
1.215
-1.098
-0.111
0.065
-0.571
