0.081
-0.260
-0.190
-0.263
-0.198
-0.137
-0.178
-0.071
-0.330
-0.224
-0.500
-0.855
-0.112
-0.038
0.081
0.289
0.328
0.272
0.085
-0.073
-0.520
2.337
0.557
-0.106
0.039
0.056
-0.352
-0.226
-0.247
0.078
-0.205
-0.393
0.081
-0.324
0.099
-2.996
-2.281
-2.611
-0.860
-1.350
-1.835
-3.980
0.114
0.330
0.137
-0.136
-0.051
0.106
-1.262
-1.656
-1.597
-2.325
-1.837
-3.912
-2.273
-1.394
-1.018
0.081
-0.726
-3.257
-1.417
-1.723
-1.809
-2.193
-1.361
-3.173
-2.176
-0.336
-0.398
0.586
-0.601
-0.035
-0.157
-0.271
0.119
0.426
0.393
1.410
-4.399
-0.059
0.922
0.047
-0.133
-0.445
0.466
0.350
-0.735
-2.882
-0.355
-0.282
0.081
-0.340
-0.127
-0.452
-0.182
0.091
-0.082
-0.013
-1.679
-0.134
0.068
0.030
-0.095
-0.230
-0.218
0.212
-0.216
-0.220
-0.215
-0.174
-0.311
-0.189
0.088
-0.206
-0.119
-0.150
-0.173
0.305
-0.212
-0.142
-0.265
-0.229
-0.220
0.122
-0.139
-2.433
0.338
0.784
0.535
-0.274
-0.048
0.420
-1.423
0.193
0.544
-0.555
-0.306
-0.983
1.452
-0.263
-0.806
0.243
1.601
-0.158
0.226
0.240
-0.448
-1.035
0.081
-0.987
-1.242
-0.251
-0.980
-2.225
-1.986
-3.004
-1.734
-2.166
-1.435
0.508
-0.475
-2.743
-1.022
0.081
0.001
-0.169
-1.785
-0.785
-0.234
-0.492
-0.528
-0.193
-0.082
0.197
-0.581
-1.677
-0.867
-0.474
-0.757
-0.420
-0.144
-1.411
0.260
-0.393
-0.505
-0.471
-0.292
0.855
-0.907
0.212
-0.197
0.081
0.208
0.081
0.081
1.049
-0.522
-1.211
0.346
-0.201
-0.220
-0.173
0.560
-0.414
-0.406
-0.330
-3.561
-4.458
-1.174
0.014
0.057
0.081
1.987
-0.042
-0.490
2.556
1.783
0.365
-2.810
-1.724
-0.837
-2.035
-0.727
-1.562
-1.225
-0.403
-0.886
-0.692
-1.209
-0.452
-0.459
-1.627
-1.421
-1.173
-3.796
0.174
0.648
-1.186
-0.131
-0.501
-0.170
-0.451
-0.667
-0.205
-2.463
0.156
-0.133
-0.245
-1.318
-1.741
0.081
-0.582
-0.535
0.197
-1.113
-0.621
-2.264
0.054
0.188
-0.619
0.160
-0.548
-0.944
-0.509
1.132
0.366
0.645
0.865
0.159
-0.262
0.153
-1.379
-0.045
0.428
-0.662
0.081
0.814
0.018
-0.252
0.094
0.452
-0.666
-1.359
-0.722
-0.958
0.011
-0.080
-0.199
0.187
0.323
-2.579
0.603
-0.130
0.568
0.102
0.410
-0.158
-0.740
-3.273
0.078
-1.004
-0.913
0.128
-0.622
-0.260
-0.175
1.387
2.087
2.364
-0.184
2.014
2.680
-0.621
0.142
-0.449
-4.218
-0.003
0.318
0.064
-0.010
-0.391
0.015
-0.126
-0.374
-0.873
0.067
-0.671
-0.019
-0.294
-1.599
-2.037
-0.076
-0.251
-0.526
-0.163
-0.884
-0.308
-0.160
-0.015
0.109
-0.579
-1.422
0.326
-0.496
-0.968
0.214
-0.208
0.143
0.122
-4.023
-1.131
-1.214
-2.253
-1.386
-0.792
-0.376
-0.900
-1.699
-0.964
-0.617
-1.415
-0.218
-0.715
-0.704
-1.121
-0.837
-1.430
0.081
-2.023
0.328
-1.482
0.081
-1.432
-0.850
-2.045
0.091
0.516
0.387
0.241
0.113
1.934
1.730
1.999
0.055
0.010
-0.409
-0.150
0.142
-0.429
1.297
0.305
0.183
-0.034
-0.178
0.371
-0.538
0.091
-1.521
0.010
-1.940
-1.078
0.157
-0.555
-0.538
0.081
0.046
0.081
-1.885
-2.866
0.042
-0.872
-0.315
-0.346
0.146
-0.212
-0.133
-0.293
-0.429
-0.027
-1.094
-0.234
-0.621
0.101
0.101
-0.745
-0.721
-0.146
-0.010
-0.061
1.550
-0.393
0.462
0.493
-0.305
0.694
-1.628
-1.461
0.147
0.178
0.814
0.477
0.258
0.560
1.138
-0.380
0.928
0.400
1.390
1.146
0.575
0.492
0.412
0.501
0.051
0.081
0.309
-1.680
0.618
0.394
-2.046
0.895
0.299
-2.533
0.118
-1.995
-0.788
-0.008
-0.174
0.044
-0.386
-1.191
0.438
-0.256
-1.767
0.248
-2.358
-1.020
0.081
0.075
-0.812
-2.474
-0.131
0.120
-0.118
0.081
0.081
-1.571
-0.218
-1.877
-0.668
-3.171
-1.317
-0.184
-0.183
-0.227
-0.692
-0.425
-0.398
-0.601
-1.745
-0.933
-1.549
-0.264
-0.278
0.045
0.161
-0.185
-0.284
0.696
0.057
-0.384
-0.330
-0.245
-0.495
-0.168
-0.277
-0.448
-0.281
-0.309
-0.584
-1.496
-1.598
-1.158
-0.112
0.648
0.218
-0.347
-0.579
-0.369
-0.595
-0.361
-0.525
0.075
-0.678
-1.177
-0.116
-0.665
-0.825
-0.769
-1.267
-2.358
-1.188
-1.105
0.209
-0.521
-0.104
-0.645
-0.435
-0.188
0.369
-0.321
-0.701
-0.579
-0.458
-0.549
-0.218
0.141
-0.484
-0.267
0.268
-0.409
-0.142
-0.257
-0.263
-0.496
-0.366
0.089
-0.738
-0.157
-2.996
-1.355
0.057
-0.346
0.247
-0.444
0.081
-1.362
-0.218
-0.242
0.245
-0.261
0.109
0.611
0.223
0.554
0.529
0.173
0.321
-0.216
-1.364
-0.837
-0.140
-0.295
-0.125
0.081
-0.667
-0.560
-0.487
-0.155
-0.189
-0.343
-0.172
-0.243
-1.724
-0.652
-0.543
-1.027
-0.798
0.140
-1.158
-0.648
-0.775
-0.716
-0.400
-3.446
-0.577
-0.227
0.291
-0.336
-0.233
-0.443
-0.437
1.115
0.388
-1.210
-0.198
-1.387
0.291
0.240
-1.232
-0.589
0.552
0.035
0.839
1.078
0.267
0.043
0.869
-0.861
3.536
0.640
-0.215
-0.666
0.135
0.458
0.452
1.123
-1.234
-0.395
-0.505
-0.861
-0.291
0.102
0.321
0.989
1.792
-2.260
0.308
-1.030
0.362
