0.441
-0.069
-0.008
-0.475
-0.115
-0.065
-0.294
-0.066
-0.169
-0.071
-0.066
-0.066
-0.337
-0.270
-0.155
-0.007
0.331
0.275
0.317
-0.193
-1.321
1.411
-1.183
-0.328
0.024
-0.085
-0.409
-0.470
-0.004
0.090
-0.151
-0.202
-0.081
0.022
-0.342
-2.439
-2.414
-2.609
-1.229
-1.523
-1.671
-2.008
0.036
-0.066
-0.094
-0.366
-0.314
-0.826
-1.998
-2.097
-2.366
-1.441
-2.753
-3.191
-0.672
-0.674
-1.189
-0.685
-0.354
-3.856
-0.309
-0.288
-2.418
-2.686
-2.005
-1.139
-1.725
-0.880
0.038
-0.290
-1.236
1.038
-0.189
0.112
-0.631
-0.188
-0.066
0.127
-3.295
-0.085
1.643
-1.269
-0.378
-0.127
0.901
0.511
-0.529
-0.521
0.092
0.805
0.780
-0.798
-0.133
-0.385
-0.298
0.381
-0.093
-0.087
-1.715
-1.553
0.018
-0.629
-0.219
-0.570
-0.009
0.731
-0.129
-0.046
-0.084
0.586
-0.210
-0.028
0.099
-0.064
0.021
0.082
-0.061
-0.032
-0.074
-0.094
-0.058
-0.057
-0.031
-0.141
0.158
-1.350
-0.438
0.801
0.871
-0.145
-0.031
1.577
-0.767
-0.779
0.651
1.011
-0.147
-0.740
0.575
0.235
-0.280
1.464
0.945
-0.053
-0.166
-0.834
-0.252
0.150
-0.372
-1.710
0.004
0.131
-0.131
-0.353
-1.083
-3.444
-2.848
-2.243
-0.828
0.986
0.026
-1.691
-0.793
0.617
-0.056
-0.495
-1.576
-0.976
-0.063
-0.735
-0.278
-0.022
-0.772
0.105
-1.041
-2.786
-1.920
-0.347
-1.297
-0.988
-0.014
-3.415
-0.129
0.286
-0.788
-0.623
-0.587
0.035
0.110
-0.658
-0.088
-0.129
1.874
-1.642
-0.804
0.619
-0.148
-0.065
-0.267
-0.117
-2.744
-0.066
0.230
-0.389
-0.118
0.042
-2.339
-3.177
-1.576
0.047
2.127
0.145
1.283
-0.214
-0.058
2.749
-0.564
-0.005
-2.814
-2.249
-1.696
-1.287
-0.305
-0.499
-1.377
-0.320
-1.033
-0.749
-1.205
-1.034
-0.846
-1.697
-1.762
-3.239
-3.984
-0.048
0.545
-0.405
-0.994
-1.219
-0.794
-0.479
-0.151
-0.158
-1.656
-0.281
-0.002
0.264
-1.104
-0.957
-0.560
-1.075
-0.348
-0.176
-0.104
0.090
-0.865
0.185
-0.163
-1.230
-1.772
0.138
-0.964
-0.241
2.316
-0.084
0.129
0.167
0.053
-1.124
-0.070
-0.757
0.002
-0.091
-1.721
-0.177
-3.546
0.077
-0.085
-0.454
0.349
0.084
-0.467
-1.563
-0.327
-0.180
0.163
-0.066
-0.033
0.002
-1.019
-0.066
-0.054
-0.007
0.051
-0.177
-2.189
-0.621
-1.509
-0.091
0.371
-2.444
0.741
-1.138
0.658
1.865
0.133
0.461
0.749
-0.593
-0.758
1.392
-0.256
0.564
0.124
-0.608
-1.413
0.961
0.140
0.111
-0.030
-0.094
0.461
0.208
-0.413
0.279
-0.501
-0.085
-0.113
-1.676
-0.862
-0.066
-0.163
-1.335
-0.475
-0.409
-0.211
-0.592
-0.317
-0.505
0.123
-0.720
0.620
-0.493
-0.057
0.009
-0.216
-0.013
0.039
-2.905
-1.722
-1.898
-1.183
-1.650
-0.173
-0.109
-0.617
-1.572
-0.802
-0.111
0.305
-0.098
-0.394
-1.066
-0.009
-2.012
-1.520
-0.441
-3.979
-0.047
-0.557
-0.755
-1.467
-0.203
-0.977
1.706
0.148
0.572
-0.185
-1.079
-0.314
0.087
0.926
0.131
0.125
-1.563
-0.673
-1.291
-0.365
0.028
0.568
0.267
1.483
0.266
0.347
0.356
-0.211
-0.725
-0.631
0.126
-2.900
-1.687
-0.873
-0.797
-0.852
0.187
-0.146
-1.470
-3.365
-0.205
-0.103
-0.066
-0.116
-0.829
0.331
0.052
-0.165
-0.272
0.182
-0.773
-0.112
-0.232
-0.112
-0.018
0.545
-0.759
-0.100
0.024
-0.227
-0.066
-0.115
0.082
-0.061
-0.232
-0.684
-0.775
-0.816
0.223
-0.052
0.440
1.348
-0.031
-0.080
0.527
0.581
1.078
0.644
0.618
2.952
1.237
0.091
1.711
0.731
0.215
-0.769
-0.252
0.453
-0.018
0.049
-0.386
1.395
0.419
-0.584
-0.003
-2.521
0.047
-0.204
-0.591
-0.276
-0.150
-0.323
-0.526
-0.073
-2.416
-0.357
-0.971
-0.377
-2.616
-0.545
-0.010
-0.898
-0.205
0.255
-0.074
0.269
-0.073
-2.193
-0.406
-2.675
-1.121
-1.732
-0.356
-0.250
-0.872
-0.065
-0.485
-0.131
-0.519
0.066
-1.528
-0.524
-1.823
-0.509
-0.153
-0.064
0.030
-0.157
-0.059
0.310
0.015
-0.392
-0.071
-0.316
-0.063
-0.313
-0.169
-0.208
0.063
0.146
-0.169
-0.881
-1.687
-0.087
0.268
0.567
0.044
-0.268
-0.363
-0.019
1.386
-0.470
-0.223
-0.156
-0.587
-0.460
-0.458
-0.573
-0.145
-1.428
0.026
-3.047
-0.780
-0.606
-0.020
0.030
-0.034
-0.029
-0.078
-0.179
-0.118
-0.112
-0.211
-0.165
-0.241
-0.020
-0.590
0.109
-0.232
0.029
-0.470
-0.266
0.076
-0.051
-0.976
-0.805
0.016
0.128
-1.213
0.771
-2.328
-1.299
-0.718
0.381
0.555
-0.962
1.743
1.360
-0.406
-0.074
0.092
-0.686
-0.021
0.240
-0.371
-0.109
-0.091
-0.066
-0.154
0.651
-0.228
0.783
-0.093
0.411
0.109
0.055
0.139
-0.014
0.254
-0.040
-0.012
-0.063
-0.518
-0.040
-1.935
-0.649
-0.126
-1.103
-1.450
-0.628
-0.781
-0.384
-2.136
-1.173
0.268
-0.958
-0.823
0.358
-0.702
-0.833
0.482
1.111
-0.172
0.791
-0.039
0.139
0.532
-1.587
0.533
-1.423
-0.087
0.248
0.220
-0.398
0.136
1.287
0.632
0.534
-0.402
-1.280
-0.007
0.845
-0.418
-0.304
-0.039
-0.108
0.058
-0.066
0.053
-0.098
0.007
-0.220
-1.581
-0.845
-0.019
-0.130
-0.214
-1.617
-0.039
0.678
-0.066
