-0.122
0.039
0.142
-0.025
-0.010
-0.136
-0.512
-0.190
-0.691
-0.365
-0.764
-0.622
-0.254
-0.262
-0.006
-0.010
0.343
0.314
0.334
0.343
-1.290
0.743
1.176
-0.140
-0.022
-0.188
-0.086
-0.708
-0.640
-0.022
0.058
-0.504
-0.471
-0.785
-0.547
-3.300
-3.014
-3.015
-0.716
-1.877
-2.526
-4.707
-0.020
0.006
-0.079
-0.675
-0.346
-0.261
-2.442
-1.472
-2.215
-2.165
-2.399
-4.161
-2.150
-1.709
-2.103
-0.031
-1.313
-3.672
-0.894
-1.360
-2.500
-3.062
-2.380
-3.780
-2.168
-0.855
-0.244
-0.005
-0.857
-0.003
-0.537
-0.659
-0.005
-0.005
-0.005
0.608
-3.332
0.130
-0.018
-0.804
-0.005
-0.219
0.259
-0.095
-0.556
-2.827
-0.718
-0.005
0.082
-0.357
-0.035
-0.745
-0.659
0.107
0.050
0.135
-1.887
-1.242
-0.244
-0.281
-0.273
-1.015
-0.422
0.262
-0.027
-0.027
0.162
0.372
-0.065
-0.027
0.297
0.025
0.300
0.076
-0.041
0.312
0.180
0.265
-0.212
-0.028
0.265
0.553
0.279
-1.233
1.458
1.127
0.479
0.132
-0.203
0.002
-0.005
-0.005
0.616
-0.840
-0.551
-0.005
-0.005
-1.235
-0.325
-0.005
1.791
0.064
0.126
-0.005
-0.326
-0.678
-0.631
-0.015
-1.603
0.138
-1.113
-2.220
-1.318
-2.953
-2.716
-0.005
-0.105
-0.005
-0.005
-2.401
-1.503
-0.005
0.469
-0.060
-0.953
-0.774
-0.415
-0.280
-1.333
0.329
-0.016
0.284
-1.034
-2.077
-0.693
-0.679
-0.005
-1.244
0.557
-2.152
0.329
-1.328
-0.748
-1.842
-0.313
0.298
-0.394
0.075
0.068
-0.821
-0.005
-2.335
-0.005
0.514
-0.520
-0.813
-0.544
-0.684
-0.858
-0.078
0.274
-0.259
-0.250
-0.053
-2.318
-2.857
-0.728
0.061
-0.690
0.232
1.664
-0.339
-0.861
2.735
-0.507
0.287
-2.375
-2.328
-1.759
-3.213
-0.483
-1.980
-1.623
-0.808
-1.190
-1.472
-2.030
-1.288
-0.911
-2.471
-1.655
-0.647
-3.253
-0.924
-0.094
-1.000
-0.528
-1.626
-0.226
-0.967
-0.963
-0.354
-4.343
-0.081
-1.023
0.024
-0.859
-1.877
-1.478
-1.203
-0.488
0.048
-1.468
-0.847
-2.061
0.374
-0.598
-1.419
-0.767
-0.831
-1.803
-0.917
2.506
0.207
0.399
-0.886
0.333
-0.989
0.361
-1.058
-0.102
0.282
-1.471
-0.005
-0.005
-0.055
-0.519
0.015
-1.120
-1.020
-1.497
-1.991
-1.893
0.152
-0.005
-1.719
-1.494
-0.842
-1.360
0.301
-0.098
0.423
0.138
-0.049
0.006
-0.535
-2.518
-0.637
-0.815
-0.947
-0.083
-0.500
-0.229
-0.382
0.323
1.894
0.617
-3.411
-0.584
0.960
-1.297
-0.161
-0.905
-2.396
-1.104
0.089
-0.550
-0.521
0.125
-0.041
-0.464
-0.432
-0.538
-0.497
-1.222
-0.106
-0.080
-1.998
-1.281
-0.562
-0.370
-0.682
-0.255
-1.309
-0.500
-0.650
-0.216
0.058
-0.551
-1.177
0.613
-0.099
-0.635
0.294
-0.010
0.099
0.044
-2.802
-0.751
-1.593
-1.521
-1.805
-0.471
-0.511
-1.553
-2.409
-0.878
-2.434
-1.932
-0.278
-1.758
-1.541
-1.587
-1.043
-2.974
-0.226
-1.762
-0.158
-1.876
-0.183
-1.157
-0.725
-1.317
0.171
-0.104
-0.019
-0.355
-0.005
-0.443
0.246
0.674
-0.183
-1.012
0.020
-0.122
-0.964
-1.188
-1.465
0.257
-1.007
-0.520
-0.432
-0.541
-0.705
-0.185
-1.356
-0.683
-1.836
-1.273
-1.216
-0.886
-0.858
-2.115
0.116
-0.720
-1.465
-2.936
-0.269
-0.865
-0.115
-0.429
0.234
-0.411
-0.123
-0.416
-1.279
-0.702
-1.830
-0.661
-0.885
-0.068
-0.726
-0.387
-1.147
-0.547
-0.455
-0.716
1.813
0.212
-0.367
-0.020
-0.383
0.818
-1.826
-1.039
0.173
0.101
1.692
0.291
0.224
0.362
0.300
-0.536
0.942
0.907
1.024
2.193
-0.001
0.139
1.225
0.405
0.142
-0.436
0.286
-1.847
1.183
0.458
-1.212
0.487
-0.655
-3.250
0.492
-0.976
0.201
-0.385
-0.421
0.112
-0.427
-1.112
0.602
-0.401
-1.715
0.170
-2.213
-0.728
-1.014
-0.579
-1.164
-2.574
-0.557
-0.280
-0.463
-0.349
-0.759
-1.902
-0.423
-1.572
-0.790
-2.137
-1.531
-0.448
-0.301
-1.169
-1.281
-0.396
-0.735
-0.885
-2.206
-1.032
-1.573
-0.115
0.019
0.121
0.084
-0.162
-0.038
0.839
-0.275
-0.498
-0.175
-0.304
-0.008
-0.040
-0.264
-0.214
-0.476
-0.478
-0.349
-1.722
-1.768
-0.472
0.207
0.615
-0.077
-0.172
-0.553
-0.056
0.169
-0.256
0.287
0.066
-0.297
-0.783
-0.428
-0.824
-0.831
-0.765
-1.122
-3.581
-1.104
-1.162
-0.006
-0.368
-0.232
-1.598
-0.536
-0.364
-1.354
-0.301
-1.009
-0.228
-0.838
-0.627
-0.307
-0.024
-0.550
0.022
-0.161
-0.579
-0.288
-0.300
-0.518
-0.640
0.381
0.620
-1.503
1.358
-2.688
-1.510
-1.523
-0.051
-0.830
-0.771
0.109
-0.518
0.000
0.095
0.472
-0.607
0.210
0.338
-0.321
0.452
-0.114
0.440
0.001
-1.366
-1.898
0.186
-0.169
0.356
-0.052
0.105
-0.050
-0.518
-0.254
-0.724
-0.125
-1.127
-0.454
-0.349
-2.268
-1.724
-0.147
-0.858
-0.056
-0.033
-1.447
-0.857
-1.216
-1.033
-0.955
-4.815
-1.020
-0.333
0.009
-0.535
0.377
-0.098
-0.450
1.441
0.571
-0.578
0.046
-1.221
-0.761
-0.640
-0.961
-0.220
-0.005
-0.183
0.369
1.090
0.868
-0.457
-0.043
-0.682
-0.611
1.059
-0.859
-0.443
0.260
0.189
0.351
1.129
-0.645
-0.604
-0.600
-0.719
-0.788
-0.349
-0.037
-1.653
3.131
-1.235
0.108
0.087
-0.005
