-0.026
-0.198
0.005
-0.016
-0.210
0.144
-0.408
-0.280
-0.530
-0.396
-0.251
-0.695
-0.758
-0.545
0.070
0.020
0.020
0.020
0.231
0.564
-0.678
1.293
1.309
-0.069
0.314
0.323
-0.167
0.172
-0.392
0.020
-0.022
-0.398
0.700
0.352
0.355
-2.490
-1.936
-1.992
-0.343
-1.426
-2.115
-2.769
0.028
0.943
0.156
0.285
-0.390
-0.048
-1.406
-1.373
-2.194
-1.533
-1.917
-2.860
-1.801
-1.015
-1.235
0.817
-0.351
-3.052
-1.097
-1.620
-1.503
-1.615
-1.604
-2.166
-1.448
-0.616
0.050
0.191
-0.488
-0.045
-0.380
-0.340
-1.471
-1.813
-0.531
0.778
-2.259
0.244
0.637
-0.237
0.156
-0.308
0.837
-0.343
-0.791
-2.140
0.057
0.502
0.156
-0.373
0.031
-0.563
-0.428
0.156
-0.183
0.031
-1.266
-0.231
-0.070
0.072
-0.422
-0.516
-0.351
0.347
0.020
2.893
-0.024
-0.036
-0.036
-0.088
-0.026
-0.030
0.010
0.021
0.020
0.360
-0.035
0.008
-0.032
0.020
-0.027
0.073
0.026
-1.293
-0.240
1.461
1.461
0.068
0.034
0.081
-0.229
-0.929
0.096
-1.075
-1.229
-0.216
0.135
-0.398
-0.180
0.789
1.948
0.008
-0.532
-0.369
0.081
0.086
-1.609
-1.455
-0.917
0.312
-0.709
-1.480
-1.662
-2.552
-2.380
-0.929
-1.126
0.156
-0.152
-2.016
-0.829
0.049
0.188
0.030
-1.226
-1.134
-0.156
-0.618
-2.653
0.387
-0.080
-0.194
-0.169
-0.896
-0.994
-0.665
-0.842
-0.684
-0.032
-1.325
0.048
-0.431
-0.874
-0.866
0.164
1.084
-0.207
-0.077
0.139
-0.159
0.244
0.156
-2.528
1.056
-0.293
-0.311
-0.055
0.079
-0.675
0.035
1.403
0.033
0.121
0.148
-2.220
-1.424
-0.769
-0.116
0.163
-0.047
1.560
-0.952
0.156
4.133
0.445
0.042
-2.462
-1.637
-0.660
-2.533
0.126
-1.522
-1.492
-0.985
-0.092
-0.288
-1.309
-0.830
0.080
-1.174
-1.399
-1.121
-2.418
-0.165
0.156
-0.956
-0.335
-0.005
-0.579
-1.604
-0.177
-0.351
-2.589
0.039
-0.573
0.173
-0.449
-1.028
0.275
-1.207
-0.058
-0.251
-1.419
-0.375
-0.547
0.440
0.367
-1.080
-0.690
-0.383
-0.920
-0.409
0.964
0.053
0.467
-0.235
0.024
-1.464
0.456
0.723
0.044
0.202
-0.646
0.156
-0.625
-0.444
-0.914
0.747
-0.163
-0.493
0.156
-1.325
-0.882
0.253
-0.005
0.139
0.377
-0.662
-1.666
0.641
0.274
0.463
0.042
0.301
0.076
-0.018
-2.072
-0.184
0.524
-0.057
0.156
-0.231
0.052
-0.132
0.759
1.528
0.764
0.045
-0.107
0.775
-0.508
0.377
-0.743
-1.376
-0.348
0.293
-0.470
0.228
-0.264
-0.207
-0.433
0.321
-0.346
0.066
-0.558
0.040
0.162
-1.087
-1.895
-0.417
-0.074
-0.704
-0.117
-1.339
-0.199
-0.003
0.042
0.551
-0.672
-2.155
0.472
-0.418
-0.169
-0.234
-0.257
0.200
0.299
-2.320
-1.015
-0.855
-1.170
-0.999
-0.215
-0.196
-0.800
-1.548
-0.963
0.076
-0.393
0.026
-0.968
-0.620
-0.585
-0.031
-0.095
0.161
-1.699
0.403
-0.174
-1.262
-0.996
0.097
-0.822
-0.440
0.122
-0.878
-0.854
-0.809
-1.034
0.725
0.113
-0.119
-1.318
-0.678
0.931
-0.163
-0.326
-0.092
0.184
-0.167
0.047
0.467
-0.266
-0.439
-0.217
-1.135
-0.517
-1.874
-1.612
-2.007
-0.812
-1.277
-1.152
-0.356
-0.543
-1.983
-1.839
0.292
-0.823
0.120
-0.259
-0.002
-0.109
0.433
-0.516
-0.876
-0.015
-1.261
-0.501
-0.750
-0.247
-0.156
0.156
-0.282
-0.310
0.036
0.156
0.963
-0.185
0.419
0.144
-0.095
0.156
-1.568
-0.677
-4.143
0.037
0.972
0.541
0.079
0.354
0.390
0.189
0.416
0.428
-0.052
0.156
0.311
0.317
0.486
0.504
-0.007
0.156
-0.303
-1.565
0.802
0.305
-1.464
1.000
-0.259
-0.737
0.140
0.137
0.107
-0.439
0.105
0.087
-0.337
-0.565
0.166
-0.359
-1.798
-0.737
-1.953
0.075
0.156
-0.211
-1.073
-2.074
-0.111
-0.091
0.280
0.421
0.161
-1.408
-0.371
-1.205
-0.401
-2.122
-0.768
-0.305
-0.328
-0.094
-0.829
-0.118
0.095
-0.907
-1.439
-0.831
-1.295
0.244
0.020
0.279
-0.237
0.205
0.035
0.382
0.041
-0.819
-0.261
-0.034
-0.204
0.347
-0.124
-0.335
-0.281
-0.181
-0.393
-1.840
-0.924
-0.404
0.275
0.519
-0.187
-0.399
-1.159
-0.152
0.156
-0.505
-0.122
-0.183
-0.153
-1.008
-0.358
-0.413
-0.703
-0.512
-0.687
-2.036
-0.655
-0.691
0.107
0.096
-0.357
-1.136
-0.157
0.029
1.116
0.023
-0.833
0.053
-0.326
0.110
0.189
0.337
0.001
-0.301
0.030
-0.469
-0.043
-0.255
-0.452
-0.337
-0.262
0.145
-0.447
0.221
-3.090
-1.136
0.156
-0.575
-0.185
-1.044
-1.997
-0.563
0.012
-0.006
-0.042
-0.265
0.737
0.496
-0.290
0.285
0.248
0.156
0.061
-2.290
-0.774
0.027
-0.050
0.156
-0.281
0.481
-0.439
-0.106
-0.398
-0.346
0.269
-1.517
-0.548
-0.337
-1.536
-0.803
-0.458
-0.027
0.066
0.078
-1.290
-0.106
-0.904
-0.744
-0.801
-4.245
-0.927
0.216
-0.975
-0.590
0.213
-0.476
-0.379
0.578
0.190
-0.642
-1.451
-0.715
-0.027
-1.229
-1.006
-0.329
1.190
-0.426
0.785
0.989
0.207
0.188
0.725
0.156
0.414
0.882
-0.752
-0.780
0.020
0.444
0.115
1.187
-0.355
0.156
-0.452
-0.938
-0.230
-0.415
0.391
-0.145
1.112
-1.496
0.051
0.179
0.574
