-0.243
-0.182
-0.157
-0.179
-0.228
-0.150
-0.144
-0.243
0.092
-0.106
0.514
-0.084
-0.152
-0.242
0.787
-0.243
-0.269
-0.243
0.492
0.024
0.391
-1.704
-0.061
-0.163
-0.065
-0.195
-0.102
-0.088
-0.098
-0.253
-0.243
0.160
-0.484
0.066
-0.111
3.223
1.606
3.104
0.771
2.044
1.965
4.357
-0.195
0.218
0.030
-0.243
-0.243
-0.243
0.972
1.398
2.937
1.811
1.537
3.334
2.693
0.684
0.747
-0.443
-0.056
2.726
1.499
1.667
1.246
1.607
1.344
2.323
2.023
-0.088
-0.243
0.610
2.454
-0.639
0.627
-0.190
1.036
1.103
0.359
-0.775
3.044
-0.253
-0.169
0.753
1.237
-0.142
-0.135
0.111
0.553
3.795
-0.550
0.812
-0.227
-0.068
0.357
0.367
0.267
0.083
0.131
-0.191
0.829
-0.063
-0.230
-0.243
-0.241
-0.195
0.120
-0.243
-0.243
-0.239
-0.243
-0.243
-0.212
-0.028
-0.243
-0.243
-0.243
-0.180
-0.186
-0.147
-0.238
-0.221
-0.243
-0.234
-0.234
-0.095
-0.243
0.763
0.403
-0.150
-0.110
-0.446
-0.217
-0.235
-0.034
3.850
0.180
1.018
-0.369
0.220
-0.215
0.436
2.553
0.603
-0.155
0.978
-0.169
-0.095
0.504
0.809
0.673
2.124
1.179
-0.891
1.117
1.346
2.345
2.825
3.532
3.792
1.894
0.675
1.567
2.661
1.815
0.354
-0.243
-0.156
1.438
0.971
-0.243
-0.014
1.971
-0.138
-0.110
-0.705
0.068
2.595
1.530
0.236
2.178
0.451
-1.662
1.843
-0.243
0.537
0.048
-0.061
-0.243
0.262
-0.179
-2.034
-0.721
0.533
-0.828
2.015
1.624
-0.012
-0.019
0.644
-0.243
-0.145
-0.016
0.176
-0.227
0.057
0.366
0.262
2.418
0.624
0.443
0.195
-1.532
0.046
-0.420
0.139
0.483
-0.410
-0.546
-0.405
2.911
1.855
0.404
4.471
0.951
1.225
0.696
0.405
1.120
1.566
1.125
1.012
0.938
3.214
1.231
1.248
2.903
-0.201
-0.243
-0.243
-0.093
-0.216
0.369
0.035
-0.353
-0.203
1.281
-0.091
0.217
-0.022
0.732
1.106
-0.239
0.356
-0.258
-1.406
1.640
0.072
0.777
-0.211
0.077
0.198
0.879
0.918
1.280
0.178
-0.707
-0.142
-0.647
-1.195
-0.310
0.675
-0.018
-0.068
-0.242
-0.305
0.157
-0.079
-0.033
-0.080
-0.005
-0.125
-0.584
-0.146
1.256
0.486
0.298
-0.046
2.101
-0.216
-0.181
-0.192
0.793
-0.240
-0.130
-0.267
-0.235
-0.127
-0.125
-0.665
2.248
-1.819
-0.103
0.991
1.008
0.297
-1.555
0.541
-0.234
-0.761
-0.677
-0.411
-0.559
-0.191
0.144
-0.217
0.876
1.203
1.222
0.103
-0.213
-0.494
-0.189
-0.218
0.443
-0.032
-0.051
-0.203
0.469
-0.363
-0.243
1.542
-0.148
-0.242
-0.061
0.578
-0.243
1.596
-0.335
-0.212
-0.243
-0.228
-0.174
0.795
-0.243
-0.163
-0.254
-0.208
-0.007
-0.193
-0.066
3.327
0.959
0.402
2.349
0.993
1.746
0.149
2.535
1.822
0.837
2.941
2.147
-0.243
-0.087
-0.035
-0.169
0.308
0.331
0.026
2.991
-0.219
0.318
0.583
0.012
-0.215
0.894
-0.267
-0.243
-0.243
0.471
0.909
-0.414
-0.403
-0.244
-0.243
-0.259
0.005
-0.052
-0.146
-0.243
-0.243
-0.504
-1.576
0.028
-0.243
-0.030
0.416
-0.153
1.187
-0.165
1.743
0.237
0.056
-0.041
-0.243
-0.111
-0.228
0.333
2.947
3.898
-0.347
0.444
-0.124
1.030
0.066
0.207
-0.323
0.254
1.883
-0.124
2.090
-0.068
-0.021
-0.127
0.674
0.233
0.318
-0.243
-0.211
-0.252
-0.406
-0.243
-0.265
0.033
-0.113
-0.064
1.263
-0.008
-0.307
-0.232
-0.243
-1.352
-0.121
-0.224
-0.251
-0.341
-1.149
-1.194
-0.121
0.054
0.210
0.911
-0.239
-2.626
-0.274
-0.016
0.256
-0.266
-0.292
-0.243
0.149
-0.236
-0.216
0.390
-1.176
0.776
0.024
0.391
0.541
-0.243
-0.009
-0.206
-0.243
-0.192
0.768
-0.243
3.447
0.682
1.494
-0.244
-0.101
0.564
-0.194
-0.259
0.016
-0.314
-0.186
2.269
0.069
1.561
0.267
2.325
0.613
0.090
-0.002
0.266
0.053
0.215
-0.016
0.131
1.040
1.237
1.775
-0.243
-0.118
-0.243
-0.243
1.151
0.397
0.148
0.112
0.056
0.346
-0.062
0.365
-0.243
-0.171
0.497
-0.008
0.054
-0.187
1.655
1.198
0.307
-0.105
-0.233
-0.044
0.266
0.036
-0.243
-0.237
-0.120
-0.147
-0.243
0.231
0.525
-0.254
-0.159
0.047
0.083
1.177
3.920
0.035
0.706
-0.172
0.933
0.010
-0.048
0.293
0.415
0.038
0.175
1.541
1.444
0.004
0.784
0.779
-0.380
-0.218
-0.243
-0.305
0.044
0.150
-0.423
-0.114
0.153
-0.280
-1.743
0.292
0.193
1.765
1.321
0.447
-0.228
-0.427
-0.050
-0.074
0.265
-0.227
0.211
-0.175
-0.184
0.017
-0.227
-0.090
-0.243
-0.243
-0.203
-0.231
0.209
-0.168
-0.168
-0.230
0.702
-0.063
-0.253
-0.092
-0.196
-0.207
0.312
-0.242
0.128
0.010
-0.243
1.480
0.606
-1.393
0.476
1.180
-0.363
2.113
0.632
0.336
0.666
0.879
0.804
0.573
-0.059
-0.525
0.676
-0.243
-0.395
-0.255
-0.100
-0.216
-0.262
-0.243
0.964
-0.070
0.591
-0.081
-0.243
-0.278
1.865
-0.119
-0.513
0.184
-0.212
-0.682
-0.137
-0.265
-0.451
0.037
-0.033
-0.243
-0.191
-0.243
-0.239
0.442
0.712
0.642
2.202
0.168
-0.124
-0.089
-0.200
-0.181
2.250
-0.981
-1.281
0.196
