0.106
0.030
0.151
0.118
0.060
0.172
0.080
0.087
0.398
0.183
0.246
0.294
0.087
0.134
-0.394
0.002
-0.130
-0.034
0.040
0.138
0.479
-1.493
-0.520
0.051
0.032
0.256
0.114
-0.148
0.151
-0.048
-0.059
0.037
-0.043
-0.045
0.080
2.503
1.622
1.827
0.447
1.577
1.518
2.856
-0.037
-0.439
0.092
-0.059
0.200
0.029
1.778
1.291
1.910
1.436
2.091
2.801
1.830
1.299
0.580
-0.017
0.324
3.676
0.975
1.242
1.021
1.296
1.228
1.956
1.429
0.332
0.085
0.643
0.514
-0.475
-0.001
0.419
-0.531
-0.524
-0.174
-1.706
1.548
0.293
-0.532
0.702
0.126
0.224
-0.448
-0.073
0.873
2.239
0.599
0.112
-0.252
0.264
0.129
0.440
0.431
-0.162
0.120
-0.035
1.051
0.271
0.091
0.076
0.448
1.426
0.112
-0.198
0.056
-0.210
-0.088
-0.074
-0.016
0.049
-0.122
-0.038
-0.097
-0.102
0.056
-0.347
-0.003
-0.273
0.041
-0.003
-0.055
0.003
-0.084
1.485
-0.867
-1.424
-0.726
0.452
0.004
-0.174
0.125
-0.629
-0.747
0.514
-0.284
0.046
-2.115
0.048
-0.002
-2.196
-1.437
0.108
-0.238
0.054
0.163
0.860
0.556
1.959
0.254
-0.113
0.544
1.807
1.715
2.714
2.150
2.722
2.439
0.017
0.634
1.821
1.653
-0.005
-0.264
0.078
0.985
0.676
0.119
0.305
0.522
-0.823
-0.581
-0.315
0.671
1.655
1.204
0.325
1.038
0.291
-0.232
1.818
0.003
0.305
0.614
0.135
0.102
-0.331
0.029
0.166
0.133
-0.136
-0.674
0.095
-0.109
-1.041
0.278
0.582
0.164
0.164
0.044
0.092
-1.398
0.054
0.195
0.058
3.002
2.141
0.743
-0.169
0.023
0.010
-1.384
0.153
0.208
-0.625
-0.245
-0.030
1.914
2.177
0.914
1.697
0.544
1.331
0.982
0.564
1.129
0.392
1.203
0.563
0.048
1.720
1.147
0.868
3.793
-0.285
-1.201
0.670
0.081
0.411
0.132
0.849
-0.006
-0.267
1.872
0.082
0.860
-0.066
0.937
1.098
-0.105
0.612
0.106
0.122
0.630
0.146
1.354
-0.141
-0.039
0.924
0.645
-0.064
0.618
0.544
-1.710
-0.239
-0.185
-0.155
-0.026
0.365
0.033
1.106
0.086
-0.488
0.699
0.003
0.330
0.059
0.287
-0.025
-0.326
0.289
0.269
0.204
0.958
0.154
-0.162
0.137
-0.261
0.541
1.158
0.012
0.015
-0.003
-0.013
-0.239
0.055
-0.476
1.898
-0.696
-0.143
1.508
0.285
0.900
0.057
0.349
-0.821
-2.392
-1.713
0.143
0.307
-1.561
0.645
-0.242
-0.094
2.128
0.712
-0.057
0.106
-0.156
0.065
-0.119
0.043
-0.053
0.374
0.005
0.430
-0.126
-0.086
1.228
0.179
0.141
0.170
0.432
0.129
0.698
0.310
0.175
0.083
0.012
0.455
0.953
-0.500
0.160
0.153
-0.330
-0.004
-0.533
-0.029
3.175
1.149
0.539
1.293
1.545
0.426
0.138
1.037
1.602
0.709
0.084
0.113
0.078
0.324
1.055
0.580
0.098
1.538
-0.027
2.458
-0.159
1.420
0.758
0.410
0.291
1.186
-0.052
0.003
0.003
0.149
-0.913
0.434
-0.408
-0.984
0.295
0.469
0.203
0.055
-0.263
1.149
1.041
0.003
0.102
0.083
0.123
0.318
0.710
0.228
0.970
0.017
1.293
0.583
0.044
0.209
0.583
0.692
0.204
-0.000
1.615
1.771
0.047
0.577
-0.049
0.431
-0.392
0.127
0.098
0.243
0.723
0.065
0.854
0.339
0.456
-0.461
0.284
0.059
0.785
0.083
0.022
-0.063
-1.063
-0.079
-0.010
-0.180
0.315
-0.480
1.602
0.668
-0.243
-0.092
-1.170
-0.122
-0.279
-0.047
-0.559
0.115
-0.967
-0.768
-1.492
-1.076
-0.660
-0.651
-0.478
-0.236
-0.030
0.391
-0.407
1.200
-0.747
-0.031
1.510
-0.676
-0.049
0.841
0.131
-0.375
0.120
0.069
0.052
-0.064
0.433
0.678
-0.477
0.234
1.556
0.148
2.634
0.840
-0.024
0.186
1.326
2.151
0.087
-0.181
0.245
0.031
-0.133
0.920
0.235
1.648
0.531
2.569
0.877
0.362
0.104
0.602
0.939
0.313
0.151
0.637
1.499
0.814
1.644
0.031
0.098
0.104
-0.313
0.036
0.206
-0.237
-0.154
0.180
0.162
0.073
0.008
0.298
0.125
0.044
0.100
0.397
0.236
1.113
1.583
0.695
-0.125
-0.577
-0.277
0.212
0.648
0.059
-0.387
-0.056
-0.100
0.055
0.103
0.670
0.115
0.509
0.448
0.747
1.160
2.655
1.026
1.144
-0.447
0.353
0.391
0.386
0.541
0.085
-0.280
0.235
0.610
0.637
0.133
0.031
0.144
-0.128
0.120
-0.076
-0.115
0.415
0.260
0.063
0.347
0.116
0.028
0.068
0.502
-0.193
2.509
1.237
0.338
0.130
0.266
0.260
-0.422
0.436
-0.121
-0.068
-0.170
0.063
-0.681
-0.705
0.141
-0.273
-0.149
-0.100
-0.103
1.414
0.940
-0.090
0.082
-0.323
-0.015
-0.742
0.286
0.585
0.198
0.395
0.040
1.004
0.063
0.107
1.496
0.665
0.320
0.290
-0.605
-0.068
0.891
0.286
0.882
0.513
0.362
2.944
0.686
0.058
-0.442
0.581
-0.298
-0.390
0.135
-0.370
-0.743
0.203
0.297
0.838
-0.129
-0.591
0.691
0.189
-0.425
0.236
-0.365
-0.456
-0.212
0.352
-0.092
0.346
-0.009
-0.437
0.616
0.824
-0.122
0.028
-0.131
-0.689
0.205
0.135
0.417
0.629
0.264
0.033
-0.093
-0.132
-0.903
1.433
-0.036
0.407
-0.057
