0.105
0.986
-0.051
0.591
-0.118
-0.020
-0.225
-0.220
-0.670
-0.178
0.012
-0.376
0.261
0.185
-0.024
-0.095
0.129
0.063
0.086
0.605
-0.219
0.919
0.514
0.040
-0.005
0.146
-0.146
-0.156
-0.076
0.283
-0.126
0.063
0.685
-0.138
0.295
-2.658
-2.304
-1.878
-0.505
-1.445
-2.098
-2.994
-0.245
0.346
0.146
0.090
-0.013
0.124
-1.291
-1.329
-1.681
-1.904
-2.301
-2.616
-1.475
-0.997
-1.213
0.170
-0.666
-3.287
-1.012
-1.731
-1.407
-1.817
-1.526
-2.878
-1.210
-0.376
0.100
-0.123
-0.708
0.178
0.074
-0.368
-0.374
0.074
-0.264
1.222
-2.622
0.160
1.067
-0.841
-0.025
0.089
0.143
-0.719
-1.146
-2.135
-1.085
-0.323
0.051
-0.300
-0.001
-0.226
-0.209
0.097
-0.014
0.100
-1.597
-1.252
-0.123
-0.022
-0.060
-0.716
-0.045
0.467
-0.165
-0.006
0.023
0.313
-0.036
-0.203
0.229
0.197
0.222
0.166
-0.136
-0.003
-0.006
-0.154
-0.141
0.017
0.170
0.431
0.380
-1.386
-0.064
0.462
0.509
-0.304
0.005
0.195
-0.447
0.006
0.201
-0.447
0.255
-0.584
0.362
-0.155
-0.498
1.727
1.237
0.073
-0.342
-0.001
-0.502
-0.194
-1.522
-0.867
-1.426
0.391
-0.517
-2.174
-1.266
-2.263
-2.639
-2.830
-2.340
-0.008
-1.451
-1.776
-1.130
0.074
-0.169
-0.065
-0.991
-1.118
-0.130
-0.455
-1.158
0.372
0.542
0.164
-1.201
-1.701
-1.330
-0.529
-0.796
-0.947
0.057
-1.024
0.081
-0.473
-0.755
-0.424
-0.030
0.212
0.516
0.487
0.042
-0.196
0.074
0.015
-1.213
0.230
-0.735
-0.820
-0.651
-0.196
-1.026
-0.278
0.381
-0.105
-0.051
-0.145
-2.191
-3.389
-0.625
0.120
-0.526
0.068
0.987
-0.388
-0.508
4.658
0.035
0.121
-2.713
-1.795
-0.992
-2.441
-0.454
-1.437
-2.091
-0.684
-0.728
-0.880
-1.228
-0.973
-0.292
-1.521
-1.128
-0.965
-2.052
0.341
1.422
-1.287
0.076
-0.754
-0.279
-0.376
0.154
0.166
-2.956
-0.027
-0.316
0.214
-1.131
-1.341
-0.221
-0.745
-0.122
-0.002
-1.114
-0.086
-1.445
0.622
-0.207
-1.054
-0.576
0.074
-0.909
-0.867
1.737
-0.547
0.035
-0.236
0.080
-0.944
0.045
-0.491
-0.005
0.311
-0.782
-0.291
-0.416
0.280
-0.065
-0.021
-0.797
-0.232
-0.981
-1.490
-0.634
0.230
-0.362
0.057
0.074
-0.096
-2.369
0.046
0.184
0.370
0.015
0.101
0.070
1.091
-2.374
1.391
0.152
-0.580
-0.984
-1.687
-0.085
-0.831
0.692
2.768
1.564
-0.227
-0.026
0.276
-0.540
0.112
-0.456
-2.175
-0.105
-0.016
0.014
0.008
-0.009
-0.013
-0.219
0.075
-0.231
0.040
-1.041
-0.003
-0.033
-1.823
-1.000
-0.344
0.120
-0.494
-0.263
-1.050
-0.290
-0.104
0.015
0.203
-0.364
-0.932
1.094
0.012
-0.579
0.155
-0.203
0.199
-0.033
-2.383
-0.881
-1.083
-1.248
-1.589
-0.308
-0.418
-0.971
-2.011
-0.626
-0.716
-0.638
-0.160
-0.573
-1.000
-0.791
-0.056
-4.197
-0.149
-2.609
-0.172
-0.632
-0.600
-0.915
-0.875
-0.968
0.002
-0.074
-0.018
-0.235
-0.184
0.074
0.261
0.571
0.027
-0.576
-0.111
-0.165
-0.354
-0.526
-0.470
0.525
-0.269
0.091
-0.239
-0.143
-0.684
-0.403
-0.991
0.228
-0.860
-0.867
-0.114
0.344
-1.058
-0.462
-0.371
-0.261
-1.414
-1.812
0.250
-0.137
-0.024
-0.276
0.163
-0.292
-0.016
-0.085
-0.764
-0.084
-0.961
-0.325
-0.429
0.052
-0.156
-0.405
-0.774
-0.308
-0.350
-0.015
0.106
-0.179
0.074
0.186
-0.319
0.934
-1.234
-1.008
0.223
-0.076
1.395
0.164
0.028
0.214
0.251
-0.010
0.722
0.584
0.600
0.971
0.078
0.204
0.625
0.355
0.118
-0.672
0.172
-1.922
0.595
0.237
-1.174
0.497
0.002
-1.062
-0.327
-0.488
-0.309
0.184
-0.384
-0.237
-0.390
-0.769
0.047
-0.248
-1.609
-0.530
-2.638
-0.579
-0.378
-0.146
-0.943
-2.006
-0.144
0.107
0.041
0.276
0.027
-0.992
-0.310
-1.383
-0.451
-2.289
-1.346
-0.255
-0.322
-0.155
-0.670
-0.002
-0.255
-0.805
-1.127
-0.527
-0.984
-0.009
0.027
0.053
0.054
-0.221
-0.000
-0.159
0.042
-0.658
-0.151
-0.277
-0.133
0.064
-0.321
0.027
-0.109
-0.356
-0.269
-1.812
-1.745
-0.114
0.318
0.322
0.291
-0.144
-0.825
0.011
0.095
-0.281
-0.036
0.072
-0.415
-0.967
-0.189
-0.604
-0.983
-1.221
-1.222
-2.268
-0.913
-1.239
0.376
-0.557
-0.188
-0.752
-0.111
-0.012
0.431
-0.069
-0.516
0.031
-0.296
-0.631
-0.226
0.081
-0.070
-0.032
-0.081
-0.592
0.129
-0.206
-0.510
-0.442
0.011
0.614
-1.286
0.182
-2.392
-0.415
-0.808
-0.021
-0.176
-0.542
0.111
-0.972
-0.097
0.013
0.125
-0.235
0.127
0.407
-0.140
0.056
0.121
-0.060
-0.015
-1.368
-0.625
0.104
-0.031
-0.106
0.092
0.099
-0.340
-0.208
-0.186
-0.262
0.075
-1.397
-0.215
-0.090
-1.751
-0.861
-0.504
-0.824
-0.867
0.074
-1.023
-0.803
-0.952
-0.609
-0.570
-3.469
-0.449
0.082
-1.066
-0.561
0.328
-0.337
-0.273
0.876
0.319
-0.425
-0.270
-0.983
-0.219
0.216
-0.691
-0.398
1.234
0.074
0.414
0.597
0.274
-0.997
0.041
-0.255
0.099
0.343
-0.393
-0.730
-0.045
0.139
0.222
0.572
-0.685
-0.338
-0.281
-0.556
-0.176
0.070
-0.001
0.503
1.025
-1.390
0.200
0.099
-0.192
