0.425
-0.388
0.665
0.460
-0.139
0.353
0.535
-0.261
-0.872
-0.240
-0.171
-1.671
-0.497
-0.682
-0.123
0.190
0.197
0.350
0.110
0.144
0.017
0.512
-0.582
-0.075
-0.057
0.244
-0.024
-0.117
-0.351
0.116
-0.132
-0.097
0.330
0.767
0.108
-2.697
-1.425
-2.425
-0.605
-2.132
-2.353
-2.734
0.001
0.610
0.007
0.110
-0.784
-0.927
-2.592
-2.236
-2.299
-2.445
-2.938
-2.728
-2.363
-1.349
-1.505
-0.512
-0.906
-3.345
-1.445
-1.896
-1.501
-1.969
-1.532
-1.849
-1.870
-0.815
0.109
-0.770
-1.500
0.311
-0.665
-0.545
-1.780
-1.578
-1.192
0.666
-2.050
-0.016
0.069
-1.464
-0.864
-0.529
0.294
0.055
-0.649
-1.982
-0.508
-0.084
0.588
-0.096
0.032
-0.767
-0.088
0.882
0.111
0.109
-2.224
-1.360
-0.425
-0.492
-0.066
-0.750
-0.350
0.658
-0.037
-0.021
0.071
0.254
-0.007
-0.345
0.718
0.142
0.307
0.020
-0.048
0.330
0.002
0.023
-0.039
-0.011
0.180
0.201
0.227
-1.031
0.273
0.707
0.571
0.127
0.014
0.546
0.100
-0.027
0.797
-0.749
-0.308
-0.110
0.732
0.031
-0.048
1.081
0.736
0.056
-0.290
-0.332
-0.073
-0.056
-0.638
-2.494
-0.818
-0.466
-1.064
-2.185
-1.921
-3.395
-2.612
-2.603
-2.723
-0.057
-1.073
-2.215
-2.535
-0.965
0.274
-0.015
-1.775
-1.028
-0.541
-0.282
-1.988
0.688
0.202
0.522
-0.673
-1.614
-1.212
-0.462
-2.184
-1.329
0.199
-1.549
0.001
0.019
-0.347
-0.157
-0.086
-0.065
0.210
-0.223
0.069
-0.163
0.037
-1.603
-1.633
-0.098
-0.886
-0.597
-0.291
0.061
-0.234
-0.127
0.048
0.053
0.076
-0.081
-1.882
-1.805
-0.937
-0.512
0.378
0.389
2.575
-0.234
-0.522
0.604
-0.431
0.252
-1.837
-2.168
-1.729
-2.656
-0.525
-1.673
-2.076
-0.972
-1.655
-1.204
-1.507
-1.028
-0.375
-2.263
-2.001
-2.373
-3.048
0.306
1.002
-1.105
0.108
-1.399
-0.407
-0.676
0.073
0.091
-2.125
-0.073
-0.404
0.263
-1.236
-0.863
0.045
-0.878
-0.822
-0.861
-1.111
-0.800
-1.607
0.029
0.126
-1.180
-1.503
-0.523
-0.887
-0.842
1.568
-0.446
0.442
-0.040
0.742
-0.833
0.075
-0.703
0.114
0.102
-1.178
-0.729
-1.193
-0.281
-0.025
-0.302
-0.238
-0.360
-0.864
-1.026
-0.532
0.066
-0.021
0.004
0.086
-0.250
-1.429
0.512
0.019
0.005
-0.004
0.028
-0.118
-0.510
-1.354
0.170
0.402
-1.073
-1.250
-1.437
0.025
0.646
0.417
0.657
0.669
0.087
-1.099
0.122
-0.606
0.323
-0.341
-1.011
-1.103
0.622
0.209
0.345
-0.001
0.027
-0.133
-0.045
-0.431
0.015
-0.472
-0.019
0.063
-1.613
-0.951
0.075
0.160
-1.407
-0.524
-0.835
-0.162
-0.672
0.061
0.284
-0.399
-1.250
0.909
-0.753
-1.082
0.280
-1.790
0.183
0.043
-2.736
-2.266
-2.398
-2.724
-1.689
-0.847
0.026
-1.913
-1.862
-1.498
-0.107
0.691
-0.011
0.029
-0.140
0.057
-0.361
-0.947
-0.117
-2.700
0.043
-0.559
-0.402
-2.117
-0.938
-1.626
-0.003
-0.143
0.028
-0.157
-0.402
-0.494
0.099
0.737
-0.186
-0.147
-0.203
-0.067
-1.167
-1.267
-0.149
0.415
-0.017
-0.224
-0.349
0.108
-0.744
-0.428
-0.651
0.004
-1.246
-2.500
-1.897
-2.362
-1.103
-1.709
-0.885
-0.557
-1.008
-2.297
-0.297
0.040
0.025
-0.144
0.016
-0.273
-0.247
-0.225
-0.892
0.069
-1.340
-0.511
-0.774
0.193
-0.106
-0.778
-0.939
0.158
0.028
0.272
0.561
0.017
-0.118
0.087
-0.769
-0.758
-1.209
-0.688
-0.416
-0.040
1.200
0.832
0.161
0.095
0.734
-0.135
0.638
0.487
1.346
2.037
0.334
0.120
0.859
0.880
0.492
-1.021
0.462
-1.302
0.295
0.353
-0.422
0.813
-0.229
-0.887
0.236
-0.964
-0.335
0.068
-0.560
-0.067
-0.598
0.122
0.383
0.038
-1.878
-0.251
-1.225
-0.066
-1.421
-0.452
-0.835
-0.876
0.157
0.513
0.029
0.267
-0.414
-2.424
-0.894
-2.097
-0.519
-2.530
-0.587
-0.924
-0.298
-0.208
-0.768
-0.342
-0.938
-0.762
-2.018
-1.029
-2.956
-0.163
-0.019
-0.022
-0.082
-0.004
-0.097
0.446
-0.163
-0.485
-0.206
-0.185
-0.510
0.094
-0.158
-0.428
-0.339
-0.493
-0.428
-1.298
-1.111
-0.513
0.588
0.388
0.179
-0.089
-0.687
-0.017
-0.078
-0.143
-0.138
-0.009
0.030
-0.959
-0.334
-1.213
-0.848
-1.000
-0.703
-2.751
-2.346
-2.034
0.016
0.096
-0.109
-0.410
-0.033
0.128
0.435
-0.112
-0.294
-0.157
-0.200
0.099
-0.426
-0.197
0.019
-0.098
-0.050
-0.962
-0.595
-0.464
-0.861
-0.796
0.143
0.182
-0.811
0.151
-1.546
-0.947
-0.669
0.044
-0.625
0.047
-0.369
-0.613
0.202
-0.435
-0.276
-0.356
-0.750
0.469
-0.065
-0.083
-0.148
-0.049
-0.138
-0.914
0.244
0.227
0.096
-0.199
-0.042
-0.163
-0.107
-0.441
-0.095
-0.278
0.073
-1.052
-1.269
-0.310
-1.683
-0.466
-0.810
-1.841
-1.392
-0.659
-1.121
-0.297
-1.523
-0.772
-0.616
-1.780
-1.365
0.212
0.137
-0.405
0.232
0.022
-0.522
0.389
0.197
-0.142
0.069
-2.319
0.936
-0.911
-0.941
-0.268
1.449
-1.137
0.997
0.772
0.650
0.043
0.245
-0.631
0.338
0.870
-0.613
-1.434
0.117
0.041
0.474
0.156
-0.740
-0.357
-1.548
-1.979
-0.546
-0.531
-0.057
-0.017
0.769
-2.081
-0.022
1.058
-0.227
