0.064
-0.023
-0.366
0.064
0.076
0.064
0.147
0.076
0.064
0.260
0.166
0.856
0.542
0.155
-0.765
0.105
-0.001
0.064
-0.060
0.064
-0.474
-1.407
-1.074
-0.100
0.064
0.140
0.050
0.162
0.288
0.066
0.112
0.062
0.400
0.880
0.064
3.128
2.200
3.270
0.686
1.314
2.509
3.277
0.064
-0.557
0.064
-0.041
0.036
0.013
2.486
1.763
1.521
2.235
2.301
3.599
2.259
1.547
1.147
0.064
0.677
3.336
0.820
2.409
1.922
1.929
1.626
2.273
1.856
1.165
-0.173
0.064
0.830
0.015
-0.076
0.144
-0.181
0.375
-0.676
-0.130
2.416
-0.311
0.064
0.370
0.647
0.064
-0.286
0.165
1.624
2.174
-0.612
-1.196
-0.178
0.045
0.235
0.735
0.688
0.187
-0.317
-0.114
0.448
0.053
-0.236
-0.058
0.635
0.610
0.071
-0.367
-0.129
-0.052
0.051
-0.059
-0.046
-0.168
-0.037
0.032
-0.145
-0.284
0.054
-0.156
0.055
0.064
-0.119
-0.060
0.022
-0.193
-0.111
2.587
-0.607
0.397
-0.015
0.587
-0.073
0.064
0.064
0.064
-1.069
0.234
-0.857
0.182
0.064
1.218
1.223
0.064
-0.798
-0.033
0.403
-0.042
-0.041
0.839
0.480
2.862
0.082
0.064
0.638
2.064
2.819
3.514
1.441
1.101
1.313
0.386
0.515
2.204
0.064
-0.223
-0.525
0.054
0.820
0.118
0.302
1.307
1.254
-0.183
0.064
0.064
1.715
1.415
2.415
0.765
0.478
1.118
-0.261
1.987
-0.713
1.014
0.340
0.246
0.095
-1.001
0.528
0.045
-0.164
0.240
-0.261
1.051
-0.341
0.120
0.172
0.936
0.643
0.067
0.205
0.801
-0.356
-0.116
0.152
-0.145
3.769
3.201
0.584
0.045
0.797
-0.096
-0.976
0.054
0.825
-0.431
-0.385
0.064
4.116
2.475
1.198
2.420
0.191
2.619
0.683
0.544
0.347
1.304
1.850
0.951
0.725
1.888
1.992
1.507
3.466
-0.773
-1.353
0.444
0.391
-0.037
0.053
0.812
0.307
0.666
2.588
0.284
0.582
1.430
1.279
1.211
-0.076
0.795
0.427
0.036
0.883
0.763
2.724
0.927
-0.127
1.693
1.092
0.498
1.191
0.463
-1.715
-0.376
-0.754
0.064
-0.025
0.064
-0.407
1.139
0.031
-0.068
0.713
-0.086
1.076
0.127
1.727
-0.347
-0.208
1.049
0.067
0.976
1.329
0.214
0.854
-0.260
-0.394
0.365
2.870
-0.051
-0.153
-0.379
0.139
0.064
-0.005
-0.574
2.047
0.519
1.994
2.222
0.105
1.521
-0.218
-0.710
-0.723
-1.942
-0.210
0.064
-0.173
-1.569
0.440
0.048
0.132
2.880
1.358
-0.340
-0.583
0.039
0.027
-0.015
0.075
0.271
0.421
0.232
1.002
0.034
0.080
1.754
1.593
-0.076
0.908
0.750
0.116
0.955
0.532
0.589
-0.048
-0.139
0.669
0.996
-0.632
0.741
0.275
-0.087
1.093
0.064
-0.226
3.106
1.976
1.569
1.811
1.137
0.477
0.156
2.103
2.721
1.779
0.079
0.064
0.059
0.708
0.619
0.171
0.608
2.900
-0.366
3.730
-0.409
1.778
1.306
0.712
0.386
1.120
0.141
0.064
0.256
0.082
0.064
-0.420
-0.063
-0.985
0.241
0.107
0.632
-0.520
0.064
1.908
-0.300
-0.636
-0.674
-0.240
-0.013
0.097
1.788
0.064
0.127
0.155
1.795
1.117
0.549
0.386
0.714
0.473
0.077
0.158
1.339
3.252
-0.315
0.431
0.080
0.877
-0.546
0.146
0.057
0.064
0.558
0.499
2.014
0.125
0.236
-0.088
0.193
0.707
1.189
0.056
-0.274
0.064
0.050
0.064
0.179
-1.097
0.118
-0.458
2.919
1.398
-0.216
-0.196
-1.274
-1.071
-0.262
-0.178
-0.484
0.092
-0.345
-0.098
-1.013
-0.006
0.064
0.841
-0.719
-0.500
-0.045
0.064
-0.026
1.202
-0.434
-0.358
1.986
-0.478
0.091
2.270
-0.250
-0.446
0.110
0.605
-0.718
0.067
0.382
1.547
-0.653
0.126
1.468
0.167
1.914
0.686
0.177
0.146
1.319
2.107
-0.074
-0.122
-0.270
-0.024
0.191
2.616
1.307
1.315
0.407
2.949
1.733
0.184
0.064
0.114
0.555
0.142
0.218
0.767
3.135
1.750
2.016
0.000
-0.260
0.035
0.034
0.215
-0.256
-0.837
-0.180
0.319
0.173
0.564
0.489
-0.160
0.210
0.099
0.248
0.311
0.179
1.776
1.957
0.474
0.050
0.039
0.006
0.348
0.049
0.248
0.115
0.066
0.087
-0.072
0.117
1.534
0.302
1.077
0.467
0.956
1.214
3.585
0.758
0.999
-0.504
0.166
0.314
0.909
0.108
0.183
-0.101
-0.074
0.949
0.651
0.280
0.258
0.119
-0.674
0.383
-0.021
0.064
0.508
0.385
0.263
0.546
0.598
-0.041
0.023
0.533
0.030
2.725
0.790
0.064
1.473
0.251
1.004
-0.176
-0.103
-0.577
0.105
-0.278
0.300
0.052
-0.573
-0.036
-0.345
0.195
0.131
0.353
1.547
2.241
0.476
0.064
0.289
0.495
-0.140
-0.007
-0.457
0.007
0.234
0.075
0.661
0.416
-0.301
1.796
0.969
0.694
0.776
0.557
-0.066
1.427
0.457
0.807
0.343
1.025
5.299
0.550
-0.530
-0.432
0.369
-0.297
-0.296
0.737
-1.441
-1.326
-0.171
0.156
1.413
0.064
-0.474
2.061
1.205
-0.969
0.064
-0.705
-1.295
-0.372
0.678
-0.673
0.292
-0.162
0.064
0.610
0.233
-0.259
-0.387
-0.349
-0.739
1.019
0.031
0.404
0.526
0.570
-0.069
-0.287
0.059
-0.354
1.712
0.055
1.395
-0.292
