-0.040
0.115
-0.300
0.272
0.440
0.355
0.367
0.460
0.118
0.060
0.294
0.593
0.385
0.428
-0.093
-0.003
-0.491
-0.356
-0.364
-0.265
0.465
-2.317
-0.639
0.510
-0.133
0.265
-0.167
-0.149
0.303
-0.085
0.095
-0.290
0.233
-0.040
0.085
2.950
2.270
2.329
0.586
1.700
1.949
4.122
0.029
-0.563
0.827
-0.321
0.052
-0.015
2.159
2.070
2.008
1.977
2.071
3.425
2.342
2.207
0.983
-0.040
0.916
3.953
1.152
0.951
1.184
2.665
1.004
4.134
2.275
0.738
0.337
-0.784
0.563
0.138
0.652
0.882
0.041
1.011
-0.040
-0.313
3.447
-0.068
-0.460
1.239
0.917
0.699
-0.079
0.043
1.143
2.534
0.976
0.311
-0.786
0.225
0.329
0.644
0.639
-0.032
0.070
-0.175
1.263
0.865
-0.040
-0.212
-0.045
0.399
0.311
-0.236
-0.161
0.026
0.018
-0.100
0.081
0.378
-0.149
0.011
-0.012
-0.012
0.028
-0.241
0.018
-0.032
0.041
-0.057
-0.060
-0.191
-0.115
0.809
0.202
-0.767
-0.886
0.421
-0.096
-0.105
2.052
-0.005
-0.621
1.159
-0.003
0.559
0.021
0.057
0.187
0.228
-0.284
0.055
0.589
-0.245
0.219
0.637
0.582
2.090
1.294
0.466
1.084
3.064
0.879
2.938
2.912
1.615
2.077
0.058
0.473
2.222
1.743
-0.040
-0.578
-0.097
1.081
0.449
0.249
0.866
0.944
-0.291
0.162
-0.040
0.904
1.526
2.047
0.910
1.783
-0.040
-0.040
2.614
-0.250
0.828
0.400
-0.040
-0.040
-0.464
0.305
0.062
-0.093
1.044
-0.040
-0.569
-0.126
-1.183
0.302
0.214
0.477
0.231
0.349
0.069
-0.915
0.537
0.057
-0.040
2.627
3.057
0.748
0.587
1.516
-0.040
-2.260
0.519
0.104
-3.234
-2.724
-0.226
4.021
2.327
1.002
3.377
1.053
1.927
1.957
0.481
0.916
2.003
1.529
0.898
1.670
1.961
1.581
0.566
5.682
0.552
-0.602
0.986
0.019
1.432
-0.030
0.657
0.158
-0.469
2.776
0.075
0.072
-0.973
1.579
1.931
-0.273
1.103
0.756
-0.166
0.871
0.323
2.015
-0.278
0.775
1.125
1.287
0.357
1.771
0.962
-1.596
-0.344
-0.431
0.339
-0.156
0.568
-0.436
1.436
-0.122
-1.335
0.975
-0.054
0.166
0.346
0.910
-0.086
-0.434
0.573
0.730
-0.891
1.434
-0.066
0.285
0.156
-0.108
0.568
2.019
-0.224
0.273
-0.427
0.118
-0.223
-0.151
-0.195
3.339
0.037
0.465
1.700
-0.011
1.000
0.396
0.558
-0.677
-2.148
-1.736
0.196
0.681
-1.036
0.474
-0.213
1.028
2.676
0.888
0.106
0.452
0.236
0.343
-0.261
-0.008
-0.579
-0.049
-0.040
0.780
0.041
-0.171
2.200
1.325
-0.044
0.259
0.733
0.383
0.906
0.545
0.470
0.042
-0.476
0.807
1.485
-0.722
0.404
0.568
-0.417
0.603
-0.765
-0.299
3.604
1.443
1.028
1.351
2.053
1.017
0.375
1.019
2.236
0.852
0.991
0.848
0.110
0.983
1.238
1.011
0.867
2.620
-0.151
3.033
-0.638
1.438
1.512
1.438
0.777
1.178
0.933
0.306
0.274
0.188
-0.031
0.551
0.447
-0.429
0.502
0.699
0.637
-0.188
-0.040
1.777
-0.040
-0.920
0.381
-0.084
0.128
0.728
0.500
0.255
0.169
0.898
2.042
2.266
1.333
1.311
1.575
1.630
-0.043
-0.084
2.043
6.004
0.180
0.347
-0.046
0.801
0.047
0.047
-0.242
0.204
0.872
0.028
0.468
0.446
0.628
-0.375
0.398
-0.007
0.736
0.457
0.120
-0.040
0.006
-0.136
-0.300
-0.800
0.523
-0.127
1.573
2.192
-1.073
-0.820
-0.278
-0.083
-0.455
-0.327
-0.471
0.496
-1.231
-1.521
-1.616
-1.269
-0.210
0.051
-0.540
-0.580
-0.083
-0.040
0.382
1.389
-0.696
-0.344
1.733
-0.274
0.989
1.692
0.051
0.541
0.430
0.058
0.321
-0.044
0.471
0.713
-0.492
0.497
2.314
0.056
2.551
1.140
0.371
0.050
1.921
2.968
0.160
-0.193
0.206
0.227
0.498
2.057
0.950
1.682
0.765
2.515
1.324
0.635
0.236
0.173
1.352
0.631
0.409
0.835
1.999
0.983
1.795
-0.126
-0.361
-0.563
-0.053
0.176
0.319
-0.612
0.588
0.670
0.355
0.354
0.186
0.444
0.357
0.407
0.067
0.780
0.518
1.927
1.964
0.403
0.325
-0.533
-0.048
-0.181
0.228
0.233
0.074
0.168
-0.225
0.047
0.774
1.338
0.882
1.131
0.579
1.186
1.082
3.182
1.200
1.291
-0.246
0.833
0.442
1.283
0.421
0.544
0.280
0.110
0.620
0.993
0.224
0.823
0.242
0.274
0.475
0.285
0.007
0.671
0.208
0.075
0.565
0.684
0.152
-0.040
0.978
-0.117
1.317
1.691
0.597
2.361
1.117
0.694
-0.041
1.738
-0.056
0.142
-0.135
0.431
-0.802
-0.821
0.077
-0.240
0.077
0.017
0.090
0.504
0.623
0.070
-0.263
0.392
0.148
-0.869
0.484
0.844
-0.544
0.442
-0.124
1.526
0.671
0.328
1.898
0.627
0.786
1.041
0.593
0.893
0.939
0.948
1.118
0.370
0.489
4.669
0.805
0.411
1.079
1.129
-0.547
-0.332
0.746
-0.458
-0.402
0.179
0.701
1.243
0.088
1.094
0.540
0.439
-2.168
-0.040
-0.547
-1.064
-0.239
0.507
-0.634
0.544
-0.105
-0.497
0.415
0.687
-0.324
-0.402
-0.351
-0.664
0.892
0.262
0.780
1.029
0.707
-0.099
-0.135
0.098
-2.026
2.097
-0.396
1.193
-0.561
