0.083
-0.029
0.028
-0.034
0.516
0.065
0.707
0.255
0.947
0.324
0.609
0.594
0.824
0.167
0.161
0.025
-0.406
-0.109
-0.242
-0.437
0.021
-1.132
-1.760
0.156
0.163
0.172
0.403
-0.019
0.723
0.014
0.210
0.333
-0.708
0.644
-0.265
2.643
2.304
2.171
0.480
2.066
2.575
4.242
0.084
-0.049
0.811
0.469
0.293
0.188
1.823
2.046
2.124
1.904
2.421
3.362
2.258
1.199
1.512
-0.287
1.178
3.750
0.726
0.909
1.120
1.594
1.277
2.209
1.634
0.197
0.220
-1.062
0.190
-0.160
-0.007
0.485
0.488
0.539
-0.524
-1.289
3.374
-0.012
-0.713
1.309
0.493
0.304
-0.213
0.523
0.973
2.930
0.530
0.538
0.111
0.142
0.238
0.612
-0.013
-0.615
0.198
0.036
1.761
0.860
0.404
0.295
0.401
1.010
0.336
-0.260
0.004
0.096
-0.133
-0.401
-0.055
0.328
-0.208
-0.067
-0.135
-0.054
0.227
-0.235
-0.041
-0.513
0.292
0.065
-0.177
-0.381
-0.298
2.183
0.072
-1.052
-1.057
0.577
0.180
-0.317
-0.059
0.127
-0.318
0.898
-0.809
-0.021
-0.302
0.008
0.376
-0.853
-0.434
0.007
-0.128
-0.095
0.220
0.331
0.601
1.973
1.110
0.348
0.995
2.418
2.235
3.458
2.619
2.542
2.562
0.139
0.780
2.695
1.966
0.114
-0.380
0.191
1.230
0.536
0.370
0.114
1.573
-0.300
-0.137
-0.180
0.675
1.192
0.354
0.693
1.704
0.650
0.343
1.492
-0.030
0.640
0.488
0.469
0.516
-0.624
0.186
0.066
0.045
0.509
-0.033
2.123
0.775
-0.901
0.811
0.916
0.935
0.272
1.207
0.276
-0.104
-0.042
0.368
-0.221
2.686
2.895
0.652
-0.577
-0.270
-0.039
-0.962
0.581
0.021
-0.481
-0.503
-0.319
3.260
1.601
1.652
2.930
0.920
2.444
0.704
0.607
0.028
0.301
1.220
0.519
-0.239
1.112
1.034
0.669
3.121
-0.123
-1.269
1.713
-0.059
1.088
0.172
1.014
-0.278
0.268
2.245
0.131
0.361
-0.366
-0.181
1.114
-1.580
1.130
0.604
0.249
1.213
0.689
2.076
-0.204
-0.208
0.866
0.242
0.186
0.897
0.697
-0.993
0.467
-0.206
0.127
-0.229
0.747
-0.030
1.260
0.351
-0.098
0.636
0.060
0.053
0.467
1.134
-0.612
1.111
0.448
1.161
1.700
1.174
0.370
0.210
0.561
0.114
0.135
1.147
-0.128
0.253
-0.209
0.193
-0.288
-0.361
-0.454
2.166
-1.054
0.401
0.279
0.075
1.099
0.303
0.334
-0.787
-2.386
-1.245
-0.590
0.599
-0.363
0.343
-0.453
0.061
2.413
-0.887
-0.733
-0.331
-0.148
-0.082
0.075
-0.202
0.152
0.046
0.071
0.616
0.172
0.248
1.825
0.966
0.043
0.098
0.813
0.496
1.022
0.472
0.280
0.169
-0.289
0.830
1.431
-0.002
0.458
0.158
0.026
0.214
-0.396
-0.144
2.862
1.577
1.156
1.684
1.840
0.448
0.428
0.856
1.003
1.143
-0.173
-0.272
0.151
0.796
0.203
0.134
-0.959
-0.428
0.093
3.724
-1.510
1.112
0.579
1.394
0.292
1.410
0.023
0.159
-0.054
0.269
0.471
0.406
-0.289
-1.027
0.286
0.351
1.448
1.072
1.043
0.841
0.683
-0.093
0.412
0.629
-0.039
1.294
1.072
0.331
2.106
-0.585
2.766
1.347
1.391
1.447
0.507
1.721
0.232
0.141
2.609
2.749
0.585
0.537
0.170
1.151
0.203
0.403
-0.422
0.371
0.854
-0.171
1.214
0.971
1.041
0.069
0.794
0.626
0.534
0.217
0.287
-0.287
-1.535
-0.073
-1.836
0.127
0.930
-0.028
1.030
0.596
0.108
0.059
-2.058
-0.424
-0.303
-0.416
-1.074
0.461
-0.662
-0.837
-0.880
-1.756
-0.598
-0.546
-1.501
-0.615
-0.095
0.101
-0.176
1.704
-1.328
-0.197
1.652
-0.828
0.910
3.439
0.044
2.093
0.094
-0.124
-0.363
0.088
0.337
0.377
-0.179
0.634
1.932
0.064
1.750
1.105
0.278
0.127
1.412
1.817
0.507
0.064
0.192
0.105
-0.273
2.231
1.404
1.846
0.583
2.814
0.669
0.451
0.695
0.271
1.260
0.459
0.767
0.838
1.322
0.987
2.437
0.173
-0.105
-0.277
0.070
0.251
0.204
-0.254
0.001
0.396
0.506
0.429
0.538
-0.652
-0.253
0.515
0.204
0.321
0.357
1.421
1.863
0.640
-0.510
-0.388
-0.074
0.027
0.121
0.079
0.177
-0.151
0.120
0.423
0.226
1.171
0.673
0.853
0.971
0.860
1.482
3.132
1.419
1.527
-0.504
1.182
0.500
1.781
0.146
0.117
-1.408
0.338
0.665
0.369
0.457
0.455
0.211
0.189
0.504
-0.060
0.374
0.659
0.685
0.515
0.585
1.053
0.209
0.039
1.363
-1.155
2.776
0.114
0.114
1.074
0.916
0.479
-0.160
0.564
-0.091
0.249
-0.240
0.298
-0.101
-0.907
-0.062
0.000
-0.056
0.093
-0.134
2.047
1.261
-0.202
0.220
-0.201
0.413
0.030
0.147
-0.503
0.368
0.006
0.008
0.870
0.729
0.484
2.090
0.725
0.218
1.410
0.948
0.112
1.228
0.386
0.609
0.443
0.359
4.434
0.963
0.022
-0.118
0.529
-0.290
0.148
0.457
-0.174
-0.304
0.464
0.380
1.687
-0.765
-0.194
1.637
0.845
-1.221
0.114
-0.096
-0.528
-0.353
0.126
0.061
-0.063
-0.279
-0.501
0.763
0.906
-0.022
-0.129
-0.061
-0.686
0.426
0.281
0.688
1.424
0.699
0.394
-0.176
-0.441
-0.699
1.472
-0.164
0.158
-0.344
