0.055
0.003
-0.094
0.298
-0.001
-0.206
0.335
0.473
0.498
0.178
0.861
0.436
0.381
0.539
0.091
-0.069
-0.209
-0.162
0.020
-0.007
-0.291
-1.939
-0.193
0.161
0.097
0.045
-0.074
0.050
0.216
-0.145
-0.084
-0.224
-0.259
0.098
0.258
3.496
2.312
2.914
0.904
2.335
1.916
5.477
0.317
-0.506
0.373
-0.108
0.439
0.442
2.826
1.832
2.609
1.782
3.001
3.662
2.997
1.749
1.247
0.127
0.735
4.530
2.410
2.422
2.052
2.257
1.146
3.819
2.051
0.808
-0.277
0.073
1.202
-0.151
-0.537
0.277
2.245
2.536
1.587
-0.208
3.320
-0.108
-0.489
1.056
1.712
0.336
-0.153
-0.177
0.915
2.200
0.384
0.287
-0.438
0.066
0.120
0.428
0.329
0.048
-0.036
-0.011
1.437
0.201
0.036
0.040
-0.005
0.700
0.469
-0.267
0.033
0.060
-0.020
-0.525
0.377
-0.004
-0.356
-0.383
-0.343
-0.208
-0.008
-0.179
-0.048
-0.278
0.085
0.008
-0.150
-0.467
-0.325
1.271
-0.552
-1.150
-0.135
-0.232
-0.095
-0.253
0.950
2.192
-0.846
1.347
-1.095
0.403
-0.338
0.011
1.776
-0.429
-1.234
0.629
0.234
-0.062
0.162
0.292
1.246
4.131
0.560
-0.075
1.830
1.839
2.777
4.343
3.789
4.703
4.976
0.586
2.037
2.951
2.261
0.765
-0.422
0.178
1.634
1.077
0.200
0.525
0.622
-0.320
-0.127
-0.436
1.166
2.362
2.606
0.850
2.078
0.809
-0.165
1.701
-0.061
0.954
1.159
1.166
0.565
-0.261
0.463
-0.403
-0.017
0.986
-0.132
2.962
2.501
-0.594
1.032
1.882
0.389
0.122
0.071
0.784
0.102
0.606
0.320
0.730
4.375
2.200
0.557
0.133
-1.001
-0.118
-1.238
0.602
0.793
-0.403
-0.801
-0.277
2.479
2.341
1.448
3.146
-0.018
1.919
2.128
0.955
1.272
0.609
1.806
1.160
0.634
2.244
2.647
2.099
3.539
-0.437
-0.749
1.058
-0.267
0.430
0.563
0.979
-0.466
0.070
2.871
-0.001
0.591
0.180
0.962
1.041
-0.596
0.843
0.567
0.695
1.209
0.645
1.821
0.187
0.267
1.398
0.793
1.119
0.463
0.709
-0.792
-0.109
-0.730
0.166
-0.123
0.421
-0.024
0.285
-0.041
-0.374
0.329
0.136
1.963
0.502
0.024
-0.153
-0.554
0.414
1.565
0.925
0.563
0.157
0.566
-0.143
0.127
0.040
2.803
-0.135
-0.018
-0.104
-0.058
-0.523
-0.048
0.381
1.792
-0.638
-0.637
1.660
-0.195
1.799
-0.053
1.442
-0.268
-1.394
-1.708
-0.958
0.587
-1.339
0.544
-0.424
1.112
1.843
1.713
-0.547
0.330
-0.305
0.043
0.020
0.235
0.270
0.770
-0.053
1.526
-0.219
-0.068
0.673
0.803
0.192
0.601
0.742
0.394
1.306
0.283
-0.020
0.181
0.006
0.673
2.087
-1.047
0.451
0.440
-0.472
-0.103
-0.312
-0.094
4.295
2.464
1.947
1.617
1.692
1.232
0.118
1.024
2.875
1.029
0.890
1.153
0.083
-0.024
1.502
0.029
0.329
2.910
0.105
2.230
-0.191
0.841
0.780
1.190
0.013
2.045
1.184
0.321
0.169
0.089
0.138
-0.397
-0.705
-0.854
0.176
0.042
-0.115
-0.210
0.626
0.684
0.017
-0.272
-0.212
-0.040
0.108
-0.132
1.114
-0.056
1.447
-0.188
2.094
2.004
1.378
0.758
1.074
2.071
-0.143
0.299
2.809
2.237
-0.508
1.725
0.054
0.542
0.400
0.190
-0.017
0.404
1.645
0.139
1.288
0.380
0.519
-0.415
-0.042
1.040
1.257
0.235
0.227
-0.291
-0.758
0.195
-0.476
0.147
0.121
-0.514
2.349
1.251
0.146
-0.142
-0.876
-1.542
-0.276
-0.394
-0.346
-0.202
-0.809
-0.878
-0.776
-1.111
-0.604
0.209
0.001
-0.405
-0.156
0.673
-0.199
1.407
-0.660
-0.101
1.232
-0.681
-0.503
-0.121
-0.607
0.898
-0.780
0.239
0.370
0.053
0.598
0.559
-0.563
0.240
1.996
0.344
2.142
0.013
1.087
0.595
0.931
1.721
0.080
-0.096
0.307
0.314
0.376
2.247
0.508
1.473
0.369
2.756
1.223
0.825
0.356
0.213
0.559
0.344
0.628
0.927
2.928
1.851
2.779
0.189
0.010
0.107
-0.210
0.095
-0.109
-0.895
0.211
0.168
0.358
0.217
0.278
1.087
0.241
1.352
-0.006
0.695
0.545
1.836
1.574
1.164
0.365
-0.558
-0.387
0.482
1.098
0.084
-0.244
-0.264
-0.199
-0.049
0.451
1.381
0.731
1.156
1.877
1.046
2.061
3.449
1.479
1.974
0.098
0.377
0.175
0.379
-0.111
0.442
0.233
0.263
0.745
1.142
0.495
0.869
0.279
0.305
0.374
-0.220
-0.023
0.906
0.739
0.250
0.813
0.246
0.079
0.096
0.629
-0.347
3.109
1.361
1.617
-0.105
0.199
0.347
-0.109
1.800
-0.090
0.325
-0.141
0.539
-0.006
-1.406
0.050
-0.145
-0.018
-0.155
-0.167
2.241
0.572
-0.547
0.201
0.356
-0.137
0.052
-0.081
-0.181
-0.052
0.358
-0.077
0.278
0.491
0.137
1.348
0.532
0.025
1.137
1.417
-0.064
1.287
0.355
2.146
1.035
0.738
1.731
1.123
-0.163
-1.139
0.985
-0.402
-0.074
0.099
-0.865
-0.254
-0.249
-0.022
1.020
-1.262
0.891
0.472
-0.189
-0.868
0.721
-0.623
-1.322
-0.842
-0.500
-0.079
0.371
-2.098
-0.447
0.675
0.833
0.068
-0.170
-0.117
-0.722
0.010
0.249
1.198
1.210
0.345
0.063
0.075
-0.235
-1.351
3.058
-0.160
0.109
0.397
