0.246
-0.092
-0.092
0.053
-0.092
-0.092
-0.092
0.048
1.413
-0.092
0.179
0.227
0.020
0.393
-0.092
-0.092
-0.092
-0.092
-0.009
-0.092
-0.013
-1.028
-0.735
0.181
0.102
-0.032
-0.021
0.735
-0.092
-0.150
-0.031
-0.163
-0.296
-0.581
-0.247
1.936
1.678
3.112
1.228
2.702
1.271
2.260
-0.092
-0.063
0.116
-0.030
-0.092
-0.092
1.603
0.975
2.196
0.844
0.530
3.316
1.579
0.527
0.664
0.123
0.302
3.778
0.944
0.650
2.312
1.017
0.139
1.680
1.423
0.274
-0.609
0.332
1.614
-0.429
0.365
0.220
0.784
1.110
0.239
-0.867
2.392
-0.406
-0.136
0.863
-0.014
-0.092
0.502
0.197
0.583
2.289
-0.323
-0.849
-0.185
-0.092
-0.040
-0.011
0.008
-0.092
-0.092
-0.092
0.933
0.925
-0.092
-0.092
0.261
0.351
0.213
-0.126
-0.092
-0.092
-0.092
-0.283
-0.092
-0.039
-0.092
-0.092
-0.092
-0.092
-0.092
-0.092
-0.092
-0.092
-0.092
-0.092
-0.092
-0.092
-0.158
0.986
0.496
-0.920
-0.676
0.447
-0.092
-0.006
2.072
-0.092
-0.368
0.714
0.049
0.241
-0.207
0.797
1.238
-0.140
-0.811
-0.040
-0.092
-0.092
-0.013
0.486
0.148
2.281
0.050
-0.043
1.402
0.676
0.691
2.464
2.401
2.190
2.721
1.791
1.699
1.589
1.319
0.270
-0.164
0.209
0.776
1.982
-0.092
0.142
0.204
-0.235
-0.155
-0.206
-0.057
2.441
1.844
-0.070
0.932
1.228
-2.011
1.478
-0.126
1.224
1.843
2.265
0.347
-0.173
-0.092
-1.803
-0.168
-0.092
0.006
1.497
2.138
0.206
0.531
0.474
-0.035
0.057
0.331
-0.092
-0.092
0.059
0.504
0.442
0.637
0.440
1.589
-0.092
-1.723
-0.116
-0.039
-0.092
-0.092
-0.452
-0.984
-1.017
1.406
1.454
0.694
0.848
0.222
0.299
0.669
-0.048
0.337
1.317
1.221
0.931
-0.049
2.459
2.282
3.383
2.625
-0.108
-0.775
0.209
0.007
1.194
0.103
0.163
-0.240
-0.040
0.111
-0.092
0.161
0.487
0.824
0.875
-0.443
0.264
0.573
0.710
-0.092
-0.092
0.672
0.008
1.057
2.027
0.722
0.670
1.292
-0.007
-0.652
0.637
-2.430
-0.541
-0.211
1.337
-0.385
-0.006
-0.092
-0.125
-0.038
0.150
0.418
-0.069
-0.092
-0.172
-0.262
0.022
1.366
0.111
1.049
-0.092
2.259
-0.092
-0.092
-0.086
1.919
-0.089
-0.092
-0.277
-0.435
-0.994
0.036
-0.163
1.060
-0.269
-0.580
2.108
0.648
2.562
0.002
1.138
-0.154
-2.057
-0.773
-1.117
-0.018
-0.217
-0.092
-0.092
0.230
0.022
0.651
-0.181
-0.092
-0.092
0.021
-0.092
-0.067
-0.021
0.890
-0.126
0.750
-0.094
-0.251
1.076
-0.076
0.031
-0.255
0.683
-0.069
2.254
0.703
0.560
-0.242
-0.190
-0.092
1.305
-0.092
0.105
0.376
-0.612
0.508
-0.208
-0.548
2.735
0.474
0.974
1.008
0.993
0.543
0.143
1.025
1.224
0.202
0.302
-0.045
-0.092
-0.037
0.694
1.219
0.051
1.241
0.033
3.290
-1.095
1.836
1.616
0.849
-0.092
0.883
0.184
-0.012
0.045
-0.622
1.392
-0.274
-0.758
-3.103
-0.183
-0.274
0.113
0.208
0.038
-0.057
-0.092
-0.895
-1.614
-0.092
-0.897
-0.177
0.359
1.521
0.731
-0.175
0.208
0.586
0.720
0.061
-0.076
0.615
-0.228
-0.237
3.291
3.075
0.149
0.023
-0.092
0.015
-0.092
-0.018
-0.600
-0.092
0.067
-0.010
-0.063
1.133
0.500
-0.092
0.365
0.267
1.798
-0.169
-0.092
-0.087
-0.092
-0.092
-0.701
-0.092
0.039
-0.242
0.160
0.344
0.081
-0.092
-0.408
-0.553
-0.092
-0.318
-0.510
-0.136
-0.222
-0.179
-0.237
-0.239
-0.411
-0.217
-0.341
-0.819
-0.331
-0.051
-0.733
0.140
-0.161
-0.212
0.140
-0.092
0.131
0.319
-0.109
0.587
-0.092
-0.092
-0.047
-0.092
-0.092
0.283
-0.092
0.180
1.661
0.003
2.428
0.137
2.269
0.589
0.086
0.219
0.158
-0.067
-0.133
-0.105
0.033
0.444
0.146
1.407
0.191
1.894
0.512
0.206
-0.092
-0.092
0.204
-0.092
0.184
0.155
2.697
0.685
1.723
-0.064
-0.092
-0.092
0.061
-0.023
-0.092
-0.092
0.064
0.116
0.054
0.546
0.227
-0.059
0.026
0.994
0.460
0.084
0.249
0.145
0.849
0.858
-0.092
-0.882
-0.185
-0.048
-0.092
-0.092
-0.090
-0.092
-0.092
-0.092
-0.092
0.210
-0.116
0.580
0.289
0.276
1.195
4.529
0.128
1.326
0.040
-0.092
0.105
0.034
-0.092
-0.014
-0.092
-0.092
0.505
0.742
0.178
2.231
0.223
-0.092
-0.092
-0.242
-0.092
0.797
0.029
-0.099
-0.018
0.492
-0.603
-1.017
-0.041
-0.145
1.079
0.755
0.390
-0.242
1.209
0.171
-0.092
-0.092
-0.092
-0.009
-0.730
-0.092
0.036
-0.092
0.471
-0.295
-0.155
0.065
-0.121
-0.277
0.160
-0.019
-0.171
-0.092
0.052
-0.062
-0.008
0.328
-0.092
-0.086
-0.092
0.077
0.189
0.031
2.052
0.541
-0.234
1.090
0.793
0.092
1.219
0.237
0.358
1.408
1.020
2.919
1.571
-0.092
-0.579
1.611
-0.092
-0.601
0.051
-0.961
-0.448
-0.274
0.063
1.462
-0.402
0.087
0.253
0.573
-0.553
0.526
-0.490
-0.093
-0.061
-0.330
-0.076
1.542
-0.092
-0.799
0.328
0.996
-0.092
0.289
-0.179
-0.165
0.109
-0.092
0.791
1.249
0.185
0.552
-0.238
-0.092
-1.199
2.163
-0.542
-1.926
0.159
