0.061
-0.035
0.014
0.056
-0.035
0.711
-0.151
0.887
0.297
0.151
0.814
0.208
0.027
0.178
-0.035
-0.437
-0.142
-0.245
0.046
-0.035
0.367
-0.298
-0.687
-0.009
-0.029
0.059
0.055
0.565
0.087
-0.095
-0.035
-0.039
-0.079
-0.115
-0.057
1.537
2.034
3.492
0.599
2.096
1.452
4.606
-0.035
-0.249
-0.027
-0.099
0.257
0.319
2.986
1.205
1.863
1.147
2.313
3.085
2.682
1.913
1.775
-0.035
0.131
2.403
0.667
0.990
1.115
1.189
0.846
2.518
2.586
0.647
0.161
0.034
1.074
-0.474
1.078
0.020
0.384
0.594
0.072
-2.017
2.326
0.035
-0.865
1.026
0.807
-0.020
0.010
0.056
1.318
1.849
0.093
0.324
-0.204
0.427
-0.010
0.914
-0.035
0.048
-0.015
-0.035
0.707
-0.011
0.077
0.051
0.760
0.741
1.106
-0.486
0.057
0.226
0.007
-0.469
-0.035
0.382
-0.035
-0.046
-0.050
-0.035
-0.019
-0.263
-0.035
-0.035
0.158
-0.035
-0.035
-0.006
-0.323
0.977
0.733
-0.970
-0.035
0.736
-0.035
-0.193
0.383
0.079
-2.250
-0.107
-0.870
0.113
-1.305
0.341
0.955
-0.125
-0.797
0.727
-0.027
-0.193
0.211
1.492
0.153
1.053
1.416
-0.262
0.913
1.755
2.254
3.280
2.465
3.272
2.457
-0.516
-0.093
1.486
1.898
0.130
-0.035
0.277
0.940
0.386
0.023
0.235
0.155
-0.012
-0.035
-0.225
0.002
0.532
1.677
0.150
1.122
0.926
-0.072
2.734
-0.035
0.693
1.644
-0.035
0.024
-0.620
-0.126
0.039
0.076
0.384
-0.179
1.579
0.663
-0.561
0.786
1.004
0.072
0.015
0.060
0.230
-0.035
0.501
0.354
0.294
1.303
1.575
0.513
-0.116
-0.293
-0.254
-0.317
-0.035
-0.037
-1.270
-0.361
-0.240
2.388
1.756
0.909
1.998
0.770
1.027
1.007
0.680
1.067
0.917
1.592
0.667
0.057
1.802
1.979
1.841
2.220
-0.500
-2.293
-0.139
0.778
0.310
0.402
0.253
-0.016
-0.227
1.729
0.193
1.508
0.124
1.273
0.552
-0.154
0.256
-0.043
0.261
0.594
0.274
0.948
-0.064
-0.159
0.127
0.334
0.614
1.430
0.510
-0.474
-0.035
-0.418
-0.236
-0.912
-0.070
-0.064
0.326
0.135
-0.035
0.216
-0.031
2.002
0.489
0.250
0.216
-0.121
0.058
0.133
1.129
0.312
-0.066
0.657
-0.035
-0.035
-0.605
1.826
-0.139
0.003
-0.035
-0.136
-0.170
0.075
0.059
1.695
-0.500
-0.283
0.072
-0.035
0.621
-0.350
1.113
-0.413
-2.575
-1.623
0.113
0.383
-0.615
0.133
0.076
0.433
1.772
0.561
-0.565
0.206
0.161
0.109
-0.047
0.269
-0.035
0.408
-0.020
0.542
-0.035
-0.029
0.826
0.604
0.077
0.177
0.329
-0.035
0.880
0.281
0.156
-0.035
-0.209
0.130
0.646
-0.669
0.018
-0.306
-0.621
0.967
-0.035
-0.035
3.719
0.607
0.688
1.032
1.033
0.913
0.186
1.331
1.836
1.168
0.785
0.538
-0.035
0.175
0.099
0.214
1.290
1.540
-0.026
1.495
-0.486
1.395
0.970
0.146
-0.009
0.576
0.103
0.430
0.213
-0.010
1.044
-0.140
-0.073
-0.275
0.246
0.175
0.600
0.185
0.411
0.068
-0.032
-0.875
-0.035
-0.083
0.196
0.823
0.656
0.123
0.998
-0.899
1.079
0.467
0.004
0.269
0.481
1.588
1.528
0.021
0.618
1.923
0.465
0.398
-0.052
0.299
0.278
-0.000
-0.044
-0.035
0.364
-0.103
0.988
0.146
-0.033
0.232
0.083
-0.189
1.281
-0.035
-0.035
-0.035
-0.076
0.080
0.225
-0.210
0.389
-0.362
0.832
0.460
-0.035
0.038
-1.128
-0.547
0.435
-0.038
-0.072
-0.035
-2.081
-1.705
-0.334
-2.564
-0.471
0.762
-0.106
-0.291
0.028
0.225
-0.035
1.079
-0.035
-0.035
1.353
-0.362
-0.368
1.127
-0.035
1.279
0.003
-0.100
-0.570
0.002
0.268
0.269
-0.075
0.039
1.651
-0.063
2.331
0.394
0.603
0.028
-0.846
0.028
0.056
-0.704
-0.602
-0.233
-0.334
1.520
0.535
0.636
-0.016
2.159
0.989
0.444
0.184
-0.533
0.311
-0.035
0.059
0.323
2.423
0.978
0.870
0.478
0.096
0.314
0.116
0.083
0.365
-0.035
-0.008
0.031
-0.010
-0.038
0.649
-0.374
0.012
0.115
0.100
-0.034
0.115
2.139
1.516
0.516
-0.035
-0.237
-0.035
0.040
0.997
0.141
-0.035
0.432
0.230
-0.001
0.011
0.647
-0.015
0.487
0.652
0.136
0.972
3.019
0.287
0.359
-0.015
0.155
-0.007
0.253
0.084
0.248
-0.575
-0.030
0.866
0.729
0.036
0.136
0.025
-0.269
-0.147
-0.000
-0.316
0.347
0.290
0.040
0.330
0.413
-0.035
-0.677
1.255
-0.035
2.381
0.386
0.664
-0.035
0.377
1.080
-0.035
0.050
-0.035
0.042
-0.056
-0.035
-1.131
-0.134
0.003
-0.183
-0.931
0.006
-0.945
0.540
0.634
0.020
0.040
0.107
-0.035
0.366
0.219
0.289
0.272
0.117
-0.029
0.109
0.800
-0.035
1.706
0.418
0.991
0.328
-0.419
-0.064
1.128
0.056
1.064
0.502
0.058
1.424
0.322
-0.044
0.656
0.344
-0.259
-0.082
0.052
-0.390
-0.328
0.288
0.225
0.930
-0.113
0.058
0.267
-0.626
-1.489
0.140
-0.263
-0.489
-0.631
-0.165
-0.530
0.383
-0.771
-1.001
0.227
0.411
-0.102
-0.035
-0.693
-1.317
0.716
0.112
1.276
1.096
-0.151
0.111
-0.073
-0.050
-0.627
1.238
-0.303
-0.497
0.351
