-0.281
-0.119
0.060
-0.193
0.004
-0.074
0.022
0.226
0.560
0.453
0.097
0.239
0.068
0.096
0.205
0.010
-0.169
-0.294
-0.046
0.205
-0.045
-1.566
-0.223
-0.061
-0.078
-0.255
0.103
0.025
0.203
-0.462
0.100
-0.050
-0.171
-1.130
0.069
2.858
1.367
1.551
0.532
1.602
1.463
1.345
-0.008
-0.030
0.140
0.142
0.232
0.314
2.071
2.042
1.777
3.202
2.394
4.078
1.134
0.410
1.688
0.719
0.895
2.758
1.704
1.730
1.080
1.564
0.555
1.542
1.126
0.351
-0.308
0.189
0.568
-0.470
0.035
-0.024
1.558
1.634
0.645
-0.741
1.931
0.036
-0.247
1.271
0.035
0.898
-0.057
-0.115
0.207
1.427
0.024
-0.102
-0.227
-0.125
0.021
0.137
0.113
-0.403
0.099
-0.032
2.409
1.896
-0.200
0.687
0.196
0.276
0.250
-0.543
0.011
0.067
0.058
-0.944
0.040
-0.041
-0.136
0.037
-0.237
-0.289
0.046
0.021
0.049
0.046
0.049
0.098
0.024
-0.806
-0.621
1.582
-0.254
-0.569
-0.356
-0.207
-0.058
-0.941
-0.250
0.088
-0.764
-0.148
-0.818
-0.194
-0.546
-0.122
-0.282
-0.755
-0.841
-0.290
-0.014
-0.098
-0.115
0.026
0.047
2.539
0.406
0.040
0.785
0.991
1.145
3.900
3.499
2.078
2.074
-0.127
-0.177
1.685
1.495
0.476
-0.088
0.063
2.027
0.803
0.339
0.025
0.616
-0.642
-0.229
0.018
0.579
2.541
1.632
0.438
1.080
0.731
-0.347
1.900
-0.058
0.019
0.428
-0.051
-0.039
-0.011
-0.698
-0.384
0.097
0.754
-0.627
2.946
0.653
-0.447
0.352
0.617
0.030
0.085
0.966
0.006
0.070
-0.338
-0.158
-0.107
3.878
2.248
1.726
0.050
-0.559
-0.080
-2.169
0.387
0.017
-0.811
-0.096
-0.111
2.574
2.170
1.634
1.400
0.739
1.374
3.093
0.519
1.017
0.588
1.506
0.747
-0.587
1.174
1.327
3.312
3.960
0.455
-0.875
0.743
-0.607
0.449
0.538
0.634
0.639
0.090
0.849
0.139
-0.008
-0.363
1.279
1.974
-0.208
-0.112
0.982
0.291
0.912
0.236
1.407
0.155
0.106
1.084
1.095
0.155
0.358
0.959
-1.565
0.021
-0.632
-0.201
-1.170
0.159
-0.007
0.259
-0.036
-0.178
1.220
0.063
1.654
-0.181
-0.425
0.244
-0.270
0.058
2.088
1.609
0.099
0.027
-0.244
-0.139
0.024
0.111
1.612
-0.111
-0.107
-0.024
-0.052
-0.108
0.043
0.550
2.041
0.080
0.201
0.527
0.049
0.908
-0.235
-0.563
-1.181
-2.302
-1.775
0.229
0.411
-1.564
0.183
0.244
-0.006
1.465
1.398
-0.403
-0.254
0.050
-0.138
-0.102
-0.866
-0.814
0.012
-0.286
0.336
-0.008
-0.027
3.325
0.934
0.096
0.050
1.192
-0.033
0.899
0.237
-0.029
-0.019
0.072
0.018
-0.011
-0.166
0.764
0.781
0.124
0.672
-0.286
-0.229
4.206
1.798
3.084
2.578
2.314
0.433
0.112
0.988
1.652
0.447
0.034
-0.302
-0.070
-0.107
0.313
0.326
0.478
-0.304
0.152
3.518
0.064
0.171
0.159
1.255
0.286
1.398
-0.890
-0.025
-0.031
0.295
0.308
-0.034
-0.300
-1.383
-0.161
-0.085
-0.205
-0.290
0.794
0.174
0.105
-0.223
-0.258
0.186
-0.265
-0.309
0.508
0.158
1.144
0.116
1.447
1.903
0.969
1.553
0.552
0.880
0.656
0.814
1.832
2.666
-0.031
-0.054
-0.120
-0.207
0.265
-0.530
0.032
0.622
1.123
0.037
0.591
0.123
0.228
0.131
0.164
-0.175
0.227
0.201
0.158
-0.041
-0.109
-0.045
-0.020
-0.205
0.064
-0.760
0.548
0.550
0.333
-0.246
-0.966
-0.274
-0.015
-0.133
-1.568
-0.220
-1.011
-0.901
-0.440
-1.516
-1.044
-0.429
-1.719
-0.795
-0.202
0.622
-0.522
1.114
-0.169
-0.098
0.274
-0.058
-0.166
-0.333
-0.579
0.426
-0.003
-0.156
0.028
-0.043
-0.014
0.202
0.161
-0.145
2.126
0.592
1.572
0.474
1.920
0.541
0.578
1.083
0.510
-0.010
-0.040
-0.489
0.270
2.441
0.213
2.708
0.959
1.985
0.828
1.144
0.424
0.405
0.139
0.700
1.087
1.047
2.470
0.985
2.689
-0.338
0.020
0.216
-0.231
0.017
0.007
-0.110
-0.093
0.630
0.325
-0.041
0.021
0.002
0.254
0.393
0.290
-0.202
0.208
1.116
1.287
1.099
-0.205
-0.264
0.059
-0.021
0.318
-0.150
0.208
0.071
0.084
-0.024
-0.159
0.847
0.151
0.637
-0.122
1.152
0.310
2.417
2.036
2.250
-0.260
0.069
0.047
-0.137
0.217
0.074
-0.071
0.091
0.196
-0.758
0.367
0.242
0.148
0.069
0.215
-0.107
0.152
0.749
0.431
0.340
1.215
0.234
-0.048
-0.245
0.733
-0.039
1.559
1.112
1.406
-0.003
-0.513
-0.366
-0.570
-0.248
0.140
0.145
0.035
0.084
0.995
-0.235
0.088
-0.016
0.096
-0.019
0.087
0.182
0.403
-0.089
-0.005
0.470
0.339
-0.191
-0.202
-0.340
-0.200
0.146
0.032
1.112
1.014
0.207
2.580
0.437
-0.319
1.746
1.484
0.901
0.930
0.200
1.384
0.829
0.354
0.746
0.854
0.088
-0.367
0.023
-0.165
-0.170
0.192
-1.232
-0.159
-0.158
-0.108
1.743
-0.697
0.875
0.420
0.097
0.170
1.683
-0.157
-0.545
-1.043
-0.230
-0.775
-0.097
-0.035
-0.369
1.224
1.073
-0.050
-0.149
-0.130
-0.273
0.189
0.256
0.692
1.232
0.587
0.099
-0.363
0.281
0.156
2.902
-0.386
-0.865
-0.014
