-0.269
0.019
-0.094
-0.080
-0.183
0.138
-0.771
-0.157
-0.539
-0.274
-0.285
-0.910
-0.179
-0.080
0.121
0.016
0.258
0.310
-0.120
-0.215
-1.103
1.800
0.348
-0.401
0.051
-0.062
-0.166
0.083
-0.837
-0.285
-0.170
-0.060
-0.369
0.049
-0.159
-3.738
-3.161
-3.419
-0.730
-2.698
-2.861
-4.064
0.097
0.049
-0.016
-0.070
-0.396
0.049
-2.943
-1.308
-2.829
-1.972
-2.721
-4.499
-3.719
-1.933
-1.530
0.109
-0.330
-4.051
-1.050
-2.009
-1.790
-2.343
-1.751
-3.176
-2.437
-1.160
-0.029
0.019
-1.521
0.076
0.063
-0.834
0.049
-0.762
0.049
0.553
-6.253
-0.057
0.075
-1.236
-0.467
-0.351
0.803
0.418
-1.840
-3.365
-0.233
0.384
0.146
-0.323
-0.158
-0.580
-0.833
0.065
-0.196
-0.366
-1.474
-0.300
0.023
0.010
-0.201
-0.054
-0.328
0.202
-0.055
0.953
-0.046
-0.054
-0.310
-0.173
0.146
0.067
0.240
0.142
0.048
0.489
0.005
0.090
0.113
0.092
0.029
0.457
0.093
-1.038
1.060
0.743
0.151
-0.259
-0.056
0.221
-0.257
0.049
0.341
-0.193
-0.624
-0.487
1.064
-0.078
-0.146
1.587
0.709
-0.306
-0.401
0.095
0.040
-0.703
-1.858
-2.723
-0.595
0.219
-0.923
-2.605
-2.490
-3.780
-2.313
-4.374
-3.162
0.068
-0.164
-3.421
-2.364
-0.053
0.171
-0.136
-1.934
-2.057
-0.596
-1.069
-1.470
1.098
-0.077
0.051
-1.163
-1.265
-2.068
-0.817
-2.081
-0.963
0.086
-2.059
-0.014
-0.403
-0.740
-0.727
-0.407
1.352
0.274
-0.787
-0.539
-0.052
0.132
-0.577
-1.026
-0.009
-0.427
-0.172
-0.860
-0.210
-0.197
-0.055
0.060
-0.584
-0.332
-0.375
-4.152
-2.577
-1.521
-0.474
-0.833
-0.140
1.895
-1.639
-0.046
0.782
-0.726
0.039
-3.480
-3.210
-1.657
-3.366
-0.773
-1.916
-0.992
-0.775
-0.738
-1.271
-1.499
-0.947
-0.972
-2.040
-1.892
-1.464
-4.313
0.472
0.446
-1.230
-0.519
-0.445
-0.421
-1.244
-0.962
-0.016
-1.879
-0.132
-0.896
-0.002
-0.776
-1.338
0.266
-0.589
-0.405
-0.353
-1.536
-0.567
-1.910
0.501
0.278
-1.390
-0.451
-0.246
-0.350
-1.824
1.070
-0.835
0.284
0.187
-0.003
-1.968
0.121
0.248
-0.092
-0.053
-1.780
0.049
0.016
-0.350
-0.387
-0.397
0.226
-0.845
-0.365
-1.672
-0.894
-0.139
-0.354
-0.146
0.049
-1.340
-2.271
1.349
-0.116
-0.009
0.041
0.155
-0.780
0.064
-1.567
0.319
0.182
-1.699
-1.174
-1.611
-0.253
-0.780
0.800
1.119
1.129
0.175
-0.022
1.602
-0.971
0.203
-0.688
-1.997
-1.013
0.099
-0.127
-0.084
-0.181
0.059
-0.589
-0.306
-0.692
0.108
-1.438
-0.136
-0.071
-1.300
-0.749
-0.928
-0.202
-1.216
-0.661
-1.141
-0.605
-0.226
0.022
0.127
-0.676
-1.462
1.079
-0.943
-1.559
0.003
-0.398
0.174
0.144
-3.560
-1.568
-1.142
-2.257
-1.682
-0.089
-0.176
-1.599
-3.116
-0.764
-0.032
-0.785
0.037
-1.479
-0.417
-0.021
-0.025
-0.949
0.021
-2.963
0.253
-2.164
-1.228
-1.362
-0.260
-2.151
0.060
0.189
-0.215
-1.030
-0.711
-1.458
0.411
0.219
-0.779
-0.715
-0.378
0.106
0.246
-1.135
-0.782
0.709
-0.380
-0.473
-0.508
-0.605
-0.824
-0.692
-1.817
0.097
-0.880
-2.258
0.357
-0.583
-1.427
0.046
-2.528
-0.110
-1.650
-4.560
-0.313
-1.622
-0.259
-0.793
-0.370
-0.159
0.212
-0.401
-1.591
0.082
-1.293
-0.658
-1.072
0.059
-0.642
-0.191
-0.496
-0.375
-0.360
0.023
0.489
-0.221
0.416
0.039
-0.797
0.267
-1.166
-1.026
0.128
-0.686
0.574
0.429
0.100
0.178
0.583
-0.089
0.101
0.140
0.530
0.895
0.504
0.164
0.029
0.049
0.044
-0.307
0.318
-1.591
0.164
-0.002
-1.626
0.290
0.367
-1.254
0.252
-0.608
-0.332
-0.624
0.278
0.020
-1.215
-1.229
0.192
-0.347
-1.961
-0.806
-2.545
-0.498
0.064
-0.014
-1.469
-2.430
-0.174
0.190
0.141
0.165
-0.744
-1.149
-0.660
-2.555
-0.795
-2.704
-0.676
-0.706
-0.671
-0.295
-1.111
-0.390
-0.259
-1.062
-2.334
-1.199
-2.104
0.166
-0.026
0.044
-0.439
-0.073
-0.087
0.686
-0.809
-0.917
-0.135
0.035
0.007
-0.340
0.022
-0.294
0.057
-1.031
-0.479
-3.167
-1.593
-0.638
-0.125
0.464
0.088
-0.527
-2.278
-0.316
0.049
-0.363
-0.371
0.134
-0.126
-1.860
-0.474
-0.992
-0.577
-1.933
-2.160
-3.188
-1.937
-1.803
0.196
-0.789
-0.100
-1.217
0.049
-0.006
1.093
-0.160
-0.562
-0.096
-0.440
-0.275
-0.071
-0.206
-0.165
0.017
-0.277
-0.986
-0.414
-0.152
-0.816
-0.136
-0.055
0.208
-0.841
0.048
-3.373
-1.448
-0.038
0.315
0.253
-0.803
0.049
-2.737
-0.014
-0.806
0.038
-0.163
0.352
0.494
-0.152
0.062
0.091
0.107
0.073
-1.249
-1.412
-0.718
0.094
-0.450
0.062
0.208
0.019
-0.029
-0.099
-0.426
-0.038
-1.034
-0.988
-0.224
-2.716
-1.454
-0.749
-1.372
-1.464
0.049
-2.008
-0.947
-0.981
-1.227
-0.597
-2.719
-1.517
-0.166
-1.248
-0.887
0.509
-0.601
-0.506
0.121
0.229
0.001
-0.257
-1.134
1.047
0.129
-1.021
-0.326
0.336
-0.557
0.290
0.595
0.238
-0.988
-0.486
-0.616
0.189
0.221
-1.081
-0.754
0.095
0.448
0.118
0.457
-1.607
-0.160
-0.631
-0.953
-0.419
-0.352
-0.038
0.654
0.862
-0.304
0.183
-0.142
0.087
