-0.404
-0.096
-0.255
-0.125
-0.140
-0.189
-0.189
-0.392
-0.691
-0.298
-0.625
-0.425
-0.647
-0.175
0.608
0.091
0.361
0.226
-0.054
-0.005
-0.685
2.162
0.310
-0.411
0.051
0.009
-0.159
0.143
-0.881
-0.044
-0.336
-0.172
0.435
-0.072
0.302
-2.557
-2.292
-2.573
-0.953
-1.881
-2.403
-3.424
0.117
0.253
-0.627
0.095
-0.267
0.011
-2.194
-1.793
-2.524
-2.150
-2.754
-3.578
-3.127
-1.982
-1.715
-0.074
-1.057
-4.289
-1.560
-1.927
-1.382
-1.751
-1.520
-2.495
-1.977
-0.672
-0.581
0.256
-1.335
-0.202
0.450
-0.454
0.132
-1.545
-0.159
1.571
-3.693
-0.074
0.465
-1.445
-0.341
-0.537
-0.088
-0.441
-1.409
-3.103
-0.879
0.390
-0.075
-0.494
-0.206
-0.790
-0.474
0.039
-0.158
-0.150
-1.919
-1.301
-0.267
-0.107
0.305
-0.586
0.072
0.365
-0.148
0.050
0.123
0.247
-0.096
-0.103
0.230
0.090
0.244
0.164
0.076
0.276
0.105
0.152
-0.032
0.063
0.158
0.516
0.218
-1.340
1.158
0.712
0.091
-0.367
0.039
0.271
-0.491
-0.899
1.183
-1.011
0.834
-0.755
0.933
-0.886
-0.970
1.408
1.687
-0.169
-0.326
0.161
-0.286
-1.100
-0.935
-2.867
-1.140
-0.318
-0.817
-2.771
-2.095
-3.513
-3.398
-3.155
-3.204
0.171
-1.164
-2.069
-1.825
-0.246
0.466
-0.229
-1.678
-1.252
-0.526
-0.859
-1.435
0.695
-0.114
-0.051
-0.992
-1.275
-1.763
-1.047
-1.507
-0.789
0.146
-1.695
0.079
-1.188
-1.015
-1.164
-0.702
0.460
0.465
0.612
-0.422
-0.016
0.951
-0.192
-1.427
0.572
-1.062
-0.850
-0.323
-0.088
-0.274
-0.137
0.153
-0.230
-0.223
-0.294
-3.715
-3.416
-1.081
-0.049
-0.592
-0.057
1.233
-0.325
-0.474
0.313
0.786
0.066
-2.780
-2.755
-1.648
-2.717
-0.779
-2.572
-1.938
-1.172
-1.384
-1.199
-1.467
-1.226
-0.666
-1.872
-1.534
-1.693
-3.843
0.421
2.076
-0.755
-0.464
-1.378
-0.740
-0.878
0.084
-0.246
-3.245
-0.250
-0.885
0.382
-1.317
-1.470
0.432
-1.368
-0.367
-0.058
-1.454
-0.477
-1.817
-0.140
0.042
-1.473
-1.108
-0.436
-0.973
-1.013
1.784
0.106
0.653
-0.322
-0.035
-1.117
0.156
-1.757
0.215
0.335
-1.239
-0.234
-0.563
-0.260
-0.433
0.680
0.543
-0.733
-0.618
-1.268
-1.441
-0.122
-0.570
-0.120
0.015
0.323
-2.042
0.276
-0.044
0.214
0.029
-0.183
0.049
0.994
-2.603
0.743
0.307
-1.551
-0.234
-1.326
-0.508
-0.545
1.871
2.694
1.930
-0.225
0.050
1.322
-0.884
0.330
-0.491
-2.676
-1.372
0.829
0.515
0.243
-0.198
-0.128
-0.393
-0.232
-0.540
-0.029
-0.769
-0.273
-0.006
-2.146
-1.642
-0.556
-0.621
-0.690
-0.334
-1.138
-0.613
-0.348
-0.058
-0.086
-0.637
-0.924
0.584
-0.415
-0.642
0.150
-0.566
0.350
0.080
-3.176
-1.661
-1.206
-1.957
-1.540
-0.957
-0.370
-1.565
-2.264
-1.286
-0.678
-0.820
-0.033
-0.438
-0.896
-0.578
-1.446
-3.095
-0.094
-2.949
0.347
-1.816
-1.409
-1.544
-0.810
-1.980
-0.058
-0.654
-0.209
-0.352
-0.481
0.148
0.283
1.515
-0.734
-0.013
-0.106
0.659
-0.106
-1.063
-0.494
0.131
-0.372
-0.046
-0.054
0.072
-0.895
-0.683
-0.954
0.907
-1.616
-1.886
-0.265
-1.097
-1.387
-1.412
-1.781
-0.028
-2.961
-2.957
-0.329
-1.023
-0.125
-0.521
0.267
-0.303
0.246
-0.531
-1.363
0.009
-1.464
-0.514
-0.842
-0.212
-0.618
-0.389
-1.214
-0.292
-0.164
0.428
2.187
-0.437
0.364
0.494
-0.636
0.495
-2.177
-1.318
0.212
0.297
1.655
0.719
0.133
0.232
1.109
-0.098
1.256
1.037
1.478
1.932
0.686
-0.006
1.411
0.234
0.082
-0.615
0.344
-1.766
0.782
0.195
-1.625
0.798
0.650
-1.172
1.028
-0.203
-0.188
-0.446
-0.129
-0.488
-0.558
-0.865
0.446
-0.341
-2.805
-1.043
-2.595
-0.989
-0.594
-0.444
-1.540
-2.455
-0.271
0.054
-0.690
-0.442
-0.554
-1.608
-0.824
-1.608
-0.666
-3.074
-1.329
-0.717
-0.400
-0.214
-1.337
-0.505
-0.281
-0.751
-2.217
-1.736
-1.943
-0.200
0.034
-0.260
-0.297
-0.252
0.110
0.976
-0.121
-0.625
-0.417
-0.204
-0.227
-0.013
-0.240
-0.635
-0.340
-0.407
-0.579
-2.361
-1.997
-1.313
-0.195
0.545
-0.114
-0.468
-0.939
-0.390
-0.214
-0.289
-0.089
0.010
-0.504
-1.467
-0.511
-1.673
-0.830
-0.785
-1.491
-3.503
-1.016
-1.119
0.660
-0.595
-0.593
-0.818
-0.243
-0.220
0.837
-0.349
-1.071
-0.648
-0.689
-0.288
-0.317
0.117
-0.539
-0.047
-0.196
-0.887
-0.494
-0.437
-0.597
-0.337
-0.379
0.390
-1.399
0.188
-3.503
-1.098
-0.898
-0.237
0.997
-0.812
0.202
-0.899
0.384
-0.379
-0.016
-0.339
-0.250
0.800
-0.181
0.114
0.126
0.064
0.125
-2.093
-0.761
0.362
0.033
-0.439
-0.298
-0.339
-0.466
-0.153
-0.227
-0.488
-0.176
-1.223
-0.882
-0.390
-2.033
-0.869
-0.590
-1.436
-1.507
-0.633
-1.747
-0.694
-1.394
-0.969
-0.966
-2.549
-1.221
-0.422
-0.855
-1.089
0.373
-0.310
-0.631
0.437
0.432
-0.141
-0.414
-1.291
0.278
0.195
-1.705
-0.880
1.435
-1.064
0.814
0.955
0.569
-1.238
0.476
-1.222
0.351
0.733
-1.068
-1.089
0.126
0.291
0.126
0.989
-0.958
-0.283
-1.025
-0.842
-0.456
-0.016
0.233
0.419
1.050
-1.355
0.184
-0.867
0.336
