-0.742
-0.631
0.402
1.409
-0.060
-0.325
-0.761
-0.029
0.622
-0.097
0.163
0.613
0.914
0.722
0.915
-0.197
0.305
-0.129
-0.446
-0.605
-0.014
-1.924
0.779
-0.557
-0.463
-0.150
0.125
0.673
0.204
-0.301
0.071
-0.027
-0.216
-0.475
0.011
2.441
2.233
3.682
0.336
2.183
2.739
2.546
0.184
-0.520
-0.014
-0.081
-0.021
0.036
2.673
1.946
1.771
2.337
2.506
1.733
1.468
0.887
1.824
0.235
0.858
3.056
0.927
1.158
1.330
1.330
1.099
1.405
1.360
0.782
-0.080
0.220
1.408
-0.208
-0.056
1.032
0.697
1.500
0.734
-0.061
3.219
-0.077
-0.243
2.239
0.780
0.407
-0.787
0.615
1.108
1.770
0.736
0.354
0.586
0.640
-0.229
0.535
-0.151
-0.450
-0.166
-0.097
1.401
0.335
-0.718
0.298
0.353
-0.097
0.449
-0.119
-0.118
-0.038
-0.169
-1.918
-0.228
0.012
-0.174
-0.047
-0.261
-0.178
-0.081
-0.106
-0.136
-0.380
-0.061
-0.141
-0.286
-2.092
-1.219
1.281
0.192
-0.715
-0.232
-0.247
0.017
0.554
0.170
1.029
-0.068
0.676
0.895
0.835
-1.032
1.364
2.136
-0.809
-0.257
-0.091
-0.008
0.190
-0.107
-0.187
-0.048
2.638
0.214
0.179
1.539
1.911
2.157
3.499
1.786
3.222
2.902
1.208
1.013
2.153
2.573
-0.842
-0.462
-0.063
1.518
1.457
-0.008
0.784
1.466
-0.334
-1.162
-1.661
0.228
2.065
1.539
0.646
1.167
1.036
-0.498
1.412
-0.050
0.082
0.129
0.827
0.123
0.006
-0.247
-0.045
-0.031
0.677
0.429
1.901
1.718
-0.698
1.036
1.339
0.789
-0.033
0.385
0.478
-0.117
0.043
0.067
0.033
1.732
2.298
2.184
-0.083
-0.422
0.573
-1.037
0.155
0.499
-0.866
0.382
0.041
3.815
1.374
1.858
2.316
0.018
1.037
0.176
1.429
1.122
0.813
1.775
1.085
-0.712
1.944
2.029
1.401
4.789
-0.324
-1.841
1.310
0.064
0.945
0.117
1.459
0.061
-0.039
1.233
-0.132
-0.069
0.200
0.391
0.912
-0.091
0.277
0.208
0.520
1.607
0.275
1.949
0.021
-0.122
0.978
1.336
1.889
0.224
0.276
-1.100
0.199
-0.546
-0.046
-0.397
0.443
-0.000
1.050
-0.037
-0.097
0.639
0.103
1.331
2.082
0.552
0.149
1.460
-0.166
1.301
1.111
-0.043
-0.076
0.038
-0.265
-0.206
0.075
0.027
-0.020
-0.441
-0.024
-0.048
0.037
1.868
0.393
1.780
-1.097
-0.358
0.100
-0.255
0.955
-0.479
-0.508
-1.348
-1.384
-0.818
-0.237
0.130
-1.477
0.105
0.091
-0.093
1.220
0.494
-0.017
-0.044
-0.176
-0.097
-0.097
0.240
0.087
0.389
-0.148
0.148
-0.038
-0.124
2.553
1.183
-0.056
0.034
1.047
-0.074
1.083
0.297
0.508
-0.148
0.047
1.131
0.850
-0.063
-0.078
0.155
-0.308
1.013
-0.657
-0.209
1.681
1.985
1.278
3.190
2.745
0.071
0.051
1.333
1.417
0.682
0.760
-0.106
-0.188
-0.272
0.073
0.600
0.842
0.502
-0.009
4.190
-0.097
1.152
0.804
1.916
0.471
0.621
-0.683
0.336
0.264
0.322
-0.348
0.186
0.282
-0.805
-0.101
-0.097
0.070
-0.142
0.554
0.726
-0.024
-0.168
-0.021
0.787
-0.170
-0.435
1.437
0.281
0.944
0.722
1.484
3.188
2.265
2.812
0.771
0.756
0.247
-0.328
2.952
4.026
0.515
-0.103
-0.005
1.201
-0.134
-0.034
0.320
0.066
0.918
-0.028
1.412
0.464
0.447
0.176
0.202
1.358
0.597
-0.095
-0.147
-0.135
0.289
0.083
-0.195
1.071
0.697
0.101
2.022
0.755
0.594
-0.189
-0.342
-0.578
0.356
0.097
-0.189
-0.251
-1.515
-1.700
-2.313
-4.416
-0.118
0.474
-1.337
-0.685
-0.067
0.376
0.097
0.324
-0.081
-0.202
0.404
-0.008
-0.195
0.234
-0.059
-0.401
-0.121
-0.044
0.068
-0.749
-0.386
-0.023
-0.068
-0.406
1.981
0.345
0.209
-1.102
1.410
1.003
-0.107
0.800
-0.226
-0.747
-0.092
-0.516
-0.017
2.643
0.854
1.703
0.079
1.699
0.468
1.096
0.208
-0.031
0.668
0.102
0.334
1.066
2.085
0.398
2.139
-0.521
0.079
-0.014
0.088
-0.056
0.205
-0.133
-0.317
0.787
0.546
-0.015
0.193
-0.032
0.822
0.306
0.204
0.488
-0.281
2.620
0.632
2.629
-0.769
-1.272
-0.018
-0.329
-0.123
-0.145
0.240
-0.046
-0.167
0.112
-0.207
0.320
-0.062
0.664
1.058
1.152
0.449
1.994
1.904
1.944
0.667
0.444
-0.011
0.960
-0.107
-0.093
-0.026
-0.012
0.507
0.331
0.506
0.842
0.972
-0.345
0.385
0.132
0.201
0.673
-0.002
0.629
0.868
0.366
-0.139
-0.112
0.880
-0.011
2.202
0.322
0.368
-0.154
0.756
-0.010
0.023
0.874
-0.221
0.885
0.365
-0.152
0.519
-0.205
0.204
0.104
-0.615
0.117
-0.616
1.331
0.005
0.059
0.038
0.591
-0.035
0.561
0.326
0.443
-0.124
0.133
-0.024
1.608
0.946
0.471
0.867
0.289
0.154
1.286
1.693
0.324
1.374
0.649
0.904
0.272
1.013
1.623
0.396
0.090
0.064
0.210
-0.427
-0.161
0.109
-0.132
0.415
0.422
-0.096
1.004
-0.926
0.889
0.742
0.162
-0.581
0.991
-0.606
-0.431
-0.222
-0.024
-0.459
0.045
-0.355
-0.578
-0.113
1.458
-0.163
0.370
-0.318
-0.124
0.385
0.651
1.981
2.680
0.422
0.785
-0.307
0.191
-0.029
0.207
0.168
-0.865
0.358
