0.065
0.140
-0.137
0.017
0.043
0.087
0.169
0.133
0.473
0.249
0.015
0.465
0.169
0.093
-0.663
-0.030
-0.371
-0.278
-0.391
-0.647
0.274
-1.481
-1.247
0.065
0.185
-0.195
0.158
0.134
0.003
0.034
0.005
-0.121
-0.286
-0.082
-0.088
2.315
0.393
1.671
0.421
1.366
1.632
4.361
0.249
0.003
0.152
0.064
0.220
0.003
1.118
1.226
2.192
1.641
1.639
2.670
1.831
1.530
0.625
-0.098
0.459
2.978
0.895
0.937
1.576
2.183
1.391
2.788
0.770
0.357
-0.172
-0.074
0.844
0.063
-0.474
0.168
0.003
0.660
-0.037
-0.072
1.811
-0.126
-0.514
0.935
0.154
0.153
-0.396
0.200
1.583
1.754
0.508
-0.050
-0.063
-0.332
-0.202
0.551
1.084
0.390
0.107
-0.126
0.398
0.474
0.003
0.003
0.014
0.351
-0.001
-0.220
-0.051
-0.047
-0.029
-0.180
0.009
0.203
-0.162
-0.054
-0.197
-0.193
-0.042
-0.272
-0.055
-0.084
-0.049
-0.057
-0.169
-0.238
-0.185
1.187
-0.611
-1.093
-0.484
0.347
-0.014
-0.312
0.054
0.003
-0.684
0.785
0.389
0.017
0.003
0.013
0.499
0.248
-1.491
0.046
-0.047
0.000
-0.052
0.588
3.970
0.443
0.030
0.215
0.890
1.612
1.015
2.037
2.595
0.992
0.858
-0.436
-0.075
0.977
0.003
0.003
-0.413
-0.057
0.708
0.054
-0.069
0.341
1.049
-0.709
-0.073
0.003
0.655
1.151
1.070
0.386
0.456
1.050
-0.217
1.652
0.188
0.765
0.599
0.003
0.003
-0.341
-0.862
-0.511
0.071
0.466
-0.097
3.433
0.036
-1.109
0.545
0.498
0.089
0.061
0.077
0.110
-0.733
0.131
0.159
0.024
2.831
2.174
0.758
-0.357
0.198
0.003
-2.449
0.132
0.231
-0.836
0.083
-0.242
2.422
1.612
1.309
2.405
0.612
1.287
1.190
0.759
0.463
0.970
0.918
1.074
0.252
1.787
1.355
1.559
2.918
0.425
-1.010
2.112
-0.013
0.401
0.054
0.896
-0.002
-0.028
2.364
-0.040
0.950
-0.110
0.893
1.562
-0.009
0.725
-0.178
-0.103
1.295
0.326
1.194
-0.524
0.452
0.934
0.542
0.205
1.257
0.549
-2.106
-0.500
-0.938
0.374
-0.088
0.558
-0.178
0.086
-0.200
-0.141
1.517
0.004
-0.093
0.172
0.014
0.003
-0.238
0.552
0.185
1.446
1.391
0.003
0.262
0.068
-0.095
0.090
1.763
-0.286
-0.078
-0.165
-0.005
-0.060
0.271
-0.826
2.902
-0.447
0.076
2.590
0.005
0.672
0.301
0.029
-0.905
-3.116
-0.299
-0.012
-0.218
-2.519
0.397
-0.205
0.800
1.401
0.653
-0.138
0.009
-0.065
0.070
0.022
-0.181
-0.799
0.276
0.163
0.327
0.003
0.191
1.438
1.150
-0.290
0.103
0.411
-0.023
1.236
0.447
0.122
0.166
0.158
0.230
0.937
-0.355
0.662
0.326
-0.032
0.435
-0.299
-0.195
2.213
0.372
1.336
1.309
1.356
0.090
0.361
0.218
1.905
0.479
0.003
0.003
0.268
0.555
0.036
0.177
0.425
1.251
0.135
2.715
-0.223
1.866
1.652
0.691
0.064
1.085
-0.094
0.003
0.003
0.259
0.003
0.125
-0.062
0.001
0.662
0.608
0.003
-0.005
0.003
0.607
-0.131
-0.630
0.016
-0.048
-0.059
-0.069
0.066
0.002
1.415
-1.152
0.925
0.979
0.010
0.591
1.047
0.438
1.589
-0.019
1.638
1.314
-0.035
1.607
0.003
0.174
-0.614
0.027
-0.120
0.046
0.697
-0.286
0.932
0.171
0.212
0.029
0.275
0.003
0.430
0.389
0.033
0.079
-0.810
-0.088
-0.006
-0.336
0.001
-1.401
1.346
0.298
1.794
-0.145
-1.120
-0.298
-0.075
-0.085
-0.485
-0.305
-1.601
-1.746
-1.870
-1.846
0.135
0.160
-1.452
-0.562
-0.175
0.287
-0.333
1.215
-0.567
-0.379
1.287
-0.885
0.179
0.038
-0.369
0.622
0.070
0.107
0.626
0.064
0.795
0.832
-0.058
0.467
1.156
0.008
2.194
0.456
0.294
0.331
0.689
1.140
0.096
0.002
0.003
-0.169
0.374
0.891
0.208
1.756
0.259
1.528
1.003
0.448
0.375
0.069
0.503
0.151
0.006
0.499
1.525
0.998
1.585
-0.324
-0.122
0.245
-0.111
0.049
0.030
-0.330
0.054
0.327
0.167
0.033
0.128
0.370
0.093
0.200
0.018
0.180
0.272
1.091
1.665
0.264
-0.017
-0.444
0.008
0.174
0.213
-0.091
0.060
0.097
0.089
0.241
0.175
0.608
0.100
0.686
0.447
0.333
0.630
2.202
0.816
0.691
-0.444
0.915
0.234
0.980
0.253
0.308
-0.241
0.154
0.621
0.182
0.378
1.009
0.080
-0.148
0.431
0.219
0.064
0.495
0.321
0.235
0.359
0.201
0.218
-0.165
0.623
0.001
2.746
0.362
1.104
0.925
0.777
0.160
1.406
0.416
0.035
-0.056
-0.369
0.334
-0.014
-0.065
0.190
0.003
0.008
0.163
0.166
2.306
0.534
0.517
-0.043
0.697
0.070
0.846
0.003
0.225
0.003
0.228
0.029
0.611
0.277
0.107
1.479
1.312
0.150
1.362
0.619
0.006
1.091
0.402
0.716
0.416
0.788
5.782
0.538
-0.344
1.427
0.447
-0.163
-0.212
0.302
-2.169
-0.732
0.684
0.903
1.224
0.156
-0.346
0.505
0.225
-0.063
-0.122
-0.489
-0.845
-0.109
-0.119
-0.833
0.355
-0.201
0.003
0.636
0.344
0.001
-0.148
-0.010
-1.098
1.109
0.714
0.345
0.298
0.388
-0.091
-0.201
0.027
-0.678
2.059
-0.489
-0.641
0.003
