-0.010
0.010
-0.236
0.202
-0.186
-0.123
0.248
0.203
0.441
0.150
0.372
0.323
-0.006
0.157
-0.534
-0.075
-0.185
-0.081
-0.099
-0.183
0.245
-1.802
-0.121
-0.036
-0.085
-0.034
0.178
0.440
0.179
0.080
0.235
0.251
-0.523
-0.125
-0.460
2.354
2.104
2.732
0.705
1.192
1.739
2.965
-0.058
0.168
-0.044
-0.246
0.264
0.137
1.786
1.088
1.017
1.467
1.898
2.609
1.793
0.624
0.680
-0.106
0.281
2.808
0.849
0.917
1.334
1.668
1.475
2.014
1.643
1.080
0.079
0.472
1.816
0.182
-0.009
0.340
-0.035
1.184
-0.063
-0.063
3.089
-0.277
-0.059
-0.014
0.304
0.233
0.138
-0.273
0.458
1.478
-0.084
-0.862
-0.171
-0.011
0.439
0.703
0.189
-0.117
-0.038
-0.156
1.991
0.523
0.261
-0.063
-0.072
-0.063
0.182
-0.347
0.013
-0.011
-0.032
-0.362
0.047
0.182
-0.091
-0.076
-0.196
-0.184
0.037
-0.114
0.034
-0.109
0.155
-0.056
-0.113
-0.328
-0.367
1.347
0.511
-0.905
-1.330
0.221
0.056
-0.242
0.134
0.043
-0.063
0.070
0.325
0.199
0.062
0.243
-0.062
-0.063
-0.899
0.116
0.261
-0.149
-0.031
0.490
0.325
-0.063
-0.081
0.042
1.085
2.040
1.175
2.537
2.799
0.739
-0.063
-0.063
-0.063
2.120
0.449
-0.063
0.016
0.111
1.418
0.871
0.173
0.117
0.370
-0.820
0.206
-0.103
0.140
1.707
0.718
0.462
0.076
1.089
-0.735
1.691
-0.111
0.388
1.020
-0.012
-0.041
-0.266
-0.128
0.027
0.051
0.241
-0.096
-0.063
0.088
-0.069
0.165
0.417
0.162
0.048
-0.015
0.177
-0.767
0.107
0.056
-0.115
2.513
2.185
0.461
0.335
-0.288
0.359
-1.191
0.052
0.211
-0.462
-1.512
-0.143
2.277
2.225
0.836
2.600
0.758
1.239
0.469
1.083
1.622
1.112
1.036
1.182
0.912
2.007
1.264
0.692
2.354
-0.030
-1.093
-0.057
-0.024
0.592
0.462
0.233
0.025
0.170
3.293
-0.070
0.088
0.463
1.234
0.476
-0.429
0.718
0.459
0.242
1.122
0.332
0.685
0.027
0.565
1.260
1.083
0.904
0.591
0.416
-0.958
0.032
-1.565
0.348
-0.124
1.668
-0.115
-0.009
-0.063
-0.053
0.931
-0.060
-0.063
-0.063
1.232
-0.003
-0.398
0.412
0.607
0.719
0.809
-0.014
0.090
-0.100
-0.063
-0.063
0.187
-0.030
0.001
0.002
0.282
0.381
0.165
0.250
2.488
0.115
-1.389
1.025
0.233
0.074
0.100
0.353
-0.268
-2.603
-1.536
-0.553
0.643
-0.508
0.728
-0.049
1.489
1.090
0.644
-0.018
0.137
-0.005
0.099
-0.064
0.465
0.238
0.277
-0.129
0.039
-0.217
-0.103
1.372
1.152
0.063
-0.083
0.393
0.191
1.424
0.376
0.395
0.128
-0.063
0.273
0.314
-0.309
0.574
0.749
-0.043
0.377
-0.084
-0.124
2.390
0.952
0.662
0.912
1.081
0.135
0.347
1.342
1.472
0.848
0.627
0.683
0.166
1.139
1.199
1.251
0.754
0.222
-0.061
2.868
-0.495
2.030
1.291
0.616
0.328
0.767
0.168
-0.347
0.241
0.067
0.123
0.113
-0.237
-1.160
0.374
0.615
-0.070
-0.063
-0.063
0.566
0.775
-0.251
0.006
-0.885
0.330
0.150
0.326
0.170
0.305
0.250
2.092
1.184
-0.063
0.316
0.303
0.366
1.525
0.142
0.537
1.360
0.258
-0.063
-0.063
0.719
-0.239
0.435
-0.365
0.197
0.135
0.066
1.334
0.855
1.061
0.286
0.170
-0.142
0.888
-0.050
-0.074
-0.180
-0.785
-0.090
-0.189
-0.124
0.027
-0.063
1.302
0.821
0.493
-0.344
-0.969
-0.385
-0.201
-0.063
-0.220
-0.026
-1.381
-0.518
-1.475
-0.144
-0.063
-0.063
-1.340
-0.193
-0.149
-0.106
-0.223
1.263
-0.184
-0.163
1.333
-0.816
0.367
1.045
0.127
0.673
-0.039
0.242
-0.008
0.105
0.303
0.454
-0.561
-0.053
1.526
-0.049
3.140
0.730
-0.057
-0.083
0.971
2.061
0.067
-0.173
-0.121
-0.200
0.282
1.285
0.376
0.993
0.573
2.191
0.844
0.120
0.583
0.272
0.283
0.310
0.317
0.361
1.760
0.995
0.659
0.174
0.059
-0.063
0.076
0.008
0.502
0.178
0.173
0.385
0.233
0.088
0.301
0.328
0.318
0.151
0.100
0.625
0.347
1.219
1.637
0.425
-0.021
-0.203
-0.051
0.203
0.489
0.066
0.116
0.036
-0.006
-0.109
-0.063
0.513
0.209
0.611
0.596
0.332
0.521
2.187
0.738
0.951
0.175
1.282
0.260
0.836
0.292
0.338
0.689
0.162
0.958
1.278
0.843
0.632
0.182
0.219
-0.063
0.027
0.089
0.407
0.407
0.408
0.509
0.107
0.130
-0.375
0.520
-0.063
2.805
0.932
0.212
-0.457
0.067
0.265
-0.063
0.467
0.143
0.244
-0.267
-0.041
-0.186
-0.115
0.151
-0.122
-0.161
0.085
-0.019
0.662
0.785
0.011
0.104
0.093
0.148
0.213
0.112
-0.001
0.056
1.471
0.203
0.354
0.305
0.127
1.184
0.635
0.613
0.680
0.484
0.277
0.747
-0.016
1.414
1.192
1.425
3.461
1.053
-0.011
-3.767
0.778
-0.201
0.212
0.162
-0.272
-0.360
-0.026
0.161
1.340
-0.025
-0.063
0.424
0.003
-0.302
0.091
-0.365
-0.985
-0.456
-0.102
-1.282
0.569
-0.362
-0.813
0.764
0.361
-0.125
0.017
-0.123
-0.307
0.872
0.349
0.672
0.369
0.314
0.629
-0.125
0.054
-0.005
1.130
-0.197
-0.192
-0.050
