0.427
0.447
0.031
0.067
0.294
0.068
0.244
0.132
0.595
0.440
0.159
0.531
0.156
0.365
0.075
0.018
-0.470
-0.016
0.061
0.065
0.039
-1.166
-0.480
-0.015
-0.179
0.088
0.143
0.073
0.320
-0.000
-0.316
0.052
0.052
0.088
-0.042
1.876
2.088
3.439
0.402
1.510
1.656
3.888
-0.002
0.039
0.008
0.169
0.056
0.039
3.118
1.442
2.331
1.200
4.087
2.496
2.912
2.123
1.539
0.143
1.092
4.047
1.278
0.678
2.207
2.432
1.650
2.724
2.986
0.875
-0.083
-0.104
0.405
-0.790
0.077
0.182
0.106
1.003
1.086
-0.880
4.540
-0.589
-0.391
1.349
0.340
0.323
-0.249
0.518
1.112
3.364
1.042
0.195
-1.281
1.163
0.146
0.644
0.377
0.039
-0.539
-0.035
1.315
0.917
0.015
0.086
0.076
0.768
0.089
-0.053
-0.034
-0.088
-0.048
-0.224
0.039
-0.103
-0.444
-0.018
-0.125
-0.026
0.018
-0.615
-0.060
-0.134
-0.058
0.042
-0.380
-0.406
-0.267
1.869
0.152
-0.521
-0.107
0.039
0.012
0.039
0.115
0.594
-0.620
0.317
0.039
0.545
-0.683
1.102
0.595
0.039
-0.151
0.046
-0.073
0.050
0.084
0.751
1.262
0.238
1.243
-0.007
1.764
3.154
1.624
3.994
2.492
3.058
0.592
0.082
0.860
2.460
2.574
0.189
-0.459
0.075
1.459
0.429
0.022
0.039
1.205
-0.831
0.016
-0.633
1.394
1.224
1.085
0.823
0.231
0.231
0.076
1.811
-0.086
0.539
0.267
0.499
0.039
-0.109
-0.301
-0.144
0.072
0.039
-0.101
3.005
2.220
-0.009
0.872
0.161
0.136
0.621
0.141
0.191
0.050
0.039
0.039
0.039
2.980
2.980
0.807
0.056
0.087
0.039
-0.426
0.015
0.167
-0.571
-0.090
-0.217
2.549
2.904
0.826
2.518
0.545
1.760
1.492
0.734
1.904
1.582
1.741
1.364
0.771
2.312
1.740
1.505
4.931
-0.119
-0.428
0.039
0.087
1.084
0.039
0.116
-0.178
-0.265
4.906
0.165
1.444
0.223
0.621
2.372
1.029
1.057
0.174
0.041
0.302
1.264
2.814
-0.199
0.055
2.466
0.639
1.594
0.992
1.351
-1.649
-0.014
-1.468
0.124
0.039
0.875
-0.352
1.598
-0.026
0.039
0.438
0.039
0.070
0.039
0.211
0.046
-0.131
0.420
1.415
0.490
1.472
0.027
0.082
0.039
0.039
0.069
2.365
0.039
0.039
-0.000
-0.096
0.039
0.217
0.164
2.381
-0.763
0.100
1.167
0.972
0.648
0.428
1.022
-0.300
-1.419
-1.239
1.092
0.286
-0.952
0.039
0.304
-0.120
3.594
0.888
0.200
0.280
-0.066
0.071
0.026
0.126
0.053
0.046
-0.073
0.965
0.026
-0.003
1.454
1.243
1.998
-0.142
1.147
0.297
1.310
0.100
0.278
0.176
0.039
0.546
0.978
-0.085
0.506
0.548
-0.047
0.119
-0.462
0.236
4.083
2.403
1.519
1.749
1.338
0.311
0.165
2.479
3.300
0.698
0.066
0.140
0.035
0.039
0.141
0.039
0.293
0.039
-0.261
0.498
0.039
0.991
1.103
2.646
0.885
2.407
0.101
-0.067
-0.034
0.100
0.297
0.039
0.028
-0.089
0.040
0.018
0.324
0.233
0.121
0.039
0.039
0.008
-0.022
0.039
0.079
0.497
0.714
0.039
0.963
0.199
2.485
3.878
2.370
1.350
1.227
1.670
0.798
0.268
1.739
1.761
-0.355
2.370
0.048
0.142
-0.767
0.844
0.032
0.047
0.628
0.036
1.439
0.522
0.785
-0.015
0.931
0.039
0.432
0.017
0.104
-0.010
-1.233
0.014
-0.037
-0.011
0.019
-0.494
2.058
0.985
0.480
0.027
-2.487
-0.632
-0.053
-0.472
-0.695
-0.178
-1.484
-1.178
-0.974
-0.783
-0.420
0.039
-0.123
-0.290
-0.114
0.039
-0.819
2.278
-0.370
-0.119
0.853
-0.084
0.035
3.155
-0.092
3.333
0.085
0.150
0.132
0.074
0.294
0.713
-0.024
0.056
2.269
0.097
3.449
-0.151
0.080
0.217
0.071
0.622
0.103
-0.243
0.131
-0.074
0.819
0.342
0.235
2.209
0.985
3.693
1.794
0.260
0.267
0.262
-0.064
0.186
0.145
0.278
2.993
2.182
3.206
-0.045
-0.107
0.053
0.068
-0.029
0.048
0.243
0.112
0.383
-0.073
0.148
0.520
0.834
0.039
0.213
0.136
0.374
0.039
1.325
0.785
0.039
0.039
-0.226
0.008
0.121
0.328
0.039
-0.199
0.035
0.060
-0.045
0.621
1.712
0.662
0.504
0.042
1.357
2.276
4.298
1.350
1.208
0.149
0.471
0.301
0.908
-0.034
-0.018
0.039
0.040
0.376
1.342
0.182
0.726
0.124
-0.191
0.001
-0.029
0.083
0.450
0.649
0.240
0.700
0.739
0.014
-0.092
1.019
0.039
3.059
1.323
0.285
0.008
0.032
0.342
0.148
0.890
0.020
0.177
0.039
-0.206
0.051
0.039
0.094
-0.557
-0.527
0.020
-0.961
0.907
1.887
-0.047
0.096
0.099
0.168
-0.091
0.067
0.133
-0.134
0.039
0.001
0.073
0.200
-0.029
2.823
0.366
0.780
0.337
0.757
0.039
1.749
0.211
1.194
0.585
0.424
4.543
0.333
-0.107
2.354
1.160
-0.006
0.129
0.143
-0.650
-0.327
-0.061
0.245
1.533
-0.173
1.018
1.324
0.335
-0.709
0.553
0.009
-0.109
-0.085
-0.491
-0.333
0.300
-0.207
-0.000
0.530
0.420
-0.214
0.039
0.003
-0.772
0.434
0.308
0.205
0.676
0.396
0.079
-0.350
0.066
-0.651
1.147
0.039
-0.184
0.305
