0.159
-0.131
0.189
0.050
0.088
0.214
-0.205
-0.369
-0.366
-0.480
-0.234
-0.340
-0.134
0.072
-0.542
0.241
0.384
0.538
0.335
-0.059
0.461
1.079
0.167
0.050
0.090
0.182
-0.109
-0.139
0.313
-0.117
-0.145
0.398
0.447
0.220
0.240
-2.717
-1.351
-2.999
-0.670
-0.832
-1.097
-2.076
-0.058
0.021
0.005
-0.043
-0.043
-0.043
-3.376
-0.796
-1.884
-2.445
-2.268
-2.338
-1.522
-1.510
-2.322
-0.079
-0.423
-3.225
-1.330
-1.568
-1.554
-1.616
-0.902
-1.586
-1.084
-0.923
0.161
-0.195
-1.651
0.285
-0.270
-0.317
0.039
-1.816
-0.282
0.843
-3.226
0.157
0.266
-2.277
-0.097
-0.738
-0.120
-0.585
-1.396
-2.147
-0.870
-0.259
-0.154
-0.095
0.019
-0.483
-0.301
-0.008
-0.032
0.197
-0.708
-0.384
0.004
0.012
-0.271
0.041
-0.137
0.416
0.012
0.107
0.090
-0.081
0.105
0.144
0.408
0.112
0.106
0.145
0.089
0.019
0.098
0.006
0.108
0.061
0.087
0.805
-0.027
-2.946
0.043
-0.026
0.020
0.326
0.062
0.973
-0.056
0.231
0.012
0.472
-0.784
0.101
0.763
-0.333
-0.799
0.775
0.161
-0.521
-0.228
0.171
0.040
-0.029
-0.032
-3.483
-1.539
-1.081
-1.304
-2.126
-1.619
-2.433
-2.915
-2.214
-2.133
0.111
-0.592
-3.084
-2.021
-0.983
0.051
0.129
-1.502
-2.563
-0.228
-0.051
0.035
0.558
0.186
0.275
-0.507
-1.879
-1.902
-0.739
-1.316
-1.130
0.383
-1.827
0.267
-0.177
-0.307
-0.221
-0.464
1.077
0.078
-0.016
0.153
-0.688
0.362
-1.901
-0.876
-1.079
-0.944
-0.340
-0.389
0.062
-0.401
-0.115
0.255
0.331
0.411
0.235
-1.706
-1.941
-1.501
-0.153
0.725
-0.492
2.270
-0.846
0.133
0.365
0.176
0.151
-4.325
-3.436
-1.648
-2.052
-0.555
-1.379
-1.966
-0.706
-1.280
-1.240
-0.982
-0.745
-0.452
-2.619
-1.688
-1.789
-4.748
0.084
1.140
-0.253
-0.655
-0.272
0.211
-1.116
0.061
-0.222
-0.664
0.109
-0.188
-0.027
-0.861
-1.135
0.654
-0.184
-0.969
-0.384
-1.596
-0.269
-0.833
0.151
0.283
-1.782
-0.705
-0.536
-0.681
-0.364
1.050
-0.454
1.460
0.096
1.133
1.054
0.009
1.421
0.118
0.122
-0.389
-1.089
-0.509
-0.658
-0.401
-0.997
-0.009
-0.062
-2.324
-2.297
-0.129
0.408
0.281
0.201
0.006
0.247
-1.434
0.200
0.202
0.176
0.188
0.265
0.176
0.454
-1.562
0.737
0.170
-0.198
0.084
-3.602
-0.083
0.402
0.830
2.589
2.233
0.468
0.027
1.304
-0.388
-0.442
-0.915
-0.789
-1.161
0.171
1.596
0.028
0.075
0.084
0.128
0.105
-0.466
0.254
-0.214
0.241
0.025
-1.635
-0.229
0.305
0.169
-0.191
-0.319
-1.150
0.032
-1.454
0.130
0.358
-0.044
-0.766
1.448
-0.274
-0.727
0.153
-0.798
0.273
-0.007
-3.027
-2.052
-0.593
-1.987
-3.707
-1.567
0.046
-0.991
-1.239
-0.582
-0.016
-0.281
0.175
-0.362
-0.325
-0.352
0.118
-0.348
-0.153
-1.972
0.018
-0.656
-0.264
-0.193
-0.065
-1.127
-0.195
0.424
0.408
1.038
1.120
1.130
0.572
1.836
0.411
0.239
-0.219
-0.005
-1.176
-0.556
0.073
0.307
-0.209
0.517
0.177
0.376
-0.359
-0.028
-0.617
0.041
-1.927
-1.152
-0.500
-0.831
-1.217
-0.545
-0.981
0.200
-1.984
-0.774
-0.078
-0.120
0.047
0.008
0.013
-0.172
-0.182
-0.189
-1.035
-0.008
-0.956
-0.007
-0.336
-0.043
-0.022
-0.322
-0.854
0.125
0.212
0.178
0.326
0.030
0.052
0.398
-0.055
0.524
-1.906
-0.596
-0.009
-0.027
0.599
0.855
-0.255
0.054
0.166
0.458
0.577
0.289
0.951
2.642
0.706
0.417
1.302
0.461
0.152
-0.709
-0.039
-0.134
-0.010
0.490
-0.970
1.135
0.385
0.015
0.964
-1.059
-0.250
0.351
0.498
-0.028
-0.787
0.220
0.288
0.024
-1.273
0.477
-1.304
-0.234
-0.485
-0.170
-1.311
-1.280
-0.041
0.568
-0.556
-0.106
-0.454
-1.013
-0.458
-2.579
-0.544
-1.817
-0.309
-0.688
-0.485
0.220
-0.873
-0.180
-0.552
-0.710
-1.814
-0.661
-1.192
0.008
0.118
0.292
-0.178
0.087
0.479
-0.025
0.325
-1.308
-0.226
-0.206
-0.216
0.254
-0.446
-0.117
-1.213
-0.329
-0.251
-0.303
-0.450
-1.833
0.202
0.416
-0.108
0.214
-0.076
-0.006
0.809
0.329
0.333
0.118
0.288
-0.705
-0.066
-0.944
-0.631
-0.889
-0.171
-2.330
-2.536
-2.717
-2.310
-1.981
-0.036
-0.310
0.132
-0.033
-0.460
-0.012
-0.455
-0.090
-1.384
-1.737
-0.174
-0.492
-0.084
0.130
0.018
0.032
-0.318
-0.032
-0.090
-0.681
0.252
0.188
-1.016
0.278
-1.246
-1.058
-0.598
0.400
-0.655
0.863
0.050
0.198
-0.101
0.010
0.164
0.286
-0.459
0.031
0.238
0.365
0.312
0.270
0.301
-1.210
-0.292
0.297
0.006
-0.559
0.103
0.256
0.003
0.599
0.027
-0.102
0.092
-0.294
-0.629
0.194
-1.957
-1.093
-0.143
-1.887
-1.012
-1.013
-0.621
-0.322
-1.732
-0.970
-0.746
-2.044
-1.207
0.281
0.265
-1.140
0.167
-0.127
-0.402
1.378
0.150
0.256
-0.074
-0.617
1.040
-0.362
-0.350
0.396
0.582
-0.821
0.968
0.137
1.067
0.663
0.159
-0.675
0.207
0.669
-0.181
-0.449
-0.199
-0.325
0.331
0.535
-0.604
-2.069
-1.412
-3.109
-0.235
-0.521
0.175
0.301
0.904
-3.606
0.126
0.435
-0.018
