0.293
0.321
0.265
-0.039
0.300
-0.047
0.458
0.332
0.800
0.257
0.324
0.656
0.333
0.356
-0.139
-0.101
-0.173
-0.129
-0.213
-0.294
0.365
-1.841
-0.452
0.217
0.229
0.201
0.151
-0.105
0.761
0.093
0.190
0.182
0.025
0.143
-0.047
2.975
1.761
2.391
0.568
1.622
2.351
4.078
-0.128
0.016
0.183
-0.011
0.245
-0.083
3.041
1.546
2.911
2.377
2.756
3.190
2.808
1.664
1.457
0.016
0.782
2.976
0.796
0.816
1.374
1.762
1.398
2.181
1.342
0.431
0.233
0.258
0.649
0.155
0.343
0.339
2.008
2.282
0.389
-1.078
3.287
0.344
-0.506
1.364
0.761
0.308
0.275
0.303
1.394
2.959
0.845
0.115
0.016
0.401
0.316
0.598
0.715
0.124
0.383
-0.132
1.601
0.665
0.139
0.291
0.037
0.351
0.223
-0.393
0.186
-0.048
-0.141
-0.578
0.001
0.242
-0.186
-0.186
-0.356
-0.249
0.172
-0.219
-0.119
-0.038
0.174
0.159
-0.147
-0.591
-0.573
1.151
0.022
-1.058
-0.619
0.106
0.154
-0.198
0.766
0.396
-0.413
1.029
-0.182
0.378
-0.780
0.194
0.334
-0.975
-0.663
0.256
0.316
0.302
0.452
0.726
1.154
2.097
1.154
0.480
0.876
2.635
2.468
3.106
2.720
2.958
2.418
0.378
1.213
2.011
2.174
0.365
-0.176
0.125
1.181
0.955
0.435
0.535
1.566
-0.016
0.360
0.181
0.629
1.616
1.377
0.735
1.272
0.664
0.115
1.580
-0.117
1.039
0.783
0.172
0.187
-0.183
-0.592
0.250
0.083
1.020
-0.080
2.509
0.970
-0.630
0.768
0.715
0.291
0.158
0.199
0.262
-0.017
0.269
0.409
0.148
2.207
2.735
0.507
0.142
0.467
0.049
-0.230
0.112
0.661
-0.432
-0.970
-0.170
2.660
2.076
1.215
2.801
1.059
2.094
1.260
1.290
1.127
0.870
1.306
1.054
0.473
1.643
1.435
0.407
2.213
-0.273
-1.718
0.514
0.175
0.868
0.310
1.034
-0.445
0.179
2.242
0.239
0.689
0.253
1.038
1.228
0.271
1.219
0.444
0.470
1.395
0.460
1.735
0.089
-0.102
0.900
0.671
0.416
1.244
0.831
-0.758
0.498
-0.189
0.329
0.180
0.629
0.062
0.660
0.086
-0.107
0.272
0.024
0.061
0.265
0.723
-0.038
0.108
0.557
1.485
1.347
0.940
0.266
0.676
-0.071
0.016
0.936
1.395
-0.225
0.107
-0.115
-0.052
-0.049
0.255
-1.472
2.940
-0.335
-0.207
0.842
0.711
0.779
0.268
0.003
-1.210
-2.519
-1.582
0.144
0.464
-0.544
0.864
-0.088
0.946
2.549
0.742
0.020
0.210
0.099
0.266
0.201
0.541
0.245
0.673
0.111
0.984
0.125
0.172
1.843
0.750
0.657
0.203
0.858
0.418
1.055
0.368
0.572
-0.061
-0.100
0.545
0.713
-0.749
0.527
0.221
0.095
0.499
0.002
0.025
3.128
1.464
0.996
1.647
1.942
0.862
0.508
1.383
1.822
0.821
0.631
0.855
0.118
1.053
1.452
1.497
0.121
-0.180
0.266
1.903
-0.463
1.360
0.874
1.255
0.972
1.277
0.011
0.441
0.607
0.150
0.102
0.206
-0.594
-1.618
0.476
0.175
0.343
0.249
0.773
0.043
-0.279
0.011
-0.211
0.163
0.561
0.368
0.711
0.437
0.993
-0.638
2.203
1.140
0.127
0.638
0.850
0.141
0.282
-0.019
2.023
1.207
-0.032
0.598
0.069
0.396
0.428
0.496
0.293
0.292
1.146
0.032
1.312
0.361
0.730
0.077
0.915
0.112
1.029
0.417
0.273
-0.545
-1.552
0.348
-0.029
-0.251
0.371
-0.625
1.871
0.669
-0.382
-0.139
-1.692
-0.500
0.056
-0.125
-0.765
0.331
-0.521
-0.438
-1.154
-0.453
0.388
0.106
-0.037
-0.113
-0.000
0.836
-0.453
1.748
-0.452
-0.269
0.826
-0.339
0.255
1.472
-0.288
1.181
0.529
0.327
-0.204
0.320
0.660
0.818
-0.120
0.432
1.532
0.013
2.681
1.322
0.922
0.436
0.816
1.544
0.436
0.208
0.465
0.102
-0.009
1.603
0.937
1.571
0.496
2.184
0.798
0.779
0.490
0.082
0.909
0.458
0.309
0.529
1.802
1.075
1.705
0.225
0.093
0.183
-0.115
0.135
0.158
-0.085
0.038
0.452
0.185
0.194
0.659
0.170
0.187
0.295
0.347
0.212
0.442
1.269
1.549
0.089
0.001
-0.443
-0.086
0.520
1.269
0.338
0.505
0.256
0.284
0.145
0.762
1.098
0.450
1.286
0.660
0.736
1.284
3.253
1.118
1.134
-0.230
1.196
0.262
0.643
0.390
0.201
0.436
0.303
0.903
0.366
0.459
0.505
0.252
-0.297
0.458
0.288
0.262
0.488
0.389
0.254
0.710
0.106
0.166
0.018
0.827
-0.578
2.643
0.955
0.016
0.181
-0.084
0.462
-0.048
1.042
0.160
-0.056
-0.384
0.279
-0.114
-0.317
0.236
-0.317
-0.201
0.220
-0.086
2.484
1.573
-0.129
0.311
0.354
0.110
0.318
0.364
-0.001
0.268
0.526
0.270
0.567
0.689
0.352
1.930
0.890
0.438
1.214
1.161
0.269
1.466
0.353
0.964
0.610
0.740
3.626
0.812
0.116
-0.735
0.716
-0.275
0.171
0.409
-0.958
0.179
0.698
0.357
1.390
0.616
0.222
0.992
0.269
-0.734
0.186
-0.146
-0.177
-0.668
0.592
-0.481
0.108
-0.299
-0.068
0.701
0.497
-0.071
-0.285
-0.221
-1.494
0.691
0.361
0.365
0.752
0.507
0.269
0.173
-0.560
-1.184
1.627
-0.104
0.084
0.256
