0.754
0.272
-0.055
0.522
0.182
0.615
0.331
0.281
0.711
0.504
0.520
0.404
0.472
0.193
-0.131
0.055
-0.244
-0.246
0.036
-0.274
0.268
-0.491
-1.160
0.169
0.026
-0.183
0.146
0.337
-0.069
-0.165
-0.075
0.135
-0.093
0.467
0.188
2.892
2.585
1.983
0.753
1.753
2.693
4.055
0.063
-0.336
0.242
0.097
0.155
-0.123
2.291
1.688
2.449
1.670
2.595
4.514
2.007
1.539
1.534
-0.028
0.955
3.895
1.411
1.800
1.262
1.992
1.154
2.524
1.203
0.550
0.164
-0.484
0.538
-0.124
-0.510
0.659
-0.591
-0.027
-0.123
-0.536
4.709
0.032
-0.236
0.720
1.068
0.688
-0.067
1.154
1.541
2.339
0.722
-0.005
-0.193
0.768
0.638
1.003
0.085
-0.132
-0.373
-0.203
2.159
1.422
0.004
-0.063
0.274
0.316
0.516
-0.224
0.153
0.153
0.153
0.153
-0.025
0.156
0.153
0.153
0.151
0.153
0.153
-0.353
0.153
0.025
0.206
0.153
0.153
0.151
0.153
0.913
0.299
-1.393
-0.108
-0.019
0.153
-0.422
3.547
-0.620
-0.094
0.515
0.880
0.333
-0.238
0.209
0.819
0.139
-0.942
0.330
0.296
-0.582
0.502
0.466
1.664
1.966
-0.021
0.273
0.896
1.935
1.864
3.025
3.060
0.121
2.766
-0.009
0.603
2.096
1.714
0.068
-0.091
0.165
1.371
1.028
0.226
0.301
1.239
-0.454
0.441
0.151
1.204
2.089
1.540
0.322
3.001
0.839
0.203
1.544
0.025
0.499
0.764
0.296
0.028
-0.618
-0.128
0.002
0.034
-0.152
-0.027
-0.391
-0.027
0.163
0.632
0.452
0.288
0.204
0.180
0.082
-0.611
0.235
0.340
0.093
3.142
2.506
1.028
0.230
0.269
-0.021
-0.664
0.910
0.707
-1.185
-0.313
-0.225
3.612
1.852
0.957
2.825
0.545
2.164
1.049
0.760
0.273
0.418
1.389
0.630
1.081
2.301
1.630
1.137
4.945
0.089
-0.290
0.608
0.448
1.030
0.409
0.957
0.588
0.106
2.968
0.063
0.729
-0.398
1.439
1.644
0.105
1.149
0.375
0.105
0.961
0.331
2.127
-0.035
0.715
0.650
0.477
0.680
1.041
0.600
-1.650
-0.312
-0.741
0.283
0.025
0.751
-0.182
0.326
0.159
0.463
0.642
0.032
0.236
0.397
0.231
-0.087
0.157
0.485
0.247
1.792
0.843
0.201
1.114
-0.284
-0.214
0.125
0.666
-0.485
0.133
-0.129
0.125
0.486
-0.043
-0.118
2.767
0.815
0.200
0.901
0.257
1.590
0.721
0.378
-0.743
-1.695
-0.675
-0.213
-0.824
-0.320
0.551
-0.421
-0.215
2.387
0.163
0.720
0.733
0.199
0.048
0.184
0.208
-0.647
0.777
0.031
0.547
-0.235
-0.235
1.953
1.924
-0.103
0.668
0.864
0.472
1.002
0.487
0.334
0.177
-0.371
0.335
1.127
-0.772
0.426
0.528
-0.063
0.645
-0.182
-0.147
3.606
1.338
1.245
1.815
1.634
0.827
0.227
1.119
2.164
0.762
0.298
0.969
0.133
0.296
0.237
0.352
0.873
1.280
0.014
2.846
-0.219
0.979
0.514
0.947
0.701
1.542
0.488
0.298
0.112
0.544
0.318
0.006
-0.455
-0.684
0.329
0.515
0.608
-0.028
1.638
0.375
-0.312
-0.482
0.245
0.070
0.157
-0.277
-0.213
-0.023
1.962
0.513
2.510
0.934
-0.802
0.984
0.761
-0.105
-0.043
0.153
1.636
1.449
0.438
2.417
0.056
0.329
-0.563
0.435
0.180
0.332
1.184
0.033
1.353
0.676
0.845
-0.117
0.452
0.725
0.846
0.246
0.205
-0.025
-1.207
0.206
0.127
-0.330
0.212
-0.598
2.406
0.673
-0.027
-0.148
-0.980
-0.302
-0.351
-0.215
-0.601
0.090
-0.081
-0.181
-1.527
-0.146
-0.144
0.367
0.407
-0.398
0.098
1.368
-0.217
0.963
-0.734
-0.222
1.427
-0.761
0.067
0.965
0.091
0.520
0.762
0.393
0.718
0.081
0.220
0.286
-0.098
0.076
1.955
0.573
4.405
0.865
0.212
0.080
1.202
2.332
0.247
-0.245
0.070
-0.176
0.439
1.543
0.992
1.798
0.786
2.804
1.340
0.193
0.270
-0.265
1.151
0.168
0.424
0.895
1.848
1.254
2.419
0.348
0.154
-0.176
0.146
-0.178
0.090
-0.090
0.418
0.461
0.382
0.235
-0.003
0.189
-0.147
0.148
0.349
0.411
0.519
3.642
1.504
0.435
0.623
-0.695
0.008
-0.381
0.629
0.184
0.161
0.171
0.157
0.085
0.493
0.946
0.484
0.650
0.333
1.004
1.150
2.909
0.908
1.549
-0.219
1.061
0.264
0.558
-0.254
0.204
-0.130
0.163
0.727
0.352
0.446
0.652
0.259
1.364
0.380
0.290
0.053
0.481
0.385
0.316
0.455
0.465
0.180
0.016
0.841
0.119
4.733
1.270
0.988
0.068
-0.198
0.449
-0.134
1.877
0.160
0.150
-0.176
0.211
-0.158
-0.412
0.183
0.169
0.169
0.154
0.172
2.077
1.065
0.396
0.117
0.057
0.076
-0.280
0.459
0.484
0.085
0.483
-0.410
0.710
0.297
0.287
1.993
0.934
0.040
1.267
0.293
0.709
1.612
0.807
1.185
0.346
0.760
3.808
0.853
-0.061
-0.226
0.787
-0.115
0.005
0.418
-1.090
-0.168
0.535
0.492
0.628
-0.119
-0.867
0.770
0.394
-0.533
1.176
-0.452
-0.326
-0.169
1.640
-0.917
0.559
-0.090
-1.011
0.573
0.582
0.090
0.093
-0.039
-0.946
1.032
0.321
0.716
0.537
0.428
0.181
-0.133
-1.350
-1.450
0.876
0.079
0.167
-0.362
