0.057
0.461
0.042
0.306
0.064
0.159
0.267
0.316
0.370
0.217
0.065
1.050
0.251
0.844
-1.386
-0.628
-0.290
-0.267
-0.025
0.057
0.321
-1.211
-1.416
0.142
0.074
0.342
0.138
0.142
0.747
-0.031
0.159
0.346
0.102
0.231
0.057
2.144
1.476
2.069
0.512
1.146
1.907
2.579
-0.262
0.060
0.136
-0.009
0.057
0.060
1.457
0.653
1.877
1.355
1.848
2.580
1.772
1.303
0.984
0.057
0.709
3.089
1.169
1.391
1.386
1.603
0.962
2.394
1.011
0.227
0.179
0.406
0.758
-0.690
-0.531
0.603
0.057
0.675
0.072
-0.115
2.895
-0.185
0.205
1.019
0.060
0.303
-0.392
-0.702
0.913
2.506
0.606
-0.478
-1.445
0.018
0.188
0.857
0.566
0.057
0.192
-0.237
0.107
0.082
0.057
0.050
0.032
0.098
0.079
-0.481
-0.151
0.140
-0.101
-0.264
0.264
0.057
-0.283
-0.228
-0.298
-0.284
0.209
-0.363
-0.163
-0.274
0.137
0.171
-0.262
-0.284
-0.184
1.663
0.137
-1.293
-0.812
1.149
-0.063
-0.377
0.057
0.057
-1.029
1.068
0.505
0.057
0.057
0.070
0.061
0.057
-0.620
0.113
0.212
0.057
0.286
0.625
1.278
1.438
0.246
0.057
0.822
1.864
0.194
2.408
1.929
1.444
1.776
0.023
0.328
2.058
0.680
0.057
-0.232
-0.018
0.573
0.353
0.113
0.567
1.085
-0.276
0.230
-0.274
0.674
1.410
1.730
0.465
1.049
0.664
0.060
1.567
-0.299
0.469
0.628
0.090
0.057
-0.944
0.126
-0.335
-0.179
0.693
-2.781
1.774
0.057
-0.417
0.473
0.264
0.190
0.238
0.341
0.118
-0.308
0.544
0.559
0.288
2.845
2.255
0.665
0.296
0.104
0.287
-1.149
0.543
0.424
-3.435
-1.467
-0.004
2.618
1.463
0.845
1.997
0.025
1.779
1.287
0.650
0.615
0.914
1.213
0.877
0.821
1.590
1.376
1.132
3.494
0.211
-1.408
1.402
-0.138
0.415
0.306
0.988
0.144
0.623
3.486
0.240
0.300
0.128
1.095
0.931
0.014
0.893
0.333
0.252
0.997
0.134
1.471
0.057
0.663
1.004
1.482
0.424
1.494
0.698
-0.997
0.057
-0.718
-0.249
0.069
0.163
-0.348
0.800
-0.110
-0.383
0.454
0.042
-1.096
0.275
0.129
-0.040
0.080
0.800
0.467
1.368
1.514
-0.089
0.057
0.251
-0.100
0.511
3.743
-0.307
-0.186
-0.424
-0.412
-0.746
0.059
0.539
2.346
-0.453
1.386
0.629
1.225
0.453
-0.255
-0.072
-0.096
-0.581
0.057
-0.046
0.226
-1.002
0.658
0.025
0.774
1.717
0.466
0.122
0.036
-0.042
0.240
0.066
0.513
0.377
0.520
0.103
0.678
0.163
0.108
1.999
2.133
-0.267
0.278
0.571
0.217
1.064
0.356
0.178
-0.212
-0.304
0.491
1.591
-0.566
0.843
1.025
0.268
0.533
-0.054
-0.327
2.708
1.576
0.743
1.305
1.169
0.686
0.258
1.398
1.747
1.124
2.472
1.390
0.115
0.789
1.101
1.318
-0.669
3.500
-0.518
2.469
0.028
1.089
1.154
0.980
0.486
1.372
-0.015
-0.519
-0.285
0.597
3.208
0.445
-1.810
-1.142
1.082
1.535
0.048
-3.846
0.057
0.633
1.213
-0.645
0.068
0.362
-1.049
-0.049
0.909
0.097
0.841
0.586
2.353
1.969
0.057
0.312
1.482
-0.177
0.246
0.254
1.172
3.020
-0.294
0.672
-0.080
0.214
0.278
0.517
0.029
0.225
0.905
0.260
1.142
0.473
0.134
0.637
0.733
0.137
0.883
0.208
0.220
-0.211
-0.526
0.363
0.081
-0.099
0.392
-0.931
1.678
1.034
0.178
-0.168
-1.194
-1.066
-0.653
-0.220
-0.283
-0.398
-1.446
-1.148
-1.220
-1.279
0.117
0.076
-0.639
-0.534
-0.397
0.183
-0.754
0.868
-0.578
-0.467
1.840
-1.088
0.961
1.851
-0.560
1.228
0.559
0.275
0.277
0.077
0.714
0.441
0.057
0.116
1.675
0.542
2.481
1.271
0.950
0.057
1.469
3.127
-0.202
-0.212
-0.176
-0.137
0.035
0.466
0.380
1.213
0.308
2.365
0.632
0.226
0.530
0.103
1.117
0.263
0.332
0.614
1.713
1.050
1.288
0.043
-0.021
0.121
0.292
-0.033
-0.347
-0.502
0.360
0.236
0.071
0.050
-0.118
0.424
0.114
0.057
0.180
0.447
0.433
1.863
1.693
0.505
-0.035
-0.818
-0.232
0.534
1.445
0.348
1.145
0.574
0.423
0.390
0.243
0.901
0.419
0.825
0.135
0.681
1.230
2.458
0.719
0.665
0.056
0.191
0.290
0.946
0.203
1.279
0.518
0.110
0.703
0.117
0.270
0.125
0.377
-0.307
0.342
0.116
0.065
0.686
0.337
0.139
0.592
0.284
0.210
-0.118
0.709
-0.006
1.381
1.106
0.550
4.721
1.017
1.263
0.057
0.848
0.057
0.285
-0.236
-0.303
-0.398
-0.723
0.128
-0.243
-0.323
0.002
-0.189
2.556
1.125
0.416
0.179
0.135
0.589
0.743
0.347
0.363
0.433
0.441
0.254
0.614
0.802
0.093
1.577
0.945
0.869
1.214
0.930
-0.439
0.872
0.340
1.137
0.904
0.731
2.362
0.957
-0.317
0.971
0.754
-0.281
0.057
0.408
-0.830
-0.043
0.698
0.526
1.448
-0.675
-0.274
-0.412
0.239
-0.764
0.595
-0.757
-0.618
0.049
-0.073
-0.807
-15.326
-0.039
-0.971
0.625
0.521
-0.215
0.081
-0.201
-1.410
0.980
0.093
0.736
0.784
0.764
0.309
-0.621
0.153
-0.553
4.465
-0.286
-1.018
-0.142
