-0.104
-0.168
0.138
-0.939
-0.222
-0.122
-0.377
-0.112
-1.243
-0.168
-0.151
-0.961
-0.614
-2.085
-0.062
0.195
0.651
0.712
0.600
-0.144
-0.207
2.420
-0.671
-0.629
0.205
-0.383
-0.305
-0.476
-0.033
-0.167
-0.106
0.011
0.136
1.834
0.210
-2.316
-0.872
-2.661
-0.664
-0.711
-1.272
-3.232
-0.035
0.517
0.103
0.016
-0.357
-0.490
-3.424
-1.392
-4.128
-1.837
-2.303
-1.552
-2.756
-1.478
-1.075
0.307
-0.148
-1.806
-0.525
-0.592
-0.992
-1.942
-1.228
-1.584
-0.149
-0.888
1.569
0.120
-1.205
-0.025
-0.392
-1.001
-0.795
-0.079
-0.448
0.313
-3.590
-0.040
1.307
-1.637
-0.391
-0.158
0.138
-0.100
-0.446
-1.250
-0.170
-0.233
1.781
-0.317
0.017
-0.362
-0.075
0.602
0.073
0.042
-0.558
-0.363
-0.346
-0.304
-0.778
-0.972
-0.144
0.195
-0.034
-0.090
-0.083
0.003
0.025
-0.172
0.769
0.457
-0.001
0.036
-0.079
0.334
-0.054
0.362
-0.090
-0.024
0.107
-0.358
0.213
-1.474
-0.473
-0.061
0.453
-0.272
-0.029
0.210
-0.254
-0.089
0.551
-0.862
-0.533
-0.698
0.910
0.159
0.053
1.175
0.927
0.196
0.075
-0.502
0.232
-0.070
-0.090
-1.725
-0.334
-0.468
-1.230
-1.578
-1.328
-2.761
-3.218
-3.075
-2.187
-0.227
-0.539
-1.701
-2.871
-1.144
0.879
0.042
-2.033
-1.051
-0.090
-0.686
0.101
1.152
0.287
0.285
-0.172
-2.536
-1.559
-0.948
-0.565
-0.770
0.373
-2.442
-0.090
-0.090
-0.246
-0.035
0.016
-0.775
-0.147
0.352
0.061
-1.068
-0.587
-1.779
-0.232
1.022
-0.773
-0.422
-0.759
-0.167
-1.596
-0.090
-0.035
-0.139
-0.110
0.011
-2.033
-1.141
-1.135
-0.366
0.179
0.019
2.341
-0.870
-0.613
3.914
1.874
-0.014
-2.724
-2.190
-2.218
-1.733
-0.341
-1.217
-1.036
-0.721
-1.238
-1.024
-1.155
-0.844
0.604
-2.192
-2.086
-1.447
-2.601
-0.423
2.480
-0.380
0.304
-0.486
-0.310
-0.684
1.544
0.090
-1.780
-0.465
0.048
-1.113
-0.327
-1.110
1.221
-0.842
-0.692
-0.240
-0.982
-0.695
-0.565
0.278
-0.097
-1.298
-0.696
-0.687
-0.128
-0.450
3.563
0.259
0.151
0.095
0.387
-0.698
-0.116
1.504
0.023
0.303
-1.729
-0.626
0.389
-2.359
0.316
-0.785
0.497
-0.138
-1.051
-1.336
-0.311
0.068
-0.092
-0.245
-0.133
-0.128
-2.056
-0.023
0.108
0.182
0.402
-0.183
-1.778
-0.271
-1.257
0.214
0.866
-0.698
-0.145
-3.059
-0.276
0.347
1.290
3.920
1.764
1.518
-0.134
0.655
-0.098
-1.108
-0.108
-0.909
-1.437
0.051
0.192
0.120
0.000
-0.007
-0.457
-0.165
-0.379
-0.075
-0.348
0.073
-0.134
-0.337
-1.735
0.011
-0.152
-0.454
-0.434
-0.668
-0.225
-0.553
0.235
-0.091
0.720
-0.203
1.387
-0.462
-0.576
-0.076
-0.539
1.056
0.199
-1.605
-1.601
-1.893
-1.517
-2.302
-0.221
-0.090
-0.708
-0.633
-0.827
-0.065
0.733
0.271
-0.055
-0.412
-0.467
-0.891
-0.151
-0.126
-1.793
-0.034
-0.263
-0.307
-0.923
-0.351
-0.452
0.602
0.234
0.375
0.368
-0.373
-0.342
0.096
0.675
0.223
0.230
-0.457
-0.174
-0.467
-1.002
-0.361
0.234
0.017
-0.231
0.390
0.331
-0.353
0.120
-1.503
-0.218
-0.898
-1.599
-0.970
-1.109
-0.130
-1.038
-0.292
0.395
-2.449
-2.136
-0.258
0.214
-0.256
-0.269
-0.274
-0.612
-0.178
0.024
-1.399
-0.128
-0.816
-0.093
-0.675
-0.383
-0.183
-1.273
0.140
-0.001
-0.004
-0.791
0.070
-0.051
-0.366
0.708
-0.220
-0.125
-0.968
-0.536
-0.326
-0.090
1.582
1.402
-0.434
0.198
1.324
0.537
0.414
0.399
2.034
2.096
0.236
0.877
2.304
0.369
0.132
-0.239
0.364
0.278
0.122
0.817
0.520
1.820
-0.198
-0.559
1.259
-1.257
0.229
0.274
-0.600
-0.041
-0.204
-0.926
-0.202
-0.107
-0.828
0.057
-1.421
-0.092
-0.552
0.775
-0.831
-1.091
0.045
0.217
0.089
0.064
-0.427
-1.919
-0.230
-1.491
-0.366
-1.504
-0.636
-1.168
-0.197
-0.118
-0.245
-0.123
-0.572
-0.259
-1.979
-0.862
-1.585
-0.122
0.215
0.147
-0.009
-0.087
-0.154
0.519
0.130
-0.680
-0.233
-0.282
-0.352
0.151
-0.461
-0.089
-0.344
-0.471
-0.484
-0.209
-0.907
-1.818
-0.268
0.132
-0.053
-0.595
-0.341
0.295
-1.162
-0.154
0.023
-0.601
0.709
-1.015
-0.375
-0.613
-0.914
-1.155
-0.613
-2.972
-1.172
-0.572
-0.239
-1.307
-0.218
-0.548
0.085
0.024
-0.031
-0.095
-0.216
-0.370
-0.560
-1.351
-0.129
-0.611
-0.343
-0.085
-0.120
-0.536
-0.710
-0.039
-0.697
-2.103
-0.011
0.112
-0.592
0.192
-1.385
-0.090
-0.803
-0.315
-0.155
0.122
-0.078
-0.058
0.069
0.288
0.943
-0.049
-0.346
0.795
-0.090
0.096
-0.027
-0.090
0.033
1.157
0.229
1.274
-0.400
-0.086
-0.616
-0.204
-0.182
-1.274
-0.082
-0.182
0.113
-0.676
-1.341
-0.337
-1.744
-0.283
-0.329
-1.601
-3.037
-0.923
-0.754
-0.191
-1.747
-0.674
-1.315
-1.459
-1.162
-0.037
0.006
-0.778
1.150
-0.193
-0.396
1.086
-0.257
-0.097
-0.128
-1.372
-0.067
-0.547
-0.764
-0.568
1.080
-1.146
0.809
0.843
0.115
-0.127
0.016
-2.245
0.178
0.706
-0.529
-1.296
0.012
0.224
-0.046
-0.265
-0.270
-0.667
-1.021
-1.589
-0.727
-0.122
0.176
-0.190
-0.252
-3.001
0.576
-1.756
-0.155
