-0.417
0.047
-0.198
0.352
-0.647
-0.066
-0.076
-0.383
-0.577
-0.171
-0.283
-0.163
-0.255
-0.430
-0.667
-0.047
1.115
0.162
0.055
-0.302
0.058
1.372
-0.057
-0.338
-0.059
-0.109
0.083
-0.216
-0.318
-0.003
-0.055
-0.093
0.063
-0.077
-0.227
-2.140
-2.864
-2.333
-0.846
-2.235
-0.929
-4.036
-0.108
-0.079
-0.292
-0.128
-0.519
-0.383
-2.697
-1.289
-2.206
-1.432
-1.049
-3.329
-3.800
-2.453
-1.853
-0.189
-0.758
-3.701
-1.658
-2.281
-1.785
-1.664
-0.583
-1.912
-0.424
-0.431
0.112
-0.144
-1.394
0.553
-0.191
-0.782
-4.618
-1.567
-0.149
0.300
-5.280
-0.216
0.135
-1.932
-1.839
-0.512
0.872
-0.153
-0.937
-1.816
-0.365
-0.163
-0.072
-0.366
-0.120
-0.645
-0.162
0.414
0.045
0.376
-2.406
-1.218
0.210
-0.086
-0.267
-0.658
-0.117
0.637
-0.228
-0.238
-0.013
-0.088
-0.132
-0.119
0.099
0.142
-0.049
-0.126
-0.156
-0.028
-0.135
-0.033
-0.290
-0.127
-0.097
0.002
-0.091
-2.046
-0.074
0.517
0.818
-0.314
-0.124
0.177
-0.190
0.902
2.552
-1.185
-0.003
0.024
1.021
-0.122
-1.254
1.099
-0.151
-0.133
-0.102
-0.107
-0.509
-0.213
-0.009
-1.972
-0.806
0.219
-1.097
-1.371
-1.937
-3.435
-2.929
-3.896
-1.760
0.169
-1.938
-2.786
-1.171
-0.135
-0.038
-0.101
-1.116
-1.944
-0.655
-0.324
-2.236
-0.102
-0.084
-0.040
-0.570
-1.436
-1.602
-0.803
-0.598
-0.136
0.279
-1.726
-0.526
-1.257
-0.586
-0.456
-0.205
-0.128
-0.226
0.312
-0.124
-1.375
-0.145
-2.024
-2.400
0.171
-0.186
-1.774
-0.805
-0.069
-0.926
-0.133
-0.043
-0.243
-0.165
-0.127
-1.924
-1.925
-0.978
-0.123
0.339
-0.171
1.412
-0.070
0.226
-0.119
1.265
0.008
-3.064
-0.864
-1.059
-3.004
-0.361
-0.788
-1.829
-1.356
-1.165
-0.549
-1.347
-1.319
-0.453
-3.126
-1.901
-2.104
-3.256
-0.215
1.546
-0.229
-0.300
-0.719
-0.460
-2.311
0.296
-0.025
-3.253
-0.155
-0.740
-0.471
-1.716
-0.643
1.261
-0.332
-0.136
-0.117
-1.464
-3.707
-1.772
-0.069
-0.786
-2.256
-0.768
-1.517
-1.456
-0.341
1.096
-0.502
0.360
0.117
0.476
-0.535
0.055
-0.591
-0.124
-0.117
-0.750
1.388
-1.187
-0.179
-0.419
-0.492
0.930
-0.323
-1.817
-1.807
-0.855
-0.162
-0.047
-0.124
-0.124
-0.281
-1.991
-0.124
-0.120
-0.066
0.034
0.039
-0.111
0.109
-2.728
-0.234
0.067
-1.852
-0.347
-2.824
-0.206
-1.000
0.483
2.421
0.723
0.326
-0.246
1.348
-0.781
-0.029
-0.697
-0.140
-1.086
0.036
-0.089
-0.094
-0.126
-0.075
-0.143
-0.243
-0.535
-0.200
-0.182
-0.124
-0.271
-0.135
-0.541
-0.122
0.000
-0.210
-0.124
-1.380
-0.320
-0.121
-0.124
-0.188
-0.369
-0.494
0.513
-0.330
-1.622
-0.076
-0.048
0.000
0.328
-3.163
-2.867
-0.840
-2.760
-1.686
-0.755
-0.549
-2.189
-2.397
-1.215
-0.519
-0.579
-0.088
-0.222
-0.347
-0.178
-0.180
-1.582
-0.164
-0.885
0.541
-0.992
-0.616
-1.351
-0.286
-0.313
-0.284
0.150
0.066
-0.161
-0.513
-0.420
-0.157
0.302
-0.106
-0.251
0.022
-0.041
-0.118
-0.471
-0.834
0.275
-0.267
-0.095
-0.454
-0.234
-1.148
-0.864
-0.872
0.928
-2.042
-1.041
-0.925
-0.823
-0.618
-1.389
-1.509
-0.020
-2.002
-0.957
0.100
-0.828
-0.330
-0.722
-0.231
-0.124
0.108
-0.126
-0.485
-0.045
-0.944
-0.558
-0.296
0.335
-0.129
-1.243
-3.016
-0.124
-0.056
-0.023
0.012
-0.386
0.656
0.763
-0.425
-0.264
-1.108
-0.883
-0.448
0.016
0.671
0.220
-0.045
0.153
0.765
-0.064
1.148
1.151
1.948
1.789
0.357
0.486
-0.078
-0.133
0.039
-0.400
-0.133
-1.866
0.130
0.131
-2.181
0.507
0.570
-0.242
0.348
-1.295
-0.086
-0.193
-0.181
-0.110
-0.431
-0.653
0.176
-0.300
-2.219
-0.366
-1.079
-0.186
-1.186
-0.054
-0.912
-2.534
-0.583
-0.146
-0.341
-0.096
-0.347
-0.469
-0.230
-2.472
-0.833
-4.665
-1.588
-0.870
-0.976
-0.286
-0.395
-0.382
-0.228
-0.471
-4.445
-0.519
-2.884
-0.165
-0.146
-0.090
-0.207
-0.209
-0.136
-0.307
-0.492
-1.475
-0.162
-0.203
-0.141
-0.284
-0.094
-0.478
-0.124
-0.362
-0.141
-2.668
-0.579
-1.198
-0.224
0.179
-0.155
-0.268
-1.129
0.110
0.335
-0.146
0.034
-0.124
-0.124
-1.185
-0.210
-1.511
-1.778
-1.790
-2.310
-4.065
-2.501
-0.868
-0.033
-0.131
-0.262
-1.154
0.384
-0.116
0.007
-0.205
-0.367
-1.476
-0.268
-0.350
-0.111
-0.047
-0.113
0.155
-0.172
-0.932
-0.841
-0.124
-0.533
-0.124
-0.080
-0.036
-0.917
0.287
-2.439
-1.443
-1.217
-0.215
-0.795
0.627
-0.189
-0.722
-0.138
-0.405
0.121
-0.104
0.303
0.020
-0.130
-0.124
-0.046
-0.124
-0.115
-2.101
-2.241
0.504
-0.215
-0.189
-0.077
-0.207
-0.047
0.246
0.260
-0.333
-0.104
-0.450
-0.187
-0.168
-1.647
-0.266
0.818
-0.867
-1.126
-0.128
-1.005
-0.130
-2.079
-0.651
-1.507
-2.304
-0.589
-0.634
-0.829
-0.163
0.003
0.292
-0.278
0.726
0.206
-0.150
-0.665
-0.653
0.055
-0.381
-1.435
-0.361
0.379
-0.206
0.360
1.676
-0.033
-0.740
-0.141
-0.589
-0.026
0.626
-0.268
-1.545
0.017
0.215
-0.022
0.095
-1.298
-0.071
-0.628
-2.242
-0.133
-0.038
-0.189
-0.124
0.055
-1.263
0.253
-0.971
-0.578
