0.178
-0.011
-0.074
0.416
0.043
0.348
0.525
-0.021
-0.225
-0.029
-0.597
0.403
0.007
0.496
-0.079
-0.812
-0.834
-1.544
-0.203
0.366
1.385
0.300
0.513
0.079
-0.042
-0.311
-0.004
-0.197
0.143
-0.083
-0.008
-0.280
-0.008
-0.061
-0.048
3.252
1.458
2.132
1.303
-0.007
2.337
1.063
-0.021
-0.059
-0.026
0.600
0.802
0.746
2.138
1.908
0.497
1.318
1.619
2.516
0.867
1.077
2.340
0.286
0.109
2.656
1.298
1.736
1.442
2.164
0.557
1.941
1.488
1.759
0.214
0.128
1.898
0.190
1.174
0.452
0.412
1.705
0.453
-0.642
2.642
-0.041
0.027
0.301
-0.075
0.388
-0.584
-0.683
0.259
2.384
-0.283
0.526
-1.246
1.562
0.348
0.850
0.429
0.154
0.029
-0.002
0.635
0.085
-0.086
0.293
1.119
0.522
-0.043
-0.758
-0.030
-0.034
0.027
-0.095
0.002
0.001
-0.926
-0.038
-0.038
-0.038
0.016
-0.032
-0.038
-0.038
-0.038
-0.021
-0.359
0.057
-0.486
1.766
-0.069
-0.849
-0.092
0.753
0.135
0.055
-0.231
0.571
-0.368
-0.468
-1.042
0.761
-0.777
0.124
0.042
-0.773
-0.275
0.020
0.069
0.352
0.539
-0.218
0.144
3.005
0.162
0.245
0.150
2.531
1.834
3.893
3.781
0.745
2.406
-0.248
0.490
2.226
0.446
0.734
0.034
-0.014
1.868
1.321
0.037
0.306
1.754
-0.082
0.723
0.036
0.424
2.865
1.119
0.102
0.822
1.621
0.008
0.810
0.156
0.170
1.235
0.307
0.465
-0.222
0.117
0.544
-0.067
0.448
-0.210
2.862
1.163
-0.247
0.066
0.292
0.051
1.506
0.526
0.312
-0.166
-0.051
0.129
0.164
4.370
2.087
2.698
0.110
-1.061
0.001
-2.648
0.152
0.993
-0.689
-0.424
0.044
4.701
1.190
1.601
1.409
0.008
2.442
1.501
0.912
0.650
-0.032
0.921
1.006
0.383
1.991
1.681
2.592
3.119
0.042
-1.659
3.609
-0.751
0.923
1.699
0.244
1.020
-0.096
1.276
0.072
0.400
0.373
1.824
0.249
0.479
0.145
0.635
0.336
1.837
1.696
0.859
0.087
0.601
1.340
0.748
-0.653
0.291
1.735
-1.231
1.573
-0.264
0.959
-0.170
1.539
0.031
0.617
0.212
-0.113
0.555
1.363
3.289
0.082
-0.095
0.321
-0.029
0.118
-0.038
0.578
0.685
0.127
-0.084
0.003
0.431
-0.194
1.564
-0.167
0.489
-0.163
-0.038
0.325
1.213
0.296
1.714
0.729
-0.038
1.280
0.128
1.377
0.236
-0.275
-0.096
0.207
-1.019
1.177
0.777
-1.651
0.219
-0.942
0.356
0.209
0.375
0.395
-0.100
-0.026
0.036
-0.075
0.334
0.029
0.096
0.041
0.050
-0.038
-0.081
1.802
0.746
-0.576
-0.035
0.849
0.546
1.172
0.264
1.186
0.113
0.207
0.251
1.088
-0.181
0.571
0.046
0.153
0.856
-0.088
0.179
3.796
3.413
2.241
3.043
1.985
-0.011
0.178
0.585
2.364
1.390
0.126
0.077
-0.049
0.389
0.781
-0.213
-0.075
0.511
0.012
2.329
-0.688
0.419
0.647
0.632
0.779
0.888
-0.256
0.236
0.294
0.081
0.500
0.071
-0.161
-0.412
0.389
0.029
0.145
-0.060
0.715
0.201
-0.468
-0.305
0.539
-0.208
0.086
0.541
0.238
0.445
0.333
-0.037
0.718
1.978
1.239
0.537
0.835
0.509
0.440
1.612
1.593
1.982
-0.259
-0.874
-0.355
0.497
0.284
0.020
-0.306
-0.129
0.915
-0.129
0.377
1.245
1.264
-0.585
0.276
0.151
0.102
-0.019
-0.612
1.925
1.298
0.168
-0.038
-1.273
0.972
0.249
2.267
1.381
0.959
-0.591
-1.825
-0.208
-0.246
-0.038
0.012
-0.094
-0.936
-0.882
-0.948
-2.196
-0.829
-0.007
-0.235
-0.190
0.105
0.714
0.133
0.652
-0.018
-0.090
0.061
-1.041
-0.582
-1.227
-0.204
1.193
-0.011
0.691
0.020
0.097
1.337
0.073
0.824
0.170
2.451
0.883
0.882
0.345
2.075
-0.000
1.578
2.259
-0.078
-0.668
-0.173
0.229
0.022
2.558
0.495
1.699
0.904
2.778
1.075
0.654
0.705
0.275
1.276
-0.124
0.680
0.342
3.159
0.838
3.015
-0.047
-0.038
0.012
-0.139
0.028
-0.094
-1.410
-0.037
0.012
0.178
0.085
0.178
0.017
0.050
0.541
0.538
0.763
0.030
1.505
-0.236
1.303
-0.002
-0.781
-0.623
0.370
0.978
0.203
-0.175
-0.027
-0.159
0.306
0.281
0.885
0.880
0.907
0.890
0.619
0.580
1.356
1.363
1.548
0.045
1.531
0.070
0.366
0.034
-0.101
-0.514
0.183
1.208
0.382
0.205
0.104
1.255
0.305
0.174
0.338
-0.021
0.434
0.922
0.074
0.588
0.378
-0.053
-0.567
0.986
-0.215
2.553
0.886
0.639
0.172
-1.630
-0.477
-0.096
-0.119
-0.108
0.255
0.293
0.074
0.167
0.104
0.043
0.115
0.087
0.399
0.199
1.030
0.184
0.350
-0.118
-0.176
-0.110
0.134
0.000
0.158
0.003
0.024
0.034
1.640
0.376
0.262
1.917
0.718
0.234
0.874
0.107
0.133
0.951
0.015
1.831
0.950
0.030
0.653
0.929
0.003
-0.305
0.216
-0.887
1.206
0.209
-0.393
0.394
0.301
0.367
1.201
-0.290
2.453
1.198
0.822
-1.690
0.681
-0.112
-1.108
0.064
-0.343
0.669
0.625
-0.738
-0.284
0.840
0.839
-0.298
-0.129
-0.038
-0.846
0.153
0.071
1.123
2.768
1.354
0.130
-0.165
0.447
-0.023
0.709
-0.068
-0.242
-0.640
