-0.269
0.019
0.079
0.062
0.043
0.159
0.352
0.118
0.709
0.373
0.659
0.431
0.299
0.227
-0.603
-0.260
-0.445
-0.362
-0.024
-0.214
0.050
-0.983
0.227
0.057
-0.094
-0.064
-0.038
-0.232
0.280
-0.215
0.066
0.019
-0.360
-0.344
-0.315
3.020
1.973
2.575
0.777
1.769
2.130
3.281
-0.117
-0.326
0.570
-0.059
0.152
-0.052
2.956
1.920
2.927
1.972
2.416
3.312
2.831
1.528
1.771
-0.032
0.707
3.689
1.284
1.282
1.333
1.669
1.164
2.006
1.564
1.062
0.098
1.265
1.392
-0.381
0.306
0.197
1.411
1.988
0.803
-0.870
3.375
-0.079
-0.339
1.045
0.668
0.066
-0.284
-0.073
1.182
2.802
0.339
-0.256
-0.695
0.236
0.011
0.507
0.342
-0.016
-0.071
-0.044
1.295
0.558
0.161
0.035
-0.107
0.377
0.087
-0.721
0.041
-0.056
-0.089
-0.119
-0.050
0.043
-0.401
-0.083
-0.086
-0.161
-0.078
-0.281
-0.087
-0.062
0.017
-0.082
-0.111
-0.107
-0.111
0.675
-0.053
-1.257
-0.227
0.018
0.003
-0.484
-0.116
0.225
-1.319
0.335
-0.054
-0.020
-1.570
-0.114
-0.026
-1.691
-1.561
0.074
0.102
0.029
0.057
0.637
0.505
2.223
0.867
0.097
1.380
1.827
2.019
2.694
2.986
3.238
2.957
0.108
1.064
2.841
2.701
0.917
-0.496
-0.033
1.928
0.946
0.170
0.464
1.441
-0.610
-0.036
-0.254
0.816
1.961
1.430
0.569
1.364
0.950
-0.386
1.147
-0.020
0.646
0.627
0.748
0.261
-0.239
0.074
-0.269
-0.115
0.852
0.270
2.768
1.649
-0.486
0.462
0.932
0.483
-0.061
0.052
-0.067
-0.032
0.185
0.024
0.117
3.282
2.108
0.781
-0.248
0.412
0.048
-1.897
0.117
0.039
-0.716
-0.705
-0.157
2.263
2.578
1.273
2.651
0.436
1.950
1.323
0.635
1.368
1.156
1.289
1.248
0.912
1.936
1.562
1.101
3.634
-0.744
-1.856
0.461
-0.170
1.036
0.401
0.796
0.318
-0.323
2.848
-0.068
0.443
-0.292
1.143
1.352
-0.783
1.298
0.277
0.309
1.123
0.409
1.440
0.013
-0.447
1.229
0.776
-0.314
0.609
0.571
-1.609
-0.149
-1.218
0.061
-0.375
0.737
-0.062
0.521
-0.093
-0.035
1.017
0.063
0.886
0.272
0.226
0.096
-0.474
0.304
1.916
1.720
0.769
-0.030
-0.146
-0.071
-0.035
0.869
2.712
-0.132
-0.055
-0.213
-0.002
-0.571
0.545
-0.731
1.729
-0.544
-0.365
1.776
0.526
0.697
-0.099
0.825
-0.546
-1.503
-1.547
-0.458
0.464
-0.655
0.468
0.207
0.340
2.399
0.550
-0.556
-0.246
-0.215
0.009
-0.040
0.072
-0.006
0.248
-0.149
0.512
-0.142
-0.096
2.149
0.379
0.344
0.120
0.780
0.184
1.362
0.465
0.394
-0.055
-0.306
0.728
1.416
-1.019
0.290
0.174
-0.073
0.465
-0.272
-0.106
2.817
1.439
0.903
1.615
1.292
1.029
0.335
1.658
1.983
0.893
-0.155
-0.101
0.042
0.294
1.014
0.973
0.893
2.706
0.018
2.166
-0.186
1.750
0.933
1.833
0.577
1.916
0.602
0.049
-0.128
0.007
-0.245
0.211
-0.056
-1.179
0.399
-0.027
-0.109
-0.261
0.934
0.462
0.994
-0.388
-0.140
-0.263
-0.198
-0.233
0.420
0.381
1.165
-0.184
2.560
1.508
1.148
0.889
1.181
1.524
1.392
0.083
2.502
3.161
-0.013
0.402
-0.110
0.202
0.076
0.234
0.165
0.303
1.141
-0.022
1.288
0.431
0.383
-0.127
0.538
0.696
1.160
0.414
-0.169
-0.288
-1.221
0.053
-0.300
-0.680
0.412
-0.805
1.777
0.759
0.077
-0.210
-1.038
-0.680
-0.171
-0.421
-0.673
0.028
-0.622
-0.557
-0.558
-1.446
-1.213
-0.430
-0.568
-0.358
-0.239
0.759
-0.540
1.451
-0.443
-0.361
1.461
-0.601
0.940
1.885
0.113
1.365
-0.163
0.067
-0.260
0.051
0.327
0.841
-0.107
0.245
2.114
0.209
2.142
1.068
0.640
0.129
0.988
1.678
-0.038
-0.349
0.548
0.140
0.441
1.792
0.550
1.446
0.428
3.166
1.280
0.383
0.469
0.253
0.913
0.265
0.056
0.580
1.944
1.661
1.654
0.155
-0.045
-0.067
-0.069
-0.095
-0.027
-0.675
0.342
0.373
0.167
0.071
0.152
-0.119
0.088
0.505
0.267
0.877
0.286
2.054
1.869
0.527
-0.205
-0.393
0.058
0.084
0.573
0.031
0.179
0.122
-0.115
-0.053
0.597
1.104
0.191
0.553
0.315
0.896
1.784
2.638
1.164
1.233
-0.084
0.321
0.149
0.226
0.256
-0.076
-0.243
0.031
0.542
0.504
0.203
-0.006
0.224
-0.184
-0.033
-0.063
-0.095
0.779
0.199
0.116
0.452
-0.109
-0.075
-0.262
0.740
-0.199
2.816
1.649
1.197
0.005
-0.241
0.355
-0.031
1.236
-0.075
0.184
-0.122
0.389
0.095
-0.390
0.023
0.026
0.002
0.015
0.000
1.587
1.048
-0.417
-0.260
0.059
-0.106
-0.148
0.057
-0.479
-0.060
0.175
-0.143
0.815
0.517
0.110
1.803
0.756
0.900
1.227
1.193
0.332
1.513
0.463
0.928
1.061
1.115
2.111
0.992
-0.068
0.119
0.535
-0.297
0.119
0.185
-0.706
-0.367
-0.122
0.441
1.404
-0.608
0.878
1.186
0.554
-0.948
1.294
-0.419
-0.698
-0.586
2.300
0.167
0.782
-0.144
-0.699
0.693
0.667
-0.078
-0.135
-0.264
-0.609
0.653
0.139
0.739
0.770
0.028
0.028
-0.145
-0.122
-0.319
2.031
-0.405
-0.216
0.219
