0.093
0.094
-0.248
-0.404
-0.016
-0.229
-0.110
-0.122
-0.366
0.118
-0.310
-0.581
-0.123
0.010
0.025
0.143
0.215
0.159
0.082
-0.468
-0.632
0.884
-0.362
0.044
0.083
-0.054
0.143
0.086
-0.065
0.143
0.052
0.064
0.112
0.137
0.172
-1.803
-1.022
-3.041
-1.428
-1.498
-1.492
-4.291
0.126
0.155
-0.130
0.113
-0.157
-0.089
-3.708
-1.162
-4.081
-1.638
-2.462
-3.035
-3.724
-2.424
-1.092
0.131
-0.250
-3.208
-0.671
-0.928
-1.277
-1.336
-0.672
-1.649
-0.931
-0.246
0.184
-0.375
-0.933
0.204
0.172
-0.017
-0.217
-0.825
-0.186
1.110
-5.992
0.138
0.216
-0.768
-0.394
-0.102
0.324
0.125
-1.614
-2.414
-0.500
0.205
0.300
0.048
-0.030
-0.471
-0.302
-0.193
-0.028
0.123
-1.493
-0.225
0.074
0.068
0.006
-0.432
-0.133
0.494
0.052
0.046
0.143
0.224
0.140
-0.083
0.550
0.263
0.266
0.207
0.038
0.290
0.142
0.143
0.040
0.185
0.225
0.210
0.323
-0.971
0.108
0.391
0.270
-0.135
0.042
0.143
0.290
1.646
1.084
-0.641
0.262
0.263
1.460
-0.115
-0.008
1.275
0.832
-0.043
0.096
0.125
-0.369
-1.106
-1.208
-3.096
-0.528
-0.056
-0.906
-1.694
-1.653
-2.405
-2.727
-4.657
-4.468
0.187
-2.159
-3.042
-2.043
0.091
0.420
0.073
-1.307
-0.200
0.083
-0.334
-1.425
0.378
-0.734
-0.559
-0.682
-1.675
-1.884
-0.194
-0.642
-0.959
-0.066
-3.022
0.039
-0.528
-0.614
-0.027
-0.045
0.102
-0.027
0.108
0.086
-1.403
0.333
-3.349
-0.633
0.540
-0.323
-1.084
-0.452
-0.181
-0.109
-0.064
0.399
0.030
0.095
0.143
-4.651
-1.636
-1.422
0.085
-0.024
0.054
1.251
-0.211
0.110
0.262
0.539
0.363
-2.944
-2.445
-0.758
-2.466
-0.532
-2.451
-1.144
-1.361
-1.652
-0.531
-2.085
-0.607
-0.161
-2.293
-2.307
-1.423
-5.775
0.143
0.971
0.058
-0.106
-0.042
-0.300
-0.813
-0.152
0.127
-2.640
0.055
-0.244
-0.215
-0.887
-1.286
0.416
-0.404
-0.348
-0.191
-1.415
-0.075
-1.719
0.082
-0.186
-1.240
-0.945
-0.747
-1.071
-0.386
1.677
0.117
0.260
0.618
0.143
0.473
0.186
-0.477
0.113
0.260
-0.382
0.151
-1.841
-0.248
-0.076
0.437
0.189
-0.516
-1.490
-0.878
-1.139
-0.309
-0.039
0.096
0.259
0.250
-2.891
0.104
-0.023
0.143
0.143
0.143
-0.608
-0.016
-2.199
0.988
0.040
-2.140
-0.800
-1.672
0.180
-0.491
1.229
1.838
2.547
0.009
-0.493
0.995
-0.858
-0.016
-1.113
-0.480
-1.640
0.015
-0.184
-0.090
-0.075
0.040
0.037
0.051
-0.138
-0.067
-0.893
-0.060
0.044
-1.787
-1.155
-0.015
0.076
-0.507
-0.055
-0.841
-0.107
0.087
-0.077
0.260
-0.494
-1.419
0.403
-0.526
-0.541
0.045
-0.247
0.143
-0.024
-3.794
-1.567
-0.926
-1.579
-1.858
-1.223
-0.155
-1.638
-1.785
-0.879
-0.160
-0.331
-0.139
0.229
-0.580
-0.635
0.257
-1.304
0.028
-4.460
0.152
-1.264
-0.524
-1.571
-0.297
-1.247
0.501
0.287
0.551
-0.191
-0.053
-0.459
0.044
1.229
-0.390
-0.314
-0.085
-0.087
-0.109
0.221
0.425
0.482
-0.354
0.730
0.132
0.268
-1.304
0.314
-2.240
-0.358
-2.775
-1.301
-1.341
-0.792
-1.162
0.676
1.195
0.104
-3.477
-3.869
0.147
-0.447
0.208
-0.247
-0.372
-0.029
0.143
-0.150
-0.814
0.039
-0.426
-0.261
-0.958
0.029
0.116
-0.078
-1.474
-0.160
0.143
0.366
0.851
0.028
-0.237
0.143
-0.064
0.503
-0.348
-0.773
0.022
0.143
0.959
1.791
0.143
0.143
0.967
0.116
0.353
0.307
0.881
1.926
1.044
0.359
1.379
0.155
0.038
0.169
-0.078
-0.353
0.143
0.143
-0.328
0.211
0.247
-0.533
0.260
-1.820
0.000
0.061
0.169
-0.023
-0.019
0.087
0.238
-0.217
-1.716
0.035
-2.863
-0.540
-0.064
0.143
-1.116
-2.239
0.006
0.130
0.045
0.003
-0.759
-2.490
-0.233
-1.452
-0.340
-2.848
-2.151
-0.120
-0.004
-0.512
-0.793
-0.319
-0.207
-0.371
-2.517
-1.024
-2.445
0.118
-0.005
-0.019
0.082
-0.004
-0.006
0.271
0.143
-0.185
-0.165
0.034
-0.361
-0.097
0.023
0.143
0.058
0.084
-0.505
-1.588
-2.253
-1.564
-0.454
0.383
0.113
0.105
-0.168
0.024
-0.035
-0.097
0.056
0.143
-0.182
-0.374
0.017
-1.278
-0.246
-0.339
-1.109
-4.588
-0.697
-0.935
0.124
-0.185
-0.017
-0.185
0.085
0.050
-0.086
0.089
-2.027
-1.763
-0.018
-0.566
-0.045
-0.088
-0.074
0.111
0.143
-0.303
-0.216
-0.088
-0.497
-0.875
-0.168
0.335
-1.405
0.062
-2.914
-0.900
-1.003
0.104
-0.082
-0.578
0.143
-0.384
0.111
0.119
0.219
0.143
0.097
0.387
0.160
0.149
0.164
0.033
0.128
-0.060
-0.132
0.026
0.052
0.041
-0.053
0.105
-0.188
0.435
-0.051
-0.045
0.143
-0.507
0.047
0.108
-1.446
-0.611
-0.986
-0.747
-1.253
0.116
-1.925
-0.084
-1.054
-0.265
-0.879
-2.779
-0.127
0.210
-0.390
-1.122
0.143
0.230
-0.087
0.348
0.298
0.128
0.044
-1.256
0.119
-1.178
-1.684
-0.683
0.093
-0.997
0.152
0.702
0.143
-0.152
0.136
-1.280
0.124
0.769
-0.683
-1.094
0.143
0.143
0.241
0.308
-0.483
-0.086
-0.443
-0.465
0.239
0.069
0.030
0.111
1.246
-1.695
-0.026
0.063
-0.222
