0.043
-0.341
0.005
-0.330
-0.126
-0.003
-0.771
-0.363
-0.496
-0.285
-0.329
-0.571
0.052
-0.563
0.457
0.142
0.584
0.062
-0.137
0.090
-0.680
1.772
0.571
-0.136
-0.080
-0.039
-0.398
0.080
-0.447
-0.213
-0.619
-0.382
-0.253
0.120
0.164
-2.996
-2.788
-2.609
-0.615
-2.110
-2.049
-4.032
0.053
-0.024
-0.180
-0.079
-0.426
0.026
-2.506
-1.478
-2.605
-1.977
-2.058
-3.504
-2.384
-1.327
-2.081
0.052
-0.696
-4.065
-1.465
-0.853
-1.127
-1.608
-1.476
-3.085
-2.052
-0.250
-0.349
-0.088
-0.104
-0.065
-0.648
-0.155
-0.917
-1.509
0.067
0.416
-3.632
0.062
2.098
-0.835
-0.152
-0.252
-0.396
-0.103
-1.403
-2.568
-0.999
-0.512
0.105
-0.332
-0.116
-0.682
-0.021
0.052
0.025
-0.060
-1.570
-0.953
-0.110
-0.154
-0.611
-1.093
-0.261
0.099
-0.102
0.790
0.018
0.079
-0.025
0.024
0.193
0.081
0.235
0.086
-0.156
0.154
0.021
0.090
0.027
-0.096
0.099
-0.098
0.224
-0.758
0.057
1.212
0.402
-0.319
-0.212
0.260
-0.209
-0.523
0.438
-0.483
-0.042
-0.155
1.586
-1.173
-2.108
2.011
1.499
-0.377
-0.205
0.450
-0.216
-0.341
-1.275
-1.720
-1.662
-0.214
-1.237
-2.293
-1.979
-3.601
-2.492
-1.342
-2.370
0.338
-0.657
-2.132
-2.151
0.052
-0.404
-0.188
-1.219
-0.998
-0.267
-0.539
-1.138
0.052
-0.228
0.223
-0.344
-2.150
-1.261
-0.824
-1.587
-0.491
0.112
-1.274
0.108
-0.493
-0.370
-0.146
-0.097
0.006
0.453
-0.213
-0.181
0.052
0.096
-0.021
0.052
0.454
-0.915
-0.837
-0.392
-0.305
-0.275
-0.184
0.626
-0.033
-0.031
-0.145
-3.092
-3.200
-0.922
-0.252
-0.434
0.233
0.918
-0.083
-0.349
1.160
0.637
-0.024
-2.214
-1.715
-1.216
-2.906
-1.117
-2.110
-1.491
-0.815
-0.269
-1.029
-1.414
-0.542
-0.327
-1.346
-1.374
-1.459
-3.525
0.072
0.810
-1.232
0.348
-0.828
-0.245
-0.699
0.078
0.007
-2.094
-0.313
-0.626
-0.035
-1.495
-1.494
-0.043
-0.919
-0.367
-0.094
-1.497
-0.229
-2.373
0.280
0.032
-1.485
-0.806
-1.647
-1.776
-0.836
1.490
0.162
0.035
-0.359
0.204
-0.555
0.068
-0.893
-0.094
0.054
-0.545
0.120
0.442
-0.353
-0.935
0.072
0.056
-0.609
0.052
-1.110
-1.057
-0.215
-0.060
-0.335
0.107
-0.440
-1.515
1.844
0.014
0.336
0.086
0.254
-0.503
0.680
-3.047
0.557
-2.098
-0.738
0.052
-1.273
-0.229
-0.215
1.143
3.030
1.782
-0.114
-0.178
0.910
-1.047
0.184
0.140
-2.875
-0.038
0.084
-1.172
-0.217
-0.014
-0.015
-0.291
-0.232
-0.507
-0.057
-1.331
-0.065
-0.070
-1.527
-0.910
-0.060
-0.201
-0.144
-0.229
-1.070
-0.492
-0.247
-0.201
0.084
-0.241
-0.811
0.070
-0.403
-0.212
0.069
-0.136
0.055
-0.006
-3.794
-1.010
-0.917
-1.287
-1.756
-0.588
-0.443
-1.102
-1.279
-0.552
-0.171
-0.552
-0.264
-0.057
-1.179
-0.536
-0.614
-3.472
0.155
-1.633
0.120
-2.143
-0.894
-1.599
-0.740
-1.098
0.370
0.137
-0.049
-0.261
0.509
-0.338
2.070
0.865
-0.062
-0.307
-0.306
0.034
-0.711
-0.299
-0.239
0.572
-0.389
-0.174
-0.095
0.086
-0.066
-0.207
-1.892
0.100
-2.670
-1.618
0.052
-1.072
-1.393
-1.194
-0.334
-0.116
-2.441
-2.345
-0.125
-0.687
-0.094
-0.499
-0.185
-0.186
-0.045
-0.255
-0.782
-0.149
-1.330
-0.160
-0.849
-0.178
-0.488
0.052
-1.162
-0.561
0.204
-0.025
0.588
0.031
0.242
0.085
-0.418
0.052
-1.034
-0.685
0.211
0.045
0.879
0.386
0.099
0.556
0.910
-0.307
0.596
0.960
0.633
1.913
0.682
0.284
0.968
0.366
0.100
-0.106
0.328
-1.448
0.347
0.358
-1.797
0.367
-1.473
-1.531
-0.402
-1.945
-0.135
-0.257
-0.283
-0.123
-0.417
-0.755
0.333
-0.029
-2.840
-0.110
-3.082
-1.506
-0.532
-0.053
-1.586
-2.377
-0.314
0.222
-0.840
-0.123
-0.269
-2.536
-0.280
-1.442
-0.669
-2.789
-1.295
-0.481
-0.415
0.003
-1.217
-0.205
-0.196
-0.789
-2.050
-0.620
-1.266
-0.111
-0.152
0.003
-0.202
-0.086
-0.245
-0.054
0.162
-0.179
-0.167
-0.264
-0.674
-0.128
-0.141
-0.426
-0.033
-0.631
-0.488
-1.960
-1.342
-0.450
0.251
0.566
0.052
-0.122
-0.763
-0.275
-0.862
-0.206
-0.167
-0.204
-0.311
-0.783
-0.145
-1.446
-0.547
-0.599
-1.257
-2.684
-1.258
-0.927
0.262
-0.497
-0.206
-0.335
-0.292
-0.124
0.076
-0.307
-0.922
-0.116
-0.659
-0.057
-0.140
0.041
0.044
-0.028
-0.075
-0.670
-0.216
-0.180
-0.640
-0.469
-0.083
0.156
-0.959
0.250
-2.117
-1.382
-1.291
-0.319
-0.123
-0.389
-0.053
-2.008
-0.130
-0.002
0.083
-0.025
0.415
0.425
-0.234
0.142
0.169
-0.234
0.113
-1.243
-1.967
-0.107
0.068
-0.217
-0.115
-0.088
-0.279
-0.300
0.011
-0.367
0.044
-1.064
-0.330
-0.206
-2.262
-0.970
-0.516
-0.781
-0.282
0.085
-1.355
-0.573
-0.758
-0.545
-0.633
-4.318
-0.223
-0.177
-0.510
-0.583
0.574
-0.237
-0.205
0.771
0.428
-0.074
-0.103
-1.052
0.052
0.052
-1.048
-0.432
0.521
0.006
0.863
0.416
0.795
-0.357
0.218
-1.471
0.163
0.291
-0.787
-0.549
-0.047
-0.064
0.133
0.392
-0.609
-0.249
-0.257
-0.568
-0.128
-0.219
-0.195
-0.178
0.897
-1.679
-0.003
0.101
0.100
