-0.329
-0.467
-0.401
0.344
0.024
-0.120
0.249
-0.385
0.522
0.245
0.382
0.116
0.025
-0.403
0.065
-0.006
-0.404
-0.205
-0.428
-0.654
0.572
-2.772
-1.260
0.341
-0.108
-0.302
0.505
0.400
0.608
-0.014
-0.030
0.229
-0.433
-0.246
-0.398
3.531
2.562
2.286
0.584
1.533
2.487
3.353
0.044
-0.064
-0.064
-0.362
0.629
0.825
1.598
1.563
2.625
1.934
2.445
3.106
1.981
1.613
1.792
-0.064
0.795
3.396
-0.064
1.056
1.554
2.017
1.391
3.275
1.514
0.567
-0.097
-0.064
1.373
-0.262
-0.414
0.731
-0.064
-0.064
-0.182
-0.064
2.306
-0.063
-0.589
-0.064
-0.064
0.347
-0.459
0.293
0.993
2.649
0.442
0.054
-0.064
-0.074
-0.250
0.707
0.194
-0.064
0.048
-0.040
1.529
1.057
0.170
-0.375
0.135
0.579
0.398
-0.317
-0.172
-2.354
-0.287
-0.324
0.223
0.057
-0.357
-0.326
-0.373
-0.288
-0.084
-0.100
-0.282
-0.342
-0.293
-0.196
-0.352
-0.345
-0.280
1.614
0.226
-0.498
-0.064
0.011
-0.066
0.204
0.426
-0.064
-0.092
0.724
0.232
-0.064
-0.064
1.836
2.638
-0.064
-1.512
-0.174
1.199
0.007
0.352
1.188
1.302
0.915
0.663
-0.329
1.263
1.848
1.705
2.930
2.511
-0.064
-0.031
-0.064
-0.064
2.740
1.450
0.177
-0.433
-0.022
1.349
0.600
0.228
2.099
1.231
-0.542
-0.064
-0.337
1.188
2.180
0.128
0.848
0.168
1.205
-0.090
0.969
-0.303
0.963
0.671
1.680
0.419
-0.711
-0.087
-0.328
0.006
0.359
-0.340
-0.064
-1.199
0.020
0.804
0.680
0.451
0.353
1.370
0.397
-0.323
-0.057
-0.036
-0.055
3.114
1.722
1.591
0.224
0.585
-0.062
-1.570
0.019
0.435
-4.376
-0.519
-0.158
2.744
1.803
1.121
3.077
-0.168
2.105
1.601
1.106
0.319
-0.064
1.962
1.037
0.547
1.779
2.272
1.510
3.154
0.501
-0.628
4.581
0.318
-0.188
0.534
0.795
-0.183
0.211
2.103
-0.029
0.482
-0.047
-0.255
2.064
0.854
1.506
0.561
0.048
1.595
0.273
1.460
-0.478
-0.388
0.399
0.026
-0.102
0.624
0.662
-0.983
0.776
-0.381
-0.769
0.884
0.982
-0.160
1.089
-0.046
-0.065
0.955
-0.064
0.667
0.744
1.455
-0.081
0.692
0.365
1.122
1.989
0.785
-0.209
0.574
0.258
-0.064
0.364
2.977
-0.636
-0.108
-0.428
-0.038
0.389
-0.073
-0.560
2.669
-0.586
-0.394
0.171
0.465
2.453
0.007
0.230
-1.243
-3.455
-1.975
1.269
-0.999
-1.043
1.026
-0.058
0.705
2.626
-0.125
-0.348
0.472
0.097
-0.061
-0.095
0.748
0.494
0.528
0.243
0.746
0.290
-0.117
1.804
1.646
-0.060
0.447
0.749
0.247
1.172
0.479
-0.066
-0.003
0.025
0.481
1.625
-0.874
0.512
0.391
-0.098
0.347
-0.500
-0.272
2.734
1.442
1.052
1.972
1.234
0.080
0.130
1.594
2.654
1.007
0.761
0.976
-0.291
1.222
1.120
2.021
0.773
-0.064
0.270
2.904
-1.785
1.255
0.574
1.478
0.253
0.579
-0.066
-0.511
-0.075
-0.237
-0.009
-0.551
-1.364
-0.753
0.172
-0.144
-0.757
-0.720
-0.064
1.884
1.994
-0.372
-0.055
-0.071
-0.055
-0.482
0.344
-0.010
1.137
-0.235
2.667
1.849
-0.064
1.805
1.332
-0.064
-0.097
0.168
1.940
1.695
0.111
1.447
-0.181
1.273
-0.250
0.091
-0.217
0.625
1.260
-0.001
1.520
0.455
0.591
0.290
1.732
0.322
1.108
-0.114
0.892
-0.133
-0.064
0.231
-0.474
-0.252
0.385
-0.183
1.667
1.039
-0.064
-0.014
-0.818
-0.421
-0.457
-0.006
-0.658
-0.320
-0.674
-0.592
-0.586
-1.423
-0.764
-0.064
-0.220
-0.475
-0.429
0.154
0.169
1.914
-0.605
-0.450
2.709
-0.800
0.339
1.852
-0.068
-0.064
0.403
-0.023
-0.005
0.407
0.917
0.484
-0.064
0.322
1.791
1.115
1.477
0.603
0.653
0.124
0.982
2.140
-0.049
-0.155
0.387
0.598
-0.355
1.272
0.419
1.571
0.700
2.621
1.602
0.737
0.624
0.758
0.900
0.619
0.486
1.250
1.959
0.854
1.514
-0.038
-0.022
-0.573
-0.239
0.042
-0.028
-0.679
0.370
0.293
0.033
-0.232
-0.004
0.315
-0.015
0.538
-0.238
0.138
0.294
2.145
2.168
0.014
-0.065
-0.477
0.001
0.493
1.543
0.191
0.088
0.744
0.321
-0.067
0.896
0.811
0.319
1.007
-0.044
0.558
1.075
3.091
1.114
1.075
-0.632
-0.033
0.121
1.852
-0.387
0.294
-0.793
-0.022
0.683
-0.059
0.445
0.176
0.260
-0.657
-0.014
0.256
0.451
0.858
0.661
0.501
0.858
0.710
0.210
-0.366
1.077
-0.315
3.006
1.189
0.002
2.334
1.628
1.428
0.180
1.312
-0.072
-0.063
-0.372
0.093
-0.094
-0.399
0.444
-0.337
-0.129
0.256
0.381
2.773
0.412
-0.442
0.131
0.120
0.304
0.125
0.321
0.664
0.221
0.383
0.264
0.592
0.850
0.246
1.532
0.585
0.545
1.153
-0.061
-0.114
1.328
0.497
1.189
0.754
0.675
4.076
0.871
-0.401
-0.809
0.664
-0.100
-0.145
0.473
-1.158
0.095
0.616
1.003
1.567
-0.055
-0.314
1.238
0.436
-0.067
0.245
-0.403
-0.158
-0.593
1.389
-0.984
0.273
-0.369
-0.480
1.067
0.892
-0.073
-0.319
-0.261
-1.303
0.177
0.384
0.705
1.123
0.550
0.235
-0.137
-0.044
-0.257
1.826
-0.229
-0.451
-0.590
