0.343
0.438
-0.182
-0.891
0.081
0.208
0.075
-0.053
-0.747
-0.330
-0.088
-1.140
-0.189
-0.438
-0.043
-0.388
0.478
0.045
0.473
0.176
-0.139
1.728
0.591
-0.030
0.066
-0.168
-0.347
0.338
0.054
0.351
0.055
-0.076
0.280
-0.046
0.087
-2.021
-1.867
-1.724
-0.371
-2.124
-1.702
-3.261
0.133
0.244
-0.029
0.006
-0.545
-0.590
-2.307
-2.846
-2.561
-2.589
-1.929
-2.616
-2.958
-1.232
-0.617
-0.047
-0.168
-2.453
-1.805
-1.978
-1.656
-1.119
-0.814
-2.001
-1.630
-0.639
0.277
-0.559
-1.465
0.867
-0.051
-1.479
-2.091
-1.035
-0.465
0.048
-2.323
0.133
1.337
-1.478
-0.631
-0.326
-0.235
-0.013
-0.468
-1.958
-0.066
0.019
-0.032
0.088
-0.050
-0.615
-0.032
0.218
-0.083
0.034
-2.856
-1.729
-0.397
-0.242
-0.007
-0.004
-0.553
0.526
-0.008
0.003
-0.010
0.574
0.028
0.243
1.541
0.219
0.092
0.069
0.041
0.322
-0.002
0.341
-0.037
0.002
0.640
0.698
0.472
-0.348
-0.216
0.783
0.419
0.798
-0.219
0.865
0.361
-0.001
0.734
0.470
-0.208
-0.246
0.575
-0.001
0.074
0.520
0.670
0.073
-0.175
-0.239
-0.053
0.289
-0.021
-2.787
0.207
0.114
-0.597
-1.522
-1.828
-3.070
-3.036
-3.280
-1.947
0.509
0.048
-2.329
-2.895
-0.643
0.100
-0.153
-2.424
-0.839
-0.688
-0.067
-0.741
0.301
0.355
1.281
-0.855
-1.649
-1.724
-0.452
-1.538
-1.445
0.405
-1.796
0.065
-0.472
-1.974
-0.041
-0.123
0.149
0.651
0.737
0.167
-0.795
0.136
-2.952
-1.666
-0.023
-0.606
-0.935
-0.495
-0.352
-0.210
-0.046
-0.029
-0.216
-0.165
-0.377
-2.611
-1.780
-2.898
-0.148
0.385
-0.010
2.292
0.027
-0.344
1.551
1.299
0.031
-2.025
-1.754
-1.394
-2.871
-0.486
-1.730
-1.975
-0.339
-0.918
-0.420
-1.076
-1.175
-0.684
-1.991
-1.337
-2.835
-3.360
-0.101
1.537
-0.627
-0.027
-0.993
-0.362
-0.456
-0.189
-0.024
-0.506
-0.030
-0.521
-0.060
-1.192
-2.188
0.182
-0.935
-1.021
-0.890
-1.489
-1.068
-0.534
0.021
0.127
-1.178
-0.796
-0.549
-0.491
-0.922
2.118
-0.672
0.997
0.283
0.324
-0.694
0.455
0.377
-0.029
0.841
-0.589
0.047
0.054
0.603
0.068
1.380
0.245
-0.153
-1.283
-0.575
-0.064
-0.023
0.353
-0.290
-0.106
0.172
-1.290
-0.015
0.004
-0.035
-0.112
0.263
0.184
-0.096
-1.349
0.466
-0.128
-0.925
-0.298
-1.712
0.308
0.617
0.303
3.849
2.326
0.492
-0.627
-0.067
-0.215
-0.037
-0.286
1.000
-0.644
0.320
0.368
0.094
0.015
0.065
-0.065
-0.036
-0.870
0.256
-0.336
0.245
0.101
-1.974
-0.290
-0.357
0.262
-1.689
-0.707
-1.963
-0.600
-0.610
-0.004
-0.054
-0.100
-0.064
0.020
-0.651
-0.770
-0.031
-1.186
0.551
-0.066
-2.710
-2.923
-1.739
-2.545
-2.559
-0.748
-0.182
-1.218
-1.691
-1.371
0.103
0.256
0.122
-0.197
-0.788
-0.515
0.033
-0.453
-0.440
-4.070
0.037
-0.232
-0.245
-2.219
-0.575
-1.293
-0.047
0.052
-0.036
-0.157
-0.741
0.063
0.114
1.934
0.385
0.376
0.202
0.181
-0.818
-0.224
0.229
0.300
0.226
0.919
0.562
0.687
-0.311
-0.405
-0.131
0.094
-0.798
-0.462
-0.242
-0.181
-0.061
-0.462
-0.156
-0.161
-2.810
-2.477
-0.174
-0.449
-0.098
-0.274
0.399
-0.199
0.247
-0.357
-1.800
-0.009
-1.275
-0.648
-0.569
0.400
-0.273
-0.493
-0.711
-0.215
0.111
-0.474
-0.349
-0.155
-0.313
0.569
0.011
0.097
-1.357
-1.152
-0.357
-0.134
0.850
1.184
0.284
-0.211
-0.112
1.327
0.418
0.725
2.624
3.416
1.003
0.175
2.018
0.561
0.343
-0.890
0.351
-0.507
0.505
0.581
-0.963
0.836
0.130
-0.189
0.278
-0.707
-0.019
-0.022
-0.284
0.162
-0.025
-0.533
0.395
-0.003
-2.211
-0.167
-1.971
-0.705
-1.312
-0.430
-0.726
-1.376
-0.132
0.106
-0.000
0.221
-0.188
-2.332
0.055
-2.571
-0.796
-2.064
-0.516
-0.961
-0.373
-0.053
-0.631
-0.363
-0.800
-0.949
-2.435
-2.182
-2.613
-0.158
-0.043
0.128
0.227
-0.004
0.048
0.887
0.515
-0.354
-0.496
-0.656
-0.030
-0.256
-0.168
-0.610
-0.427
-0.913
-0.313
-1.767
-2.352
-1.451
0.092
0.969
-0.073
0.019
0.781
0.118
-0.013
0.118
0.155
-0.111
0.317
-1.594
-0.362
-0.098
-0.222
-1.244
-0.865
-3.259
-2.431
-2.213
0.159
-0.396
-0.279
-0.062
-0.188
0.084
1.055
-0.200
-0.259
0.051
-0.122
0.172
-0.259
-0.060
-0.057
0.135
0.183
-1.089
-0.272
-0.222
-1.170
-1.357
0.183
0.176
-0.503
-0.259
-0.541
-1.023
-2.388
0.378
-0.529
0.634
0.215
0.602
-0.047
-0.247
0.159
-0.578
-1.374
0.822
0.224
0.186
0.347
0.215
0.043
0.572
0.113
0.789
0.268
-0.396
-0.330
-0.033
0.234
0.294
0.248
-0.121
0.143
-1.855
-1.566
-0.113
-1.984
-0.166
-0.208
-1.360
-0.601
-0.407
-1.508
-0.331
-1.460
-0.922
-0.361
-1.021
-2.262
0.392
1.344
-1.219
0.693
0.586
-0.482
1.169
0.091
0.092
-0.109
-2.501
-0.213
-0.857
-0.194
-0.063
0.320
-0.605
2.055
1.487
0.987
0.076
0.384
-0.415
-0.021
0.879
-1.400
-0.940
0.039
0.040
0.094
0.595
-1.453
-0.733
-0.980
-1.617
-0.083
-0.875
-0.082
0.130
0.058
-2.302
0.352
0.018
-0.208
