-0.160
-0.314
-0.135
-0.124
-0.505
-0.131
-0.377
-0.747
-0.701
-0.186
-0.454
-0.444
-1.184
0.015
-0.287
0.061
0.171
0.184
0.308
0.647
-2.258
1.662
0.462
-0.139
-0.044
-0.247
0.050
0.050
-0.452
0.017
-0.034
0.230
0.181
-0.011
0.070
-3.176
-2.035
-3.210
-0.962
-1.897
-3.501
-5.344
0.017
0.809
-0.323
-0.016
-0.107
0.061
-2.405
-1.523
-2.396
-2.736
-3.115
-4.891
-4.153
-2.415
-1.143
-0.027
-0.508
-4.692
-0.701
-1.245
-1.997
-1.897
-1.955
-4.142
-2.295
-0.800
0.212
-0.346
-1.900
0.132
1.097
-0.583
-0.067
-0.228
-0.164
1.734
-5.212
-0.043
-0.027
-1.754
-0.378
-0.461
-0.026
-0.232
-1.573
-2.341
-1.291
-0.275
-0.049
0.347
-0.444
-0.771
-0.470
-0.111
-0.123
0.543
-0.862
-0.422
-0.195
-0.176
-0.123
-0.514
-0.163
0.124
-0.035
3.747
0.222
0.267
0.221
-0.083
0.309
0.200
0.236
0.237
0.000
0.282
0.128
0.420
0.666
-0.007
0.240
0.364
0.320
-4.367
0.608
0.376
0.075
-0.329
0.069
0.090
0.325
-0.380
1.512
-1.419
0.647
-1.275
1.148
-0.055
-0.669
2.196
1.603
-0.558
-0.023
-0.045
-0.135
-1.319
-0.710
-2.767
-0.891
0.364
-1.325
-3.429
-1.868
-3.859
-3.346
-4.131
-3.536
0.060
-0.905
-2.980
-2.158
-0.049
0.418
0.008
-1.801
-0.988
-0.254
-0.027
-1.364
0.673
0.450
0.004
-1.486
-2.484
-2.704
-0.645
-2.081
-1.052
-0.183
-2.594
-0.016
-0.859
-0.872
-0.732
0.210
0.578
0.053
-0.268
-0.080
-0.027
-0.027
-0.435
-0.483
0.810
-0.756
-0.616
-0.521
-0.146
-0.278
-0.116
1.072
-0.071
-0.027
-0.048
-4.689
-2.288
-1.827
-0.104
0.449
-0.368
1.942
-0.614
-0.902
2.058
0.204
-0.012
-5.592
-3.462
-0.910
-3.461
-0.331
-2.045
-1.310
-1.430
-2.506
-1.747
-1.379
-1.793
-0.135
-2.684
-2.581
-2.585
-2.503
0.026
1.912
-1.073
0.113
-0.239
-0.229
-0.841
0.463
0.173
-1.937
-0.078
-1.634
0.136
-0.750
-1.865
0.149
-1.370
-0.452
-0.198
-0.820
-0.780
-1.825
1.207
0.003
-1.355
-0.837
-0.429
-0.833
-0.460
1.002
-0.194
0.488
-0.104
0.150
-1.772
0.049
-1.476
-0.029
0.020
-0.301
-0.465
-0.752
-0.118
0.307
0.204
0.114
-0.872
-0.333
-1.416
-1.416
-0.388
-0.179
-0.025
-0.027
-0.421
-2.328
0.441
-0.022
-0.027
0.068
0.847
-0.027
1.309
-2.878
0.853
-0.213
-2.379
-0.089
-1.028
-0.069
-0.305
0.411
2.876
1.555
-0.113
1.055
0.772
-1.263
0.622
-0.030
-2.077
0.079
0.522
-0.284
0.202
-0.235
-0.103
-0.330
-0.152
-0.526
0.165
-0.850
-0.127
0.022
-0.841
-1.809
-0.499
-1.352
-1.175
-0.457
-0.701
-0.692
-0.394
-0.066
0.104
-0.382
-1.147
0.369
-0.281
-0.499
0.180
-0.567
0.340
-0.018
-3.645
-2.034
-1.581
-2.040
-2.445
-0.499
-0.053
-1.801
-4.242
-1.488
0.469
-1.331
-0.021
-1.295
-0.587
-1.772
0.086
-3.077
-0.078
-3.267
0.386
-3.902
-2.811
-0.807
-0.840
-2.262
0.472
0.553
-0.189
0.011
0.565
0.363
2.063
1.506
0.015
-0.425
0.642
-0.565
0.092
-0.712
-0.990
0.542
-0.395
-0.027
-0.210
0.293
-1.579
-0.776
-0.792
0.306
-1.169
-2.823
0.088
-1.729
-2.679
-2.402
-2.320
-0.027
-2.169
-2.977
-0.206
0.016
-0.164
-0.359
0.098
-0.747
0.053
-0.389
-0.859
0.154
-1.618
-0.800
-0.704
-0.037
-0.378
-1.323
-1.542
-0.103
-0.093
0.407
0.841
-0.089
-0.027
0.195
-0.433
-0.015
-2.880
-1.080
0.270
0.119
0.368
2.060
1.283
0.272
0.490
-0.214
1.397
1.530
0.941
3.197
0.864
0.575
0.466
0.437
0.174
-0.414
0.327
-1.794
1.028
0.115
-1.628
1.212
-0.545
-1.205
1.598
0.794
0.054
-0.486
0.351
-0.011
-0.559
-0.755
0.106
-0.161
-2.592
-0.712
-3.073
-1.466
-0.095
-0.201
-1.223
-2.069
-0.257
0.119
-1.009
-0.087
0.465
-2.020
-0.630
-1.662
-0.368
-4.077
-1.707
-0.573
-0.256
-0.027
-0.945
-0.320
-0.677
-1.256
-1.439
-1.057
-1.489
-0.164
0.122
-0.002
0.141
-0.080
0.113
1.304
-0.034
-0.397
-0.246
-0.446
-0.495
-0.666
-0.091
-0.031
-0.211
-0.577
-0.494
-2.567
-1.169
-0.924
-0.643
0.606
-0.225
-0.248
-0.551
-0.204
-0.087
-0.145
-0.027
-0.079
-1.184
-1.743
-0.464
-1.167
-0.205
-1.057
-1.432
-4.059
-1.212
-1.898
0.294
0.240
-0.461
-0.412
-0.006
-0.048
0.549
-0.168
-1.124
-0.738
-0.231
-0.044
-0.089
0.142
-0.140
-0.193
0.082
-0.695
-0.309
-0.080
-0.833
-0.200
-0.338
-0.156
-0.837
0.276
-2.534
-0.508
-0.590
-0.003
-0.053
-0.842
-0.089
-1.033
-0.260
-0.311
-0.011
-0.048
0.265
0.440
-0.140
0.291
0.090
0.001
0.105
-2.354
-1.042
0.149
-0.083
-0.288
-0.138
0.316
-0.111
1.381
-0.409
-0.191
-0.046
-1.015
-0.817
-0.135
-1.778
-0.675
0.074
-1.265
-0.617
-0.039
-0.679
-0.223
-2.311
-1.078
-1.157
-3.849
-1.417
0.269
-1.417
-0.858
0.062
0.249
-0.637
0.406
0.847
0.216
-0.712
-1.336
0.545
-0.027
-2.286
-0.973
0.410
-0.027
0.645
0.610
1.308
-0.754
1.320
-0.598
0.011
0.421
-0.889
-0.733
0.026
0.100
0.131
0.988
-0.815
-0.057
-0.593
-0.935
-0.196
-0.259
0.160
0.167
1.688
-1.266
0.497
-0.386
-0.247
