-0.297
-0.003
-0.055
0.335
0.021
0.248
0.360
-0.067
0.501
0.036
0.369
0.531
0.233
-0.069
-0.141
-0.007
-0.073
-0.009
0.032
0.027
0.793
-0.821
-0.971
0.297
-0.008
-0.230
0.093
0.274
0.226
-0.007
-0.128
-0.025
-0.034
-0.286
0.002
2.737
2.616
2.505
0.581
1.285
2.230
3.648
-0.107
-0.226
-0.071
-0.265
0.268
0.141
1.912
1.631
2.046
1.696
2.263
3.201
2.055
1.084
1.375
-0.141
0.671
3.120
1.235
1.711
1.477
1.674
1.013
2.300
1.335
0.474
0.026
-0.249
0.584
0.052
-0.078
0.313
1.640
1.509
0.359
-0.678
3.110
-0.059
-0.141
1.660
-0.014
0.106
-0.316
0.061
0.991
2.809
0.584
-0.046
-0.156
0.260
-0.008
0.672
0.393
0.002
-0.026
0.012
1.741
1.143
0.317
-0.370
-0.096
0.351
0.064
-0.236
-0.007
-0.007
-0.007
-0.254
0.129
0.008
-0.238
-0.015
-0.229
-0.069
-0.007
-0.267
-0.007
-0.139
-0.007
-0.007
-0.019
-0.381
-0.273
1.286
-0.322
-0.557
-0.252
0.211
-0.010
-0.206
-0.191
-0.001
-0.550
1.037
0.228
-0.174
-0.590
-0.005
-0.015
-1.386
-1.566
0.362
0.245
0.184
0.283
0.444
1.040
2.331
1.241
0.043
0.720
1.999
1.636
3.019
2.424
2.043
2.222
-0.232
1.078
2.087
0.932
1.155
-0.060
0.085
1.079
1.190
0.323
0.404
0.878
-0.231
-0.003
-0.172
0.715
2.119
1.250
0.404
1.478
0.897
-0.049
1.431
-0.036
0.647
0.457
-0.149
-0.121
-0.485
0.155
-0.096
0.009
0.674
-0.052
3.026
1.705
-0.690
0.411
0.158
0.041
0.025
0.194
0.130
-0.027
0.119
0.095
0.105
2.923
1.830
0.572
-0.006
0.384
-0.095
-0.637
0.068
0.400
-0.206
-0.096
-0.217
2.833
1.496
1.489
3.221
0.016
1.567
1.014
0.994
-0.026
0.711
1.243
0.466
-0.057
1.852
1.335
0.710
2.917
-0.114
-0.806
1.222
-0.482
0.517
0.088
0.708
0.676
0.149
2.792
0.113
0.833
-0.054
1.324
1.695
-0.564
1.213
0.179
-0.131
1.286
0.534
1.927
-0.461
-0.361
1.234
0.615
0.434
0.783
0.688
-1.521
-0.235
-0.109
-0.074
0.107
1.351
-0.148
-0.180
-0.013
-0.277
0.655
-0.171
0.692
-0.011
0.827
0.366
0.027
0.286
1.348
1.456
0.745
0.002
-0.024
-0.003
-0.190
0.259
3.085
-0.331
-0.296
-0.247
-0.007
-0.211
0.382
0.130
2.583
0.301
-0.090
0.502
1.189
1.278
-0.113
0.753
-0.384
-0.944
-0.530
-0.243
0.059
-0.688
0.616
-0.500
0.320
2.279
0.561
0.039
0.428
-0.152
0.153
-0.007
0.570
0.081
0.666
0.082
0.674
0.008
-0.007
1.620
1.083
0.279
0.322
0.828
0.278
1.236
0.185
0.112
0.128
-0.012
0.525
1.078
-0.887
0.292
0.401
-0.005
0.454
-0.580
-0.262
3.113
1.415
0.755
1.350
1.408
0.538
0.196
1.731
1.477
1.002
0.118
0.202
-0.013
0.453
1.175
1.048
-1.153
-0.215
0.075
1.020
-0.226
0.899
0.754
1.066
0.337
1.354
0.820
0.084
-0.119
0.173
-0.099
-0.108
-0.053
-0.828
0.080
-0.020
-0.898
-0.519
-0.117
0.193
-0.004
-0.154
0.015
0.011
0.119
-0.052
0.485
0.073
1.205
0.505
2.138
1.257
0.667
0.649
1.133
1.623
0.933
0.555
1.898
1.513
-0.140
0.604
-0.131
0.386
0.091
0.200
-0.083
0.211
0.607
-0.000
1.137
0.319
0.600
-0.005
1.229
0.747
-0.145
0.322
0.003
-0.727
-1.775
0.171
-0.117
-0.081
0.083
-0.727
1.446
0.269
0.091
-0.022
-1.519
-0.286
-0.120
-0.007
-0.289
-0.000
-0.626
-0.624
-0.864
-0.911
-0.883
-0.277
-0.357
-0.396
-0.039
0.717
-0.370
1.378
-0.431
-0.245
1.443
-0.254
0.170
1.943
-0.676
0.036
0.022
0.241
0.056
0.127
0.353
0.532
-0.153
0.205
1.323
0.190
1.963
0.822
0.433
0.091
0.631
1.768
0.155
0.063
0.333
0.278
0.087
1.199
0.464
1.678
0.622
2.527
1.046
0.492
-0.091
0.644
0.911
0.084
0.311
0.866
2.328
0.883
1.170
0.138
-0.021
-0.129
-0.253
-0.016
-0.115
-0.370
-0.150
0.443
0.169
0.049
-0.086
-0.100
0.213
0.418
0.668
0.211
0.342
1.522
0.990
0.711
-0.357
-0.327
-0.311
0.341
1.501
-0.007
0.040
0.209
0.015
-0.007
0.640
0.935
0.156
0.714
0.640
0.744
0.758
2.506
0.881
1.073
0.107
0.826
0.430
1.112
-0.350
-0.041
-0.775
-0.037
0.502
0.477
0.316
0.224
-0.103
-0.390
0.307
0.007
0.151
0.675
0.276
0.228
0.421
0.358
-0.145
-0.225
0.897
-0.017
2.296
1.143
-0.145
-0.019
0.452
1.108
0.024
0.456
-0.069
0.026
0.012
0.179
0.005
-0.247
0.122
-0.228
-0.263
0.086
-0.063
1.514
0.832
-0.332
-0.305
0.166
0.038
0.013
0.325
0.338
0.129
0.203
-0.008
0.443
0.058
0.075
1.775
0.922
0.080
0.942
0.955
0.203
1.444
0.286
1.027
0.076
0.667
3.392
0.132
0.058
0.412
0.548
-0.104
-0.014
0.147
-0.414
-0.021
0.512
0.386
1.068
-0.050
0.708
0.386
0.209
-0.908
1.132
-0.338
-0.585
-0.361
0.807
-0.462
-0.481
-0.029
-0.397
0.269
0.546
-0.001
-0.439
-0.264
-1.006
0.528
0.040
0.695
1.013
0.189
0.037
-0.065
-0.396
-0.750
1.302
-0.281
0.194
-0.096
