-0.157
-0.073
0.074
0.123
-0.032
0.030
-0.094
0.165
-0.102
-0.236
-0.524
-0.093
-0.211
-0.115
-0.829
-0.057
0.042
0.041
0.293
0.952
-1.182
1.877
0.567
-0.288
-0.002
-0.153
-0.059
-0.236
-0.479
0.050
-0.077
0.016
0.061
-0.029
0.026
-2.700
-1.802
-2.296
-0.603
-2.104
-2.539
-3.510
-0.031
0.645
-0.100
0.210
0.012
0.212
-2.529
-1.283
-2.229
-1.759
-2.204
-2.604
-2.472
-1.606
-1.163
0.031
-0.766
-2.888
-1.033
-1.262
-1.319
-1.822
-1.607
-1.578
-1.513
-0.545
-0.158
-0.294
-1.533
0.205
0.038
-0.166
-0.744
-2.058
-0.538
0.483
-3.453
0.023
0.206
-0.916
-0.444
-0.078
0.077
-0.395
-1.033
-2.236
-0.340
-0.078
0.430
-0.225
-0.097
-0.655
-0.341
0.351
0.058
0.045
-1.326
-0.916
-0.151
-0.071
0.184
0.073
-0.059
0.402
0.098
0.019
0.111
0.105
-0.335
-0.003
0.198
0.089
0.086
0.077
0.086
0.372
0.115
0.057
0.051
0.070
0.105
0.047
0.110
-1.777
0.732
0.854
0.140
0.120
-0.055
-0.215
0.328
0.844
0.768
-1.209
0.373
0.551
1.088
0.095
-0.811
1.679
1.284
-0.148
-0.320
-0.073
-0.694
-0.224
-0.737
-1.821
-0.642
0.120
-1.025
-1.826
-1.192
-2.414
-1.911
-2.492
-3.290
-1.379
-1.131
-1.809
-1.415
-0.409
0.424
0.078
-0.954
-1.671
-0.102
-0.342
-0.416
0.304
0.094
0.112
-0.627
-1.454
-1.061
-0.749
-0.953
-1.055
0.190
-1.295
-0.067
-0.445
-0.415
-0.876
-0.027
0.662
-0.019
0.637
-0.008
-0.512
-0.221
-3.400
-1.492
0.857
-0.418
-0.555
-0.073
-0.045
-0.265
-0.220
-0.113
-0.190
-0.186
0.051
-2.511
-2.326
-0.942
0.423
-0.107
-0.061
2.554
-0.588
-0.109
0.846
0.439
0.045
-2.510
-2.911
-1.475
-2.392
-0.682
-1.398
-1.538
-0.449
-0.779
-1.045
-0.945
-0.985
-0.853
-1.883
-1.127
-1.052
-3.573
0.471
0.889
-0.758
-0.273
-1.070
-0.332
-0.211
-0.508
0.269
-3.232
0.028
-1.194
-0.367
-1.611
-0.981
0.449
-0.820
-0.033
-0.075
-1.055
-0.397
-1.748
0.153
0.445
-0.806
-0.771
-0.371
-1.077
-0.724
1.404
0.037
0.159
-0.102
-0.622
-0.711
0.185
-0.429
0.008
0.129
-1.758
-0.162
-0.690
-0.004
-0.410
0.530
0.186
-0.238
-1.059
-1.053
-0.405
0.012
0.125
0.041
0.085
-1.833
-1.121
0.104
-0.026
0.212
-0.086
0.027
0.105
0.613
-1.903
0.474
0.541
-0.986
-0.554
-0.610
-0.300
-0.056
1.287
2.405
1.053
0.033
0.118
0.843
-0.330
0.113
-0.230
-1.974
-0.717
-0.300
0.133
0.023
0.096
0.070
-0.219
-0.010
-0.484
0.026
-0.459
0.042
-0.008
-1.411
-1.040
0.038
0.057
-0.539
-0.250
-1.125
-0.366
-0.189
-0.017
-0.068
-0.487
-1.903
0.794
-0.361
-0.095
0.341
0.363
0.499
0.050
-3.087
-1.232
-0.874
-0.959
-1.307
-0.586
-0.092
-1.247
-1.562
-1.311
0.119
-0.721
0.078
-0.115
-0.217
-0.397
-0.196
-0.112
-0.070
-1.634
0.338
-0.952
-0.160
-1.328
-0.514
-1.579
-0.268
0.139
0.037
-0.030
1.463
0.184
0.566
0.898
-0.054
-0.007
-0.063
-0.040
-0.830
-0.555
0.430
0.835
0.094
0.380
0.040
-0.019
-0.771
-0.056
-0.663
0.438
-1.901
-0.845
-0.734
-0.616
-0.653
-1.576
-2.051
-0.561
-1.540
-2.372
0.016
-0.752
0.039
-0.256
0.651
-0.158
0.070
-0.348
-0.695
-0.011
-0.780
-0.358
-0.648
0.528
-0.807
-1.667
-1.448
-0.325
-0.018
0.192
1.048
-0.370
-0.032
0.403
-0.352
0.226
-1.380
-0.763
-0.305
0.209
0.894
0.954
0.300
-0.048
0.777
0.044
0.995
0.766
1.875
1.684
0.706
0.339
0.899
0.301
0.077
-0.563
0.512
-1.562
0.310
0.022
-1.586
0.523
-0.252
-1.847
0.081
-0.230
0.110
-0.035
0.493
0.102
-0.487
-1.231
-0.238
-0.133
-1.499
-1.066
-2.064
-1.516
-0.323
-0.468
-1.612
-2.443
0.004
0.160
-0.004
-0.716
-0.394
-1.261
-0.209
-1.361
-0.546
-1.453
-0.563
-0.250
-0.120
-0.248
-0.571
-0.332
-0.158
-0.556
-1.566
-0.968
-1.080
0.083
-0.008
0.160
0.159
0.001
-0.036
0.386
0.419
-0.208
-0.075
0.116
-0.205
-0.287
-0.007
-0.017
-0.326
-0.656
-0.689
-0.920
-1.220
-0.143
0.125
0.619
-0.014
-0.320
-2.031
0.092
-0.097
0.178
0.147
0.187
-0.185
-0.834
-0.123
-0.514
-0.694
-0.413
-1.016
-2.267
-1.353
-0.606
0.282
-1.350
-0.225
-0.468
-0.037
0.070
0.360
-0.187
-0.781
-0.460
-0.705
-0.712
-0.132
0.271
-0.032
0.006
0.574
-0.158
0.029
-0.085
-0.444
-0.305
0.155
0.110
-1.054
0.015
-2.739
-1.120
-0.995
-0.054
0.261
-0.377
0.096
-0.851
0.125
-0.022
-0.002
-0.039
0.155
0.300
0.213
0.497
0.379
0.251
0.291
-1.570
-1.277
0.145
0.037
-0.122
0.018
0.087
-0.211
-0.226
-0.086
-0.188
-0.030
-0.502
-0.134
-0.235
-1.358
-0.750
-0.082
-0.323
-0.393
0.155
-1.253
-0.279
-0.604
-0.405
-0.439
-2.640
-0.723
0.041
-0.996
-0.440
0.202
0.373
-0.229
1.502
0.320
0.310
0.091
-1.029
0.920
-0.350
-1.032
-0.502
0.637
-0.679
0.746
0.030
0.407
-1.401
0.024
-0.304
0.019
0.504
-0.393
-0.608
-0.148
0.157
-0.001
0.415
-0.800
-0.206
-0.681
-0.338
-0.012
0.006
0.255
0.439
1.370
-0.843
0.212
0.787
0.044
