0.135
0.098
-0.030
0.056
0.127
0.215
0.230
0.306
0.489
0.270
0.179
0.209
0.247
0.295
-0.604
-0.009
-0.204
-0.132
-0.141
-0.140
0.448
-1.151
-0.934
0.285
0.011
-0.090
0.194
0.317
0.330
0.160
0.199
0.278
0.175
0.049
-0.140
2.740
1.770
1.791
0.571
1.724
1.748
3.556
-0.016
-0.403
0.251
-0.179
0.272
-0.011
1.679
1.355
2.117
1.550
2.154
3.411
2.141
1.604
0.779
-0.041
0.552
2.560
0.946
1.205
1.488
2.032
1.272
2.347
1.209
-0.024
0.093
0.071
0.667
0.000
-0.331
0.395
0.607
1.670
0.058
-0.720
2.399
0.062
0.229
0.540
0.845
0.379
-0.616
0.371
0.697
2.139
0.304
-0.412
-0.197
-0.032
-0.017
0.623
0.266
0.031
-0.114
-0.011
0.919
0.650
0.023
-0.131
0.326
0.574
0.390
-0.176
0.088
-0.284
-0.148
-0.180
0.274
0.003
-0.157
-0.119
-0.156
-0.073
-0.009
-0.039
-0.112
-0.093
-0.077
-0.027
-0.145
-0.106
-0.189
1.170
-0.090
-0.975
-0.475
0.129
-0.014
0.103
0.720
0.300
-1.146
0.677
0.408
0.790
-1.281
0.102
0.828
-1.829
-1.849
0.243
0.337
0.230
0.255
0.545
0.513
1.776
1.338
-0.232
0.802
1.921
1.198
2.566
2.422
2.971
3.287
0.031
0.995
1.791
1.008
-0.021
-0.370
-0.012
1.128
0.579
0.239
-0.020
0.746
-0.206
-0.141
0.144
1.220
1.567
1.551
0.487
2.072
0.613
-0.296
1.539
-0.007
0.665
0.611
0.518
0.263
-0.129
0.323
-0.339
0.074
0.426
-0.353
-0.316
0.601
-0.795
0.453
0.358
0.409
0.249
0.323
-0.015
-0.163
0.186
0.189
0.198
2.472
1.257
0.606
0.020
0.082
-0.002
-0.008
0.424
0.490
0.183
-0.056
-0.009
2.772
1.984
0.873
2.338
0.606
1.685
1.542
0.524
0.658
0.699
1.169
0.205
0.961
2.129
1.248
0.769
2.264
-0.367
-0.873
1.579
0.087
0.729
0.341
0.546
-0.011
0.117
3.231
0.121
0.781
0.012
1.078
1.134
-0.139
1.550
0.345
0.123
1.183
0.542
1.923
-0.140
-0.416
1.112
0.745
0.108
1.124
0.366
-1.359
-0.066
-0.242
-0.450
0.090
0.468
-0.237
0.854
0.006
-0.609
0.669
-0.005
0.389
0.411
0.160
-0.005
0.082
0.442
0.240
0.702
0.590
0.001
0.494
0.072
-0.005
0.161
0.874
-0.256
0.165
-0.250
-0.064
-0.147
-0.243
0.083
1.828
0.072
0.523
0.743
-0.001
1.364
0.262
0.191
-0.684
-1.021
-0.510
-0.070
-0.118
-0.826
0.448
-0.493
0.457
2.246
-0.010
-0.116
-0.027
0.014
-0.008
-0.029
0.286
0.022
0.295
0.092
0.417
0.162
0.145
1.280
1.660
0.464
0.364
0.386
0.258
0.972
0.376
0.031
-0.024
0.068
0.556
1.663
-1.106
0.349
0.947
0.145
0.260
-0.005
-0.105
2.564
1.071
0.604
1.289
0.849
0.459
0.185
1.405
1.611
0.935
0.145
0.446
0.186
0.731
1.092
0.717
0.109
1.395
-0.014
2.225
-0.043
1.034
1.200
0.862
0.238
1.181
-0.397
-0.294
0.111
0.059
0.310
0.228
-0.952
-0.419
0.370
0.581
0.148
0.124
0.303
0.286
0.262
-0.899
0.187
-0.206
-0.063
-0.214
0.375
0.257
0.979
-0.005
0.839
1.573
-0.081
1.294
1.816
0.111
0.056
-0.110
1.026
1.906
-0.015
1.184
0.162
0.256
0.206
0.226
-0.229
0.427
0.791
-0.305
0.950
0.549
1.012
-0.013
0.507
0.042
0.184
0.263
0.019
0.001
-0.083
0.014
-0.340
0.329
0.173
-0.603
1.183
0.759
0.285
0.223
-0.788
-0.582
-0.105
-0.186
-0.352
0.109
-0.662
-0.586
-0.619
-0.166
-0.897
-0.238
-0.379
-0.275
0.159
0.411
0.031
1.192
-0.423
-0.149
0.840
-0.143
-0.388
1.612
-0.780
0.676
0.114
0.198
0.047
0.252
0.318
0.613
-0.267
0.404
1.453
0.501
1.902
0.757
0.140
0.372
1.266
2.131
-0.033
-0.037
0.579
0.423
0.090
1.115
0.353
1.453
0.628
2.346
1.492
0.338
0.512
0.216
0.962
0.213
0.331
0.512
1.731
1.167
1.493
0.200
0.086
-0.441
0.033
0.165
0.222
-0.367
0.127
0.209
0.198
-0.071
0.094
-0.318
0.026
0.075
0.483
0.267
0.259
1.454
1.573
0.734
0.388
-0.374
-0.230
0.403
1.083
0.033
0.150
0.118
-0.055
-0.092
0.566
1.062
0.433
0.628
0.402
0.518
1.028
3.046
0.680
0.529
-0.283
0.882
0.332
1.544
0.032
0.101
-0.674
0.142
0.816
0.852
0.259
0.350
0.182
-0.242
0.317
-0.038
0.232
0.267
0.088
0.133
0.628
0.352
0.015
-0.788
0.710
-0.373
2.408
1.381
0.496
-0.217
-0.002
1.047
-0.312
1.146
0.026
0.173
-0.034
0.356
-0.082
-0.651
0.036
-0.269
-0.226
0.139
-0.210
1.654
0.476
-0.273
0.117
0.354
0.004
0.122
0.349
0.291
0.116
0.298
0.168
0.945
0.335
0.160
1.336
0.677
0.174
0.793
0.638
0.153
1.163
0.735
0.749
0.531
0.176
2.929
0.879
-0.016
0.516
0.497
-0.054
-0.005
0.035
-0.739
-0.061
0.923
0.628
0.445
0.009
0.177
0.549
0.528
-0.905
0.061
-0.605
-0.861
-0.005
0.546
-0.167
0.367
-0.002
-0.126
0.606
0.737
-0.009
-0.319
-0.180
-1.120
0.952
0.275
0.544
0.870
0.389
0.242
-0.147
-0.392
-1.318
0.677
-0.358
-0.128
0.518
