-0.405
0.020
0.113
0.026
-0.004
-0.014
-0.058
-0.147
0.069
0.065
-0.013
-0.335
-0.136
0.021
0.057
0.126
0.125
0.259
-0.050
-0.056
-0.876
1.129
0.080
0.008
0.074
0.010
-0.100
0.218
-0.228
0.106
0.103
-0.153
0.004
0.123
0.302
-2.752
-1.302
-2.864
-0.491
-1.431
-2.095
-3.443
0.088
0.170
0.094
0.145
-0.143
-0.014
-2.284
-1.559
-1.956
-1.995
-2.382
-2.773
-1.994
-1.361
-1.272
-0.031
-0.832
-3.133
-0.491
-0.888
-1.648
-1.543
-1.170
-2.375
-1.779
-0.679
-0.147
-0.388
-1.338
0.055
0.670
0.138
-0.824
-1.757
-0.485
0.470
-2.825
-0.001
-0.008
-1.291
-0.715
-0.060
0.418
0.095
-0.877
-2.867
-0.614
0.089
0.104
-0.107
0.024
-0.695
-0.079
0.104
-0.160
-0.030
-1.469
-1.272
-0.723
-0.371
-0.519
-0.335
0.130
0.147
-0.015
0.049
0.014
0.104
-0.061
0.025
0.140
0.083
0.122
0.151
0.025
0.303
0.024
0.059
0.030
0.091
0.143
0.124
0.137
-1.220
0.190
0.502
0.064
0.018
0.044
0.054
-0.056
-0.052
0.774
-0.452
-0.683
-0.480
1.098
0.180
-0.313
1.328
1.260
-0.359
-0.135
0.089
-0.063
-0.323
-0.186
-2.093
-0.846
-0.063
-1.062
-1.561
-1.234
-3.378
-1.999
-3.096
-2.447
0.116
-0.769
-1.179
-0.859
-0.120
0.130
0.040
-1.212
-0.246
-0.087
-0.117
-0.129
0.137
0.103
0.221
-0.780
-1.369
-1.033
-0.283
-0.620
-0.569
0.058
-1.824
0.135
-0.735
-0.529
-0.104
-0.224
0.135
-0.166
0.543
-0.101
-0.154
0.307
-1.846
-1.095
0.555
-0.014
-0.377
-0.134
-0.088
0.034
-0.199
0.175
-0.162
-0.225
-0.268
-2.507
-1.757
-0.517
0.054
-0.019
0.058
0.514
-0.286
-0.215
0.767
-0.333
0.110
-1.900
-2.293
-0.863
-2.673
-0.167
-1.598
-1.346
-0.634
-1.309
-0.649
-1.438
-1.175
-1.424
-2.206
-1.905
-1.008
-3.172
0.124
0.967
-0.146
0.680
-0.051
-0.317
-0.382
-0.545
0.397
-2.996
-0.028
-0.562
-0.329
-0.887
-1.639
0.096
-1.160
-0.162
0.106
-0.795
-0.645
-1.468
0.085
0.148
-1.035
-0.792
-0.074
-0.599
-0.558
0.765
0.028
0.451
0.444
-0.010
-0.362
0.181
-0.724
-0.039
0.126
-0.113
-0.271
-1.504
-0.000
-0.703
0.143
-0.060
-0.471
-1.771
-0.566
-0.873
0.010
0.124
0.063
0.148
-0.480
-1.080
0.081
-0.003
0.183
-0.078
-0.106
0.055
0.338
-1.875
0.275
-0.475
-1.031
-0.477
-0.935
0.071
0.344
0.424
1.613
1.180
0.038
-0.046
0.404
-0.420
0.041
-0.765
-2.037
0.083
0.394
0.062
0.240
0.025
0.034
-0.160
-0.173
-0.432
0.034
-0.363
0.123
0.087
-1.773
-1.082
-0.088
-0.643
-0.333
0.020
-1.222
-0.571
-0.270
0.076
0.104
-0.267
-0.743
0.649
-0.245
-0.377
0.071
-0.287
0.105
0.218
-2.788
-1.092
-0.731
-1.236
-1.490
-0.642
-0.334
-1.479
-2.247
-1.046
0.029
-0.053
-0.011
-0.086
-0.683
-0.300
-1.274
-2.236
-0.223
-2.241
0.109
-0.153
-0.258
-0.861
-0.382
-1.171
0.084
0.018
0.007
0.311
-0.125
0.202
0.455
0.838
-0.181
-0.023
0.145
0.036
-0.126
-1.229
-0.669
0.581
0.126
0.006
-0.090
0.170
-1.060
0.004
-0.465
-0.008
-0.311
-1.284
-0.928
-0.007
-0.666
-1.165
-0.762
-0.511
-0.834
-2.070
0.296
-0.174
-0.034
-0.624
0.179
-0.199
0.122
-0.097
-0.748
0.062
-1.215
-0.491
-1.012
-0.081
-0.272
0.048
-0.919
-0.200
-0.046
0.570
1.042
-0.174
0.096
0.164
-0.001
0.135
-1.804
-0.587
-0.014
0.120
1.244
0.788
0.183
0.052
0.422
-0.031
0.682
0.734
0.624
1.209
0.610
0.158
0.065
0.365
0.136
-0.073
0.464
-1.501
0.594
0.120
-1.665
0.375
-0.422
-1.372
0.346
-0.752
0.357
-0.045
0.314
-0.150
-0.573
-0.808
0.411
-0.275
-1.796
-0.094
-3.034
-1.400
-0.339
0.023
-0.332
-1.118
-0.072
0.125
-0.445
-0.265
-0.020
-1.136
-0.221
-1.464
-0.493
-2.399
-0.975
-0.153
0.083
-0.139
-1.154
-0.063
-0.273
-0.744
-1.821
-1.033
-1.405
-0.019
0.086
-0.056
0.127
-0.152
-0.065
0.040
0.075
-0.168
-0.141
-0.020
-0.065
-0.521
-0.265
-0.158
0.035
-0.714
-0.333
-1.184
-1.018
-0.410
0.010
0.404
0.080
-0.021
-0.354
0.012
-0.221
0.080
0.096
-0.026
-0.187
-0.733
-0.182
-0.974
-0.253
-0.626
-1.100
-2.452
-0.916
-1.369
0.543
-0.412
-0.252
-0.467
0.079
0.084
0.569
0.049
-0.422
-0.791
-0.260
-0.489
-0.099
0.536
-0.094
0.003
0.219
-0.293
-0.242
-0.115
-0.166
-0.810
-0.127
-0.006
-0.662
0.113
-2.804
-1.405
-0.658
-0.726
-0.715
-0.388
0.103
-0.872
0.204
0.022
0.055
-0.210
0.547
0.407
0.024
0.063
0.090
0.102
0.076
-1.096
-1.205
0.122
-0.052
-0.248
0.072
-0.190
-0.056
-0.530
0.084
0.101
0.107
-0.418
-0.369
0.071
-1.214
-0.395
-0.329
-1.034
-1.011
-0.070
-0.640
-0.201
-1.497
-1.018
-0.825
-2.816
-1.032
-0.001
1.083
-0.420
0.204
0.144
-0.414
0.218
0.104
0.113
-0.191
-0.307
0.053
-0.035
-1.290
-0.205
0.547
-0.104
0.369
0.715
0.126
-1.098
0.429
-0.759
0.086
0.233
-0.139
-0.516
0.063
0.191
0.294
0.369
-0.774
0.038
-0.155
-0.675
-0.195
-0.016
-0.108
-0.032
0.376
-1.483
0.141
-0.424
-0.363
