-0.042
0.072
-0.013
0.161
0.087
0.122
0.117
0.220
0.253
0.178
0.341
0.675
0.116
0.096
-0.525
-0.020
-0.136
-0.171
0.055
-0.248
0.552
-0.508
-0.120
0.103
-0.035
0.225
0.404
0.079
0.736
0.011
-0.056
0.219
-0.373
-0.070
-0.255
3.013
1.936
2.250
0.704
2.104
2.028
3.015
-0.028
-0.066
-0.135
-0.034
0.376
-0.065
1.940
1.667
2.889
1.677
2.482
3.455
1.730
1.209
1.080
-0.072
0.658
3.282
1.650
1.481
1.667
2.015
1.055
2.040
1.712
0.885
0.259
0.857
1.487
-0.474
-0.209
0.353
1.759
1.962
1.075
-0.803
3.595
-0.044
-0.186
1.467
0.896
0.231
0.127
0.838
1.576
2.254
0.765
-0.034
0.026
0.823
0.097
1.127
0.538
-0.092
-0.111
0.047
1.072
0.312
0.071
-0.081
0.030
0.474
-0.034
-0.067
0.016
-0.066
-0.095
-0.102
-0.004
-0.005
-0.174
-0.044
-0.104
-0.120
-0.065
-0.244
-0.092
-0.061
-0.060
-0.095
-0.122
-0.085
-0.075
1.912
-0.482
-0.643
-0.126
0.264
0.042
-0.387
0.163
0.292
-0.120
0.538
-0.404
0.308
-0.826
0.059
0.450
-1.228
-1.379
0.310
-0.020
0.209
0.221
1.251
0.645
3.062
1.707
0.538
0.645
1.607
2.302
3.540
2.768
3.160
2.790
1.412
1.545
2.156
1.708
1.061
-0.128
0.164
1.420
0.925
0.445
0.092
1.172
-0.025
0.178
-0.251
1.241
2.044
2.115
0.856
1.376
1.331
-0.041
2.027
-0.147
0.759
0.836
0.444
0.286
-0.686
0.642
0.169
0.000
0.567
0.318
2.234
2.418
0.212
0.332
0.601
0.330
0.282
0.099
0.072
0.021
0.066
0.017
-0.014
2.317
1.762
0.721
0.040
-0.078
0.261
-1.540
0.507
0.611
-0.335
-0.513
-0.040
3.070
2.621
1.180
2.544
0.785
2.134
1.503
0.704
1.404
1.020
1.375
1.251
1.224
2.282
1.759
1.342
3.323
0.225
-0.375
0.828
0.467
0.888
0.869
0.914
0.215
0.183
1.540
0.075
0.869
0.478
0.883
1.557
0.001
1.234
0.650
0.628
0.976
0.849
1.780
0.148
0.356
1.675
0.956
0.336
0.665
0.492
-0.757
-0.379
-0.560
0.621
0.074
0.537
-0.111
0.235
0.163
-0.335
0.520
0.007
0.894
0.172
0.269
0.043
-0.356
0.478
1.215
1.073
0.752
0.279
-0.026
0.085
-0.023
0.623
1.837
-0.100
0.175
0.051
0.016
-0.193
-0.384
0.329
1.607
-0.350
-0.502
0.717
1.064
0.827
0.090
0.392
-0.603
-1.216
-0.644
0.197
0.219
-1.511
0.484
0.183
0.932
1.562
0.934
0.294
0.242
-0.006
0.045
-0.001
0.283
0.239
0.814
-0.052
0.505
-0.140
0.074
1.834
1.250
0.475
0.667
0.711
0.258
0.996
0.197
0.374
0.047
-0.034
0.975
0.419
-0.388
0.439
0.224
-0.045
0.011
-0.129
-0.023
3.435
1.863
1.272
1.720
1.470
1.081
0.246
1.889
2.644
1.170
0.171
0.664
0.001
0.282
1.671
0.935
0.904
0.369
0.063
2.971
0.082
0.635
0.666
1.613
0.630
2.137
0.650
0.497
0.054
0.302
0.677
0.082
-0.276
-1.285
0.173
0.065
0.279
0.245
0.889
0.841
-0.370
-0.700
-0.190
0.148
0.313
0.190
0.936
0.442
0.824
0.285
1.621
1.148
0.855
0.584
0.512
1.388
0.574
-0.077
3.175
2.323
0.076
0.372
0.016
0.268
-0.376
0.116
-0.171
0.128
0.999
0.102
0.828
0.662
0.502
-0.125
0.782
1.065
1.169
0.282
-0.054
-0.128
-1.008
-0.123
0.010
0.148
0.314
-0.595
2.091
1.753
0.084
-0.346
-1.162
-0.486
-0.267
-0.151
-1.177
0.133
-0.495
-0.375
-1.148
-1.327
-1.479
-1.227
-0.753
-0.081
-0.083
0.463
-0.237
1.653
-0.688
-0.182
1.498
-0.233
0.617
1.069
-0.170
0.553
0.069
0.163
-0.150
0.094
0.394
0.645
-0.164
0.358
2.451
0.232
1.873
0.315
1.106
0.203
1.092
2.067
0.286
-0.017
0.512
0.326
0.505
1.492
0.833
1.643
0.586
3.114
1.244
0.420
0.232
0.756
1.024
0.289
0.061
0.739
2.443
1.630
1.709
0.214
0.115
0.107
0.197
0.089
0.230
0.005
-0.018
0.217
0.146
0.220
0.336
0.591
0.200
0.297
0.230
0.691
0.416
1.634
1.290
0.633
0.034
-0.243
0.093
0.332
0.690
0.172
0.326
0.029
0.063
0.133
0.529
1.144
0.320
0.728
0.818
0.659
0.948
3.459
1.479
1.315
-0.091
0.455
0.416
0.553
0.235
0.081
-0.553
0.116
0.725
0.936
0.344
0.381
0.413
-0.242
0.223
0.001
-0.036
0.466
0.632
0.166
0.497
0.242
0.054
-0.229
0.691
-0.399
2.874
1.465
1.284
0.039
-0.141
0.582
0.225
0.413
0.029
0.150
-0.027
0.250
0.192
-0.277
0.251
-0.068
-0.061
0.212
-0.046
1.333
1.002
-0.451
-0.066
0.319
0.162
0.084
0.274
-0.148
0.108
0.219
0.007
0.878
0.723
0.221
1.623
0.633
0.399
1.350
1.160
0.284
1.659
0.646
1.385
1.613
1.131
1.030
1.092
-0.065
0.668
0.740
-0.152
-0.147
0.600
-0.779
-0.889
0.129
0.192
0.603
0.263
0.248
0.729
0.364
-1.136
1.334
-0.354
-0.747
-0.084
0.307
0.469
0.603
-0.119
-0.370
0.648
0.756
-0.022
-0.182
-0.102
-0.193
0.331
0.176
1.055
1.484
0.383
0.177
-0.066
-0.245
-0.355
1.923
-0.211
0.855
0.239
