-0.124
0.090
0.140
-0.289
0.053
-0.047
0.087
0.028
-0.123
0.082
0.128
-0.236
-0.074
-0.596
0.139
0.130
0.140
0.217
0.140
0.068
-0.325
1.694
1.056
0.060
0.116
-0.029
-0.039
0.122
-0.248
0.204
0.051
0.119
0.140
-1.147
0.117
-4.380
-3.482
-3.872
-1.465
-3.101
-3.694
-5.312
-0.201
0.183
0.133
0.140
-0.167
0.049
-3.195
-2.566
-1.773
-3.786
-2.597
-4.864
-2.975
-1.984
-1.956
0.060
-1.317
-3.923
-1.925
-1.055
-2.314
-3.376
-1.863
-3.101
-3.250
-1.298
-0.187
-0.389
-1.314
1.099
0.834
-0.793
-0.157
-2.950
-0.744
1.871
-4.676
0.121
0.766
-1.665
-2.153
0.108
0.136
-0.383
-1.199
-3.971
-0.140
-1.195
0.140
-0.040
0.063
-1.151
-0.335
0.163
0.082
0.334
-1.175
-0.338
0.029
-0.235
0.101
0.107
-0.385
-0.128
0.143
0.053
0.122
0.156
0.140
0.133
0.147
0.122
0.168
0.177
0.125
0.123
0.096
0.259
0.051
0.162
0.124
0.208
0.160
-1.520
0.109
0.398
0.313
-0.903
0.103
0.157
-0.041
-1.208
0.819
-0.932
0.120
-0.910
0.459
-0.950
-0.513
0.881
0.693
-0.137
0.140
0.096
0.029
0.117
-1.539
-2.926
-1.238
0.637
-0.841
-4.656
-1.137
-4.003
-3.611
-4.693
-3.647
-0.068
-0.789
-3.454
-2.999
-0.210
0.169
0.020
-1.758
-1.127
-0.029
-0.311
-2.010
0.283
0.140
0.451
-0.389
-1.892
-3.026
-0.672
-2.004
-0.051
0.140
-3.143
0.069
-1.313
-0.561
-0.321
-0.699
0.106
1.027
0.356
-0.056
-0.710
0.092
-1.113
-1.100
1.305
-0.874
-0.403
-1.353
-0.440
-0.829
-0.300
0.085
0.137
-0.015
-0.002
-4.799
-2.995
-0.860
0.173
0.231
0.033
0.768
-0.200
-0.216
2.295
3.977
0.140
-2.800
-3.653
-2.317
-3.184
-0.507
-2.400
-2.487
-1.580
-0.349
-1.588
-1.757
-0.205
-0.792
-3.194
-2.054
-1.839
-4.590
-0.039
2.163
-0.138
0.101
-0.942
0.123
-0.682
0.303
-0.055
-3.167
-0.034
-0.764
0.147
-0.696
-2.296
-0.157
-1.323
-0.506
0.088
-1.134
-0.669
-1.550
0.140
0.452
-1.388
0.021
-0.110
-0.806
-0.597
1.335
0.120
1.056
0.169
-0.043
-0.542
0.134
-1.315
0.062
0.336
-0.248
-0.028
0.140
-0.448
-0.854
-0.090
0.140
-1.158
-2.064
-1.469
-2.040
0.137
-0.256
0.279
0.166
-0.503
-2.107
0.187
0.090
0.173
0.305
0.150
0.140
0.140
-1.840
2.012
-0.320
-0.573
-0.112
-1.125
0.186
-0.228
0.865
2.489
0.870
-0.098
0.123
0.895
0.140
0.347
-0.259
-3.373
-0.641
-0.169
-0.425
-0.006
-0.207
0.037
-0.135
0.039
-0.576
0.126
-1.119
-0.021
0.104
-3.246
-0.931
0.052
-0.915
-0.992
-0.274
-1.624
-0.602
-0.080
-0.125
0.140
-0.105
-1.228
0.720
-0.004
0.090
2.068
0.140
0.191
0.258
-4.999
-1.470
-1.719
-1.231
-2.950
-0.500
0.025
-1.506
-4.158
-0.619
-0.074
-0.040
0.084
-0.424
-0.095
0.140
0.038
-1.203
0.124
-1.724
2.985
-0.775
-0.596
-0.545
-0.040
-1.268
0.090
-0.101
0.007
0.357
0.126
0.287
1.139
2.096
0.097
0.144
0.002
-0.312
0.140
-0.788
-0.100
0.580
-0.097
0.140
0.106
0.212
-0.709
0.031
-2.445
0.509
-2.064
-1.036
-1.014
0.070
-0.650
-0.247
-0.321
0.140
-0.881
-3.039
0.138
-0.693
0.140
-0.697
0.455
-0.272
-0.891
0.026
-0.726
0.189
-2.919
-1.450
-1.045
0.062
-0.323
0.038
-0.610
0.078
0.140
0.140
0.252
0.131
-0.070
0.276
-1.088
0.039
-1.920
-1.226
0.130
0.171
1.570
1.520
0.497
0.144
0.402
0.068
0.312
0.325
1.154
1.970
0.088
-0.290
0.019
0.284
0.118
-0.482
0.493
-2.373
0.621
0.140
-1.329
0.447
0.056
-1.102
0.563
-0.172
0.088
-0.008
1.235
0.133
-0.506
-0.931
0.322
-0.176
-2.510
-0.564
-3.256
-0.578
-0.780
0.021
-1.211
-1.829
0.017
0.130
-0.279
-0.663
-0.301
-1.180
-0.071
-2.417
-0.735
-3.858
-0.974
0.101
-0.064
-0.248
-0.979
-0.392
-0.852
-0.228
-2.588
-1.408
-1.541
-0.103
0.140
0.197
0.734
-0.188
-0.067
0.090
-0.097
-0.270
0.006
-0.140
-0.096
-0.404
0.031
0.140
-0.283
-0.377
-0.708
-2.356
-2.627
-0.389
0.046
0.663
0.958
0.140
-0.015
0.075
0.468
0.099
0.124
0.140
-0.082
-1.283
-0.039
-1.889
-0.583
-0.727
-1.941
-4.468
-1.433
-1.576
0.077
-0.320
-0.328
-2.044
0.132
-0.165
0.241
-0.147
-1.193
-0.673
-0.647
-0.581
0.140
-0.002
0.140
0.133
0.305
-1.428
-0.533
-0.331
-1.059
-1.972
0.671
0.413
-1.389
0.894
-3.560
-0.784
0.140
-7.413
-6.089
-1.441
0.117
-0.218
0.002
0.059
0.240
-0.210
0.104
0.150
-0.008
0.165
0.158
0.120
0.375
-2.435
-1.241
-0.380
0.098
-0.046
0.151
0.142
0.104
0.856
0.228
-0.684
-0.291
-1.069
-0.074
-0.025
-2.374
-0.509
0.301
-0.047
-0.141
0.155
-1.135
-0.647
-2.570
-1.650
-1.357
-3.977
-0.219
-0.180
-0.425
-0.726
0.147
0.351
-0.782
0.943
0.595
0.140
0.073
-0.207
-0.841
-1.233
-1.357
-0.577
0.140
-0.111
0.370
0.760
0.327
-0.959
1.776
-0.239
0.199
0.930
-0.615
-0.763
0.110
0.189
0.167
0.252
-0.975
-0.401
-1.553
-1.762
-1.010
0.074
0.240
0.324
3.312
-0.286
0.994
-0.085
0.077
