-0.054
0.044
-0.041
-0.081
0.045
-0.150
-0.331
-0.008
-0.161
-0.156
-0.197
-0.300
-0.233
-0.172
-0.176
0.303
0.003
-0.027
-0.024
0.004
-0.313
1.310
0.831
-0.171
-0.151
-0.094
-0.184
-0.151
-0.469
-0.096
-0.151
-0.110
-0.488
-0.208
-0.085
-3.057
-1.729
-2.360
-0.652
-0.877
-2.468
-2.778
-0.046
-0.151
-0.151
0.138
-0.459
-0.151
-1.978
-1.513
-2.020
-1.831
-2.140
-2.845
-2.308
-1.596
-1.503
-0.197
-0.764
-3.050
-0.965
-1.183
-1.359
-1.953
-1.090
-2.248
-1.180
-0.580
-0.071
-0.151
-1.367
0.380
0.224
-0.382
-0.219
-1.487
-0.167
0.572
-2.338
-0.039
0.250
-1.269
-0.407
-0.175
0.249
-0.355
-1.204
-2.375
-0.477
0.136
-0.143
-0.481
-0.009
-0.610
-0.240
-0.112
-0.010
0.003
-1.250
-1.093
-0.238
-0.159
-0.166
-0.292
-0.152
0.302
-0.163
0.481
-0.059
0.017
-0.054
-0.170
0.099
0.040
-0.017
0.023
-0.107
-0.117
-0.112
-0.119
-0.145
-0.111
-0.002
-0.025
0.003
-2.104
0.634
0.225
0.074
-0.330
-0.035
-0.147
-0.254
-0.417
0.304
-0.698
-0.146
-0.274
0.834
-0.138
-0.184
1.470
1.213
-0.183
-0.020
-0.096
-0.198
-0.166
-0.413
-1.254
-0.752
0.465
-1.202
-1.982
-0.752
-2.490
-2.486
-1.714
-1.806
-0.166
-0.079
-2.231
-1.779
-0.164
0.233
-0.078
-1.254
-1.360
-0.282
-0.306
-1.023
0.113
-0.168
0.192
-0.762
-1.837
-1.159
-0.492
-0.636
-1.137
0.039
-2.033
-0.005
-0.797
-0.792
-0.405
-0.193
0.558
-0.128
-0.004
-0.042
-0.151
-0.142
-0.491
-0.015
0.877
-0.668
-0.374
-0.318
-0.223
-0.435
-0.235
1.230
-0.298
-0.294
-0.342
-2.949
-1.764
-1.213
-0.151
-0.895
-0.151
1.027
-0.406
-0.185
0.912
-1.095
0.074
-2.612
-2.298
-1.372
-2.919
-0.483
-1.336
-0.842
-0.992
-1.169
-1.372
-1.497
-1.398
-0.495
-1.743
-1.515
-0.786
-2.698
0.333
1.641
-0.417
0.148
-0.794
-0.445
-0.772
-0.101
-0.001
-2.841
-0.092
-0.795
-0.138
-1.540
-1.575
-0.023
-0.830
-0.242
0.002
-1.161
-0.605
-1.477
0.119
-0.129
-0.863
-0.660
-0.151
-0.755
-1.079
1.415
-0.331
0.525
0.320
0.017
-1.454
-0.076
0.460
-0.086
-0.089
-1.614
-0.151
-1.443
-0.186
-0.312
-0.034
-0.182
-0.589
-0.195
-1.056
-0.916
-0.133
-0.069
-0.095
-0.151
-0.572
-2.129
-0.067
-0.032
-0.057
-0.055
0.184
0.037
0.077
-3.414
-0.083
-0.126
-0.928
-0.153
-1.783
0.150
0.070
0.428
1.256
0.833
-1.207
-0.134
0.182
-0.584
0.185
-0.763
-1.846
-0.125
-0.098
0.277
0.030
-0.087
-0.149
-0.444
-0.221
-0.333
0.035
-0.225
-0.167
-0.036
-1.683
-1.470
-0.151
-0.258
-0.534
-0.322
-1.510
-0.374
-0.029
-0.135
-0.133
-0.651
-0.964
0.352
-0.581
-0.151
-0.123
-0.359
-0.014
-0.033
-2.656
-1.240
-1.218
-1.452
-1.852
-0.236
-0.361
-1.268
-1.886
-1.023
-0.151
-1.396
-0.122
-1.225
-0.182
-0.258
-0.397
-2.176
-0.006
-1.052
-0.131
-1.703
-0.860
-1.408
-0.509
-0.577
0.121
-0.036
0.095
-0.698
-0.744
-0.539
0.025
0.047
-0.430
-0.817
-0.072
-0.050
-0.167
-0.968
-1.308
0.374
0.232
0.113
-0.144
-0.087
-0.368
-0.371
-1.146
-0.079
-1.114
-1.236
1.621
-0.733
-0.925
-0.151
-0.973
0.054
-2.461
-1.797
0.186
-0.158
-0.148
-0.267
0.376
-0.504
-0.054
-0.435
-0.471
-0.127
-1.469
-0.582
-1.238
-0.004
-0.974
-0.332
-1.359
-0.151
0.004
0.063
0.358
-0.151
-0.309
-0.010
-0.290
-0.137
-1.644
-0.653
0.220
-0.123
0.952
0.727
0.187
0.024
0.397
0.077
0.864
0.763
0.449
1.135
0.982
0.152
0.539
0.122
-0.002
-0.316
-0.158
-2.186
0.479
0.226
-1.537
0.173
-0.161
-1.887
0.564
-0.702
0.081
-0.176
-0.114
-0.176
-0.308
-0.208
0.353
-0.151
-1.812
-0.091
-2.161
-0.701
-0.109
-0.075
-0.810
-1.888
-0.091
-0.117
-0.388
0.206
0.082
-1.543
-0.460
-1.716
-0.707
-1.784
-0.715
-0.317
-0.440
-0.151
-0.792
-0.448
-0.553
-0.711
-1.892
-1.360
-1.561
-0.116
-0.090
-0.151
0.020
-0.151
-0.083
0.280
-0.394
-0.217
-0.161
-0.165
-0.145
-0.244
-0.151
-0.370
-0.304
-0.217
-0.584
-2.360
-1.653
-0.444
-0.240
0.390
-0.151
-0.265
-0.844
-0.213
-0.302
-0.135
-0.151
-0.174
-0.244
-0.949
-0.200
-0.908
-0.496
-0.690
-1.063
-2.237
-1.081
-0.710
0.254
-0.145
-0.298
-1.164
-0.164
-0.236
1.279
-0.151
-0.762
-0.151
-0.472
-0.235
-0.151
0.079
-0.348
-0.137
-0.097
-0.720
-0.260
-0.350
-0.651
-0.216
-0.070
-0.003
-0.939
0.105
-3.163
-1.491
-1.034
-0.151
-0.809
-1.021
0.027
-0.383
0.514
-0.151
-0.053
-0.155
-0.183
0.088
-0.124
0.113
0.053
-0.099
-0.027
-0.730
-0.892
-0.059
0.267
-0.089
-0.066
-0.157
-0.245
0.228
-0.212
-0.254
-0.064
-1.436
-0.504
-0.190
-2.029
-0.879
-0.508
-0.762
-0.661
-0.211
-0.525
-0.244
-1.575
-0.770
-1.474
-3.460
-0.767
-0.152
-1.295
-0.716
0.338
-0.274
-0.178
0.142
0.439
-0.188
-0.079
-1.279
-0.061
0.396
-1.732
-0.762
0.528
-0.450
0.609
0.332
0.118
-0.952
0.012
-1.057
-0.069
0.714
-0.270
-0.668
0.042
0.210
0.182
0.570
-0.731
-0.119
-0.703
-1.359
-0.669
-0.163
0.026
0.707
1.836
-1.175
-0.024
-0.313
-0.108
