-0.039
-0.246
-0.002
-0.130
-0.134
0.086
-0.374
-0.340
-0.505
-0.216
-0.393
-0.349
-0.298
-0.131
-0.026
0.095
0.157
0.259
0.319
0.151
0.030
0.473
0.694
0.034
0.036
-0.186
0.003
-0.657
-0.660
0.023
-0.366
-0.018
0.318
0.106
0.020
-2.671
-1.701
-2.290
-0.581
-2.065
-2.656
-4.520
0.087
0.272
-0.281
-0.019
-0.410
0.035
-2.228
-1.721
-2.894
-1.563
-2.931
-3.188
-1.902
-1.264
-1.071
0.075
-0.225
-4.546
-1.217
-1.475
-1.389
-2.147
-1.381
-3.223
-1.661
-0.825
-0.347
-0.039
-0.892
0.162
0.146
-0.396
-0.343
-0.612
-0.400
-0.039
-3.588
-0.157
0.745
-1.068
-1.441
-0.074
0.001
-0.093
-1.003
-2.036
-0.616
0.006
0.129
0.384
-0.430
-0.443
-0.419
-0.001
-0.021
0.175
-1.479
-0.621
-0.058
0.035
-0.749
-0.933
-0.661
0.305
-0.066
0.717
0.033
0.235
-0.007
-0.137
0.064
0.154
-0.039
0.064
-0.023
-0.090
0.036
0.258
0.142
-0.000
0.095
0.215
0.221
-0.052
0.015
1.506
0.635
-0.119
0.086
-0.121
-0.388
-0.207
0.970
-0.981
-0.061
-0.611
-0.039
-0.456
-1.556
-0.039
0.869
-0.019
-0.155
0.186
-0.189
-0.179
-0.747
-2.591
-1.114
-0.133
-0.736
-2.484
-2.433
-3.129
-2.799
-1.655
-2.723
-0.426
-0.820
-1.397
-1.521
-0.336
-0.133
-0.041
-1.148
-1.151
-0.145
-0.842
-1.239
-0.099
-0.320
0.088
-0.820
-1.498
-2.000
-0.829
-2.109
-0.953
0.055
-1.909
0.006
-0.596
-0.339
-0.884
-0.749
0.104
0.043
-0.157
-0.111
-0.039
0.003
-0.039
-0.859
0.261
-0.619
-0.353
-0.469
-0.379
-1.350
-0.357
1.135
-0.317
-0.269
-0.050
-2.018
-2.575
-0.915
-0.395
-0.413
-0.052
0.885
-0.687
-0.151
1.374
0.730
0.384
-2.282
-2.440
-1.624
-2.912
-0.729
-2.451
-2.125
-0.806
-1.299
-1.343
-1.684
-0.779
-0.410
-1.738
-1.310
-1.391
-3.327
0.121
0.341
-1.799
-0.138
-0.460
-0.161
-1.559
-0.251
0.047
-2.548
-0.031
-0.830
0.268
-1.225
-1.533
-0.074
-1.077
-0.117
-0.171
-0.946
-0.719
-1.860
0.328
0.008
-0.850
-1.365
-0.190
-0.832
-0.671
1.855
0.154
0.428
-0.283
0.162
-0.993
0.207
-0.039
-0.056
0.168
-0.554
-0.039
0.232
-0.593
-1.004
-0.588
-0.702
-0.324
-1.016
-0.761
-0.749
-0.106
-0.481
-0.138
-0.039
-0.484
-1.726
0.254
0.141
0.189
-0.116
-0.732
0.175
0.433
-2.672
0.104
-0.176
-1.762
-0.330
-1.554
0.171
-0.371
0.461
1.387
0.627
0.577
0.063
0.582
-0.534
0.035
-0.427
-2.301
-1.174
0.325
-0.178
0.018
-0.041
-0.071
-0.553
-0.301
-0.384
0.218
-0.562
-0.097
0.083
-1.748
-1.489
-0.178
-0.582
-0.728
-0.075
-0.973
-0.475
-0.380
-0.135
0.017
-0.210
-1.291
0.644
-0.689
-0.950
-0.037
-0.618
0.153
-0.081
-3.276
-1.372
-1.712
-1.953
-1.218
-0.780
-0.153
-1.447
-1.983
-0.856
-0.738
-1.005
-0.116
-0.620
-0.867
-0.496
-0.096
-3.604
-0.058
-1.948
0.185
-0.964
-0.806
-1.416
-0.581
-0.885
-0.050
-0.039
-0.082
0.204
-0.399
0.250
1.010
1.298
-0.285
-0.612
-0.744
0.088
-0.626
-0.718
-0.741
0.030
0.140
0.402
-0.102
-0.273
-0.357
-0.039
-0.039
-0.158
-1.539
-1.221
-0.039
-0.316
-0.842
-0.653
-0.670
-0.680
-2.388
-3.000
-0.195
-0.216
-0.039
-0.914
0.345
-0.401
0.014
-0.431
-1.003
-0.025
-1.066
-0.414
-0.605
-0.154
-0.480
-0.798
-1.515
-0.197
-0.077
-0.170
-0.063
0.185
0.063
-0.024
-0.502
0.285
-1.424
-1.065
-0.519
0.044
1.580
0.385
0.210
0.099
0.753
0.017
0.823
0.790
0.773
0.265
-0.047
-0.039
-0.133
0.681
0.045
-0.557
0.546
-2.297
0.302
0.086
-1.650
0.533
-0.440
-1.590
-0.062
-0.212
-0.468
-0.136
0.190
-0.028
-0.661
-0.660
0.533
-0.454
-1.334
-0.382
-1.800
-0.721
-0.453
-0.081
-1.501
-2.494
-0.358
0.235
-0.090
0.215
-0.362
-1.594
-0.713
-1.424
-0.519
-2.634
-0.777
-0.130
-0.476
-0.343
-0.807
-0.056
-0.571
-0.724
-2.049
-1.067
-2.021
-0.127
-0.090
-0.039
-0.244
-0.320
-0.250
0.444
-0.653
-0.493
-0.179
-0.319
-0.090
-0.090
-0.171
-0.722
-0.498
-0.629
-0.424
-1.280
-0.764
-0.325
-0.194
0.451
-0.008
-0.043
-1.707
0.060
0.425
-0.019
-0.020
-0.393
-0.189
-0.900
-0.318
-0.711
-0.360
-0.559
-0.821
-3.702
-1.172
-1.049
0.173
-0.497
-0.551
-1.462
-0.293
-0.865
-0.289
-0.166
-0.497
-0.143
-0.343
-0.328
-0.079
-0.135
-0.189
0.080
-0.098
-0.778
-0.354
0.008
-0.467
-1.205
-0.052
0.364
-0.823
0.300
-2.597
-0.699
-0.291
-0.247
-0.547
-0.842
-0.233
-1.147
-0.193
-0.363
0.045
-0.214
0.295
-0.058
-0.228
0.404
-0.038
-0.026
0.020
-1.572
-1.800
0.059
0.060
0.129
-0.273
-0.155
-0.196
-0.161
-0.199
-0.282
-0.155
-0.838
-0.883
-0.135
-1.767
-0.660
-0.345
-1.266
-0.863
-0.034
-0.966
-0.352
-1.125
-0.609
-0.784
-3.680
-1.202
-0.079
-0.372
-0.779
0.334
-0.057
-0.472
0.742
0.514
-0.515
-0.317
-0.739
-0.536
-0.296
-1.207
-0.730
0.565
-0.039
0.368
0.365
0.322
-0.307
0.109
-0.785
0.082
0.570
-0.812
-0.746
-0.048
0.009
0.147
0.470
-0.658
-0.260
-0.467
-0.862
-0.685
-0.131
-0.002
0.300
0.309
-1.485
-0.011
0.529
0.232
