-0.585
0.125
0.015
-0.106
-0.111
0.065
-0.359
-0.132
0.030
-0.043
-0.308
-0.931
-0.192
-0.026
1.235
0.183
0.357
0.357
0.071
0.343
-0.689
1.812
-0.290
-0.179
0.037
0.035
-0.082
0.036
-0.153
-0.059
0.164
0.033
0.104
-0.403
0.124
-2.222
-1.418
-2.449
-0.501
-1.228
-1.958
-3.994
0.199
0.204
-0.270
0.216
-0.113
0.084
-2.332
-1.546
-2.487
-1.414
-2.204
-3.178
-2.492
-1.693
-0.907
0.068
-0.848
-3.645
-0.765
-1.297
-1.258
-1.216
-1.728
-2.538
-1.909
-0.675
0.048
-0.485
-1.086
0.812
0.934
-0.385
0.327
-0.018
0.118
0.663
-3.106
0.175
0.443
-1.379
-0.246
-0.042
0.600
0.240
-0.954
-2.526
-0.408
-0.336
0.182
0.249
0.025
-0.787
-0.245
0.025
-0.015
0.194
-1.583
-0.785
-0.005
0.118
0.180
-0.342
0.035
0.314
-0.067
0.336
0.260
0.353
-0.020
-0.021
0.400
0.248
0.389
0.257
0.030
0.058
0.197
0.449
-0.075
0.202
0.374
0.447
0.321
-0.576
0.392
1.303
0.521
0.431
0.074
0.204
-1.243
-0.028
0.942
-0.762
0.112
-1.418
-0.270
-0.376
-1.246
-0.226
0.063
-0.516
-0.275
0.028
-0.486
-0.560
-0.704
-2.030
-0.720
-0.046
-0.720
-2.222
-1.498
-2.658
-2.589
-2.538
-2.922
0.707
-0.796
-1.633
-1.647
0.084
0.465
0.055
-0.976
-0.776
-0.287
-0.554
-1.030
0.124
0.051
0.541
-0.780
-1.425
-2.071
-0.702
-1.391
-0.924
0.438
-1.719
0.049
-0.478
-0.534
-1.981
-0.306
0.853
0.074
0.542
-0.020
-0.567
0.308
-2.136
0.016
0.394
-0.653
-0.140
-0.202
-0.043
-0.157
-0.072
0.245
-0.020
0.067
-0.074
-2.852
-1.926
-0.559
0.060
0.214
0.072
0.987
-0.452
-0.360
0.354
1.012
0.137
-2.378
-1.893
-1.196
-2.406
-0.204
-1.670
-1.592
-0.727
-1.318
-0.881
-1.352
-0.293
-0.492
-2.090
-1.552
-1.406
-4.099
0.352
0.928
-0.791
-0.111
-0.731
-0.069
-1.033
-0.109
0.500
-2.453
0.140
-0.776
0.085
-0.786
-1.171
0.330
-1.153
-0.344
-0.254
-1.158
-0.072
-1.049
0.291
0.294
-1.307
-0.253
-0.503
-0.708
-0.222
1.392
-0.137
0.689
0.532
0.283
-0.623
0.140
-1.198
0.062
0.393
-0.890
0.017
-0.066
-0.141
-0.008
0.864
0.124
-0.266
-0.372
-0.373
-0.703
0.038
-0.247
0.183
0.084
-0.289
-1.886
0.263
0.044
0.425
0.017
0.101
0.387
0.714
-1.742
1.200
0.422
-1.310
-0.599
-1.763
-0.130
-0.352
0.952
2.006
1.402
-0.269
-0.064
1.190
-0.625
-0.249
-0.602
-2.797
-0.190
0.327
0.468
0.215
-0.120
-0.100
-0.132
-0.039
-0.797
-0.084
-0.512
0.143
-0.029
-1.396
-0.906
-0.657
-0.506
-1.045
-0.263
-0.792
-0.250
-0.425
-0.107
0.084
-0.538
-0.823
0.746
0.024
-0.285
0.759
-0.084
0.609
0.190
-2.657
-1.158
-0.975
-1.180
-1.228
-0.552
-0.199
-1.393
-2.220
-1.119
-1.149
-1.020
-0.025
-0.420
0.017
-0.556
-0.930
-1.597
0.226
-2.887
0.542
-1.466
-1.177
-1.725
-0.640
-1.087
-0.268
0.093
0.200
-0.022
-0.460
0.302
1.111
0.855
-0.314
-0.002
0.016
0.360
0.166
-0.583
-0.812
0.365
0.243
0.107
-0.262
0.130
-0.883
-0.702
-0.644
-0.113
-1.902
-1.378
-0.121
-0.734
-1.083
-0.874
-0.294
-0.004
-2.232
-2.224
0.192
-0.837
0.084
-0.255
0.230
-0.340
-0.127
-0.294
-0.474
-0.212
-1.399
-0.529
-0.377
0.054
-0.323
-0.282
-1.074
0.002
-0.059
0.726
1.277
-0.051
0.337
0.379
-0.466
0.362
-1.726
-0.904
0.108
0.655
1.441
0.675
0.341
0.238
0.616
-0.005
0.515
0.485
0.934
1.036
0.129
-0.231
-0.269
0.398
0.194
-0.258
1.187
-1.921
0.682
0.389
-2.032
1.291
-0.191
-1.184
0.883
-0.289
0.330
-0.208
-0.020
-0.350
-0.270
-0.421
0.283
-0.458
-1.364
0.048
-2.347
-0.327
-0.449
0.009
-0.793
-1.664
-0.104
0.347
-0.381
-0.077
-0.276
-1.676
-0.328
-1.796
-0.544
-2.753
-1.350
-0.176
-0.202
-0.380
-0.734
-0.132
-0.317
-0.920
-2.290
-1.248
-1.670
-0.095
-0.055
0.070
0.029
0.079
-0.149
-0.003
-0.053
-0.280
-0.081
0.103
-0.551
-0.374
-0.177
-0.097
-0.205
-0.635
-0.585
-1.122
-1.917
-0.514
0.268
0.747
0.282
-0.403
-0.450
-0.132
0.005
-0.027
0.171
0.193
-0.426
-0.882
-0.151
-0.621
-0.777
-0.464
-1.391
-3.009
-1.396
-1.269
0.453
-0.522
-0.185
-0.336
-0.500
-0.328
-0.075
-0.194
-0.739
-1.090
-0.345
-0.319
-0.193
0.684
-0.347
0.061
0.217
-0.529
-0.326
-0.083
-0.409
-0.313
0.550
0.277
-0.427
0.570
-2.816
-1.253
-0.543
0.236
-0.678
-0.616
0.240
-0.666
0.238
-0.642
0.077
-0.109
0.053
0.397
-0.045
0.583
0.479
-0.000
0.447
-1.628
-0.882
0.331
0.151
-0.465
0.194
0.005
-0.298
-0.477
-0.025
-0.457
0.330
-0.911
-0.451
-0.127
-1.393
-0.643
-0.658
-0.752
-0.472
-0.047
-1.125
-0.486
-1.316
-0.955
-0.967
-3.542
-0.931
-0.411
-0.051
-0.916
0.802
0.320
-0.490
0.361
0.789
-0.127
-0.138
-0.966
0.399
0.847
-0.854
-0.222
0.446
-0.467
0.542
0.558
0.161
-1.042
0.678
-1.081
0.313
0.814
-0.290
-0.553
0.239
0.290
0.357
0.438
-0.699
-0.141
-0.429
-0.696
-0.225
0.108
-0.166
0.428
0.846
-2.618
0.274
-0.404
0.100
