-0.159
0.021
-0.495
0.025
-0.247
0.037
0.283
-0.084
0.256
0.051
0.249
0.758
0.359
0.155
-0.258
0.062
-0.409
-0.511
-0.611
0.061
1.097
-1.395
-0.074
0.017
-0.222
-0.333
0.228
0.027
0.009
-0.122
0.198
-0.100
-0.379
0.069
-0.108
2.780
1.967
2.343
0.220
1.453
2.154
4.827
-0.027
0.106
0.916
0.061
0.268
-0.082
1.701
1.536
2.027
1.915
2.037
3.698
2.817
2.024
1.274
-0.037
1.086
3.707
1.170
1.826
2.355
2.317
2.043
2.528
1.526
2.837
0.454
0.471
1.055
-0.141
-0.673
0.251
1.024
2.670
0.879
-0.273
4.605
0.031
-0.581
0.910
0.443
0.168
-0.596
-0.476
0.697
2.422
0.468
0.226
-0.149
1.134
-0.020
0.973
-0.027
-0.369
-0.090
-0.155
0.859
1.037
0.310
-0.042
0.635
1.013
0.252
-0.192
0.044
-0.001
0.081
-0.199
0.099
-0.102
-0.132
0.049
-0.082
-0.007
0.043
-0.037
0.093
-0.104
0.035
0.039
-0.103
-0.367
-0.163
1.499
-0.295
-0.240
-0.032
0.550
-0.155
-0.015
1.448
2.449
-1.226
0.427
0.177
0.213
-1.180
2.208
0.686
-1.044
-1.520
-0.033
0.295
0.216
0.015
0.401
0.220
3.079
0.454
0.149
0.446
2.651
1.916
2.558
2.703
2.037
2.264
-0.078
1.730
2.178
0.211
0.049
-0.141
-0.032
0.801
1.250
-0.004
2.451
1.979
-0.380
-0.340
-0.556
1.237
1.314
1.777
1.332
0.973
0.986
-0.293
1.992
-0.126
0.406
0.069
0.262
-0.109
0.189
-0.046
-0.258
-0.308
1.235
-0.077
3.742
2.314
-1.164
0.392
-0.038
0.486
0.096
0.073
0.187
-0.081
0.029
0.000
-0.003
3.259
2.756
0.633
0.458
0.486
0.247
-1.320
0.487
-0.306
-0.962
-0.360
-0.180
2.161
1.901
0.920
3.709
1.015
1.172
0.668
1.061
1.805
1.431
1.657
1.658
1.556
3.743
1.319
1.589
5.226
-0.208
-1.934
1.562
0.283
0.562
0.330
1.238
0.447
-0.507
2.474
0.051
0.735
-0.578
1.824
0.130
-0.506
0.927
0.005
0.154
1.006
0.978
1.699
-0.015
0.825
0.901
0.878
0.423
1.170
0.350
-1.046
0.144
-0.326
-0.277
0.084
0.081
0.029
1.198
-0.104
-0.109
1.228
0.089
1.738
-0.353
0.823
-0.027
0.275
0.887
1.211
1.345
1.034
-0.036
0.682
0.042
0.075
0.482
3.796
-0.153
-0.148
-0.418
0.120
0.010
-0.014
-0.724
2.756
-0.935
-0.162
2.327
1.011
0.695
0.203
0.415
-0.964
-1.974
-0.930
-0.477
-0.326
-1.084
0.360
-0.757
1.144
2.226
1.196
-0.448
-0.100
-0.166
-0.018
0.113
-0.016
-0.101
0.730
-0.230
0.752
-0.037
-0.106
1.816
1.173
-0.298
-0.626
0.415
-0.113
1.234
0.296
0.251
-0.237
-0.027
0.785
1.439
-1.046
0.369
0.206
-0.027
0.955
-0.012
-0.051
3.037
1.228
0.918
1.667
1.241
0.628
-0.027
2.303
3.614
2.379
0.319
0.437
-0.007
0.858
0.838
1.574
-0.249
2.139
-0.029
1.692
-0.937
0.800
0.925
1.625
0.166
1.266
1.174
-0.061
0.063
0.698
0.743
-0.827
-0.614
-0.833
0.864
0.123
0.006
-0.109
0.236
0.776
0.773
-0.803
-0.077
-0.315
-0.491
0.150
0.840
-0.085
0.328
-0.396
2.102
0.715
0.699
0.283
0.433
0.744
0.910
-0.977
2.079
2.952
-0.234
0.691
-0.387
0.858
0.624
0.005
-0.255
0.710
0.949
-0.016
2.748
0.600
0.820
-0.024
-0.006
0.342
0.408
0.020
0.213
-0.151
-0.088
0.152
-0.056
-0.435
0.838
-0.027
0.866
0.292
-0.034
-0.269
-0.712
-1.290
-0.240
-0.307
-0.436
0.205
-1.296
-1.228
-1.087
-1.192
-1.782
0.102
-0.227
-0.273
-0.065
0.616
-0.731
1.148
-0.618
-0.028
1.908
-0.238
-0.049
1.997
-0.509
1.842
-0.037
0.076
-0.668
0.021
0.230
0.145
-0.142
0.194
1.237
0.016
2.391
1.138
1.549
0.453
0.500
1.789
0.083
0.004
0.020
0.571
0.041
1.011
-0.042
1.460
0.289
3.850
1.469
0.174
0.026
0.307
1.114
0.089
0.392
0.458
2.007
1.110
1.311
-0.046
-0.042
-0.037
-0.044
-0.126
-0.061
-0.318
-0.006
0.446
-0.086
-0.136
0.918
-0.028
0.189
0.239
0.042
0.844
0.263
2.535
1.240
1.261
-0.790
-0.332
-0.040
0.158
1.172
-0.057
-0.237
0.019
0.021
-0.052
0.102
1.915
0.332
0.276
0.247
0.852
1.368
1.987
0.766
1.508
-0.471
1.050
0.567
1.636
0.234
-0.029
-0.174
0.129
1.023
1.993
0.432
0.402
-0.012
-0.101
0.472
0.237
0.013
0.589
0.422
0.279
0.142
0.363
0.508
-0.060
0.809
0.110
2.316
1.066
0.247
-0.187
-0.122
1.060
0.101
0.994
-0.086
0.182
-0.041
0.152
-0.244
-0.475
-0.061
-0.042
-0.179
0.135
-0.182
1.690
0.440
0.043
-0.110
0.014
0.034
0.057
0.296
0.209
-0.078
0.274
0.223
0.218
0.254
0.143
1.658
1.008
0.281
0.656
0.461
-0.227
1.392
0.834
0.563
1.150
0.776
2.385
1.192
0.264
1.540
1.540
-0.341
-0.157
-0.011
-1.302
-0.627
0.087
-0.331
1.608
0.231
-0.011
1.640
0.680
-0.474
0.860
-0.098
-0.967
-0.383
0.816
-0.127
0.527
0.208
-0.418
0.623
1.346
-0.045
-0.345
-0.104
-0.060
0.680
0.078
0.537
0.981
0.936
-0.065
-0.150
0.883
-0.718
1.312
-0.623
0.124
0.106
