0.131
-0.195
-0.006
-0.086
0.014
-0.131
-0.063
0.024
-0.661
-0.228
-0.133
-0.319
-0.254
-0.267
0.978
0.061
0.198
0.003
0.277
0.122
-0.179
2.369
0.297
-0.105
-0.020
0.045
-0.167
-0.195
-0.049
0.115
0.092
-0.055
0.094
0.059
0.043
-2.523
-2.454
-2.143
-0.710
-1.209
-1.825
-2.887
0.038
0.029
-0.013
0.080
-0.215
0.151
-1.726
-1.287
-2.080
-1.508
-1.776
-3.170
-1.887
-1.266
-1.156
-0.020
-0.352
-3.147
-0.915
-1.491
-1.312
-2.037
-1.376
-2.688
-1.171
-0.411
0.018
-0.626
-0.445
0.145
0.242
-0.536
-0.048
-0.747
-0.202
0.473
-3.458
-0.009
0.836
-1.138
-0.292
-0.307
0.312
-0.139
-1.133
-2.523
-0.624
-0.034
-0.013
-0.367
0.019
-0.553
-1.215
-0.026
-0.066
0.158
-1.470
-0.788
-0.347
0.061
-0.528
-0.748
-0.166
0.204
0.070
0.048
0.051
0.307
0.004
0.053
0.059
0.050
0.156
0.052
0.073
0.379
0.050
0.133
0.049
0.128
0.038
0.045
0.140
-0.847
0.094
0.845
0.380
-0.208
-0.007
0.168
0.106
-0.024
0.891
-0.840
0.332
-0.157
0.907
-0.018
0.001
1.522
0.899
0.300
0.000
-0.084
0.005
-0.489
-0.433
-0.935
-1.262
-0.136
-0.691
-1.589
-1.271
-2.435
-1.732
-1.909
-2.024
-0.013
-0.202
-1.484
-0.895
-0.090
-0.074
-0.010
-0.275
-0.840
-0.047
-0.276
-0.650
0.735
0.436
-0.232
-0.801
-1.623
-1.922
-0.492
-1.182
-0.735
0.069
-1.175
0.024
-0.685
-0.642
-0.129
-0.198
0.109
0.009
-0.060
0.089
-0.122
0.327
-0.959
-0.410
0.367
-0.472
-0.535
-0.063
-0.273
-0.469
-0.314
0.334
-0.248
-0.006
-0.088
-2.027
-1.686
-0.720
-0.133
-0.345
-0.078
1.213
-0.361
-0.267
1.951
1.510
-0.006
-1.794
-2.286
-0.779
-2.656
-0.217
-1.417
-1.289
-0.789
-1.136
-0.916
-1.445
-0.851
-0.223
-1.677
-0.900
-0.934
-2.470
0.441
1.887
-0.247
0.147
-0.279
0.106
-0.520
0.278
0.004
-2.559
-0.002
-0.433
0.244
-2.115
-1.362
-0.098
-0.947
-0.113
-0.197
-1.001
-0.325
-1.654
0.308
0.313
-1.262
-1.662
-0.110
-0.841
-0.248
1.054
-0.216
0.278
0.331
0.031
-0.502
0.066
-0.689
-0.006
0.774
-0.932
-0.014
0.238
-0.281
-0.199
-0.027
-0.013
-0.317
-0.144
-1.547
-0.835
-0.007
-0.009
-0.098
0.103
-0.113
-2.166
0.347
0.085
0.037
-0.006
-0.237
-0.288
0.491
-2.695
-0.291
-0.793
-0.561
-0.256
-2.198
0.014
-0.675
0.509
2.315
1.273
0.207
0.602
0.932
-0.252
0.251
-0.842
-1.645
-0.087
-0.023
-0.062
-0.058
-0.006
-0.006
-0.230
-0.010
-0.217
-0.014
-0.209
0.046
-0.006
-1.566
-1.853
-0.230
-0.091
-0.484
-0.190
-1.421
-0.384
-0.349
-0.006
-0.023
-0.619
-1.733
0.896
-0.075
-0.506
0.005
-0.252
-0.095
0.089
-2.363
-1.065
-0.632
-1.289
-1.211
-0.293
-0.171
-1.528
-1.542
-0.953
0.016
-0.380
-0.006
-0.861
-0.234
-0.058
-0.020
-1.785
0.044
-1.893
0.755
-0.519
-0.872
-0.652
-0.776
-0.578
-0.014
0.406
0.225
0.118
-0.421
-0.075
0.038
0.887
0.020
-0.118
0.433
0.357
0.055
-1.027
-0.325
0.927
0.057
0.011
0.275
0.207
-0.543
-0.030
-0.847
-0.208
-1.709
-1.303
-0.351
-0.948
-1.340
-1.369
-0.437
0.352
-1.772
-1.810
-0.016
-0.253
-0.003
-0.013
0.020
-0.261
0.197
-0.183
-0.829
-0.033
-0.930
-0.391
-0.355
-0.084
-0.623
-0.013
-0.695
-0.305
-0.368
-0.004
0.074
0.045
0.476
0.542
-0.363
-0.013
-1.300
-0.995
-0.013
0.159
0.380
0.212
0.033
0.297
0.305
-0.111
0.657
0.515
0.097
0.625
0.816
0.234
0.058
0.198
0.133
-0.323
0.040
-1.408
0.288
0.271
-1.438
0.027
0.058
-1.650
0.105
-0.687
-0.161
0.134
-0.604
0.199
-0.242
-0.453
0.076
0.028
-2.118
-0.777
-1.828
-0.031
-0.088
-0.501
-1.220
-1.983
-0.081
0.075
0.296
-0.445
0.232
-1.322
-0.496
-1.619
-0.828
-1.493
-1.132
-0.267
-0.488
-0.045
-0.714
-0.022
-0.312
-0.893
-1.506
-0.912
-1.164
-0.134
0.044
0.329
0.220
-0.006
0.040
0.416
0.069
-0.199
-0.017
-0.252
-0.004
-0.117
-0.006
-0.002
-1.127
-0.305
-0.319
-1.865
-1.223
-0.906
0.013
0.382
0.072
-0.421
-0.498
-0.144
-0.290
-0.121
-0.114
-0.040
-1.481
-0.911
-0.256
-0.361
-0.526
-0.560
-0.954
-1.941
-0.873
-0.924
0.485
-0.836
-0.304
-1.213
0.100
0.001
0.804
-0.181
-0.709
-0.349
-0.449
-0.271
-0.264
0.230
-0.210
0.013
0.002
-0.594
-0.137
-0.063
-0.548
-0.523
0.174
-0.079
-0.848
0.219
-2.571
-1.313
-0.229
-3.437
-0.851
-0.769
-0.005
-1.126
-0.221
0.095
0.079
-0.082
0.197
0.563
-0.005
0.036
0.213
-0.003
0.163
-2.126
-0.709
-0.047
0.039
-0.190
-0.179
0.102
-0.013
-0.566
-0.007
-0.060
0.098
-0.901
-0.021
-0.090
-1.739
-1.107
-0.283
-0.815
-0.224
-0.327
-1.021
-0.254
-0.619
-0.696
-0.606
-2.622
-0.306
-0.019
-0.009
-0.887
0.203
-0.067
-0.414
1.614
0.911
0.326
-0.334
-1.193
-0.013
-0.256
-0.566
-0.501
0.631
-0.218
0.347
0.624
0.103
0.346
0.457
-1.721
0.045
0.429
-0.621
-0.766
-0.006
0.139
0.102
1.440
-0.862
-0.220
-0.283
-0.702
-0.598
-0.055
0.031
-0.065
1.639
-2.263
0.497
-0.335
-0.026
