0.039
0.092
0.039
-0.523
0.014
0.039
-0.071
0.011
-0.286
-0.051
-0.140
-0.458
-0.078
-0.066
0.039
-0.100
0.365
0.042
0.251
0.747
-0.608
1.319
-0.206
-0.038
-0.013
0.264
-0.111
0.109
0.002
0.064
-0.196
0.192
0.082
0.271
-0.049
-1.976
-1.561
-2.678
-0.597
-0.369
-1.940
-2.470
-0.053
0.074
-0.007
0.053
-0.111
0.045
-1.064
-0.903
-1.837
-2.101
-2.740
-2.314
-2.290
-0.385
-2.721
0.060
-0.670
-3.967
-1.456
-3.119
-2.498
-0.901
-0.963
-3.095
-1.874
-0.480
-0.018
0.037
-1.764
-0.244
-0.293
-0.668
-0.087
-0.307
0.039
1.213
-1.858
-0.381
0.309
-0.962
0.052
-0.139
0.660
-0.604
-1.252
-1.649
-0.882
-0.037
0.042
-0.060
0.016
-0.855
-0.482
-0.511
-0.008
-0.000
-1.016
0.001
0.238
0.029
-0.201
-0.205
0.039
0.155
-0.287
2.203
-0.127
0.068
0.045
-0.050
0.072
0.146
0.039
0.065
-0.284
0.085
-0.172
0.124
0.157
-0.154
0.050
0.043
0.057
-1.406
-0.073
0.308
0.048
0.039
-0.112
0.118
0.355
0.065
0.644
-0.988
-0.049
0.589
0.611
0.094
-0.086
2.346
1.603
-0.137
-0.220
0.039
-0.349
0.039
-0.878
-2.795
-1.004
-0.079
-0.506
-1.718
-0.479
-3.053
-2.602
-1.984
-3.089
-0.014
-0.479
-3.139
-2.416
0.039
0.619
-0.189
-1.717
-1.225
-0.467
-1.499
-1.015
0.165
0.000
0.558
-0.095
-1.847
-0.925
-0.835
-0.011
-1.422
0.153
-1.779
-0.025
-0.421
-0.136
0.039
0.051
0.169
-0.354
0.043
0.053
-0.155
0.561
0.680
-0.231
0.365
-0.356
-0.049
-0.067
-0.088
0.039
-0.112
0.228
-0.029
-0.053
0.039
-3.591
-1.750
-1.302
-0.023
-0.008
0.025
1.438
0.017
-0.146
-0.093
2.442
0.099
-3.031
-3.307
-0.970
-3.745
-0.296
-2.463
-1.734
-1.138
-1.702
-1.018
-1.566
-1.674
-1.193
-2.825
-1.523
-1.364
-2.223
0.337
2.265
0.039
0.091
-0.381
0.039
-0.318
0.027
0.328
-4.927
0.055
0.046
-0.137
-0.248
-2.730
0.289
-1.936
-0.288
0.039
-0.057
-1.068
-2.243
0.204
-0.382
-2.182
-0.811
-1.316
-0.181
-0.598
2.203
0.014
0.061
-0.306
0.425
-0.635
0.201
-1.673
-0.055
0.006
-0.052
0.039
-0.513
-0.022
-0.054
-0.228
-0.005
-1.128
0.039
-0.076
-1.009
-0.046
0.270
-0.220
-0.010
-0.019
-1.779
0.162
0.117
0.039
0.040
0.223
0.605
-0.764
-2.378
0.329
0.008
-1.295
-0.366
-2.737
0.019
-0.124
0.039
3.677
1.902
0.039
-0.698
0.814
-0.460
0.157
-0.589
-3.323
0.057
0.149
0.352
-0.251
-0.246
0.039
0.027
0.030
-0.673
-0.027
-1.302
-0.144
0.026
-1.448
-0.346
0.013
0.005
-0.141
-0.009
-1.120
-0.331
-0.763
-0.037
0.039
-0.292
-0.042
0.474
0.027
-0.147
0.218
-0.447
0.331
0.317
-3.843
-1.745
-1.113
-2.215
-1.010
-0.350
-0.072
-1.471
-1.991
-0.973
0.062
-0.125
-0.077
0.026
0.039
0.039
0.193
-0.106
-0.029
-3.276
0.137
-1.421
-2.809
-1.960
-0.711
-1.146
0.030
0.033
-0.008
0.043
-0.026
0.277
0.161
0.469
0.039
0.038
0.102
0.273
0.039
-2.289
-1.224
0.287
-0.013
0.039
0.669
-0.002
-0.929
0.039
-0.234
0.040
-1.890
-2.575
0.039
-1.577
-1.250
-0.032
0.020
-0.469
-1.971
-5.821
-0.461
-0.205
0.022
-0.539
-0.293
-0.163
0.289
-0.532
-0.815
0.242
-1.924
-1.072
-1.016
-0.003
-0.702
-0.762
0.337
-0.044
-0.036
-0.020
0.039
0.010
-0.083
-0.042
-0.131
0.051
-2.026
-0.356
-0.023
0.033
1.168
0.931
0.151
-0.046
0.444
-0.023
0.059
0.042
1.635
3.477
1.500
0.744
0.020
0.671
0.002
0.091
0.394
-1.418
1.776
0.289
-1.274
-0.085
0.019
-1.974
1.838
-0.543
0.049
-0.815
0.177
-0.027
-0.166
-0.354
0.437
-0.358
-1.821
-0.075
-1.359
-0.686
0.039
-0.017
-1.034
-0.728
0.113
0.113
-0.255
0.043
0.369
-0.425
-0.157
-1.819
-0.609
-3.359
-1.325
-0.035
-0.432
-0.038
-0.597
-0.313
-0.896
-0.965
-0.778
-0.049
-1.924
0.023
0.014
0.040
-0.063
0.075
0.063
1.840
-0.033
-0.004
-0.243
0.039
0.195
-1.499
-0.342
0.039
-0.124
-1.114
-0.044
-1.551
-1.665
-0.008
-0.013
0.404
-0.484
0.039
-0.479
-0.035
0.047
0.117
0.057
0.039
0.054
-0.767
-0.056
-0.501
-0.513
-0.187
-0.720
-4.453
-1.028
-1.040
0.130
-0.552
-1.295
-1.322
0.807
0.408
0.675
-0.162
-0.872
-1.984
-0.430
-0.261
-0.112
-0.222
-0.073
-0.112
0.020
-0.075
-0.345
-0.156
-0.052
-0.444
0.039
0.542
-0.929
-0.004
-3.031
-1.372
-1.028
-1.181
-0.572
-0.426
0.296
-0.206
0.092
-0.022
0.018
0.024
0.064
0.795
-0.118
-0.251
-0.153
-0.126
-0.204
-0.107
-0.726
0.404
0.291
0.039
0.109
-0.174
0.039
-0.107
0.039
-0.419
-0.046
-0.217
-0.615
-0.189
-1.675
-0.364
-0.357
-0.701
-1.492
-0.232
-1.201
-0.373
-1.719
-1.575
-1.084
-2.435
-0.758
0.201
-0.068
-0.906
-0.324
0.075
-0.078
0.829
0.064
0.027
0.001
-1.614
0.293
-0.725
-0.350
-0.445
0.168
0.004
1.166
0.128
0.557
-0.026
0.582
0.077
0.229
0.039
-0.991
-0.550
0.056
-0.121
0.110
0.309
-0.351
0.039
-0.117
-0.478
-0.654
-0.276
0.460
0.337
0.062
-1.528
0.039
-0.415
0.335
