0.025
-0.255
0.025
0.025
0.119
-0.001
-0.154
-0.152
0.019
-0.283
-0.255
-0.482
-0.157
-0.279
-0.031
0.025
0.069
0.045
0.283
-0.040
-0.405
0.868
1.372
0.040
0.055
0.070
-0.136
-0.313
-0.364
-0.093
0.025
-0.046
0.025
0.073
0.025
-2.821
-2.039
-2.998
-1.107
-2.108
-2.704
-3.590
0.028
0.063
0.024
0.025
-0.203
-0.288
-1.580
-1.022
-1.851
-1.540
-2.379
-3.008
-2.203
-1.391
-1.030
-0.146
-0.971
-3.513
-1.338
-1.366
-2.023
-2.808
-1.556
-2.931
-1.747
-0.991
-0.106
-0.725
-1.456
-0.538
-0.230
-0.582
0.168
0.160
0.372
0.734
-2.906
0.063
0.044
-1.834
-0.290
0.011
0.025
-0.994
-1.873
-2.912
-1.033
-0.002
0.285
0.025
-0.146
-0.914
-0.241
-0.001
-0.020
0.122
-1.200
-0.313
0.025
0.025
-0.212
-0.346
0.025
0.044
-0.024
0.006
0.044
0.108
-0.045
-0.049
0.124
0.076
0.064
0.075
0.006
0.066
0.040
0.053
-0.035
0.023
0.076
0.103
0.085
-2.028
0.665
0.909
0.956
-0.187
-0.046
0.119
0.025
0.025
0.045
-0.891
-0.562
-0.019
0.025
-0.443
0.011
-0.066
0.036
0.040
-0.156
0.121
-0.249
-0.792
-1.345
-0.157
-0.489
0.196
-1.022
-2.126
-1.397
-3.175
-3.068
-0.158
-1.105
0.025
-0.068
-2.557
0.025
0.140
0.156
-0.032
-0.183
-1.037
-0.170
-0.574
-1.221
0.416
0.001
0.091
-0.928
-2.040
-2.171
-0.776
-0.309
-0.704
0.034
-2.159
-0.134
-0.672
-0.513
0.025
-0.014
0.833
-0.118
0.367
-0.057
0.137
1.177
0.421
0.029
0.592
-0.908
-0.637
-0.109
-0.137
-0.045
-0.387
0.144
-0.409
-0.057
-0.131
-2.587
-2.382
-1.268
-0.451
0.029
0.044
1.051
-0.440
-0.625
0.821
-1.087
0.025
-2.428
-3.007
-1.312
-2.316
-0.716
-2.055
-0.956
-1.163
-1.468
-2.218
-1.436
-1.310
-1.557
-2.411
-1.535
-1.540
-2.953
0.220
0.809
-0.565
-0.153
-0.749
-0.185
-1.336
-0.275
-0.032
-2.377
0.044
-0.419
0.641
-1.388
-1.517
-0.252
-1.469
-0.451
0.036
-1.008
-0.527
-1.632
0.233
-0.128
-1.290
-1.455
-0.942
-1.144
-0.293
1.138
-0.004
0.318
0.094
0.251
-0.745
0.038
-1.303
0.009
0.085
-0.820
0.005
0.116
-0.095
-0.325
-0.107
0.311
-0.568
-0.097
-1.187
-1.406
-0.205
-1.036
-0.017
0.125
-0.673
-2.836
0.704
-0.013
0.127
0.021
0.027
-0.504
0.026
-2.135
0.226
-0.898
-1.970
-1.178
-0.079
-0.022
-0.819
0.324
0.848
0.795
-0.307
0.019
0.942
-1.131
-0.118
-0.885
-1.908
-0.936
0.291
-0.299
-0.135
-0.480
-0.242
-0.396
-0.298
-0.386
0.095
-0.659
-0.095
0.024
-2.410
-1.676
0.076
-0.096
-0.934
-0.380
-1.095
-0.439
-0.371
0.021
0.093
-0.291
-1.484
0.205
-0.521
-0.897
0.263
-0.668
0.124
0.066
-3.404
-1.575
-1.190
-1.804
-1.221
-0.898
-0.190
-1.596
-2.642
-1.852
-1.507
-0.436
-0.002
-0.182
-1.829
-0.673
-1.355
-4.629
0.043
-1.866
0.002
-1.243
-0.967
-1.793
-0.635
-1.574
-0.790
0.025
0.016
-0.342
-0.582
0.025
3.306
0.918
-0.655
-0.559
0.025
0.025
0.025
-1.567
0.025
0.033
0.025
-0.015
-0.229
-0.227
-0.868
-0.290
-1.263
-0.431
-1.965
-1.839
0.128
-0.713
-1.348
-0.029
-1.324
-0.278
-2.152
-1.991
-0.211
0.025
0.025
-0.156
0.138
-0.159
0.362
-0.188
-0.606
0.134
-1.117
-0.372
-0.878
0.264
-0.557
-0.350
-0.822
-0.086
0.036
0.319
0.061
-0.446
0.002
0.129
-0.535
0.108
-1.906
-1.387
-0.023
-0.025
1.476
0.170
0.300
0.083
0.494
-0.182
1.016
0.811
0.950
0.302
-0.007
0.069
0.335
0.149
0.025
-0.114
-0.048
-1.743
0.585
0.184
-1.625
0.549
-0.543
-2.166
-0.070
-1.875
-0.340
-0.260
-0.862
-0.296
-0.156
-0.862
0.090
-0.456
-1.681
0.012
-3.007
-0.899
0.011
-0.033
-1.016
-1.692
0.025
0.229
0.095
-0.213
-0.926
-1.182
-0.520
-1.800
-0.970
-3.387
-2.011
-0.635
-0.186
-0.048
-0.835
-0.186
-0.281
-0.843
-2.063
-1.029
-1.650
0.057
0.035
-0.254
0.000
-0.267
-0.053
-0.015
-0.334
-0.619
-0.125
-0.316
0.096
-0.318
-0.117
-0.324
-0.642
-0.859
-0.482
-1.553
-1.444
-1.119
-0.388
0.924
-0.115
-0.005
-0.402
-0.252
-0.411
-0.285
-0.193
-0.055
-0.011
-0.799
-0.320
-1.158
-1.009
-0.668
-1.083
-3.174
-1.058
-1.008
-0.299
-1.254
-0.546
-0.951
-0.089
-0.090
0.065
-0.292
-0.715
-0.425
-0.355
-0.732
-0.248
0.074
-0.219
-0.002
-0.107
-0.532
-1.130
-0.063
-0.501
-0.249
-0.175
-0.076
-1.074
0.241
-2.820
-0.216
-1.320
0.010
0.194
-0.538
-0.061
-1.511
-0.101
0.017
0.253
-0.335
0.005
0.323
0.046
0.127
0.029
-0.022
0.087
-2.367
-2.085
-0.578
-0.004
-0.046
0.015
-0.860
-0.018
-0.670
-0.151
-0.510
-0.210
-0.684
-0.490
-0.113
-1.903
-1.367
-1.212
-0.747
-0.780
0.027
-0.715
-0.507
-2.467
-1.558
-2.017
-3.465
-1.401
-0.015
-1.381
-0.695
0.762
0.025
-0.457
0.698
0.428
-0.611
-0.627
-0.544
-0.089
-0.074
-1.398
-0.897
0.547
-0.789
0.244
0.295
0.017
-0.445
1.048
-1.294
-0.030
0.151
-1.041
-0.482
-0.005
-0.134
0.273
0.520
-1.029
0.021
-0.524
-0.568
0.025
0.022
0.363
0.382
1.057
-2.526
0.181
-0.344
0.066
