-0.302
-0.065
-0.440
0.324
0.130
-0.122
0.424
0.044
0.579
0.148
0.200
0.123
0.855
0.236
0.202
-0.277
-0.285
-0.313
1.149
-0.101
-0.306
-0.748
0.613
0.186
0.022
-0.967
0.089
0.381
0.218
0.262
0.132
-0.021
0.577
-0.710
0.034
1.650
0.816
2.423
0.406
1.151
2.028
1.936
0.089
-0.099
0.093
0.080
0.569
0.330
1.951
1.877
1.982
1.653
2.467
2.722
1.329
0.535
0.504
0.010
-0.045
2.657
0.949
0.948
1.242
1.871
0.928
1.233
0.676
0.408
-0.086
0.543
1.180
0.149
0.324
0.187
1.447
0.628
-0.168
-0.399
1.753
0.207
-0.291
1.672
0.159
0.563
-0.892
-0.028
0.401
1.737
-0.126
0.327
-0.001
0.236
0.116
0.336
-0.489
0.049
0.071
0.046
1.594
1.152
-0.321
-0.851
0.272
0.199
0.553
-0.149
0.154
0.152
0.142
-0.361
0.207
0.140
-0.088
0.062
0.029
-0.131
0.188
0.077
0.141
0.247
0.127
0.133
0.123
-0.583
-0.181
0.225
0.203
-0.191
-0.461
0.163
0.003
-0.131
0.397
0.152
-0.748
0.528
0.468
0.012
-0.689
0.070
-0.329
-1.144
-1.385
-0.200
0.008
0.330
0.079
0.050
0.139
1.702
0.008
0.264
0.525
1.248
1.007
2.620
2.407
1.922
1.934
0.342
0.955
1.349
1.633
0.789
-0.316
-0.003
2.091
0.256
0.075
0.291
0.992
-0.553
0.106
0.231
0.332
1.850
1.004
0.508
1.433
0.669
-0.525
1.881
0.065
0.003
0.232
0.306
0.279
0.250
-0.427
-0.036
0.042
0.186
-0.576
0.897
1.116
-0.123
0.358
0.310
0.141
0.082
0.344
0.143
0.325
0.101
0.033
-0.028
1.893
2.178
2.660
0.272
-0.388
0.018
-1.949
1.925
-0.213
-1.824
-0.263
0.067
0.818
1.836
1.061
1.607
0.088
1.654
1.496
0.747
0.713
1.646
1.436
0.648
-0.946
1.615
1.597
0.131
1.308
0.695
-1.425
0.657
0.825
0.972
0.430
0.459
-0.290
0.112
0.570
-0.050
0.260
0.833
1.160
0.181
0.373
0.209
0.600
0.783
1.314
0.739
0.926
0.318
0.410
0.424
0.907
0.467
0.389
0.054
-1.743
0.090
-0.711
0.095
-0.263
1.050
0.154
-1.419
0.046
0.108
0.603
0.188
-1.580
0.815
0.043
1.283
0.262
0.289
0.748
1.085
0.145
-0.111
0.209
0.156
-0.043
0.031
1.004
0.062
0.091
-0.429
0.005
0.267
0.738
0.371
1.159
-0.971
-0.041
0.565
-0.477
0.506
-0.142
-0.340
-0.348
-1.177
-0.644
-0.124
0.647
0.046
0.099
0.727
0.321
0.819
2.184
-0.215
-0.545
-0.089
0.019
-0.030
0.101
-0.186
0.295
-0.140
0.830
0.036
0.233
0.446
1.185
-0.019
-0.235
1.466
0.712
0.724
0.201
0.687
0.137
-0.530
0.495
0.607
0.216
0.065
-0.211
-0.107
0.633
0.050
-0.085
1.839
1.001
0.991
1.098
1.613
0.950
0.152
0.946
1.043
1.530
0.208
-0.024
-0.125
0.218
0.497
0.244
-1.634
0.129
0.194
1.513
0.260
0.754
0.725
1.450
0.642
0.192
0.052
0.174
-0.001
-0.002
0.072
-0.060
-0.312
-2.248
0.056
-0.004
0.658
0.458
0.356
0.111
0.024
-0.096
0.064
-0.330
-0.058
-0.072
0.360
0.225
0.839
0.810
0.793
0.632
0.118
0.272
0.027
1.177
0.682
-0.191
2.052
1.846
-0.027
0.208
0.309
0.111
0.424
-0.077
0.039
0.116
1.177
0.019
1.053
0.238
0.458
0.161
0.102
0.888
-0.000
0.114
0.038
0.417
-0.108
0.172
0.036
-0.952
0.192
0.364
1.070
0.765
0.093
-0.347
-0.582
-1.069
0.168
-0.166
-0.438
-0.190
-1.410
-0.704
-0.834
-3.255
-1.001
-0.330
-3.421
-0.582
-0.204
0.770
-0.561
0.424
0.098
-0.151
0.072
-0.765
-0.291
0.885
-0.555
1.426
0.730
-0.116
-0.277
0.218
-0.300
0.797
0.481
-0.184
0.441
-0.261
1.009
0.210
0.867
0.110
-0.115
0.709
0.151
0.046
0.317
0.228
0.834
2.333
0.268
2.099
1.029
1.709
1.254
0.415
0.116
-0.129
0.660
0.078
0.353
0.523
0.770
0.947
1.533
0.098
0.065
-0.105
-0.101
0.103
0.148
-0.286
0.242
0.290
0.290
0.009
0.295
-0.527
-0.176
0.443
0.356
-0.108
0.815
0.544
0.950
1.304
0.016
0.148
-0.072
0.223
0.886
-0.155
0.725
0.081
0.118
0.083
0.008
0.413
-0.081
1.845
0.151
1.040
0.224
2.210
0.884
0.849
0.304
1.025
0.273
0.282
0.349
0.157
-0.380
0.116
0.334
0.617
0.152
0.648
0.313
0.530
0.116
0.041
0.104
0.264
0.648
0.147
0.199
0.242
0.124
-0.118
0.277
0.257
1.208
0.779
0.896
-0.121
-0.399
-0.011
0.000
0.208
-0.054
0.278
0.278
0.688
0.582
-0.226
0.218
0.219
0.348
0.175
0.297
-0.185
0.259
-0.429
0.504
-0.054
-0.011
0.485
0.011
0.880
-0.226
0.069
-0.021
0.880
0.973
0.101
1.175
0.448
0.170
0.832
1.554
0.293
0.504
0.114
0.821
0.509
0.996
1.695
0.877
0.094
-0.080
0.432
-0.323
-0.375
0.040
-0.736
-0.137
-0.073
0.208
1.303
-1.022
-0.186
1.482
0.852
-0.079
0.911
-0.874
-0.733
-0.132
0.635
0.763
1.292
0.168
-0.279
0.557
0.856
-0.008
0.396
-0.152
0.619
0.561
0.477
1.000
2.105
0.280
0.078
0.097
0.070
-0.610
1.307
0.063
-0.243
-0.030
