-0.590
0.148
-0.133
-0.133
0.106
-0.242
-0.202
-0.162
-0.355
-0.152
-0.256
-0.535
-0.310
-0.234
-0.047
-0.126
-0.134
-0.116
-0.022
0.018
-0.725
0.245
0.759
-0.256
0.209
0.141
-0.168
0.384
-0.572
-0.088
0.085
-0.147
0.180
-0.148
-0.164
-3.095
-1.990
-1.999
-0.713
-1.570
-2.212
-3.770
0.158
0.269
0.062
-0.252
-0.339
0.172
-2.163
-1.562
-2.299
-1.813
-2.435
-2.921
-1.872
-1.015
-1.249
0.169
-0.722
-3.786
-0.636
-0.763
-1.520
-2.093
-1.495
-2.118
-1.666
-0.552
-0.318
0.172
-1.235
-0.071
-0.051
-0.335
0.172
0.153
0.172
0.155
-3.653
0.320
0.353
-1.398
-0.148
-0.524
0.324
-0.380
-1.114
-2.631
-0.664
-0.123
0.252
-0.398
-0.299
-0.727
-0.734
0.156
-0.205
-0.182
-0.676
-0.660
0.270
0.200
-0.245
-0.541
-0.261
0.350
-0.213
0.266
-0.151
0.066
-0.236
-0.197
0.252
0.203
0.241
0.067
-0.098
0.015
-0.113
0.197
-0.146
0.217
0.168
0.105
0.101
-1.781
0.717
0.693
0.601
0.158
-0.246
0.162
-0.508
-0.554
0.587
-1.078
-0.009
-0.879
0.810
-0.513
-1.482
0.172
0.220
-0.124
-0.161
0.383
-0.262
-1.018
-0.644
-2.771
-0.192
-0.384
-0.867
-1.679
-2.171
-3.055
-3.065
-3.193
-3.016
0.067
-1.370
-2.348
-2.261
0.170
-0.346
-0.649
-1.169
-0.833
-0.296
-0.427
-1.501
0.272
-0.967
0.359
-1.149
-1.301
-1.646
-0.843
-1.027
-1.012
-0.104
-1.471
0.208
-0.719
-0.375
-0.481
-0.615
0.336
0.015
0.069
-0.096
-0.308
0.172
-1.113
0.172
0.835
-0.575
-0.768
-0.764
-0.532
-0.588
-0.204
1.340
-0.269
-0.179
-0.049
-2.696
-2.275
-0.626
-0.179
0.452
0.057
0.816
-0.322
-0.507
0.486
1.108
0.231
-3.130
-1.927
-1.394
-2.500
-0.790
-2.349
-1.550
-0.433
-1.415
-0.785
-1.146
-1.288
-1.047
-1.872
-1.518
-0.736
-2.236
0.377
0.053
-0.468
0.053
-0.622
-0.369
-0.802
-0.041
-0.019
-3.177
-0.188
-0.536
0.386
-0.794
-1.322
0.613
-1.106
-0.451
-0.476
-1.427
-0.372
-1.825
-0.155
-0.456
-0.931
-0.792
-0.446
-1.098
-0.492
0.717
-0.240
0.753
0.442
0.191
-0.807
0.381
-1.013
-0.051
0.140
-0.879
0.166
-0.747
-0.153
-0.318
0.211
0.056
-0.732
-0.759
-1.380
-1.261
-0.279
-0.612
0.541
0.172
-0.601
-1.419
0.437
0.098
0.643
-0.201
-0.256
0.125
-0.194
-2.436
-0.474
-0.486
0.050
-0.439
-0.994
-0.090
-0.131
0.575
0.875
0.311
0.277
0.667
0.801
-0.370
0.022
-0.562
-1.952
-0.934
0.370
-0.080
-0.294
-0.274
-0.213
-0.136
-0.357
-0.536
-0.122
-0.488
-0.095
-0.207
-2.028
-1.315
-0.418
-0.473
-0.668
-0.346
-0.997
-0.416
-0.516
0.133
0.146
-0.825
-1.083
0.490
-0.367
0.060
-0.113
-0.837
0.250
0.253
-2.390
-1.305
-1.175
-1.375
-1.528
-0.495
-0.252
-1.676
-1.609
-1.131
-0.573
-1.083
-0.220
0.111
-0.891
-0.551
-0.526
-0.503
0.268
-2.344
0.164
-1.041
-0.801
-1.090
-0.773
-1.174
-0.243
-0.280
0.223
-0.383
-0.177
0.488
2.234
1.035
-0.023
0.162
0.238
0.469
0.312
-1.360
-0.517
0.167
-0.195
-0.020
-0.126
-0.032
-1.056
-0.499
-0.846
-0.491
-2.135
-0.595
0.172
-0.495
-0.858
0.172
-0.484
-0.002
-1.517
-1.929
0.052
-0.661
-0.128
-0.644
0.501
-0.141
-0.368
-0.128
-1.102
-0.295
-1.005
-0.466
-0.840
-0.089
-0.269
-0.652
-1.542
-0.282
-0.382
-0.142
0.183
-0.246
-0.307
0.172
-0.315
0.172
-1.284
-1.186
0.172
0.490
1.163
0.770
-0.243
-0.013
0.024
-0.235
0.753
0.820
1.089
0.651
-0.115
0.171
-0.095
0.229
-0.080
-0.465
0.496
-3.359
0.686
0.243
-1.773
0.305
-0.345
-1.525
0.394
-1.320
-0.362
-0.114
0.292
-0.391
-0.649
-0.787
0.334
-0.355
-1.442
-0.195
-2.672
-0.806
-0.844
-0.256
-0.929
-1.790
-0.171
0.291
-0.187
0.316
-0.407
-1.529
-0.286
-1.511
-0.695
-2.526
-1.100
-0.821
-0.462
-0.679
-1.192
-0.538
-0.152
-1.076
-1.946
-1.244
-2.133
-0.234
-0.213
-0.074
-0.069
-0.068
-0.067
0.279
-0.316
-0.490
-0.328
-0.083
0.223
-0.141
-0.277
-0.375
0.103
-0.386
-0.465
-1.432
-1.171
-0.534
-0.161
0.473
-0.117
-0.379
-1.167
-0.236
-0.041
-0.129
0.001
-0.122
-0.369
-0.847
-0.275
-0.768
-0.468
-0.859
-1.036
-3.037
-1.251
-1.087
-0.046
-0.275
-0.467
-1.198
0.235
-0.348
-0.333
-0.104
-0.440
-0.373
-0.549
-0.442
-0.139
0.150
0.073
-0.191
-0.154
-0.504
-0.363
-0.261
-0.646
-0.605
-0.243
0.169
-0.646
0.079
-3.260
-1.344
0.167
-2.592
-0.037
-0.894
0.172
-0.137
0.329
-0.094
0.182
-0.285
0.062
-0.033
-0.354
-0.064
0.107
-0.258
-0.169
-2.148
-1.028
0.274
-0.087
-0.576
-0.336
-0.138
-0.995
-0.677
-0.310
-0.611
-0.231
-0.978
-0.925
-0.171
-1.610
-0.953
-0.370
-1.144
-1.342
-0.068
-1.216
-0.360
-1.249
-1.215
-0.840
-3.708
-0.687
0.054
-1.396
-0.617
-0.203
0.133
-0.507
0.416
-0.080
-0.732
-0.360
-0.878
0.056
0.631
-0.656
-0.268
0.732
-0.029
0.558
0.860
0.327
-1.271
0.010
-0.247
0.332
0.541
-0.364
-0.577
0.029
0.031
0.266
0.745
-0.821
-0.311
-0.895
-1.151
-0.537
0.061
-0.224
1.651
2.896
-1.171
-0.086
-0.531
0.204
