0.473
-0.059
0.048
-0.053
-0.302
-0.521
0.012
-0.319
-0.247
-0.376
-1.132
-0.449
-0.238
-0.495
-0.556
0.028
0.036
0.014
-0.511
0.114
-2.487
1.170
-0.237
-0.237
-0.093
0.235
-0.075
-0.031
-0.009
0.016
0.012
0.043
-0.184
0.302
-0.007
-1.493
-1.214
-1.959
-0.583
-1.409
-1.690
-1.541
-0.038
0.194
-0.017
-0.024
-0.215
-0.984
-1.038
-1.376
-0.368
-3.325
-1.708
-3.248
-0.696
-1.460
-1.047
-0.076
-0.315
-3.184
-0.524
-1.008
-2.341
-0.775
-0.100
-2.024
-0.993
-1.237
-0.146
-0.692
-0.964
0.339
0.126
-0.038
-0.431
-0.898
0.252
-0.027
-2.845
0.128
1.619
-0.610
-0.702
0.143
-0.566
0.130
-0.190
-1.340
0.236
-0.288
0.390
-0.161
0.570
-0.520
-0.099
-0.038
0.183
0.044
-0.193
-0.519
0.483
0.075
-0.122
-0.355
-0.107
0.841
-0.250
-0.083
-0.038
0.422
-0.168
-0.038
0.066
-0.038
-0.038
0.680
-0.071
-0.038
-0.038
-0.092
-0.122
-0.112
-0.038
0.598
0.409
-2.460
0.116
0.356
1.243
0.363
0.082
0.565
0.021
-0.580
1.030
0.083
1.678
-0.144
0.580
-0.754
-0.702
0.339
0.244
-0.453
-0.144
-1.386
-1.429
-0.242
-0.038
-2.054
0.258
-0.088
-0.785
-1.021
-0.779
-3.851
-3.583
-2.108
-1.890
0.248
-0.158
-2.066
-0.760
-0.238
0.056
-0.229
-1.443
-0.957
-0.038
-2.347
-0.203
-0.038
0.902
0.625
-0.218
-0.831
-1.073
-0.214
-1.086
-0.804
0.264
-3.170
-0.107
-0.031
-1.175
-0.832
-0.425
0.707
0.427
0.600
-0.103
-1.080
-0.207
-1.332
0.287
0.232
-0.299
-0.334
-0.556
-1.247
-0.065
-0.102
0.029
0.160
0.456
-0.070
-2.366
-2.337
-2.475
-0.609
1.289
0.032
3.026
-0.040
-0.538
1.137
-0.066
0.114
-4.562
-1.480
-1.050
-1.095
-0.314
-1.191
-0.306
-0.914
-1.803
-0.878
-1.242
-0.482
-1.150
-1.719
-1.913
-2.450
-3.449
0.362
0.567
-0.513
-0.204
-0.058
-1.727
-0.608
-0.041
-0.043
-1.178
-0.178
-0.207
-0.729
-0.699
-1.007
-0.298
-0.179
-0.972
-0.079
-0.860
-0.080
-1.568
-0.031
-0.797
-1.600
-1.036
-0.890
-1.354
-0.118
0.706
-0.110
1.262
-0.275
0.630
0.219
-0.171
0.097
0.417
-0.091
-1.005
-0.304
-1.644
-0.498
-0.157
0.262
0.384
0.414
-0.937
-0.820
-0.196
-0.287
-0.149
-0.082
0.784
-0.082
-0.001
0.520
0.370
0.012
-0.011
0.368
-1.495
-1.036
-2.269
0.601
-0.076
-0.752
0.593
-3.248
0.136
0.344
-0.113
0.577
-0.030
0.060
-0.647
-0.065
-0.224
0.028
-0.039
-1.353
-0.869
0.455
0.306
0.001
-0.927
-0.130
-0.227
0.432
-0.302
-0.011
-0.159
-0.038
-0.005
-2.107
-0.263
0.539
0.218
-0.038
0.199
-0.860
-0.159
0.052
-0.066
0.080
-0.200
-1.049
-0.255
0.041
-1.215
0.046
0.272
0.421
0.152
-3.572
-1.697
-1.184
-1.645
-2.015
-0.261
-0.223
-0.529
-2.075
-1.070
-0.384
-0.065
0.007
-0.406
-0.815
-0.326
-0.534
-0.738
-0.107
-4.161
0.485
-0.292
-0.320
-0.275
-0.152
0.536
0.530
0.024
0.068
0.051
-0.579
0.198
0.215
1.461
0.450
0.465
-0.444
-0.414
-1.175
-0.911
0.407
-0.410
0.744
-0.231
-0.761
0.384
-0.753
-0.154
-0.763
0.528
0.478
-2.418
-1.517
-0.956
-0.765
-1.405
-1.799
-0.207
-1.444
-2.902
-0.226
0.374
-1.054
-0.042
-0.704
-0.382
-0.187
-0.089
-0.106
-0.285
-0.338
-0.352
-0.601
-0.600
-0.135
-0.148
-0.167
0.136
-0.060
0.033
0.201
-0.053
-0.030
0.474
-0.167
0.142
-0.526
-0.679
-0.161
0.034
0.355
0.779
0.575
-0.038
-0.041
0.573
0.677
0.613
1.573
2.775
0.706
0.217
0.482
0.290
0.309
-0.238
0.141
0.521
0.351
0.644
-0.549
1.334
0.072
0.426
-0.026
-1.011
-0.405
0.338
-0.399
-0.053
-0.102
0.372
0.347
0.143
-2.014
0.576
-1.551
-0.273
-0.848
-0.799
-1.323
-1.393
-0.185
0.071
0.040
0.269
0.271
-2.412
-0.546
-2.158
-0.616
-1.907
0.071
-0.690
-0.311
0.047
-0.684
-0.073
-0.941
-0.798
-1.763
-1.221
-2.811
-0.190
-0.249
-0.038
-0.060
-0.184
-0.088
0.490
0.510
-0.257
-0.204
0.072
0.015
-0.391
-0.236
0.008
0.020
-0.011
-0.038
-1.000
-0.154
-0.973
-0.413
1.243
-0.009
-0.631
-0.636
-0.294
-0.144
-0.485
-0.191
0.076
-0.137
-0.227
0.254
-0.452
-0.209
-0.630
-1.025
-1.609
-1.153
-0.703
-0.424
-1.153
-0.381
-0.956
0.594
-0.257
0.344
-0.211
-0.149
-0.335
-0.083
-0.103
-0.310
-0.503
-0.116
0.138
-0.002
-0.231
-0.016
-0.059
-0.622
-0.271
0.034
-0.525
-0.400
0.284
-1.717
-0.725
0.105
0.254
0.057
0.535
-0.251
-0.040
-0.103
-0.100
0.050
0.164
0.254
0.399
0.040
0.417
0.506
-0.208
0.321
-1.460
-0.124
0.002
-0.341
-1.780
-0.150
-0.008
-0.087
-0.021
-0.038
-0.054
0.010
-0.827
-1.074
-0.489
-0.894
-0.093
0.177
-0.625
-0.042
-0.345
-0.912
-0.738
-0.899
-0.781
-0.178
-1.108
-1.208
0.164
-0.430
-0.715
1.093
1.319
-0.290
0.240
0.316
0.274
0.564
-0.269
0.726
-0.041
-0.683
-0.085
0.705
-1.375
0.535
2.203
1.232
0.461
0.672
-0.489
-0.012
0.713
-0.414
-0.769
0.161
-0.058
0.321
-0.665
-0.696
-0.054
-1.220
-3.496
0.080
-0.501
-0.098
0.319
0.790
-1.148
-0.217
0.256
-0.370
