0.136
0.056
0.089
0.358
0.059
0.488
0.159
0.180
0.356
0.164
0.217
0.100
0.014
0.052
0.077
-0.268
-0.527
-0.530
0.452
0.091
0.906
-1.481
-1.214
0.277
0.207
0.261
0.119
0.094
0.500
0.089
0.057
0.233
-0.113
0.391
-0.037
1.693
1.715
2.061
0.430
1.659
1.476
2.751
-0.098
0.015
0.236
-0.141
0.266
0.015
1.532
1.562
1.831
1.410
2.517
2.577
1.448
0.935
0.878
0.039
0.542
3.235
0.933
0.831
1.080
1.436
1.048
2.182
1.078
0.220
-0.043
0.018
0.326
0.156
0.419
0.375
0.527
0.795
0.075
-1.145
2.985
0.089
-0.137
0.937
0.848
0.246
0.263
0.509
0.979
2.437
0.624
0.155
-0.360
0.087
0.230
0.431
0.474
0.085
0.096
-0.018
0.899
0.845
0.217
0.062
0.161
-0.022
0.203
-0.439
0.176
0.105
0.117
0.108
0.250
0.117
0.107
0.118
-0.053
-0.055
0.110
-0.033
0.119
0.084
0.112
0.188
0.108
-0.036
0.119
1.276
-0.224
-1.055
-0.316
0.294
0.101
-0.692
0.379
0.111
-0.496
0.899
-0.030
0.308
-0.067
0.350
1.433
-0.064
-1.060
0.224
0.496
-0.320
0.262
0.196
0.999
1.356
1.048
-0.327
0.711
2.064
1.715
2.144
2.164
1.698
1.684
-0.128
0.617
1.966
1.208
0.021
0.109
0.128
0.698
0.858
0.193
0.413
1.190
-0.203
0.226
-0.322
0.704
0.824
0.951
0.646
0.807
0.409
0.241
1.136
0.094
0.427
0.498
0.511
0.302
-0.135
0.086
-0.135
0.150
0.392
0.066
1.018
0.156
0.140
0.828
0.606
0.318
0.181
0.291
0.243
-0.050
0.107
0.286
0.191
1.626
1.672
0.475
0.549
0.945
0.056
-0.621
0.748
0.284
-0.503
0.056
0.062
2.400
1.667
0.926
2.497
0.496
1.368
1.148
0.549
0.591
0.786
1.482
0.466
0.554
1.184
1.101
0.512
2.308
-0.234
-0.329
0.708
0.298
0.741
0.328
0.564
0.258
0.293
2.794
0.203
0.636
-0.427
1.081
1.048
0.264
0.870
0.250
0.073
0.846
0.523
1.260
0.261
0.063
1.107
0.663
-0.004
0.915
0.653
-1.598
0.333
-0.502
0.882
-0.291
1.243
-0.155
0.537
0.181
0.015
0.825
-0.064
-0.026
0.094
0.270
0.260
-0.063
0.260
0.540
0.919
0.460
0.062
0.015
0.120
-0.603
0.154
0.469
-0.241
0.186
-0.293
0.325
0.147
-0.092
-0.257
2.637
0.643
0.042
1.048
0.565
1.093
0.058
0.020
-0.543
-1.768
-1.534
0.176
-0.360
-0.698
0.326
-0.330
0.398
1.744
1.175
-0.392
0.369
0.360
0.084
0.025
0.446
0.015
0.464
0.224
0.315
0.257
-0.021
1.266
1.645
-0.251
0.284
0.623
0.307
0.516
0.228
0.305
0.132
-0.297
0.455
0.797
-0.258
0.274
0.996
0.105
0.653
0.147
0.159
2.564
1.010
0.956
1.166
1.105
0.696
0.168
0.708
1.429
0.867
0.947
0.455
0.175
0.837
1.012
1.152
0.820
3.300
0.115
1.582
-0.162
1.715
0.669
0.876
0.284
1.068
0.298
0.059
-0.055
0.509
0.377
0.838
-0.673
-0.342
0.374
-0.197
-0.107
-0.191
0.095
0.437
0.362
-0.168
0.345
-0.160
0.445
0.666
0.318
-0.019
0.918
0.956
3.891
0.886
0.424
0.478
0.585
0.229
0.038
-0.020
1.751
1.697
0.325
0.660
0.404
0.260
-0.173
0.353
0.040
0.340
0.887
0.158
0.920
0.265
0.443
0.143
0.591
0.063
0.476
0.143
0.162
-0.376
-1.315
0.008
0.042
0.128
0.314
-0.158
1.163
0.718
0.037
-0.052
-0.658
-0.089
-0.386
-0.266
-0.672
0.279
-1.296
-1.209
-1.066
-0.960
-0.371
0.112
-0.803
-0.382
0.134
0.687
0.281
1.414
-0.426
-0.458
0.981
-0.172
0.033
2.670
0.275
0.979
0.488
0.461
0.609
0.139
0.652
1.068
-0.506
0.127
1.043
0.245
2.330
1.044
0.101
0.015
0.975
1.734
-0.114
-0.409
0.847
0.417
0.397
1.200
0.629
1.133
0.538
1.742
0.859
0.640
0.473
0.462
1.209
0.360
0.248
0.719
1.342
1.023
1.467
0.301
0.096
-0.282
-0.105
0.153
0.183
0.407
0.667
0.319
0.204
0.032
0.037
0.293
0.214
0.455
-0.195
0.127
0.372
1.428
1.499
0.636
-0.228
-0.593
-0.084
0.473
0.463
0.294
-0.274
0.200
0.133
0.238
0.537
0.822
0.290
0.901
1.001
0.596
1.111
2.398
0.808
0.750
0.209
1.467
0.364
0.671
0.165
0.247
0.810
0.222
0.409
0.853
0.346
0.243
0.071
-0.185
0.379
0.119
0.154
0.420
0.229
0.081
0.479
0.452
0.497
-0.352
0.365
-0.791
2.040
0.731
0.466
0.344
0.415
0.616
0.015
0.510
0.063
0.378
0.139
0.379
-0.004
-0.469
0.207
-0.387
0.180
0.133
0.213
1.125
1.604
0.188
0.170
0.670
0.135
-0.187
0.492
0.596
0.134
0.345
0.015
0.460
0.451
0.230
1.790
0.841
0.379
0.497
1.065
0.082
0.697
0.301
0.757
0.324
0.984
3.764
0.300
0.082
0.809
1.301
-0.118
-0.003
0.264
-0.451
-0.360
0.990
0.821
0.238
0.317
0.630
0.597
0.247
-0.901
0.036
-0.271
-0.469
-0.445
0.737
0.662
0.656
0.016
0.008
0.408
0.579
-0.122
-0.062
-0.256
-0.503
0.751
0.169
0.648
0.915
0.316
0.235
-0.210
0.324
-0.867
0.400
-0.007
0.690
0.842
