-0.579
-0.689
-1.143
-0.404
-0.149
0.070
0.156
-0.332
0.168
0.070
-0.303
0.242
1.112
-0.303
0.988
0.049
0.093
0.146
0.070
0.012
0.567
-0.008
0.070
0.434
0.070
0.008
0.023
-0.093
0.043
0.206
0.081
-0.178
0.410
-0.140
0.067
3.161
2.280
2.380
0.876
1.410
2.689
3.495
0.408
0.047
0.169
0.005
0.365
0.566
1.139
3.117
1.147
1.014
1.679
3.806
2.295
2.419
1.599
-0.025
0.857
4.554
2.953
2.805
1.615
2.835
3.246
1.553
2.509
1.604
-0.381
1.207
1.268
-1.422
0.986
0.070
0.728
1.560
0.562
-0.192
3.688
-0.491
-0.101
0.864
0.499
0.538
0.441
-1.676
-0.051
1.569
-0.241
0.483
-0.907
-0.390
0.073
1.891
0.317
0.070
-0.313
0.011
1.487
1.911
0.118
0.068
0.782
0.126
0.576
0.003
0.070
0.257
0.105
-0.214
-0.108
0.706
0.058
0.341
0.130
0.303
0.333
-0.502
0.070
0.064
0.082
0.096
0.093
0.195
0.026
2.141
-0.012
0.321
-0.218
-0.949
0.102
-0.118
0.636
0.732
-1.343
-0.271
0.283
0.279
-1.202
-0.061
0.182
-0.270
-0.343
-0.159
-0.437
0.084
0.737
-0.537
0.599
3.897
-0.727
0.232
0.165
0.724
1.069
3.360
2.927
2.346
3.556
0.352
2.584
2.642
2.375
0.424
0.151
0.153
1.354
0.829
0.198
0.262
0.515
-0.449
-0.174
-1.092
1.184
1.199
1.657
2.651
1.514
1.888
-0.358
1.842
-0.114
0.591
1.555
0.179
0.239
-0.580
0.112
-0.004
0.336
1.675
-0.766
2.490
1.122
-1.178
1.060
0.990
0.175
0.339
0.567
0.335
-1.162
0.412
0.297
-0.320
2.754
1.990
2.200
-0.168
0.701
-0.023
-0.494
0.224
0.703
-1.808
0.161
0.157
2.379
2.772
2.144
1.524
0.476
1.778
1.824
1.280
0.832
2.789
0.262
2.363
2.749
3.503
2.156
2.145
2.811
0.059
-1.022
0.787
-0.157
1.879
1.914
0.383
0.752
-0.199
1.021
-0.257
-0.064
0.017
2.370
0.049
-0.203
0.934
2.221
1.452
1.670
0.598
1.764
0.470
0.876
1.739
0.550
1.423
1.735
1.357
-1.674
0.511
-0.719
-0.508
-0.660
2.593
0.073
1.484
-0.258
0.671
1.925
-0.483
3.622
0.187
0.994
0.811
-0.618
0.001
2.389
1.703
0.175
-0.269
1.094
0.001
0.017
0.101
2.020
-0.097
0.097
-0.083
-0.087
-0.573
2.069
0.423
2.396
1.660
-0.682
0.248
0.379
0.299
-0.519
-1.199
-0.074
-0.207
-0.081
1.621
0.925
-0.649
0.946
-0.205
0.607
0.823
0.872
-0.699
-0.858
-0.879
0.121
0.012
0.264
0.115
0.070
-0.299
0.461
0.085
-0.175
0.545
0.741
0.481
-0.534
1.184
1.005
0.937
0.374
2.351
0.124
0.195
0.046
2.306
-0.250
0.510
0.589
-0.223
0.869
-0.024
-0.369
4.231
2.381
3.938
2.159
1.335
0.444
0.173
1.849
2.874
1.525
-0.352
-2.712
-0.117
0.217
1.778
0.197
1.690
0.881
0.070
1.728
-0.223
1.416
0.559
1.868
0.315
0.546
-0.829
-0.001
-0.022
1.259
2.648
0.134
0.525
0.135
0.451
0.482
1.652
0.681
0.451
2.097
0.845
-0.588
1.029
0.187
0.433
-0.072
1.504
0.346
0.340
-0.138
0.424
4.033
2.112
2.081
1.331
1.807
2.114
-0.022
1.108
3.069
0.503
0.015
-0.211
0.266
0.357
0.311
0.082
0.322
1.240
0.008
1.379
0.750
0.335
0.195
0.184
0.588
0.195
-0.081
0.452
0.514
0.728
-0.553
0.109
-0.516
0.355
0.315
0.982
1.470
0.159
-0.667
-2.368
-1.773
0.426
-0.384
-1.073
-0.571
-0.467
0.112
-0.236
-2.061
0.015
0.069
-1.467
-0.508
-0.290
0.051
-0.268
-0.641
-0.449
-2.251
0.346
-0.808
-0.288
2.431
-0.525
2.118
-0.806
0.051
0.154
-0.795
0.413
0.070
0.070
0.006
2.057
0.330
1.040
0.209
0.235
0.279
0.032
0.151
-0.049
-0.850
0.045
-0.802
0.637
3.477
1.181
1.900
1.769
1.177
0.552
0.514
0.314
0.151
1.425
0.070
1.228
0.398
2.514
0.954
1.701
0.336
0.043
-0.235
-0.398
0.050
0.189
-0.427
-0.582
0.507
0.325
0.254
0.114
0.111
0.525
1.318
-0.955
0.357
0.169
0.098
0.748
0.043
0.142
-0.017
-0.103
0.056
0.133
0.282
-0.023
0.866
0.443
-0.028
0.278
1.703
0.774
1.266
0.735
1.736
0.711
3.140
1.819
0.808
-0.263
0.317
0.896
0.984
-0.402
-0.007
0.070
0.650
0.722
0.070
1.324
0.323
0.370
0.082
0.070
0.098
0.039
0.650
0.222
0.207
0.419
1.645
-0.070
0.175
1.252
-1.211
2.130
0.813
0.643
0.138
0.132
0.303
0.131
1.190
-0.686
-0.150
-0.396
0.175
0.078
-0.332
0.329
0.070
0.111
0.036
0.130
0.187
0.611
0.137
0.087
1.617
0.069
0.070
0.257
2.278
0.116
0.315
-0.319
1.303
0.594
0.316
2.231
0.237
0.730
0.401
0.073
0.413
2.060
0.150
2.024
0.331
2.061
1.825
1.655
0.671
-0.291
0.978
-0.107
0.382
1.142
0.062
-0.563
-0.337
-0.602
0.679
-1.970
-0.800
1.531
1.696
-1.829
1.976
-0.795
-0.482
-1.237
-0.523
-0.540
0.826
-0.225
-0.837
0.967
0.167
-0.107
0.073
-0.333
0.070
0.536
0.054
0.911
1.728
0.600
0.700
-0.096
-0.023
-1.618
1.336
0.831
-0.970
0.761
