0.002
-0.025
0.003
-0.203
-0.093
0.169
-0.631
-0.467
-0.526
-0.585
-0.473
-1.134
-0.664
-0.441
0.114
0.121
0.155
0.220
0.050
0.595
-0.082
1.255
0.662
-0.152
0.209
-0.232
-0.058
-0.194
-0.330
0.045
0.257
-0.386
0.284
-0.174
0.210
-3.168
-1.938
-2.460
-0.641
-1.576
-2.273
-3.972
0.327
0.112
-0.059
0.048
-0.435
0.112
-2.452
-1.589
-2.599
-1.841
-2.034
-3.201
-2.499
-1.524
-1.501
-0.013
-1.197
-3.622
-1.018
-1.132
-1.901
-2.422
-1.726
-2.720
-1.334
-0.328
0.203
-0.289
-1.532
0.103
0.021
-0.335
-0.108
-1.975
-0.053
0.759
-3.774
0.209
0.654
-1.194
-0.098
-0.410
0.506
-0.505
-1.083
-2.528
-0.612
-0.129
0.112
-0.728
-0.107
-0.434
-0.175
-0.205
-0.389
-0.147
-1.859
-0.969
-0.314
0.465
-0.139
-0.957
-0.247
0.487
-0.119
0.289
0.051
0.213
-0.086
-0.110
0.167
0.087
0.214
0.088
-0.047
0.177
-0.026
0.112
0.071
0.088
0.011
0.401
0.593
-1.672
-0.147
0.478
0.716
-0.188
-0.029
0.114
0.073
-0.127
0.394
-1.775
-0.675
-0.611
0.041
-0.082
-0.092
0.063
0.854
0.006
-0.019
0.065
-0.062
-1.035
-1.408
-1.882
-1.385
-0.024
-0.627
-1.862
-1.138
-3.035
-2.158
-3.162
-3.470
-0.784
-1.990
-1.752
-1.016
0.135
0.526
-0.051
-1.417
-1.257
-0.049
-0.115
-2.199
0.112
-0.335
0.139
-1.548
-2.533
-2.026
-0.506
-1.992
-0.798
0.176
-1.129
0.076
-1.214
-0.445
-0.193
0.190
0.833
-0.019
0.330
0.160
-1.347
0.759
-0.319
-0.122
0.112
-0.290
-0.244
-0.600
-0.165
-0.050
-0.287
0.303
0.069
-0.179
0.025
-2.748
-1.971
-1.037
-0.059
-0.312
0.052
0.686
-1.061
-0.582
0.311
-0.453
0.125
-2.428
-2.451
-1.251
-3.166
-0.914
-2.459
-1.349
-0.825
-1.088
-1.093
-1.190
-1.288
-0.780
-1.932
-1.693
-1.147
-2.736
0.356
0.496
-0.238
-0.007
-0.305
0.092
-1.481
-0.020
-0.409
-3.280
0.028
-0.653
0.120
-1.360
-1.588
0.326
-1.240
-0.060
-0.153
-1.534
-0.026
-2.106
0.206
-0.613
-1.355
-0.404
-0.585
-1.292
-0.862
1.804
0.017
0.499
-0.310
0.082
-1.129
0.164
-0.376
-0.017
-0.151
-0.851
0.112
-0.669
-0.216
-2.022
-0.121
-1.366
-0.545
-0.470
-1.254
-2.084
-0.047
-0.516
-0.235
0.076
-0.560
-2.176
0.765
-0.024
0.298
0.066
-0.002
-1.142
0.377
-2.639
0.251
0.006
0.243
-0.006
-0.467
0.111
-0.209
0.738
1.793
1.144
0.066
0.679
0.591
-0.370
-0.285
-1.475
-1.638
-1.012
-0.106
-0.244
-0.156
-0.246
0.001
0.003
-0.431
-0.193
-0.208
-0.294
-0.177
-0.130
-1.853
-1.578
-0.209
-0.060
-0.628
-0.307
-1.412
-0.306
-0.210
-0.007
-0.016
-0.492
-1.422
0.735
-0.932
-1.377
-0.130
-0.962
0.064
0.232
-2.950
-1.143
-0.932
-1.565
-1.200
-0.903
-0.102
-1.846
-1.640
-1.014
-0.715
-1.200
-0.089
-0.600
-0.311
-0.664
-0.828
-4.072
-0.012
-2.042
0.408
-2.045
-2.131
-1.006
-0.357
-1.548
-0.121
0.323
0.163
-0.610
-0.710
0.089
0.954
0.477
-0.758
-1.309
-0.429
-0.016
-0.009
-0.791
-1.637
0.210
0.194
-0.232
-0.488
-0.083
-0.553
-0.451
-1.336
-0.153
-1.372
-1.182
-0.058
-0.013
-2.547
-0.807
-2.131
-0.488
-2.466
-1.840
0.092
0.072
0.059
-0.577
0.206
-0.150
0.183
0.074
-1.061
-0.030
-1.275
-0.720
-0.715
0.138
-0.584
-0.676
-0.612
-0.172
-0.030
0.117
0.112
0.317
-0.054
0.438
-0.365
0.112
-2.480
-0.594
0.034
-0.161
1.396
0.958
0.003
0.089
0.526
-0.068
0.390
0.727
0.984
1.036
0.059
0.077
0.139
0.478
0.044
0.034
-0.069
-2.332
0.621
0.284
-2.006
0.302
-0.095
-1.770
0.367
-0.967
-0.435
0.040
-0.217
-0.051
-0.103
-0.940
0.116
-0.259
-3.516
-0.622
-2.144
-1.186
-1.076
-0.529
-0.757
-2.122
0.003
0.090
-0.359
0.351
-0.575
-1.410
-0.503
-1.426
-0.511
-2.839
-1.143
-0.254
-0.150
-0.342
-1.597
-0.144
-0.334
-0.666
-2.203
-0.593
-1.632
-0.091
0.074
-0.079
-0.536
-0.202
-0.023
0.462
-0.296
-0.484
-0.386
-0.293
-0.429
-0.350
-0.199
-0.148
-1.098
-0.135
-0.463
-2.337
-1.388
-0.527
-0.160
0.612
0.104
-0.456
-0.142
0.093
-0.147
-0.112
-0.164
0.030
-0.355
-0.946
-0.387
-0.581
-0.494
-0.824
-0.852
-3.006
-1.113
-1.170
0.083
-1.584
-0.298
-1.544
-0.110
-0.043
-0.071
0.043
-0.862
-0.426
-0.704
-0.230
-0.262
0.351
-0.071
-0.139
0.025
-0.216
-0.568
-0.394
-0.485
-0.623
0.469
0.058
-0.691
-0.251
-3.223
-0.924
-0.545
-0.326
-0.023
-1.084
-0.022
-1.676
0.093
-0.425
-0.011
0.069
0.089
0.217
-0.092
-0.059
0.109
-0.104
-0.093
-2.465
-1.207
-0.206
-0.202
-0.071
0.031
-0.501
-0.207
-0.513
-0.234
-0.435
-0.227
-0.932
-0.523
-0.141
-1.684
-0.911
-0.706
-1.684
-1.714
-0.710
-1.584
-0.467
-1.253
-1.198
-1.489
-4.057
-0.985
0.049
-1.605
-0.577
0.285
-0.720
-0.266
-0.050
0.055
-0.448
-1.265
-1.515
-0.259
-0.877
-0.988
-0.270
0.248
-0.148
0.474
0.981
0.229
-1.519
-0.306
-2.897
0.098
0.314
-0.854
-0.904
0.092
-0.109
0.230
0.639
-0.633
-0.057
-0.631
-0.864
-0.207
-0.078
0.041
0.000
0.732
-2.327
0.445
0.284
0.151
