-0.145
-0.141
-0.002
-0.201
-0.258
-0.087
-0.266
-0.043
-0.355
-0.265
-0.267
-0.412
-0.280
-0.043
0.052
-0.076
0.282
0.108
-0.289
-0.159
-0.684
0.308
0.333
-0.440
-0.093
-0.059
-0.011
-0.385
-0.516
-0.164
-0.311
0.048
-0.073
-0.226
-0.029
-2.427
-1.851
-1.955
-0.435
-1.416
-1.668
-3.178
-0.044
0.006
-0.193
-0.022
-0.201
-0.008
-1.904
-1.118
-2.237
-1.369
-2.068
-2.086
-1.672
-0.977
-0.758
-0.088
-0.512
-3.038
-0.828
-0.832
-0.952
-1.375
-1.142
-2.237
-1.510
-0.615
-0.086
-0.263
-0.822
0.148
0.327
-0.220
-0.094
-0.094
-0.094
0.754
-2.919
0.116
0.420
-0.779
-0.118
-0.274
0.329
-0.113
-1.142
-2.276
-0.465
-0.123
0.716
-0.497
-0.093
-0.415
-0.404
-0.048
-0.393
-0.041
-0.953
-0.555
-0.303
0.138
-0.011
-0.293
-0.219
-0.009
-0.041
2.050
-0.025
0.024
0.002
-0.276
0.048
0.043
0.099
0.083
-0.007
-0.091
-0.023
-0.071
0.067
0.219
-0.036
0.131
0.002
-1.067
0.283
1.340
0.603
-0.224
-0.052
0.119
-1.357
-0.317
0.745
-1.070
0.292
-1.059
0.760
-2.249
-2.095
-0.094
0.423
0.057
-0.194
0.210
-0.293
-0.719
-1.033
-3.378
-0.448
-0.084
-0.664
-1.751
-1.073
-2.937
-2.441
-2.110
-2.338
-0.207
-0.755
-1.967
-1.403
-0.094
0.192
-0.062
-0.882
-0.702
-0.284
-0.050
-0.992
0.316
-0.348
0.110
-0.974
-1.430
-1.484
-0.416
-0.653
-0.749
0.088
-1.296
0.025
-0.737
-0.744
-1.694
-0.380
0.048
0.077
0.001
-0.032
-0.039
-0.094
-0.094
0.200
-0.607
-0.448
-0.429
-0.251
-0.184
0.072
-0.203
0.830
-0.197
-0.343
-0.127
-2.218
-1.736
-0.816
-0.226
-0.190
-0.005
0.610
-0.418
-0.252
1.446
0.440
0.033
-1.879
-1.960
-1.022
-2.105
-0.247
-2.210
-1.370
-0.657
-0.945
-0.541
-1.456
-0.703
-0.655
-2.011
-1.390
-1.163
-3.644
0.083
0.664
-0.157
-0.061
-0.672
-0.236
-1.257
-0.366
-0.201
-2.293
-0.190
-0.633
-0.082
-1.075
-1.282
0.415
-0.697
-0.259
-0.036
-1.003
-0.267
-1.241
0.134
-0.140
-1.095
-0.571
-0.432
-0.987
-0.473
0.915
-0.106
0.173
-0.057
-0.393
-0.476
-0.009
-1.167
-0.093
0.288
-0.461
-0.094
0.031
-0.263
-0.389
-0.026
0.589
-0.510
-0.094
-0.942
-1.016
-0.080
-1.288
0.047
0.199
-0.447
-1.300
0.993
0.129
0.168
-0.033
-0.025
0.408
0.951
-1.949
0.323
-0.563
-0.354
-0.094
-1.523
-0.122
0.152
0.800
1.532
0.653
-0.203
-0.246
0.818
-0.792
-0.055
-1.035
-1.924
-0.547
0.442
-0.002
-0.150
-0.265
-0.141
-0.041
0.127
-0.400
-0.054
-0.437
-0.189
-0.079
-1.402
-0.974
-0.262
-0.350
-0.444
-0.288
-0.850
-0.278
-0.124
-0.035
0.138
-0.595
-1.298
0.535
-0.095
-0.722
0.431
-0.482
0.380
0.057
-2.845
-1.048
-0.747
-1.114
-1.047
-0.448
-0.199
-1.359
-1.919
-0.758
-1.315
-1.234
-0.095
-0.564
-0.644
-1.065
-0.098
-0.621
0.112
-2.008
0.279
-0.901
-0.770
-0.871
-0.418
-1.452
0.025
0.127
0.160
-0.104
-0.361
-0.109
1.786
1.004
0.246
-0.380
-0.211
0.372
-0.094
-0.314
0.467
0.785
0.015
-0.037
0.028
-0.053
-0.227
-0.559
-0.731
-0.095
-1.824
-1.679
0.055
-1.018
-1.967
-0.137
-0.451
0.482
-1.957
-1.837
-0.010
-0.278
-0.094
0.022
0.120
-0.276
-0.008
-0.274
-0.824
-0.642
-1.181
-0.401
-0.524
-0.188
-0.492
-0.140
-0.598
-0.087
-0.726
0.435
0.966
-0.301
0.131
-0.094
-0.270
-0.014
-1.220
-0.685
0.068
0.203
0.409
0.352
0.144
0.237
0.338
-0.115
0.581
0.502
1.198
0.663
-0.014
-0.363
0.049
0.298
0.048
-0.530
0.692
-1.673
0.692
0.170
-1.164
0.320
-0.013
-1.620
0.291
-1.211
-0.239
-0.279
-0.092
-0.340
-0.487
-0.384
0.200
-0.300
-1.427
-0.410
-2.264
-1.226
-0.132
-0.094
-0.982
-1.717
-0.017
0.051
0.404
-0.038
-0.398
-1.221
-0.429
-1.159
-0.473
-2.137
-0.955
-0.355
-0.357
-0.362
-0.602
-0.236
-0.360
-0.628
-1.278
-1.001
-1.254
-0.123
-0.036
0.130
-0.070
-0.228
-0.313
0.165
-0.321
-0.488
-0.204
0.135
-0.244
-0.504
-0.304
-0.297
-0.120
-0.420
-0.620
-1.859
-1.270
-0.195
0.199
0.270
0.227
-0.353
-0.478
-0.087
-0.285
-0.088
-0.070
0.102
-0.564
-0.427
-0.273
-0.801
-0.384
-0.503
-1.099
-2.898
-0.637
-0.865
-0.200
-0.545
-0.202
-0.757
-0.321
-0.363
-0.392
-0.204
-0.612
-0.508
-0.293
-0.527
-0.100
0.149
-0.355
0.025
-0.036
-0.385
-0.301
-0.135
-0.530
-0.517
-0.155
0.263
-0.533
0.230
-2.011
-1.060
-0.588
-4.380
-0.699
-0.716
0.029
-0.894
-0.094
-0.133
0.259
-0.297
0.707
0.361
-0.042
0.256
-0.038
-0.019
-0.004
-1.920
-1.255
0.128
-0.015
-0.587
-0.257
-0.276
-0.725
-1.158
-0.330
-0.486
-0.269
-0.752
-0.364
-0.261
-1.215
-0.628
-0.347
-0.377
-0.594
-0.005
-1.433
-0.338
-0.905
-0.768
-0.643
-3.148
-0.792
-0.023
-0.897
-0.665
0.108
-0.059
-0.407
0.987
0.298
-1.121
-0.907
-0.962
0.569
0.072
-0.609
-0.313
0.717
-0.093
0.456
0.597
-0.104
-1.197
0.276
-1.241
0.273
0.476
-0.636
-1.010
0.057
0.013
0.088
0.611
-0.935
-0.009
-0.720
-0.891
-0.219
-0.188
0.051
0.261
1.087
-1.702
0.043
0.339
0.082
