-0.260
-0.013
-0.039
0.080
0.011
0.006
0.023
-0.356
-0.493
-0.245
-1.247
-1.675
-0.317
-0.450
0.614
0.078
0.119
0.250
-0.002
0.380
-0.744
1.642
0.221
-0.182
-0.098
0.078
-0.220
-0.520
-0.273
0.129
0.041
0.001
0.657
0.169
0.610
-2.569
-2.030
-2.378
-0.447
-3.086
-2.334
-2.821
-0.017
0.416
-0.365
0.107
-0.344
-0.653
-2.535
-1.319
-2.858
-2.098
-2.539
-2.744
-1.958
-1.237
-1.099
-0.279
-0.971
-3.213
-1.316
-1.250
-1.351
-1.782
-1.380
-2.000
-1.592
-0.872
-0.017
-0.453
-0.947
0.350
-0.338
-0.156
-1.623
-1.435
-0.762
1.607
-3.289
0.026
0.877
-1.259
-1.735
-0.644
0.245
0.940
-0.975
-2.062
0.437
0.394
1.345
-0.796
-0.181
-0.914
-0.570
-0.037
0.007
0.177
-1.474
0.085
0.339
0.031
-0.240
-0.286
-0.346
0.182
-0.030
-0.035
0.217
0.256
0.022
-0.026
0.766
0.094
0.180
0.171
0.012
0.443
0.173
0.095
-0.046
0.042
0.252
0.121
0.462
-1.838
-0.501
0.602
-0.038
-0.273
-0.197
-0.072
-0.254
-0.962
1.103
-0.343
0.950
-0.471
1.100
-0.046
-0.150
1.306
0.771
-0.237
0.066
-0.291
-0.319
-1.158
-0.894
-2.625
-1.375
0.280
-0.978
-1.305
-1.753
-3.078
-2.738
-4.287
-2.409
-0.123
-0.382
-2.510
-1.721
-0.139
0.322
-0.131
-2.178
-0.806
-0.076
-1.049
-1.230
0.316
0.126
0.461
-0.649
-1.411
-2.014
-1.174
-1.833
-0.378
-0.002
-1.773
0.146
-0.533
-0.661
-0.653
-0.266
0.045
0.047
-0.184
0.094
-1.619
0.662
-2.947
-1.547
0.252
-0.927
-0.679
-0.137
-0.092
-2.046
-0.687
0.438
-0.075
-0.145
-0.394
-1.595
-2.082
-1.244
0.526
0.668
0.317
1.791
-0.285
-0.577
0.390
0.844
0.169
-4.956
-2.246
-1.379
-2.662
0.097
-1.907
-1.765
-1.066
-0.869
-0.685
-1.251
-0.918
-1.495
-1.517
-1.611
-1.289
-3.679
-0.033
1.595
-0.464
-0.101
-0.534
-0.021
-0.740
0.063
-0.079
-2.956
-0.396
-0.958
-0.141
-1.198
-2.573
0.468
-0.852
-0.558
-0.222
-2.212
-0.402
-2.138
0.086
0.289
-1.132
-0.766
-0.766
-0.912
-0.258
1.632
0.817
1.061
0.131
0.166
-0.024
0.380
-0.521
0.099
-0.043
-0.615
0.250
-1.214
-0.607
-0.622
-0.167
-0.190
-0.232
-1.615
-0.694
-0.762
-0.302
-0.413
-0.023
0.016
-0.134
-0.567
-0.178
-0.163
-0.095
0.222
0.585
0.728
-0.069
-2.167
0.160
0.135
-0.483
-0.168
-0.534
0.350
0.285
0.653
1.904
2.098
0.256
-0.394
1.492
-0.382
0.185
-0.739
-1.284
-0.577
0.617
0.082
0.048
-0.177
0.205
-0.075
-0.098
-0.578
0.085
-0.738
0.223
0.038
-2.314
-0.757
-0.346
0.056
-0.696
0.111
-1.004
-0.301
0.036
-0.099
0.305
-0.896
-0.783
1.212
-0.104
-0.189
0.263
-0.534
0.077
0.144
-3.469
-0.843
-1.093
-1.763
-1.395
-1.402
-0.538
-1.705
-2.181
-0.557
0.314
0.014
-0.118
-0.099
-1.197
-1.369
-0.799
-0.712
-0.060
-5.626
0.626
-1.047
-0.695
-0.741
-0.049
-1.246
-0.172
-0.066
0.238
-0.877
-0.305
-0.611
-0.021
0.166
-0.397
-0.189
-0.539
-0.245
-0.957
-0.434
-0.023
0.522
-0.295
-0.395
-0.266
-0.288
-2.012
0.067
-1.544
-0.118
-1.067
-2.122
-1.095
-0.845
-1.336
-1.332
-1.257
-0.582
-3.666
-2.682
0.023
-0.624
-0.096
-0.758
-1.001
-0.377
-0.136
-0.251
-1.393
-0.127
-1.042
-0.380
-0.204
-0.214
-0.208
-0.014
-1.076
-0.128
0.370
-0.457
0.324
0.032
0.220
0.108
-0.598
0.353
-1.225
-1.509
-0.411
0.191
1.142
0.708
0.027
0.927
1.347
-0.025
1.119
0.927
0.884
2.795
1.176
-0.012
0.576
0.629
0.045
-0.670
0.375
-1.096
0.094
0.230
-0.545
0.120
0.085
-0.057
0.492
-0.160
-0.140
0.099
0.727
0.015
0.197
-0.615
0.202
-0.330
-2.695
-1.179
-2.261
-0.085
-2.378
0.041
-1.668
-3.034
-0.339
0.212
-0.379
-0.384
-0.142
-1.726
-0.386
-2.165
-0.233
-2.045
-0.734
-1.527
-0.181
0.215
-0.729
-0.076
-0.247
-1.422
-2.142
-1.405
-2.049
-0.017
-0.032
0.034
0.101
-0.119
-0.066
0.610
-0.064
-0.305
-0.194
-0.224
0.201
-0.111
-0.304
-0.699
-0.006
-0.334
-0.119
-1.188
-0.613
-1.313
-0.639
0.541
0.008
-0.211
-0.708
0.080
-0.023
-0.381
-0.195
0.083
-0.464
-0.525
-0.226
-0.744
-0.821
-0.689
-1.629
-4.099
-1.297
-1.487
0.300
-0.319
-0.200
-1.395
-0.267
-0.184
1.016
0.172
-0.792
-0.193
-0.343
-0.955
-0.391
0.052
0.093
0.101
0.108
-0.567
-0.549
-0.358
-0.393
-0.634
0.085
-0.123
-0.918
0.182
-3.035
-1.363
-0.549
-0.076
-0.574
-0.346
-0.725
-1.042
-0.326
-0.042
0.163
-0.025
0.418
0.578
0.018
0.221
0.210
0.150
0.229
-1.271
-1.007
0.722
0.391
0.032
-0.236
-0.215
-0.446
0.478
-0.132
-0.370
0.276
-1.290
-1.110
-0.142
-1.908
-0.831
-0.297
-2.087
-2.166
0.126
-1.761
-0.042
-1.158
-1.020
-0.902
-2.147
-1.044
0.452
0.278
-0.687
0.117
0.187
-0.334
1.136
0.047
0.014
-0.076
-0.209
0.098
-0.884
-0.500
-0.672
1.426
0.320
0.521
0.996
0.878
0.059
0.117
-1.174
0.244
1.115
-1.186
-0.643
0.315
0.287
0.393
1.548
-0.217
-0.476
-0.440
-1.638
-1.370
-0.128
0.161
0.184
0.786
-1.761
0.375
0.404
-0.074
