0.277
-0.025
-0.117
0.363
0.095
0.122
0.315
0.562
0.378
0.240
0.257
0.710
0.562
-0.203
-1.884
-0.063
-0.187
-0.084
0.001
-0.057
0.643
-2.000
-1.104
0.071
0.095
-0.038
0.101
0.107
0.213
0.002
-0.033
0.057
-0.614
-0.072
-0.366
3.093
1.926
2.953
0.854
2.204
2.229
4.904
-0.069
0.068
0.227
-0.028
0.593
0.083
1.915
1.528
2.300
1.434
2.413
3.819
2.377
1.684
1.366
0.095
0.924
4.131
1.492
1.206
1.966
2.470
1.403
3.566
1.515
0.958
0.418
0.095
1.046
-0.289
-0.868
1.135
-0.092
0.017
0.095
-0.607
4.052
0.050
-0.199
1.348
0.101
0.119
-0.659
0.624
1.032
3.027
1.076
0.837
0.095
0.128
0.448
0.413
0.095
0.420
0.205
0.111
1.345
0.874
0.081
0.053
0.692
1.548
0.174
-0.554
0.043
0.073
-0.144
-0.344
0.098
0.285
-0.077
-0.106
-0.277
-0.146
0.082
-0.336
-0.069
-0.091
0.060
-0.215
-0.048
-0.175
-0.355
2.163
0.153
-0.652
-0.994
0.898
0.256
0.197
0.474
0.095
-1.515
1.413
0.240
0.728
0.122
1.463
0.095
0.095
-0.189
0.029
0.095
0.121
0.121
0.550
2.118
2.599
1.604
0.038
0.613
2.631
1.152
3.763
3.037
4.249
0.577
0.095
0.380
1.959
1.162
0.095
0.373
0.152
0.895
1.533
0.503
0.129
1.084
-0.196
0.094
-0.362
0.822
1.953
0.943
1.037
1.196
0.383
-0.233
2.760
-0.179
0.878
0.680
0.601
0.272
-1.152
-0.404
-0.171
-0.076
-0.144
0.066
0.013
0.095
-0.263
0.729
0.317
0.324
0.982
2.036
0.083
-2.027
0.248
0.231
0.053
2.428
3.025
0.989
0.234
0.095
0.602
0.011
0.321
0.410
-4.168
-0.746
-0.011
2.283
2.024
2.083
2.552
0.789
2.355
1.558
1.230
1.335
1.080
1.154
1.940
0.540
2.122
2.090
1.558
4.111
0.439
-0.679
1.104
0.142
1.822
0.891
1.666
-0.594
-0.658
3.698
0.045
1.124
-0.072
1.110
1.765
-0.129
1.635
0.068
0.056
1.493
0.847
1.497
0.095
0.256
1.775
1.753
0.533
1.148
0.709
-1.834
0.172
-0.369
0.144
-0.013
1.757
-0.337
1.685
0.063
-0.475
1.144
0.105
-0.022
1.440
0.095
-0.023
1.098
0.372
0.518
1.577
1.627
-0.184
0.095
1.701
0.104
0.134
3.065
-10.674
-0.213
-0.566
-0.101
-0.086
0.016
-1.614
2.420
-0.773
-0.083
0.276
0.233
1.586
0.499
-0.284
-1.749
-2.563
-1.226
0.029
-1.726
-0.694
1.186
-0.523
0.409
3.096
0.770
-0.168
-0.092
0.103
0.358
0.191
0.601
0.848
0.149
0.254
0.824
0.265
0.088
2.246
1.505
0.525
0.321
0.879
0.377
1.096
0.277
-0.120
-0.001
0.126
0.908
2.122
-0.801
0.392
1.778
0.038
0.467
-0.336
-0.158
3.600
2.083
1.262
2.004
2.002
0.724
0.611
1.332
3.354
0.804
0.095
0.491
0.026
0.523
0.318
0.354
0.135
2.773
0.004
2.565
-0.273
1.341
1.193
1.648
1.029
1.432
0.548
-0.054
0.095
0.386
0.346
-3.709
-11.610
-0.578
1.142
1.250
1.017
0.088
-0.014
0.649
0.095
-0.245
0.020
-0.381
0.276
0.863
1.075
0.095
0.661
-0.514
2.675
1.533
0.095
0.802
1.455
1.995
1.667
-0.183
3.216
2.955
0.082
1.344
-0.014
0.895
-0.049
0.280
0.160
0.484
0.911
0.095
1.448
0.626
0.732
0.284
-0.166
0.368
1.982
0.093
0.391
0.109
1.441
0.079
0.107
-0.145
0.299
0.095
1.708
1.851
0.095
-0.040
-1.085
-0.917
-0.120
-0.164
-0.602
-0.159
-1.356
-1.321
-0.720
-0.049
0.141
0.095
-0.882
-0.624
-0.200
0.095
-0.203
2.449
-0.394
-0.363
1.817
-1.029
-0.566
1.324
-0.200
1.087
0.187
0.280
0.311
0.303
0.482
0.280
0.095
0.298
2.153
0.687
2.069
0.531
0.931
0.664
1.852
2.855
0.195
-0.340
0.538
0.715
0.587
1.457
0.574
1.986
1.012
3.308
1.346
1.014
0.252
0.821
1.089
0.172
0.738
0.991
0.928
1.206
2.121
0.203
-0.178
0.583
0.095
1.022
0.220
-0.174
0.623
0.592
0.402
0.155
0.202
0.248
0.095
0.167
0.326
0.616
0.505
2.102
2.278
1.045
-0.121
-1.150
-0.614
0.526
0.286
0.206
0.414
0.201
0.114
-0.020
0.905
1.249
0.559
0.913
0.850
0.441
1.024
3.040
1.392
1.382
0.078
0.354
0.685
3.262
0.347
0.566
0.454
0.124
0.732
0.503
0.447
0.471
0.193
-0.028
0.409
0.090
0.112
0.723
0.670
0.119
0.578
0.478
-0.416
-0.713
1.291
-0.184
3.370
1.402
0.976
0.870
0.133
1.256
-0.038
2.818
0.105
0.257
-0.068
0.326
-0.695
-0.581
0.041
-0.009
-0.267
-0.234
-0.163
1.689
1.329
-0.159
-0.087
0.121
0.111
0.747
-0.038
0.081
0.255
0.389
0.296
0.696
1.100
0.302
1.703
1.095
1.002
1.680
0.632
0.514
0.686
0.465
1.621
1.139
1.051
2.890
1.253
-0.365
2.337
1.097
-0.505
0.287
0.577
0.046
-0.424
0.110
1.316
2.187
0.263
-0.201
1.270
0.640
-0.792
0.095
-1.002
-0.834
0.091
0.133
0.735
0.607
0.007
-0.329
0.577
1.200
-0.095
-0.033
-0.179
-0.769
0.860
0.038
0.259
0.948
1.045
0.342
-0.288
-0.066
-0.873
2.462
-0.709
-0.588
-0.565
