0.003
0.171
0.222
0.054
-0.075
0.382
-0.144
-0.067
-0.455
-0.354
-0.306
-0.649
-0.172
-0.079
0.713
0.070
0.496
0.161
0.057
0.452
-0.339
1.627
0.547
0.145
0.159
-0.111
-0.075
-0.103
-0.796
0.011
-0.083
0.051
0.094
0.139
-0.002
-2.800
-2.186
-2.911
-0.905
-1.455
-2.664
-3.977
0.123
0.150
-0.147
0.154
-0.056
0.013
-1.692
-1.800
-2.565
-1.755
-2.506
-3.339
-2.094
-1.159
-1.419
-0.101
-0.649
-3.606
-0.771
-1.011
-2.493
-2.633
-2.357
-3.617
-2.239
-0.880
0.112
-0.871
-0.817
0.242
0.509
-0.212
-1.467
-2.858
-1.482
0.686
-2.590
0.101
0.562
-1.132
-0.671
-0.587
0.082
-0.544
-0.981
-2.546
-0.123
-0.482
0.121
-0.332
-0.048
-0.726
-0.049
0.210
-0.029
0.081
-1.144
-1.048
0.077
0.156
0.009
-0.627
-0.155
0.286
0.072
0.072
0.072
0.670
-0.152
-0.021
0.331
0.072
0.253
0.227
0.072
0.179
0.072
0.253
0.072
0.072
0.330
0.653
0.281
-1.603
0.037
1.789
0.463
-0.282
0.071
0.490
-0.573
-0.312
0.256
-0.333
0.267
0.042
1.008
-0.173
-0.139
0.770
1.055
-0.095
-0.704
-0.296
-0.006
-0.984
-1.092
-2.430
-0.675
0.553
-0.513
-2.288
-1.205
-3.036
-2.716
-1.840
-2.324
0.165
-0.311
-2.158
-1.101
-0.688
0.009
0.072
-1.261
-1.308
-0.260
-0.339
-1.224
0.417
0.109
0.116
-1.040
-2.608
-2.229
-1.118
-0.966
-1.504
0.184
-2.024
0.165
-0.896
-0.661
0.037
0.156
0.456
0.298
0.202
0.127
-0.340
0.244
-1.588
-2.804
1.516
-0.335
-0.161
-0.201
-0.085
-0.231
-0.083
0.124
-0.062
-0.197
0.074
-3.026
-1.159
-0.640
-0.624
0.113
0.169
1.860
-0.528
-0.178
1.796
0.126
0.246
-2.423
-2.436
-1.173
-3.322
-0.155
-1.744
-1.107
-1.416
-0.858
-1.214
-1.571
-1.729
-0.166
-2.487
-1.739
-1.062
-2.292
0.044
1.412
-0.610
0.786
-0.547
-0.337
-0.291
0.197
-0.066
-3.956
-0.012
-0.519
0.362
-0.577
-1.489
0.008
-1.144
-0.585
-0.214
-1.974
0.086
-2.133
0.763
-0.236
-1.098
-0.653
-0.416
-0.647
-0.391
3.176
-0.417
0.179
-0.269
0.246
-0.705
0.100
-0.137
0.078
0.246
-0.378
-0.071
0.043
-0.183
-0.290
1.284
-0.097
-0.318
-1.048
-0.597
-1.031
0.067
-0.528
0.072
0.325
-0.242
-1.626
4.484
-0.053
0.393
0.064
0.526
0.242
0.933
-1.562
0.363
-0.113
0.125
-1.711
-0.170
-0.273
-0.395
1.264
1.953
1.247
0.164
3.465
1.362
-0.261
0.124
-1.000
-2.296
-0.967
-0.092
-0.073
0.052
0.045
0.001
-0.206
-0.203
0.240
-0.056
-0.321
-0.119
-0.091
-1.319
-1.135
-0.018
-0.213
-0.477
-0.227
-1.238
-0.276
-0.004
0.207
0.171
-0.511
-2.068
0.957
-0.131
-0.546
0.358
-0.146
0.546
0.116
-2.735
-1.828
-0.949
-1.613
-0.740
-1.020
-0.195
-1.802
-1.886
-0.907
-0.248
-0.339
0.087
-0.607
-0.747
-0.280
-0.110
-1.579
0.072
-1.689
0.202
-0.971
-2.286
-0.872
-0.855
-1.580
-1.026
0.249
0.278
-0.149
-0.122
1.662
1.912
1.707
-0.750
-0.286
0.750
1.063
-0.089
-0.894
-1.520
0.270
0.339
0.102
0.329
-0.392
-0.868
-0.281
-1.236
0.771
-2.741
-1.196
-1.167
0.174
-1.575
-0.504
0.203
0.208
-0.388
-1.721
-0.024
0.194
-0.048
-0.127
0.381
-0.069
0.379
-0.182
-1.185
0.084
-1.452
-0.460
-0.994
-0.128
-0.015
0.135
-1.147
-0.143
0.090
0.285
2.062
0.166
0.019
0.037
-0.074
1.875
-1.776
-0.742
-0.113
0.099
1.591
0.624
-0.063
0.490
0.564
0.486
0.986
0.848
0.692
1.905
0.436
0.062
0.886
0.622
0.183
-0.268
0.451
-1.925
0.694
0.325
-2.834
0.574
-0.337
-2.867
0.317
-1.450
-0.090
-0.099
-0.292
0.048
-0.279
-0.238
0.421
-0.089
-1.592
0.161
-1.637
-0.051
-0.610
-0.101
-0.731
-2.173
-0.054
0.344
0.005
0.364
0.302
-1.663
-0.292
-1.656
-0.813
-2.394
-1.679
-0.193
-0.365
-0.124
-0.925
-0.294
-0.148
-0.631
-2.318
-1.392
-1.580
0.116
0.141
0.185
-0.126
0.072
0.070
0.223
-0.254
-0.063
-0.198
-0.037
0.060
-0.065
-0.107
0.062
-0.335
0.077
-0.358
-1.111
-1.541
-0.092
0.104
0.797
0.440
-0.613
-0.891
0.050
-0.379
0.007
-0.124
-0.165
0.239
-1.003
-0.165
-0.674
-1.050
-0.439
-0.731
-3.350
-1.073
-0.918
0.463
-0.391
-0.264
-0.440
0.062
0.005
0.251
0.027
-1.041
-0.495
-0.276
-0.463
-0.454
0.092
-0.213
0.158
-0.055
-0.077
-0.074
0.043
-0.622
-0.149
-0.074
0.233
-0.757
0.124
-2.523
-1.443
-0.452
0.094
-0.154
-0.587
0.076
-1.030
0.046
-0.027
0.006
0.115
0.082
0.341
-0.118
0.171
0.171
-0.064
0.171
-1.678
-2.260
-0.468
-0.099
0.095
-0.018
-0.175
0.080
-0.082
-0.203
-0.149
-0.089
-0.691
-0.695
-0.031
-1.336
-0.866
-0.391
-0.470
-0.605
-0.003
-0.699
0.167
-1.362
-1.705
-0.973
-2.913
-0.773
0.055
-0.290
-0.696
0.721
0.046
-0.372
1.149
0.187
-0.566
-0.323
-1.020
0.174
-0.342
-1.163
-0.392
0.478
-0.127
0.990
0.504
0.195
-0.133
0.023
-1.550
0.107
0.277
-0.833
-0.640
0.072
0.143
0.418
0.600
-0.317
-0.121
-0.331
-0.660
-0.278
0.032
0.126
0.099
0.545
-1.928
0.441
-0.055
-0.076
