0.760
0.078
0.110
0.141
0.110
0.194
0.223
0.303
0.110
0.110
0.079
0.479
0.462
0.097
0.484
0.011
0.011
0.021
0.272
0.059
0.544
-2.868
0.338
0.460
0.104
0.189
0.110
0.110
0.012
0.310
-0.190
0.174
-0.350
0.487
-0.541
2.626
1.578
2.440
1.831
1.538
0.861
4.966
0.110
-0.200
0.023
0.110
0.110
0.080
3.658
1.802
2.609
2.056
1.871
1.954
3.133
1.828
1.350
0.110
1.005
3.266
0.811
2.009
1.253
2.010
1.020
2.004
1.578
0.553
0.480
-0.152
1.982
0.071
-0.529
0.251
0.253
0.278
0.361
-1.608
3.537
-0.082
-0.363
0.931
0.170
0.094
-0.044
-0.363
0.312
1.643
0.293
-0.030
0.070
0.256
0.151
0.110
0.346
0.079
0.081
0.331
1.562
0.817
0.006
0.144
0.279
0.300
0.133
0.015
0.039
0.040
0.174
-0.326
-0.382
0.135
0.038
-0.023
-0.249
0.033
0.048
-0.288
0.063
-0.071
0.022
0.026
0.110
-0.314
-0.228
-0.570
0.087
-1.738
-0.424
0.616
0.075
0.065
-0.167
0.608
-0.810
0.291
-0.060
0.496
-1.144
-0.270
0.040
-0.693
-0.900
0.300
0.035
0.200
0.211
0.110
0.247
2.293
0.817
0.509
0.910
0.669
1.729
2.639
1.985
3.430
2.394
-1.879
0.178
0.908
0.446
0.212
-0.029
0.235
0.110
0.046
0.311
0.110
2.901
-0.142
0.024
-0.218
0.247
0.442
0.163
0.085
1.178
1.026
0.083
1.465
0.110
0.110
0.467
1.031
0.889
1.713
-0.481
0.293
0.200
1.740
0.168
0.432
0.924
-0.506
1.335
0.803
0.244
0.111
0.449
0.292
-0.202
0.110
0.110
0.110
1.995
0.978
0.577
0.046
0.045
-0.326
-1.077
-0.108
0.487
-0.697
0.577
0.094
2.247
1.766
1.238
2.670
1.315
1.393
0.208
0.110
1.879
1.982
0.710
0.676
0.071
3.477
1.144
1.783
2.888
-0.149
-2.322
0.068
1.313
0.738
0.134
0.638
0.027
0.011
1.210
0.203
0.401
0.283
0.740
1.340
0.198
2.055
0.431
0.313
0.591
0.505
-0.325
0.273
0.229
1.925
2.340
0.014
1.754
1.428
-1.007
-0.225
0.000
1.091
0.043
0.525
0.079
0.512
0.138
0.165
0.376
-1.113
-0.801
0.011
0.638
-0.191
0.050
0.110
2.102
2.133
0.110
0.042
1.052
0.065
0.106
0.113
0.951
0.094
0.110
0.061
0.026
-0.749
0.064
-1.014
2.577
-0.096
0.019
0.353
-0.578
2.153
0.860
0.679
-1.783
-3.305
-2.511
0.657
0.082
-0.305
0.264
0.068
0.308
4.198
0.338
0.362
0.237
0.065
0.226
0.106
0.088
-0.144
0.174
0.110
0.874
-0.104
0.110
0.890
0.778
0.266
1.009
0.440
0.343
1.416
1.203
1.269
0.110
-0.274
0.133
0.676
0.020
0.058
-0.337
0.110
0.160
-0.342
0.110
2.562
2.464
1.196
1.322
1.556
0.651
0.134
0.620
2.090
1.132
0.279
0.116
0.110
0.338
0.246
1.349
-0.009
-0.500
0.121
1.888
-1.144
1.815
1.078
0.802
0.548
1.581
-0.257
1.272
0.637
0.087
-0.142
0.038
-0.542
-0.878
0.125
0.197
0.561
-0.187
-0.195
0.358
0.388
-0.423
0.386
-0.022
-0.234
0.280
1.314
0.147
1.375
-1.668
2.186
3.069
2.485
1.825
1.288
0.527
-0.068
-0.189
0.536
1.712
0.198
0.585
0.402
0.380
0.933
0.133
0.218
0.148
0.845
0.090
1.467
0.110
0.328
0.102
0.036
0.525
0.985
0.110
0.110
0.195
-0.404
0.110
-0.027
0.109
0.298
-1.080
0.806
1.412
0.110
0.043
-1.259
-0.823
0.055
-0.096
-0.368
0.558
-1.432
-1.266
-2.213
-0.949
-0.116
-0.267
-0.706
0.036
0.106
0.110
0.110
0.201
-0.152
0.009
2.837
-0.488
-0.246
-0.072
0.385
0.280
0.051
0.388
-0.134
0.014
0.202
0.684
-0.134
0.110
1.234
-0.486
0.624
0.183
0.627
0.153
0.991
1.197
0.440
0.029
0.110
0.671
0.191
2.095
0.418
1.302
0.939
1.068
0.086
0.744
0.110
0.327
0.197
0.110
0.110
1.178
0.659
0.374
1.233
0.230
0.110
0.112
0.110
0.118
0.034
-0.677
0.012
0.089
0.283
0.110
0.110
-0.162
0.248
0.926
0.067
0.110
0.120
0.973
1.400
0.345
0.008
-0.205
0.211
0.160
0.540
0.103
0.108
0.036
0.047
0.153
0.192
0.339
0.133
1.221
0.799
0.398
1.181
3.516
0.793
0.499
0.143
0.337
0.256
0.125
0.110
0.083
-0.132
0.025
0.853
-0.436
0.295
0.447
0.222
0.295
-0.310
0.110
0.093
0.483
0.149
0.777
0.110
0.120
0.187
-0.209
0.731
-0.089
1.605
0.137
0.687
0.568
-0.019
0.755
0.222
0.583
0.036
-0.019
-0.272
0.110
-0.716
-0.960
0.089
-0.222
-0.313
0.087
-0.064
1.582
0.491
0.133
0.377
0.233
0.365
0.106
0.060
-0.404
-0.100
0.288
0.180
0.110
0.110
0.098
1.254
0.415
0.663
0.578
0.670
0.071
0.922
0.110
0.123
0.514
0.179
2.132
1.883
0.714
0.298
0.296
-0.071
1.037
0.225
-0.392
-0.584
0.037
0.110
0.703
0.064
1.192
1.370
1.406
-0.968
-1.485
-0.288
0.096
-0.314
0.110
-1.137
0.816
0.341
-0.741
1.307
0.791
0.110
0.147
0.110
-0.676
0.086
0.164
0.110
0.636
0.453
0.088
0.034
0.153
-1.043
0.316
-0.228
1.395
0.096
