-0.369
0.047
0.077
0.184
-0.354
-0.085
-0.191
0.026
-0.092
-0.066
-0.086
-0.360
-0.167
-0.647
0.278
0.049
0.194
0.059
0.487
0.397
-0.129
1.024
0.516
-0.116
-0.040
-0.101
-0.011
0.001
0.112
-0.204
-0.059
-0.008
0.177
-0.029
0.157
-2.329
-1.768
-2.098
-0.647
-1.180
-0.694
-2.546
0.051
0.361
-0.206
0.198
-0.274
0.342
-2.164
-0.882
-2.031
-1.702
-1.835
-2.254
-1.509
-0.870
-1.628
-0.023
-0.824
-2.482
-0.939
-0.872
-1.179
-1.001
-1.714
-1.849
-1.470
-0.557
0.090
0.342
-0.712
-0.080
0.466
-0.121
0.087
0.072
0.051
1.041
-3.224
0.081
0.176
-0.897
-0.009
-0.063
0.900
-0.161
-0.738
-1.608
-0.259
-0.322
0.314
0.004
-0.156
-0.349
-0.603
-0.043
-0.108
-0.144
-1.131
-0.718
-0.023
0.160
-0.223
-0.209
0.009
0.267
-0.034
0.951
0.079
0.252
-0.049
-0.111
0.120
0.068
0.157
0.013
-0.044
0.018
0.025
0.047
0.160
0.064
0.062
0.140
0.242
-1.286
0.762
0.209
1.063
-0.558
-0.044
0.207
-0.841
-0.003
0.549
-0.539
-0.212
-0.874
0.062
-0.499
-0.904
0.283
0.810
0.003
0.079
0.051
0.015
-0.009
-1.755
-1.269
-0.181
0.540
-0.790
-1.733
-0.983
-2.731
-1.804
-0.591
-1.041
0.403
0.248
-1.688
-0.694
0.051
0.321
-0.246
-0.667
-0.735
-0.107
-0.561
-1.201
0.820
0.020
-0.433
0.051
-1.129
-0.696
-0.133
-0.365
-0.602
0.103
-1.763
0.207
-0.192
-0.201
-0.839
0.258
0.591
-0.131
0.243
-0.166
-0.098
0.310
0.064
0.051
-0.321
-0.198
-0.187
-0.411
-0.147
0.101
-0.084
0.383
-0.298
-0.255
0.040
-2.968
-2.496
-0.685
0.122
-0.192
0.104
0.808
-0.656
-0.508
1.998
-0.375
0.122
-2.718
-1.113
-1.595
-1.915
-0.481
-1.634
-0.694
-0.619
-0.317
-0.331
-0.741
-0.110
0.024
-1.424
-0.604
-1.773
-2.603
0.399
0.941
-0.344
-0.576
-0.664
0.060
-1.201
-0.208
-0.011
-2.871
0.074
-0.489
0.295
-1.365
-1.070
0.162
-0.629
-0.299
0.094
-0.738
-0.501
-1.037
0.391
0.437
-0.793
-0.315
0.075
-0.654
-1.198
1.358
-0.433
0.187
-0.292
0.096
-1.263
0.031
-0.539
-0.070
0.059
-1.031
-0.003
0.296
-0.046
0.144
0.505
0.403
-0.665
0.051
-0.478
-0.974
-0.054
-0.597
0.035
0.051
0.016
-1.584
0.132
0.160
0.194
0.064
0.018
-0.178
0.771
-2.624
0.759
-0.237
-1.440
-0.515
-1.552
0.207
-0.002
0.183
1.734
1.302
0.398
0.132
0.185
-0.333
-0.086
0.031
-0.512
0.170
0.241
0.223
-0.088
-0.072
0.071
-0.293
0.063
-0.322
0.191
-0.353
0.084
0.004
-0.971
-0.691
0.068
-0.120
-0.528
-0.365
-1.016
-0.212
-0.082
-0.062
-0.049
-0.245
-1.796
0.287
-0.397
-0.654
0.142
-0.270
0.217
0.268
-2.408
-0.687
-0.701
-0.983
-1.544
0.108
-0.003
-1.450
-1.346
-0.910
-1.410
-1.489
-0.086
-0.057
-0.176
0.010
-0.452
-1.216
0.160
-1.962
0.040
-1.259
-1.560
-0.857
-0.208
-1.022
0.290
0.038
0.200
-0.248
-0.336
-0.005
0.188
0.486
0.441
-0.428
-0.568
0.051
0.063
-0.543
-0.601
0.206
0.807
0.185
0.171
-0.952
-0.631
-0.905
-1.449
0.836
-1.873
-1.142
0.126
-0.145
-0.553
-0.253
0.182
-0.903
-1.200
-2.214
-0.037
-0.522
0.049
0.154
-0.015
-0.178
0.125
-0.070
-0.522
0.035
-0.423
-0.232
-0.875
0.317
-0.380
0.122
-0.962
0.075
-0.205
0.312
1.178
0.041
-0.050
0.241
-0.103
0.879
-0.634
-0.831
0.239
0.062
0.983
0.739
0.278
0.252
0.250
-0.046
0.560
0.784
0.933
1.222
-0.068
0.314
2.739
0.367
0.108
-0.397
0.022
-1.339
0.409
0.098
-0.804
0.734
0.051
-1.728
-0.048
-0.277
0.348
-0.217
-0.154
0.039
0.051
-0.163
0.577
-0.326
-1.847
0.051
-3.102
0.570
0.051
0.030
-0.770
-2.242
0.022
0.027
0.132
0.044
-0.220
-0.728
-0.232
-1.712
-0.611
-2.368
-0.755
-0.317
-0.082
-0.022
-0.896
-0.111
-0.527
-0.656
-0.938
-0.728
-1.457
-0.148
0.079
0.301
0.169
-0.280
-0.032
-0.038
-0.069
-0.412
-0.178
-0.186
-0.043
-0.197
-0.419
-0.149
-0.138
-0.067
-0.457
-1.254
-1.681
-0.376
-0.051
0.682
0.168
0.023
-0.720
-0.054
-0.519
0.061
0.067
0.058
-0.032
-0.724
-0.127
-0.912
-0.057
-0.400
-1.293
-2.416
-0.898
-0.644
-0.005
-0.578
0.251
-0.804
-0.411
-0.027
0.208
0.058
-0.729
-0.069
-0.543
0.038
-0.029
0.145
-0.128
-0.064
0.333
-0.241
-0.378
-0.218
-0.499
-0.317
0.015
0.739
-0.930
0.670
-2.549
-0.807
-0.168
0.284
0.013
-0.235
0.076
-1.319
0.082
0.065
0.122
-0.530
0.053
0.200
0.022
0.377
0.097
0.102
0.144
-0.660
-0.520
-0.026
0.136
0.044
0.141
0.003
-0.086
-0.094
0.143
-0.147
0.122
-1.050
-0.477
-0.128
-1.296
-0.753
-0.672
-1.525
-0.296
-0.349
-0.519
-0.179
-1.511
-0.390
-0.167
-2.728
-0.869
0.267
-1.003
-0.127
0.313
0.001
0.292
-0.307
1.195
0.025
-0.337
-1.421
0.595
0.065
-1.208
-0.865
1.156
-0.090
0.099
1.185
0.204
-0.380
0.891
-0.685
0.115
0.195
-0.016
-1.224
0.051
0.029
0.304
0.999
-0.434
0.033
-0.503
-0.995
-0.189
-0.285
0.057
0.162
1.262
-1.811
0.001
1.348
0.287
