0.020
-0.136
0.067
0.075
0.066
0.942
-0.092
0.075
-0.641
-0.442
-0.663
-0.439
-0.549
0.001
1.067
0.066
0.066
0.066
0.139
0.133
-0.634
0.923
1.416
0.066
0.066
-0.552
-0.463
-0.604
-0.701
0.066
0.148
0.074
0.080
0.091
0.047
-2.641
-2.560
-1.919
-0.650
-1.170
-1.639
-2.710
0.137
0.002
-0.400
0.224
-0.525
0.285
-1.487
-1.573
-2.049
-1.816
-2.485
-3.058
-1.854
-1.099
-1.769
-0.204
-1.078
-3.417
-0.679
-1.271
-1.659
-2.033
-1.303
-2.733
-1.324
-0.796
0.062
-0.332
-0.931
0.094
-0.585
-0.569
-0.929
-1.787
-0.350
0.294
-3.052
0.117
0.194
-0.775
-0.350
-0.308
-0.152
-0.952
-1.591
-2.819
-0.104
-0.185
0.518
-0.549
-0.093
-0.792
-0.728
-0.176
0.086
0.014
-1.093
-0.352
0.032
0.122
-0.081
0.406
-0.322
0.072
0.066
0.066
0.066
0.273
0.195
0.066
0.091
0.066
0.081
0.066
0.066
0.482
0.066
0.072
0.066
0.066
0.066
0.271
0.135
-1.461
0.727
1.032
0.386
0.329
0.070
-0.353
-0.397
-0.293
0.412
-0.440
-0.504
-0.350
1.661
-0.314
-0.382
1.769
1.994
0.066
-0.623
-0.441
0.014
-0.697
-1.265
-1.461
-0.937
-0.505
-0.748
-2.180
-1.383
-2.788
-2.414
-0.913
-0.525
-0.253
-0.503
-1.632
-1.174
-0.263
0.387
0.066
-1.703
-0.932
-0.096
-1.010
-1.737
-0.340
0.236
0.202
-0.812
-1.435
-1.426
-0.831
-0.748
-0.665
0.209
-1.505
0.071
-0.585
-0.853
-0.454
0.149
0.728
0.403
0.297
-0.009
-0.734
0.508
-0.379
-1.390
-0.504
-0.705
-0.719
-0.873
-0.201
-1.327
-0.547
0.070
0.066
0.066
-0.115
-2.616
-1.856
-0.886
-0.369
0.122
0.080
1.785
-0.065
-0.293
0.279
2.388
0.114
-2.623
-1.723
-1.243
-2.576
-0.233
-1.995
-1.651
-0.977
-0.914
-0.943
-1.290
-1.342
-1.192
-1.872
-1.671
-0.702
-2.900
-0.419
2.437
-1.017
0.080
-0.090
-0.161
-1.036
-0.103
0.348
-1.881
-0.144
-0.671
0.577
0.002
-1.579
0.321
-1.157
-0.511
0.275
-1.361
-0.455
-1.205
0.194
-0.175
-1.125
-0.700
-0.609
-0.992
-0.885
1.389
-0.493
0.289
0.176
-0.281
-0.765
0.100
-0.202
0.067
0.489
-0.695
-0.350
-1.137
-0.817
-1.252
-0.350
-0.136
-0.732
-0.980
-1.708
-1.259
0.086
-0.350
-0.410
0.253
-0.401
-1.997
3.253
0.066
1.065
0.066
0.137
0.314
-0.034
-2.730
-0.355
0.076
-0.299
-0.350
-1.267
-0.353
-0.414
0.628
0.717
0.477
-0.250
0.131
1.741
-0.582
0.468
-0.947
-1.857
-0.726
0.006
-0.344
-0.047
0.080
0.067
-0.351
-0.180
-0.331
0.138
-0.875
-0.178
0.066
-1.582
-0.955
0.310
-0.134
-0.671
-0.377
-1.231
-0.367
-0.478
0.066
0.186
-0.939
-1.474
0.702
-0.675
-0.557
0.012
-0.457
0.584
0.222
-2.847
-1.299
-1.103
-1.351
-1.528
-0.497
0.066
-1.542
-1.595
-1.129
-0.481
-0.473
0.067
-0.900
-0.933
-1.059
-0.485
-2.105
0.065
-1.793
0.140
-1.451
-1.091
-0.561
-0.458
-0.983
-0.239
0.353
-0.537
-0.011
-0.350
0.589
1.642
2.206
-0.303
-0.320
-0.866
0.169
-0.712
-0.948
-0.044
1.505
0.179
0.467
0.380
-0.102
-0.356
0.148
-1.120
-0.104
-2.195
-1.357
-0.748
-1.022
-2.244
-3.616
-2.433
-0.043
-1.346
-2.257
-0.255
-0.174
0.079
-0.895
-0.105
0.059
-0.386
-0.181
-0.809
0.699
-1.171
-0.557
-0.670
-0.085
-0.097
-0.350
-1.032
-0.403
-0.438
-0.096
0.525
0.066
0.066
0.081
-1.042
-0.269
-1.581
-0.886
-0.334
0.067
0.757
1.115
0.308
0.066
0.432
0.043
1.237
1.424
0.921
0.890
1.027
0.327
1.607
0.448
-0.200
-0.457
0.352
-0.906
0.847
0.300
-0.919
0.169
-0.184
-1.290
0.584
-0.913
-0.125
-0.125
-0.259
-0.025
-0.601
-0.972
0.405
-0.106
-1.503
-0.244
-2.836
-0.565
0.015
-0.479
-1.087
-1.769
-0.095
0.074
0.284
0.106
-0.227
-1.289
-0.829
-1.499
-0.744
-2.239
-1.306
-0.566
-0.462
-0.083
-1.088
-0.545
-0.568
-0.970
-1.869
-0.875
-1.697
0.259
0.066
0.046
-0.071
-0.230
0.069
0.508
-0.422
-0.584
-0.495
0.120
-0.278
0.613
0.078
-0.573
0.010
-0.678
-0.549
-2.137
-1.281
-0.845
0.119
0.574
0.170
-0.548
-0.353
0.064
-0.461
0.194
-0.589
0.153
-0.519
-0.971
-0.303
-0.871
-1.247
-1.061
-1.097
-2.496
-1.034
-1.159
0.885
-0.737
-0.078
-1.841
0.026
0.066
0.532
0.086
-0.387
-0.480
-0.478
-0.680
-0.521
-0.317
-0.429
0.075
0.148
-0.899
-0.527
-0.486
-0.747
-0.294
0.156
0.064
-0.892
0.089
-3.070
-1.369
-1.002
0.474
-0.850
-1.425
-0.686
-1.235
0.060
-0.081
-0.066
0.038
0.021
0.354
0.093
0.175
0.210
0.198
0.147
-1.409
-1.340
0.215
-0.304
-0.117
-0.221
0.285
-0.149
-0.845
-0.464
-0.611
0.312
-0.596
-0.545
-0.108
-1.577
-1.115
-0.131
-1.193
-1.322
-0.402
-1.419
-0.907
-0.885
-1.036
0.114
-3.576
-0.604
-0.475
0.308
-0.677
0.561
0.131
-0.340
1.538
0.531
-0.191
0.074
-1.332
-0.350
-0.010
-1.074
-0.483
1.035
-0.416
0.537
0.903
0.078
-1.137
-1.204
-0.595
0.482
0.244
-0.859
-0.639
0.066
0.154
0.228
0.462
-0.689
-0.570
-0.735
-1.221
-0.591
-0.560
0.216
1.582
4.605
-1.069
-0.304
-0.496
0.184
