-0.188
-0.112
-0.078
-0.135
-0.104
-0.280
-0.093
-0.104
0.692
0.528
0.326
0.355
0.029
0.200
-0.104
-0.147
-0.162
-0.312
-0.122
-0.073
0.387
-1.160
0.053
-0.599
-0.239
-0.338
0.017
-0.045
-0.031
-0.104
-0.032
-0.332
-0.015
-0.051
-0.048
3.174
1.956
2.351
0.762
2.917
2.959
3.735
0.029
-0.036
0.019
0.732
0.251
0.048
2.217
1.468
1.671
1.472
2.126
2.506
2.024
1.942
0.771
0.028
0.436
2.622
0.792
0.792
1.596
1.018
0.992
3.312
2.195
0.832
-0.094
0.515
2.072
-0.059
0.549
0.483
0.691
1.826
0.273
-1.271
3.038
-0.557
-0.784
1.679
-0.026
0.091
-0.206
0.106
1.015
3.095
0.574
0.391
-0.270
0.087
0.512
0.463
0.343
-0.260
-0.106
-0.056
1.302
0.890
0.253
0.236
0.854
0.228
0.201
-0.157
-0.230
-0.148
-0.165
-0.605
-0.059
-0.011
-0.921
-0.154
-0.127
-0.063
-0.122
-0.446
-0.098
-0.249
-0.170
-0.117
-0.120
0.072
-0.448
1.726
-0.403
-0.753
-0.830
-0.027
-0.033
-0.104
0.592
1.170
-1.759
1.232
0.753
0.157
-0.914
0.826
2.516
0.453
1.420
-0.047
-0.231
-0.006
0.212
0.468
0.301
1.141
1.090
0.149
0.964
1.412
1.470
3.470
3.966
3.274
3.972
0.407
1.445
1.471
0.615
0.190
-0.124
-0.092
1.503
0.767
0.486
2.231
1.118
-0.507
0.320
-0.026
0.771
1.268
2.372
0.375
2.001
0.445
-0.117
1.075
-0.085
0.536
0.730
0.151
-0.081
-0.843
-0.002
-0.118
-0.003
0.107
0.476
2.319
0.577
-0.315
0.675
0.172
0.236
-0.011
0.048
-0.061
-0.097
0.044
0.063
0.239
4.060
3.923
1.257
0.055
-0.353
0.134
-2.497
-0.399
0.273
-0.895
-0.727
-0.119
5.117
2.817
0.820
2.371
0.387
1.243
1.581
0.838
1.655
1.162
1.032
0.577
0.572
2.721
2.262
1.066
3.347
0.282
-1.427
-0.104
-0.104
0.100
1.238
1.085
-0.221
-0.201
2.332
0.217
0.702
0.155
1.849
1.192
-0.739
1.035
0.758
0.617
0.854
0.064
0.331
0.284
0.391
1.338
1.094
0.866
1.962
1.078
-1.052
-0.071
-0.509
-0.111
-0.033
0.193
-0.016
0.188
0.022
-0.104
1.039
0.119
2.195
0.091
1.324
0.639
-0.104
0.333
1.934
1.861
0.333
0.263
1.006
0.048
0.041
-0.082
2.325
-0.025
0.050
0.217
0.082
-0.130
0.116
-0.499
1.808
-0.146
0.052
1.509
0.957
0.591
1.320
1.956
-0.209
-1.350
-1.262
-0.063
-0.363
-1.417
0.399
1.271
1.450
1.311
0.170
0.259
0.114
0.778
-0.277
-0.142
-0.078
-0.218
0.048
-0.119
0.952
-0.329
-0.104
1.490
1.238
0.292
0.278
1.544
0.118
2.280
1.099
0.084
-0.073
-0.880
0.708
1.417
-0.342
0.680
0.268
-0.145
0.679
-0.096
-0.032
4.128
0.898
0.885
1.678
2.405
1.559
0.365
1.270
1.720
0.896
1.792
1.655
-0.022
0.037
0.543
-0.104
1.053
1.701
0.098
0.919
-0.506
0.669
0.851
0.561
-0.129
1.101
0.515
-0.298
-0.001
0.281
0.332
-0.353
-0.328
-0.866
0.168
-0.070
-0.104
-0.110
0.312
0.231
-0.083
-0.098
0.118
0.081
-0.167
0.443
3.060
-0.057
1.101
0.371
0.763
1.236
0.787
0.528
0.948
1.675
0.649
1.373
2.607
0.782
-0.214
0.781
0.343
0.831
0.099
0.582
-0.106
0.662
1.675
-0.027
1.845
0.261
0.678
-0.117
0.327
0.593
0.220
0.938
0.045
0.165
-0.375
-0.362
-0.021
-0.655
-0.080
-0.172
1.152
1.485
0.250
-0.362
-0.954
-0.316
-0.198
-0.434
-0.352
-0.626
-1.085
-0.287
-0.217
-2.328
-0.042
0.312
-0.521
-0.411
-0.011
0.261
-0.435
1.641
-0.099
-0.163
-0.144
-1.439
0.486
-0.115
-1.155
1.660
0.500
0.499
0.528
-0.238
0.044
0.167
-0.664
0.226
1.134
0.227
4.327
0.752
1.045
0.427
0.087
0.740
-0.118
-0.125
-0.088
0.608
0.215
2.966
1.239
1.739
0.281
1.979
0.532
0.807
0.153
0.183
1.179
0.140
0.410
1.039
1.572
0.446
2.123
-0.084
-0.144
0.101
-0.112
0.135
0.218
-0.048
0.727
0.127
0.187
0.612
0.862
0.063
0.271
0.639
-0.006
0.505
-0.012
2.369
0.274
3.146
1.704
-0.322
-0.015
0.035
0.290
-0.098
-0.081
-0.111
-0.052
-0.180
1.081
0.588
-0.116
1.026
1.934
0.315
1.773
3.028
0.213
3.061
-0.345
0.050
-0.045
0.472
0.376
1.702
0.071
0.484
1.158
1.972
-0.038
1.859
0.226
0.005
-0.095
-0.055
-0.111
0.019
-0.026
-0.062
0.100
0.539
-0.575
-0.118
0.391
-0.122
3.477
1.121
1.006
0.287
0.270
0.615
0.010
-0.104
0.288
0.217
-0.170
-0.174
0.069
0.201
0.054
-0.260
-0.180
0.084
-0.056
1.432
0.872
-0.111
0.235
0.616
-0.288
0.147
0.097
-1.352
-0.256
0.853
-0.044
0.348
0.790
-0.066
1.947
0.639
0.211
1.340
2.269
-0.120
1.049
0.075
1.317
0.609
0.972
1.874
1.362
-1.731
0.248
0.650
-0.447
-0.356
0.045
-0.462
-0.103
-0.002
-0.282
-0.034
-0.272
0.058
0.893
0.612
-0.484
0.025
-0.623
-1.121
-0.905
1.110
-0.580
0.097
-0.156
-0.104
0.020
0.224
-0.351
-0.288
-0.490
-0.007
0.538
-0.159
1.459
1.237
0.434
0.260
0.042
0.296
-0.282
0.502
0.698
-1.904
0.321
