-0.001
-0.471
-0.201
-1.403
-0.067
-0.065
-0.065
-0.167
-0.266
-1.206
-0.137
-0.595
-0.474
-0.285
-0.326
0.050
0.101
-0.001
-0.480
-0.202
-0.220
0.627
0.419
-0.147
-0.148
-0.230
-0.292
-0.343
-0.304
-0.055
-0.157
-0.201
-0.021
0.063
-0.108
-2.090
-1.633
-2.300
-0.442
-1.629
-2.600
-3.051
0.066
-0.111
-0.180
-0.153
-0.382
-0.300
-2.577
-2.004
-1.998
-1.601
-2.881
-2.148
-1.845
-1.040
-1.658
-0.225
-0.580
-1.390
-0.704
-1.100
-1.156
-1.306
-1.649
-1.307
-1.427
-0.318
-0.095
0.437
-1.146
0.233
-0.242
-0.469
-0.861
-1.728
-0.380
0.119
-2.302
0.116
0.506
-0.542
-1.112
-0.242
0.016
0.143
-0.834
-2.025
-0.464
0.846
0.041
-0.241
-0.235
-0.533
-0.342
-0.001
-0.166
0.077
-1.995
-1.631
-0.681
-0.293
-0.092
-0.545
-0.196
0.575
-0.038
-0.055
-0.061
0.191
-0.105
-0.027
0.532
-0.025
0.057
0.033
-0.024
0.177
-0.038
0.148
-0.043
-0.037
0.039
0.215
0.122
-0.590
0.135
0.700
0.601
-0.136
0.114
0.214
-0.381
-0.338
0.853
-0.791
0.201
-0.285
1.193
-0.061
-0.445
1.095
0.405
-0.171
-0.189
-0.369
-0.076
-0.739
-0.346
-2.299
-1.067
-0.487
-0.751
-2.259
-2.363
-2.678
-2.089
-2.382
-3.145
-0.082
-1.165
-1.924
-2.282
-0.321
0.040
-0.075
-1.034
-0.800
-0.277
-0.522
-0.438
0.032
0.167
0.421
-0.722
-0.902
-1.851
-0.123
-1.468
-0.702
0.007
-0.817
-0.091
-0.774
-0.880
-0.704
-0.460
0.162
-0.082
-0.074
-0.150
-0.888
-0.339
-2.749
-1.944
0.027
-0.831
-0.946
-0.091
-0.036
-0.188
-0.030
-0.068
-0.475
-0.527
-0.352
-2.591
-1.784
-0.941
-0.092
0.398
0.270
1.609
-0.592
-0.624
1.339
0.437
-0.100
-2.079
-2.419
-1.491
-2.373
-0.382
-1.497
-1.027
-1.026
-0.629
-0.598
-1.602
-1.161
-1.319
-2.198
-0.826
-0.962
-2.884
-0.003
0.206
-1.487
-0.133
-1.063
-0.423
-0.609
0.224
-0.044
-1.313
0.259
-0.923
-0.048
-1.013
-0.792
0.124
-0.949
-0.287
-0.631
-1.424
-0.442
-0.681
-0.025
-0.080
-1.041
-0.430
-0.649
-0.641
-0.370
2.210
-0.303
0.142
-0.241
0.349
-0.271
0.248
-0.986
0.010
0.047
-0.828
0.530
-0.741
-0.311
-0.560
-0.889
0.191
-0.361
-1.053
-0.483
-0.546
-0.165
-0.395
0.125
-0.249
-0.285
-1.832
0.093
-0.033
-0.136
-0.181
0.534
-0.750
0.228
-2.417
0.709
0.079
-0.797
-0.526
-0.849
-0.051
-0.222
0.532
1.125
0.044
-0.124
-0.072
0.578
-0.870
0.380
-0.964
-2.511
-0.839
-0.705
0.329
-0.126
-0.111
-0.153
-0.320
-0.225
-1.066
-0.279
-0.575
-0.219
-0.117
-1.162
-1.182
-0.409
-0.438
-0.703
-0.285
-1.053
-0.345
-0.696
-0.005
0.272
-0.128
-0.854
0.722
-0.416
-0.214
-0.184
-0.536
0.009
0.117
-2.160
-2.275
-1.294
-1.806
-1.339
-0.540
-0.062
-1.326
-1.986
-0.600
0.489
0.627
-0.065
-0.734
-0.533
-0.441
-0.805
-2.069
-0.058
-1.611
0.696
-2.100
-1.581
-1.060
-0.225
-2.212
-0.355
-0.032
-0.241
-0.639
-0.466
-0.763
-0.519
0.701
-0.333
-0.244
-0.062
-0.118
-0.532
-1.057
-1.176
0.195
-0.182
-0.150
-0.030
0.058
-0.897
-0.225
-0.668
0.357
-0.633
-1.719
-1.037
-0.911
-1.150
-0.288
-0.332
-0.503
-1.594
-2.225
-0.292
-1.004
-0.163
-0.352
-0.502
-0.685
-0.171
-0.133
-0.778
-0.037
-0.971
-0.373
-0.736
-0.041
-0.731
-0.619
-0.462
0.157
-0.169
-0.082
0.084
-0.043
-0.301
0.284
-0.579
0.121
-1.776
-0.967
-0.049
0.177
1.680
0.359
-0.012
0.004
0.340
0.322
0.360
0.354
0.795
1.209
-0.141
-0.189
0.296
0.261
-0.251
-0.306
0.316
-1.102
0.847
0.367
-0.810
0.989
-0.223
0.527
-0.006
-1.133
-0.185
-0.143
-0.112
-0.179
-0.279
-0.439
0.076
-0.065
-1.109
-0.008
-2.189
-0.349
-0.882
-0.334
-0.083
-0.386
-0.004
0.174
0.075
0.335
-0.290
-1.729
-0.476
-1.332
-0.309
-2.218
-0.389
-0.556
-0.294
-0.647
-0.576
-0.277
-0.131
-0.588
-1.212
-0.528
-1.693
-0.209
-0.031
-0.374
-0.126
-0.156
-0.172
0.113
-0.453
-0.243
-0.117
-0.045
-0.162
-0.196
-0.072
-0.259
-0.220
-0.448
-0.375
-2.068
-1.091
-0.321
-0.074
0.525
0.308
-0.688
-0.339
-0.314
-0.410
-0.065
-0.039
-0.098
-0.286
-0.602
-0.178
-0.427
-0.251
-0.788
-0.893
-2.437
-0.292
-0.743
-0.165
-0.214
-0.371
-0.890
-0.309
0.059
0.540
-0.088
-0.488
-0.214
-0.432
-0.885
-0.121
-0.132
-0.108
0.027
-0.189
-0.397
-0.266
-0.221
-0.503
-0.737
-0.084
0.209
-0.723
0.006
-2.149
-0.322
-0.756
-0.234
0.120
-1.128
0.021
-1.467
-0.107
-0.291
-0.172
-0.060
-0.080
0.621
-0.315
-0.175
-0.162
-0.374
-0.006
-1.228
0.560
0.402
0.039
-0.620
-0.096
-0.239
-0.216
0.301
-0.056
-0.289
-0.227
-0.308
-0.141
-0.101
-1.093
-0.453
-0.487
-1.304
-0.970
-0.333
-1.034
-0.376
-1.035
-0.477
-0.239
-1.845
-1.093
-0.251
-1.903
-0.828
0.124
-0.140
-0.333
-0.027
-0.107
-0.127
-0.822
-0.835
-0.023
-0.545
-0.843
-0.034
0.371
-0.156
-0.068
0.110
0.625
-0.281
0.892
-0.367
0.027
0.789
-0.714
-1.354
-0.071
-0.084
-0.045
0.574
-0.155
-0.110
-0.982
-0.917
-0.495
-0.086
-0.035
-0.263
0.250
-1.829
0.186
-0.734
-0.032
