0.719
0.049
0.057
-0.447
0.033
0.013
-0.517
-0.826
-2.529
-0.830
-0.333
-0.744
-0.589
-0.154
-0.215
0.071
0.219
0.202
-0.585
-1.130
-0.446
0.827
-0.559
-0.296
-0.054
-0.155
-0.323
-0.388
-0.384
0.024
-0.050
0.144
0.113
0.417
0.198
-2.766
-2.135
-3.631
-0.766
-3.063
-2.285
-2.619
-0.102
0.526
-0.392
0.237
-1.160
-0.493
-2.224
-3.459
-3.058
-1.929
-3.043
-3.080
-3.623
-1.972
-2.422
-0.692
-1.228
-3.334
-1.384
-2.300
-1.801
-1.952
-1.372
-2.260
-1.894
-0.617
0.016
-0.540
-2.313
0.490
-0.700
-0.582
-1.667
-2.237
-0.622
0.650
-2.884
0.027
0.309
-2.835
-1.270
-0.598
-0.559
-0.917
-1.181
-2.719
-0.261
-0.826
-0.021
-0.337
0.057
-1.718
-0.001
-0.005
0.131
0.024
-2.696
-1.545
0.040
-0.006
0.006
-0.418
-0.256
0.511
-0.028
0.007
0.041
0.819
-0.511
0.023
0.238
0.138
0.138
0.138
0.013
-0.036
0.040
0.057
-0.003
0.029
0.041
0.196
0.219
-1.251
-0.110
0.575
0.112
0.043
0.041
-0.174
0.430
-0.416
-0.049
-0.201
0.752
0.039
1.290
0.020
-0.071
0.847
0.918
0.018
-0.008
-0.977
-0.178
-0.276
-0.803
-2.555
-0.814
-0.615
-1.595
-2.923
-2.564
-3.306
-3.112
-3.530
-3.057
-1.287
-1.273
-2.174
-2.601
-1.524
0.296
-0.044
-1.712
-1.708
-0.620
-1.128
-1.052
0.310
0.030
0.544
-0.684
-2.380
-1.603
-1.235
-2.151
-1.274
0.365
-2.457
0.069
-0.555
-0.786
0.025
-0.147
-0.086
0.067
0.197
0.087
-1.464
0.247
-2.359
-1.509
0.982
-1.495
-1.689
-0.691
-0.387
-0.359
-0.092
0.047
-0.011
0.017
-0.161
-2.321
-2.039
-1.050
0.070
0.422
-1.969
1.640
0.083
-0.526
-1.026
-0.105
0.070
-1.103
-2.318
-2.714
-2.957
-0.525
-2.988
-2.908
-1.190
-1.806
-2.186
-1.557
-1.216
-0.428
-1.996
-1.088
-2.993
-3.825
-0.041
1.270
-1.384
-0.008
-1.379
-0.994
-0.395
0.214
0.689
-1.182
-0.247
-1.505
-0.865
-0.706
-0.927
0.235
-0.625
-1.147
-0.464
-1.618
-1.162
-1.364
0.361
-0.364
-1.591
-1.153
-1.304
-0.512
-0.743
1.892
-0.596
0.975
0.089
-0.172
-0.856
0.322
2.088
0.044
0.228
-0.892
-0.863
-1.541
-0.221
-0.253
0.374
-0.247
-0.572
-2.077
-2.342
-0.747
0.045
0.371
-0.168
-0.239
-0.055
-1.523
0.084
0.056
0.409
0.244
0.334
-0.312
-0.069
-0.731
0.544
0.194
-1.457
-1.477
-2.632
0.195
0.332
0.644
1.702
0.817
0.394
-1.528
0.118
-0.945
-0.209
-0.602
-1.315
-1.146
-0.222
-0.130
0.092
0.028
0.035
-0.555
-0.446
-1.215
-0.023
-1.012
0.066
-0.181
-2.370
-0.644
-0.066
-0.273
-1.857
-0.767
-2.483
-0.889
-0.895
0.057
-0.798
-0.826
-1.093
0.281
-1.750
-1.893
0.016
-2.276
0.294
0.213
-2.545
-1.982
-2.414
-2.397
-2.362
-1.398
-0.123
-2.453
-2.028
-1.483
-0.193
0.060
0.056
-0.260
-0.666
-0.752
-0.948
-0.773
-0.695
-2.686
-0.032
-0.440
-0.630
-2.480
-0.614
-1.432
-0.234
-0.141
-0.155
-0.502
-0.861
-0.331
-0.114
0.885
0.174
0.092
0.019
-0.055
-2.327
-1.291
-0.151
0.415
0.409
-0.366
-0.191
0.292
-0.776
-0.079
-0.732
-0.490
-2.495
-1.381
-0.929
-1.271
-0.248
-1.447
-1.029
-0.492
-2.013
-4.098
0.394
-0.094
-0.035
-0.259
-0.446
-0.405
-0.069
-0.679
-1.788
0.167
-1.514
-0.581
-1.183
-0.106
-0.181
-1.196
-0.469
-0.024
0.056
0.057
0.637
-0.169
-0.027
-0.530
-0.442
0.160
-1.335
-0.779
-0.161
-0.577
0.526
0.909
-0.222
0.121
0.558
0.210
0.622
0.424
0.617
1.600
1.228
0.075
0.425
0.943
0.254
-0.378
0.144
-0.668
0.671
0.354
-0.905
0.276
0.007
-0.524
1.176
-1.113
-0.002
0.068
-0.050
-0.417
-0.816
0.030
0.121
-0.253
-1.585
0.341
-1.560
-0.725
-0.714
-0.284
0.554
-0.386
-0.104
0.009
-0.076
0.321
-0.665
-2.139
-0.316
-3.755
-1.448
-2.112
-0.875
-2.127
-0.352
-0.894
-1.340
-1.252
-1.999
-1.815
-2.534
-1.294
-2.720
0.138
0.032
-0.067
-0.372
0.015
0.057
0.356
-0.302
-1.142
-0.585
-0.031
-0.416
0.239
-1.014
-0.624
-0.800
-0.879
-1.232
-2.576
-1.318
-1.769
-0.417
0.037
-0.091
-0.766
-0.830
-0.017
0.183
0.057
0.057
-0.085
-0.014
-0.898
-0.065
-1.866
-1.491
-1.766
-1.856
-3.019
-3.369
-3.125
-0.616
-1.344
-0.489
-0.449
0.045
0.093
-0.048
-0.339
-0.805
-0.713
-1.250
-0.816
-0.774
-0.495
-0.699
0.057
-0.137
-1.593
-1.148
-0.972
-1.615
-1.937
0.057
0.252
-0.875
0.098
-1.343
-1.648
-1.455
0.420
-0.001
0.420
-0.306
-1.070
-0.074
-0.533
-0.251
-0.400
-1.535
0.304
-0.010
0.045
0.023
0.057
0.065
-0.584
-0.469
0.535
0.205
-0.015
-0.020
0.161
-0.114
0.664
0.005
-1.291
0.018
-1.734
-1.924
-0.584
-2.951
-1.005
-0.546
-3.078
-2.938
-1.388
-2.147
-0.937
-1.823
-1.214
-1.165
-1.536
-0.919
-0.385
-0.045
-1.207
0.291
0.414
-0.504
0.516
0.220
0.104
0.161
-3.212
2.417
-1.171
-0.722
-0.346
0.595
-1.699
1.611
0.855
1.185
-0.657
-0.545
-1.144
0.057
0.293
-1.067
-2.460
0.043
0.056
0.091
0.656
-1.354
-1.571
-2.317
-1.415
-0.769
-0.628
0.091
0.051
0.441
-2.165
0.106
0.696
-0.420
