-0.103
-0.085
0.093
0.027
0.029
0.061
0.436
-0.005
0.148
0.151
0.050
0.038
0.449
0.280
1.032
-0.079
-0.295
-0.093
-0.518
-0.260
0.355
-0.712
0.267
0.065
0.049
-0.047
-0.062
0.037
0.373
-0.021
0.280
0.037
0.129
0.211
-0.068
2.640
2.502
3.514
0.788
2.324
2.190
4.198
0.009
0.008
0.037
-0.006
0.177
0.035
2.122
1.832
1.974
2.064
2.617
3.365
2.892
2.071
1.505
0.016
0.381
3.501
1.117
1.139
2.271
1.985
0.510
2.827
1.652
0.581
0.160
0.649
0.689
-0.098
-0.352
0.152
0.024
0.706
-0.113
-0.847
2.975
0.126
-1.516
1.286
0.592
0.042
-0.576
-0.866
0.230
2.719
0.785
-0.498
0.130
0.024
0.059
0.404
0.095
-0.002
0.001
-0.125
0.498
0.641
-0.004
0.008
0.750
0.244
0.131
0.037
0.099
0.204
0.085
-0.100
0.067
0.292
-0.012
0.089
-0.005
-0.123
0.176
-0.183
0.217
-0.003
0.212
0.059
0.031
-0.377
-0.159
1.781
0.525
-0.229
-0.164
0.257
0.045
-0.197
-0.010
1.114
-0.330
-0.365
-0.506
0.808
-1.758
0.123
0.620
-1.699
-1.281
-0.073
0.182
0.037
0.189
0.024
0.197
1.703
0.676
0.282
0.775
2.368
0.599
4.383
2.437
2.251
2.010
-0.168
0.958
3.763
1.158
0.186
-0.008
-0.017
0.989
0.707
0.530
0.885
2.814
-0.318
-0.652
-0.034
0.836
2.386
1.832
0.769
0.993
1.627
-0.209
2.313
0.112
0.854
0.531
0.369
0.345
-0.007
-0.023
0.001
0.033
-0.057
0.037
-0.071
-0.151
-0.400
0.357
0.108
0.636
0.313
0.077
0.039
0.173
0.037
0.028
0.044
2.809
3.047
1.593
0.350
0.909
0.152
-0.329
0.438
0.358
-1.823
0.338
-0.064
3.583
2.775
2.076
3.737
0.177
1.312
2.191
0.313
1.004
0.295
2.015
0.504
1.442
2.015
2.157
2.109
3.968
-0.077
-0.606
0.979
0.068
0.197
0.254
1.225
0.044
0.047
1.993
0.119
0.376
0.346
1.641
1.890
-0.087
0.690
0.391
0.681
1.167
0.291
2.069
-0.493
-0.537
1.846
1.162
0.211
-0.126
0.575
-1.718
0.650
-0.170
-0.566
-0.039
0.846
-0.254
0.614
0.055
-0.091
2.026
0.037
-0.129
0.363
-0.175
1.001
-0.694
0.506
0.653
0.999
1.175
0.037
-0.071
-0.000
0.037
-0.090
2.495
0.037
0.064
-0.263
-0.012
-0.025
0.062
-1.039
3.291
-0.480
-0.264
0.606
0.013
0.830
-0.005
0.036
-0.442
-1.339
-0.262
0.892
0.052
-0.879
1.009
0.303
1.469
1.121
0.465
-0.370
0.135
-0.070
0.208
0.103
0.674
0.187
0.473
-0.346
0.420
-0.026
0.005
1.497
0.804
0.354
-0.100
0.477
0.307
1.160
0.520
0.500
-0.017
0.011
0.682
1.752
-0.007
0.271
1.304
-0.288
0.658
0.065
-0.059
3.388
2.218
0.140
1.602
1.632
0.338
0.260
1.728
2.928
1.269
0.471
0.095
0.044
-0.003
0.042
0.410
0.652
3.363
-0.078
1.494
0.007
0.268
0.254
1.071
0.341
1.613
0.407
0.182
0.531
-0.367
-0.430
-0.394
-1.311
-1.667
0.540
0.651
0.134
0.034
0.037
1.454
0.870
-0.722
0.220
0.049
0.406
-0.467
0.898
0.894
0.677
0.072
2.499
1.240
-1.399
0.463
0.889
-1.159
0.891
-0.203
2.093
3.007
0.060
0.037
-0.061
0.904
0.020
0.381
0.144
0.356
1.317
0.704
2.084
0.554
1.302
0.082
0.385
0.029
0.096
0.246
0.057
0.332
-1.010
0.415
-0.085
-0.100
0.179
0.037
0.983
0.983
-0.030
-0.240
-0.034
-0.806
-0.293
-0.027
-0.406
0.033
-0.957
-0.739
-0.174
-0.583
-0.954
0.030
-0.532
-0.284
-0.055
0.037
-0.346
0.530
-0.151
0.055
0.728
-0.677
0.106
2.373
-0.392
-1.422
0.331
0.100
0.702
0.051
1.082
0.371
-0.611
0.322
2.671
1.289
2.170
0.908
-0.197
-0.002
-0.418
1.907
0.544
0.580
-0.762
-0.364
0.832
0.516
0.888
2.427
0.330
2.906
0.670
0.394
0.620
0.198
0.977
0.489
0.091
0.929
1.760
1.284
0.834
0.124
0.087
-0.258
0.059
0.066
0.144
0.057
0.023
0.320
0.029
0.116
0.044
0.273
0.134
0.037
0.005
0.510
0.411
1.556
2.096
0.927
0.032
-0.339
0.167
0.398
1.734
-0.017
0.376
0.059
-0.046
0.013
0.124
1.572
0.071
1.359
1.422
1.033
1.308
2.734
0.964
1.026
0.364
1.018
0.557
1.225
0.220
0.018
-0.275
0.149
0.500
0.074
0.044
0.376
0.164
-0.137
0.229
-0.055
0.055
0.541
0.075
0.081
0.531
0.124
-0.107
-0.148
0.832
0.021
2.555
1.288
0.769
-0.061
0.221
0.313
-0.181
0.758
0.060
0.064
-0.050
0.263
-0.325
0.043
0.008
-0.374
-0.333
0.102
-0.915
1.168
0.612
0.070
0.180
-0.367
0.037
0.029
0.091
0.918
0.048
0.220
0.072
0.856
0.274
0.164
0.916
0.482
0.248
1.611
1.683
0.027
1.203
0.388
0.893
0.738
1.404
3.004
0.666
0.482
1.812
0.584
-0.264
-0.346
0.037
-0.092
-1.018
1.398
0.256
1.327
-0.509
-1.406
1.013
0.836
-0.117
-0.079
-0.084
0.100
-0.198
1.983
-1.526
0.243
0.013
-0.005
0.567
1.309
-0.050
-0.116
-0.186
-1.264
0.483
0.196
0.679
0.883
0.768
0.080
0.063
-0.269
-1.484
1.659
-0.178
0.683
-0.395
