-0.235
0.729
0.276
0.351
-0.055
0.122
-0.165
0.118
-0.108
-0.256
-0.459
-0.136
-0.265
-0.261
0.340
0.339
0.143
0.072
-0.223
0.350
-0.331
1.467
0.168
-0.042
0.074
-0.173
-0.089
-0.376
-0.422
-0.008
-0.076
0.126
0.132
-0.095
0.198
-2.894
-1.697
-2.328
-0.511
-1.691
-2.004
-3.826
0.120
0.427
-0.003
-0.136
-0.352
0.088
-2.219
-1.417
-1.575
-1.978
-2.777
-3.355
-2.406
-1.857
-1.079
-0.011
-0.542
-3.385
-0.992
-1.278
-1.869
-1.640
-1.452
-2.918
-2.103
-0.768
-0.325
-0.951
-0.927
0.024
0.427
-0.432
0.026
-0.011
0.867
0.933
-5.182
0.026
0.339
-1.021
0.045
-0.395
0.133
0.112
-0.978
-2.156
-0.370
0.225
0.521
-0.364
0.013
-0.453
-0.012
-0.027
0.066
-0.020
-1.376
-0.728
-0.054
0.227
-0.062
-1.547
-0.373
0.281
0.025
0.014
0.066
0.068
0.395
0.166
0.173
0.134
0.060
0.134
0.040
0.039
0.077
0.230
0.027
0.063
0.136
0.238
0.177
-1.045
0.335
0.685
0.441
-0.099
-0.064
0.152
-0.984
-0.011
0.360
-1.390
-0.753
-0.817
-0.011
-0.666
-1.184
0.209
1.500
-0.052
-0.050
0.376
-0.027
-0.059
-2.866
-3.017
-0.932
0.003
-0.655
-2.468
-1.230
-3.071
-2.473
-3.255
-3.300
-0.766
-1.460
-2.220
-0.994
-0.011
0.207
-0.037
-1.455
-1.381
-0.255
-0.495
-0.833
0.059
0.069
0.238
-1.452
-0.984
-1.820
-0.677
-2.318
-0.673
0.084
-2.095
0.076
-0.706
-0.540
-0.982
-0.257
0.686
-0.045
-0.066
-0.209
-0.233
0.376
-2.827
0.123
-0.160
-0.489
-0.322
-0.182
-0.158
-0.426
-0.113
2.434
0.145
-0.013
0.039
-2.444
-3.631
-1.053
-0.000
-0.454
-0.049
0.907
-0.598
-0.263
1.260
1.335
0.037
-2.332
-2.109
-1.345
-2.825
-0.454
-1.942
-1.619
-0.990
-0.255
-0.850
-1.584
-1.297
-1.272
-2.436
-1.606
-1.062
-5.056
-0.068
0.059
-0.532
-0.445
-0.728
-0.249
-1.146
-0.287
0.032
-2.851
-0.032
-0.146
0.182
-1.084
-1.698
-0.006
-1.277
-0.186
-0.059
-1.010
-0.561
-1.525
0.238
0.351
-1.264
-0.757
1.324
-1.413
-0.499
1.581
0.062
0.336
0.127
-0.051
-0.585
0.086
-1.059
-0.013
0.166
-0.720
-0.005
-0.360
-0.232
-0.463
0.162
-0.028
-0.523
-0.814
-0.852
-1.245
-0.011
-0.315
-0.023
0.154
-0.108
-1.484
0.179
-0.242
0.123
-0.038
-0.482
0.152
0.937
-2.759
0.373
0.092
-0.127
-0.055
-0.803
-0.088
0.196
0.872
2.822
0.516
0.055
-0.299
-0.052
-0.151
0.065
-0.493
-2.772
-0.126
0.075
0.490
0.168
-0.033
0.016
0.121
0.092
-0.048
0.012
-0.201
-0.036
0.030
-2.030
-1.384
-0.306
-0.107
-0.894
-0.234
-1.197
-0.380
-0.210
-0.080
-0.011
-0.698
-1.252
1.304
-0.158
-0.750
0.111
-0.244
0.429
0.090
-2.898
-1.475
-1.128
-1.960
-1.351
-0.092
-0.145
-1.366
-2.624
-0.709
-0.011
-0.011
-0.249
-0.167
0.105
0.084
-0.370
-2.284
-0.009
-1.956
-0.012
-1.014
-0.423
-1.315
-0.469
-1.405
-0.027
-0.411
-0.110
-0.327
-0.011
0.315
0.608
1.071
-0.474
-0.435
0.064
0.503
-0.841
-1.048
0.008
0.045
-0.285
0.017
-0.067
0.033
-0.442
-0.311
-1.112
-0.032
-0.937
-1.902
-1.101
-0.524
-0.947
-0.771
-0.006
0.020
-1.385
-2.858
-0.693
-0.460
-0.030
-0.389
0.202
-0.236
-0.171
-0.076
-0.752
-0.235
-1.018
-0.562
-0.867
-0.017
-0.091
-0.273
-1.074
-0.541
-0.014
0.309
0.308
-0.068
0.033
0.019
-0.260
-0.006
-1.572
-1.013
-0.011
0.142
1.659
0.472
0.221
-0.058
0.612
-0.146
0.174
1.265
1.947
1.367
-0.263
-0.011
-0.152
0.183
0.239
0.024
0.549
-1.899
0.846
0.321
-1.434
0.472
0.013
-1.506
0.170
-1.309
-0.196
0.010
-0.046
-0.084
-0.245
-0.233
0.353
-0.257
-1.846
-0.564
-2.336
-0.211
-1.569
-0.003
-1.501
-2.801
-0.033
0.388
-0.460
0.110
-0.200
-0.816
-0.499
-1.575
-0.469
-2.312
-0.327
-0.376
-0.146
-0.177
-0.841
-0.147
-0.276
-0.846
-2.199
-1.095
-2.008
0.260
-0.055
0.123
0.359
-0.127
-0.180
0.383
-0.061
-0.208
-0.161
-0.136
-0.150
-0.168
-0.216
-0.031
-0.070
-0.231
-0.603
-0.721
-1.622
-0.259
-0.180
0.635
0.451
-0.011
-0.018
-0.020
0.168
-0.137
-0.069
-0.238
0.020
-0.688
-0.257
-0.882
-0.562
-0.814
-1.095
-2.681
-0.967
-0.957
0.034
-0.041
-0.263
-1.613
-0.420
-0.215
0.272
0.020
-0.585
-0.435
-0.245
-0.421
-0.070
0.040
0.045
-0.033
-0.012
-0.563
-0.325
-0.121
-0.577
-0.444
-0.282
0.229
-0.949
0.009
-2.783
-1.296
-0.011
0.203
-0.544
-0.554
0.357
-1.525
0.489
-0.134
0.232
-0.079
0.180
0.398
-0.090
0.427
0.196
-0.089
0.196
-1.990
-0.631
0.050
-0.018
-0.074
0.016
0.069
-0.025
-0.680
-0.028
0.009
0.021
-0.931
-1.081
-0.097
-1.958
-0.938
0.074
-0.900
-0.779
-0.052
-0.733
-0.040
-1.151
-1.040
-0.732
-3.815
-1.024
0.426
-0.424
-0.703
0.543
0.204
-0.483
0.634
0.304
-0.010
-0.176
-0.649
0.105
-0.562
-0.954
-0.576
0.720
-0.844
0.350
0.419
0.039
-0.786
-0.651
-1.305
0.176
0.892
-0.695
-1.211
0.094
-0.005
0.324
1.175
-0.805
-0.305
-0.697
-0.741
-0.444
0.125
-0.096
0.150
1.327
-1.151
0.080
-0.204
0.135
