0.375
-0.033
0.007
-0.154
-0.071
-0.164
-0.142
-0.422
-0.316
-0.230
-0.239
-0.464
-0.212
-0.378
0.577
0.030
0.393
-0.044
-0.176
-0.171
-0.470
1.894
1.476
-0.199
-0.201
-0.014
-0.235
-0.163
-0.086
-0.165
-0.139
-0.017
0.861
0.442
0.149
-1.926
-1.487
-2.455
-0.733
-1.463
-1.697
-3.116
-0.146
-0.133
-0.224
-0.037
-0.396
-0.032
-2.161
-1.070
-1.761
-1.932
-2.366
-2.016
-2.577
-1.496
-1.061
-0.151
-0.563
-2.693
-1.032
-1.186
-1.331
-1.622
-1.166
-2.498
-2.160
-0.694
0.082
-0.040
-0.823
0.617
0.393
-0.246
-1.319
-2.249
-0.570
1.110
-3.557
0.057
0.457
-1.461
-0.526
-0.176
0.586
-0.176
-0.609
-2.008
-0.438
-0.257
-0.068
0.137
0.005
-0.450
0.270
0.296
0.193
-0.030
-1.189
-0.646
-0.176
-0.021
-0.200
-0.215
-0.351
0.138
-0.069
-0.048
-0.041
-0.031
-0.138
-0.045
0.163
0.029
-0.022
-0.008
-0.064
-0.142
-0.047
-0.132
-0.053
-0.053
0.029
-0.063
-0.108
-1.667
0.221
1.054
0.476
-0.229
-0.142
0.042
-0.009
0.785
0.738
-0.176
0.873
0.290
1.161
-0.131
-0.200
1.773
1.492
-0.141
-0.358
-0.114
-0.176
-0.481
-0.201
-2.294
-0.934
0.729
-0.660
-1.894
-2.117
-2.727
-2.171
-3.333
-2.837
0.124
-0.150
-1.442
-1.890
-0.779
0.669
0.161
-1.035
-0.304
-0.240
-0.176
-0.754
0.176
0.056
0.332
-0.280
-1.394
-0.926
-0.719
-1.481
-0.789
0.148
-1.716
0.024
-0.376
-0.492
-0.410
-0.350
0.524
-0.176
0.318
-0.033
-0.531
-0.144
-2.564
-1.321
0.511
-0.928
-0.292
-0.224
-0.279
-0.279
-0.234
0.016
0.163
-0.164
-0.189
-2.239
-1.760
-0.825
0.456
-0.378
-0.176
1.547
-0.354
-0.564
0.433
1.414
0.224
-2.241
-1.193
-1.556
-2.429
-0.386
-2.476
-1.088
-0.529
-0.176
-0.584
-1.621
-0.800
-0.934
-1.578
-1.483
-0.851
-3.090
1.656
0.719
-0.336
0.707
-0.902
-0.177
-0.891
-0.153
0.233
-1.721
-0.156
-0.523
0.346
-0.549
-1.223
1.018
-1.162
-0.410
0.075
-0.621
-0.606
-0.859
0.389
-0.029
-0.679
-1.093
-0.978
-0.484
-0.825
1.113
0.192
0.164
-0.222
0.097
-0.667
0.065
-1.142
-0.017
-0.085
-0.327
-0.176
0.017
-0.243
-0.418
-0.053
1.956
-0.394
-1.195
-1.113
-0.633
-0.176
0.429
-0.139
-0.176
-0.019
-2.082
0.413
-0.088
0.020
0.039
0.181
0.215
0.049
-1.675
0.334
0.428
-0.425
-0.126
-0.613
0.172
0.465
0.919
2.465
1.432
-0.514
0.092
0.432
-0.359
0.393
-0.576
-2.724
-0.342
-0.100
0.014
0.136
0.019
0.053
-0.243
-0.479
-0.207
-0.097
-0.487
-0.175
-0.073
-1.986
-0.986
-0.402
-0.538
-0.536
-0.335
-0.983
-0.476
-0.587
-0.197
-0.176
-0.749
-1.003
0.576
-0.223
-0.176
-0.155
-0.176
0.070
0.061
-2.489
-1.731
-0.960
-1.587
-1.580
-1.063
-0.252
-1.409
-1.578
-1.045
0.105
0.026
-0.055
-0.219
-0.342
-0.647
-0.165
-0.332
-0.191
-1.648
0.626
-0.395
-0.481
-1.229
-0.396
-1.598
-0.148
-0.289
-0.163
-0.031
0.727
0.258
0.312
1.673
-0.230
0.039
-0.122
-0.250
-0.280
-1.130
0.409
0.702
0.089
-0.032
0.258
-0.245
-0.719
-0.030
-1.050
-0.045
-1.777
-0.971
-0.865
-0.558
-1.013
-1.433
-1.511
-0.096
-2.398
-2.708
-0.012
-0.176
-0.099
-0.500
0.053
-0.213
0.181
-0.284
-0.893
-0.039
-1.384
-0.498
-0.662
-0.168
-0.176
-0.460
-0.724
-0.192
-0.055
-0.138
-0.159
-0.340
-0.296
0.475
-0.696
-0.176
-1.171
-1.068
-0.176
-0.189
1.387
0.604
0.031
0.358
0.965
-0.193
0.527
0.525
1.706
1.911
1.243
0.938
-0.176
0.399
0.143
-0.176
0.154
-1.328
1.207
0.284
-1.719
0.335
0.057
-2.032
1.105
-1.700
-0.091
-0.176
0.378
-0.327
-0.338
-0.176
0.616
-0.293
-1.873
-0.257
-2.231
-0.517
-0.206
-0.176
-1.217
-1.742
-0.291
-0.043
0.533
0.039
-0.182
-1.412
-0.734
-1.007
-0.508
-2.016
-0.870
-0.399
-0.348
-0.218
-0.692
-0.224
-0.195
-0.467
-1.492
-0.787
-1.354
0.029
-0.101
-0.140
0.069
-0.089
-0.080
0.953
-0.057
-0.441
-0.167
-0.267
-0.141
0.781
-0.163
-0.377
-0.218
-0.374
-0.276
-1.653
-1.390
-0.672
0.165
0.054
0.180
-0.180
-0.898
-0.226
-0.275
-0.298
0.014
0.003
-0.061
-1.356
-0.262
-1.431
-1.073
-0.819
-1.396
-3.508
-0.895
-0.469
-0.248
-0.863
-0.176
-0.460
0.211
-0.141
1.042
-0.395
-0.887
-1.063
-0.459
-0.498
-0.236
0.071
-0.140
-0.128
-0.176
-0.652
-0.750
-0.383
-0.419
-0.166
-0.029
-0.110
-0.976
0.051
-2.569
-0.852
-0.190
-0.176
-0.175
-0.506
-0.153
-0.298
-0.059
-0.049
0.069
-0.254
0.192
0.497
-0.176
0.060
0.015
-0.176
-0.020
-1.675
-1.098
0.229
-0.075
0.110
-0.136
0.025
-0.214
-0.148
-0.103
-0.251
0.017
-0.951
-0.345
-0.173
-1.958
-0.508
-0.279
-0.984
-0.962
-0.018
-1.091
-0.242
-0.888
-0.641
0.075
-3.305
-0.586
-0.254
0.376
-0.700
0.032
0.087
-0.260
0.750
-0.149
-0.194
-0.343
-1.388
-0.176
-0.497
-0.785
-0.234
1.097
-0.586
0.555
0.232
0.465
-0.175
-0.036
-0.342
-0.146
0.619
-0.757
-0.351
0.054
-0.030
0.328
0.907
-0.395
-0.186
-0.625
-1.431
-0.503
-0.315
-0.027
0.453
0.859
-0.799
-0.275
-0.225
-0.155
