0.057
-0.816
0.057
-0.286
0.050
-0.225
-0.218
-0.450
-0.429
-0.828
0.005
-0.655
-0.748
0.190
1.026
0.169
0.905
0.202
0.271
-0.043
-0.556
3.232
-0.049
-0.365
-0.295
-0.268
-0.330
-0.478
-0.960
-0.298
-0.193
-0.318
0.593
0.105
0.066
-2.300
-2.046
-2.998
-0.930
-1.763
-1.780
-2.683
0.043
0.312
-0.729
0.200
-0.030
-0.183
-2.314
-1.162
-2.239
-1.898
-2.552
-3.071
-2.111
-1.618
-1.260
-0.002
-0.906
-3.181
-1.351
-1.336
-1.859
-2.141
-1.663
-2.779
-1.763
-0.752
-0.115
-0.313
-1.475
-0.244
-0.623
-0.471
0.053
-0.040
0.057
0.094
-2.750
-0.067
0.421
-1.086
-0.478
-0.107
-0.017
-0.713
-2.009
-2.499
-0.943
-0.099
0.479
0.179
-0.204
-0.862
-0.717
-0.286
-0.588
-0.100
-0.477
-0.040
0.037
0.057
-0.058
-0.087
0.057
0.142
-0.206
0.011
0.028
0.057
-0.302
-0.299
-0.131
-0.068
0.057
-0.159
-0.218
0.179
-0.072
0.069
-0.053
-0.209
-0.174
0.057
0.057
-1.419
1.229
0.882
1.160
-0.172
-0.137
0.367
-0.942
0.057
0.240
-0.477
-0.644
0.045
0.057
0.057
-0.053
0.063
0.326
-0.346
-0.561
0.223
-0.327
-0.758
-1.855
-0.534
-0.081
-0.021
-1.445
-1.976
-0.806
-3.107
-2.956
-0.810
-0.496
0.253
-0.075
-1.716
-0.834
0.057
-0.407
0.132
-0.817
-0.204
-0.336
-0.825
-1.229
0.418
0.012
0.150
-1.469
-1.937
-1.576
-0.878
-1.772
-0.501
0.088
-2.364
0.217
-0.925
-0.650
-0.276
0.057
0.471
-0.005
-0.154
-0.041
-0.569
0.277
-4.109
0.438
0.176
-0.497
-0.623
-0.486
-0.374
-0.390
0.006
1.479
-0.464
-0.476
-0.159
-2.530
-1.567
-0.477
-0.297
-1.018
0.057
1.936
-0.073
-0.843
0.604
1.148
0.057
-3.084
-2.484
-1.044
-2.220
-0.795
-1.497
-1.396
-1.146
-1.811
-1.763
-1.661
-1.580
-1.722
-2.669
-1.831
-1.786
-3.228
0.391
0.870
-1.213
-0.280
-0.421
-0.508
-1.304
-0.105
-0.035
-2.222
0.240
-0.971
-0.178
-2.373
-1.265
0.235
-1.216
-0.515
-0.142
-1.081
-0.854
-1.788
-0.181
-0.831
-1.416
-1.198
-0.950
-1.602
-0.831
1.440
0.057
0.147
0.963
0.075
-0.548
0.178
-0.942
-0.107
0.095
-0.979
0.057
0.431
-0.117
-0.713
0.057
0.057
-0.642
-1.371
-1.554
-0.876
-0.011
0.057
-0.110
-0.136
-0.682
-0.824
0.173
-0.008
0.263
-0.271
0.057
0.057
0.084
-2.571
-0.896
0.261
-1.053
-0.249
-1.371
-1.592
-0.793
0.748
1.377
0.808
-0.187
0.258
1.008
-0.499
-0.706
-1.186
-1.931
-0.285
-0.295
-0.098
-0.035
-0.362
-0.330
-0.497
-0.362
-0.429
0.042
-0.796
0.069
-0.293
-1.347
-2.308
0.074
-0.143
-0.776
-0.388
-1.078
-0.574
-0.338
-0.140
0.360
-0.755
-0.344
0.332
-0.370
-0.873
0.382
-0.297
0.396
0.115
-3.360
-1.350
-1.131
-1.774
-1.248
-0.926
-0.480
-1.876
-2.519
-1.268
0.057
-0.668
-0.297
-1.205
-0.555
-0.676
-0.420
-0.354
0.092
-2.224
0.681
-1.621
-1.210
-1.515
-0.311
-1.096
-0.109
0.057
-0.822
0.461
-0.669
0.422
1.422
1.850
-1.803
-0.769
-0.208
0.351
0.057
-1.334
-0.029
0.353
0.057
0.066
-0.815
-0.378
-1.069
-1.401
-1.555
0.193
-1.681
-1.973
-1.879
-0.963
-0.775
-2.003
-1.154
0.029
-1.665
-2.281
-0.356
-2.815
0.057
-0.741
0.431
-0.358
0.015
-0.336
-0.980
-0.008
-1.724
-0.621
-0.681
-0.098
-0.620
-0.020
-1.127
-0.118
-0.102
0.057
0.635
-0.283
0.668
0.362
-0.638
0.317
-1.877
-1.295
4.535
0.672
1.192
0.345
0.497
0.530
0.877
-0.106
1.409
1.285
1.435
1.283
-0.916
-0.019
1.018
0.481
0.057
0.057
0.211
-1.562
0.474
0.247
-1.457
0.665
-0.037
-1.504
0.055
-0.543
-0.585
-0.372
-0.410
0.304
-0.643
-1.093
0.564
-0.385
-1.273
0.021
-2.251
-0.901
-0.567
0.057
-0.939
-2.190
-0.301
0.081
-0.465
0.194
-0.361
-1.234
-0.696
-1.538
-0.698
-2.547
-1.555
-0.764
-0.458
-0.356
-0.547
-0.378
-0.508
-0.620
-1.936
-1.111
-1.210
-0.109
0.010
0.801
0.088
-0.035
-0.136
0.356
0.057
-0.426
0.020
0.055
0.028
-0.455
0.003
-0.058
-0.538
-0.820
-0.705
-1.643
-1.735
-0.602
-0.283
0.773
0.131
-0.134
-0.430
-0.373
-0.740
-0.090
-0.146
-0.257
-0.176
-0.957
-0.385
-1.247
-1.078
-0.836
-1.109
-3.020
-1.167
-1.137
-0.001
-0.817
-0.494
-1.472
-0.038
-2.697
-1.152
-0.292
-0.949
-1.159
-0.540
-0.770
-0.266
-0.013
-0.482
-0.243
-0.472
-0.773
-0.602
-0.362
-0.503
-0.607
-0.135
0.002
-1.302
0.483
-3.299
-1.001
-1.185
-7.031
-0.262
-1.049
0.276
-1.385
-0.065
-0.638
0.161
-0.601
0.244
0.625
-0.355
0.321
-0.330
-0.237
-0.327
-2.026
-1.757
-0.377
-0.283
-0.335
-0.395
-0.437
-0.638
-1.124
-0.692
-0.550
-0.168
-0.793
-0.630
-0.306
-1.632
-0.750
-0.322
-1.093
-0.066
0.241
-1.335
-0.744
-1.688
-1.722
-1.316
-2.647
-1.245
-0.494
-1.899
-0.650
-0.193
0.070
-0.581
0.849
0.335
-0.226
0.251
-0.496
0.103
-0.763
-0.964
-0.483
0.616
-0.707
0.500
1.208
-0.222
-0.936
-0.650
-1.443
0.057
0.928
-0.478
-0.645
-0.205
0.137
0.156
0.724
-0.886
-0.222
-0.829
-1.074
-0.549
-0.441
0.342
0.245
1.033
-0.098
0.403
-1.428
0.057
