0.169
-0.006
0.149
-0.589
-0.385
-0.382
-0.258
-0.046
-0.204
-0.185
-0.620
-0.099
-0.260
-0.667
-0.149
-0.068
0.169
0.034
-0.409
-0.322
-0.413
1.765
0.269
0.061
-0.015
0.091
-0.289
-0.006
-0.134
-0.106
0.913
-0.042
-0.148
1.326
-0.128
-3.416
-1.615
-3.366
-0.864
-1.782
-2.177
-3.419
-0.259
-0.087
0.010
-0.296
-0.875
0.051
-3.145
-1.125
-2.240
-2.571
-3.627
-3.611
-2.731
-2.142
-0.815
-0.599
-0.221
-2.646
-1.160
-2.059
-1.691
-2.361
-1.600
-1.784
-1.370
-0.800
0.322
-0.422
-1.025
1.171
1.003
-0.271
-0.809
-1.624
-0.154
0.928
-2.985
-0.543
0.267
-1.803
-0.498
-0.501
-0.141
0.136
-0.390
-2.258
-0.901
-0.290
0.851
-0.542
-0.199
-1.007
-0.414
-0.015
0.104
-0.144
-0.852
-0.822
-0.046
-0.134
-0.832
-0.750
-0.439
0.356
-0.050
-0.044
0.052
0.703
-0.308
0.036
0.286
0.134
0.394
0.196
-0.024
0.383
0.016
-0.042
-0.043
0.015
-0.027
0.776
0.313
-0.876
0.000
-0.009
0.067
-0.206
0.466
-0.139
0.135
-0.299
0.797
0.129
0.433
0.108
1.876
-0.407
-0.119
1.678
0.978
-0.004
0.406
-0.528
0.040
-0.108
-0.090
-3.777
-0.315
0.107
-0.760
-1.790
-1.418
-4.057
-3.557
-1.591
-2.315
-0.163
-0.260
-2.816
-2.500
-1.350
0.199
-0.048
-1.099
-1.092
-0.373
-1.277
-1.129
0.001
-0.013
0.363
-1.050
-1.163
-2.317
-0.370
-1.753
-1.425
0.011
-2.313
-0.099
-0.163
-0.486
0.206
0.164
0.215
-0.174
-0.229
0.040
0.045
1.126
-3.072
-2.032
-0.068
-0.747
-0.445
-0.322
-0.223
-1.184
-0.456
0.137
0.070
-0.012
-0.058
-1.029
-2.252
-0.644
-0.047
1.381
-0.113
1.793
-0.128
0.166
1.440
-0.620
-0.051
-4.337
-2.905
-0.607
-3.016
-0.841
-1.520
-0.272
-1.350
-1.245
-1.183
-1.633
-0.863
-0.057
-3.239
-3.829
-3.031
-3.907
-0.125
3.729
0.106
-0.035
-0.286
-0.557
-1.713
1.223
-0.197
-1.451
-0.403
-1.201
-0.140
-0.981
-0.333
-0.121
-0.121
-0.523
-1.222
-0.338
-0.260
-1.916
0.016
0.110
-0.993
-0.569
0.063
-1.832
-0.790
1.452
-0.082
0.646
-0.470
0.459
-0.090
0.019
-1.463
-0.111
0.031
-1.379
-0.115
-2.256
-0.230
-0.126
1.128
0.198
-0.121
-1.651
-0.124
-0.348
0.225
0.054
-0.337
0.180
0.983
-2.167
-0.166
0.221
0.175
0.222
-0.239
0.095
-0.465
-1.736
0.315
0.235
-0.403
-0.088
-1.802
0.660
0.733
1.456
1.203
1.089
-0.811
-0.494
0.146
-0.363
0.002
-0.169
-2.309
-2.127
0.694
-0.088
0.081
0.258
0.043
-0.190
-0.160
-1.191
-0.140
-1.179
-0.580
-0.328
-1.006
-1.440
0.042
-0.594
-0.231
-0.096
-0.962
-0.222
-0.596
-0.131
0.031
-0.154
-1.685
-0.046
-0.913
-0.345
-2.606
-0.474
0.724
0.179
-3.966
-1.825
-0.644
-2.665
-2.637
0.078
0.089
-0.957
-2.052
-1.196
-0.227
-0.245
-0.504
0.529
0.143
-0.048
-0.101
-0.271
-0.104
-0.956
0.943
0.108
-0.297
-1.297
-0.698
-1.303
-0.336
0.502
0.165
-0.099
-0.124
-0.111
0.522
0.610
0.017
0.011
0.010
0.086
-1.575
-1.370
-0.698
0.009
0.004
-0.049
0.286
-0.306
-0.146
-0.260
-1.769
0.711
-0.569
-1.258
-0.631
-0.819
-0.346
-0.253
-0.566
0.436
-0.557
-4.374
-0.055
-1.454
-0.443
-0.281
-0.142
-1.869
-0.277
-0.244
-0.373
0.141
-1.158
-0.368
-0.199
-0.098
-0.214
-0.216
-1.504
-0.070
-0.050
-0.624
0.543
0.190
-1.068
0.462
-1.127
-0.522
-1.593
-1.981
-0.592
0.807
1.735
0.269
0.801
-0.057
0.623
0.149
1.410
0.809
1.031
1.379
0.379
0.813
1.258
0.707
0.886
-1.518
0.242
0.274
0.108
0.476
0.560
1.076
0.537
-0.499
0.913
-2.494
0.255
-0.164
-0.333
0.459
-0.102
0.184
0.129
-0.093
-0.963
-0.185
-0.725
-0.079
-1.584
0.118
-0.941
-1.304
-0.149
0.130
0.274
0.227
-1.833
-1.645
-0.513
-1.800
-0.655
-2.268
-0.963
-0.769
-0.046
-0.043
-1.192
-0.001
-2.529
-0.138
-1.700
-0.655
-1.426
-0.192
-0.067
-0.056
-0.046
-0.094
-0.024
1.451
-0.046
-0.213
-0.089
0.001
-0.733
0.810
-0.463
-0.434
-0.439
-1.212
-0.139
-0.193
-0.888
-1.725
-0.006
1.311
-0.096
-1.579
-1.204
0.012
-0.052
-0.071
-0.124
-0.061
1.802
-0.093
0.001
-1.678
-0.758
-0.878
-0.719
-3.358
-0.613
-1.150
-0.131
-0.889
-0.141
-0.599
-0.460
-0.207
1.133
-0.099
-0.308
0.176
-0.209
-0.246
-0.290
0.540
0.016
-0.025
0.043
-0.047
-0.122
-0.051
-0.169
-1.531
-0.369
-0.351
-1.838
0.300
-2.031
-1.104
-1.306
0.755
1.135
-0.674
0.618
-0.147
0.042
-0.122
-0.025
-0.169
-0.463
0.306
0.695
0.215
0.141
0.386
0.245
-1.965
-0.672
0.863
-0.108
0.246
-0.135
0.035
-0.087
0.333
-0.089
0.103
0.390
-0.841
-0.770
-0.125
-0.670
0.103
-0.799
-0.274
-0.175
-0.135
-0.675
-0.623
-1.877
-0.389
-0.547
-2.853
-1.182
0.324
0.938
-0.682
0.217
0.246
0.031
1.113
1.058
0.090
0.759
-0.260
-0.002
-0.408
-2.131
-1.140
0.502
-0.403
1.022
0.368
0.518
-0.009
1.276
-0.163
0.631
1.019
0.099
-0.546
0.199
-0.020
1.122
-0.078
-1.933
-0.088
-0.912
-3.350
-1.678
-0.286
0.170
-0.233
0.552
-1.602
-0.062
1.901
-0.701
