-0.113
0.424
-0.016
0.437
-0.047
0.147
0.226
-0.041
-0.098
-0.012
0.300
-0.050
0.012
0.118
-0.010
-1.034
-0.692
-0.428
-0.158
0.026
0.137
-0.113
0.569
-0.006
-0.199
-0.555
-0.170
-0.008
0.273
-0.108
-0.249
0.062
-0.791
-0.057
-0.147
2.161
2.476
2.019
0.361
0.439
1.005
4.593
0.188
-0.307
0.004
0.144
0.374
0.526
0.708
0.327
1.645
1.442
0.947
2.072
2.976
1.724
1.158
-0.087
0.157
3.842
0.878
2.076
1.497
1.484
1.658
3.560
2.728
0.570
-0.419
0.292
1.285
-0.195
0.139
-0.120
1.411
1.446
0.486
-0.199
4.233
-0.199
-0.398
1.255
0.102
-0.109
-0.902
-0.891
0.928
2.353
0.120
-0.186
-0.113
0.071
-0.176
0.048
0.044
-1.067
-0.069
-0.143
-0.011
0.008
-0.113
-0.113
0.101
0.385
0.167
-0.126
-0.101
-0.099
-0.086
-0.199
0.343
-0.003
-0.221
-0.116
-0.147
-0.106
-0.017
-0.397
-0.099
-0.113
-0.106
-0.103
-0.202
-0.142
-0.289
1.085
0.703
-0.977
-0.294
-0.058
-0.010
-0.090
-0.056
-0.069
-0.661
0.394
-0.043
-0.074
-1.038
0.262
-0.119
-0.803
-0.549
0.031
-0.078
-0.129
0.050
0.190
0.968
3.132
-0.093
-0.034
0.637
2.965
2.372
3.555
2.374
3.905
3.345
-0.225
0.120
2.700
1.136
0.185
-0.130
-0.120
0.768
0.689
0.025
3.513
1.118
-0.163
-0.089
-0.480
0.980
1.325
1.813
0.071
0.261
0.449
-0.232
2.246
0.096
1.347
1.715
0.369
-0.035
-1.329
0.495
-0.161
-0.085
-0.058
0.116
3.148
2.275
-0.738
0.251
0.413
0.121
0.195
-0.209
0.104
-0.389
-0.113
0.068
-0.025
2.282
0.429
2.245
0.078
-0.710
-0.102
-1.532
-0.029
-0.149
-2.827
-0.615
-0.090
3.671
1.887
0.221
2.392
0.085
0.731
1.605
0.222
1.768
0.808
2.636
2.121
1.027
2.212
1.498
0.896
3.399
-0.101
-0.556
2.328
-0.879
0.716
0.149
0.151
-0.135
-0.758
2.960
-0.007
0.034
0.043
1.763
0.785
-0.699
0.879
0.231
-0.308
0.955
1.687
0.294
-0.458
0.278
1.080
1.151
0.308
1.142
0.096
-0.888
0.045
-0.983
0.256
-0.051
0.454
-0.078
1.126
-0.127
-0.267
0.820
-0.312
0.103
-0.113
-0.120
0.879
-0.368
0.942
0.590
0.673
0.617
-0.108
-0.434
-0.277
-0.686
-0.538
2.400
-0.473
-0.192
0.095
-0.505
-0.490
-0.496
0.236
2.034
-0.018
-0.435
0.783
0.028
1.483
-0.472
0.992
-0.357
-1.262
-0.616
-0.017
0.243
-1.715
0.137
0.447
1.089
1.965
1.793
-0.119
0.199
0.084
0.046
-0.133
0.184
0.029
-0.064
-0.172
0.158
-0.136
-0.113
0.215
0.731
-0.113
-0.254
0.770
0.240
1.597
-0.292
0.494
0.231
-0.036
0.532
0.719
-0.263
-0.055
0.483
-0.433
0.064
-0.408
-0.196
3.503
0.637
0.173
1.025
2.106
1.069
0.297
0.507
2.888
0.307
-0.059
-0.156
-0.072
1.148
0.209
0.093
0.477
0.147
-0.113
1.740
-1.345
1.301
1.534
0.846
0.320
0.423
-1.438
0.239
0.018
-0.005
-0.221
0.282
-0.482
-0.775
0.327
-0.003
0.210
-0.157
-0.113
0.843
-0.038
-0.087
-0.054
-0.217
-0.474
0.092
1.650
0.255
0.702
-0.611
1.756
1.446
0.998
0.689
0.036
0.754
-0.230
-0.234
2.433
2.765
-0.057
-0.079
-0.511
1.034
0.142
0.412
-0.171
0.257
0.938
-0.579
0.820
0.216
1.604
-0.371
-0.055
0.888
0.666
-0.093
-0.100
-0.014
-0.032
-0.113
-0.061
-0.668
0.063
0.228
1.349
0.550
-0.039
0.078
-1.452
-0.392
-0.305
-0.302
-0.285
-0.178
-0.851
-0.672
-1.954
-2.539
-0.839
-0.241
-0.214
-0.013
-0.553
0.637
-1.244
1.796
-0.318
0.043
0.125
-0.830
-0.519
-0.316
-1.051
0.270
-0.505
-0.323
-0.657
0.019
0.227
0.282
-0.359
-0.076
1.609
0.498
2.099
0.623
0.828
-0.038
0.622
1.288
-0.073
-0.121
0.173
-0.274
-0.061
0.823
0.024
0.965
0.356
3.505
1.415
0.090
-0.113
0.280
0.933
-0.018
-0.112
0.869
2.476
2.467
1.568
0.127
-0.023
0.160
-0.088
-0.261
-0.138
-0.482
-0.366
-0.048
0.014
-0.135
0.034
0.063
0.014
0.010
0.693
0.472
1.026
0.764
0.372
0.611
-0.159
-0.512
0.007
-0.011
-0.311
1.119
-0.106
-0.043
-0.202
-0.017
-0.073
1.916
0.039
0.738
0.800
0.059
2.679
3.926
1.298
1.439
-0.322
0.907
0.551
-0.046
-0.378
-0.075
-0.450
-0.059
0.651
0.385
0.240
0.311
-0.067
-0.190
-0.086
0.092
-0.105
-0.059
-0.056
-0.001
0.067
0.437
-0.389
-0.241
1.009
-0.147
2.557
0.590
-0.055
-0.446
0.440
0.747
-0.224
0.492
-0.214
0.100
-0.043
-0.220
-0.011
-0.205
-0.021
-0.401
-0.294
-0.081
-0.616
0.291
0.029
-0.096
0.532
-0.314
0.031
0.051
0.177
-0.071
-0.129
0.004
-0.099
0.059
0.045
-0.207
1.781
0.757
-0.000
1.235
1.588
-0.111
0.002
-0.048
0.528
0.928
1.663
1.726
1.468
-0.501
0.953
0.410
-0.161
-0.213
0.683
0.284
-0.092
0.233
-0.211
1.999
0.140
0.093
1.354
-0.226
-1.315
0.089
-0.447
-1.129
0.145
-0.557
0.328
1.587
-0.080
-0.684
0.353
0.177
-0.034
0.040
-0.058
-0.040
-0.131
-0.106
0.475
1.028
0.114
-0.425
-0.510
-0.393
-0.849
1.463
-0.485
0.315
-0.112
