-0.163
-0.322
-0.000
-0.076
-0.070
-0.037
-0.832
-0.148
-0.516
-0.359
-0.227
-0.880
-0.157
-0.288
0.537
0.051
0.384
0.152
0.028
-0.068
-0.158
2.275
0.190
-0.081
0.013
-0.117
-0.066
-0.154
0.047
-0.213
-0.101
0.096
0.904
0.220
0.347
-3.122
-2.712
-2.722
-0.544
-1.164
-2.883
-3.864
0.007
-0.223
-0.153
0.070
-0.084
-0.009
-0.315
-1.664
-2.568
-1.629
-2.552
-3.316
-3.453
-1.595
-2.346
0.303
-0.795
-5.222
-0.756
-1.252
-1.071
-1.949
-1.575
-3.008
-2.216
-0.370
-0.087
-0.209
-1.305
0.490
0.125
-0.884
-1.144
-2.383
-0.070
0.793
-5.033
0.145
0.456
-1.263
-0.358
-0.522
0.693
-0.005
-1.206
-2.468
-0.815
0.028
0.314
-0.212
-0.008
-0.639
0.001
0.174
0.081
0.092
-1.638
-0.436
-0.583
-0.072
-0.546
1.164
-0.158
0.291
-0.024
-0.057
0.001
0.178
-0.028
-0.006
0.023
0.108
0.259
0.076
0.053
-0.030
0.013
0.094
-0.056
0.023
0.001
0.282
0.174
-1.316
0.942
0.150
0.060
-0.101
0.002
-0.086
0.168
-0.326
0.142
-0.339
0.574
-0.126
0.584
0.048
-0.171
1.401
0.909
-0.084
0.042
-0.421
-0.228
0.120
-0.096
-2.080
-0.297
0.114
-0.868
-2.431
-2.034
-2.473
-2.381
-2.967
-1.725
0.184
-0.218
-2.162
-1.945
0.022
0.527
-0.112
-0.923
-0.756
-0.713
-1.548
-2.437
-0.407
0.302
0.317
-0.962
-1.295
-1.505
-0.441
-0.467
-0.538
0.073
-1.672
-0.078
-0.798
-0.842
-0.361
-0.324
0.540
0.709
0.238
-0.046
-0.325
0.170
-1.907
-1.070
0.087
-0.404
-0.055
-0.475
-0.503
-1.731
-0.944
0.153
-0.168
-0.082
-0.229
-3.502
-1.876
-0.831
0.026
-0.466
-0.419
1.269
0.037
-0.010
1.471
0.408
0.049
-1.984
-2.057
-1.500
-2.897
-0.760
-1.871
-1.306
-1.353
-0.594
-0.806
-1.296
-1.313
0.040
-2.319
-1.218
-1.679
-3.350
0.154
1.350
-0.318
-0.362
-1.027
-0.207
-0.169
0.383
0.760
-2.620
-0.140
-0.316
0.650
-0.852
-0.618
0.281
-1.140
-0.066
0.003
-1.072
-0.339
-0.668
0.254
-0.059
-0.966
-0.710
-0.263
-0.792
-0.659
1.435
-0.060
-0.009
0.039
0.078
-0.454
0.089
-0.543
0.100
-0.115
-0.271
0.031
-1.009
-0.416
-0.962
-0.163
-0.293
-0.414
-0.003
-1.039
-1.117
0.202
-0.152
-0.021
0.770
-0.104
-1.246
0.088
0.063
0.050
0.069
0.028
0.099
1.036
-2.763
0.821
0.032
-1.599
0.097
-0.872
-0.158
-0.753
1.577
3.241
3.679
1.109
-0.170
0.841
-1.115
-0.049
-0.479
-2.383
0.162
0.151
0.163
0.215
0.012
0.035
-0.122
-0.020
-0.504
-0.000
-0.313
-0.053
0.061
-1.072
-0.930
0.170
-0.188
-0.456
0.004
-1.135
-0.498
-0.360
0.046
0.040
-0.486
-2.370
0.482
-0.390
-0.099
0.093
-0.458
0.441
-0.050
-2.703
-0.651
-0.668
-1.511
-1.662
-0.854
0.128
-1.863
-1.660
-1.006
0.070
-0.092
0.010
-0.551
-0.307
-0.210
0.526
-0.337
-0.084
-2.443
2.289
-0.910
-0.399
-1.359
-0.411
-2.200
-0.023
0.093
-0.005
0.085
0.566
-0.089
0.319
1.017
-0.264
0.039
0.044
0.217
-0.202
-1.252
1.232
0.828
-0.005
0.033
-0.023
-0.031
-0.418
-0.223
-1.634
0.575
-2.253
-1.090
-0.101
-0.679
-0.771
-0.019
-0.320
0.130
-2.227
-3.265
0.032
-0.292
0.189
-1.178
-0.020
-0.146
-0.034
-0.360
-0.693
-0.047
-1.726
-0.414
-0.586
0.418
-0.035
0.021
0.670
-0.200
-0.004
-0.247
-0.263
0.082
0.520
0.222
-0.373
0.221
-1.192
-0.790
-0.014
0.088
1.111
0.421
0.203
0.313
1.014
-0.241
0.463
0.362
1.789
1.035
0.676
0.138
0.336
0.272
0.086
-0.287
0.539
-1.845
0.240
0.164
-0.362
0.042
-0.075
-0.275
0.208
-0.066
-0.156
-0.025
0.286
-0.186
-0.401
-0.916
0.088
-0.253
-1.750
-0.181
-2.749
-1.189
-0.017
-0.038
-1.023
-1.851
-0.317
0.142
0.052
-0.107
-0.185
-1.744
-0.022
-1.849
-0.523
-3.118
-0.322
-0.591
-0.333
-0.635
-0.831
-0.411
-0.548
-0.279
-1.845
-0.573
-1.535
-0.070
0.011
0.044
0.213
0.005
-0.022
0.497
-0.445
-0.051
0.004
-0.222
0.001
-0.117
0.541
-0.384
-0.074
-0.467
-0.533
-1.697
-1.719
-0.291
-0.017
0.731
0.143
-0.229
-1.185
-0.012
0.027
-0.094
-0.160
-0.174
-0.237
-1.114
-0.009
-1.474
-0.844
-1.673
-0.484
-2.803
-0.930
-0.523
0.084
-0.166
-0.433
-1.363
1.049
0.033
0.375
-0.079
-0.560
-0.055
-0.345
-0.095
0.003
0.158
0.027
0.087
-0.004
-0.556
-0.331
-0.518
-0.292
-1.855
0.159
-0.116
-0.677
-0.003
-2.353
-1.229
0.048
-0.656
-1.837
-1.085
-0.187
-1.728
0.072
-0.554
-0.118
-0.118
-0.010
0.630
0.061
0.156
0.085
0.093
0.051
-0.573
-1.133
0.333
0.191
0.229
0.212
-0.155
0.147
0.826
0.135
-0.173
0.021
-0.869
-0.027
-0.040
-2.335
-0.961
0.263
-0.883
-0.414
0.159
-1.336
-0.491
-1.191
-1.177
-0.901
-2.611
-0.965
0.399
1.493
-0.516
0.031
0.266
-0.089
0.994
0.233
-0.416
-0.392
-1.071
-0.375
-0.516
-1.128
-0.685
0.834
-0.974
0.374
0.219
0.792
-2.087
-0.165
-0.043
0.377
0.367
-0.165
-0.940
0.036
0.302
0.355
0.547
-0.991
-0.581
-1.032
-0.434
-0.906
-0.053
0.053
0.729
0.856
-1.230
-0.068
-0.145
-0.000
