-0.020
-0.189
-0.118
-0.249
-0.294
0.528
-0.384
-0.103
-0.572
-0.187
-0.387
-0.692
-0.382
-0.177
0.408
0.084
0.332
0.021
0.559
0.169
-0.131
1.103
1.109
0.032
0.107
-0.138
-0.368
-0.401
-0.173
-0.064
-0.164
-0.198
-0.026
0.131
0.008
-2.585
-1.431
-1.968
-0.588
-1.353
-1.803
-3.934
-0.103
0.619
-0.097
0.009
-0.431
0.091
-1.770
-1.327
-2.558
-1.495
-2.321
-3.864
-2.228
-0.916
-0.918
0.111
-0.625
-3.408
-0.844
-0.951
-1.323
-1.429
-1.156
-2.020
-1.009
-0.588
0.139
0.138
-0.692
0.397
0.244
-0.360
0.345
0.119
0.275
0.102
-2.653
-0.094
0.928
0.011
-0.289
0.005
0.798
0.150
-0.694
-2.559
-0.548
0.788
1.096
0.337
0.050
-0.456
-0.535
-0.395
-0.225
0.026
-1.645
-0.754
0.101
-0.113
-0.462
-0.758
-0.296
0.360
-0.066
0.139
0.230
0.309
0.188
-0.194
0.279
-0.020
0.252
0.200
0.162
0.392
-0.025
0.407
-0.239
-0.015
0.252
0.286
0.360
-0.852
0.589
1.174
0.506
-0.284
-0.069
0.102
-3.303
-0.006
1.622
-0.935
-0.740
0.075
0.824
-0.670
-0.441
0.306
1.683
-0.142
0.000
0.264
-0.138
-0.525
-1.525
-1.875
-0.472
0.067
-1.005
-1.955
-1.577
-3.847
-3.892
-3.022
-2.785
0.102
-0.327
-1.911
-0.986
0.102
0.182
0.260
-0.845
-0.777
-0.223
-0.336
-1.281
0.176
0.178
0.259
-1.063
-1.712
-1.391
-0.378
-1.287
-0.737
0.657
-1.986
-0.003
-0.572
-0.723
-0.302
-0.131
0.800
0.330
-0.052
-0.119
0.102
0.102
0.102
0.102
0.840
-0.361
-0.555
-0.545
-0.154
-0.446
-0.047
0.462
-0.131
-0.303
-0.087
-3.042
-1.439
-0.376
0.093
-0.487
0.315
1.731
0.017
-0.344
1.115
1.665
0.069
-2.304
-1.717
-1.070
-2.601
-0.050
-1.666
-1.822
-0.790
-0.492
-0.706
-1.248
-0.838
-0.127
-1.547
-1.449
-1.020
-2.799
0.428
0.362
-0.940
-0.195
-0.558
0.014
-1.329
0.352
0.295
-2.404
-0.205
-0.778
0.182
-1.431
-0.974
0.500
-0.953
-0.232
-0.157
-0.898
-0.642
-1.375
-0.228
-0.217
-0.885
-0.516
-0.397
-1.404
-0.705
1.875
-0.005
0.670
0.638
0.286
-1.102
0.180
-0.242
-0.088
0.202
-0.747
0.102
0.051
-0.363
-0.171
0.092
0.434
-0.322
0.102
-0.450
-0.529
-0.213
-0.232
0.433
0.114
-0.604
-0.856
0.382
0.282
0.277
0.208
0.194
-0.013
0.569
-2.613
0.803
0.316
-0.472
0.057
-1.042
0.245
0.227
0.652
1.394
1.248
-0.082
0.277
0.758
-0.364
0.578
0.354
-1.116
-0.278
0.400
-0.083
-0.089
-0.044
-0.042
-0.461
-0.156
-0.549
-0.239
-0.353
0.152
-0.064
-1.371
-1.428
0.211
-0.263
-0.634
-0.267
-0.790
-0.393
-0.337
-0.069
0.129
-0.695
-1.775
0.631
-0.426
-0.564
-0.227
-0.368
0.078
0.073
-3.346
-1.145
-1.215
-1.364
-1.286
-1.085
-0.286
-1.038
-1.639
-0.985
-1.024
-0.718
-0.196
-0.646
-0.635
-0.827
0.015
-0.916
0.137
-2.619
0.447
-1.741
-0.994
-0.761
-0.224
-1.357
0.108
-0.420
-0.121
-0.384
-0.468
0.706
1.525
1.105
-0.627
-0.693
-0.469
0.983
0.102
-1.214
-0.702
0.273
-0.245
0.243
0.102
-0.594
-0.630
-0.994
-1.249
0.365
-1.335
-2.294
0.213
-1.678
-1.285
0.349
0.312
-0.044
-2.169
-2.006
0.296
-0.345
-0.143
-0.125
0.211
-0.484
0.001
-0.204
-0.985
0.111
-0.873
-0.414
-0.380
0.068
-1.220
0.102
0.328
-0.157
-0.135
0.618
1.262
-0.115
0.165
0.606
-0.284
0.126
-1.648
-0.267
0.575
0.075
0.775
0.386
0.133
0.234
0.365
0.436
0.945
0.967
0.578
0.721
-0.293
-0.586
0.739
0.516
0.221
0.095
0.461
-1.657
0.542
0.162
-0.784
0.873
1.106
0.138
0.352
1.385
-0.661
-0.342
-0.141
0.212
-0.326
-1.058
0.285
-0.294
-1.543
0.462
-2.215
-0.179
0.088
0.043
-0.910
-1.970
-0.061
0.215
-0.295
-0.134
-0.547
-1.128
-0.564
-1.326
-0.470
-2.515
-1.049
-0.530
-0.266
-0.446
-1.055
-0.240
-0.386
-0.809
-0.751
-0.898
-1.650
-0.001
0.056
0.292
-0.210
-0.134
-0.070
0.374
-0.190
-0.398
-0.228
-0.271
-0.455
-0.123
-0.033
-0.022
0.163
-0.232
-0.471
-1.919
-1.092
-0.609
0.042
0.467
0.411
0.088
-1.030
-0.068
0.088
-0.104
-0.118
-0.128
-0.392
-0.653
-0.280
-0.624
-0.774
-0.654
-1.032
-2.726
-0.900
-0.635
0.191
-0.722
-0.071
-1.187
0.677
-0.210
-0.275
-0.114
-0.514
-1.323
-0.374
-0.032
-0.265
0.313
-0.362
-0.220
-0.118
-0.482
-0.403
-0.089
-0.775
-0.394
-0.289
0.691
-0.697
0.144
-3.696
-0.407
0.071
-0.294
-0.868
-0.757
0.246
-1.939
0.258
-0.122
0.189
-0.211
0.128
0.102
-0.492
0.238
0.145
-0.253
0.100
-1.903
-0.390
0.074
0.191
0.098
0.252
0.070
-0.289
-0.205
-0.330
-0.194
0.203
-0.583
0.054
-0.410
-1.862
-0.861
-0.180
-0.994
-0.229
0.140
-1.232
-0.425
-0.875
-0.759
-0.197
-3.179
-0.762
0.385
0.251
-0.525
0.358
0.214
-0.297
0.724
0.654
-1.035
-0.452
-0.805
0.416
0.115
-0.464
-0.293
1.071
0.038
0.473
1.059
0.104
-0.748
0.772
-0.038
0.422
0.517
-0.493
-0.611
0.016
0.229
0.290
0.573
-0.490
0.089
-0.779
-0.765
-0.510
0.153
0.402
-0.046
0.430
-1.133
0.291
1.075
0.135
