-0.594
0.414
0.302
0.025
0.268
0.269
-0.256
-0.529
-0.813
0.376
-0.365
-0.353
-0.579
-0.086
0.347
-0.284
0.393
0.310
-0.289
0.339
-0.330
1.226
2.261
-0.242
-0.153
-0.288
-0.253
-0.400
-0.562
0.012
0.337
-0.220
0.247
-0.560
-0.531
-3.129
-2.203
-1.851
-0.797
-1.572
-2.097
-3.959
0.289
0.629
0.254
-0.146
-0.225
0.404
-2.422
-1.919
-2.742
-2.341
-2.403
-3.699
-2.412
-1.485
-1.378
-0.363
-1.040
-4.316
-1.179
-1.271
-1.187
-1.661
-1.350
-3.291
-1.553
-1.046
-0.297
0.414
-1.366
-0.408
-0.548
-0.309
0.414
0.414
0.414
1.306
-3.111
-0.214
0.712
-1.131
0.125
-0.578
0.138
-0.898
-1.329
-3.008
-0.776
-0.899
0.717
-0.412
-0.358
-0.950
0.394
-0.039
-0.252
-0.283
-1.108
-0.798
-0.247
-0.042
-0.263
-1.175
-0.270
0.422
-0.237
-0.237
-0.237
0.398
-0.235
-0.299
-0.154
-0.232
-0.129
-0.147
-0.234
-0.165
-0.233
0.428
-0.236
-0.237
-0.080
0.355
0.360
-2.454
1.072
1.885
0.736
0.545
-0.249
0.406
-0.861
0.414
0.546
-1.022
0.796
-1.218
0.414
-0.350
-1.056
0.414
2.655
-0.244
-0.125
0.414
-0.320
-0.191
-0.981
-4.111
-0.756
-0.257
-1.565
-2.914
-2.412
-3.106
-3.402
0.372
-4.550
-0.490
-1.653
-2.796
-1.115
0.414
0.523
-0.258
-1.273
-0.984
-0.373
-0.101
-1.623
-0.138
0.391
-0.072
-0.964
-1.911
-1.533
-0.353
-0.171
-1.155
-0.208
-1.734
0.259
-0.407
-0.487
-0.694
-0.490
0.638
-0.269
-0.237
-0.207
-1.626
0.414
0.414
0.414
0.344
-0.568
-1.132
-0.741
-0.273
-0.421
-0.271
0.304
-0.269
-0.228
0.225
-2.396
-2.190
-1.336
-0.168
-0.980
0.182
0.734
-1.391
-0.530
1.507
1.855
0.144
-3.578
-1.573
-0.685
-2.575
-0.347
-2.561
-1.681
-0.682
-1.036
-0.698
-1.527
-1.094
-0.142
-1.957
-1.429
-1.278
-3.215
1.103
0.546
-0.675
-0.975
-0.839
-0.344
-1.061
-0.933
-0.388
-3.068
-0.228
-0.195
0.541
-1.591
-1.238
0.783
-1.454
-0.505
0.347
-1.462
-0.580
-2.322
-0.170
-0.338
-1.366
-1.086
-0.053
-1.073
-0.595
1.604
-1.287
0.345
0.414
0.097
-0.925
0.279
-1.309
-0.240
0.335
-0.849
0.414
0.395
-0.287
-0.122
0.590
-1.040
-0.473
-1.593
-1.380
-1.339
-0.514
-0.094
0.122
0.093
0.577
-3.546
0.250
-0.245
0.497
-0.363
-0.382
-1.280
-0.251
-5.264
-1.759
-0.218
-0.801
0.383
-2.091
-0.406
-0.192
0.567
1.328
1.027
-1.128
2.248
0.101
-0.041
-0.160
-0.623
-1.538
-0.470
0.393
-0.054
-0.250
-0.205
-0.251
-0.249
-0.251
-0.282
-0.262
-0.307
-0.220
-0.231
-1.656
-1.822
-0.416
-0.575
-0.594
-0.313
-1.541
-0.406
-0.480
-0.164
-0.261
-1.053
-1.930
0.625
-0.651
-0.041
-0.350
-0.695
0.174
-0.292
-3.333
-1.098
-0.926
-1.760
-1.459
0.414
-0.199
-1.653
-1.514
-1.183
-0.412
-0.778
0.342
-0.512
-0.356
-0.226
-0.888
-3.003
0.151
-3.846
0.414
-1.231
-2.206
-0.989
0.008
-1.829
-0.127
0.214
0.512
-1.040
0.163
-0.455
0.521
0.679
-1.802
-1.493
-1.221
0.384
-0.529
-1.147
-0.732
-0.217
0.038
0.235
-0.182
-0.422
-1.050
-0.432
-2.071
0.916
-4.220
-2.039
0.414
-1.756
-1.639
0.414
0.414
-1.567
-3.247
-2.683
-0.330
0.102
-0.257
-0.158
0.575
-0.440
-0.691
-0.337
-0.999
0.912
-1.049
-0.945
-1.033
-0.262
-0.923
0.334
0.757
0.010
-0.244
0.111
0.090
0.496
0.668
0.503
-0.443
0.414
-1.280
-1.410
0.414
-0.087
1.662
0.407
-0.197
0.427
0.944
-0.302
1.359
3.198
0.577
1.159
0.022
0.059
0.625
0.291
-0.288
-0.290
-0.465
-2.781
0.603
0.422
-2.093
0.357
-1.251
-2.880
-0.889
-1.611
-0.445
-0.271
-0.491
-0.268
-0.273
-0.643
0.358
-0.264
-2.644
0.531
-3.619
-1.137
0.414
-0.246
-1.945
-3.428
-0.232
0.378
-0.477
0.616
-1.372
-1.382
-0.450
-1.377
-0.658
-3.185
-1.348
-0.330
-0.266
-0.517
-1.565
-0.379
-0.378
-0.945
-2.649
-1.254
-1.590
0.082
-0.197
0.124
-0.317
-0.144
-0.471
0.623
0.170
-0.366
-0.362
-0.301
0.250
-0.020
-0.187
-0.555
-0.104
-0.369
-0.460
-1.944
-2.025
-1.050
-0.513
0.489
0.190
-0.195
-0.260
-0.257
-0.119
-0.323
-0.273
-0.204
-0.203
-0.989
-0.174
-1.273
-0.000
-0.619
-0.910
-3.861
-0.768
-1.136
0.138
-1.353
-0.453
-0.579
0.211
-0.329
0.245
-0.230
-0.376
0.305
-0.357
0.403
-0.311
-0.203
-0.198
-0.257
-0.168
-0.426
-0.278
-0.245
-0.444
-0.627
-0.254
0.646
-0.997
1.004
-4.213
-0.786
0.414
-0.327
-0.783
-0.620
0.414
-0.187
0.391
-0.570
0.414
-0.327
0.362
0.314
-0.468
0.133
-0.190
0.100
-0.224
-1.844
-1.005
-0.239
-0.286
-0.243
-0.340
-0.258
-0.379
0.358
-0.254
-0.246
-0.245
-0.765
-0.956
-0.359
-1.965
-0.693
-1.299
-1.123
-0.602
-0.478
-1.681
-0.513
-0.781
-0.918
-0.923
-4.539
-0.648
-0.348
-0.134
-0.855
0.344
0.529
-0.549
-0.299
0.270
-0.569
-0.920
-1.182
-0.163
0.414
-1.068
-0.484
0.451
0.339
1.252
1.763
0.661
-1.111
-0.556
0.226
0.640
0.526
-1.081
-0.777
-0.212
-0.052
0.079
1.316
-1.332
-0.480
-1.252
-0.904
-0.575
-0.642
0.436
-0.013
1.414
-2.152
0.301
-0.453
0.414
