-0.037
0.084
0.111
0.349
-0.082
-0.074
0.829
0.024
0.267
0.239
0.049
0.516
-0.069
0.128
-0.052
-0.784
-0.283
-0.496
-0.135
0.157
0.186
-0.778
-1.247
-0.065
-0.073
-0.069
0.140
0.286
0.437
0.121
0.011
0.369
0.146
-0.019
-0.072
2.412
1.687
2.052
0.524
0.751
1.173
3.220
-0.374
-0.604
-0.065
0.454
-0.050
-0.040
1.364
1.261
2.070
1.572
1.942
2.826
1.936
1.305
1.289
-0.102
0.734
3.165
1.159
1.315
1.432
1.118
1.167
1.798
0.816
0.367
-0.012
-0.313
0.535
0.035
-0.266
0.204
-0.062
1.085
-0.067
-1.497
3.449
-0.057
-0.367
0.623
-0.069
-0.008
-0.411
-0.045
0.513
1.939
0.373
-0.640
-0.622
0.129
-0.051
0.966
0.158
-0.069
0.045
0.012
1.169
0.493
0.369
0.052
0.170
0.632
0.200
-0.185
0.054
-1.156
-0.007
-0.069
0.285
0.212
0.090
0.223
0.135
-0.069
0.087
-0.233
0.224
0.127
-0.051
0.129
-0.038
0.293
-0.085
1.613
-1.056
-0.383
-0.394
0.682
0.027
-0.299
0.216
-0.069
-0.905
0.898
-0.385
-0.016
-0.431
0.564
-0.069
-0.164
-1.521
-0.001
-0.056
0.020
0.158
1.157
1.684
1.690
0.769
0.365
0.431
1.535
0.805
3.000
3.150
0.908
0.707
-0.147
0.095
2.240
0.849
0.152
-0.761
0.096
0.126
1.179
0.138
0.190
0.711
-0.260
-0.068
0.028
0.875
1.685
1.131
0.431
0.130
0.186
-0.070
1.491
0.058
0.917
0.625
-0.008
-0.040
-0.569
-0.213
0.194
0.007
0.552
-0.120
3.197
-0.079
-1.043
0.497
-0.029
0.084
0.051
0.534
0.012
-0.527
0.078
-0.029
-0.069
3.538
2.523
0.427
-0.090
0.021
0.013
-1.755
0.835
0.026
-2.031
1.122
-0.290
3.654
1.506
0.815
2.121
0.087
1.621
1.384
0.056
0.286
0.484
0.763
1.016
-0.095
1.259
0.715
2.090
3.352
0.011
-0.125
0.117
0.362
0.422
0.493
0.761
-0.008
-0.314
2.402
0.118
0.310
-0.030
1.193
0.836
-0.257
0.836
0.090
-0.462
0.694
0.203
1.361
-0.047
-0.698
1.273
0.256
0.304
0.910
0.177
-1.483
-0.389
-0.172
0.017
-0.139
0.123
-0.253
1.143
0.076
-0.106
1.281
-0.069
0.166
1.186
0.016
-0.187
-0.040
0.282
0.997
0.876
0.731
-0.069
-0.069
0.688
-0.069
0.109
2.484
-1.673
-0.257
-0.254
-0.185
-0.400
0.867
0.300
3.705
0.588
0.003
0.638
-0.011
1.832
0.079
0.152
-0.754
-1.355
-0.146
-0.325
-1.838
-0.442
0.172
-0.629
-0.547
0.682
0.126
-0.306
-0.294
-0.267
0.004
0.018
0.273
-0.020
0.645
-0.092
0.020
-0.048
-0.069
1.805
2.510
0.259
0.129
0.402
0.071
1.144
0.279
0.273
0.039
-0.108
0.212
1.057
-0.802
0.313
0.460
-0.025
0.378
-0.241
-0.193
3.002
1.084
0.821
1.575
1.351
0.530
-0.067
1.046
1.335
1.001
-0.069
-0.069
0.017
-0.094
0.096
0.283
0.134
2.081
-0.218
2.404
0.103
2.175
0.887
0.517
0.146
1.446
-0.046
-0.225
-0.047
0.008
0.249
-0.347
-4.406
-0.086
0.355
0.611
-0.133
-0.186
0.224
0.305
0.284
-0.561
-0.230
-0.099
-0.214
0.140
0.072
0.044
0.008
0.634
1.669
1.187
0.725
0.465
1.518
0.652
0.076
0.948
1.102
1.161
0.004
0.018
-0.069
0.033
0.200
0.244
-0.024
0.219
0.697
0.043
0.885
0.406
0.594
-0.054
0.127
-0.181
0.867
0.486
0.094
0.041
-1.247
0.009
-0.164
-0.151
0.224
-0.392
1.027
1.027
-0.069
-0.228
-1.188
-0.753
-0.069
-0.133
-0.328
0.129
-0.905
-0.827
-1.071
-0.790
-0.955
0.082
-1.132
-0.513
0.038
0.408
-0.254
2.094
-0.641
-0.350
1.676
-0.452
-0.710
0.485
-0.253
0.814
-0.005
0.026
0.224
0.063
0.023
0.603
-0.069
0.272
1.921
0.254
2.787
0.577
-0.069
0.202
1.179
2.522
0.005
-0.283
-0.322
0.158
-0.015
0.731
0.374
0.869
0.425
2.486
1.026
0.310
0.033
0.150
0.801
0.258
0.257
0.762
1.805
0.901
1.221
0.203
0.029
-0.321
0.039
0.012
0.027
-0.244
-0.084
0.288
0.042
-0.048
-0.273
-0.477
-0.018
-0.030
0.086
0.147
0.397
1.221
0.931
0.749
0.307
-0.473
-0.160
0.174
0.384
-0.061
0.033
0.182
0.099
0.021
0.124
0.200
0.069
0.417
0.154
0.022
0.794
2.210
0.499
0.812
-0.575
0.117
0.311
1.781
-0.020
0.016
-0.376
0.300
0.973
0.209
0.300
0.785
-0.044
-0.507
0.265
0.026
0.036
0.692
0.449
0.207
0.173
0.202
-0.071
-0.369
0.813
0.065
3.404
0.534
0.633
-0.132
0.310
1.087
-0.069
1.530
-0.502
0.187
-0.069
0.209
-0.120
-0.489
0.048
-0.160
-0.261
-0.187
-0.070
1.773
0.435
0.012
0.227
-0.299
-0.033
-0.224
0.131
0.255
-0.035
0.204
0.016
1.151
0.779
0.227
1.391
0.411
-0.015
0.538
0.706
-0.080
1.261
0.787
1.169
0.004
0.672
3.046
0.711
-0.016
1.435
0.769
-0.330
0.433
0.108
-0.877
-0.433
-0.033
1.340
0.692
-0.573
1.095
1.008
0.591
-0.840
-0.069
-0.374
-0.400
-0.077
-0.007
-0.254
0.509
-0.054
-0.069
1.536
0.429
0.010
-0.331
-0.132
-1.193
1.235
-0.080
0.730
0.220
0.173
0.146
-0.393
-0.164
-1.819
1.180
-0.288
-0.368
-0.178
