0.272
0.384
-0.173
0.217
0.451
0.499
0.325
0.219
0.324
0.357
0.386
0.640
0.442
0.276
-1.013
0.044
-0.082
-0.085
-0.027
-0.430
0.760
-0.916
-1.876
0.087
-0.511
0.673
0.041
-0.109
0.658
0.075
-0.319
-0.143
-0.269
0.351
0.166
3.001
1.260
2.863
0.734
1.675
2.532
4.863
-0.233
-0.183
0.242
-0.019
0.032
0.059
2.348
1.868
2.414
2.253
2.936
2.506
3.230
2.066
1.834
0.063
1.036
2.875
1.117
1.107
1.657
2.170
2.221
2.348
0.656
0.331
0.090
0.044
0.345
-0.038
-0.294
0.947
-2.100
-1.076
-1.191
-1.662
4.885
-0.161
-0.721
1.276
0.107
0.572
-0.347
0.033
0.999
2.906
0.718
-0.013
0.033
0.050
-0.123
0.688
0.262
-0.032
-0.096
-0.191
2.155
1.351
0.047
-0.270
0.176
0.122
0.348
-0.533
-0.121
-0.981
-0.126
-0.082
0.004
0.172
-0.102
-0.108
-0.144
-0.110
0.058
-0.398
-0.108
-0.080
0.029
-0.091
-0.101
-0.210
-0.117
1.475
-0.239
-0.310
-0.011
0.403
-0.176
-0.178
0.156
0.033
-1.005
1.986
0.099
0.033
0.033
-0.070
0.145
0.033
-1.249
0.056
0.212
0.033
0.157
0.057
0.396
1.074
0.102
0.033
0.888
2.510
0.033
2.537
1.684
1.481
0.683
0.033
0.175
2.604
1.651
0.033
-1.344
0.039
1.464
0.218
0.356
0.078
1.467
0.133
-2.097
-0.069
1.104
2.656
1.165
0.766
2.206
1.445
0.661
2.364
-0.097
0.826
0.696
0.190
0.094
-0.300
0.174
-0.032
0.035
0.033
0.033
0.033
-2.405
-0.402
0.645
0.568
0.464
0.173
0.440
0.090
-0.012
0.068
0.092
0.046
3.770
2.897
1.370
0.263
0.033
0.085
-2.310
0.046
0.293
-0.992
-0.070
0.229
3.256
2.512
1.386
3.334
0.488
1.896
1.562
0.882
0.165
0.465
2.034
1.161
1.019
3.257
2.056
1.831
8.301
-1.225
-1.211
0.429
-0.346
0.679
0.432
1.188
0.661
-0.146
2.141
-0.102
0.780
0.033
1.053
1.729
-0.058
1.327
0.122
-0.089
1.644
0.757
1.950
-0.196
0.332
1.003
0.158
0.192
1.343
0.688
-2.281
-0.408
-0.195
0.026
0.053
0.955
-0.071
1.174
-0.151
0.180
0.030
0.662
1.360
0.665
0.357
-0.288
-0.177
0.849
0.033
0.346
2.368
-0.145
0.033
-0.212
0.147
-0.216
2.494
-0.125
-0.148
0.090
-0.078
-0.049
-0.518
-0.535
3.918
-0.525
-0.023
0.004
0.057
1.308
-0.013
-0.559
-0.656
-1.320
-0.225
0.229
0.548
-0.098
0.574
-0.626
0.101
1.752
-0.137
0.525
0.047
-0.088
0.053
-0.113
0.411
-0.062
0.343
0.320
0.543
0.054
0.020
1.770
1.971
0.336
-0.473
0.801
0.322
1.470
0.244
0.109
-0.085
0.177
0.504
1.925
-0.953
0.840
0.548
0.156
0.074
0.106
0.072
2.727
1.785
1.500
1.988
1.168
0.468
0.349
1.290
1.759
1.230
0.033
0.033
0.057
0.151
1.148
0.771
0.871
2.923
-0.216
2.303
0.079
0.529
2.484
1.138
0.399
1.737
-0.019
0.033
-0.038
0.479
0.475
0.542
-0.642
-0.361
0.790
0.507
-0.219
-1.567
-0.420
1.032
-0.571
-0.233
0.085
0.083
0.188
-0.315
0.486
0.274
0.907
-0.016
1.582
1.636
-0.940
0.907
1.777
-1.498
0.485
0.448
1.596
2.288
0.044
0.126
-0.103
0.232
0.028
0.263
0.058
0.377
1.090
-0.096
1.413
0.615
0.680
0.284
0.326
0.136
1.035
0.186
0.068
-0.144
-1.609
0.306
0.215
-0.013
0.674
-0.263
1.800
1.514
-0.568
-0.162
-1.273
-0.480
0.151
-0.027
-0.230
-0.166
-0.874
-0.756
-1.340
-1.160
0.033
0.408
-1.345
-0.363
-0.209
0.288
-0.581
1.049
-0.705
-0.508
2.342
-0.161
0.137
0.590
-0.059
0.721
0.143
0.160
0.605
0.408
0.348
0.103
0.035
0.601
2.167
0.136
2.604
1.373
0.033
0.033
1.012
2.902
0.045
-0.002
-0.188
0.015
1.081
1.228
0.444
1.105
0.746
2.824
1.575
0.438
0.272
0.736
0.668
0.159
0.566
1.388
1.721
0.971
1.346
-0.044
0.026
-0.271
0.217
-0.037
0.199
-0.285
0.450
0.398
-0.076
0.088
0.023
0.779
0.350
0.474
0.033
0.291
0.588
2.163
1.623
0.698
0.236
-0.703
-0.553
0.279
0.946
0.300
-0.727
0.132
0.363
0.107
0.652
1.187
0.518
1.044
0.599
1.051
0.823
2.689
1.027
1.039
-0.116
0.904
0.123
1.214
0.033
0.204
-0.606
-0.093
1.085
0.033
0.586
0.470
0.291
-0.301
0.525
0.064
0.235
0.724
0.559
0.265
0.805
0.526
-0.157
0.229
1.198
0.151
2.307
1.391
0.850
0.188
-0.210
0.867
-0.504
1.131
-0.642
0.100
-0.548
0.096
0.061
-0.237
-0.044
-0.288
-0.255
0.253
0.225
1.955
2.275
-0.166
-0.140
-0.014
-0.096
-0.143
0.262
0.463
0.437
0.041
0.261
0.690
0.755
0.361
1.827
0.684
0.472
0.746
0.696
0.033
1.098
0.567
1.234
0.789
1.290
4.350
1.187
-0.152
0.351
0.931
-0.166
0.186
0.360
-0.192
0.168
1.308
0.221
0.866
0.035
-0.815
1.749
0.806
-0.808
0.264
-0.435
-0.749
-0.682
0.357
-0.791
0.174
0.056
-0.273
0.984
1.568
-0.040
-0.129
-0.287
-1.512
1.065
0.308
0.812
1.492
0.387
0.087
-0.405
0.287
-2.291
1.484
-0.116
-0.077
-0.358
