-0.045
-0.165
0.683
-0.013
-0.135
0.116
-0.004
-0.080
-0.598
-0.209
-0.618
-0.006
-0.297
-0.118
-0.162
0.191
0.223
0.229
-0.720
0.114
-0.106
0.067
0.138
0.131
0.133
1.141
-0.095
-0.311
-0.118
-0.089
-0.181
-0.354
-0.674
-0.016
0.053
-2.359
-2.499
-2.659
-0.809
-2.967
-1.713
-4.233
-0.099
0.276
-0.017
-0.160
-0.438
-0.849
-3.105
-1.114
-2.619
-1.499
-1.699
-3.275
-1.781
-1.242
-1.575
-0.302
-0.749
-3.946
-1.357
-2.195
-2.093
-1.706
-0.692
-2.660
-1.558
-0.663
-0.105
-0.645
-1.082
0.190
-0.987
-0.723
-1.892
-0.989
-0.672
0.717
-2.133
0.373
0.642
-0.975
-1.182
-0.208
0.723
0.910
-0.627
-2.177
0.560
-0.297
0.269
-0.978
-0.071
-0.634
-0.100
0.231
0.068
0.285
-0.770
-0.198
0.191
-0.098
-0.076
-0.251
-0.049
0.249
0.038
0.162
0.034
0.067
0.164
0.329
0.035
0.064
0.058
0.109
0.141
0.503
0.002
0.101
0.094
0.148
-0.017
0.215
0.093
-1.649
-0.560
-0.253
-0.612
0.161
0.013
0.536
0.231
-0.876
1.039
-1.490
-0.094
-0.349
1.135
-0.101
0.083
1.496
0.817
0.036
-0.193
0.906
-0.136
-0.545
-0.370
-1.976
-0.996
0.362
-1.534
-1.551
-1.689
-3.338
-2.885
-3.989
-4.450
0.316
-2.788
-2.621
-1.975
-1.175
0.388
0.030
-1.145
-0.933
-0.084
-1.709
-0.420
0.117
0.062
0.211
-0.618
-2.765
-0.988
-0.591
-0.672
-1.069
-0.056
-1.821
-0.074
-0.565
-1.473
-0.425
-0.431
0.297
-0.641
-0.235
0.112
-2.067
0.043
-2.966
-1.330
0.394
-0.834
-1.662
-0.679
-0.303
-0.389
-0.082
0.587
0.183
-0.071
-0.092
-2.524
-2.028
-1.333
0.122
-0.551
-0.034
2.307
0.105
0.102
1.030
0.163
0.154
-3.299
-1.947
-0.619
-1.923
-0.959
-2.482
-1.248
-0.758
-2.460
-0.364
-1.783
-1.241
-0.935
-2.926
-2.154
-1.742
-2.624
0.583
0.298
-0.847
0.134
-0.855
-0.672
-1.500
-0.105
0.400
-2.855
-0.114
-0.345
0.719
-1.201
-1.677
-0.390
-0.521
-0.193
-0.143
-1.017
-1.221
-2.094
-0.256
-0.505
-1.537
-0.986
-0.888
-1.283
-0.922
2.012
0.158
0.341
-0.419
0.600
-0.384
0.358
-1.464
-0.176
-0.124
-0.049
-0.217
-2.053
-0.082
-0.368
0.172
0.048
-0.527
-1.132
-1.743
-1.067
0.126
0.204
-0.095
-0.102
-0.246
-0.750
-0.018
0.027
0.039
0.022
-0.463
-0.219
0.770
-2.685
0.325
0.166
-0.530
0.251
-1.704
0.112
0.083
-0.037
1.192
0.216
-0.346
0.129
-0.163
-0.722
0.476
-0.756
-3.126
-1.275
-0.372
-0.527
0.242
0.004
0.083
-0.259
-0.024
-0.244
0.041
-1.064
0.019
0.205
-0.944
-0.396
0.078
0.421
-0.452
-0.135
-1.652
-0.136
-0.552
0.295
0.043
-1.189
-2.417
1.202
-1.240
-1.757
0.053
0.110
0.618
-0.069
-2.661
-2.060
-1.770
-1.897
-2.015
-0.775
-0.586
-1.262
-1.664
-1.332
-0.436
-0.278
-0.082
-0.671
-0.943
-0.197
-0.084
-0.265
-0.346
-1.914
-0.066
-0.457
-0.313
-1.056
-0.373
-1.028
0.195
-0.012
0.428
0.214
0.233
0.417
0.571
1.079
-0.277
-0.242
-0.538
-0.345
-0.287
-0.339
-0.040
-0.031
0.080
-0.066
1.017
0.274
-1.538
-0.402
-1.018
0.799
-1.299
-0.825
-0.445
-0.366
-0.396
-1.067
-1.092
-0.573
-4.089
-3.532
-0.355
-0.231
-0.159
-1.059
-0.260
-0.331
-0.146
-0.586
-1.362
0.154
-1.585
-0.307
-0.700
-0.112
-0.311
-0.222
-0.842
-0.235
-0.095
0.216
0.450
-0.172
0.185
0.305
-0.445
-0.769
-1.315
-1.325
0.040
0.103
1.339
1.102
-0.055
0.403
0.719
0.231
0.874
0.686
0.790
2.511
0.877
0.243
-0.031
0.383
0.194
-0.384
0.135
-1.986
0.371
0.213
-1.478
0.171
0.213
-0.151
0.821
-0.989
-0.501
0.210
0.438
0.209
-0.128
-1.062
-0.069
-0.245
-1.106
-0.123
-2.688
-1.165
-1.583
-0.480
-0.688
-0.859
-0.450
-0.258
0.258
-0.257
-0.075
-2.795
-0.794
-1.868
-0.225
-2.534
-1.107
-0.300
-0.897
-0.634
-1.002
-0.460
-0.318
-1.179
-1.539
-1.373
-2.452
-0.120
-0.030
0.006
0.240
0.094
0.404
1.247
-0.030
-0.179
-0.108
0.039
-0.381
0.052
-0.077
-0.517
-0.063
-0.985
-0.512
-2.192
-1.066
-1.439
-0.054
0.392
0.021
0.065
-0.160
0.103
-0.082
-0.093
-0.056
-0.122
-0.142
-1.051
-0.767
-0.841
-0.814
-1.113
-1.317
-3.226
-1.610
-1.084
-0.093
-0.074
-0.128
-0.888
0.069
0.116
-0.063
-0.277
-0.655
-0.157
-0.837
-1.296
-0.277
-0.107
0.173
-0.215
-0.020
-0.785
-0.445
-0.291
-0.361
-0.615
0.056
-0.008
-0.713
0.250
-1.720
-1.279
-1.066
-0.167
-0.550
-1.209
0.583
-0.175
0.354
-0.003
0.187
-0.286
0.584
0.251
0.138
-0.001
-0.279
0.039
-0.301
-1.591
-1.720
0.055
0.287
-0.104
-0.032
0.003
0.017
0.173
0.098
-0.243
0.194
-1.318
-0.597
-0.137
-0.834
-0.386
0.043
-1.438
-1.347
-0.105
-1.603
-0.344
-1.767
-1.646
-0.524
-2.379
-1.337
0.045
-0.679
-0.379
0.158
-0.210
-0.528
0.961
-0.363
-1.072
0.137
-0.804
1.381
-0.525
-0.089
0.843
0.766
-0.570
0.594
0.093
0.441
-1.275
0.254
0.015
-0.151
0.905
-0.839
-0.650
-0.063
-0.145
0.023
0.451
-0.333
-0.241
-0.962
-1.899
-0.642
0.013
0.150
0.157
1.771
-0.728
0.677
-0.931
-0.226
