-0.074
-0.020
0.156
-0.017
0.090
-0.019
-0.094
-0.223
-0.197
-0.020
-0.040
-0.631
-0.075
-0.216
-0.007
-0.020
0.438
0.118
-0.124
-0.176
-0.160
1.464
0.068
0.059
0.161
-0.005
-0.020
-0.132
-0.192
-0.020
-0.020
0.037
0.200
-0.190
0.142
-3.261
-1.485
-2.428
-0.634
-1.322
-1.249
-2.905
-0.020
0.087
-0.020
-0.020
-0.020
-0.020
-1.988
-1.586
-1.888
-1.669
-2.361
-2.594
-1.178
-0.916
-1.769
-0.269
-1.190
-4.109
-0.493
-0.514
-1.598
-2.521
-1.735
-1.889
-2.263
-1.053
-0.339
-1.003
-2.208
0.300
-0.973
-0.451
-1.198
-2.464
-0.067
1.164
-3.460
-0.038
-0.020
-0.213
-1.943
-0.081
0.279
0.039
-1.747
-3.081
-0.874
-0.601
0.589
-0.158
0.007
-0.343
-0.138
-0.026
-0.015
-0.020
-1.005
-0.718
-0.036
-0.085
-0.035
-0.299
-0.046
-0.020
-0.056
-0.037
-0.020
0.995
-0.127
-0.002
-0.020
-0.020
0.004
0.067
-0.020
0.008
-0.020
-0.020
-0.156
-0.020
-0.020
1.107
1.131
-0.915
0.069
0.425
0.707
-0.020
-0.193
-0.020
-0.101
0.621
1.257
0.179
0.139
-0.095
1.227
-0.034
-0.647
1.819
2.004
0.013
-0.238
-0.020
-0.104
-0.207
-1.101
-2.541
-0.194
-0.024
-0.467
-1.616
-1.544
-3.528
-2.639
-3.743
-1.422
0.160
-0.132
-2.041
-1.018
-0.020
0.370
-0.011
-1.051
-0.917
-0.108
-0.363
-1.801
0.757
0.005
-0.011
-0.243
-1.189
-2.152
-0.423
-1.075
-1.189
0.157
-2.991
0.282
-0.358
-1.160
0.149
0.036
0.868
-0.020
0.382
-0.072
-0.978
-0.153
-3.460
-2.398
1.008
-0.263
-0.382
-0.071
-0.071
-0.020
-0.020
-0.020
-0.020
-0.035
-0.020
-2.018
-1.598
-0.788
-0.020
-0.227
0.490
1.281
-0.075
-0.020
0.184
-0.292
0.290
-1.440
-2.694
-1.595
-2.228
-0.512
-0.994
-0.744
-0.988
-1.536
-0.520
-0.721
-2.297
-0.171
-2.049
-1.647
-0.892
-3.113
0.550
2.174
-0.295
0.262
-1.538
-0.080
-0.185
0.054
0.147
-2.862
-0.020
-0.761
-0.101
-1.248
-0.852
-0.796
-0.508
-0.890
-0.139
-0.500
-0.038
-1.186
-0.042
-0.316
-1.784
-1.324
-0.281
-1.590
-0.976
1.210
-0.241
0.611
-0.366
0.182
-0.579
-0.101
-0.097
-0.020
0.112
-1.184
-0.020
0.801
-0.096
-0.086
-0.052
0.201
-0.229
-1.418
-1.028
-1.178
0.097
-0.001
-0.024
-0.020
-0.029
-1.934
-0.019
-0.016
0.041
0.066
0.047
0.160
0.078
-3.314
0.458
0.080
-2.646
-0.683
-2.394
-0.077
-0.702
0.684
2.153
0.817
-0.018
-0.076
0.590
-0.570
-0.118
-1.217
-2.565
-2.535
-0.166
1.180
-0.743
-0.046
-0.137
-0.080
-0.031
-0.024
-0.021
-1.663
-0.020
-0.020
-1.776
-0.620
-0.305
-0.579
-0.641
-0.050
-1.623
-0.557
-0.154
-0.020
-0.004
-0.336
-0.510
0.660
-0.050
-0.097
-0.020
-1.465
0.228
-0.023
-2.634
-1.977
-0.247
-1.639
-1.919
-0.107
-0.091
-1.053
-2.263
-1.017
0.072
0.122
-0.020
-0.237
-0.587
-0.504
-0.807
-1.442
-0.201
-2.074
-0.020
-1.672
-0.771
-0.801
-0.221
-0.814
-0.830
-0.032
-0.068
-0.020
-0.529
-0.038
0.167
0.981
-0.493
-0.723
-0.280
0.162
-0.276
-0.306
-0.701
0.121
-0.114
-0.020
0.054
0.119
-0.459
-0.721
-0.287
0.273
-1.335
-0.992
-0.734
-0.861
-1.291
-1.033
-0.849
-0.119
-1.404
-2.694
-0.067
-0.101
-0.020
-0.020
-0.025
-0.042
-0.261
-0.109
-0.606
0.050
-1.629
-0.615
-0.765
-0.162
-0.039
-0.716
-1.312
-0.421
-0.020
0.221
0.987
-0.031
-0.018
-0.014
-0.020
0.202
-1.720
-1.414
0.014
0.110
0.892
0.177
0.862
-0.038
0.260
0.702
0.834
0.908
1.783
0.719
-0.016
0.378
0.486
0.807
-0.115
-0.254
-0.270
-3.128
0.060
0.087
-1.132
0.334
-0.912
-1.795
0.110
0.158
0.820
0.156
-0.287
0.039
-0.410
-0.705
-0.188
-0.028
-1.088
0.339
-1.875
-0.573
-0.020
-0.068
-0.547
-0.888
0.029
0.074
-0.446
0.517
-0.137
-1.680
-0.257
-1.738
-0.917
-3.175
-1.309
-0.094
-0.304
-0.020
-0.839
-0.159
-0.160
-0.226
-2.934
-1.008
-1.402
-0.281
-0.383
-0.023
-0.071
0.030
0.085
0.518
-0.247
-0.185
-0.020
-0.062
-0.114
-0.151
-0.019
-0.245
-0.294
-0.493
-0.438
-2.108
-1.572
-0.068
0.076
0.341
-0.186
-0.095
-0.445
0.047
-0.172
-0.009
-0.012
-0.048
-0.543
-0.701
-0.103
-1.386
-0.283
-0.699
-1.869
-3.262
-0.926
-1.543
-0.014
-0.020
-0.046
-0.198
0.262
0.074
0.996
-0.040
-1.749
-0.020
-0.258
-0.706
-0.057
-0.116
-0.020
0.012
-0.020
-0.573
0.020
-0.190
-0.027
-0.095
0.113
0.743
-1.281
0.183
-3.240
-0.813
-2.096
-0.375
0.231
0.016
-0.070
-0.065
0.023
-0.020
-0.020
-0.045
-0.058
0.537
-0.221
-0.020
0.004
-0.207
-0.020
-1.905
-1.953
0.155
-0.075
-0.152
-0.214
0.779
-0.372
-0.161
0.388
-0.220
-0.020
-0.232
-0.060
-0.020
-1.571
-1.198
-0.882
-0.908
-0.909
-0.020
-0.291
-0.079
-1.612
-1.349
-1.348
-3.601
-1.104
0.041
-1.562
-0.386
0.439
-0.226
-0.364
0.971
0.631
0.255
-1.075
-1.319
-0.014
-0.393
-1.642
-1.236
0.986
-1.053
0.340
0.014
0.005
-0.315
0.047
-1.685
0.078
0.274
-0.038
-0.452
-0.020
-0.020
0.018
0.175
-1.341
-0.041
-0.147
-0.301
-0.301
-0.447
0.255
0.004
0.584
-2.023
0.046
0.262
-0.401
