-0.111
0.578
-0.296
0.124
-0.023
-0.003
0.014
0.134
0.320
0.310
0.249
0.662
-0.006
-0.123
-0.248
-0.144
-0.353
-0.354
0.143
-0.176
0.205
-1.159
-1.539
0.217
0.020
0.175
-0.044
0.353
0.518
-0.178
-0.130
0.081
-0.468
-0.154
-0.531
3.207
2.514
2.693
0.790
2.203
2.342
4.887
0.126
-0.115
0.215
-0.152
0.019
-0.092
0.375
1.970
2.177
1.630
2.615
2.592
2.008
1.837
0.941
-0.054
1.047
4.367
1.690
1.359
1.745
2.444
1.582
4.553
0.954
0.746
0.140
-0.077
0.449
0.047
-0.530
0.247
-0.111
0.165
-0.114
-0.111
3.547
-0.107
-0.111
1.629
0.104
-0.013
-0.399
0.744
1.418
2.984
0.167
0.070
-0.111
0.257
0.226
0.824
0.488
0.070
-0.322
-0.055
0.225
0.301
-0.111
-0.111
0.089
0.942
-0.111
-0.130
-0.087
0.027
-0.211
-0.332
-0.076
0.050
-0.184
-0.196
-0.324
-0.215
-0.054
-0.111
-0.155
0.075
0.053
0.001
-0.193
-0.477
-0.224
1.397
0.147
-0.987
-0.785
-0.081
0.012
-0.110
0.452
-0.111
-0.283
1.314
0.492
-0.098
0.058
0.521
-0.052
-0.111
-0.251
-0.105
0.131
-0.111
0.115
0.409
0.403
0.832
-0.068
-0.109
0.680
1.501
1.379
2.879
3.044
1.489
0.574
-0.111
0.107
1.949
0.164
-0.111
-0.645
0.013
1.850
0.193
0.128
0.108
1.440
-0.278
-0.010
-0.188
1.283
0.991
1.425
1.405
0.833
0.502
-0.146
2.664
0.145
1.009
0.604
0.082
-0.064
-0.544
-0.046
-0.085
-0.085
0.823
-0.111
4.271
-0.111
-0.564
0.195
0.228
-0.069
0.461
0.882
0.706
-0.686
0.146
0.081
-0.057
2.585
2.086
1.007
0.103
-0.116
-0.111
-1.908
1.167
0.635
-0.408
0.253
-0.151
2.445
0.581
2.074
1.962
0.479
2.159
0.929
1.011
0.261
0.954
1.953
1.135
0.156
2.063
1.664
2.038
3.846
-0.030
-0.984
0.671
-0.042
0.185
0.156
0.993
0.079
-0.059
3.248
0.176
0.984
-0.040
1.725
2.047
0.090
1.005
0.302
-0.146
1.495
0.317
1.832
-0.142
0.154
0.935
0.281
0.960
1.072
1.434
-1.971
-0.111
-0.127
0.223
-0.058
0.184
-0.232
1.380
-0.172
-0.076
0.236
-0.110
-0.043
0.157
1.818
-0.109
-0.547
0.577
-0.111
0.284
1.165
0.235
0.560
0.366
-0.111
0.681
2.209
-1.201
0.098
-0.308
-0.012
0.491
0.651
-0.368
2.753
-1.087
0.188
2.080
0.532
0.909
0.231
0.151
-0.525
-2.905
-1.737
-0.276
0.348
-0.753
0.552
0.201
0.406
2.636
0.817
0.502
0.234
0.002
0.429
0.012
0.208
-0.041
0.045
-0.099
0.729
0.120
-0.085
2.053
1.871
1.078
0.265
0.826
0.025
1.254
0.391
-0.136
0.074
-0.106
0.812
1.881
-0.476
0.312
1.843
-0.410
0.495
-0.461
-0.108
3.551
1.198
0.953
1.522
1.455
1.338
0.414
1.407
2.798
1.362
1.195
0.898
0.111
0.203
0.126
0.378
-0.049
1.418
-0.350
1.314
-0.185
1.751
0.957
0.115
0.174
0.912
0.057
-0.104
-0.095
0.163
0.457
0.226
-0.544
-0.283
0.561
0.493
0.433
-0.052
0.096
1.014
-0.634
-0.333
0.011
-0.082
-0.381
0.270
0.632
0.159
1.451
-0.031
2.830
1.952
2.193
0.645
2.381
-0.082
-0.097
-0.020
2.390
2.101
-0.071
0.157
-0.111
0.437
-0.485
0.364
-0.156
0.209
0.876
0.152
1.798
0.853
0.561
0.122
0.218
-0.103
0.190
0.549
0.154
-0.129
-0.108
0.494
-0.556
-0.559
0.304
-0.094
2.294
1.022
1.393
-0.167
-1.196
-0.492
-0.152
-0.250
-0.890
0.066
-0.820
-0.927
-1.240
-0.111
-0.159
0.105
0.020
-0.350
-0.109
0.897
0.009
1.802
-0.754
-0.459
2.739
-0.538
0.278
1.685
0.409
1.384
0.253
0.216
0.642
0.284
0.472
0.984
-0.105
0.545
2.091
0.670
2.652
0.975
0.397
1.315
1.828
2.433
-0.025
-0.327
0.575
0.695
0.673
0.261
0.131
1.999
0.694
4.034
2.018
0.322
0.144
0.235
0.685
0.302
0.026
0.452
1.782
0.792
1.632
-0.301
0.107
-0.080
-0.296
0.161
0.065
-0.191
0.852
0.386
0.333
0.111
0.741
0.336
0.064
0.557
0.216
0.347
0.500
3.456
1.392
0.797
-0.124
-0.550
-0.224
-0.053
0.260
0.161
-0.077
0.201
0.366
0.163
0.493
0.787
0.330
0.754
0.368
0.730
0.491
4.003
0.930
1.192
-0.641
0.218
0.373
1.978
0.100
0.068
-0.110
0.199
1.027
1.278
0.607
-0.042
0.140
-0.100
0.077
-0.084
-0.004
0.326
0.316
0.056
0.531
0.808
0.301
-0.196
1.177
-0.026
2.933
1.703
-0.111
4.750
2.399
0.732
0.065
1.171
0.285
-0.098
-0.964
0.350
-0.175
-0.075
0.029
-0.111
-0.111
-0.108
-0.111
3.343
1.720
0.074
0.193
0.009
-0.067
0.112
0.187
0.842
0.447
0.151
-0.003
0.460
0.350
0.107
2.037
1.721
-0.067
1.498
0.908
-0.111
1.381
0.864
1.843
0.762
1.180
4.601
1.168
0.285
1.027
0.476
-0.336
-0.072
0.527
-0.606
-0.788
1.788
1.026
0.859
0.797
0.481
1.018
0.201
-0.144
-0.088
-0.423
-0.999
-0.111
1.784
-0.255
1.723
-0.174
-0.111
0.396
0.538
-0.034
0.140
-0.111
-1.153
1.055
0.385
0.393
0.380
0.706
0.050
-0.033
0.159
-3.266
1.511
-0.726
-0.330
-0.128
