0.122
0.094
-0.058
0.018
-0.061
-1.422
-0.035
0.002
0.441
0.140
0.353
0.295
0.184
0.112
-0.189
-0.059
-0.173
-0.237
-0.357
-0.662
0.132
-1.598
-1.004
0.201
-0.009
0.052
0.081
0.035
0.386
-0.104
-0.162
-0.077
0.920
0.759
-0.024
2.914
1.508
1.593
0.213
1.800
1.702
3.477
-0.045
-0.623
0.150
-0.148
0.020
-0.255
1.711
1.323
2.061
1.633
2.598
2.517
2.036
1.382
1.140
-0.036
0.468
3.030
0.326
1.176
1.331
1.690
0.947
2.027
0.986
0.207
-0.163
-0.072
0.435
-0.182
-0.082
0.066
1.280
1.657
0.315
-1.381
3.002
-0.114
-0.823
0.851
-0.000
0.095
-0.568
-0.130
0.774
2.575
0.397
-0.150
-0.567
0.176
-0.045
0.213
-0.018
-0.093
0.053
-0.051
1.307
0.638
0.028
-0.159
0.144
0.694
-0.079
-0.445
-0.039
-0.039
-0.028
-0.049
-0.071
-0.017
0.046
-0.024
-0.012
-0.039
-0.033
-0.044
-0.026
-0.113
-0.039
-0.023
-0.023
-0.104
-0.047
1.186
0.068
-0.992
-0.383
-0.009
-0.039
-0.147
0.423
0.407
-0.448
0.432
-0.046
0.482
-0.136
0.114
0.694
-0.652
-0.071
-0.301
0.228
0.405
0.068
0.591
1.047
1.246
0.711
-0.055
0.932
1.922
1.628
2.087
2.350
1.996
1.666
-0.107
0.446
2.271
1.105
0.345
-0.546
0.074
0.968
1.130
0.285
-0.028
1.064
-0.091
0.169
-0.230
0.752
1.256
1.248
0.202
0.809
0.118
-0.083
1.253
-0.020
0.344
0.372
0.196
0.100
-0.232
0.026
-0.047
-0.195
-0.199
-0.233
2.218
0.822
-0.099
0.336
0.194
0.161
-0.024
0.259
0.224
-0.060
-0.021
0.144
0.099
1.983
2.007
0.816
0.017
-0.019
-0.033
-2.254
-0.102
0.247
-1.377
-0.405
-0.150
2.135
1.559
0.873
2.616
0.033
1.785
0.986
0.209
0.251
-0.296
1.291
0.220
-0.122
1.732
1.192
0.226
1.738
0.014
-0.655
0.390
0.014
0.614
-0.138
0.548
-0.014
-0.271
2.721
-0.039
0.146
-0.072
0.866
1.010
-0.862
0.764
0.100
-0.134
0.980
0.192
1.374
0.171
-0.732
0.524
-0.227
0.094
0.795
0.393
-1.198
-0.622
-0.783
0.056
0.384
0.465
-0.212
0.773
-0.070
-0.555
0.220
-0.035
0.839
0.123
0.154
-0.930
0.066
0.395
0.990
1.189
0.694
0.053
0.477
0.268
-0.173
0.152
0.935
-0.872
-0.060
-0.173
-0.060
0.096
-0.464
-0.804
2.188
-0.363
0.164
0.611
-0.035
2.072
0.012
-0.099
-1.317
-2.614
-3.066
-0.152
-0.515
-0.974
0.220
-0.485
0.330
1.394
-0.545
-0.324
-0.252
-0.247
-0.022
-0.040
0.095
-0.048
0.193
-0.040
0.339
-0.047
-0.039
1.436
0.924
0.195
0.152
0.602
0.188
0.904
0.197
-0.065
0.063
-0.292
0.176
1.007
-1.084
0.044
0.146
-0.409
0.066
-0.354
-0.175
2.420
1.053
0.932
1.622
1.070
0.432
0.083
0.817
1.413
0.564
0.464
0.545
0.040
0.459
0.251
0.156
0.236
1.208
-0.014
2.239
-0.836
1.222
0.508
0.685
0.092
0.825
-0.100
-0.149
-0.067
0.080
0.184
-0.897
-2.968
-1.110
-0.222
-0.018
0.303
0.041
0.281
0.352
0.114
-0.122
0.142
-0.268
0.042
-0.069
0.449
-0.061
0.998
-0.270
2.023
1.113
0.977
0.878
1.716
0.745
0.555
0.228
1.891
1.811
-0.008
0.231
-0.129
0.123
-0.324
0.171
-0.207
-0.006
0.580
0.111
0.874
0.188
0.361
-0.357
-0.018
0.717
0.014
-0.502
0.090
0.037
-0.356
0.128
0.007
0.147
0.143
-0.052
0.984
0.643
0.622
-0.032
-1.391
-0.737
-0.269
-0.368
-0.502
-0.167
-0.661
-0.495
-0.970
-1.023
-0.140
0.084
-0.523
-0.297
-0.083
0.192
-0.858
0.928
-0.508
-0.232
1.168
-0.605
-0.407
1.640
-0.506
0.174
0.418
0.062
-0.237
0.209
0.133
0.362
-0.342
0.064
1.689
0.098
1.764
0.191
0.080
-0.032
1.090
2.140
0.152
-0.196
0.141
-0.270
0.494
0.871
0.343
1.130
0.349
2.000
0.872
0.258
0.255
0.203
0.656
0.152
0.196
0.467
1.746
0.631
1.522
0.024
0.081
-0.147
0.135
-0.040
0.113
0.101
0.016
0.104
-0.030
-0.057
0.436
-0.278
0.011
0.154
0.035
0.190
0.254
1.107
1.101
0.292
-0.074
-0.513
-0.147
0.092
0.322
-0.024
-0.934
0.115
-0.040
-0.032
-0.365
0.605
0.263
0.582
0.030
0.528
0.741
2.485
0.738
0.674
-0.078
0.594
0.040
0.522
-2.119
0.203
-0.570
0.081
0.499
0.191
0.224
-0.013
0.089
-0.093
0.148
-0.027
-0.034
0.297
0.191
0.070
0.340
0.207
-0.115
0.007
0.827
-0.423
2.205
0.951
-0.035
4.583
0.883
0.197
-0.129
0.693
-0.055
-0.097
-0.152
0.046
-0.377
-0.486
-0.054
-0.268
-0.121
-0.058
-0.093
1.217
0.911
-0.022
-0.112
-0.040
-0.101
0.034
0.190
0.036
0.121
0.126
-0.043
0.540
0.009
0.176
1.424
0.821
0.042
0.571
0.208
0.133
0.884
0.344
0.447
0.310
0.541
3.882
0.244
0.047
-0.415
0.628
-0.235
-0.198
0.178
-1.166
-0.305
-0.217
0.017
0.718
-0.056
0.131
0.742
0.361
-1.098
-0.035
-0.437
-0.585
-0.063
0.539
-0.650
1.068
-0.477
-0.311
0.478
0.224
-0.045
-0.263
-0.181
-0.908
0.568
0.227
0.476
0.563
0.316
-0.042
0.156
-0.352
-0.465
0.739
-0.631
-0.218
-0.057
