-0.136
0.039
0.315
0.076
-0.008
0.230
-0.001
0.427
1.327
0.147
1.599
1.253
0.416
0.226
-0.211
0.103
-0.627
-0.277
-0.034
-0.176
0.438
-1.212
0.686
0.155
-0.012
0.033
0.473
0.543
0.304
-0.179
0.186
0.311
-0.241
-0.393
-0.237
3.935
1.942
3.471
0.868
2.694
2.599
4.075
0.067
-0.057
0.415
-0.190
0.098
0.422
2.750
2.197
3.177
2.841
3.619
4.108
3.763
2.241
0.973
0.179
0.773
3.983
1.164
1.814
1.960
2.498
2.274
2.848
2.795
0.989
-0.057
1.474
2.187
-0.519
-0.433
0.517
2.117
3.289
0.812
-1.141
3.078
0.044
-0.309
1.469
1.345
0.498
-0.537
0.380
1.183
2.606
0.335
0.197
-0.172
0.700
0.009
0.556
0.793
-0.067
0.221
-0.079
1.029
0.016
-0.790
0.077
0.140
1.390
0.173
-0.452
0.051
-0.089
-0.112
-0.892
0.178
-0.029
-0.491
-0.011
-0.678
-0.356
-0.077
-0.370
-0.084
-0.233
-0.021
-0.027
-0.224
-1.073
-0.829
0.916
-0.307
-1.008
-0.078
0.001
-0.052
-0.360
-0.358
0.007
-0.989
0.518
-0.041
-0.115
-1.585
-0.151
0.133
-2.112
-1.623
0.365
0.322
0.219
0.168
1.102
1.062
2.773
0.695
0.073
0.824
2.835
2.301
4.950
3.675
3.781
4.191
-0.164
1.010
2.609
2.519
-0.006
-0.205
-0.041
3.584
0.935
0.306
0.215
1.665
-1.227
-0.266
-0.397
0.528
2.339
2.277
0.914
1.055
0.986
-0.252
3.461
0.060
1.473
1.437
-0.174
-0.094
-0.941
-0.230
-0.143
0.017
0.928
0.258
2.886
1.651
0.189
1.211
0.533
0.164
0.042
0.004
0.188
-0.027
0.041
0.168
0.147
3.371
2.428
1.056
0.440
0.467
-0.017
-2.245
0.141
-0.177
-0.533
0.035
-0.094
5.081
3.080
1.693
3.379
0.506
2.003
2.985
1.467
1.307
1.480
2.435
2.277
1.032
2.940
2.985
1.604
2.299
-0.383
-0.807
0.735
-0.324
0.696
0.412
1.472
-0.210
-0.042
2.538
0.283
1.025
0.601
0.854
0.766
0.108
1.134
0.729
0.614
1.375
0.535
3.004
0.192
0.800
1.107
1.108
1.080
1.000
0.954
-1.134
0.000
-0.423
0.266
-0.032
0.664
-0.126
0.032
0.021
-0.196
0.928
0.587
1.594
0.237
-0.058
0.737
-0.254
1.067
1.730
1.705
1.198
0.022
-0.140
0.278
0.023
0.474
5.106
-0.042
-0.061
-0.075
-0.063
-0.579
0.084
-0.055
2.179
-0.728
-0.465
0.417
0.730
0.817
-0.186
0.319
-0.654
-2.119
-1.784
-0.258
0.485
-0.737
0.586
0.101
1.480
1.480
2.011
-0.161
0.145
-0.040
0.374
0.094
0.391
0.146
0.905
0.207
1.447
0.147
0.118
1.217
0.449
0.986
0.283
0.787
0.120
1.290
0.216
0.231
0.006
-0.394
0.852
1.711
-1.211
1.077
1.264
0.144
0.451
-0.359
-0.075
4.642
2.337
1.391
1.936
1.524
1.291
0.063
1.931
3.334
1.169
0.135
0.246
-0.038
0.090
1.539
2.035
1.823
0.037
0.099
2.017
0.508
1.043
1.398
1.025
-0.363
1.900
0.064
-0.101
-0.059
0.157
0.505
0.194
-0.540
-1.314
0.007
0.010
0.396
0.353
0.992
0.626
0.252
-0.459
0.038
0.036
0.036
-0.208
0.824
-0.064
2.147
-0.760
0.534
2.100
1.753
1.290
1.435
2.063
2.106
0.167
3.079
2.120
-0.227
0.038
0.219
1.142
-0.054
0.422
0.248
0.439
0.666
-0.026
1.681
0.371
0.664
0.057
0.285
1.511
2.461
0.447
-0.019
-0.156
-1.316
0.031
-0.200
-0.017
0.380
-1.165
3.341
0.691
0.167
-0.093
-0.965
-0.919
0.049
-0.071
-1.092
-0.015
-0.901
-0.614
-0.810
-1.792
-1.250
-0.313
-0.822
-0.633
-0.120
0.771
-0.357
1.720
-0.148
0.029
1.648
-1.191
0.245
0.418
-0.007
1.585
-0.282
0.336
0.075
-0.087
0.277
0.441
0.104
0.836
2.191
0.307
2.229
0.254
1.194
-0.041
0.512
1.149
0.180
0.041
0.544
0.017
0.270
2.802
1.041
1.649
0.354
3.879
1.727
0.554
0.249
0.001
0.760
0.476
0.438
0.817
2.600
1.741
2.712
-0.136
-0.012
-0.234
-0.244
0.003
-0.085
-0.818
-0.512
0.425
0.027
-0.034
0.185
0.190
0.021
0.603
0.089
0.951
0.684
0.800
1.168
1.035
-0.250
-0.386
0.111
0.581
0.224
0.249
-0.385
0.348
0.141
-0.001
0.553
1.281
0.515
1.803
1.171
1.177
1.123
4.702
1.197
1.249
-0.111
0.685
0.249
0.379
0.578
-0.032
-0.864
0.350
0.974
0.685
0.386
0.952
0.350
-0.280
-0.055
-0.069
-0.084
0.742
0.298
0.137
0.738
0.440
0.348
-0.080
0.986
-0.037
3.068
1.489
2.301
-0.101
0.176
0.788
-0.115
0.395
0.074
0.114
-0.102
0.024
-0.065
-0.691
0.015
-0.220
-0.171
-0.087
-0.055
1.678
0.902
0.169
-0.155
0.297
0.584
0.122
0.536
0.054
0.342
0.579
0.092
1.528
0.968
0.315
2.300
1.515
0.351
1.526
1.609
0.088
2.084
0.537
2.089
1.124
1.374
2.892
1.483
0.023
-0.181
0.742
-0.419
0.070
0.126
-1.025
-0.117
0.221
0.241
0.774
-1.432
1.403
1.610
0.916
-1.597
1.118
-1.274
-0.625
-0.292
1.568
-0.510
2.072
-0.112
-1.108
1.430
0.440
-0.008
-0.042
-0.193
-1.528
1.030
0.532
0.677
1.139
0.167
-0.020
-0.092
-0.349
-1.210
3.866
-0.391
0.019
0.137
