0.881
-0.266
0.228
0.096
-0.116
0.461
-0.145
0.464
0.549
-0.118
0.810
0.030
0.106
-0.003
-0.201
-0.162
-0.434
-0.303
0.308
0.472
1.474
-0.861
0.880
0.070
-0.107
-0.149
0.348
-0.041
-0.169
-0.122
-0.079
-0.153
-0.181
-0.512
-0.344
2.655
2.019
2.557
0.119
1.224
1.515
1.138
-0.151
-0.499
-0.038
-0.370
0.025
1.476
1.378
1.983
0.914
1.316
1.904
2.420
1.051
1.404
2.276
0.952
1.234
2.921
0.357
0.967
1.952
1.036
0.429
1.455
2.495
1.217
0.462
0.220
2.792
0.210
2.214
0.337
1.336
0.736
-0.160
-0.096
5.774
1.262
0.091
0.978
0.376
0.672
0.413
-0.138
0.667
1.789
-0.071
-0.300
-0.068
-0.186
-0.172
1.623
0.040
-0.419
-0.125
-0.162
1.475
0.248
-0.059
-0.139
0.257
0.185
0.003
-0.707
0.101
0.167
0.095
-0.686
-0.120
1.048
-0.099
-0.132
-0.154
0.127
0.422
-0.079
-0.092
-0.162
0.271
0.342
0.020
1.029
-0.387
-0.007
0.275
-0.075
-0.335
0.098
-0.162
-0.162
0.027
-0.087
-0.634
0.293
0.175
0.189
-0.891
0.037
0.903
-0.812
-0.191
-0.143
0.026
0.061
0.809
-0.131
-0.003
3.713
0.950
0.203
2.643
2.210
0.819
3.775
2.553
2.504
1.929
-0.786
1.373
0.506
1.019
0.335
-0.153
0.319
1.411
0.276
0.291
0.262
2.014
-0.297
-0.166
-0.564
0.538
1.313
0.870
0.286
0.138
2.142
-1.032
3.135
-0.145
0.068
0.744
-0.484
-0.205
-0.041
-1.011
0.212
0.109
0.605
-0.126
2.372
1.810
-0.047
0.079
1.320
0.478
-0.105
0.319
-0.114
-0.097
-0.162
-0.162
-0.162
3.922
0.976
1.025
0.559
-0.562
0.233
-2.086
1.453
0.682
-0.259
0.498
-0.205
1.412
2.267
1.297
1.948
0.432
0.925
2.068
0.677
1.269
1.211
1.210
1.057
0.335
2.219
0.809
4.150
4.799
-0.013
-0.777
0.775
-0.006
1.125
0.286
0.860
0.043
-0.162
0.450
0.168
-0.089
0.988
0.822
-0.104
-0.162
0.399
1.338
0.078
0.538
0.495
1.447
-0.130
0.132
1.702
1.581
1.655
0.303
0.914
-1.596
0.664
-0.594
0.296
-0.130
0.346
-0.145
0.416
-0.159
-0.543
-0.292
1.273
3.829
0.181
-0.162
0.822
0.019
0.011
1.239
1.352
0.674
0.761
0.142
-0.152
0.071
-0.013
1.305
-0.162
-0.162
0.027
-0.129
-0.084
1.153
0.905
0.858
-1.032
-0.015
0.722
0.181
1.576
-0.257
-0.608
0.173
-1.136
-0.713
0.087
0.603
-0.721
0.278
0.400
0.708
1.640
3.140
-0.425
-0.008
-0.130
0.422
-0.074
0.224
0.672
0.940
-0.073
1.202
0.007
-0.152
1.633
0.269
0.130
0.057
0.183
-0.109
1.721
0.543
0.964
-0.171
0.775
-0.162
0.542
-0.621
0.675
1.078
-0.162
1.904
-0.243
-0.124
1.719
2.242
0.917
1.157
1.820
0.635
-0.092
1.010
0.943
1.732
0.354
0.163
-0.106
-0.086
0.695
1.073
0.600
1.266
-0.135
3.494
-0.201
0.141
0.228
1.813
0.020
0.706
-0.657
0.205
0.251
0.109
1.610
0.269
0.505
-0.586
0.307
0.473
0.844
0.250
0.143
-0.001
-0.443
-0.805
-0.340
0.832
0.035
-0.265
1.032
0.378
0.521
0.180
0.518
1.219
0.917
0.410
1.436
0.068
0.099
-0.119
0.823
6.027
0.760
-0.670
0.103
0.635
0.545
-0.162
-0.162
-0.162
0.597
-0.043
0.793
-0.018
0.564
0.057
-0.156
-1.033
0.204
0.263
-0.192
-0.162
-1.577
0.453
-0.435
-0.092
-0.236
-0.915
0.621
0.470
0.260
-0.162
-0.176
-0.616
-0.098
-0.162
-0.437
-0.197
-1.631
-1.249
-0.357
-3.102
-0.736
0.370
-3.061
-0.492
-0.456
0.196
-0.191
1.105
-0.422
-0.162
1.253
-0.075
0.515
-0.400
0.010
0.896
0.552
-0.162
-0.012
0.246
0.423
0.229
-0.075
-0.162
-0.832
-0.952
0.429
-0.180
2.480
0.961
-0.361
-0.022
0.766
-0.506
-0.140
-0.261
0.260
1.219
0.144
1.288
0.342
1.630
0.291
0.683
0.113
0.252
1.806
0.102
-0.162
1.317
2.607
0.587
1.595
-0.099
0.030
-0.037
-0.184
-0.213
0.077
-0.892
-0.140
1.338
0.440
-0.097
0.644
0.092
0.091
0.130
-0.916
0.087
0.471
1.183
0.491
1.066
-0.140
-0.650
-0.056
1.054
0.019
0.015
-0.162
-0.048
-0.156
-0.124
-0.162
0.633
0.340
0.879
0.461
1.077
1.554
1.322
0.538
1.267
0.337
-0.125
0.009
0.356
-0.162
0.332
0.559
0.078
0.028
-0.125
0.263
0.394
0.311
0.001
0.024
-0.132
-0.100
0.925
-0.098
0.024
0.478
1.918
-0.007
-0.384
0.723
0.329
1.453
0.225
0.626
0.312
1.901
-0.130
-0.162
-0.162
0.012
0.431
-0.119
-0.124
-0.206
-0.162
0.300
0.297
-0.324
0.077
-0.169
-0.277
0.417
-0.495
-0.031
-0.078
1.578
0.265
0.235
0.239
-0.397
0.361
-0.162
0.401
0.435
0.052
2.286
1.465
-0.246
1.005
1.122
0.194
1.320
0.119
1.415
1.529
0.140
0.273
0.926
0.286
-0.445
1.095
-0.461
-0.466
0.273
0.257
-0.148
-0.135
-1.087
0.628
-0.496
0.029
0.644
0.190
-1.289
1.272
-0.167
-1.032
-0.978
-0.723
0.677
0.217
-0.153
-1.002
0.403
0.475
-0.162
-0.162
-0.162
-0.162
0.347
0.260
1.024
1.474
-0.030
0.886
-0.431
0.143
-0.149
1.452
0.426
-1.336
0.210
