-0.218
-0.137
0.106
0.512
0.115
-0.031
-1.035
-0.053
-0.715
-0.059
-0.028
-0.433
-0.116
-0.120
0.099
-0.002
0.032
0.067
-0.175
-0.013
-1.011
1.452
1.115
-0.123
0.058
0.124
-0.054
-0.294
-0.392
0.033
-0.042
0.038
0.420
-0.027
0.115
-3.007
-2.273
-2.740
-0.785
-1.987
-2.386
-4.081
0.091
0.109
-0.121
-0.108
-0.123
-0.070
-2.622
-1.483
-2.800
-1.399
-2.663
-3.572
-3.424
-1.805
-1.367
-0.026
-0.743
-4.810
-0.623
-1.063
-1.804
-2.166
-1.554
-2.499
-1.684
-0.815
-0.182
-0.516
-1.482
-0.265
-0.664
-0.204
-0.825
-2.449
-0.764
1.701
-4.341
-0.016
0.471
-1.763
-0.280
-0.039
0.322
0.059
-0.990
-2.531
-0.046
-0.763
0.358
0.557
-0.449
-0.638
-0.016
-0.016
-0.011
0.061
-2.026
-1.269
-0.463
0.276
-0.391
-0.715
-0.054
0.132
-0.009
0.032
-0.116
-0.006
0.069
-0.049
-0.167
0.005
0.039
-0.029
-0.007
0.052
-0.099
0.008
-0.021
0.005
-0.123
0.213
-0.006
-0.580
0.817
1.420
0.109
-0.155
0.036
-0.027
-0.388
-0.779
0.915
-0.169
0.083
-1.055
2.525
-0.538
-0.081
2.014
1.140
-0.361
-0.204
-0.140
-0.175
-0.553
-0.166
-3.787
-1.555
-0.126
-0.616
-3.121
-2.085
-2.939
-2.388
-1.093
-1.686
-0.214
-0.501
-1.714
-1.702
-0.238
0.211
-0.060
-0.814
-1.514
-0.305
-0.602
-1.333
0.061
-0.374
-0.001
-0.832
-2.011
-1.817
-0.121
-1.942
-1.072
0.175
-2.113
0.019
-0.567
-0.501
-1.517
-0.447
0.541
0.503
0.143
-0.240
0.062
1.329
-2.181
-2.389
0.321
-0.373
-0.347
-0.216
-0.088
-0.804
-0.298
0.478
-0.171
-0.070
-0.048
-4.461
-2.033
-0.481
-0.302
-0.073
-0.119
1.308
-0.532
-0.431
0.185
-0.502
0.279
-2.065
-2.483
-1.109
-3.359
-0.838
-1.391
-1.196
-0.937
-1.709
-1.124
-1.325
-0.996
-0.821
-2.614
-1.607
-1.779
-3.683
0.480
1.166
-0.473
0.141
-0.745
-0.128
-0.538
-0.152
0.092
-3.600
0.127
-0.578
-0.318
-1.089
-2.099
-0.011
-1.276
-0.677
-0.335
-0.635
-0.126
-1.048
0.251
0.420
-1.245
-0.806
-0.059
-1.097
-0.840
0.724
-0.071
0.029
-0.861
0.095
-0.970
0.098
-0.927
0.056
0.182
-1.367
-0.016
-0.379
-0.178
-0.786
0.087
-1.028
-0.728
-1.108
-0.794
-0.876
-0.091
-0.276
-0.016
0.144
-0.558
-1.464
0.157
0.048
0.202
0.039
0.114
0.053
0.100
-2.275
0.637
0.068
-2.097
-1.195
-0.959
0.187
-0.357
1.219
2.197
1.644
-0.165
-0.246
1.090
-0.600
-0.093
-0.665
-2.799
-1.061
-0.074
0.274
-0.183
-0.124
-0.041
-0.046
-0.057
-0.128
-0.013
-0.337
-0.039
0.011
-1.875
-0.730
0.101
0.037
-0.499
-0.154
-0.940
-0.264
-0.428
-0.158
-0.016
-0.656
-0.938
0.311
-0.231
-0.206
0.008
-0.274
-0.173
0.179
-3.322
-1.807
-0.923
-1.518
-1.671
-1.003
-0.016
-1.489
-2.517
-1.088
-0.022
-0.052
-0.105
-1.137
-1.337
-1.791
0.075
-0.757
0.108
-2.793
0.699
-2.196
-0.980
-1.231
-0.586
-1.734
-0.460
-0.196
-0.066
-0.306
0.791
-0.757
0.406
1.053
-0.622
-1.026
-0.724
-0.290
-0.908
-0.714
-0.741
0.532
-0.181
-0.235
-0.346
-0.644
-0.650
-0.697
-0.769
0.926
-2.305
-1.005
0.013
-0.941
-0.899
-0.513
-0.965
-0.553
-1.718
-2.520
0.136
-0.289
-0.125
-0.542
0.165
-0.220
-0.091
-0.412
-1.128
-0.090
-1.369
-0.421
-0.883
0.561
-0.327
-0.174
-0.930
-0.327
-0.106
0.166
0.299
-0.228
0.332
0.304
-0.118
0.025
-1.422
-1.135
-0.032
0.136
1.227
0.200
0.397
0.253
0.253
0.057
0.661
0.225
0.565
0.041
0.857
0.896
0.460
0.466
-0.135
-1.025
0.262
-1.872
0.758
0.224
-2.249
1.057
-0.788
-2.671
-0.016
-1.003
-0.308
-0.038
-0.130
-0.066
-1.043
-0.424
0.004
-0.369
-2.872
0.127
-1.755
-1.829
-0.064
-0.063
-0.058
-2.266
-0.123
0.275
0.184
0.024
-0.451
-2.004
-0.711
-1.365
-0.667
-2.494
-0.713
-0.205
-0.325
-0.158
-0.222
-0.278
-0.031
-0.529
-1.910
-1.175
-1.015
-0.172
-0.196
0.045
-0.031
0.081
-0.554
-0.169
-0.093
-0.099
-0.050
0.032
0.090
0.220
-0.178
0.047
-0.018
-0.890
-0.197
-1.725
-2.418
-0.226
-0.104
0.901
0.069
-0.017
-1.000
-0.013
-0.185
-0.057
0.111
0.320
-0.007
-1.367
-0.085
-0.147
-0.213
-0.405
-0.865
-2.792
-0.993
-1.429
0.174
-0.387
-0.089
-0.142
-0.349
-0.052
0.751
0.037
-0.469
-0.072
-0.277
0.028
-0.070
0.029
-0.420
0.040
0.025
-0.315
-0.108
-0.060
-0.601
-0.405
0.368
0.093
-1.058
0.390
-2.286
-1.477
-1.885
-0.873
0.792
-0.218
-0.327
-1.753
-0.164
-0.225
-0.080
-0.101
0.149
0.035
-0.009
-0.016
-0.016
0.026
-0.012
-2.382
-1.219
0.107
-0.039
-0.256
0.025
-0.005
-0.081
-0.158
0.069
-0.421
-0.013
-0.256
-1.136
-0.195
-2.023
-1.009
-1.001
-0.668
-0.016
-0.063
-1.539
-0.517
-1.083
-1.881
-0.552
-2.745
-1.151
-0.003
0.628
-0.765
0.014
-0.024
-0.208
0.750
0.783
-0.344
-0.106
-1.020
0.082
0.222
-1.582
-0.447
0.051
-0.155
0.247
0.277
0.057
-0.553
0.161
-0.208
0.229
0.891
-0.172
-1.313
-0.007
0.209
0.040
0.233
-2.155
-0.201
-0.807
-0.235
-0.267
-0.019
0.245
0.305
0.491
-2.019
0.212
-0.901
-0.095
