0.277
-0.065
-0.420
-0.998
-0.084
-0.338
-0.084
-0.569
-0.221
-0.215
0.049
-0.377
-0.049
-0.153
-0.506
-0.221
-0.078
-0.070
0.250
0.118
-1.292
0.136
-0.128
-0.251
-0.216
-0.568
-0.495
-0.514
-0.162
0.072
0.042
0.107
-0.410
0.290
-0.299
-2.478
-1.638
-2.054
-0.508
-1.389
-2.200
-2.741
-0.013
-0.014
-0.143
0.068
-0.492
-0.849
-2.908
-1.766
-1.525
-1.384
-2.442
-2.526
-1.617
-2.006
-1.767
-0.290
-0.480
-3.235
-0.732
-0.946
-0.774
-1.371
-0.856
-1.174
-0.826
-0.971
0.251
-0.177
-1.322
0.457
-0.755
-0.722
-2.535
-1.857
-0.508
-0.007
-3.273
-0.015
0.013
-1.304
-0.067
-0.224
0.139
-0.080
-0.430
-2.108
-0.121
0.018
0.303
0.461
-0.121
-0.918
-0.835
0.405
-0.322
-0.084
-0.737
-0.315
-0.818
-0.146
-0.425
-0.571
-0.486
1.034
-0.084
-0.084
-0.072
0.252
-0.084
-0.084
0.829
-0.084
0.040
0.206
-0.114
-0.084
-0.084
-0.047
-0.084
-0.077
0.008
0.102
0.228
-2.602
-0.501
-0.311
-0.629
-0.203
-0.077
0.213
0.098
-0.295
1.329
1.371
0.936
0.002
0.695
0.057
-0.084
0.488
0.474
0.217
-0.084
-0.389
0.098
-0.148
-0.310
-2.757
-0.238
-0.339
-0.346
-2.264
-2.233
-3.832
-2.326
-2.670
-3.418
0.656
-1.521
-1.945
-1.154
-0.176
0.062
-0.267
-1.218
-0.131
-0.728
-0.084
-0.369
0.014
0.289
0.955
-0.084
-2.232
-0.478
-0.810
-1.125
-1.603
0.593
-2.356
0.014
-0.192
-0.517
-0.133
-0.737
0.515
0.483
-0.038
-0.104
-0.879
0.288
-3.126
-0.743
0.733
-0.084
-0.084
-0.097
-0.458
-0.798
-0.084
2.153
-0.312
-0.204
-1.134
-4.499
-1.560
-3.042
-0.146
1.452
-0.153
1.544
-0.166
-0.808
2.391
-1.212
0.005
-3.092
-1.733
-1.660
-2.272
-0.607
-1.826
-1.916
-0.639
-1.215
-1.191
-0.640
-0.777
0.648
-2.774
-1.587
-3.551
-4.105
-0.066
1.841
-0.542
-0.066
-0.604
-0.151
-0.555
-0.320
-0.275
-2.463
-0.088
-0.526
-0.631
-1.043
-0.628
0.250
-0.102
-0.430
-0.529
-1.650
-0.815
-1.143
-0.068
-0.415
-2.763
-2.054
-1.090
-1.399
-0.709
2.014
-0.137
0.082
-0.734
1.515
-1.345
0.050
-0.482
-0.084
-0.007
-3.022
0.697
-4.610
-0.084
0.103
1.031
0.184
-0.565
-0.084
-0.661
-1.613
-0.136
0.366
-0.153
-0.321
-0.281
-2.263
0.073
-0.479
-0.042
0.179
1.436
-1.979
-1.296
-0.571
0.726
-0.569
-0.314
0.331
-2.168
-0.469
-0.379
-0.084
0.179
0.098
-0.084
-0.983
2.788
-1.058
-0.039
-0.211
-0.076
-2.608
-0.032
0.285
-0.052
-0.246
-0.103
-0.486
-0.441
-0.968
0.065
-0.194
-0.102
-0.202
-3.969
-2.228
-0.084
0.062
-1.764
-0.640
-1.105
-0.381
-1.556
-0.084
-0.084
-0.125
-0.293
-0.084
-0.392
-0.410
-0.229
-0.588
0.010
-0.292
-3.002
-2.412
-1.285
-1.200
-2.767
-0.490
-0.124
-1.709
-1.159
-0.654
-0.054
0.913
-0.143
0.005
-0.775
-0.761
-1.219
-0.929
-0.090
-3.545
-0.084
-0.229
-0.227
-1.182
-0.894
-0.940
0.947
-0.336
-0.241
-0.161
0.613
-0.660
-0.503
-0.072
-0.154
-0.219
-0.547
2.236
0.001
0.020
0.327
0.504
-0.392
-0.294
0.485
0.204
-0.542
-0.810
-0.991
-0.160
-0.994
-2.613
-1.901
-2.587
-1.814
-0.973
-1.263
-1.140
-3.873
-2.865
-0.050
-0.344
-0.024
-0.593
-0.108
-0.721
-0.361
-0.084
-0.300
-0.320
-1.382
-0.394
-0.195
-0.084
-0.023
-0.251
-0.222
-0.045
0.605
-0.278
0.357
-0.255
-0.339
1.679
-0.154
0.241
-1.084
0.022
-0.475
0.340
0.650
0.031
-0.094
-0.218
-0.084
0.092
2.056
1.833
0.989
2.040
0.902
-0.190
1.191
0.981
0.083
-0.834
0.120
-0.171
-0.094
-0.002
-1.278
0.149
-0.082
-0.614
-0.036
-0.991
-0.219
0.005
-1.477
-0.503
0.062
-0.315
0.146
-0.027
-1.339
-0.247
-2.336
-0.723
-1.610
1.069
-0.251
-0.147
-0.325
0.237
-0.084
0.477
-0.794
-1.734
-0.482
-2.032
-1.134
-2.902
-0.507
-0.091
-0.374
-0.325
-0.308
-0.448
-0.567
-1.289
-2.326
-0.658
-3.029
-0.211
0.249
0.095
-0.143
-0.084
-0.047
0.311
-0.051
-0.414
-1.122
-0.084
-0.451
0.032
-0.288
-0.450
-0.084
-0.149
-0.138
-1.305
-0.536
-1.165
0.048
0.081
-0.084
-0.186
-0.224
-0.530
-0.156
-0.084
-0.050
-0.130
0.052
-1.267
-0.576
-0.166
-0.078
-1.771
-0.769
-2.927
-2.165
-1.659
-0.084
-0.078
-0.066
0.255
-0.492
-0.270
0.395
-0.125
-0.173
-0.084
-0.688
-1.620
-0.242
-0.830
-0.222
-0.001
0.303
-0.375
0.058
-0.427
-1.004
-1.699
-0.161
-0.066
-0.314
-0.084
-3.216
-0.010
-1.061
-0.432
-0.327
-1.019
-0.084
-0.084
-0.263
-0.339
-0.361
-0.738
-0.084
-0.044
-0.600
-0.385
-0.203
-0.989
-0.102
0.284
0.410
0.284
-0.216
-1.145
-0.937
-0.243
-0.001
0.236
0.133
-0.084
-0.133
-2.052
-2.186
-0.897
-2.599
0.061
-0.261
-0.999
-2.726
-0.884
-0.909
-0.086
-0.919
-0.888
-0.577
-1.296
-1.174
-0.341
0.091
-0.864
0.267
-0.371
-0.434
1.178
-0.084
-0.036
0.068
-2.324
1.807
-0.330
-2.083
-0.439
-0.201
-2.296
-0.287
0.862
0.634
-0.177
0.355
-2.258
-0.102
0.756
-1.438
-3.212
0.084
-0.206
0.504
0.168
-0.234
0.015
-0.569
-0.214
-0.441
-0.347
0.141
-0.812
0.031
-2.478
-0.084
0.744
0.885
