0.393
-0.063
-0.088
0.233
0.071
-0.039
0.471
0.486
0.551
0.050
0.256
0.313
0.378
0.283
-0.540
-0.464
-0.164
-0.468
-0.032
-0.371
0.432
-1.343
-0.131
0.089
0.093
0.058
0.158
0.341
0.190
0.058
0.044
0.061
-0.444
0.836
-0.253
3.010
2.057
3.269
0.780
1.124
2.011
4.573
-0.137
-0.063
0.181
0.172
0.175
-0.044
2.157
1.316
1.939
1.593
1.666
3.764
2.585
1.607
1.161
-0.063
0.861
3.764
1.432
1.214
1.711
2.381
1.059
2.915
2.214
0.300
0.069
0.255
0.580
0.024
-0.469
0.422
0.048
3.247
0.907
-0.882
3.123
0.097
-1.141
1.125
-0.060
0.141
-0.476
0.186
1.379
2.588
0.989
0.719
-0.063
0.205
0.205
0.586
0.344
-0.073
-0.029
-0.112
1.315
0.645
0.006
0.108
1.456
0.915
0.278
-0.132
0.101
0.086
-0.145
-0.286
0.039
0.065
-0.159
-0.154
-0.210
-0.219
0.068
-0.099
-0.096
0.057
0.110
0.073
-0.073
-0.472
-0.206
2.202
0.003
-0.896
-0.435
0.479
0.099
-0.104
0.896
-0.063
-0.309
0.647
-0.230
0.041
-0.063
0.069
0.094
-1.261
-2.457
0.282
0.037
-0.055
0.261
0.885
0.728
3.226
0.992
-0.008
0.845
1.968
2.301
3.778
2.429
1.470
2.890
0.713
2.102
2.560
1.925
1.330
-0.093
0.005
1.460
0.450
0.009
0.480
0.539
-0.115
-0.124
-0.033
1.578
1.592
1.093
0.695
2.044
0.683
0.108
2.739
0.216
1.120
0.854
0.049
0.199
-0.506
-0.437
0.098
-0.050
0.571
-0.337
2.310
0.394
-0.162
0.573
1.082
0.326
0.122
0.355
0.500
-0.250
0.119
0.290
0.362
2.807
2.075
0.482
-0.195
-0.057
0.040
-0.440
-0.200
0.356
-1.481
-1.213
-0.068
2.667
2.235
1.201
2.464
0.342
2.719
1.608
0.952
1.603
0.309
1.298
1.243
0.080
1.621
1.407
1.021
2.652
-0.137
-1.638
0.411
1.069
1.266
0.388
0.233
-0.104
0.221
3.396
0.060
0.271
0.353
0.771
1.266
0.011
1.069
0.296
0.311
1.233
0.438
2.631
0.145
-0.319
1.451
0.253
0.271
1.223
0.942
-1.372
0.229
-0.379
0.017
-0.192
0.466
-0.106
0.624
0.007
0.037
0.575
-0.063
-0.094
0.101
-0.027
-0.234
-0.143
0.308
1.775
1.071
1.085
-0.035
0.274
0.093
-0.063
-0.189
1.668
-0.095
0.082
-0.376
-0.065
-0.276
-0.056
-0.743
1.404
-0.613
-0.176
0.963
0.017
1.251
0.097
0.477
-0.958
-1.775
-1.774
0.260
-0.198
-1.317
1.355
0.387
0.756
1.703
1.441
0.549
0.516
0.103
-0.004
0.005
0.299
0.075
0.326
-0.015
0.484
0.065
0.056
1.668
1.477
0.431
0.661
0.973
0.442
1.297
0.372
0.293
0.009
-0.066
0.553
1.330
-0.647
0.272
0.581
-0.109
0.026
-0.139
0.056
3.449
1.442
0.891
1.777
1.717
0.876
0.203
1.591
2.697
1.086
-0.063
0.024
0.119
0.440
1.148
0.785
0.158
1.463
0.134
2.273
-0.225
1.462
1.284
0.862
0.615
1.695
0.148
-0.063
-0.066
0.042
0.149
0.138
-0.159
-0.858
0.094
-0.040
0.175
0.629
0.461
0.858
-0.373
-0.282
0.038
0.075
0.306
0.375
1.309
0.258
1.005
-0.168
1.686
1.021
0.492
0.366
0.725
1.123
1.049
-0.002
3.217
2.245
0.192
0.870
-0.129
1.581
0.010
0.447
-0.063
0.213
0.935
0.090
1.039
0.297
0.780
0.018
0.492
0.619
1.403
0.221
0.950
0.289
-0.100
0.272
0.369
-0.229
0.660
-0.063
1.808
1.327
0.805
-0.150
-1.407
-0.520
-0.365
-0.048
-0.076
0.133
-0.655
-0.817
-1.378
-1.536
0.143
-0.634
-0.220
-0.204
-0.001
0.475
-0.546
2.113
-0.772
-0.142
1.096
-0.503
0.816
2.315
-0.595
0.728
0.343
0.057
-0.373
0.172
0.504
0.793
-0.101
0.156
1.710
-0.016
2.228
0.380
0.442
0.308
0.713
2.365
0.215
-0.499
0.115
0.388
0.538
2.365
0.660
1.325
0.431
3.024
1.489
0.533
0.173
0.216
1.196
0.248
0.232
0.973
2.441
1.196
1.767
0.132
-0.080
-0.028
0.318
-0.102
0.172
0.024
0.127
0.332
0.196
0.175
0.158
0.123
-0.046
0.646
0.106
0.392
0.348
1.378
1.714
0.231
-0.026
-0.275
-0.029
0.373
0.410
0.199
1.354
0.213
0.171
-0.129
0.364
0.889
0.338
0.537
0.330
0.511
1.242
3.751
0.640
0.936
0.360
1.111
0.236
1.329
0.272
-0.018
-0.276
0.157
1.194
1.155
0.924
0.881
0.270
0.072
-0.058
0.091
0.045
0.370
0.104
0.254
0.555
1.678
0.263
-0.644
0.809
-0.102
3.390
1.106
0.171
3.869
1.794
1.101
0.010
1.424
-0.194
0.056
-0.070
0.179
-0.169
-0.146
0.047
-0.195
-0.208
0.034
-0.214
1.591
1.443
-0.079
0.196
-0.042
-0.066
0.315
0.345
0.370
0.258
0.279
0.187
0.439
0.442
0.044
1.405
0.752
0.636
1.255
0.691
0.141
1.470
0.038
1.440
0.467
0.852
3.223
0.620
0.207
-0.079
0.803
-0.251
-0.063
-0.063
-0.424
-0.006
0.731
0.214
0.536
0.011
0.527
1.036
0.340
-0.528
-0.063
-0.592
-0.928
-0.483
1.440
0.133
0.453
-0.047
-0.119
0.223
0.386
0.011
-0.177
-0.160
-0.459
1.066
0.295
0.622
0.481
0.677
0.112
-0.055
0.196
-1.497
2.071
0.059
-0.644
0.311
