-0.146
-0.220
-0.090
-0.256
-0.116
0.042
-0.277
-0.249
-0.363
-0.200
-0.207
-0.190
-0.218
-0.314
0.866
0.073
0.374
0.181
0.923
0.440
-0.400
1.272
0.672
0.332
-0.082
0.005
0.031
0.320
-0.331
-0.069
-0.058
-0.075
0.932
-0.060
-0.002
-2.634
-1.625
-2.270
-0.784
-1.572
-2.121
-3.930
0.027
-0.068
-0.136
-0.070
-0.159
-0.087
-1.452
-1.689
-2.058
-1.438
-2.709
-2.333
-2.138
-1.499
-1.395
-0.054
-0.873
-3.106
-1.225
-0.784
-1.596
-2.029
-1.548
-3.235
-1.946
-0.705
-0.434
-0.121
-0.919
0.108
0.341
-0.447
0.602
-0.075
-0.016
0.237
-3.333
0.158
0.156
-1.209
-0.138
-0.202
-0.075
-1.041
-1.453
-2.149
-0.850
-0.339
-0.075
0.292
0.093
-0.818
-0.282
0.519
-0.457
0.118
-1.232
-0.503
-0.093
-0.037
0.214
-0.099
-0.207
0.031
-0.112
3.172
-0.002
0.074
0.051
-0.240
0.145
-0.052
0.117
0.206
-0.078
0.167
-0.092
0.097
0.023
0.002
0.043
-0.042
0.063
-1.605
-0.043
0.346
0.716
-0.107
-0.000
0.218
-0.766
-0.075
0.027
-1.626
-0.017
-0.200
-0.019
-0.216
-1.114
-0.199
0.255
-0.031
0.059
-0.075
-0.296
-0.181
-0.488
-1.392
-0.102
-0.046
-0.225
-1.667
-1.270
-2.683
-1.956
-1.960
-1.817
-0.146
-0.121
-1.350
-0.920
-0.061
0.635
0.086
-1.310
-0.552
-0.099
-0.059
-0.858
0.626
0.405
0.038
-0.509
-1.574
-1.521
-0.586
-1.098
-0.573
-0.101
-1.931
0.003
-0.778
-0.722
-0.526
0.262
0.131
-0.464
-0.008
0.024
-0.010
0.091
-1.373
0.371
0.035
-0.459
-0.196
-0.041
-0.151
-0.035
-0.063
0.189
-0.095
-0.220
0.353
-3.292
-2.507
-0.829
0.159
-0.103
-0.075
1.454
-0.207
-0.458
0.859
1.453
0.018
-3.079
-2.201
-1.359
-2.366
-0.886
-1.754
-1.265
-1.331
-1.290
-1.878
-1.488
-0.727
-1.061
-2.160
-1.376
-1.107
-3.868
-0.073
0.503
-0.078
-0.122
-0.500
-0.259
-0.963
-0.670
0.287
-1.918
-0.059
-0.328
-0.075
-0.737
-1.644
0.383
-1.179
-0.462
-0.370
-1.047
-0.828
-1.413
-0.005
-0.223
-1.158
-1.013
-0.317
-0.885
-0.196
1.506
-0.067
0.348
-0.038
-0.070
-1.096
0.043
-0.705
-0.049
0.253
-0.960
-0.475
-1.104
-0.247
-0.056
-0.132
-0.038
-0.706
-0.410
-0.690
-0.995
0.139
-0.075
0.051
0.008
-0.189
-1.316
1.350
-0.037
-0.019
-0.066
-0.289
-0.075
0.359
-2.602
-0.227
-0.034
-0.234
0.023
-1.612
0.364
-0.523
0.657
1.991
0.689
0.134
0.142
1.124
-0.553
-0.006
-0.877
-3.012
-0.159
-0.173
-0.306
-0.259
0.030
-0.010
-0.147
-0.234
0.272
-0.028
-0.675
-0.181
-0.090
-1.576
-0.914
0.018
-0.790
-0.850
-0.319
-1.001
-0.181
-0.458
-0.029
-0.042
-0.457
-0.747
0.662
-0.400
-0.315
0.137
-0.072
0.363
0.153
-3.214
-1.690
-1.247
-1.749
-1.318
-0.528
-0.376
-1.357
-2.221
-1.033
-0.961
-0.622
-0.160
-0.565
-0.353
-0.747
0.029
-0.127
0.099
-2.294
0.453
-0.965
-0.600
-1.427
-0.618
-1.170
-0.086
-0.062
0.022
-0.094
-0.135
-0.118
1.948
0.541
-0.482
-0.120
-0.095
0.059
-0.058
-0.186
-0.049
0.887
0.029
-0.075
-0.036
-0.296
-0.502
0.113
-1.049
-0.214
-1.333
-1.614
-0.061
-0.591
-1.026
-0.156
-1.294
-0.023
-1.509
-2.414
-0.245
-0.223
-0.054
-0.075
0.591
-0.128
-0.243
-0.092
-0.857
-0.007
-1.233
-0.471
-0.732
-0.160
-0.382
-0.933
-1.344
-0.261
-0.045
0.069
0.318
-0.190
0.169
0.116
-0.206
0.591
-1.984
-1.714
1.677
0.217
1.574
0.083
0.246
0.428
0.942
0.055
0.780
0.848
1.381
1.080
0.363
-0.012
0.032
0.148
0.033
-0.918
-0.179
-1.750
0.385
0.264
-1.600
0.273
-0.115
-2.090
0.550
-0.829
-0.798
-0.102
0.847
-0.159
-0.409
-0.148
0.289
-0.524
-2.426
-0.083
-1.538
-0.181
0.504
-0.096
-1.832
-2.188
-0.112
0.090
-0.160
-0.628
-0.161
-0.938
-0.125
-1.341
-0.610
-1.589
-1.084
-0.417
-0.109
-0.095
-0.585
-0.115
-0.323
-0.541
-1.648
-0.846
-1.612
-0.075
0.119
0.080
0.028
0.438
-0.024
0.479
-0.101
-0.294
-0.130
-0.144
-0.218
0.391
-0.086
-0.134
-0.075
-0.505
-0.676
-1.477
-2.332
-0.684
-0.106
1.063
0.245
-0.214
-0.294
-0.160
0.347
-0.161
-0.065
-0.042
-0.146
-1.028
-0.600
-0.882
-1.417
-0.482
-0.708
-2.818
-0.846
-0.871
-0.096
-0.473
-0.214
-0.269
0.039
-0.127
0.874
-0.243
-0.959
-0.617
-0.310
-0.115
-0.103
0.096
-0.259
-0.089
-0.023
-0.167
-0.403
-0.249
-0.513
-0.286
-0.060
-0.015
-0.891
0.487
-2.968
-1.125
-0.075
-1.043
0.425
-0.184
1.465
-1.084
-0.282
-0.083
0.105
-0.357
-0.075
0.078
0.038
0.441
0.123
-0.074
0.154
-1.311
-0.296
0.345
-0.181
0.244
-0.223
-0.034
-0.205
-0.295
-0.219
-0.276
-0.058
-0.691
-0.414
-0.101
-1.552
-0.741
-0.507
-0.514
-0.645
-0.015
-0.889
-0.631
-1.236
-0.792
-1.024
-3.309
-0.949
0.336
1.028
-0.892
0.336
0.749
-0.357
1.615
0.528
-0.425
-0.168
-0.806
0.002
0.216
-1.836
-0.963
0.375
-0.707
0.611
0.183
0.436
-1.438
-0.084
-0.071
0.340
0.013
-0.615
-0.532
-0.017
0.249
0.077
0.365
-0.796
0.796
-0.234
-0.615
-0.946
-0.147
0.125
0.364
1.013
-1.103
0.370
-0.915
0.045
