0.754
0.173
0.365
-0.003
0.082
-1.121
0.250
-0.113
-0.048
-0.106
0.127
0.109
-0.794
-0.237
-0.197
0.737
1.431
1.580
-0.184
0.059
-0.687
0.144
0.084
0.075
0.031
0.263
-0.217
-0.349
0.208
0.321
0.053
-0.007
0.168
0.069
0.162
-3.766
-1.869
-2.170
-0.063
-0.838
-1.849
-1.814
0.053
0.099
0.041
-0.007
-0.092
-0.603
-2.820
-1.887
-1.552
-2.787
-2.197
-3.083
-0.949
-1.400
-1.496
0.060
-0.317
-2.646
-1.211
-3.048
-2.317
-2.066
-1.389
-2.589
-1.528
-1.104
0.842
-0.687
-0.849
0.500
-0.919
-0.184
-0.764
-0.814
-0.411
0.270
-2.091
0.128
0.150
-1.895
-0.450
-0.508
0.029
0.482
-0.704
-0.592
-0.244
-0.833
0.253
0.002
-0.286
-0.411
0.053
0.353
0.142
0.044
-0.940
-0.642
-0.189
0.027
0.049
-0.285
-0.353
0.369
-0.062
0.081
-0.172
0.151
0.053
-0.113
0.066
-0.043
0.037
0.053
0.053
-0.055
-0.076
-0.053
0.010
0.098
0.053
0.053
-0.016
-1.892
0.168
0.848
0.254
0.143
-1.292
0.575
-1.151
-0.993
0.439
-0.554
1.282
-0.054
0.561
-0.750
-5.273
1.350
-0.209
-0.288
0.150
-0.131
-0.253
0.051
-0.020
-2.642
0.331
0.287
-0.276
-1.265
-1.283
-4.388
-4.119
-1.632
-2.106
-0.020
-0.603
-1.107
-0.726
-0.325
0.114
-0.042
-0.965
-0.189
-0.160
-0.846
-0.632
0.202
-0.001
0.760
-1.037
-1.378
-1.469
-0.709
-1.397
-0.644
0.112
-2.589
0.058
-0.693
-0.938
-0.524
-0.054
-0.271
0.285
1.143
-0.295
-0.336
0.178
-1.884
-0.344
-0.323
-0.444
-0.161
-0.081
-0.391
-0.679
-0.076
0.080
0.574
0.062
0.045
-1.104
-2.598
-0.309
-0.266
0.757
-0.202
2.512
-1.032
-1.684
1.093
-0.166
0.310
-2.387
-3.169
-2.333
-1.693
-0.337
-0.481
-2.764
-0.585
-1.331
-1.082
-2.453
-1.550
-1.793
-1.996
-2.066
-0.962
-3.675
0.286
1.770
0.077
-0.614
-1.485
-0.846
-2.961
0.172
0.310
-2.565
-0.011
-0.114
-0.000
-3.318
-0.239
-0.032
-0.425
-0.967
-0.127
-1.473
-0.441
-0.809
-0.427
-0.115
-0.218
-1.067
-0.232
-0.684
-1.360
0.289
-0.905
0.048
0.065
0.857
-0.175
0.280
-0.980
0.035
-0.300
-1.104
0.180
-2.424
0.090
-0.150
-2.678
0.120
-0.126
-0.863
-1.016
-0.252
-0.157
-1.496
0.050
0.243
-0.010
0.196
0.349
0.053
-0.103
0.245
0.343
-1.752
-0.148
-3.472
-0.501
1.131
-0.132
-0.457
-0.831
0.877
1.981
0.071
0.953
0.568
-0.013
-0.274
0.094
-0.185
0.648
-0.784
-1.511
-1.848
-0.156
0.189
-0.218
-0.009
0.029
0.102
0.494
-0.065
-0.026
-0.425
0.439
0.235
-1.544
-0.285
-0.129
-0.159
-0.571
-0.188
-0.354
0.022
-1.193
0.167
0.085
-0.256
-0.825
0.479
-0.038
-0.495
0.079
-3.818
0.709
0.331
-3.931
-2.395
-0.742
-1.323
-2.890
0.114
-0.235
-0.975
-2.069
-1.695
-2.258
-2.244
0.010
0.230
-1.052
-1.115
0.257
-1.481
0.040
-4.701
0.146
-0.496
-1.082
-0.369
-0.276
-0.561
0.866
0.254
0.098
-0.269
0.389
-0.314
-0.111
0.626
0.091
0.202
-0.787
0.070
-0.841
0.193
-0.061
0.640
-0.221
0.197
0.315
0.521
-0.632
-0.608
-1.435
0.074
-0.456
-1.416
-1.400
-0.583
-0.804
-0.500
-0.635
0.345
-1.075
-2.740
0.720
0.022
0.571
0.053
-1.154
-0.095
-0.535
-0.001
-0.129
-0.006
-0.823
0.084
-0.407
-0.204
-1.574
-0.327
-0.059
-0.084
0.161
0.021
-0.112
0.053
-0.367
-1.268
0.060
0.141
-1.562
-1.020
-0.023
-0.149
1.286
1.147
0.472
0.099
0.224
1.601
1.513
1.655
2.117
3.120
0.190
-0.459
1.554
0.794
0.666
-0.228
0.057
0.160
0.095
0.388
0.439
1.248
0.725
-0.868
0.038
-2.032
0.313
0.100
-0.415
0.053
-0.243
-0.869
-0.156
-0.060
-1.465
-0.001
-1.000
0.071
-1.187
-0.503
0.115
-0.966
-1.294
-0.705
0.061
0.226
-0.081
-3.148
-1.258
-1.859
-0.287
-1.931
-1.046
-0.086
-0.025
0.148
-0.839
0.013
-0.560
-1.187
-1.971
-0.904
-0.903
0.066
0.163
0.053
-0.973
0.063
0.127
0.114
0.360
-0.763
-0.598
0.273
-1.928
0.133
-1.221
0.053
0.034
-0.658
-0.006
-0.468
0.255
-0.502
0.215
0.053
0.053
0.105
-0.476
0.053
-0.378
0.354
0.385
0.053
-0.041
-1.089
-0.992
-1.121
-0.562
0.053
-0.294
-2.876
-0.947
-1.753
-0.099
0.053
-0.036
-0.347
0.021
-0.185
-0.408
-0.110
0.038
-0.315
-0.429
-0.329
-0.559
0.043
-0.038
0.059
-0.094
-0.020
-0.390
0.009
-0.613
-0.344
-0.074
0.490
-0.512
-1.346
-0.630
-0.907
-0.791
-0.302
0.081
-0.047
0.145
0.098
0.100
-0.529
0.585
0.283
-0.021
0.325
0.059
1.187
0.237
0.537
0.456
-1.571
-0.139
0.086
-0.496
-0.345
0.132
0.163
-0.394
-0.775
-0.170
-0.744
-0.180
-0.433
-0.431
-0.003
-2.000
-1.269
-0.048
-2.267
-1.742
-0.480
-1.217
-0.244
-1.725
-0.951
-0.491
-0.923
-1.887
-0.081
0.553
-0.946
0.238
-0.578
-0.164
0.860
0.954
0.595
-0.193
0.780
0.800
-0.546
-0.788
-0.728
-1.527
-2.024
1.229
-0.229
0.173
1.301
0.168
-1.182
-0.247
0.714
-0.943
-0.808
0.066
-0.623
0.175
-0.025
-0.060
-0.066
-0.583
-2.512
0.041
-0.219
-0.050
0.053
1.221
-0.180
0.053
0.997
0.070
