-0.071
0.265
-0.147
0.021
0.038
0.050
-0.048
-0.225
-0.234
-0.161
-0.419
0.012
-0.113
-0.521
-0.370
0.076
0.099
0.129
-0.314
-0.574
-0.488
1.077
-0.084
-0.011
0.026
0.426
0.072
-0.191
-0.292
0.077
0.038
-0.069
0.355
0.136
0.385
-2.754
-1.356
-2.354
-1.276
-1.936
-1.688
-3.111
0.128
0.353
0.134
0.371
-0.129
-0.325
-1.949
-1.441
-2.144
-1.950
-2.512
-2.633
-1.796
-1.326
-1.306
0.170
-0.511
-2.330
-1.024
-0.645
-1.217
-1.749
-1.134
-1.473
-1.180
-0.661
0.277
-0.434
-1.073
0.282
0.154
-0.003
-1.590
-2.337
-1.370
0.835
-2.531
0.038
0.455
-0.729
-0.845
0.089
0.472
0.390
-0.899
-1.677
-0.634
0.095
0.740
-0.179
0.095
-0.500
-1.045
-0.113
-0.068
0.013
-1.256
-0.327
-0.078
0.017
0.037
-0.133
-0.023
0.282
0.003
0.020
0.178
0.114
0.099
0.095
0.621
0.354
0.149
0.165
0.027
0.461
0.198
0.254
0.022
0.084
0.200
0.196
0.073
-0.731
0.312
0.406
0.054
-0.120
-0.003
0.224
-0.033
0.274
1.263
-0.136
0.482
-0.056
1.298
0.030
0.083
1.152
0.823
-0.159
-0.109
0.073
-0.385
-0.344
-0.947
-1.953
-1.125
-0.417
-0.485
-1.905
-2.202
-2.894
-2.495
-3.310
-3.079
0.306
-0.735
-2.174
-2.159
-0.091
0.308
-0.026
-1.058
-0.719
-0.253
-0.758
-0.790
0.490
0.189
0.492
-0.369
-1.195
-1.014
-0.294
-0.874
-0.494
0.134
-1.391
0.090
-0.815
-1.097
-0.305
-0.236
0.159
-0.075
-0.371
0.047
-0.006
-0.650
-2.907
-1.557
0.749
-0.630
-0.281
-0.038
0.076
-0.067
0.040
0.153
0.037
0.066
0.114
-3.131
-1.366
-0.877
0.097
0.258
-0.041
1.657
-0.077
0.666
1.716
0.291
0.176
-2.156
-2.244
-1.044
-2.164
-0.778
-1.988
-0.867
-0.959
-1.759
-1.044
-1.799
-0.718
-0.535
-2.189
-1.594
-1.038
-3.321
0.357
0.797
-0.735
-0.161
-0.509
-0.494
-0.778
0.230
0.338
-1.989
0.026
-0.611
-0.380
-0.350
-0.866
0.090
-0.620
-0.208
-0.185
-0.945
-0.238
-1.514
0.354
0.262
-0.737
-0.675
-0.244
-1.157
-0.480
1.060
0.207
0.621
-0.271
0.155
-1.071
0.356
-0.285
0.016
-0.074
-0.932
0.013
0.201
-0.237
-0.315
-0.545
0.845
-0.344
-0.951
-1.026
-0.940
-0.045
-0.181
0.051
0.227
0.027
-2.415
0.216
-0.152
-0.131
0.133
0.027
-0.744
-0.078
-1.413
0.041
0.118
-1.464
-0.098
-0.581
0.031
-1.355
0.549
2.132
0.741
-0.247
-0.299
1.028
-0.164
0.049
-1.034
-1.304
-0.543
0.818
0.236
0.121
0.048
-0.007
0.106
0.005
0.056
0.120
-0.731
-0.055
0.048
-1.318
-0.472
-0.281
-0.017
-0.298
-0.169
-0.825
-0.351
-0.262
0.016
0.210
-0.460
-0.662
1.079
-0.076
-0.321
0.158
-0.250
0.210
0.212
-2.776
-1.901
-1.257
-2.658
-1.129
-0.799
-0.157
-0.968
-1.736
-0.734
-0.118
-0.480
0.032
-0.462
-0.545
-0.336
-0.867
-1.596
0.053
-2.557
0.077
-0.930
-0.807
-0.420
-0.111
-1.102
0.540
0.110
0.091
-0.180
-0.357
-0.204
0.096
0.534
-0.108
0.016
-0.485
-0.490
-0.589
-0.401
-0.095
0.513
0.109
0.149
0.067
0.043
-0.816
-0.014
-1.350
0.077
-1.139
-1.023
-1.175
-0.617
-0.250
-1.319
-0.352
-0.627
-2.668
-1.871
-0.070
-0.525
0.038
-0.134
-1.414
-0.303
-0.221
-0.069
-0.454
0.173
-1.246
-0.627
-0.675
-0.112
-0.287
-0.018
-0.076
0.075
0.013
0.088
0.978
0.120
-0.042
0.189
-0.181
1.086
-1.756
-0.785
0.066
0.327
1.009
1.805
0.052
0.409
0.380
-0.329
0.385
0.273
0.470
0.404
1.224
0.350
0.432
0.385
0.170
0.065
0.651
-0.777
0.292
0.120
-1.258
0.463
-0.092
-0.058
0.740
-2.004
0.217
-0.205
-0.197
-0.183
-0.110
-0.594
0.261
-0.088
-1.510
-0.189
-2.806
-1.087
-0.578
-0.074
-0.718
-0.957
-0.101
0.080
-0.424
0.406
-0.401
-1.425
-0.662
-0.859
-0.358
-2.140
-1.411
-0.353
-0.125
-0.049
-0.827
-0.153
-0.135
-0.194
-1.289
-1.496
-1.834
0.081
0.018
0.067
0.086
0.043
-0.395
0.970
-0.124
-0.351
-0.013
0.142
-0.169
-0.579
-0.275
0.012
-0.304
-0.577
-0.221
-1.191
-1.026
-1.023
0.178
0.071
0.047
-0.149
-0.528
-0.150
0.319
0.016
0.009
0.091
-0.182
-1.127
-0.110
-1.522
-0.542
-0.437
-1.312
-2.899
-0.937
-0.796
0.181
-0.458
-0.131
-0.602
-0.299
0.113
0.269
-0.083
-0.730
-0.296
-0.190
-0.753
-0.420
-0.120
0.059
-0.009
0.085
-0.354
-0.346
0.009
-0.340
-0.427
0.114
0.322
-1.233
-0.041
-1.792
-0.717
-0.634
0.156
0.715
-0.226
0.026
-0.400
0.040
0.039
0.178
-0.011
0.395
0.365
-0.032
-0.031
0.184
-0.016
0.344
-1.391
-1.191
0.071
0.141
0.211
0.066
-0.137
-0.193
0.336
-0.055
-0.148
0.061
-0.668
-0.273
-0.240
-1.152
-0.720
-0.834
-0.134
-1.091
0.735
-0.950
-0.574
-0.864
-0.681
-0.838
-2.669
-0.659
-0.106
-0.711
-0.641
-0.046
-0.153
-0.450
0.824
0.275
0.209
0.093
-0.544
0.320
-0.603
-0.915
-0.584
1.062
0.093
0.486
0.296
1.012
0.062
0.930
-1.171
0.443
0.622
-0.190
-0.262
0.133
-0.549
0.358
0.353
-0.320
-0.318
-0.508
-1.091
-0.028
-0.019
-0.040
0.135
1.233
-1.445
0.131
-0.239
-0.222
