0.141
-0.048
-0.069
-0.084
-0.072
0.074
0.292
-0.061
0.440
0.372
0.308
0.344
0.305
0.045
-0.160
0.001
-0.083
-0.103
-0.744
-0.139
1.182
-0.625
-1.020
0.062
-0.034
0.216
0.132
0.325
0.662
-0.226
0.088
0.134
0.096
0.052
0.132
2.878
1.920
1.794
0.484
1.387
1.644
3.525
-0.056
-0.013
0.179
-0.306
0.080
-0.181
1.334
1.312
2.094
1.820
2.311
2.801
2.257
1.143
1.349
-0.079
0.254
2.554
0.875
0.866
1.385
1.686
1.374
2.441
1.475
0.368
-0.170
0.136
1.131
-0.148
0.082
0.177
0.049
1.439
0.080
-0.424
2.280
-0.187
-0.792
0.953
0.843
0.080
-0.281
0.227
0.984
2.082
0.080
-0.409
0.035
-0.071
0.255
0.704
0.352
0.080
0.366
-0.127
0.565
0.128
0.082
0.006
0.053
2.302
-0.023
-0.292
-0.024
-0.180
-0.056
-0.562
-0.131
-0.062
-0.201
-0.056
-0.236
-0.196
-0.056
-0.446
-0.056
-0.080
-0.056
-0.056
-0.181
-0.447
-0.356
0.773
-0.252
-0.996
-0.422
0.089
-0.046
-0.180
0.217
0.080
-0.638
1.269
0.065
0.225
-0.484
0.527
0.481
-0.504
-1.060
0.094
0.094
0.029
0.357
0.397
0.811
0.268
1.492
-0.263
0.382
2.107
1.425
2.466
2.715
0.774
2.413
-0.359
0.254
1.871
1.575
0.637
0.453
0.001
0.679
0.746
0.016
0.080
1.544
-0.352
-0.402
-0.333
0.708
1.588
0.968
0.789
0.080
1.104
-0.054
0.711
-0.400
0.735
0.693
0.337
0.088
-0.731
-0.180
-0.516
-0.092
0.871
-0.236
2.038
0.069
-1.149
0.513
0.189
0.660
-0.061
-0.075
-0.058
-0.098
0.077
0.080
0.092
2.208
1.245
0.406
0.385
0.795
-0.238
-1.515
-0.169
-0.161
-2.500
0.193
-0.208
2.631
1.715
1.042
2.523
-0.283
1.721
1.252
1.136
0.321
0.667
1.276
1.229
0.377
1.910
1.384
0.556
2.109
0.130
-1.022
0.416
-0.028
0.306
0.297
0.288
-0.336
-0.048
1.519
-0.086
0.524
-0.384
0.524
1.146
-0.158
1.012
0.008
-0.180
1.266
0.080
0.198
-0.293
0.394
1.126
1.062
0.080
0.928
0.393
-1.331
0.760
-0.534
-0.273
-0.083
0.293
-0.183
0.651
-0.032
-0.439
0.654
0.087
0.002
0.266
0.105
-0.075
0.068
0.684
0.107
0.881
1.232
0.100
0.211
-0.080
-0.118
0.388
2.191
-0.142
0.034
-0.104
0.057
1.205
0.008
-0.023
2.515
-0.427
0.211
1.949
0.891
-0.023
-0.014
-0.124
-1.649
-0.870
-0.676
0.205
-0.226
-0.899
0.667
-0.427
1.287
1.347
0.416
-0.059
-0.278
-0.137
-0.071
0.125
0.611
0.238
0.737
-0.305
0.549
0.027
-0.103
1.509
-0.014
0.285
0.042
0.553
-0.115
1.037
0.048
0.210
-0.059
-0.060
0.361
1.391
-0.708
0.550
0.248
0.407
0.284
0.080
-0.546
2.135
1.115
1.227
0.926
0.996
0.532
0.271
1.910
1.493
1.015
0.320
0.508
0.235
0.415
0.890
1.013
0.076
0.392
-0.083
2.244
-0.116
0.914
1.094
1.145
0.161
0.470
-0.356
-0.134
-0.000
0.053
-0.358
0.163
-0.291
-0.821
0.229
0.632
0.249
-0.701
-0.025
0.610
0.997
-0.047
-0.089
-0.281
0.122
-0.272
0.086
0.080
0.793
-0.274
1.504
1.773
0.080
1.354
1.484
0.080
0.085
0.038
1.304
3.114
-0.028
0.806
0.266
0.263
-0.019
0.076
-0.258
0.243
0.767
-0.142
0.873
0.380
0.700
-0.095
1.055
0.238
0.585
0.242
0.625
-0.167
-0.740
0.053
-0.116
-0.382
0.243
-0.309
1.514
0.994
0.080
-0.074
-2.909
-0.716
-0.521
-0.074
-0.367
-0.036
-0.830
-0.474
-0.858
0.028
-0.138
-0.526
-0.111
-0.369
-0.087
1.291
-0.448
0.937
-0.466
-0.210
1.501
-0.478
0.036
1.069
-0.227
1.628
0.033
0.085
0.639
-0.292
0.629
0.708
-0.250
0.351
2.235
0.021
1.770
0.256
0.080
0.146
1.472
2.242
-0.190
-0.256
-0.724
-0.259
-0.147
0.596
0.088
1.056
0.486
2.202
0.853
-0.378
0.174
0.240
0.838
0.221
0.363
0.389
1.708
0.918
1.313
-0.232
0.179
-0.035
0.035
0.168
-0.058
-0.051
0.080
0.150
0.154
-0.158
0.115
0.002
-0.132
0.156
0.219
0.429
0.299
0.880
0.958
0.538
-0.179
-0.989
0.013
0.080
0.916
-0.055
-0.492
0.268
0.212
-0.170
0.254
0.601
0.132
0.606
0.456
0.587
0.912
2.203
0.722
0.613
-0.592
0.528
0.110
0.952
0.211
-0.054
-1.009
-0.171
0.692
0.080
0.269
0.230
0.245
-0.146
0.081
-0.191
-0.127
0.338
0.149
0.210
0.304
0.423
-0.144
-0.189
0.437
-0.124
2.545
0.751
0.080
2.836
0.109
0.434
-0.073
0.885
-0.124
0.069
-0.004
0.129
-0.374
-0.440
0.168
0.060
-0.231
-0.080
-0.212
3.713
-0.275
0.173
-0.017
-0.308
-0.047
0.180
0.875
0.373
0.298
0.335
0.195
0.878
0.318
0.038
1.956
0.946
-0.032
0.811
0.080
0.283
1.293
0.637
0.892
0.789
0.494
3.382
0.789
-0.174
0.623
0.618
-0.497
-0.146
0.419
-1.501
-0.567
1.082
0.036
0.111
0.101
-0.290
0.984
0.425
-0.496
0.210
-0.346
-0.486
0.066
1.505
0.014
0.918
-0.275
-0.544
0.486
0.674
-0.056
-0.351
-0.056
-0.894
0.641
0.316
0.386
0.582
0.338
0.019
-0.149
0.055
-1.534
0.672
-0.304
0.321
0.080
