-0.403
-0.231
-0.103
-0.322
0.011
-0.131
-0.284
0.014
-0.499
-0.219
-0.530
-0.648
-0.074
-0.219
0.824
-0.275
0.070
0.168
-0.323
-0.080
-0.142
1.089
0.324
-0.244
-0.207
-0.259
-0.269
-0.230
-0.521
0.009
0.163
-0.003
-0.004
-0.718
-0.031
-3.337
-2.216
-3.020
-0.766
-1.899
-2.754
-3.495
0.099
0.014
-0.045
-0.000
-0.360
-0.013
-2.065
-1.742
-2.548
-2.065
-2.312
-4.185
-2.753
-1.632
-1.971
0.004
-1.390
-4.821
-1.282
-1.431
-1.561
-2.643
-1.521
-3.143
-1.649
-0.754
-0.327
-0.014
-0.796
-0.101
0.143
-0.751
0.014
0.014
0.281
1.121
-3.186
-0.118
0.229
-1.420
0.014
-0.375
0.400
-0.611
-1.493
-3.209
-0.426
-0.110
0.014
-0.313
-0.196
-0.558
-0.230
0.121
-0.281
-0.033
-1.338
-0.494
-0.163
-0.146
-0.109
0.079
-0.067
0.302
-0.117
-0.183
-0.141
-0.185
-0.060
-0.178
0.009
-0.153
0.020
-0.102
-0.173
0.188
-0.146
-0.079
-0.175
-0.159
-0.046
-0.144
-0.124
-2.364
0.234
1.858
0.856
-0.656
0.053
0.317
-0.770
-0.709
0.573
-1.566
-0.757
-0.639
0.742
-0.223
-0.167
0.619
0.855
-0.055
0.087
-0.034
-0.190
-0.798
-1.307
-1.350
-1.290
-0.029
-1.044
-2.707
-1.611
-4.160
-3.319
-2.383
-2.344
0.233
-1.035
-2.225
-1.273
0.014
0.012
0.014
-1.912
-1.572
-0.229
0.014
-1.191
1.288
0.258
0.221
-0.824
-2.610
-1.930
-0.684
-1.073
-1.224
-0.216
-2.072
-0.068
-0.726
-0.830
-0.232
-0.153
0.464
-0.468
-0.019
-0.166
-1.382
0.014
0.014
0.209
1.479
-0.497
-0.626
-0.481
-0.186
-0.309
-0.205
0.578
-0.412
-0.357
-0.212
-3.771
-2.257
-0.921
-0.204
0.047
-0.372
0.758
-0.063
-0.628
1.553
1.067
0.084
-3.030
-2.990
-1.402
-2.984
-0.346
-1.852
-1.621
-1.106
-1.717
-0.818
-1.722
-1.285
-1.520
-2.149
-1.830
-2.037
-3.169
0.329
0.879
-0.380
0.049
-0.635
-0.037
-1.125
-0.632
-0.409
-3.458
0.006
-0.364
-0.437
-1.338
-1.333
0.373
-1.399
-0.403
-0.462
-1.402
-0.632
-2.061
0.045
-0.212
-1.353
-1.285
-0.070
-1.367
-0.934
1.486
-0.432
0.809
-0.107
0.079
-1.199
0.255
-1.730
-0.168
0.544
-1.259
0.014
0.014
-0.181
-0.359
-0.133
-0.060
-1.006
0.014
-1.510
-1.705
-0.375
-0.969
-0.225
0.060
-0.625
-1.640
0.461
-0.164
0.551
0.036
0.183
-0.092
-0.733
-2.575
0.145
-0.195
-0.005
-0.753
-0.436
-0.010
-0.220
0.655
1.245
0.657
-0.186
-0.210
0.347
-0.134
-0.376
-0.886
-2.397
-1.429
0.278
-0.503
-0.228
-0.099
-0.132
-0.218
0.026
-0.348
0.051
-0.271
-0.158
-0.099
-1.788
-2.062
0.337
-0.311
-0.804
-0.356
-1.245
-0.246
-0.639
-0.167
0.025
-0.567
-2.754
0.617
-0.619
-0.517
0.305
-0.317
0.248
-0.095
-3.453
-1.575
-1.348
-1.722
-1.116
-0.440
-0.263
-1.712
-2.385
-1.434
0.031
-0.255
-0.249
-0.604
-0.461
-0.230
-0.056
-2.347
-0.074
-2.487
0.264
-1.533
-1.189
-1.245
-0.530
-1.994
-1.321
-0.390
-0.350
-0.320
-0.097
0.071
0.720
0.728
-0.101
-1.111
-0.248
0.582
0.014
-0.084
-0.406
0.870
-0.275
-0.095
-0.386
-0.301
-0.665
-0.335
-1.695
-0.432
-1.684
-1.528
4.046
-0.964
-1.909
0.135
-3.043
-1.452
-1.395
-2.790
-0.346
0.017
-0.147
-0.302
0.484
-0.308
0.131
-0.307
-0.858
0.061
-1.335
-0.570
-1.224
-0.201
-0.362
-0.272
-1.090
-0.267
-0.769
0.012
0.179
0.106
0.480
0.126
-0.424
0.059
-2.149
-1.182
0.014
-0.126
0.989
0.113
0.014
0.043
0.450
-0.340
0.632
0.783
1.571
0.795
0.204
0.194
-0.403
0.298
0.001
0.000
0.446
-2.138
1.359
0.600
-2.352
0.553
-0.139
-3.037
0.057
-1.530
-0.604
-0.321
-0.129
-0.247
-0.378
-0.158
0.285
-0.289
-1.753
-0.616
-2.114
-0.182
-0.716
-0.146
-1.945
-2.760
0.036
0.278
0.197
0.420
-0.408
-1.872
-0.557
-1.493
-1.000
-3.506
-1.400
-0.766
-0.620
0.014
-0.869
-0.091
-0.565
-0.833
-2.114
-0.971
-2.627
0.079
-0.041
0.026
0.046
-0.143
-0.327
0.049
-0.568
-0.226
-0.300
-0.151
-0.445
-0.416
-0.189
-0.098
-0.878
-0.745
-0.599
-1.867
-2.061
-1.524
-0.391
0.537
0.083
-0.101
0.006
-0.187
-0.317
-0.125
-0.183
0.074
-0.389
-0.927
-0.220
-0.740
-0.776
-0.834
-1.186
-3.530
-0.934
-0.912
0.301
-0.264
-0.274
-0.766
-0.228
-0.182
0.186
-0.169
-0.859
-0.099
-0.558
0.014
-0.340
-0.353
-0.366
-0.058
0.304
-0.282
-0.432
-0.269
-0.508
-0.490
0.141
-0.006
-1.163
0.343
-2.549
-1.120
-0.269
-2.136
0.064
-0.646
0.184
-0.780
-0.071
0.127
0.631
-0.287
0.308
0.375
0.063
0.198
-0.023
0.007
-0.070
-2.649
-1.909
-0.966
-0.295
0.047
0.053
-0.043
-0.215
-0.073
-0.211
0.064
0.041
-0.318
-0.074
-0.060
-2.040
-0.961
-0.028
-0.475
-1.239
0.007
-1.347
-0.739
-1.616
-1.196
-1.169
-4.004
-0.860
-0.207
-1.108
-1.138
0.185
0.098
-0.405
1.086
1.331
-0.482
-2.419
-2.183
-0.026
0.653
-1.855
-1.241
1.006
-0.092
0.190
1.295
0.291
-0.194
-0.233
-1.345
-0.113
0.241
-1.105
-1.132
0.029
-0.204
0.093
0.877
-0.995
-0.592
-0.507
-0.762
-0.753
-0.275
-0.163
0.071
1.228
-2.426
0.053
-0.483
0.028
