-0.245
0.083
0.221
0.064
0.066
0.060
-0.022
0.053
0.044
0.107
-0.099
-0.151
-0.002
-0.041
0.753
0.071
0.091
0.066
-0.153
0.066
-0.551
0.765
-0.451
-0.185
0.107
0.273
0.095
0.106
-0.056
0.106
-0.033
0.110
0.408
0.143
0.101
-1.996
-2.349
-2.448
-0.829
-1.348
-1.792
-3.800
0.033
0.364
-0.313
0.290
-0.128
-0.022
-2.268
-1.226
-1.953
-1.805
-2.308
-1.736
-2.588
-1.255
-1.449
-0.198
-0.664
-1.343
-0.753
-0.470
-1.049
-1.126
-1.387
-2.203
-1.501
-0.392
0.687
-0.363
-1.093
0.551
0.166
-0.875
-0.729
-1.385
-0.615
0.909
-4.531
0.057
-0.150
-1.173
-0.340
-1.502
1.231
0.105
-1.134
-1.193
-0.143
0.364
0.502
-0.464
-0.184
-0.245
-0.432
0.122
0.189
0.066
-1.338
-0.331
0.058
0.145
-0.103
-0.629
-0.239
0.098
0.012
0.061
0.166
0.031
-0.028
-0.151
0.255
0.198
0.206
0.125
0.068
0.076
0.170
0.111
0.004
0.044
0.127
0.062
0.245
-0.779
0.082
0.302
0.271
0.061
0.060
0.091
-0.473
0.148
0.694
-0.255
0.041
-0.080
1.561
-0.141
-0.260
1.740
0.870
-0.118
-0.663
-0.046
-0.384
0.066
-0.692
-1.763
-0.616
-0.240
-0.696
-1.460
-1.823
-2.822
-2.730
-2.437
-1.135
0.233
-0.373
-1.649
-1.431
0.034
0.284
0.043
-0.944
-0.593
-0.211
-0.457
-0.963
0.310
0.302
0.297
-0.476
-1.383
-1.279
-0.092
-0.865
-0.590
0.330
-1.903
0.066
-0.223
-0.619
-0.354
0.082
0.334
0.056
-0.328
0.032
-0.574
0.104
-1.855
-1.414
0.322
-0.541
-0.404
-0.770
-0.020
-0.790
-0.110
0.069
0.066
0.047
0.030
-2.487
-0.844
-0.919
0.026
0.136
0.065
1.641
-0.220
-0.483
0.318
0.588
0.257
-1.776
-1.557
-0.493
-1.707
-0.237
-1.810
-1.351
-0.603
-1.427
-0.998
-0.942
-0.403
-0.097
-1.057
-1.167
-3.161
-2.803
-0.493
1.028
-0.918
-0.283
-0.654
-0.381
-0.494
0.297
0.187
-2.168
0.074
0.012
-0.583
-0.832
-0.613
0.691
-0.383
-0.318
-0.026
-0.811
-0.235
-0.567
-0.096
-0.635
-0.631
-0.603
-0.643
-0.247
-0.685
0.585
0.029
0.464
-0.030
0.014
-0.027
-0.063
-0.733
0.044
0.028
-0.025
-0.486
-1.142
-0.309
-0.104
0.053
-0.051
-0.361
-0.708
-1.037
-0.930
-0.013
-0.330
0.118
0.066
0.210
-2.127
0.322
0.066
0.221
0.108
0.476
-0.672
-0.332
-2.139
0.552
0.052
-1.255
-0.765
-0.740
0.190
-0.341
0.680
1.630
1.608
0.217
-0.212
0.970
-0.464
0.108
-0.773
-0.744
-1.922
0.187
0.241
0.802
-0.077
0.129
-0.187
0.067
0.034
0.087
-1.055
0.076
0.031
-1.259
-0.220
-0.438
-0.407
-0.444
0.010
-0.473
0.191
-0.646
0.071
0.061
0.020
-0.380
0.158
-0.114
-0.410
0.231
-0.732
0.313
0.110
-2.105
-1.082
-0.478
-1.385
-1.678
-0.507
0.066
-0.608
-0.769
-0.798
-0.020
-0.010
0.050
-0.109
-0.413
-0.088
-0.469
-0.212
0.066
-1.648
0.454
-0.230
-0.230
-0.719
-0.171
-0.505
0.301
-0.077
-0.088
0.035
-0.382
0.317
0.681
0.656
0.106
0.064
-0.070
-0.159
-0.196
-0.496
0.399
0.985
0.318
0.066
0.163
-0.020
-1.236
-0.257
-0.893
0.192
-1.778
-0.962
-0.799
-0.285
0.038
-1.100
-0.190
-0.237
-2.816
-1.580
0.191
-0.491
0.002
-0.538
-0.067
-0.134
0.136
0.025
-0.709
0.095
-0.574
-0.112
-0.302
0.036
-0.039
-0.985
-0.566
-0.048
-0.139
0.182
0.660
0.066
0.024
0.130
-0.204
-0.024
-0.648
-0.206
-1.034
0.093
0.805
0.348
0.094
0.173
0.285
0.060
0.121
0.074
0.750
1.429
0.921
0.187
0.646
0.106
0.336
0.039
1.004
-0.157
0.126
0.072
-0.224
0.488
-0.230
-0.480
0.850
-0.214
0.055
-0.171
1.614
0.066
-0.210
-0.587
0.240
0.020
-1.718
-0.453
-2.103
-0.412
-2.085
-0.132
-0.615
-0.585
-0.072
0.046
-0.374
-0.325
0.090
-0.932
-0.188
-1.041
-0.340
-1.964
-1.259
-0.572
-0.397
-0.277
-0.989
-0.205
-0.081
-1.030
-1.128
-1.099
-1.794
0.022
-0.024
0.018
0.065
-0.036
-0.564
0.150
-0.216
-0.320
-0.080
-0.224
-0.815
-0.083
0.006
-0.645
0.013
-0.239
-0.052
-1.641
-2.029
-1.013
0.066
0.754
0.046
-0.086
-0.133
-0.119
-0.119
0.012
0.066
0.099
-0.482
-1.064
-0.057
-1.409
-0.426
-0.567
-1.285
-3.448
-0.903
-0.611
0.057
-0.018
-0.132
-0.199
-0.355
-0.183
-0.070
-0.148
-0.488
-0.469
-0.373
-0.554
-0.147
-0.100
0.074
-0.213
0.240
-0.788
-0.361
-0.323
-0.838
-1.674
0.493
0.636
-0.685
0.127
-2.381
-0.658
-0.314
-0.299
-0.351
-0.431
-0.386
-0.728
0.001
-0.195
0.057
0.020
0.044
0.274
0.066
0.224
0.349
0.080
0.235
-1.262
-1.058
-0.396
0.140
-0.035
0.138
0.250
-0.590
-1.129
-0.024
0.043
0.083
-0.346
-0.306
-0.062
-0.861
-0.313
-0.208
-0.310
-1.455
-0.073
-1.205
-0.183
-0.918
-0.168
-0.858
-1.323
-0.665
-0.097
0.076
-0.673
0.284
0.454
-0.015
0.689
0.371
-0.017
0.101
-2.562
0.729
-0.156
-0.756
-0.403
1.265
-0.964
0.782
0.871
0.219
0.015
0.155
-0.550
0.364
0.475
-0.152
-0.519
0.076
-0.224
0.147
0.533
0.032
0.015
-0.181
-1.422
-0.886
-0.065
0.131
-0.074
0.950
-2.625
0.284
0.001
0.110
