0.003
-0.211
-0.064
-0.305
0.010
-0.198
-0.419
0.109
-0.280
-0.058
-0.150
-0.253
-0.076
-0.038
0.337
0.173
0.180
0.116
-0.689
-0.728
-0.204
0.975
0.074
-0.295
-0.038
0.186
-0.175
-0.152
-0.615
-0.038
-0.286
-0.194
0.359
-0.058
0.532
-2.490
-2.100
-2.941
-0.743
-1.946
-2.656
-3.069
0.156
-0.102
-0.337
0.571
-0.168
-0.228
-2.874
-1.970
-2.105
-1.736
-2.975
-2.903
-2.511
-1.312
-1.316
0.261
-0.489
-3.613
-1.089
-2.297
-1.949
-1.482
-1.857
-1.514
-1.779
-0.484
-0.032
-0.690
-0.863
-0.145
0.141
-0.352
-1.273
-2.421
-1.280
0.962
-2.824
0.323
0.515
-1.148
-0.577
-0.036
-0.001
-0.152
-1.239
-2.643
-0.809
-0.313
0.161
0.091
0.097
-0.647
-0.304
-0.107
-0.010
0.144
-2.057
-1.639
-0.367
0.111
-0.120
-0.492
-0.276
0.237
0.045
0.038
0.061
0.114
0.053
-0.103
0.108
0.053
0.102
0.054
0.004
0.492
0.032
0.060
0.031
0.033
0.049
0.111
0.090
-1.793
0.278
0.948
0.136
-0.001
0.048
-0.384
0.144
-0.767
0.136
-1.261
-0.680
-0.208
1.321
0.003
-0.054
1.899
1.722
-0.030
-0.326
-0.141
-0.214
-1.049
-0.158
-2.351
-1.166
-0.213
-0.727
-2.326
-1.971
-3.419
-2.181
-3.115
-2.545
-1.032
-1.550
-2.105
-1.171
-0.678
0.227
0.046
-0.916
-0.857
-0.386
-0.737
-1.001
0.347
-0.187
-0.007
-0.963
-1.620
-1.281
-0.651
-1.017
-0.926
-0.093
-1.587
0.284
-0.655
-0.567
-0.135
-0.007
1.387
0.497
-0.001
-0.057
-0.793
0.231
-2.893
-1.676
1.223
-1.066
-0.297
-0.291
-0.061
-0.339
-0.354
-0.092
-0.377
-0.251
-0.394
-3.051
-2.360
-0.977
-0.188
-0.785
-0.067
1.010
-0.469
-0.036
1.141
-0.741
0.300
-2.748
-1.470
-1.387
-2.117
-0.384
-1.131
-1.215
-1.545
-1.068
-1.494
-1.528
-0.576
-0.653
-2.147
-1.388
-1.940
-3.865
0.721
2.155
-0.347
0.474
-1.173
-0.229
-0.403
0.096
0.449
-3.046
0.005
-1.017
0.149
-0.692
-1.504
0.185
-0.974
-0.434
0.473
-1.113
-0.654
-2.085
-0.037
0.408
-1.279
-1.333
0.277
-0.809
-0.964
1.720
-0.129
0.147
-0.174
0.039
-0.789
-0.034
-0.861
0.061
-0.101
-1.396
-0.053
-1.202
-0.661
-0.295
0.024
0.077
-0.976
-1.268
-1.372
-1.537
0.106
0.181
0.178
-0.036
-0.550
-3.068
-0.095
-0.013
0.167
-0.138
0.784
-0.496
-0.510
-1.526
0.145
0.780
-1.632
-1.091
-1.152
0.147
-0.537
2.178
1.424
1.153
0.153
0.042
1.296
-0.853
0.792
-0.932
-2.604
-1.082
0.198
0.363
0.156
-0.437
-0.020
-0.207
-0.206
-1.180
0.017
-0.624
-0.062
0.033
-1.589
-1.263
-0.061
0.110
-0.656
-0.344
-0.915
-0.290
-0.462
0.003
-0.053
-1.367
-1.556
0.645
-0.915
-0.963
-0.075
-0.646
-0.001
0.122
-2.918
-1.207
-1.085
-1.381
-1.794
-0.844
-0.250
-1.142
-1.697
-0.812
-0.113
-0.351
-0.048
-0.868
-1.103
-1.001
0.420
-2.189
0.068
-2.270
0.117
-1.503
-1.063
-1.046
-0.320
-1.608
-0.741
0.032
0.190
-0.300
-1.111
-0.194
0.057
0.403
-0.399
-0.259
0.241
0.327
-0.254
-1.195
-1.568
0.767
0.108
0.422
0.056
0.251
-0.770
0.275
-0.712
0.382
-1.043
-1.084
-0.924
-0.420
-1.036
-1.396
-1.257
-0.619
-1.404
-1.118
0.130
-0.392
-0.194
-0.876
0.603
-0.377
0.057
-0.244
-1.037
0.158
-1.704
-0.260
-0.903
-0.068
-0.236
0.097
-1.351
-0.261
-0.022
-0.168
0.328
-0.355
0.060
0.527
-0.362
0.171
-1.983
-0.577
-0.105
0.037
1.007
1.126
0.272
0.425
0.316
-0.063
0.647
0.530
0.474
1.410
0.976
0.502
0.082
0.132
0.205
-0.740
0.388
-1.690
0.365
0.115
-1.609
0.681
0.277
-1.734
0.354
-0.149
-0.111
-0.421
-0.183
-0.181
-0.442
-0.764
0.405
-0.531
-1.872
-0.293
-1.412
-0.965
-1.154
-0.185
-0.878
-1.257
-0.056
0.198
0.197
-0.430
-0.077
-2.025
-0.730
-1.827
-0.494
-2.579
-1.156
-0.245
-0.361
-0.142
-0.587
-0.252
-0.314
-0.767
-2.277
-0.902
-1.852
-0.182
0.029
0.121
0.174
0.035
0.005
1.138
-0.118
-0.360
-0.126
-0.073
0.030
-0.075
0.281
-0.205
-0.621
-0.660
-0.624
-0.978
-1.436
-1.259
-0.120
0.463
-0.151
-0.397
-1.320
-0.325
-0.505
-0.135
-0.158
0.025
-0.351
-1.215
-0.156
-0.743
-1.159
-0.878
-1.058
-2.440
-0.424
-0.515
-0.256
-1.219
-0.184
-0.858
0.057
0.005
0.732
-0.227
-0.427
-1.196
-0.387
-0.522
-0.285
0.081
-0.203
0.036
0.006
-0.519
-0.441
-0.267
-0.458
-0.611
0.425
0.053
-0.932
0.225
-2.831
-1.742
-1.830
-0.485
-0.532
-1.499
-0.056
-1.438
0.001
-0.209
-0.089
-0.262
0.207
0.068
-0.226
0.184
0.112
-0.185
0.066
-1.869
-1.788
0.419
-0.062
-0.118
-0.006
-0.058
-0.557
-0.377
-0.139
-0.299
-0.032
-0.136
-0.333
-0.073
-2.006
-1.092
-0.784
-1.351
-1.098
-0.619
-1.517
-0.473
-1.291
-0.557
-0.685
-3.303
-0.928
-0.383
-1.756
-0.368
0.070
-0.121
-0.509
0.148
0.820
0.038
-0.565
-1.061
0.605
-1.165
-1.146
-1.040
0.491
-0.786
0.643
0.166
0.775
-0.700
-0.238
-1.054
0.030
0.559
-0.380
-1.398
-0.008
0.203
0.035
1.317
-0.847
-0.303
-0.896
-1.258
-0.330
0.012
0.152
0.193
2.045
-1.781
0.260
-0.496
-0.231
