0.009
-0.187
-0.009
-0.210
0.248
-0.010
-0.027
0.682
0.256
-0.287
-0.162
0.084
0.143
-0.082
0.397
0.396
0.205
-0.228
-0.055
0.523
-0.429
-1.291
-0.911
-0.075
-0.146
-0.173
-0.019
-0.248
0.512
-0.270
0.101
-0.229
0.018
0.321
-0.053
2.624
3.016
1.967
0.640
2.426
2.247
1.894
-0.035
-0.590
0.268
0.006
0.159
0.107
2.517
1.549
1.320
1.337
2.861
2.294
1.501
0.929
2.467
-0.061
0.812
3.759
0.768
1.892
0.940
2.025
1.270
2.668
2.104
1.094
0.000
0.547
1.313
0.172
0.851
0.442
1.953
2.145
1.261
-0.853
3.287
0.045
-0.164
0.876
0.896
0.176
-0.516
-0.082
1.755
2.780
-0.060
0.257
-0.516
0.375
-0.036
-0.014
0.407
-0.221
-0.217
-0.056
1.540
0.691
0.024
0.380
0.100
0.420
0.050
-0.247
-0.128
-0.049
-0.172
-0.201
0.013
0.127
-0.206
-0.075
-0.355
-0.015
-0.038
-0.417
-0.117
-0.006
-0.085
-0.069
-0.149
-0.233
-0.210
0.978
-0.131
-0.924
-0.587
0.021
-0.175
-0.102
0.834
2.036
-0.119
1.585
-1.255
0.464
-1.375
-0.057
1.065
-2.742
-2.508
-1.079
-0.362
2.867
0.323
-0.317
0.778
0.996
1.139
-0.158
0.656
1.825
2.241
4.013
3.435
2.710
0.608
-0.657
-0.767
1.707
1.689
1.544
-0.121
0.205
1.224
1.092
0.685
0.127
1.897
-0.595
-1.908
-0.726
1.618
2.318
1.937
0.218
2.306
0.919
0.132
1.490
-0.070
0.743
1.046
0.278
0.493
-0.274
-0.321
0.595
-0.453
0.866
0.161
4.327
1.688
-1.343
0.019
0.679
-0.002
0.516
-0.028
0.196
-0.073
0.172
0.053
0.187
2.420
1.756
0.415
0.229
0.504
-0.029
-0.207
0.280
0.043
0.084
0.844
-0.134
2.550
4.949
0.568
1.883
1.348
0.896
0.819
1.488
1.311
0.503
1.747
1.773
-0.096
1.719
0.866
1.193
3.896
0.193
-0.311
0.059
0.533
0.611
0.019
0.816
-0.042
-0.132
1.917
0.273
0.666
-0.023
0.288
1.471
0.774
0.439
0.574
0.248
0.903
0.181
2.186
0.389
0.685
0.995
1.244
1.324
0.688
1.514
-0.349
-0.051
-1.142
0.032
-0.187
2.290
0.155
0.302
0.013
0.132
0.166
0.210
1.355
0.619
0.077
-1.164
-0.156
0.052
1.390
0.595
0.812
-0.144
0.051
-0.366
-0.331
0.480
1.614
-0.094
0.213
0.127
-0.095
-0.183
1.080
0.563
2.315
-0.015
-0.099
0.780
0.215
0.797
-0.214
0.657
-0.235
-0.337
-0.673
-0.019
-0.208
-0.457
0.672
-1.172
1.787
1.696
1.024
0.658
0.125
0.385
-0.037
-0.072
-0.011
0.252
0.053
-0.010
0.711
-0.455
0.079
2.238
0.460
0.073
0.210
1.857
0.236
1.283
0.763
0.155
0.135
-0.064
-0.079
0.176
-1.801
1.056
0.467
-0.005
1.548
0.049
-0.659
4.496
1.244
0.739
0.673
0.896
0.197
0.009
1.327
2.033
0.512
0.585
0.426
0.852
0.060
-0.045
0.081
0.419
0.327
-0.099
1.576
0.293
1.026
1.051
2.188
0.081
0.416
1.186
0.274
0.076
0.090
-0.679
0.920
-0.027
-0.733
0.146
0.878
-0.055
0.016
0.153
0.827
0.071
1.174
-0.090
-0.053
-0.167
-0.061
1.038
-0.085
1.744
0.290
1.178
0.139
0.889
0.743
0.481
1.641
0.222
0.004
0.655
2.613
-0.578
0.085
0.588
0.187
0.084
0.291
-0.277
0.634
0.694
-0.203
1.826
0.532
0.066
-0.344
0.080
0.846
0.983
0.016
-0.162
-0.774
-1.908
-0.009
-0.053
-0.192
0.069
0.087
2.003
0.841
1.687
-0.940
-0.893
-0.629
-0.204
-0.127
-0.055
0.286
-0.197
-0.286
-0.255
-1.928
-0.560
0.155
-1.195
-0.570
-0.051
0.608
-0.219
1.073
-0.325
-0.192
2.134
-1.115
-0.024
0.542
-0.453
-0.017
-0.049
-0.417
-0.784
0.131
-0.195
-0.069
-0.361
0.028
0.747
-0.154
2.429
-0.030
0.677
0.465
-0.318
0.027
0.412
0.069
0.376
-0.753
0.452
2.908
-0.038
1.688
0.837
3.711
2.085
-0.040
0.560
0.322
1.268
0.280
-0.042
0.474
2.411
1.028
2.668
0.206
0.033
-0.033
0.181
0.080
0.380
0.321
-0.037
-0.229
-0.167
-0.058
0.099
-0.197
0.198
0.518
0.159
-0.045
0.258
1.470
0.656
2.427
-0.048
-0.055
-0.153
0.396
0.169
0.103
-0.165
-0.214
-0.223
-0.465
-0.052
0.914
-0.087
0.442
2.801
0.541
0.844
3.479
1.239
0.478
-0.665
0.653
0.574
0.813
0.457
0.007
-0.055
-0.102
1.317
0.242
0.130
0.365
0.331
-0.081
0.010
-0.136
-0.066
0.446
-0.038
0.017
1.081
0.450
0.011
-0.179
0.484
0.147
3.095
1.927
2.173
0.372
1.031
1.158
-0.072
-0.171
0.059
-0.047
-0.307
0.104
-0.108
-0.397
0.011
-0.243
0.073
-0.057
0.017
1.608
-0.028
-0.026
-0.108
-0.123
-0.093
0.003
-0.074
1.684
0.015
0.360
-0.100
0.190
0.170
0.121
0.938
0.079
0.807
0.743
0.818
0.231
0.565
0.521
0.102
0.502
0.977
3.212
1.155
-0.306
1.807
0.250
0.066
1.183
-0.055
0.020
-0.179
-0.133
0.007
1.401
-0.855
1.850
2.130
1.060
-0.453
0.398
-0.008
0.176
-0.103
0.971
0.340
0.749
-0.055
-0.258
0.278
0.197
0.001
0.025
0.002
-0.459
0.248
0.218
1.524
0.585
0.293
-0.049
-0.607
-0.055
-0.449
0.017
-0.041
-0.236
-0.198
