-0.924
0.145
-0.209
-0.235
-0.133
-0.055
0.474
0.201
0.792
0.348
0.394
0.345
0.657
0.754
-0.586
-0.159
-0.156
-0.200
0.399
0.367
-0.236
-0.220
0.126
0.033
-0.408
-0.152
-0.263
-0.415
-0.187
-0.568
0.493
-0.101
-0.490
-0.544
-0.550
2.851
1.804
2.829
0.730
1.459
2.348
2.692
0.042
0.463
0.222
-0.342
0.051
0.042
2.070
2.980
1.900
2.571
3.074
2.864
1.995
0.806
1.578
0.094
0.662
2.079
1.416
1.492
0.776
1.199
1.449
1.430
1.134
0.184
-0.275
0.638
1.224
-0.769
0.628
0.003
1.777
1.116
1.085
-0.543
1.854
-0.612
-0.237
1.527
1.316
0.153
-0.274
0.693
0.786
2.262
0.649
-0.036
-0.197
0.622
-0.173
0.333
0.443
-0.164
-0.572
-0.160
2.717
1.374
-0.010
0.145
-0.112
0.202
0.159
-0.260
-0.142
-0.098
-0.142
-0.190
0.096
0.438
-0.110
-0.164
-0.140
-0.117
-0.164
-0.040
-0.150
-0.076
-0.009
-0.130
-0.116
-0.270
-0.191
0.800
-0.501
-0.774
-0.774
-0.782
-0.044
-0.448
-0.859
-0.259
-0.921
0.742
-0.374
-0.736
-0.693
-0.296
-0.501
-0.769
-0.731
-0.149
-0.276
0.007
0.195
0.289
0.752
2.069
0.709
0.298
0.758
1.553
1.273
2.273
2.596
3.086
2.480
1.484
1.038
1.836
2.373
1.445
-0.219
-0.165
1.419
0.980
0.300
-0.140
1.128
-0.519
-0.407
-0.442
0.490
0.797
1.136
0.671
1.360
0.987
-0.761
1.469
-0.195
0.050
0.396
-0.811
-0.800
-0.161
-0.558
-0.811
-0.286
0.927
-0.957
2.412
0.664
0.285
0.645
0.754
0.140
-0.158
0.126
0.057
-0.348
-0.246
-0.292
-0.275
2.147
2.191
0.916
0.664
-0.184
-0.185
-0.512
0.144
0.095
0.662
-0.877
-0.213
1.597
2.053
2.079
2.638
0.350
0.956
1.584
1.300
1.441
0.615
1.003
1.228
0.930
1.331
1.292
1.362
2.315
-0.147
-0.358
0.720
-0.288
1.031
-0.250
0.750
-0.004
-0.289
1.100
-0.178
-0.141
0.203
0.701
2.525
-0.444
0.224
0.046
0.347
1.250
0.081
1.215
-0.484
0.089
0.365
0.645
0.475
0.235
0.696
-0.444
0.425
-0.829
-0.847
-0.241
0.839
-0.151
-0.619
-0.177
-0.355
0.952
0.696
1.227
0.645
0.173
0.929
-0.743
0.258
1.667
1.123
0.106
-0.352
-0.948
-0.217
0.181
0.025
2.168
-0.333
-0.198
-0.339
-0.066
-0.332
0.107
0.238
2.166
-0.092
0.121
0.355
1.530
0.335
-0.940
-0.633
-0.184
-0.753
-0.571
-0.738
0.688
-0.525
0.517
-0.037
1.106
0.515
0.806
-0.456
-0.035
-0.289
-0.185
-0.254
-0.043
-0.139
0.230
-0.551
1.175
-0.433
-0.231
2.940
0.389
0.061
0.178
0.743
0.191
0.907
-0.297
0.240
-0.095
0.206
0.417
0.593
-0.422
0.246
0.477
-0.356
0.907
-0.401
-0.230
2.278
1.615
2.124
2.509
3.055
0.725
0.074
1.158
1.428
0.452
-0.600
-0.270
-0.101
-0.203
0.224
0.140
0.927
0.168
0.009
2.221
-0.229
0.234
0.050
1.730
0.446
1.931
0.761
-0.708
-0.753
-0.548
-0.099
-0.141
-0.690
-0.731
-0.689
-0.670
-0.832
-0.884
0.569
0.294
-0.691
-0.762
-0.882
-0.717
-0.808
-0.885
0.710
-0.671
1.082
0.142
1.480
0.999
0.480
0.652
-0.066
0.555
0.284
0.309
1.291
1.979
-0.647
-0.157
-0.349
0.344
0.009
-0.056
-0.043
0.126
1.029
-0.274
1.406
0.104
0.508
-0.203
0.777
0.739
-0.081
0.441
-0.298
-0.447
-0.197
0.057
-0.603
-0.527
-0.272
-0.495
1.393
-0.342
0.023
-0.428
-0.251
-0.817
-0.313
-0.062
-0.109
-0.066
-0.455
-0.458
-0.506
-0.506
-0.926
-0.827
0.418
-0.620
-0.332
0.880
-0.697
0.163
-0.344
-0.286
-0.076
-0.502
0.087
1.041
-0.235
0.502
-0.423
-0.258
-0.094
-0.049
0.536
-0.361
-0.221
0.217
1.318
-0.040
1.109
0.039
1.212
0.239
-0.352
-0.006
-0.005
-0.035
-0.021
-0.159
0.133
1.809
0.731
2.161
0.362
1.902
0.474
1.115
0.108
0.247
0.478
0.139
0.711
0.863
1.496
0.667
2.322
-0.412
-0.121
-0.505
-0.462
-0.151
-0.145
-0.647
0.263
0.731
0.215
-0.194
0.782
-0.863
-0.009
0.865
0.747
0.434
0.244
1.203
1.355
0.833
-0.157
-0.421
0.135
-0.150
0.564
-0.239
-0.255
0.041
-0.292
-0.172
-0.225
0.885
-0.204
0.821
0.509
1.232
0.380
2.125
2.114
2.325
0.458
0.899
-0.094
-0.208
-0.212
-0.141
-0.468
-0.043
0.422
0.219
0.668
0.622
0.357
-0.400
-0.205
-0.226
-0.268
0.974
0.089
0.824
0.380
0.382
-0.396
-0.592
0.905
-0.295
0.745
0.777
0.736
-0.482
0.269
-0.116
0.170
0.799
-0.511
0.046
-0.110
0.630
0.839
-0.144
-0.180
-0.124
-0.143
-0.173
-0.140
0.210
0.683
-0.272
-0.196
0.041
-0.188
-0.564
-0.141
-0.287
-0.435
0.141
-0.214
1.183
1.428
0.354
2.397
0.976
0.188
1.618
1.708
0.577
0.597
0.352
0.907
0.152
1.025
1.963
0.854
-0.391
-0.898
0.041
-0.148
-0.804
-0.193
-0.812
-0.375
-0.362
-0.221
2.151
0.343
1.475
0.504
-0.148
-0.291
1.255
-0.404
-0.339
-0.500
0.463
-0.379
0.407
-0.333
-0.763
0.429
0.493
-0.056
-0.119
-0.058
-0.181
0.670
0.969
1.279
1.007
-0.259
0.475
-0.357
-0.160
-0.028
1.840
-0.574
-0.668
-0.187
