0.145
1.138
-0.001
-1.081
-0.037
-0.269
-0.220
-0.400
-0.275
-0.134
-0.136
0.006
0.051
-0.861
-0.900
0.243
0.396
0.232
-0.705
0.363
0.499
-0.063
0.939
-0.118
-0.417
0.033
-0.664
-0.453
-0.077
-0.066
-0.208
-0.080
-0.146
-0.011
0.041
-1.934
-1.928
-1.969
-0.413
-2.255
-1.167
-1.881
-0.066
-0.333
-0.170
0.151
-0.515
-0.066
-2.865
-3.181
-2.393
-1.682
-2.752
-4.191
-2.247
-2.009
-1.612
-0.497
-0.381
-3.066
-1.324
-2.117
-2.927
-2.510
-1.148
-1.562
-1.099
-1.595
0.940
-0.998
-1.261
-0.512
-1.483
-0.590
-0.775
0.502
0.564
0.343
-3.301
-0.107
0.087
-3.083
-0.637
-0.145
0.333
0.949
-0.298
-1.206
-0.465
-1.290
0.764
-0.033
-0.182
-1.794
-0.592
-0.450
-0.103
-0.299
-1.465
-1.510
-0.234
-0.027
-0.205
-0.718
-0.557
-0.048
-0.030
0.359
-0.017
0.188
-0.434
-0.242
-0.120
-0.007
0.227
0.015
-0.118
0.032
-0.559
-0.076
0.255
0.136
-0.210
-0.023
0.111
-1.632
0.004
0.344
0.803
-0.246
-0.100
1.303
0.125
0.034
-0.479
-0.353
-1.693
-0.356
0.818
0.037
-0.517
1.676
0.359
-0.370
-0.115
-0.066
0.860
-0.283
-0.187
-1.697
0.394
-0.184
-0.266
-1.437
-1.959
-4.466
-3.542
-2.786
-3.253
-1.163
-1.397
-1.981
-2.076
0.078
0.063
-0.151
-0.837
-2.441
-0.614
-1.870
-3.025
-0.477
0.059
0.104
-0.898
-2.247
-1.133
-0.512
-0.753
-1.731
0.213
-1.127
-0.066
0.581
-0.576
0.684
0.181
0.038
-0.095
-0.313
-0.292
0.161
0.954
-2.176
-0.826
0.152
-0.213
-0.286
-0.367
-0.198
-0.316
-0.110
2.185
-0.066
-0.066
0.085
-2.385
-3.083
-2.841
-0.715
0.495
1.044
0.594
-0.144
-0.066
0.010
-0.785
0.038
-3.340
-2.390
-1.599
-1.846
0.508
-1.872
-0.575
-1.591
-0.712
-0.669
-1.180
-1.710
-0.332
-1.840
-1.863
-4.645
-3.348
-0.017
0.327
-0.748
-0.518
-0.412
-0.216
0.004
-0.624
0.112
-3.481
-0.066
-0.416
0.032
-1.215
-0.070
-0.019
-0.066
-0.341
-0.347
-1.243
-0.446
-1.548
-0.091
-0.936
-0.362
-1.750
-0.106
-0.816
-1.020
1.249
-0.532
-0.045
-0.312
-0.037
-0.525
0.220
-1.663
-0.047
-0.134
-2.760
-1.284
-4.373
-0.095
-0.871
-0.224
0.880
-0.242
-0.539
-1.579
-0.207
-0.161
0.026
0.017
0.074
0.207
-0.787
-0.019
-0.375
-0.406
0.001
0.015
-1.017
0.135
-2.659
0.264
-0.066
-0.489
0.128
-0.921
0.193
-0.573
-0.072
0.370
-0.015
-1.071
-0.408
0.197
-0.214
1.545
0.080
-1.673
-0.452
1.362
0.793
-0.093
-0.248
-0.005
-0.051
-0.087
-0.811
0.122
-0.526
0.132
-0.053
-2.043
-1.477
-0.254
-0.429
-0.165
-0.364
-0.845
-0.321
-0.326
-0.082
0.118
-0.177
-0.224
0.497
-0.099
-0.362
-0.212
-0.458
-0.030
-0.061
-4.437
-1.452
-3.069
-2.212
-2.479
-0.029
-0.133
-1.237
-1.941
-0.897
-0.006
-0.213
0.042
-0.346
-0.142
0.246
-0.818
-2.643
0.185
-3.428
0.170
0.326
-0.821
-0.850
-0.063
-1.385
0.566
-0.532
0.092
-0.381
-0.925
-0.398
-0.055
0.554
-0.093
-0.083
-1.627
-0.191
0.015
-0.379
-0.482
0.010
-0.126
0.136
-0.135
-0.134
-0.156
0.542
-1.828
0.233
-0.545
-2.135
-1.243
-0.744
-0.594
-0.573
-0.861
0.922
-1.859
-4.369
0.026
-0.603
-0.150
-0.136
-0.175
-0.066
0.064
-0.066
-1.096
0.278
-1.824
-0.337
-0.612
-0.196
0.247
0.591
-0.029
-0.171
-0.027
-0.439
0.472
0.065
-0.635
0.144
-1.942
-1.699
-0.828
-1.922
-0.115
-0.148
0.558
1.440
-0.178
1.165
0.012
0.787
0.225
0.184
0.614
0.704
-0.001
-0.224
0.166
1.669
0.036
-0.481
-0.690
-1.207
0.145
0.038
-1.025
0.642
1.204
1.317
1.289
-1.160
0.973
-0.107
0.056
0.095
0.160
-0.223
-0.074
-0.194
-1.891
-0.711
-1.227
1.232
-1.557
-0.403
-0.296
-0.914
0.063
0.613
-0.066
4.439
-1.308
-2.772
-0.553
-1.549
-0.253
-3.131
-1.415
-0.214
-0.207
-0.160
-0.683
-0.066
-0.594
-1.403
-3.435
-1.601
-2.408
0.197
-0.468
-0.013
-0.476
-0.126
-0.028
0.184
0.132
-0.490
-0.296
0.201
-0.323
0.113
-0.151
-0.120
-0.387
-0.996
-0.066
-0.684
-1.078
-0.236
0.430
1.282
-0.053
0.034
-0.366
0.037
0.539
-0.165
0.056
-0.032
-0.079
-0.576
-0.279
-1.461
-1.520
-0.806
-0.852
-2.617
-1.044
-0.862
-0.118
-0.066
-0.157
-0.692
-0.219
-0.046
-0.066
-0.075
-0.305
-0.462
-0.134
-0.066
-0.402
-0.007
-0.177
-0.446
-0.047
-0.196
-0.452
-0.066
-0.250
-0.616
-0.518
-0.186
-0.608
-0.323
-2.885
-1.158
-0.909
0.879
2.402
0.056
0.056
-0.066
-0.066
-0.457
0.279
-0.059
-0.075
0.044
-0.084
0.007
0.531
-0.080
0.183
-0.004
0.120
0.149
-0.559
0.089
0.340
-0.145
-0.063
0.099
-0.116
-0.907
-0.423
-0.437
0.331
-0.165
-1.817
-0.487
-0.652
-0.529
-0.688
-0.261
-2.591
-1.996
-1.469
-0.740
-0.192
-1.590
-0.744
-0.271
-0.056
-0.107
1.218
0.911
-0.726
0.289
0.548
0.082
0.164
-1.686
-0.066
-0.957
-1.920
-0.768
0.510
-2.650
0.161
0.027
0.476
-0.336
0.296
-0.425
-0.401
1.130
-1.439
-0.431
0.023
-0.067
0.417
-0.066
-0.092
-0.429
-1.569
-1.518
-0.694
-0.143
0.201
-0.311
0.243
-2.291
-0.589
0.985
0.643
