0.220
0.241
-0.022
0.546
-0.007
0.379
0.047
0.181
0.319
0.534
0.590
0.243
0.673
0.566
-0.133
-0.090
-0.623
-0.256
0.045
0.029
0.075
-0.309
-0.017
0.197
0.028
-0.048
0.106
0.484
1.011
-0.052
0.211
0.046
-0.407
-0.072
-0.199
2.264
2.094
2.922
0.954
2.777
2.285
2.808
-0.065
-0.229
0.043
-0.197
0.234
0.160
2.193
1.232
2.313
2.236
2.146
2.612
3.226
1.641
1.399
0.123
1.032
3.833
0.691
0.950
1.843
1.463
1.193
2.259
1.806
0.755
0.061
0.965
1.581
-0.876
-0.661
0.153
1.034
2.020
1.218
-1.447
1.997
-0.139
-0.129
0.970
1.010
0.507
-0.176
-0.144
0.617
2.335
0.087
0.388
-0.251
0.218
0.078
0.307
0.597
-0.020
0.042
-0.030
1.590
0.824
0.046
0.205
-0.027
0.444
0.726
-0.489
0.037
0.087
0.061
0.154
0.107
0.181
-0.384
0.059
0.019
-0.117
0.031
-0.407
0.048
0.027
0.096
0.065
-0.032
-0.193
0.071
1.242
-0.410
-0.629
-0.168
0.028
0.110
-0.137
-0.017
-0.226
-1.046
0.961
-0.960
0.084
-0.970
0.321
0.769
-1.044
-1.049
0.078
0.261
0.088
0.099
1.110
0.810
2.655
1.176
0.229
1.127
2.128
2.240
3.074
2.626
2.939
2.676
-0.423
0.203
2.753
1.960
0.193
-0.088
0.033
2.062
0.973
-0.027
0.204
1.391
-0.250
0.040
-0.195
0.719
2.244
1.638
0.504
1.381
1.022
-0.541
1.205
-0.041
0.851
0.964
0.184
0.037
0.000
0.386
-0.198
0.015
1.211
0.216
2.093
1.416
0.079
0.752
0.932
0.417
0.093
0.093
0.243
0.046
0.051
0.095
0.351
2.707
1.565
2.520
-0.238
-0.118
0.316
-1.583
0.478
-0.020
0.768
-0.300
-0.048
3.212
1.814
1.301
2.242
0.759
2.677
1.377
0.768
1.559
1.068
1.147
1.163
0.837
2.345
1.534
1.250
3.596
0.172
-1.268
0.967
0.051
0.655
0.357
0.643
0.123
0.097
1.597
0.143
0.494
-0.111
0.997
1.184
-0.336
1.209
0.565
0.415
0.613
0.808
1.351
-0.213
0.417
1.457
0.992
0.682
1.145
0.150
-1.655
-0.152
-1.074
-0.071
0.052
0.851
-0.125
0.714
-0.044
0.072
0.948
-0.333
0.591
0.915
0.204
0.156
-0.701
0.255
1.250
0.939
1.167
0.155
0.423
-0.002
-0.056
0.211
2.052
-0.073
0.010
-0.040
-0.046
-0.163
0.288
0.649
1.639
-0.068
0.119
0.619
0.743
0.804
-0.150
0.179
-0.833
-1.332
-0.553
-0.238
0.444
-0.959
-0.367
-0.253
1.015
1.538
1.336
-0.815
-0.119
-0.093
0.077
-0.020
0.260
0.106
0.568
-0.050
1.034
0.092
0.027
2.078
0.888
0.437
0.304
0.519
0.144
1.488
0.293
0.573
0.054
0.137
0.499
1.320
-0.476
0.785
0.944
-0.012
0.124
-0.384
-0.040
2.423
2.173
1.081
2.477
1.136
0.774
0.468
1.921
1.759
1.252
0.284
0.703
0.020
0.022
0.783
0.722
1.139
0.283
0.025
3.385
-0.471
0.882
0.842
0.785
0.382
1.076
-0.130
0.173
-0.056
0.166
0.511
0.472
-0.045
-1.465
-0.052
-0.023
0.349
0.255
0.475
0.392
-0.293
-0.562
-0.191
-0.121
-0.006
0.030
1.179
0.344
1.216
0.097
1.263
2.573
1.978
1.723
1.047
1.634
0.532
0.607
3.432
2.216
-0.091
0.411
0.187
0.399
0.501
0.068
-0.081
0.221
1.068
-0.066
0.712
0.421
0.664
0.074
0.312
0.849
1.284
0.077
0.110
-0.163
-0.958
-0.064
-0.334
-0.444
0.460
-0.580
1.393
1.039
-0.020
-0.073
-1.679
-0.083
0.005
-0.144
-0.278
0.007
-1.071
-0.613
-0.703
-1.517
-1.271
-0.416
-0.754
-0.546
-0.164
0.546
-0.298
0.968
-0.686
-0.225
1.133
-0.492
0.046
1.030
-0.542
1.511
0.314
0.070
-0.171
-0.010
0.017
0.082
-0.148
0.217
2.951
0.152
2.414
0.736
1.076
0.040
0.848
1.583
0.346
0.082
0.967
0.170
0.312
1.685
0.550
0.830
0.321
2.555
1.209
0.704
0.156
0.414
0.895
0.164
0.164
0.740
2.309
1.684
2.533
0.064
0.071
-0.006
0.000
0.014
-0.013
-0.355
-0.119
0.267
-0.001
0.144
0.510
0.129
0.311
0.310
0.234
0.656
0.134
2.217
2.013
1.417
0.051
-0.024
0.111
0.341
0.413
0.309
0.087
0.118
0.143
-0.009
0.318
1.635
0.505
0.655
0.422
0.676
1.329
3.125
0.838
0.653
-0.430
-0.123
0.157
0.380
0.155
0.148
-0.839
0.147
0.958
0.005
0.322
0.806
0.496
-0.206
-0.080
-0.022
0.038
0.418
0.239
0.401
0.869
0.149
-0.046
-0.185
0.958
-0.152
2.370
1.040
1.461
-0.000
-0.412
-0.089
0.166
0.237
0.154
0.491
0.035
0.008
0.254
-0.294
0.022
0.005
0.082
0.017
0.093
1.431
0.569
-0.114
0.038
0.014
-0.021
-0.058
-0.078
-0.449
-0.017
-0.264
-0.046
0.408
0.453
0.020
1.868
0.839
0.473
0.640
0.907
0.195
1.319
0.113
0.705
0.849
0.657
2.409
0.895
0.068
-0.350
0.707
0.025
-0.207
0.261
-0.577
-0.095
-0.079
0.020
1.389
-0.863
0.415
1.856
0.967
-1.488
1.740
-0.309
-1.272
-0.899
-0.008
-0.164
1.185
-0.209
-0.985
2.134
1.814
-0.039
-0.357
-0.210
-0.824
0.401
0.117
1.829
1.558
0.494
0.147
-0.053
-0.213
-0.076
1.168
-0.206
0.216
0.148
