0.340
-1.700
-0.503
-0.096
0.318
-0.066
-0.153
-0.066
-0.005
-0.066
-0.066
0.408
-0.272
-0.066
0.087
-0.060
-0.002
-0.064
0.128
0.114
-0.072
-0.114
1.291
-0.065
-0.048
0.157
-0.136
0.234
0.326
0.053
-0.048
-0.154
-0.209
0.140
-0.166
2.425
1.689
2.634
0.616
1.946
1.868
1.800
-0.853
-0.069
0.089
0.097
-0.061
-0.314
2.090
1.994
1.499
2.314
2.605
1.987
2.089
1.658
1.236
0.234
0.045
3.224
1.341
1.057
1.487
1.583
0.036
1.509
1.295
0.774
-0.343
0.268
2.547
-0.457
1.262
-0.200
0.963
0.902
-0.059
-0.106
2.908
-0.085
-0.967
1.309
-0.239
0.239
-0.485
-0.876
-0.075
0.874
-0.136
1.046
0.289
-0.590
0.147
0.411
-0.056
-0.066
-0.059
-0.094
1.292
0.482
-0.665
0.273
0.147
0.194
0.329
-0.186
-0.019
-0.021
0.055
-0.684
0.013
0.162
-0.354
0.030
-0.166
-0.405
0.046
-0.470
-0.140
-2.160
-0.026
-0.070
-0.305
-0.685
-0.355
1.052
-0.356
-0.011
-0.934
-0.086
-0.093
-1.702
0.159
0.546
-0.702
-1.024
-0.097
0.863
-0.684
0.878
3.558
-1.554
-0.937
-0.197
-0.203
0.550
-0.062
0.015
0.160
3.381
0.631
0.229
1.330
0.755
0.685
2.897
2.607
2.194
2.997
0.275
1.087
2.392
1.815
0.410
-0.207
-0.061
1.827
0.319
0.024
0.435
0.595
-0.654
-0.408
-0.982
0.162
2.391
1.568
0.121
1.596
0.612
-0.202
1.597
-0.035
0.215
0.402
0.849
-0.057
-0.627
-0.344
-0.444
-0.073
0.059
0.267
1.973
1.129
-0.024
0.008
0.901
0.032
0.039
1.957
-0.066
0.073
-0.197
-0.078
-0.261
3.655
1.462
1.971
0.554
-0.789
-0.388
-1.067
0.259
-0.389
-0.370
-0.762
-0.090
3.568
2.089
1.850
2.688
-0.075
0.989
1.501
0.516
0.676
0.797
1.678
1.315
0.117
3.021
2.269
2.520
3.672
-0.257
-1.850
0.515
-0.836
0.354
0.536
0.094
-0.110
-0.071
0.706
0.039
0.281
-0.443
0.823
-0.114
0.098
-0.539
0.857
0.623
0.569
0.301
1.301
-0.050
0.569
0.951
1.330
0.320
0.657
0.780
-1.741
0.233
-0.292
0.055
-0.684
0.358
-0.060
0.426
0.002
0.185
2.068
0.329
1.402
0.100
-0.132
0.748
-0.878
0.059
1.784
2.362
-0.064
-0.089
0.138
-0.066
-0.004
-0.043
1.045
-0.368
-0.060
-0.114
-0.066
-0.863
0.516
0.232
0.969
-0.317
-0.239
0.907
-0.493
1.543
0.691
0.386
-0.302
-0.791
-1.174
-0.337
1.414
0.076
0.365
-0.757
1.599
1.077
2.137
-0.293
-0.318
-0.329
-0.066
-0.079
-0.844
-0.756
0.591
-0.226
0.813
-0.105
-0.066
2.897
2.875
0.217
-0.049
0.172
0.174
0.399
-0.099
0.298
-0.335
0.113
0.104
0.171
-0.151
0.418
0.785
-0.124
0.921
-0.686
-0.433
2.621
1.658
1.311
2.683
2.110
0.275
0.069
1.542
1.576
1.937
-0.029
-0.641
-0.125
-0.413
0.454
-0.105
0.123
-0.192
-0.012
3.325
-0.106
0.780
0.129
1.183
-0.197
1.427
0.565
0.237
0.259
-0.445
0.164
0.016
-0.719
-1.313
0.185
0.035
-0.128
-0.310
1.055
0.362
0.096
0.036
0.209
1.905
0.637
0.123
0.545
0.703
0.923
0.380
0.174
1.596
1.185
1.825
0.834
0.634
0.772
-0.348
0.656
5.479
0.236
-0.097
-0.046
-0.404
-0.065
0.001
-0.198
0.047
1.156
0.467
1.181
0.154
0.013
-0.152
-0.059
-0.055
0.360
-0.066
-0.066
-0.258
-0.212
-0.051
-0.071
-1.342
0.145
-0.769
0.963
1.258
0.034
-0.391
-0.575
-0.570
-0.686
0.778
-0.570
-0.508
-1.073
-0.880
-1.652
-1.488
-1.229
0.169
-1.393
-0.487
-0.366
0.811
-0.655
0.594
-0.176
-0.821
-0.227
-0.454
-0.237
0.111
-0.258
1.057
-0.189
-0.142
-0.221
-0.088
-0.044
0.155
-0.119
-0.245
1.122
-0.263
1.214
0.111
0.773
-0.338
1.549
1.628
-0.022
-0.336
0.008
-0.433
-0.057
2.237
0.290
1.779
0.457
2.997
1.652
0.303
0.077
0.177
0.288
0.203
1.099
1.031
2.164
0.483
1.922
-0.126
-0.240
-0.072
-0.694
0.027
-0.061
-0.822
-0.101
0.281
0.333
-0.234
-0.019
-0.089
0.802
0.092
0.319
0.678
-0.058
0.950
0.515
0.731
0.157
-1.482
-0.142
-0.178
0.070
-0.066
-1.476
-0.216
-0.090
-0.007
-0.291
0.778
-0.038
0.935
0.014
0.559
0.464
2.526
1.467
1.160
-0.248
0.382
0.087
-0.295
0.068
-0.191
-0.683
-0.054
0.179
0.110
0.196
0.529
0.316
-0.247
-0.066
0.016
-0.048
0.187
-0.042
-0.126
1.163
0.286
-0.086
-0.039
0.773
0.515
2.288
1.218
0.861
0.402
0.029
-0.323
-0.813
0.020
-0.001
0.301
-0.128
-0.016
0.327
-0.435
-0.177
-0.068
-0.328
-0.083
-0.286
-0.300
0.187
-0.954
0.319
-0.039
0.319
0.090
-0.007
-0.014
-0.028
0.166
-0.056
-0.062
0.924
-0.008
1.211
0.567
0.554
1.473
0.774
0.053
1.248
0.466
1.502
1.017
0.805
1.112
0.730
-0.389
-1.147
0.194
-0.718
0.656
0.718
-0.183
-0.131
0.008
-0.111
1.786
-0.416
0.347
1.457
0.885
-0.640
1.606
-0.021
-0.327
-1.151
-0.452
-0.195
0.895
-0.121
-0.476
0.362
0.537
-0.062
-0.042
-0.057
-0.066
0.044
0.153
0.502
0.700
3.150
-0.320
-0.215
-0.138
-0.185
2.029
-0.850
-0.588
-0.066
