0.071
-0.002
0.122
4.213
-0.351
0.713
-0.010
-0.080
0.304
-0.002
0.141
0.200
-0.009
-0.002
0.771
-0.007
-0.087
-0.093
0.112
0.195
0.237
-1.233
-0.664
0.355
-0.010
-0.015
0.175
-0.002
0.284
-0.009
-0.002
0.009
0.196
0.078
-0.012
3.209
1.581
2.908
1.011
1.707
2.400
3.221
-0.033
-0.002
0.141
0.223
0.530
-0.002
2.380
1.467
2.546
1.974
2.842
3.319
2.171
1.584
2.042
0.001
1.030
3.317
1.219
1.852
1.217
2.197
1.383
2.323
1.865
0.377
0.045
0.111
0.959
0.182
0.412
0.015
1.373
3.157
0.809
-1.267
3.456
0.011
-0.155
1.390
0.294
0.144
-0.145
0.409
0.752
2.744
0.426
0.262
-0.125
0.710
0.029
0.740
0.108
-0.002
-0.002
-0.028
1.221
0.760
0.045
0.117
-0.002
0.050
0.229
-0.046
-0.025
0.005
0.004
-0.017
-0.170
0.011
-0.035
0.009
-0.005
-0.068
-0.040
-0.085
-0.001
-0.017
-0.006
-0.004
-0.035
-0.008
0.025
1.358
-0.326
-0.401
-0.226
0.286
-0.006
-0.124
1.051
0.288
-1.077
0.764
-0.229
0.428
-0.822
0.284
0.418
-0.497
-0.002
0.042
-0.011
0.002
0.098
0.138
0.762
0.956
1.138
-0.233
0.889
2.594
1.686
2.370
3.413
1.408
0.846
-0.071
0.152
1.716
2.268
0.030
0.011
-0.002
1.206
0.489
0.044
0.355
1.314
-0.144
-0.159
0.018
0.272
1.698
0.926
0.070
0.927
1.016
-0.009
1.686
0.027
0.344
0.113
0.346
-0.002
-0.243
-0.051
-0.563
-0.028
0.017
-0.010
2.892
2.337
0.048
0.172
0.382
0.105
0.028
0.082
-0.032
-0.198
0.005
0.053
0.198
3.879
2.365
0.550
0.168
0.163
-0.002
-0.466
0.242
0.318
-0.431
-2.149
-0.002
1.745
2.730
1.611
2.651
0.391
2.136
2.440
0.871
1.285
1.357
1.458
1.273
0.513
2.290
1.582
2.114
3.342
0.108
-0.878
0.410
-0.034
0.871
0.082
0.325
0.434
-0.112
3.147
-0.075
0.585
-0.002
1.837
1.239
0.098
0.513
0.684
0.007
0.622
0.469
1.771
-0.265
-0.855
0.891
1.316
0.016
0.640
1.219
-1.023
0.193
-0.746
0.564
-0.186
0.081
-0.077
1.327
-0.002
-0.134
1.696
0.297
1.171
0.027
0.256
-0.129
-0.411
0.539
1.654
1.365
1.180
0.084
0.285
-0.077
-0.002
0.063
1.442
-0.080
0.056
-0.013
-0.057
-0.251
0.051
-0.100
2.435
-0.732
-0.024
2.288
1.185
1.784
-0.223
-0.173
-0.318
-1.620
-0.867
0.691
-0.565
-0.618
0.192
-0.106
1.229
1.799
0.700
-0.308
-0.579
0.073
0.145
-0.003
0.203
0.087
0.580
-0.020
0.193
0.045
-0.017
1.814
1.558
0.132
-0.041
0.761
0.243
0.762
0.059
0.419
0.067
-0.002
0.660
1.514
-0.516
0.669
0.526
0.201
0.392
-0.042
-0.095
3.330
1.674
1.319
1.039
0.880
0.080
0.075
1.325
2.399
0.966
0.414
0.416
-0.002
0.383
0.508
0.110
0.133
2.045
0.001
2.039
0.246
1.439
0.893
0.819
0.323
0.390
0.473
0.051
0.036
-0.010
0.358
-0.409
-0.377
-0.550
0.072
0.111
0.146
0.096
0.165
1.363
1.088
-0.648
0.232
-0.105
-0.026
-0.011
0.692
0.141
1.487
0.553
1.402
1.880
1.341
0.688
0.649
1.504
-0.117
0.346
1.197
2.729
0.131
0.455
0.023
-0.002
0.207
0.068
-0.014
0.084
0.357
-0.086
1.432
0.441
0.971
0.000
0.263
-0.042
0.876
-0.008
-0.046
-0.451
-1.365
-0.015
0.922
-0.073
0.070
-1.127
1.678
0.780
0.541
-0.107
-1.340
-0.503
-0.340
-0.007
-0.146
-0.111
-0.451
-0.261
-0.949
-1.009
0.125
-0.083
-0.140
-0.265
-0.080
0.055
-0.164
1.634
-0.421
-0.172
0.423
-0.210
0.007
1.722
-0.359
0.241
-0.167
0.175
0.395
0.014
0.204
0.079
-0.071
0.015
1.881
-0.353
1.833
0.380
0.480
0.127
0.272
1.828
-0.202
-0.342
-0.216
0.064
0.325
1.204
0.128
1.576
0.834
3.088
1.242
0.179
-0.002
0.048
1.021
0.089
0.314
0.836
2.100
1.025
1.901
0.054
-0.014
-0.070
0.079
0.096
0.196
0.158
0.145
0.248
0.166
0.195
0.379
-0.046
0.181
0.039
0.081
0.251
0.437
2.747
1.062
0.785
-0.020
-0.761
-0.050
0.397
-0.229
0.114
0.623
0.043
-0.012
0.029
0.024
0.926
0.247
0.886
0.334
0.247
1.332
3.116
1.114
0.726
-0.446
0.350
0.436
1.378
0.201
0.099
0.253
0.002
0.509
0.252
0.286
0.080
0.068
-0.237
0.093
0.057
-0.163
0.410
0.307
0.046
0.388
0.365
-0.151
-0.176
0.977
-0.080
3.052
1.036
0.430
-0.345
0.195
0.662
0.138
0.920
-0.013
0.084
-0.055
0.242
0.051
0.012
0.190
-0.138
0.075
0.002
0.058
2.156
1.142
-0.065
0.029
-0.092
-0.047
0.074
0.024
-0.136
-0.012
0.270
0.039
0.554
0.137
0.052
2.117
0.788
0.710
1.581
0.469
0.063
1.032
0.279
1.290
0.826
1.114
3.731
0.655
0.196
1.239
0.597
-0.193
0.018
0.195
-0.518
-0.135
0.144
-0.197
0.456
-0.339
0.542
1.670
0.912
-0.542
1.079
-0.157
-0.225
-0.002
1.284
0.030
0.487
0.017
-0.256
0.234
0.806
-0.018
-0.079
-0.144
-0.848
0.977
0.183
0.429
0.754
0.505
-0.009
0.061
-0.082
-0.844
1.416
-0.221
0.225
-0.002
