2.820
0.720
0.078
-0.682
0.006
0.332
-0.168
0.016
-0.087
-0.446
-0.143
-0.730
-0.150
-0.483
0.481
1.239
1.005
1.151
0.053
0.032
-0.188
0.308
0.146
0.833
0.170
-0.219
-0.283
-0.074
-0.319
-0.161
-0.528
0.256
0.513
0.068
0.289
-2.672
-0.990
-2.598
0.106
-1.905
-0.518
-1.721
0.105
-0.248
-0.403
0.138
-0.359
-0.151
-0.914
-1.176
-1.698
-1.541
-2.893
-4.517
-1.904
-0.618
-0.853
0.029
-0.524
-2.937
-0.133
-1.380
-2.148
-2.200
-1.007
-2.525
-1.650
-0.520
0.713
-0.058
-0.795
1.749
-1.170
0.321
-4.053
-1.120
-1.227
0.096
-1.775
0.151
0.790
-1.157
-0.849
-0.218
1.298
0.411
-0.186
-1.747
0.483
0.376
0.024
0.034
-0.134
-0.529
0.038
0.032
0.268
0.109
-0.557
-0.489
0.081
-0.078
-0.583
-0.684
-0.041
0.121
-0.229
0.002
0.092
-0.012
-0.334
-0.258
0.089
0.007
0.111
0.067
0.011
-0.168
0.063
0.071
-0.115
0.026
0.074
0.073
-0.064
-1.027
-0.454
3.721
0.953
0.559
0.076
0.457
1.142
0.724
0.114
0.414
-0.352
0.333
1.910
0.223
1.674
1.813
2.048
-0.122
-0.067
-1.021
0.245
0.070
0.006
-2.819
0.095
-0.142
-0.757
-1.314
-1.221
-4.210
-3.927
-1.995
-3.070
-1.586
-1.978
-1.607
-2.066
0.827
0.258
-0.423
-3.508
-0.423
0.614
-1.390
-1.804
0.219
0.883
1.182
-0.076
-1.404
-1.624
-0.301
-1.742
-1.366
1.464
-1.543
-0.031
-0.103
-0.607
0.109
0.941
-0.078
1.099
1.090
0.356
-0.325
0.749
-1.006
-0.704
0.565
-0.932
0.111
-0.003
-0.303
-1.573
-0.037
0.076
-0.223
-0.228
-0.111
-1.475
-2.098
-1.437
0.040
1.346
0.041
-0.257
-0.029
-0.100
0.774
0.457
1.108
-2.012
-1.223
-0.717
-2.430
0.402
-0.990
-1.684
-0.645
-1.603
-0.637
-0.659
-0.416
-0.860
-3.183
-1.033
-4.276
-4.691
-0.554
-0.606
-1.529
0.211
-1.598
-0.713
-0.169
0.878
0.478
0.154
-1.245
-0.248
-1.548
-1.084
-0.065
-1.331
0.215
-0.131
0.185
-0.658
-0.214
-0.845
1.084
-0.236
-1.133
-2.247
-0.069
1.289
-0.348
0.860
0.300
1.394
1.714
1.832
-0.331
0.039
0.770
0.092
0.800
0.032
-0.734
-0.984
1.455
0.010
0.049
-0.308
-0.266
-0.873
-0.516
-0.252
-1.062
1.008
-0.400
-0.200
-0.026
-0.627
0.450
-0.085
0.063
0.086
0.179
0.271
-0.307
-0.183
0.903
0.187
0.507
0.095
-0.681
-0.544
0.394
0.097
0.503
-0.157
1.403
-0.862
0.047
0.273
0.218
0.076
-0.198
-1.607
0.530
0.377
0.431
0.679
0.157
-0.301
-0.157
-2.415
0.297
-0.409
0.317
-0.032
-1.596
-0.008
-0.077
-0.289
-0.725
0.416
-1.680
0.066
0.071
-0.109
-0.907
0.010
-0.165
0.562
-0.053
-0.429
0.523
-0.780
1.955
0.234
-2.848
-1.351
-2.138
-1.877
-1.833
-0.209
-0.014
-1.547
-2.576
-1.684
0.889
0.690
-0.138
-0.005
-0.196
-0.047
2.424
2.012
-0.877
-2.289
0.006
-0.366
-0.295
-0.867
-0.245
-0.446
0.514
0.576
0.774
0.128
0.429
0.054
0.648
0.883
0.399
0.121
0.657
1.664
-0.874
-0.277
0.222
0.961
1.347
1.531
1.934
2.182
-0.727
0.374
0.166
1.020
-0.618
-0.604
-0.144
-0.099
0.037
-0.800
0.117
0.719
-1.426
-4.334
0.325
0.139
-0.067
0.060
0.111
-0.746
0.859
-0.354
-1.646
0.293
-0.775
-0.133
-0.065
-1.445
0.111
-0.552
0.166
0.838
1.937
-0.107
-0.166
-0.303
0.313
1.362
-0.181
0.060
-0.331
-0.687
-1.115
0.323
0.994
0.651
-0.094
-0.084
0.179
1.778
0.144
0.074
0.758
0.073
0.818
0.595
-0.021
1.307
0.357
0.005
-0.059
-0.857
0.399
0.248
-0.025
0.897
-0.057
0.282
0.499
-0.174
0.310
-0.189
-0.017
1.154
-0.303
-0.466
0.017
-0.299
-1.060
0.104
-0.595
1.373
-1.618
-0.255
-0.953
-1.646
-0.162
-0.004
-0.132
-0.240
-0.458
-2.375
0.224
-1.485
-0.070
-1.894
-0.021
-0.239
0.048
-0.654
-0.140
-0.439
-0.475
-1.081
-1.905
-1.503
-2.391
0.908
0.493
-0.059
0.847
-0.508
0.348
0.424
0.328
0.004
-0.680
-0.640
0.323
-0.100
-0.805
-0.193
0.101
0.193
0.021
-1.295
-0.711
-0.269
0.252
0.151
0.103
-0.232
0.115
0.878
-0.366
0.870
0.407
-0.045
0.091
-0.118
0.086
-1.315
-1.064
-0.242
-0.224
-4.054
-1.540
-1.517
0.024
-0.057
-0.231
-0.162
0.060
-0.715
-0.088
-0.087
-0.702
-0.798
-0.412
-0.161
-0.225
1.453
-0.832
-0.103
0.225
-0.723
-0.410
0.029
-0.414
-0.754
0.365
0.258
-0.306
0.699
-1.724
-0.132
-0.326
2.809
0.900
-0.300
-0.909
-1.010
0.901
-0.160
0.023
0.075
-0.072
0.010
-0.235
0.051
0.000
0.052
0.009
0.542
-1.439
1.352
-0.034
0.247
-0.077
0.650
-0.074
0.217
0.559
-0.182
0.027
-1.308
-0.265
-0.004
-1.981
0.002
0.521
-0.912
-0.475
0.028
-0.320
0.076
-1.127
-0.869
-0.044
0.058
-0.592
0.304
2.331
-0.854
0.163
0.987
0.025
0.269
0.060
0.055
0.137
-3.055
-0.262
-0.766
0.157
0.282
0.457
-2.589
1.312
1.681
-0.183
-0.035
0.456
0.458
0.117
0.655
-0.372
-0.667
0.054
0.292
0.384
0.080
-0.155
-0.004
-1.045
-1.379
-2.004
-0.653
0.861
-0.190
-0.300
-0.970
0.802
0.794
-0.082
