0.642
0.122
0.024
0.077
-0.269
0.515
0.317
0.064
0.512
0.239
0.107
0.488
0.418
0.379
0.174
0.017
-0.101
0.010
0.133
-0.295
0.307
-1.326
-1.593
0.104
0.205
0.372
0.283
0.132
0.423
0.024
0.048
0.346
0.358
0.463
0.722
2.655
1.505
1.690
0.373
1.654
1.575
3.428
0.065
0.240
0.385
-0.007
0.499
0.060
2.269
1.144
2.072
1.727
2.018
2.581
1.659
1.418
0.621
-0.013
0.640
2.735
1.084
0.588
1.252
2.232
1.242
2.683
1.083
0.557
0.294
0.084
0.067
0.122
0.602
0.525
0.060
0.540
-0.249
0.060
2.223
-0.170
-0.210
0.834
1.018
0.948
-0.382
0.550
0.646
2.470
0.847
0.151
-0.487
-0.694
0.231
0.555
0.394
0.190
0.228
-0.126
0.785
0.797
0.053
-0.029
0.318
0.407
0.218
-0.521
0.013
-0.491
-0.064
-0.074
0.032
-0.261
-0.096
-0.060
-0.144
-0.132
0.016
0.285
-0.060
-0.041
-0.031
0.016
-0.098
-0.206
-0.044
0.864
-0.253
-0.337
-0.524
0.909
0.033
0.008
1.464
0.065
0.060
0.443
1.107
1.380
0.060
0.257
0.880
-0.084
-1.132
-0.121
0.633
-0.017
0.166
0.720
0.108
3.188
1.557
0.220
1.299
1.610
1.594
2.659
2.393
2.988
3.499
0.733
0.715
1.727
1.460
0.060
-0.093
0.038
1.795
0.803
0.333
0.995
1.320
-0.438
0.212
0.450
0.753
1.873
1.807
0.637
1.977
0.835
0.166
2.418
0.011
0.591
0.490
0.123
0.448
0.029
0.637
-0.363
-0.200
1.197
0.060
-0.162
0.060
-0.140
0.439
0.786
0.486
0.112
0.494
0.201
-3.423
0.251
0.285
0.311
2.233
1.651
0.306
0.461
1.783
0.062
-1.519
0.557
0.435
-1.132
-1.186
0.096
1.664
2.070
1.010
2.493
0.792
1.323
0.934
0.730
1.184
0.955
1.322
0.893
0.391
2.147
2.305
0.600
2.687
-0.200
-0.483
0.133
0.415
0.690
0.437
1.026
0.815
0.136
3.234
-0.042
0.589
0.103
0.755
1.359
0.286
0.739
0.585
0.149
0.764
0.449
1.763
0.134
0.476
1.042
0.752
0.405
1.274
1.034
-1.190
0.904
0.351
0.702
-0.024
0.636
-0.051
0.509
-0.093
-0.336
0.862
0.060
-0.033
0.274
0.799
-0.012
0.095
0.400
0.282
1.106
1.065
0.079
0.171
0.225
-0.013
0.593
9.251
-0.219
-0.046
-0.098
0.015
-0.073
0.342
0.102
2.675
0.267
0.303
2.698
0.734
2.770
0.209
-0.015
-0.537
-0.658
-0.601
0.195
0.561
0.941
0.338
-0.613
0.842
1.733
0.936
0.153
0.168
0.001
-0.050
0.042
0.204
0.307
0.468
0.260
0.504
0.160
0.187
1.121
0.714
0.137
0.360
0.711
0.267
0.969
0.440
0.442
0.105
0.016
0.593
1.006
-0.725
0.425
1.108
0.236
0.441
0.030
-0.011
2.751
0.943
0.990
1.169
1.349
0.469
0.296
0.725
1.528
0.889
1.015
0.602
0.192
1.336
0.682
0.795
0.922
1.919
-0.067
1.756
-0.697
1.795
1.365
1.203
0.678
0.919
0.683
0.287
0.297
0.443
0.581
0.588
0.010
0.129
1.787
2.480
1.906
-0.411
0.060
1.632
1.268
-0.114
0.372
0.120
0.288
0.669
0.209
0.282
1.950
0.484
1.819
1.176
-0.011
0.594
0.434
0.070
0.854
-0.001
2.212
2.594
0.285
1.224
0.026
0.939
-0.287
0.168
0.616
0.299
0.663
0.287
1.358
0.553
0.912
0.084
0.109
0.137
0.547
0.160
0.087
0.434
-0.184
0.036
0.060
0.010
0.405
-0.052
1.655
0.953
0.060
0.168
-0.326
-0.397
-0.414
-0.107
-0.091
0.491
-0.834
-0.872
-1.344
-0.756
0.394
0.088
0.418
-0.519
0.137
0.677
0.456
0.538
-0.737
-0.306
0.905
-0.378
-0.075
1.706
0.246
1.555
0.436
0.027
0.732
0.326
0.475
0.454
-0.220
0.242
1.088
-0.120
2.027
1.298
0.851
0.060
1.064
2.097
0.219
-0.029
0.656
0.659
-0.025
1.309
0.421
1.136
0.716
2.038
1.326
0.193
0.464
0.024
1.342
0.148
0.380
0.566
1.464
0.894
1.139
0.049
0.006
0.279
-0.256
0.031
0.074
0.075
0.897
0.655
0.248
0.375
-0.228
0.163
-0.068
0.468
0.451
0.667
0.418
1.319
1.633
0.315
-0.258
-0.078
0.066
0.158
0.585
0.093
-0.054
0.282
0.398
-0.031
-0.016
1.149
0.618
0.790
1.068
0.956
1.320
2.580
1.387
0.991
-0.248
1.278
0.388
1.329
0.428
0.401
0.037
0.271
0.520
0.897
0.443
0.240
0.321
-0.019
0.401
0.066
0.282
0.751
0.226
0.197
0.540
0.821
0.470
-0.400
0.753
-0.781
1.820
0.820
0.060
0.572
1.179
0.592
0.024
2.042
0.487
0.180
-0.011
0.297
-0.233
-0.119
0.319
0.060
0.230
0.140
0.225
1.632
1.592
0.041
0.159
-0.130
0.037
0.552
0.391
0.714
0.390
0.199
0.120
0.649
0.366
0.324
1.618
0.968
1.126
1.391
0.794
0.688
1.115
0.675
1.036
0.678
0.595
2.956
0.832
0.203
0.801
0.411
0.046
-0.827
0.461
-0.082
-0.575
0.962
0.117
0.320
0.628
-0.050
0.681
0.405
-0.554
0.060
-0.346
-0.541
0.061
-0.092
-0.178
0.333
-0.143
-0.093
0.474
0.670
0.020
-0.049
-0.282
-0.756
0.330
0.170
0.868
0.611
0.316
0.057
-0.398
0.063
-0.926
0.658
-0.044
0.428
0.039
