0.008
0.109
-0.015
0.080
0.104
0.018
0.366
0.164
0.751
0.080
0.643
0.062
0.124
0.143
-0.012
0.163
-0.211
-0.014
0.127
-0.035
0.770
-1.137
0.155
0.191
0.179
-0.222
0.112
0.005
0.588
0.286
0.843
-0.144
-0.501
0.170
-0.164
2.111
2.391
3.068
0.817
0.958
0.875
4.482
-0.001
0.099
0.079
0.104
0.143
0.508
1.164
1.031
0.846
1.857
1.234
3.136
2.319
1.087
1.236
0.288
0.569
4.340
0.852
2.502
1.437
1.947
1.317
2.809
2.058
0.879
-0.233
0.170
2.064
-1.101
-1.154
0.695
1.334
3.730
0.080
-0.509
5.796
-0.557
-0.416
1.554
-0.267
0.088
-1.191
-0.124
0.635
2.182
0.391
-0.550
-0.078
0.458
-0.049
0.679
0.471
-0.137
0.247
0.002
0.293
-0.269
-0.268
0.138
0.088
0.143
0.164
0.046
0.096
0.066
0.041
0.123
0.164
0.061
0.123
0.088
0.044
0.061
0.034
-0.359
0.059
0.120
0.065
0.114
0.069
-0.217
-0.040
0.974
-0.296
-0.732
-1.100
-0.132
-0.209
-0.793
-0.560
-0.284
-0.887
0.318
-0.669
-0.667
-2.013
0.002
-1.048
-1.472
-1.297
0.384
0.062
0.138
0.198
-0.885
0.356
1.899
0.569
0.287
1.226
0.121
2.049
3.582
2.319
3.889
1.993
0.078
0.111
3.334
0.722
0.133
-0.030
-0.113
0.290
0.321
0.147
0.184
0.380
-1.107
-0.154
-0.056
1.142
1.115
1.226
0.359
0.589
0.208
0.080
2.361
-0.061
0.712
0.797
0.054
0.100
-0.084
-0.241
-0.053
0.129
0.141
0.119
3.204
1.574
-0.218
0.918
0.859
-0.387
0.484
0.174
0.000
-0.366
0.152
0.205
0.076
2.738
1.743
1.819
0.090
0.485
-0.466
-0.775
0.471
0.901
-3.111
-0.388
0.062
4.563
2.031
0.985
3.130
0.629
2.114
1.115
0.312
1.162
0.919
1.471
0.908
0.101
2.723
1.494
2.201
4.038
0.148
-1.254
0.130
-1.200
0.255
0.497
0.918
-0.120
-0.228
1.656
0.081
1.481
0.150
0.622
0.782
0.033
0.716
0.677
0.638
1.702
0.266
1.367
-0.238
1.770
2.030
0.138
0.302
0.163
0.263
-0.441
-0.112
-0.657
0.582
-0.267
0.417
0.428
0.415
0.039
-0.340
0.337
0.297
-0.315
0.484
0.432
0.029
-0.403
0.190
1.547
2.237
0.172
-0.198
0.263
0.169
0.020
0.080
2.647
-0.088
0.046
0.045
-0.022
-0.390
0.005
0.124
2.809
-0.984
-0.317
0.945
0.575
0.601
-0.002
1.265
-0.106
-2.470
-0.173
-0.797
-0.014
-1.390
0.916
0.009
0.682
1.873
0.255
-0.560
0.367
-0.480
0.149
0.117
0.410
0.175
0.820
0.063
0.978
0.003
-0.169
0.438
1.693
0.258
0.096
0.316
0.238
0.472
0.083
0.550
0.056
0.571
0.261
1.086
-0.811
0.512
0.335
0.014
-0.653
-0.025
0.099
2.893
1.670
0.412
1.796
2.278
0.132
-0.301
1.560
3.076
1.462
0.734
0.072
0.192
1.261
0.359
-0.096
0.847
2.378
0.105
2.871
-0.282
0.451
1.206
0.215
0.068
0.231
-0.774
-0.527
-0.538
0.489
0.358
0.011
1.040
-1.062
0.236
0.031
0.586
0.657
1.254
0.354
0.167
-0.300
-0.173
0.000
-2.024
-0.021
0.973
0.616
0.427
0.284
1.044
0.645
0.206
0.974
0.874
2.199
1.193
0.224
3.747
2.978
0.150
0.283
-0.145
0.080
-0.542
0.219
0.146
0.200
1.059
-0.167
0.629
0.714
0.136
0.142
0.349
0.080
1.375
0.045
-0.348
0.017
-0.526
0.080
-1.227
0.105
0.013
-0.115
2.131
0.334
-0.085
-0.297
-1.548
-0.672
0.041
0.002
-0.321
0.008
-1.098
-0.682
-2.067
-1.798
-0.291
-0.417
-0.112
-0.020
0.024
0.298
-0.487
0.163
-1.046
-0.126
2.005
-2.001
-0.065
0.441
-1.618
0.983
-0.412
0.219
0.494
-0.009
0.416
0.456
0.080
0.486
1.462
-1.243
1.541
0.524
0.563
0.326
1.128
1.842
0.228
-0.105
0.080
-0.139
0.129
0.984
0.096
2.474
0.405
2.573
0.749
0.116
0.183
0.253
0.226
0.080
0.442
0.915
2.751
1.511
1.154
-0.129
0.084
-0.507
0.361
-0.042
-0.049
-0.851
-0.044
0.287
0.194
0.258
0.198
2.688
0.170
0.164
-0.054
0.187
0.129
1.841
1.014
1.760
0.063
0.032
-0.252
0.402
0.733
0.065
-0.095
0.201
0.192
0.058
0.714
0.818
0.151
1.079
0.069
1.793
1.938
3.148
0.697
0.637
-0.015
0.202
0.080
0.095
0.041
0.075
-0.301
0.118
0.787
-0.036
0.390
0.354
0.043
0.040
0.082
0.047
0.155
0.509
0.732
0.068
0.982
0.490
0.616
-0.466
0.442
-1.024
3.807
0.890
0.786
0.003
0.046
1.192
-0.921
1.409
-0.401
0.074
-0.127
-0.013
-1.406
-0.398
0.886
0.170
-0.173
0.061
-1.417
1.153
0.362
0.726
0.284
0.478
0.534
-0.043
0.118
-0.144
-0.165
0.187
-0.132
0.224
0.218
0.104
1.548
0.566
0.369
0.080
0.080
-0.151
1.013
0.166
0.677
0.430
0.523
1.026
0.899
0.386
0.133
0.405
-0.063
0.256
0.051
-1.857
0.192
0.200
0.342
0.997
0.181
0.434
0.182
-0.583
-0.082
-0.101
-0.698
-0.334
0.370
-0.185
-1.222
0.656
0.047
-1.205
-0.080
0.672
0.076
-0.115
0.136
-0.548
0.345
0.190
0.564
1.758
0.205
0.365
-0.205
-0.002
-0.093
2.294
-0.494
-1.116
0.943
