0.211
0.248
0.112
-0.171
-0.240
-0.159
0.018
-0.118
0.235
0.351
-0.676
0.141
-0.015
-0.047
-0.042
-0.146
-0.141
-0.369
0.241
0.329
0.252
-0.246
-0.109
-0.076
0.036
0.015
0.034
0.107
0.802
-0.050
-0.114
-0.061
-0.343
-1.223
-0.060
2.297
1.440
2.359
0.560
1.703
2.461
2.554
-0.060
-0.458
-0.003
0.187
-0.076
0.619
1.578
2.154
1.334
1.574
2.588
2.694
2.929
1.955
1.222
0.068
0.500
3.636
1.163
1.244
1.429
1.988
1.052
2.230
1.258
0.424
-0.231
0.639
1.380
-0.001
0.159
-0.026
2.345
1.935
0.563
-0.281
3.977
0.049
0.196
0.859
-0.016
0.463
-0.399
-0.190
0.296
0.940
0.423
0.098
0.050
-0.297
0.133
0.195
-0.046
-0.664
-0.443
-0.010
1.597
1.317
0.250
0.355
0.460
0.610
0.058
-0.517
-0.085
-0.047
-0.184
0.008
-0.018
-0.036
-0.500
-0.117
-0.113
-0.050
-0.035
-0.369
-0.184
-0.164
-0.055
-0.072
-0.173
0.091
-0.009
1.424
-0.521
-0.124
-0.779
0.295
-0.022
-0.136
2.140
0.572
-0.713
0.055
-1.984
-0.264
-0.510
0.077
0.075
-0.890
-0.897
0.004
-0.042
-0.072
0.528
0.326
-0.048
1.229
-0.167
-0.513
1.506
1.084
1.194
2.539
2.402
1.992
2.392
-0.482
0.635
1.221
2.027
0.986
-0.441
0.023
2.661
1.621
0.070
0.211
1.004
-0.463
0.240
-0.762
0.679
2.716
0.854
0.013
0.958
0.903
-0.185
1.303
-0.087
-0.148
0.415
0.128
0.329
-0.427
-0.103
0.010
-0.041
0.968
-0.651
2.056
0.791
0.001
0.087
1.099
0.137
0.218
0.781
0.087
-0.076
-0.004
-0.044
0.062
3.510
2.128
2.256
1.056
-2.116
-0.947
-1.407
0.999
0.747
0.124
-0.185
-0.218
2.708
1.526
1.565
2.820
0.539
1.698
1.338
0.220
1.481
2.026
1.228
0.567
0.708
2.038
1.773
3.199
5.183
-0.425
-0.568
2.088
0.524
0.914
1.513
2.051
0.814
0.171
2.014
0.131
-0.060
0.010
1.360
-0.004
-0.032
0.205
0.458
0.451
0.421
0.393
2.123
0.370
0.341
1.979
0.897
0.608
0.654
1.224
-1.719
0.138
-0.261
0.601
-0.884
2.099
0.003
0.238
-0.093
-0.195
1.872
0.007
2.689
0.178
-0.206
-0.748
0.533
0.102
1.700
1.231
0.120
0.280
0.434
-0.271
-0.312
0.530
1.057
-0.041
-0.062
0.077
-0.094
-0.848
-0.078
0.883
0.821
-1.826
0.960
1.057
-0.755
1.115
-0.728
-1.379
-0.080
-0.749
-0.324
-0.137
0.378
-0.734
-0.256
-0.238
0.004
2.205
2.058
-0.475
0.889
0.002
-0.058
-0.070
0.203
0.105
0.540
-0.070
1.687
-0.053
-0.105
2.622
2.190
-0.069
0.089
0.747
0.423
0.914
0.060
0.148
0.144
-0.642
-0.014
0.826
-0.060
0.143
0.900
-0.056
0.392
0.048
-0.300
2.235
1.533
1.451
2.524
2.239
0.245
0.270
1.644
1.542
0.839
1.423
1.275
-0.089
-0.134
0.827
0.739
0.387
1.050
-0.089
5.094
-0.004
0.361
0.579
1.483
0.498
2.228
-0.233
1.132
0.412
0.526
0.220
-0.789
0.903
-1.254
0.631
0.648
1.882
0.353
1.134
1.052
1.248
-0.075
0.146
-0.032
-0.239
0.045
0.559
0.386
1.089
-1.094
-1.359
1.657
1.049
1.530
0.652
0.684
0.429
-0.380
2.336
4.535
-0.540
0.043
0.165
0.273
-0.543
0.133
-0.167
0.254
0.538
0.020
1.388
0.033
0.554
-0.119
0.107
-0.038
0.456
0.158
0.163
0.147
0.059
-0.121
-0.635
-0.536
0.116
0.048
0.789
1.491
0.021
-0.671
-0.260
-1.807
0.140
-0.070
-0.495
0.121
-0.575
-0.481
-1.574
-1.425
-1.269
-0.246
-0.222
-0.485
-0.353
-0.392
-0.137
-0.255
-0.059
-0.390
0.912
-0.670
0.285
1.575
-1.230
4.109
0.010
-0.185
-0.072
-0.050
0.128
-0.415
-0.164
-0.118
3.294
0.375
0.735
0.489
1.353
0.549
0.068
1.963
0.002
-0.117
-0.095
-0.470
1.121
2.353
0.505
2.060
0.772
1.410
0.786
0.271
0.081
-0.425
0.169
-0.053
0.209
1.302
2.801
0.448
1.905
-0.003
0.006
0.075
0.205
-0.086
-0.225
-0.268
-0.432
0.420
0.306
0.299
2.584
0.017
0.078
0.090
-0.589
0.038
-0.009
2.276
0.641
1.519
0.041
-0.078
0.052
0.433
0.041
0.144
-0.116
0.144
-0.021
-0.103
-0.032
0.816
0.184
0.480
-0.597
0.948
1.218
1.928
1.637
1.597
-0.281
0.649
-0.053
-0.048
0.867
0.665
0.302
0.069
-0.013
-0.170
0.304
0.179
0.369
0.262
0.552
-0.060
-0.119
0.474
0.027
-0.026
0.401
0.845
-0.013
-0.373
1.047
-0.025
2.279
0.711
1.719
-0.155
0.463
0.373
-0.197
0.246
-0.141
0.058
-0.273
0.082
-0.231
-0.411
-0.187
-0.146
-0.133
-0.223
0.012
1.118
-0.523
0.066
-0.008
0.242
-0.574
-0.062
0.418
-0.945
0.035
0.014
-0.126
0.468
0.091
0.001
1.681
0.257
0.535
0.891
0.173
0.225
1.436
0.287
1.092
0.529
-0.032
0.989
0.904
-0.156
-0.022
0.678
-0.674
0.060
0.173
-0.156
-0.199
-0.047
-0.058
1.983
-0.435
1.139
0.643
0.225
-0.431
0.310
-0.482
-0.811
-1.669
-1.145
-0.986
0.916
-0.242
-1.226
0.141
1.708
-0.091
-0.090
-0.207
-0.060
-0.229
0.137
0.831
1.812
0.540
0.604
-0.199
0.230
-3.130
0.748
0.246
-1.912
-0.032
