0.088
-0.124
-0.090
0.061
0.043
-0.272
-0.114
0.160
0.385
0.358
0.285
0.603
0.255
0.310
-0.633
0.096
-0.239
-0.112
-0.344
-0.265
0.208
-1.319
-1.555
0.407
0.151
0.048
0.035
-0.170
0.279
-0.212
0.190
-0.079
0.081
0.709
0.126
2.312
1.467
1.627
0.350
0.053
1.600
3.174
0.142
-0.299
0.043
0.053
0.610
0.066
0.976
1.151
2.261
1.604
1.714
2.374
1.851
1.175
1.054
-0.346
0.648
2.675
0.812
1.058
0.846
1.636
1.045
1.744
0.745
0.310
-0.181
0.140
0.922
-0.016
0.037
0.296
0.043
0.043
-0.233
-1.507
2.321
-0.230
0.038
0.483
0.014
-0.165
-0.475
-0.217
1.199
1.805
0.449
-0.026
-0.408
0.589
0.112
0.771
0.676
-0.081
0.031
-0.247
0.116
0.062
-0.067
-0.074
0.043
0.244
0.065
-0.411
0.108
-2.434
-0.099
-0.205
0.020
0.043
-0.108
-0.082
-0.146
0.039
0.247
0.057
-0.052
-0.153
0.289
0.118
-0.102
-0.159
-0.167
0.281
0.026
-1.153
-0.591
0.595
0.008
-0.261
0.043
0.043
-0.594
0.002
0.111
0.862
0.043
0.184
0.358
0.043
-0.499
0.057
0.158
0.043
0.136
0.040
0.537
0.825
0.018
-0.084
1.031
1.570
0.333
1.559
1.423
0.499
1.223
0.043
0.049
1.169
0.232
0.043
-0.936
0.113
0.101
0.082
0.134
0.697
1.854
-0.460
0.043
-0.397
0.527
0.209
0.384
0.476
0.513
0.104
-0.258
1.395
0.035
0.607
0.543
0.257
0.043
0.005
0.332
0.354
-0.009
0.169
0.043
0.043
0.043
0.049
0.758
0.730
0.465
0.346
1.338
0.163
-0.656
0.195
0.336
0.299
2.190
1.634
0.641
0.142
0.193
0.445
-1.836
0.468
0.471
-1.969
-1.132
-0.299
2.245
1.838
1.381
2.008
0.299
2.036
1.454
0.220
1.301
-0.123
1.598
1.040
0.541
1.793
1.363
1.088
2.723
-0.304
-0.637
0.565
-0.003
0.630
0.215
0.696
0.281
-0.075
2.525
-0.004
0.570
-0.129
1.430
1.585
-0.110
1.132
0.489
-0.267
0.456
0.580
1.029
-0.408
0.118
0.956
1.044
0.195
0.789
0.682
-1.475
0.539
-0.717
-0.547
-0.041
0.284
-0.149
0.678
-0.001
-0.617
0.981
0.043
0.028
-0.125
0.525
0.043
-0.259
0.624
0.043
1.246
0.603
0.195
0.547
-0.174
-0.581
0.237
1.657
-0.265
-0.219
-0.323
0.284
0.043
-1.008
-0.539
3.115
-0.173
0.167
1.395
0.806
0.427
0.270
0.089
-0.586
-2.529
-1.291
-0.021
-0.997
-0.878
0.294
-0.322
0.917
1.083
0.473
-0.185
-0.077
-0.033
0.157
0.088
0.129
0.051
0.373
0.001
0.473
0.096
0.091
1.899
1.251
0.506
0.275
0.442
0.274
0.740
0.269
0.305
0.088
0.043
0.247
1.687
-0.414
0.292
0.210
-0.249
0.421
-0.402
-0.031
1.875
0.713
0.720
1.743
1.232
0.080
0.256
1.637
1.658
0.769
0.367
0.499
0.179
0.051
1.094
0.326
0.334
2.800
-0.192
2.031
0.063
1.310
1.078
0.141
0.043
0.793
-0.225
-0.132
0.549
0.043
0.626
0.043
-0.382
-0.546
0.044
0.837
0.112
-0.038
0.043
1.642
1.907
-0.665
0.036
-0.079
0.291
0.200
0.937
1.125
0.570
0.247
1.049
1.048
0.028
0.104
0.296
-0.038
-0.877
-0.465
0.479
1.697
0.069
0.043
-0.096
0.446
-0.101
0.167
0.249
0.266
1.134
0.139
1.117
0.359
1.038
-0.104
0.238
0.042
0.947
0.126
0.386
0.039
-0.595
0.546
0.035
-0.181
0.397
0.043
1.164
1.058
-0.746
-0.018
-1.180
-0.211
-0.129
-0.128
-0.795
-0.447
-1.061
-0.856
-1.196
-1.321
-0.043
0.183
-0.335
-0.286
-0.116
0.076
-0.029
0.662
-0.520
-0.191
1.236
-0.506
0.112
1.315
-0.730
-0.110
-0.119
0.120
0.271
0.262
0.176
0.365
-0.149
0.160
2.055
1.187
1.871
0.291
0.043
0.226
0.700
2.294
0.201
-0.120
0.416
0.098
0.299
1.385
0.033
1.165
0.354
1.810
1.020
0.255
0.767
0.271
0.856
0.116
0.753
0.639
1.275
0.826
1.027
0.029
-0.008
0.069
-0.473
0.035
0.104
-0.130
0.090
0.429
0.205
0.022
0.043
0.154
0.109
0.091
0.032
0.251
0.524
1.546
1.159
0.836
-0.312
-0.379
0.034
0.085
0.053
0.207
0.336
0.108
0.416
0.106
0.340
0.833
0.205
0.437
0.438
0.419
0.891
2.150
1.292
0.877
0.004
0.308
0.224
1.449
0.841
0.267
0.092
0.377
0.567
0.039
0.421
0.423
0.173
-0.026
0.248
0.152
-0.093
0.481
0.403
0.239
0.434
0.177
-0.027
-0.032
0.921
-0.716
2.371
0.165
0.043
-0.078
1.092
0.698
0.043
1.704
0.043
-0.024
-0.377
-0.228
-0.192
-0.589
-0.048
-0.062
0.020
-0.035
0.105
1.516
1.029
-0.162
-0.044
-0.531
-0.152
-0.122
0.095
-0.014
0.174
0.323
-0.165
0.988
0.356
0.314
1.290
0.867
0.626
0.489
0.063
0.043
1.692
0.089
0.664
0.794
1.051
2.949
1.432
0.067
-0.357
0.630
-0.634
-0.247
0.108
-0.529
-0.784
0.159
0.207
0.245
-1.016
0.043
0.930
0.287
-0.649
0.312
-0.383
-0.582
-0.254
0.096
-1.152
0.102
0.021
-0.744
0.348
0.707
-0.018
-0.051
-0.217
-1.036
1.051
0.043
0.998
0.950
1.279
0.085
-0.108
0.165
-0.685
0.411
-0.049
-0.478
0.043
