-0.026
-0.026
0.057
-0.179
-0.040
-0.116
0.001
-0.090
-0.194
-0.026
-0.026
-0.095
-0.039
-0.026
0.021
-0.007
0.278
0.098
0.022
0.093
-0.077
1.084
1.325
-0.021
-0.022
-0.849
-0.305
-0.147
-0.255
-0.428
0.037
0.015
-0.588
-0.048
0.044
-1.368
-1.442
-2.453
-1.252
-0.821
-1.882
-1.389
0.241
0.729
0.193
-0.049
-0.026
0.278
-0.885
-1.552
-0.169
-1.065
-1.001
-2.090
-2.560
-0.778
-1.682
0.174
-0.016
-2.310
-0.791
-0.569
-1.602
-2.155
-1.160
-1.256
-1.945
-1.775
0.141
0.380
-2.250
-1.412
-1.237
-0.433
0.195
0.017
-0.012
2.449
-2.451
0.065
-0.126
0.097
0.041
0.006
0.932
0.774
-0.148
-2.015
0.627
-0.047
0.248
0.082
-0.300
-0.998
-0.040
0.134
-0.026
0.115
-1.303
-0.533
-0.026
0.052
-0.026
0.075
-0.156
0.220
-0.026
0.039
-0.026
-0.026
0.357
-0.026
0.015
-0.026
-0.001
-0.026
-0.026
0.013
-0.026
-0.025
-0.026
-0.002
-0.013
-0.026
0.003
0.609
-0.057
0.458
0.471
-0.106
-0.068
0.534
-0.026
-0.145
1.859
-0.748
-0.030
-0.350
0.046
-1.141
-0.834
-0.026
0.244
-0.141
0.402
-0.026
-0.026
-0.489
0.306
-0.647
0.076
-0.386
-1.383
-1.050
-0.289
-2.559
-1.573
-1.581
-0.369
0.246
-0.210
-1.680
-0.044
-0.180
0.371
-0.091
-0.154
-0.198
-0.153
-0.299
-0.539
0.394
-0.026
0.058
-0.061
-2.050
-1.137
-0.951
-0.123
-0.322
0.037
-0.846
-0.026
-0.181
-0.215
-0.824
-0.368
2.146
0.082
-2.011
-1.078
0.011
0.441
0.068
0.057
-0.026
-1.469
-1.503
-0.712
-0.159
-0.026
-0.026
0.770
-0.190
-0.026
-0.026
-1.638
-2.011
-0.383
-0.012
-0.311
0.100
0.512
-0.041
-0.592
1.197
0.881
-0.008
-1.116
-2.415
-0.756
-1.139
-1.898
-1.004
-0.599
-0.801
-2.654
-2.728
-1.412
-1.907
-0.626
-2.745
-2.398
-1.514
-1.733
-0.026
0.304
-0.276
-0.026
-0.959
-0.001
-0.706
1.071
-1.621
-3.731
-0.019
-0.353
-0.516
-1.634
-0.667
0.082
-1.726
-1.257
-1.010
-0.647
-0.095
-1.290
0.008
0.042
-2.087
-2.079
-1.217
-0.818
-1.333
2.296
-0.496
0.295
-2.417
0.619
-1.392
0.058
-0.023
-0.214
0.155
-1.130
1.034
1.689
-0.026
-0.125
0.601
-0.080
-1.245
-0.058
-1.417
-1.235
-0.026
-0.452
-0.026
0.186
-0.473
-1.137
0.305
-0.065
0.072
-0.026
0.198
-0.026
1.382
-2.663
0.621
-0.162
-1.365
0.881
-2.020
0.210
0.306
0.561
2.807
1.332
-0.822
-0.531
0.447
-0.026
-0.652
-1.390
-1.845
-0.746
0.342
-0.367
-0.587
-0.079
-0.176
-0.026
-0.115
-0.422
-0.318
-0.469
0.267
-0.080
-1.338
-1.746
-0.026
-0.058
-1.104
-0.598
-1.637
-1.138
-0.630
-0.171
-0.026
-0.190
-0.139
0.153
-0.173
-0.456
-0.547
-1.198
-0.064
-0.110
-2.492
-1.616
-1.479
-1.353
-1.346
0.006
-0.291
-1.837
-2.944
-1.250
-0.348
-0.531
-0.046
-0.569
-0.061
-0.026
-0.256
-0.405
-0.017
-1.225
1.047
-1.673
-2.229
-0.204
-0.274
-0.362
0.011
0.116
-0.090
0.023
-0.114
0.054
0.295
1.236
-0.971
-1.884
-0.026
-0.085
-0.026
-1.989
-2.094
-0.025
-0.102
-0.092
0.028
-0.329
-0.313
-0.544
-0.005
0.132
-0.954
-0.074
0.074
-0.072
-0.048
0.096
-2.339
0.278
-0.383
-2.196
-1.097
-0.109
-0.026
-0.475
0.088
-0.043
-0.086
-0.026
-0.423
-0.049
-1.229
-0.843
-1.595
-0.082
-0.013
1.069
-2.703
0.031
-0.354
-0.026
0.469
0.104
0.227
0.342
-0.691
0.307
-0.395
-1.424
0.076
0.026
0.930
0.360
-0.036
0.172
0.695
-0.000
1.408
1.905
1.251
0.791
0.087
-0.117
0.672
0.366
0.039
0.131
-0.155
-2.613
1.182
0.608
-0.412
0.241
-0.205
-2.042
-0.470
-0.014
-0.396
-0.068
0.107
-0.015
-0.623
-0.514
0.207
-0.256
-1.800
-0.478
-1.708
-0.401
0.016
-0.012
-2.205
-0.856
0.057
0.966
-0.033
0.151
0.295
-1.215
-0.767
-1.427
-0.112
-2.175
-1.652
-0.859
-0.197
-0.026
-0.744
-0.038
-0.086
-1.533
-1.152
-0.974
-1.727
-0.147
-0.037
0.045
-0.402
-0.023
-0.181
-0.377
-0.026
-0.253
-0.194
-0.084
-0.026
-0.526
-0.236
-0.329
-0.523
-1.023
-1.302
-0.309
-0.571
-0.249
-0.213
0.274
-0.030
-0.026
-0.979
-0.187
-0.169
-0.026
-0.026
-0.367
-0.079
-1.746
-1.497
-2.342
-0.141
-0.758
-1.199
-2.229
-0.998
-1.082
0.063
-0.001
-0.199
-0.166
-0.112
-0.149
0.220
0.081
-2.406
0.047
-0.049
0.012
-0.189
-0.282
0.053
-0.267
-0.683
-0.562
-0.993
-0.998
-0.219
-0.194
-0.067
0.120
-1.771
-0.024
-1.943
0.049
0.045
0.078
2.203
-0.308
0.022
-0.026
0.003
-0.026
0.161
-0.060
0.983
0.122
-0.319
-0.031
-0.021
-0.107
-0.041
-0.773
-2.646
-0.562
-0.558
0.003
0.002
0.101
-0.152
-0.446
-0.025
-0.038
-0.009
-0.015
-0.026
-0.026
-0.864
-0.329
-2.479
-0.666
-0.072
-0.345
-1.318
0.038
-2.405
-1.582
-0.898
-2.374
-1.894
0.116
-1.721
-0.749
0.180
-0.032
-0.696
0.981
0.071
-0.634
-0.349
-0.331
0.682
-0.026
0.009
-0.846
0.906
1.195
0.372
0.185
0.184
1.040
2.218
-1.070
-0.061
0.623
-0.578
-0.143
-0.002
-0.208
0.013
0.241
-0.527
0.044
-0.339
-0.026
-0.225
-1.297
0.279
-0.026
1.334
-0.443
0.576
-0.168
-0.026
