-0.341
-0.151
-0.143
-0.117
0.059
-0.168
-0.499
-0.299
-0.380
-0.330
-0.075
-0.181
-0.262
-0.003
1.308
0.030
0.224
0.235
-0.134
-0.056
-0.051
2.285
-0.185
-0.216
-0.120
-0.367
0.024
0.543
-0.169
0.056
-0.135
0.051
0.400
0.110
0.289
-3.459
-2.704
-3.067
-1.030
-2.460
-2.850
-4.548
0.062
0.266
-0.142
-0.091
-0.286
0.150
-2.306
-2.418
-2.255
-2.151
-2.901
-4.298
-3.130
-1.967
-2.125
0.065
-0.546
-4.168
-1.546
-2.597
-1.900
-2.083
-1.145
-4.004
-1.761
-0.520
-0.290
-0.293
-0.991
0.287
0.878
-0.408
-0.551
-1.207
-0.363
0.887
-2.897
0.080
0.274
-1.720
-1.073
-0.087
0.268
0.301
-0.849
-3.824
-0.504
0.050
0.173
-0.453
-0.099
-0.487
-0.277
0.234
0.222
-0.057
-2.223
-0.583
-0.091
-0.066
0.215
-0.422
-0.298
0.115
-0.372
-0.043
0.086
0.518
-0.015
-0.017
0.109
0.089
0.191
0.151
-0.020
0.173
0.087
0.150
-0.336
0.064
0.106
0.437
0.479
-1.655
-0.062
0.767
0.263
-0.130
-0.105
0.224
-0.997
-0.208
1.362
-1.327
0.288
-0.554
1.476
-0.510
-0.549
1.739
1.416
-0.032
-0.446
-0.102
-0.425
-0.346
-2.226
-3.376
-1.036
0.042
-1.023
-3.386
-1.671
-3.654
-3.236
-3.987
-3.359
0.454
-1.046
-2.550
-2.485
0.065
0.236
-0.091
-0.834
-1.365
-0.277
-0.030
-0.927
0.962
-0.061
0.029
-1.111
-1.851
-2.228
-0.419
-1.991
-0.850
0.039
-2.171
0.242
-0.675
-0.337
-0.204
-0.564
0.333
0.146
-0.357
-0.319
-0.406
0.455
-0.834
-1.567
0.740
-0.453
-0.596
0.127
-0.118
0.072
-0.040
0.132
-0.392
-0.594
0.042
-3.472
-1.911
-1.032
0.194
-0.551
-0.301
1.156
-0.637
-0.273
2.746
0.646
0.070
-3.224
-2.484
-0.982
-3.444
-1.131
-1.841
-2.153
-0.837
-1.074
-0.967
-1.023
-1.741
-0.572
-1.584
-1.020
-1.262
-3.086
0.643
1.924
-0.187
-0.271
-0.837
-0.296
-0.556
0.289
-0.005
-3.137
-0.162
-0.884
0.041
-0.522
-1.496
0.504
-1.095
-0.745
-0.018
-1.334
-0.392
-1.563
0.305
-0.592
-0.988
-0.599
-0.406
-1.403
-0.158
1.915
0.697
0.457
-0.730
0.224
-0.985
0.168
-1.014
-0.048
0.350
-0.502
0.065
-0.347
0.034
0.065
-0.038
0.182
-0.444
-0.276
-1.727
-1.828
0.058
-0.677
0.012
0.065
-0.593
-1.482
0.103
0.225
0.071
0.119
0.061
-0.004
0.828
-3.014
1.592
0.062
-0.571
0.023
-2.480
-0.220
-0.071
1.167
2.427
0.900
0.343
0.406
-0.193
-1.163
-0.219
-0.061
-2.714
0.474
0.197
-0.102
0.250
-0.010
-0.049
-0.268
0.054
-0.948
0.037
-0.688
0.107
-0.039
-2.193
-1.244
-0.534
-0.290
-0.899
-0.524
-1.219
-0.216
-0.381
-0.098
0.011
-0.359
-1.658
0.756
-0.423
-1.649
0.116
-0.678
0.138
0.030
-4.296
-1.250
-1.127
-1.189
-1.872
-0.058
-0.301
-1.902
-2.699
-0.859
-0.082
-0.295
-0.044
-0.612
-1.673
-0.623
0.334
-3.663
-0.119
-1.920
0.587
-1.430
-1.213
-1.329
-0.641
-1.448
0.008
-0.155
-0.065
-0.024
-0.106
-0.374
0.673
0.756
-0.509
-1.352
0.482
0.409
-0.038
-0.300
-2.914
0.574
-0.404
-0.045
0.031
-0.059
-0.984
-0.119
-1.288
0.060
-1.288
-1.190
0.131
-0.519
-0.602
-1.199
-0.983
0.014
-2.170
-2.642
-0.021
-0.225
-0.212
0.026
0.267
-0.798
-0.187
-0.188
-0.663
-0.312
-1.131
-0.465
-0.818
-0.088
-0.811
0.015
-0.957
-0.025
0.037
0.125
1.368
-0.272
0.014
0.348
-0.489
0.067
-1.548
-1.676
0.185
0.398
0.895
0.506
0.362
0.080
0.780
-0.109
0.672
0.361
0.827
1.520
0.551
0.088
0.563
0.149
0.031
-0.934
-0.144
-2.162
0.582
0.149
-1.746
0.714
-0.001
-1.524
0.584
-0.451
0.216
0.077
0.048
-0.075
-0.676
-1.351
0.559
-0.272
-2.368
0.070
-2.607
-0.842
0.105
0.065
-1.410
-3.062
0.001
0.254
-0.092
-0.391
-0.362
-2.077
-0.632
-2.376
-0.736
-4.140
-1.404
-0.413
-0.395
-0.484
-0.828
-0.258
-0.479
-1.159
-2.114
-1.197
-2.406
-0.107
-0.090
-0.030
0.108
-0.104
-0.098
-0.042
0.070
-0.269
-0.473
-0.108
-0.091
-0.495
-0.190
0.038
0.065
-0.360
-0.388
-1.796
-2.038
-0.224
0.268
0.669
0.049
-0.549
-1.101
0.100
0.186
-0.213
-0.021
-0.179
-0.795
-1.023
-0.375
-0.615
-0.189
-1.377
-1.112
-3.366
-1.477
-1.504
0.320
-0.286
-0.227
-0.710
0.668
-0.114
0.642
-0.092
-0.442
-1.005
-0.480
-0.504
-0.256
-0.074
-0.543
-0.172
0.042
-0.884
-0.830
-0.206
-0.925
-0.050
-0.554
0.146
-1.279
0.768
-3.091
-1.380
-0.989
-0.069
0.214
-0.460
0.065
-0.733
0.122
0.066
0.147
-0.348
0.149
0.576
-0.056
0.270
0.219
0.017
0.195
-2.390
-0.536
0.336
-0.301
-0.368
-0.129
0.065
-0.368
-0.141
-0.164
-0.506
0.035
-1.248
-0.318
-0.553
-2.403
-0.440
-0.795
-1.543
-0.731
0.035
-1.562
-0.182
-1.085
-0.672
-0.785
-4.432
-0.657
-0.047
-1.102
-0.981
0.323
0.019
-0.321
1.369
0.739
-0.603
-0.693
-1.095
0.404
0.016
-1.471
-0.693
0.459
-0.466
0.343
0.629
0.462
-0.109
0.380
-0.190
-0.042
0.764
-0.505
-0.645
0.038
0.181
-0.016
0.321
-1.235
-0.067
-0.435
-0.803
-0.155
-0.406
0.271
0.432
1.192
-0.905
-0.082
-0.416
0.005
