0.333
-0.015
0.095
-0.448
-0.036
0.100
0.148
0.107
0.888
0.357
0.281
0.234
0.212
0.243
0.352
0.039
-0.100
0.016
0.329
0.258
0.127
-1.309
-0.270
0.130
0.052
-0.289
-0.102
-0.001
0.693
-0.392
0.045
-0.129
-0.104
0.150
-0.410
3.156
2.368
3.124
1.200
2.639
2.394
3.060
0.092
0.155
0.482
0.172
0.075
0.063
2.048
1.241
2.214
2.239
2.457
3.793
2.693
1.415
1.481
-0.001
0.768
4.175
1.042
1.142
1.278
2.223
1.615
1.771
1.691
0.821
0.572
0.606
0.868
-0.549
0.564
0.279
1.638
2.660
1.373
-1.339
4.813
-0.080
-0.827
0.918
0.396
0.221
0.474
0.162
1.226
3.445
0.982
0.807
0.054
0.442
0.134
0.584
0.433
-0.059
0.299
0.044
2.125
1.378
0.380
0.196
1.529
1.019
0.215
-0.553
0.018
0.007
-0.004
-0.356
-0.091
0.084
-0.248
-0.119
-0.414
-0.305
0.012
-0.431
-0.001
-0.225
-0.024
0.036
-0.152
-0.532
-0.315
0.952
-0.103
-1.170
-0.781
0.168
0.039
-0.010
0.324
0.222
-0.010
0.163
0.145
1.828
-1.229
1.370
0.131
-1.603
-1.476
0.148
0.159
0.173
0.165
0.795
0.865
2.729
0.864
-0.377
1.419
2.685
1.899
3.408
2.311
2.505
2.620
0.314
0.860
1.891
1.616
0.479
0.120
-0.030
1.252
0.576
0.371
1.254
1.093
0.344
-0.400
-0.335
0.833
1.717
1.420
0.741
1.280
1.042
0.046
1.533
-0.036
1.012
0.903
1.291
0.318
-0.730
-0.015
-0.708
-0.125
0.569
0.030
3.392
1.545
-0.013
1.159
0.762
0.210
0.658
0.220
0.503
-0.087
0.266
0.231
0.237
2.884
2.574
0.763
0.039
0.846
0.190
-0.812
0.491
0.371
-0.987
-1.078
-0.202
1.834
2.610
1.699
1.858
0.728
1.470
1.275
0.618
0.373
1.109
1.348
0.924
0.524
1.930
1.140
1.711
5.444
-1.086
-2.393
2.815
-0.310
0.917
0.367
0.576
-0.096
-0.087
3.108
-0.267
0.757
-0.021
1.788
1.496
-0.140
0.656
-0.090
0.177
1.047
0.333
1.721
-0.107
-0.459
0.915
0.875
0.332
1.181
0.355
-1.501
0.289
-0.081
0.118
-0.115
0.893
-0.050
0.591
-0.086
-0.629
1.498
0.221
1.145
0.478
1.245
0.011
0.084
0.636
1.634
1.742
1.176
0.105
0.281
-0.248
0.113
0.648
1.139
-0.604
-0.025
-0.138
-0.169
-0.693
0.482
-1.141
2.502
-0.774
-0.024
1.399
0.223
1.835
0.251
0.758
-0.773
-2.070
-1.235
0.338
-0.083
-1.879
0.403
-0.259
1.233
2.354
0.804
-0.533
-0.340
-0.224
0.220
0.221
0.120
0.092
0.314
0.124
1.109
0.092
-0.075
2.365
0.895
-0.112
-0.083
0.302
-0.011
1.054
0.255
0.080
-0.056
0.084
0.929
1.324
-0.405
0.260
0.232
-0.018
0.097
-0.134
-0.130
2.880
1.079
1.488
1.949
1.888
0.916
0.591
2.024
1.861
1.283
0.909
0.879
-0.045
0.348
0.835
0.728
-2.022
3.332
0.084
3.106
-0.396
1.712
0.731
1.255
0.054
1.807
0.117
0.150
0.373
0.582
0.056
0.438
-0.949
-1.489
0.631
0.217
0.248
0.096
0.359
2.086
1.437
-0.900
-0.052
-0.076
0.029
0.581
1.306
0.856
0.998
-0.337
3.140
0.594
0.769
0.372
0.581
1.479
0.957
0.141
1.958
2.745
0.534
0.774
0.109
0.663
-0.478
0.284
-0.130
0.460
0.797
0.221
1.059
0.285
0.510
-0.631
0.166
0.347
0.039
0.741
0.307
0.210
0.084
0.209
-0.255
-0.228
0.743
0.053
1.260
0.409
0.726
0.025
-1.192
-0.602
-0.241
-0.234
-0.270
-0.136
-1.172
-1.571
-0.601
-0.793
-1.085
0.139
-0.067
-0.374
-0.162
0.105
0.028
0.748
-0.612
-0.390
1.202
-1.022
0.276
1.784
-0.789
1.802
-0.252
0.265
0.291
-0.237
0.457
0.544
-0.435
0.762
2.014
0.312
1.679
0.412
0.671
0.184
0.123
1.399
-0.327
-0.569
0.104
-0.057
1.101
1.590
0.586
2.523
0.536
3.122
1.107
0.793
0.982
0.350
1.773
0.292
0.367
0.963
1.257
0.878
1.946
0.081
0.064
0.069
0.011
0.136
0.161
0.445
0.495
0.250
0.356
0.315
0.516
-0.294
-0.314
0.311
0.574
0.594
0.318
2.225
1.639
1.162
0.252
-0.272
0.011
0.192
0.997
-0.104
-0.942
0.212
0.174
-0.226
0.231
2.005
0.574
0.898
0.698
0.888
0.829
2.402
0.735
1.243
0.211
0.332
0.464
1.057
0.717
0.451
-0.071
0.384
0.583
0.640
0.436
0.801
0.366
0.001
0.212
0.091
-0.157
0.600
0.317
0.140
0.473
0.943
-0.050
-0.159
0.972
-0.737
2.688
1.347
0.461
-0.277
0.463
1.677
-0.289
1.561
0.155
0.178
-0.156
0.194
0.071
-0.370
0.250
0.110
-0.151
0.233
-0.279
2.077
1.595
-0.392
0.118
0.179
-0.193
-0.019
-0.145
-0.790
-0.314
0.242
-0.093
0.754
0.539
0.176
1.710
0.913
-0.216
1.018
0.607
0.247
1.248
0.652
0.706
1.066
0.825
2.904
0.847
-0.289
-0.256
0.354
-0.396
-0.524
0.435
-1.031
-0.949
-0.005
0.449
0.707
0.282
1.083
0.963
0.612
-0.223
0.193
-0.508
-0.896
-1.576
2.238
0.074
0.055
0.233
0.004
1.569
1.082
-0.073
-0.093
-0.174
-0.674
0.533
0.271
0.920
0.617
0.716
0.044
-0.605
-2.082
-2.218
1.743
0.017
-0.538
0.262
