-0.657
-0.036
-0.287
-0.407
-0.156
-0.201
-0.282
0.148
-1.333
-0.698
0.148
-0.446
-0.102
0.264
-0.970
0.042
0.053
0.043
0.342
0.425
-0.490
0.429
0.052
0.032
-0.007
0.086
-0.180
-0.056
-0.757
-0.129
-0.026
-0.189
-1.089
-0.260
-0.538
-2.964
-2.141
-2.138
-0.448
-1.700
-2.055
-4.014
-0.017
0.158
-0.291
0.049
-0.223
-0.039
-2.371
-1.324
-2.194
-1.681
-2.782
-3.603
-2.215
-1.242
-1.416
-0.096
-0.992
-3.776
-0.650
-0.949
-1.060
-1.484
-0.984
-2.695
-1.186
-0.495
-0.262
-0.025
-0.033
0.011
-0.320
-0.564
0.756
0.688
0.563
0.501
-3.436
0.038
0.443
-1.249
-0.526
-0.109
0.084
0.553
-0.396
-2.447
-0.556
-0.169
0.910
-0.155
-0.204
-0.594
-0.725
-0.023
-0.302
0.196
-1.045
-1.096
-0.012
-0.160
-0.495
-0.655
-0.392
0.349
-0.008
2.618
-0.000
0.096
0.043
0.001
0.158
0.002
0.042
-0.020
-0.033
-0.111
-0.001
0.111
0.004
0.005
0.089
0.230
0.146
-1.729
0.399
1.014
0.690
0.732
-0.090
0.098
-1.547
-0.027
0.751
-1.052
-1.242
-0.199
-0.020
-0.005
-0.784
-0.020
0.016
-0.289
-0.531
-0.020
-0.221
-0.582
-0.700
-2.575
-1.551
0.128
-1.315
-2.391
-1.349
-3.598
-3.344
-2.397
-2.404
-0.090
-0.322
-2.635
-0.989
0.234
-0.099
-0.026
-1.185
-0.529
-0.257
-0.515
-0.791
-0.300
0.199
0.514
-0.730
-2.240
-0.996
-0.654
-0.558
-0.722
-0.131
-1.801
0.127
-0.856
-0.475
-0.151
-0.280
0.465
-0.654
0.557
-0.005
-0.020
0.042
0.189
-0.020
0.739
-0.581
-0.482
-0.734
-0.126
-0.251
-0.030
0.355
-0.292
-0.094
-0.351
-3.856
-2.641
-0.560
-0.048
-0.390
-0.020
1.002
-0.139
-0.207
-0.769
-0.044
0.091
-3.199
-2.181
-1.166
-2.897
-0.530
-1.794
-1.586
-0.669
-1.281
-0.585
-1.807
-0.163
-0.762
-1.767
-1.328
-0.905
-2.768
0.366
0.513
-1.533
-0.091
-0.457
-0.694
-0.896
-0.785
0.071
-2.236
-0.069
-0.527
0.636
-0.787
-1.343
-0.766
-1.328
-0.405
0.018
-1.254
-0.523
-1.372
-0.232
-0.091
-1.379
-0.776
-0.295
-1.415
-0.185
1.315
-0.625
0.768
0.228
0.068
-0.751
0.097
-1.856
-0.000
-0.039
-0.972
-0.020
-0.506
-0.050
-0.583
0.252
-0.641
-0.452
-0.002
-0.921
-1.098
-0.404
-0.841
-0.226
0.376
-1.409
-0.391
0.249
-0.101
0.231
-0.021
-0.020
1.469
-0.469
-2.532
-0.510
-0.472
-0.572
-0.028
-0.468
-0.146
-0.659
0.341
0.811
0.331
-0.814
-0.005
-0.013
-0.525
0.120
-0.788
-1.935
-0.607
0.103
-0.050
-0.008
-0.022
-0.039
-0.489
-0.305
-0.517
-0.097
-0.560
-0.048
-0.217
-1.486
-2.163
-0.414
-0.136
-0.587
-0.330
-0.892
-0.436
-0.080
-0.003
-0.007
-0.817
-1.762
0.841
-0.253
-0.031
0.441
-0.025
0.505
-0.004
-3.411
-1.582
-0.913
-1.101
-1.307
-0.135
-0.294
-1.398
-2.029
-1.127
-0.818
-0.610
-0.030
-0.126
-0.751
-0.204
-0.091
-0.662
-0.018
-3.333
0.295
-0.634
-0.691
-1.136
-0.431
-1.261
-0.231
-0.285
-0.415
0.263
-1.184
0.781
1.587
1.576
0.557
0.095
-0.985
0.172
-0.102
-1.465
-1.932
-0.056
-0.026
-0.136
-0.734
-0.879
-0.852
-0.855
-1.658
-0.308
-1.828
-1.745
1.225
-1.066
-0.984
1.423
-0.020
-0.037
-2.470
-2.479
-0.256
-0.296
-0.377
-0.587
0.051
-0.069
-0.701
-0.233
-0.885
-0.052
-1.442
-0.216
-0.821
-0.302
-2.165
-0.587
-0.088
-0.151
-0.063
-0.402
-0.110
-0.046
5.108
-0.020
-0.394
0.024
-0.389
-1.123
0.337
0.065
1.959
0.426
0.167
-0.006
0.278
0.026
1.244
1.120
1.465
-0.020
0.327
-0.623
0.009
0.355
-0.268
-0.051
-0.175
-1.273
0.466
0.283
-0.371
0.576
0.631
-1.460
0.466
-0.344
-0.046
-0.285
-0.187
0.027
-0.451
-0.640
0.217
-0.462
-1.907
-0.204
-2.830
-0.603
0.014
0.049
-2.030
-2.817
-0.032
-0.110
0.173
0.122
0.200
-1.576
-0.675
-1.395
-0.548
-2.591
-1.379
-0.197
-0.479
-0.225
-1.077
0.034
-0.381
-0.649
-1.267
-0.977
-1.780
-0.077
-0.148
0.005
0.499
-0.031
-0.155
0.477
-0.018
-0.264
-0.229
-0.104
-0.000
0.019
-0.135
-0.403
0.493
-0.585
-0.416
-1.525
-1.726
-0.626
-0.048
0.474
0.458
-0.304
-0.619
-0.124
-0.237
-0.138
-0.058
-0.287
-0.170
-0.699
-0.231
-1.408
-0.989
-0.881
-0.986
-3.055
-1.215
-1.098
0.104
-0.986
-0.286
-1.896
-0.963
-0.431
-0.245
-0.108
-0.675
-0.026
-0.376
-0.390
-0.073
0.006
-0.367
-0.135
0.063
-0.511
-0.588
-0.193
-0.787
-0.448
0.118
-0.011
-0.708
0.683
-3.846
-1.281
-0.844
-0.023
-1.252
-1.028
0.301
-0.665
0.103
-0.020
0.871
0.213
-0.135
-0.020
-0.067
0.122
0.335
-0.016
0.398
-1.514
-1.444
-0.249
0.126
0.137
-0.134
-0.303
-0.294
-0.034
-0.015
-0.314
0.055
-0.699
-0.937
-0.398
-1.679
-0.602
0.479
-1.075
-0.246
0.159
-0.995
-0.663
-0.967
-0.776
-0.806
-2.680
-0.512
-0.232
1.636
-0.503
0.019
0.555
-0.499
-0.137
0.560
-0.656
0.837
-0.582
-0.047
1.036
-0.995
-0.587
0.013
-0.868
0.143
1.108
0.341
-0.020
-0.417
-0.473
-0.433
0.774
-0.597
0.010
0.089
0.571
0.053
0.801
-0.628
-0.020
-0.681
-1.072
-0.558
0.072
-0.020
0.059
0.209
-0.379
-0.559
-0.171
0.023
