-0.017
0.085
0.066
-0.304
-0.025
0.357
0.231
-0.025
-0.698
-0.412
-1.291
-0.406
-0.101
-0.170
0.602
0.383
0.422
0.317
0.013
0.212
-1.006
1.249
0.184
0.088
0.071
0.180
-0.246
-0.739
-0.126
0.066
0.040
0.123
1.182
0.086
-0.317
-1.895
-2.107
-1.246
-0.382
-2.045
-2.126
-3.274
-0.054
0.023
0.114
-1.122
-1.168
-1.478
-2.295
-2.002
-2.294
-1.717
-2.661
-3.040
-2.951
-2.534
-1.795
-0.251
-0.978
-4.097
-1.977
-1.513
-1.062
-1.346
-1.141
-2.865
-2.223
-1.259
-0.097
-0.906
-1.702
0.376
0.379
-0.471
-0.675
-1.431
-1.102
2.249
-4.229
-0.006
1.156
-0.916
-0.913
-0.641
0.478
1.430
-0.694
-2.416
-0.119
0.453
0.085
-0.087
0.197
-0.812
-0.937
-0.453
0.052
0.062
-0.414
0.592
0.572
0.113
0.068
-1.270
-0.138
0.019
0.045
0.045
0.045
0.027
-0.427
0.132
0.376
0.045
0.097
0.186
0.045
0.489
0.045
0.199
0.045
0.045
0.226
0.246
-0.038
-1.014
-0.069
1.168
0.213
0.200
-0.029
0.078
0.428
0.397
0.104
-0.210
0.613
0.105
1.803
-0.026
0.068
2.186
0.831
-0.004
0.486
-0.204
-0.161
-0.668
-1.363
-2.026
-1.083
0.007
-0.392
-1.786
-1.122
-2.536
-3.244
-1.978
-2.855
0.220
0.282
-2.412
-1.913
-0.180
0.336
0.018
-0.930
-0.979
-0.141
-1.349
-0.721
1.297
0.109
0.102
-0.203
-2.760
-1.766
-1.172
-0.988
-0.810
-0.034
-1.489
0.161
-0.658
-0.812
-0.118
-0.390
-0.254
0.081
0.165
0.586
-0.814
-0.800
-2.411
-1.584
1.172
-1.505
-0.173
-0.111
-0.122
-0.005
-0.436
0.024
0.040
0.055
-0.785
-2.869
-2.742
-1.417
0.455
-0.012
0.284
1.300
-0.458
0.074
2.715
0.609
0.018
-2.230
-2.531
-1.524
-3.134
0.436
-2.125
-3.665
-1.429
-2.311
-0.878
-1.324
-1.134
-1.252
-2.237
-1.611
-1.903
-3.577
0.788
1.400
-0.112
0.471
-0.546
-0.367
-1.168
-0.236
0.757
-2.407
0.060
-1.060
0.494
-1.701
-1.465
0.340
-0.774
-0.302
-0.359
-1.478
-0.415
-0.547
0.089
-0.305
-1.354
-1.010
-0.787
-1.825
-0.539
1.176
0.002
0.209
0.718
-0.245
-0.883
0.091
0.148
0.045
-0.107
-1.033
-0.415
-3.235
-0.059
-0.106
-0.091
0.632
-0.853
-1.431
-2.922
-1.331
-0.145
0.464
-0.533
0.589
-0.340
-2.301
0.069
0.128
0.351
0.045
0.752
-0.963
-0.130
-2.307
-0.355
0.308
-0.909
-0.570
-2.686
-0.039
-0.932
0.816
1.689
0.538
0.259
-0.784
1.273
-0.600
-0.285
-0.602
-2.152
-1.206
0.054
-0.122
0.268
-0.141
0.058
-0.254
-0.033
-0.348
0.145
-0.902
0.063
0.106
-1.051
-0.499
-0.347
0.069
-1.349
-0.336
-1.825
-0.261
-0.212
0.279
-0.351
-1.695
-2.027
1.196
-0.733
-0.109
-0.068
-0.184
0.079
0.034
-3.096
-1.181
-1.369
-0.861
-1.768
-0.735
-0.347
-1.074
-1.604
-0.867
0.164
-0.649
0.011
0.095
-0.307
-0.879
-0.310
-0.547
0.107
-1.224
-1.069
-0.282
-0.127
-1.199
0.462
-0.878
-0.468
-0.025
0.230
-0.376
0.186
-0.903
-0.265
1.396
-0.106
-0.088
0.043
-0.017
-0.384
0.140
0.528
1.577
0.268
0.109
0.650
0.159
-0.463
-0.222
-1.692
0.506
-1.168
-0.424
-0.485
-0.504
-0.524
-0.919
-0.069
-0.855
-1.571
-1.690
0.150
-0.249
0.171
-0.137
0.144
-0.094
-0.217
-0.118
-1.148
0.197
-0.994
-0.482
-0.934
-0.030
-1.112
-0.531
-1.180
-0.583
0.116
0.649
0.572
-0.025
-0.112
0.009
-0.688
-0.646
-0.897
-0.366
-0.505
0.047
1.249
0.608
0.230
0.336
0.489
0.199
0.986
0.894
0.414
0.792
0.482
0.125
0.660
0.630
0.274
0.512
0.884
-1.808
0.285
0.429
-1.028
0.530
-1.829
-1.035
0.725
-1.360
0.535
-0.005
0.590
0.323
0.096
0.382
0.040
-0.310
-1.988
-0.290
-1.565
-1.644
-1.810
0.164
-0.750
-1.284
-0.471
-0.122
-0.212
-0.036
-0.028
-2.256
-0.799
-0.809
-0.058
-1.978
-0.830
0.009
0.030
0.119
-0.789
-0.395
-0.573
-0.508
-2.260
-0.554
-0.386
0.012
0.011
-0.057
0.178
0.116
-0.086
1.429
0.447
0.025
0.167
0.305
-0.521
0.545
-0.023
-0.377
0.086
-0.392
-0.339
-1.634
-1.061
-0.578
-0.007
0.002
-0.052
-0.044
-1.323
-0.109
-0.498
-0.020
0.046
-0.250
-0.806
-1.789
-0.653
-1.153
-0.284
-1.652
-1.375
-2.718
-0.360
-0.241
0.111
-0.311
-0.237
-1.209
0.096
0.065
0.486
-0.140
-0.743
-0.647
-0.758
-1.487
-0.623
0.154
-0.139
0.155
0.195
-0.556
-0.770
0.058
-0.157
-0.770
0.093
0.744
-0.896
0.173
-1.764
-0.574
-0.337
0.020
-1.723
-0.914
-0.002
-0.062
0.637
0.078
0.144
0.023
-0.296
0.391
0.085
0.130
0.042
0.087
0.060
0.005
-0.904
0.111
0.004
0.219
0.601
0.271
-0.116
0.376
0.146
-0.149
0.121
-0.778
-1.047
0.017
-1.315
-0.710
-1.071
-1.173
-1.722
-0.270
-1.674
-0.509
-1.107
-1.205
-0.099
-2.749
-0.573
0.247
0.186
-0.604
-0.043
0.211
0.040
0.450
-0.098
0.054
0.077
-2.475
1.171
-0.229
-0.146
0.690
1.607
0.080
0.576
0.983
-0.110
0.629
-0.141
-1.134
0.349
0.174
-0.358
-0.751
0.090
0.124
0.127
1.185
-0.062
-0.315
-1.123
-2.046
-0.831
0.295
0.044
0.280
0.981
-1.153
0.067
-0.160
-0.612
