-0.102
-0.113
0.430
-0.458
-0.100
-0.094
-0.282
0.073
-0.132
-0.094
-0.094
-0.293
-0.094
-0.155
0.600
-0.094
0.397
0.066
0.177
0.265
-0.073
1.712
0.432
-0.102
-0.094
0.164
-0.172
-0.131
-0.094
-0.051
-0.040
0.018
0.207
0.362
-0.017
-2.865
-2.549
-2.949
-0.335
-1.463
-2.485
-3.853
-0.089
-0.094
-0.155
0.134
-0.094
-0.092
-2.041
-0.968
-2.207
-0.720
-1.352
-3.301
-3.089
-2.170
-2.076
0.185
-0.774
-4.452
-0.515
-0.766
-1.476
-1.731
-0.704
-1.907
-1.425
-1.358
-0.132
-0.063
-0.474
0.297
0.321
-0.392
-0.216
-1.152
-0.442
0.062
-4.527
-0.071
-0.008
-1.551
-0.182
-0.087
0.427
-0.816
-1.715
-3.620
-1.013
0.000
-0.031
-0.118
-0.094
-0.447
-0.129
0.053
-0.069
-0.017
-1.513
-0.786
-0.495
-0.094
-0.183
-0.165
-0.241
0.682
-0.057
-0.094
-0.032
0.124
-0.024
-0.094
0.235
0.059
0.305
0.031
-0.007
-0.007
0.005
0.089
-0.093
0.040
0.042
0.126
0.329
-0.365
0.259
1.217
0.524
-0.086
-0.088
0.134
-0.094
-0.094
0.661
-0.646
0.333
-1.406
-0.061
-0.876
-0.094
1.010
1.271
-0.094
0.042
-0.174
-0.094
-0.510
-1.260
-0.314
-0.146
0.469
-0.189
-3.045
-2.416
-2.921
-2.480
-1.309
-1.512
-0.338
-0.264
-1.703
-1.585
-0.133
-0.094
-0.036
-0.489
-0.153
-0.104
-0.360
-1.043
0.194
-0.094
-0.033
-0.621
-0.468
-1.703
-0.546
-0.340
-0.716
0.148
-1.837
-0.131
-0.278
-0.731
-0.542
-0.094
1.380
0.600
0.498
-0.350
-0.531
0.095
-1.997
-0.720
-0.157
-0.432
-0.464
0.081
-0.094
-0.232
-0.015
-0.094
-0.097
-0.094
-0.094
-4.115
-1.964
-0.773
0.067
-0.814
0.294
1.743
-0.285
-0.094
1.043
1.187
0.074
-1.698
-3.748
-2.521
-3.020
-0.026
-1.408
-1.683
-0.797
-0.175
-0.400
-1.325
-1.771
-0.253
-2.014
-1.708
-1.481
-3.838
0.128
1.587
-1.242
0.164
-1.312
-0.343
-0.372
-0.049
0.477
-3.166
-0.078
-0.306
-0.094
0.248
-0.896
0.337
-1.109
-0.099
-0.012
-0.497
-0.274
-2.471
-0.094
-0.039
-0.750
-1.009
-0.231
0.004
-0.204
0.590
0.272
0.489
0.200
0.794
-0.301
-0.060
-1.110
-0.094
0.120
-1.118
-0.094
-0.131
-0.171
-0.090
-0.082
0.221
-0.426
-0.079
-0.309
-1.141
-0.094
-0.094
-0.094
-0.094
-0.202
-1.017
-0.047
-0.094
0.169
-0.094
0.437
0.038
1.057
-3.196
0.943
0.201
-3.372
-0.029
-1.086
0.164
-0.488
0.859
1.437
0.885
0.089
-0.190
-0.027
-0.445
0.281
-0.275
-2.144
-0.330
-0.116
-0.244
-0.009
0.065
0.164
-0.099
-0.056
-0.123
-0.087
-0.237
0.012
-0.094
-0.974
-0.363
0.023
-0.251
-0.641
-0.240
-1.625
-0.257
-0.675
-0.149
-0.048
-0.682
-0.633
0.245
-0.392
-0.094
0.347
-0.094
-0.094
0.015
-3.130
-2.303
-0.724
-2.295
-3.067
-0.180
-0.066
-1.981
-2.559
-0.926
-0.094
-0.094
-0.070
-0.094
-0.318
-0.502
-0.094
-1.370
-0.094
-2.118
-0.094
-0.549
-0.183
-0.356
-0.094
-3.384
-0.094
-0.044
0.033
-0.003
-0.175
-0.032
0.275
0.590
-0.145
-0.164
-0.087
-0.052
-0.596
-0.776
-1.858
0.632
0.328
0.499
-0.057
-0.224
-1.143
-0.393
-0.530
0.334
-2.259
-0.425
-0.343
-0.094
-0.155
-1.226
-0.965
0.161
-1.361
-2.099
-0.145
0.138
-0.109
-0.335
-0.053
-0.094
0.491
-0.111
-0.933
-0.084
-0.705
-0.540
-0.584
-0.094
-0.106
-0.111
-0.881
-0.094
0.089
0.954
1.194
-0.094
-0.094
-0.051
-0.678
0.467
-0.965
-0.845
-0.184
0.009
1.668
0.441
0.063
0.436
0.571
0.258
0.455
0.428
0.435
0.774
0.420
-0.140
0.439
0.813
0.044
-0.262
-0.490
-1.318
0.520
1.147
-0.363
1.060
0.219
-2.207
0.326
-0.013
0.042
-0.094
-0.184
-0.116
-0.356
-0.148
0.540
-0.281
-1.388
0.038
-2.843
-0.125
-0.991
0.404
-0.459
-1.229
-0.020
0.592
-0.063
0.037
0.027
-2.297
-0.679
-1.065
0.103
-2.636
-0.494
-0.374
-0.468
-0.292
-0.224
-0.097
-0.176
-0.301
-1.967
-1.081
-2.283
-0.089
-0.094
-0.094
-0.228
-0.295
-0.094
-0.096
-0.094
-0.094
-0.413
-0.090
-0.141
-0.119
-0.210
-0.229
-0.059
-0.352
-0.296
-1.972
-1.194
-0.217
0.162
0.143
-0.049
-0.321
-0.649
-0.134
-0.341
0.021
0.004
0.039
0.559
-0.995
-0.336
-1.400
-1.020
-0.764
-1.867
-2.885
-0.836
-0.315
0.061
-0.461
-0.213
-0.263
-0.113
-0.094
0.537
-0.159
-0.566
-0.258
-0.165
-0.089
-0.115
0.189
-0.162
0.313
0.173
-0.711
-0.371
-0.202
-0.114
-0.303
0.041
-0.009
-1.051
-0.032
-2.898
-0.257
-0.134
0.126
0.678
-0.858
-0.094
-2.472
-0.117
-0.463
0.190
-0.094
-0.094
0.019
-0.094
-0.041
0.204
-0.094
0.144
-2.144
0.030
-0.023
-0.028
-0.168
0.293
-0.063
-0.050
-0.042
0.035
-0.088
0.248
-0.628
-0.361
-0.062
-2.541
-0.317
-0.938
-0.878
-0.516
-0.342
-0.976
-0.094
-0.955
-1.054
-0.438
-1.582
-0.903
0.208
-2.098
-0.786
0.616
-0.145
-0.031
-0.035
0.853
0.490
-0.181
-1.470
0.224
-0.434
-1.307
-0.094
0.991
-0.358
0.582
0.026
-0.094
-0.818
0.865
-0.187
0.091
0.397
-0.449
-0.427
0.012
-0.032
0.813
0.208
-1.300
-0.132
-0.525
-0.473
-0.113
-0.079
-0.094
0.014
1.464
-2.192
0.259
-0.806
-0.094
