0.086
0.175
0.122
0.100
0.038
0.052
-0.009
0.024
0.038
-0.176
-0.127
-0.143
-0.336
-0.017
-0.270
0.928
1.267
1.308
-2.430
-0.199
0.038
0.229
-0.484
-0.007
-0.122
0.473
0.038
0.077
-0.021
0.141
-0.656
-0.443
-0.158
0.087
-0.214
-3.967
-1.828
-0.912
-0.272
-2.278
-1.387
-3.237
0.057
0.123
0.038
-0.125
-0.127
-0.042
-2.321
-2.365
-1.998
-1.711
-0.713
-2.800
-1.471
-0.502
-2.948
-0.764
-0.702
-3.911
-0.541
-0.678
-2.410
-3.690
-0.661
-3.055
-1.698
-1.229
0.191
-0.395
-2.515
0.209
-0.740
-0.662
-0.613
-1.750
-0.456
0.095
-1.476
0.073
2.082
-0.250
0.383
-0.390
0.198
0.925
-0.166
-0.509
0.088
0.220
0.226
-0.070
-0.007
-0.543
0.038
0.120
0.050
0.167
-0.730
-0.619
-0.045
0.019
-0.425
-0.793
0.087
0.038
-0.010
0.068
-0.210
0.572
0.038
-0.042
0.543
-0.010
0.113
0.183
0.006
0.078
-0.134
0.252
0.019
-0.003
0.047
0.470
0.253
0.814
0.038
0.675
0.753
-0.002
-0.014
0.678
0.067
-0.193
0.868
0.130
0.108
-0.923
0.824
-0.159
-0.301
1.089
0.433
0.038
-0.597
-1.657
-0.100
-0.035
-0.451
-2.575
0.432
0.135
-0.971
-2.259
-0.180
-3.431
-2.714
-3.777
-2.438
0.913
-0.359
-1.790
-1.476
-0.187
0.092
-0.004
-1.313
-0.286
-0.267
-1.261
-0.405
0.050
-0.109
0.216
-0.952
-1.877
-1.971
-0.444
-0.440
-0.765
0.002
-3.789
0.038
-0.412
-0.685
-0.179
-0.392
0.491
-0.082
0.569
-0.002
0.025
0.393
-2.562
-0.491
0.955
-0.600
-0.428
-0.578
0.014
-0.318
0.038
0.499
-0.176
0.038
0.038
-4.186
-1.688
-1.782
0.038
0.268
0.156
1.254
-0.510
-0.123
0.128
0.123
0.183
-0.541
-2.179
-2.269
-2.698
-0.165
-0.619
-1.081
-0.850
-1.057
-1.098
-1.821
-2.031
0.237
-2.436
-2.948
-2.869
-3.094
0.836
0.641
-1.819
-0.016
-0.547
-0.247
0.038
0.240
-0.003
-3.536
-0.742
0.061
-0.202
-0.410
-1.399
-0.076
-0.599
-0.266
-0.190
-0.310
-0.162
-0.859
0.265
-1.160
-0.720
-1.460
-2.281
-0.653
-1.065
1.343
0.050
0.470
-0.582
0.593
-1.323
-0.008
-0.457
0.052
-1.569
-2.138
-0.009
-0.033
-0.065
-0.037
-0.127
0.543
-0.060
-2.307
-0.871
-0.403
-0.582
-0.012
0.016
-0.194
0.048
-1.049
0.265
0.038
0.038
0.238
0.254
-0.859
-0.023
-0.010
0.036
0.207
-2.765
0.239
-5.260
-0.395
-0.588
0.099
1.121
0.153
-0.068
-0.548
1.904
0.301
0.159
0.252
-1.283
-0.583
-0.204
-0.147
-0.031
0.038
0.015
-0.245
0.021
-0.037
-0.067
-0.830
-0.097
-0.110
-1.307
-1.178
-0.072
-0.050
0.034
-0.118
-1.433
-0.678
-0.042
0.038
0.072
0.039
-0.050
0.738
-0.012
-0.310
-0.023
-0.653
0.397
-0.026
-3.886
-3.244
-1.573
-2.221
-1.691
-0.560
-0.155
-0.040
-2.409
-1.862
0.038
0.041
-0.517
-0.072
0.038
0.098
1.621
-1.651
0.183
-1.904
0.134
-2.171
-1.169
-1.317
-0.810
-1.477
0.753
0.388
0.681
-0.012
-0.064
-0.034
0.038
0.924
-0.224
-0.009
-0.187
-0.012
-0.213
-0.741
-0.164
0.194
-2.490
0.063
-0.001
0.013
-0.447
-0.001
-1.583
-0.195
-0.852
-1.104
-1.001
-0.868
-0.553
-0.725
-0.565
-0.503
-1.398
-3.092
-0.405
-0.629
-0.136
0.135
-0.559
-0.005
-0.098
-0.387
-0.268
-0.008
-0.666
-1.327
-1.465
0.038
0.061
-0.648
-0.058
-0.065
0.051
0.055
0.102
-0.386
-0.102
0.775
0.038
0.038
-1.478
-1.432
0.023
0.136
0.916
0.809
-0.526
-0.182
0.730
-0.465
0.837
1.514
3.592
2.403
0.661
0.041
1.297
0.258
0.211
-0.128
0.184
-1.368
-0.089
-0.001
-1.006
0.479
-0.054
-0.456
0.739
-1.629
0.038
0.102
-0.141
0.592
0.038
-1.060
-0.052
-0.191
-2.465
-0.142
-1.388
-0.461
-0.351
0.151
-1.084
-0.508
0.028
0.102
0.038
-0.026
-0.735
-1.796
-0.403
-2.615
-1.369
-2.119
-1.360
-0.162
-1.121
0.104
0.021
-0.147
-0.032
-1.958
-2.638
-0.165
-1.971
-0.163
-0.499
-0.089
0.095
0.010
-0.121
0.284
0.080
-0.615
-0.418
0.114
0.038
-0.352
-0.165
-0.441
-0.020
0.067
-0.013
-0.165
-0.309
0.038
0.038
0.630
0.052
0.038
-0.260
0.038
1.775
0.072
-0.030
-0.141
0.383
-1.488
-0.903
-0.569
-1.817
-0.918
-0.038
-4.128
-0.982
-1.184
-0.380
-1.076
-0.147
0.038
-0.443
-0.403
0.327
0.038
0.038
0.000
-0.154
0.208
-0.078
-1.785
-0.180
0.122
0.121
-0.454
-0.114
0.004
-0.849
-0.574
0.083
0.152
-1.136
0.364
-3.071
-2.556
0.012
-0.472
-0.273
-0.125
0.097
-0.623
-0.084
-0.040
0.038
-0.352
0.094
0.011
0.009
0.025
-0.023
0.063
-0.111
-1.030
-0.124
0.636
-0.042
0.113
-0.226
-0.137
-0.170
0.045
-0.576
-0.552
-0.192
-0.203
0.038
0.038
-1.753
-0.209
-1.588
-0.579
-0.157
-0.182
-1.417
-0.440
-2.511
-1.709
-0.292
-1.798
-0.966
0.561
-0.268
-0.478
0.952
-0.417
-0.454
0.195
0.107
0.180
0.052
-1.994
0.230
-0.085
-1.867
-1.072
0.038
0.052
0.440
-0.015
1.495
-0.031
0.602
0.098
0.099
1.169
-0.872
-1.244
0.203
0.365
-0.076
0.184
-0.582
0.023
-0.708
-1.845
-0.513
-0.082
0.110
-0.463
1.374
-2.069
-0.128
-0.229
0.084
