1.147
0.097
0.029
-0.022
0.120
0.473
0.047
0.273
0.762
0.232
0.981
0.233
-0.207
-0.308
-1.075
-0.492
-0.724
-0.167
0.029
0.029
0.871
-1.248
-0.448
0.124
0.092
-0.005
0.060
0.029
0.056
-0.039
0.087
0.029
-0.438
0.025
0.029
1.155
2.427
3.992
0.946
2.876
1.844
4.333
-0.010
0.029
0.029
-0.164
0.161
0.029
2.197
0.537
2.359
1.217
2.448
1.450
3.264
3.212
1.676
0.029
0.382
2.530
1.697
0.581
0.906
1.547
0.733
2.830
1.731
1.491
-0.583
-0.149
1.475
-0.276
-0.299
0.120
0.137
0.404
0.123
-2.576
3.871
0.087
0.029
0.515
1.948
0.264
0.014
-0.004
1.066
2.884
0.008
-1.099
-0.431
0.147
0.294
0.349
0.029
-0.201
0.364
0.029
0.739
0.317
-0.236
0.158
0.061
0.997
1.057
-0.684
0.151
-2.413
-0.006
-1.272
-0.182
0.269
-0.606
-0.301
-0.264
-0.222
0.287
-0.729
-0.089
-0.364
0.024
-0.614
-0.431
-0.972
-0.020
1.716
0.029
-0.332
0.047
0.511
0.128
-0.256
0.470
0.672
-0.729
0.761
-0.977
0.161
-0.995
0.119
0.390
-2.246
-1.826
0.114
0.093
0.029
0.048
0.183
0.674
2.328
1.947
1.010
1.570
2.074
2.417
3.298
1.773
2.350
0.236
-0.178
0.029
1.953
0.029
0.029
-0.187
-0.056
0.470
0.053
0.443
0.029
0.817
-0.659
0.029
-0.030
1.023
0.762
2.116
0.938
0.536
0.952
-0.175
2.409
-0.177
1.102
0.461
0.047
0.257
-0.950
0.069
0.474
-0.924
0.764
0.029
0.394
0.029
-0.267
0.387
1.008
0.073
0.064
0.132
0.262
-0.466
0.029
0.133
0.035
2.224
2.132
0.615
0.029
0.155
0.029
-1.835
0.156
0.638
-1.176
-0.108
0.026
2.758
1.908
0.858
2.114
0.092
2.557
2.010
1.079
2.022
-0.274
0.845
0.781
0.858
2.397
2.344
1.078
4.189
0.041
-2.282
0.187
0.115
0.439
0.068
1.279
-1.228
-0.394
2.821
-0.117
1.604
0.896
2.146
1.683
-0.049
0.037
0.779
-0.139
1.896
0.680
0.616
0.065
0.785
1.491
1.428
1.248
1.155
1.335
-3.657
0.029
-0.545
0.427
-0.416
0.325
-0.041
0.890
-0.130
-0.263
0.338
0.029
0.060
0.029
0.542
-0.321
-0.178
1.540
0.307
0.555
1.728
0.029
0.316
-0.014
0.029
0.040
1.928
-0.225
-0.098
0.029
0.029
-1.162
0.029
-0.558
2.079
-1.583
-0.182
0.266
0.029
0.097
-0.746
0.481
-0.938
-2.757
-0.658
0.031
0.389
-1.138
0.741
0.006
-0.356
2.728
0.852
-0.050
0.210
-0.964
-0.048
0.007
0.029
-0.042
0.973
0.029
0.388
0.029
0.035
0.221
1.066
0.042
0.045
1.999
0.156
0.751
0.068
1.034
0.074
-0.233
0.135
0.340
-1.122
0.029
0.017
-0.113
0.086
-0.140
0.008
2.422
0.985
0.992
2.033
0.437
0.757
1.601
0.786
2.532
0.693
1.116
2.052
0.029
0.091
1.201
0.029
1.146
0.990
0.029
0.817
-1.237
0.969
0.621
0.029
0.120
0.398
0.479
0.802
0.339
0.695
-0.573
0.023
-0.625
-1.100
0.886
0.473
0.620
-0.497
0.752
0.828
-0.276
-0.626
-0.353
-0.089
0.872
-0.101
2.511
0.138
1.352
-0.608
-0.914
1.627
1.264
1.158
0.924
0.350
1.676
0.049
0.622
2.599
-0.828
0.029
-0.004
0.433
0.901
0.259
-0.077
0.685
1.801
-0.024
1.419
0.062
0.723
-0.082
-0.045
0.439
1.180
0.230
0.446
-0.205
-0.545
0.160
-0.033
-0.664
0.206
-0.276
1.658
1.485
-0.151
-0.587
-2.074
-0.531
0.302
-0.385
-0.723
-0.254
-1.083
-0.841
-1.332
-3.177
-1.645
0.709
-1.530
-1.330
-0.706
0.146
-0.097
2.060
-0.867
-0.290
0.991
-0.490
0.029
-0.018
-1.430
0.021
0.100
0.032
0.262
0.092
0.115
0.110
0.029
0.476
2.116
0.676
4.377
0.765
0.029
-0.092
1.468
0.660
0.029
0.029
0.057
-0.032
0.031
2.185
1.040
1.619
0.384
2.575
0.641
0.539
2.316
0.029
0.193
0.422
0.050
0.116
1.393
0.664
0.958
0.525
0.031
0.264
0.055
0.029
-0.021
-0.984
-0.067
0.142
0.089
0.097
0.659
-0.085
0.029
0.269
0.261
0.078
0.029
1.594
0.663
-0.096
-0.128
-0.658
0.110
0.029
0.163
0.058
0.029
-0.017
0.105
0.039
0.036
2.415
0.562
0.221
0.194
0.975
0.552
2.916
0.044
0.387
0.007
-0.167
-0.021
0.109
-0.095
0.227
0.432
0.805
1.192
1.828
0.107
0.137
0.688
0.439
0.035
-0.029
0.116
0.386
0.493
0.053
0.240
0.088
0.073
-0.911
0.163
0.042
3.039
0.586
0.831
0.028
0.179
0.082
-0.121
0.363
-0.274
0.327
-0.085
0.029
0.029
-0.324
-0.040
-0.107
-0.445
-0.537
-0.766
0.839
0.276
1.278
0.029
0.243
0.167
0.029
0.093
-1.083
0.255
0.029
0.067
0.416
0.155
0.029
1.572
0.687
0.372
0.189
0.151
0.243
1.969
0.383
1.324
0.451
0.696
1.407
1.995
0.060
-0.506
0.102
-0.337
0.958
0.455
-1.673
0.029
0.029
-0.014
0.061
-0.280
-0.393
0.315
0.010
-0.047
0.029
-0.008
-1.233
-0.523
-0.269
-0.708
1.272
-0.037
-0.403
0.711
0.346
-0.008
0.109
-0.026
-0.698
0.029
0.208
0.528
1.355
0.158
0.161
-0.501
-0.264
-1.360
0.848
-0.805
1.341
0.029
