0.302
0.058
0.041
0.030
0.067
0.024
0.280
0.078
0.067
0.026
0.074
0.239
0.551
-0.041
0.764
0.020
-0.019
-0.033
0.283
0.279
-0.028
-2.818
-0.917
0.063
0.112
0.051
0.177
0.117
0.158
0.377
0.024
0.069
-0.092
-0.246
-0.140
1.341
1.008
1.442
1.436
0.937
1.171
1.509
0.015
-0.962
-0.463
0.073
0.143
-0.201
0.626
1.068
0.752
0.865
0.655
1.509
0.924
0.475
0.527
0.169
0.526
1.404
0.146
0.145
1.158
1.467
1.054
1.458
1.469
0.269
0.180
-0.063
1.365
-0.113
0.167
1.096
0.620
0.884
1.055
-1.823
1.339
-0.128
-0.350
0.340
-0.456
0.856
-1.016
-0.087
1.398
1.125
0.732
0.836
-0.555
1.182
0.058
0.595
0.250
-0.393
0.668
0.067
0.559
0.260
0.657
0.334
-0.016
0.040
0.329
-0.416
-0.014
0.002
-0.002
-0.291
-0.014
0.016
-0.218
0.012
-0.002
-0.259
0.022
-0.191
0.005
-0.092
-0.006
0.012
-0.056
-0.678
-0.175
-1.164
0.073
-0.105
-0.043
1.120
0.018
-0.371
0.686
1.328
-0.402
0.289
-0.283
1.118
-0.348
0.143
1.000
-0.628
-0.661
-0.034
0.067
0.018
-0.078
0.024
0.166
1.282
-0.304
0.631
0.245
0.484
0.877
1.554
1.488
1.681
1.221
-1.681
-0.733
1.105
0.142
0.584
-0.444
0.095
0.338
0.063
0.852
0.175
0.060
-0.636
-0.004
-0.001
0.823
0.481
1.551
0.180
0.741
1.250
-0.185
1.377
0.047
0.067
0.067
-0.168
0.463
0.264
-0.004
1.475
0.467
0.498
-0.044
1.195
1.540
-1.258
0.346
0.774
-0.014
0.205
0.036
0.054
-0.373
0.044
0.030
-0.031
1.480
0.630
0.171
0.391
0.014
-0.059
-1.541
0.203
0.085
-0.206
0.583
0.244
0.937
0.985
0.990
0.956
1.292
0.177
0.217
1.098
1.315
1.241
0.985
1.540
-1.270
1.436
1.271
0.668
1.427
0.057
-1.717
-1.126
0.490
0.686
1.354
0.795
1.103
0.089
1.378
-0.012
0.121
-0.001
0.307
0.767
0.342
1.544
1.174
0.846
0.597
0.511
-0.297
0.684
0.137
0.885
1.194
-0.048
0.919
1.266
-1.415
-0.160
0.599
1.507
-0.248
1.486
0.040
-0.256
0.494
0.865
1.355
-0.096
0.357
0.204
-0.137
0.416
-1.037
0.017
-0.605
0.725
0.341
0.052
1.324
0.270
-0.038
-0.114
0.936
0.044
0.028
0.353
0.012
-0.196
0.999
0.730
1.403
0.039
-0.374
0.837
-1.608
0.589
1.477
0.870
-1.135
-2.545
-2.220
0.814
0.742
-1.126
0.248
-0.042
-0.140
1.123
0.388
-0.025
0.086
0.030
0.059
0.067
0.039
0.070
0.038
0.287
0.067
0.334
0.217
0.396
1.558
0.047
0.207
0.213
0.323
0.780
0.809
1.250
0.056
-0.362
0.141
0.586
-0.815
0.227
0.268
0.145
0.200
-0.019
0.067
1.482
0.612
0.307
0.255
0.874
0.133
0.137
1.015
1.515
0.811
0.360
-0.281
0.060
0.330
-0.054
0.402
-0.109
0.354
-0.123
1.476
-0.295
1.220
0.863
0.608
0.930
1.003
-0.272
0.653
0.291
0.195
-0.577
0.133
-0.097
-1.801
1.377
1.395
1.170
1.200
0.201
1.025
0.806
-0.013
0.830
-0.098
0.427
1.181
1.098
1.423
1.415
0.660
0.909
0.772
0.765
0.760
0.693
0.882
0.988
0.757
1.440
1.087
1.122
0.557
0.408
0.296
0.054
-0.015
0.432
0.060
0.205
0.071
0.411
0.022
0.240
0.032
0.039
-0.246
1.122
0.067
0.140
0.326
0.422
0.044
-0.020
0.049
0.055
-1.224
0.890
1.231
0.243
0.033
-0.791
-0.259
-0.108
-0.017
-0.117
0.032
-0.734
-0.662
-0.710
-1.464
-0.939
0.384
-2.917
-0.073
0.005
0.127
-0.081
0.319
0.006
-0.019
0.216
-0.390
0.971
0.271
-0.061
1.299
0.123
0.055
0.175
0.048
0.089
0.032
0.012
0.088
1.022
0.668
0.428
0.151
0.016
0.199
1.353
0.991
0.090
-0.095
0.326
0.099
0.630
1.708
1.321
1.003
0.993
1.264
1.261
0.550
0.223
-0.106
0.161
0.067
0.042
0.792
0.612
0.753
1.225
1.075
0.067
0.226
0.650
0.058
0.015
-0.302
-0.019
0.180
0.089
0.030
0.477
0.038
0.049
0.286
-0.104
0.287
0.130
0.293
0.240
0.106
0.440
-0.034
0.035
0.418
0.264
0.089
0.775
0.175
0.365
0.044
0.280
0.500
0.487
0.892
0.518
0.540
0.061
1.521
0.788
0.534
0.439
-0.535
0.068
0.201
0.024
0.058
-0.059
0.067
0.183
0.012
0.056
0.053
0.100
1.532
-0.212
0.026
0.080
0.547
0.115
0.203
0.320
0.781
0.149
-0.192
1.462
0.085
1.271
0.299
0.611
0.936
0.528
0.182
-0.034
0.091
0.113
0.440
0.151
0.083
-0.024
-0.302
0.018
0.048
0.050
0.040
0.023
0.444
0.294
-0.014
0.001
0.011
0.054
0.354
0.046
-0.147
0.151
0.064
0.061
0.270
0.135
0.207
0.585
0.535
1.419
0.359
-0.029
0.146
0.199
-0.042
1.185
0.887
-0.131
-0.213
1.221
0.663
1.482
0.024
-0.022
1.440
0.196
-1.389
0.792
1.109
0.024
1.093
-0.614
0.145
0.216
0.696
-0.364
-0.573
-0.074
0.149
-0.665
0.076
-0.516
1.023
-0.472
-0.840
0.127
0.444
-0.068
0.009
-0.151
-0.580
0.092
-0.066
0.053
0.241
0.814
0.230
0.057
0.018
-0.028
1.316
-0.287
-0.065
-0.083
