-0.061
0.352
0.123
0.796
0.544
0.126
-0.004
0.181
0.335
0.058
0.200
-0.020
0.330
0.093
-2.191
0.038
-0.070
0.031
-0.529
-0.602
0.197
-1.381
-1.423
-0.010
-0.091
-0.223
0.023
0.238
0.025
0.019
-0.152
-0.241
0.495
0.641
-0.027
2.956
1.409
2.612
0.309
1.008
1.967
3.940
-0.215
-0.094
-0.042
0.109
0.055
0.292
1.554
1.511
1.445
1.265
2.008
2.795
2.210
1.597
1.006
-0.079
0.500
3.000
1.053
0.833
1.428
1.827
1.253
2.234
1.384
0.604
-0.371
0.068
0.503
-0.110
-0.483
0.529
0.401
1.911
-0.095
-0.966
2.794
-0.291
-0.585
1.041
0.015
-0.024
-0.913
0.525
1.185
2.313
0.732
0.134
-0.344
0.359
-0.078
0.847
0.633
0.177
-0.078
0.101
0.994
0.426
-0.266
-0.086
0.537
0.267
0.269
-0.254
0.061
0.044
0.033
0.035
0.067
0.300
0.033
0.033
0.053
0.038
0.043
-0.107
0.034
0.031
0.043
0.043
0.033
0.033
0.047
1.095
-0.299
-0.358
-0.564
0.566
0.046
-0.233
0.159
-1.367
-0.502
1.039
-0.639
-0.020
-1.533
0.019
0.062
-1.880
-1.467
-0.189
0.074
-0.938
0.014
0.257
0.500
1.468
0.442
-0.239
0.731
1.199
1.439
2.190
2.328
2.079
1.345
-0.603
0.651
1.664
1.051
-0.049
-1.131
-0.009
0.900
0.482
0.391
0.566
0.549
-0.222
-1.244
-0.174
1.316
1.371
1.431
0.482
1.215
0.576
0.043
1.733
0.030
0.527
0.276
-0.090
-0.074
-0.518
-0.240
-0.888
0.001
0.230
-1.144
1.999
0.465
-1.099
0.667
0.376
0.282
-0.187
0.487
0.183
-0.426
0.210
0.244
-0.050
1.841
1.486
0.487
-0.402
0.316
-0.045
-0.782
0.387
0.240
-0.396
1.020
-0.072
1.746
1.515
1.097
2.297
0.069
1.231
1.471
0.299
0.898
0.624
1.381
0.795
0.047
1.874
1.982
1.088
1.993
-0.415
-0.256
0.423
0.194
0.404
0.202
0.565
0.308
-0.291
2.575
0.002
0.422
0.461
-0.004
1.075
-0.838
1.752
0.304
-0.090
0.691
0.031
1.590
-0.337
0.321
1.184
0.600
0.478
0.418
-0.062
-0.945
-0.763
-0.283
-0.152
-0.049
0.297
-0.237
0.412
0.045
-0.545
0.416
-0.054
0.645
0.001
0.846
-0.079
0.302
0.395
0.703
0.812
0.647
-0.037
-0.807
-0.468
-0.203
0.588
1.331
-0.015
0.023
-0.277
0.021
-0.240
0.024
-0.013
1.827
-0.338
0.420
0.958
0.896
0.900
0.009
0.013
-0.599
-0.841
-0.568
0.712
-0.312
-1.106
0.419
-0.434
0.582
2.284
0.698
-0.338
-0.199
-0.280
0.050
-0.085
-0.137
0.224
0.258
0.120
0.316
0.184
-0.011
0.998
0.857
-0.061
0.223
0.506
0.279
1.075
0.338
0.250
0.021
-0.295
0.675
0.368
-1.005
0.148
-0.443
0.016
-0.131
-0.226
-0.329
2.659
1.284
0.788
1.152
1.081
0.675
0.115
1.263
1.525
0.694
-0.185
-0.667
0.190
0.841
0.393
2.179
-0.022
0.096
-0.171
1.639
-0.055
0.796
0.685
1.229
0.632
0.846
-0.072
-0.099
-0.447
0.026
0.155
-0.016
-0.413
-1.013
0.260
-0.310
-0.141
-0.810
-0.807
-0.133
-0.198
-0.501
-0.350
-0.481
-0.603
-0.158
0.500
-0.030
0.668
0.385
2.046
0.249
0.064
0.185
0.128
0.228
0.588
-0.111
1.198
0.905
-0.148
0.435
-0.086
0.321
-0.225
0.286
-0.188
0.298
0.731
0.041
1.242
0.324
0.378
0.343
-0.044
0.023
-0.040
0.098
-0.038
-0.462
-0.420
0.062
-0.228
-0.286
0.341
-0.206
1.638
0.318
-0.059
-0.200
-0.579
-1.160
0.055
-0.092
-1.358
0.079
-0.839
-1.130
-0.471
-1.227
-1.187
-0.691
-0.612
-0.741
-0.239
0.542
-0.439
1.326
-0.586
-0.258
0.722
-0.608
-0.267
1.194
-1.577
1.031
0.221
-0.037
-1.296
0.058
-0.027
0.642
-0.304
-0.043
0.878
-0.215
1.538
0.556
-0.053
0.588
1.098
2.028
0.036
-0.198
0.241
-0.019
0.086
0.929
0.031
1.122
0.538
2.433
0.991
0.586
0.413
0.539
0.835
0.315
0.208
0.890
2.029
0.930
1.899
0.289
0.051
-0.194
-0.062
-0.157
-0.009
-0.358
0.775
0.398
0.130
0.043
-0.261
0.197
0.059
0.316
-0.063
0.423
0.393
1.155
1.030
0.338
0.148
-0.835
0.189
-0.132
2.781
0.291
-0.352
0.021
0.223
0.010
0.193
0.964
0.192
1.240
0.398
0.572
0.723
1.719
0.720
0.920
0.011
0.990
0.197
0.965
-0.084
0.048
-0.291
0.142
0.636
0.600
0.387
0.177
0.004
-0.524
0.298
0.107
0.027
0.582
0.349
0.015
0.494
0.378
-0.466
-0.369
0.895
-0.076
2.443
0.295
0.988
0.471
1.200
1.252
0.001
0.414
-0.033
0.139
-0.106
0.221
-0.056
-0.267
-0.001
-0.000
-0.027
0.005
0.141
2.063
1.079
0.082
-0.114
0.063
0.004
-1.650
-0.074
-0.530
0.371
0.004
0.215
0.548
0.626
0.281
1.323
1.074
0.438
0.863
1.047
-0.574
0.937
0.568
1.022
0.137
0.877
3.109
0.797
0.218
0.507
0.410
0.006
-0.343
0.415
-0.272
-1.269
0.419
-0.235
0.810
-0.039
0.537
0.435
0.555
-0.730
0.467
-0.751
-0.301
-0.583
1.113
0.213
-0.114
0.127
-0.251
0.228
0.107
0.007
-0.687
0.018
-0.985
0.554
0.362
0.459
0.777
0.428
0.142
-0.361
-0.317
-0.323
0.644
-0.113
0.621
-1.229
