-0.268
-0.027
0.166
-0.125
0.276
-0.146
-0.068
-0.264
-0.748
-0.480
-0.420
-0.584
-0.128
-0.375
0.230
0.156
0.186
0.159
0.219
0.431
-0.755
2.742
-0.387
-0.181
0.222
0.108
-0.126
-0.423
-0.376
0.086
-0.247
0.271
0.260
-0.002
0.094
-3.925
-2.199
-2.803
-0.577
-1.748
-2.914
-3.777
0.067
0.294
-0.380
0.234
-0.143
-0.118
-2.512
-2.148
-2.643
-1.450
-2.960
-3.588
-2.373
-1.699
-1.872
-0.156
-0.841
-5.215
-0.676
-1.610
-2.024
-2.793
-2.193
-2.489
-1.691
-1.055
0.225
-0.146
-1.130
0.186
0.433
-0.817
-0.062
-1.768
-0.266
0.062
-2.249
0.229
0.300
-1.566
-0.092
-0.402
0.184
-0.047
-0.787
-2.865
-0.696
-0.401
0.195
-0.590
-0.113
-1.024
-0.339
0.044
0.164
0.226
-1.561
-0.124
-0.026
0.084
-0.447
-1.581
-0.115
0.017
0.248
0.203
0.212
0.279
0.189
-0.217
0.336
0.233
0.355
0.257
0.243
0.398
0.213
0.216
0.029
0.248
0.225
0.259
0.300
-0.733
0.009
0.263
0.136
-0.179
0.186
0.192
-0.459
-0.138
0.859
-0.466
-0.220
-0.840
1.708
-1.920
-0.880
1.284
1.213
0.171
-0.538
-0.351
-0.690
-0.432
-0.601
-4.293
-2.033
0.164
-1.079
-2.521
-1.191
-3.614
-3.226
-0.213
-0.711
0.052
-0.124
-2.709
-1.748
-0.621
0.615
0.214
-1.563
-1.240
-0.511
-1.013
-0.773
0.025
-0.124
0.108
-0.725
-2.162
-1.355
-0.550
-0.896
-1.658
0.177
-2.374
0.209
-0.515
-0.564
-0.859
-0.268
0.639
0.504
-0.233
0.194
-0.092
0.613
-4.198
-0.380
0.971
-0.502
-1.103
-0.243
-0.192
-1.357
-0.269
0.199
-0.181
0.193
-0.195
-3.079
-2.431
-0.856
-0.777
-0.150
-0.129
1.999
-0.130
-0.990
1.113
-0.172
0.206
-2.846
-2.212
-1.380
-3.009
-0.238
-2.001
-2.007
-1.258
-0.291
-0.188
-1.363
-2.466
-1.241
-2.714
-1.727
-1.080
-3.806
0.323
1.195
-2.272
-0.168
-1.208
-0.596
-0.802
-0.217
0.374
-3.980
0.175
-0.774
0.430
-0.905
-1.744
0.115
-1.561
-0.287
-0.320
-1.514
-0.476
-1.971
0.164
-0.385
-1.526
-1.214
-0.485
-1.064
-0.455
0.765
-0.332
0.760
0.410
0.308
-1.065
0.181
-0.492
0.125
0.394
-0.624
-0.151
-0.173
-0.146
-0.287
-0.007
-0.379
-0.646
-1.225
-1.312
-1.568
-0.363
-0.145
0.167
0.356
-0.534
-2.208
0.230
-0.116
0.158
0.173
0.165
0.165
0.896
-3.320
0.298
0.137
0.239
-0.176
-0.303
0.183
0.032
0.499
1.737
0.768
0.254
0.126
0.485
-0.760
-0.054
-1.710
-2.358
0.196
0.399
0.319
0.291
0.121
0.220
-0.445
-0.117
-0.446
0.072
-0.664
0.167
0.161
-1.505
-1.576
-0.043
-0.176
-0.916
-0.355
-1.746
-0.490
-0.116
0.182
-0.146
-0.950
-1.794
0.624
-0.849
-0.275
-0.180
-0.403
0.261
0.082
-3.182
-2.200
-1.275
-1.922
-1.765
-0.341
-0.157
-1.944
-2.216
-1.423
-0.124
-0.124
-0.136
-0.743
-0.830
-0.981
-0.515
-2.645
-0.180
-2.142
0.297
-0.785
-1.211
-1.722
-0.810
-1.113
0.081
-0.040
0.218
-0.161
-0.193
-0.432
0.224
0.304
-0.144
-0.721
-0.048
0.285
-0.157
-1.607
-1.866
0.543
-0.124
0.195
-0.140
-0.726
-0.389
-0.124
-1.165
-0.715
-1.446
-1.455
-1.264
-0.807
-0.973
-2.658
-1.298
-0.110
-0.866
-2.579
0.272
-0.983
0.032
-0.357
0.572
-0.488
0.437
-0.512
-0.809
-0.129
-1.571
-0.672
-1.054
-0.136
-0.469
-0.124
-0.567
-0.208
0.023
0.116
-0.104
-0.167
-0.079
-0.112
-0.125
1.102
-2.166
-0.972
-0.463
0.193
1.403
0.698
0.415
0.179
0.523
0.309
0.774
0.613
0.690
0.250
-0.124
-0.148
0.475
0.492
0.221
-0.124
0.339
-2.113
0.555
0.403
-2.518
0.675
-0.890
-0.868
0.374
-0.655
0.230
0.111
-0.213
-0.324
-0.919
-1.334
0.282
-0.184
-1.747
-0.075
-3.174
-0.384
-0.186
-0.143
-1.110
-2.276
0.202
0.357
0.143
-0.122
-0.557
-1.321
-0.287
-1.837
-0.592
-3.126
-1.157
-1.086
-0.246
-0.430
-1.393
-0.207
-0.572
-0.999
-2.211
-1.173
-2.754
0.214
0.191
0.073
-0.657
0.178
-0.097
0.685
-0.225
-0.379
-0.211
-0.393
-0.272
-0.405
-0.237
-0.484
-0.124
-0.997
-0.611
-1.729
-1.901
-1.078
0.165
0.633
0.303
-0.347
-1.615
0.046
0.273
0.163
-0.042
0.225
-0.226
-0.720
-0.124
-0.976
-1.151
-0.735
-1.147
-2.647
-1.379
-1.147
-0.089
-0.604
-0.429
-1.884
0.052
-0.273
0.631
-0.129
-0.956
-0.463
-0.664
-1.227
-0.581
0.443
-0.308
0.143
-0.203
-0.474
-0.510
-0.282
-0.766
-0.580
0.397
0.375
-0.751
0.411
-2.367
-1.311
-0.793
0.130
-1.010
-1.521
0.043
-1.225
-0.086
-0.124
0.235
-0.003
-0.002
0.753
-0.289
0.290
0.244
0.232
0.249
-2.415
-1.869
0.289
-0.206
-0.029
-0.076
-0.282
-0.436
-0.562
0.074
-0.399
0.177
0.190
-0.308
-0.154
-1.814
-0.804
-0.373
-1.601
-1.101
-0.318
-1.567
-0.294
-1.878
-1.612
-0.885
-4.203
-1.672
0.268
-1.711
-0.912
0.399
-0.183
-0.383
0.480
0.596
-0.204
-0.428
-1.181
-1.347
-1.198
-0.967
-0.430
-0.026
-0.468
0.499
0.448
-0.064
-1.113
-0.827
-0.076
0.085
0.536
-0.724
-0.124
0.168
0.347
0.170
0.886
-0.762
-0.365
-0.731
-0.815
-1.143
-0.034
0.314
0.410
0.208
-2.455
-0.046
-0.050
0.150
