0.010
0.113
0.254
0.039
-0.046
0.119
1.086
0.700
0.010
-0.008
0.335
0.007
0.263
-0.010
0.689
0.202
-0.270
0.065
-0.027
-0.061
1.810
-0.455
0.951
0.291
0.010
-0.608
0.010
-0.085
-0.021
0.151
0.110
0.326
0.010
0.588
0.081
2.350
1.153
2.436
0.376
1.542
1.521
4.572
0.022
0.054
0.071
1.192
0.145
0.010
3.528
0.511
2.206
1.701
1.707
2.707
1.948
1.258
1.338
-0.173
0.354
2.407
1.829
1.497
0.393
1.579
1.414
1.843
1.917
0.314
-0.318
0.872
0.771
-0.055
-0.895
0.137
0.825
1.529
1.064
-0.162
5.344
0.304
0.001
0.647
0.010
0.010
-0.209
0.163
1.324
1.620
0.433
0.533
-0.385
0.652
0.147
0.275
0.079
-0.249
-0.167
0.688
0.547
0.226
0.199
0.161
1.425
2.135
1.331
-0.475
0.027
-0.066
0.010
-0.169
0.025
0.010
-0.038
-0.089
-0.329
-0.031
0.083
-0.067
-0.019
-0.045
0.083
-0.092
-0.029
-0.393
-0.108
0.841
-0.043
-0.347
0.060
0.299
0.084
-1.243
0.228
-1.140
-0.559
0.082
-0.137
1.435
-0.831
-0.063
0.198
-1.465
-0.590
1.036
0.438
0.034
0.795
0.136
0.593
3.098
-0.358
-0.647
0.145
0.566
1.252
4.337
1.449
5.011
3.562
0.556
1.336
1.141
1.640
-0.050
-0.012
0.272
1.444
1.889
0.058
2.249
0.265
0.006
-0.018
0.100
0.076
1.836
1.294
1.893
0.312
1.040
0.071
1.509
-0.300
0.031
0.880
0.307
0.309
-0.509
0.325
0.030
-0.826
-0.300
0.010
2.671
1.601
-1.317
1.956
1.143
0.557
0.097
1.475
0.010
0.038
0.425
0.782
0.209
3.253
0.249
1.038
0.217
-1.656
0.010
-0.209
-0.612
0.227
0.074
0.767
0.018
3.841
3.546
2.190
1.491
0.379
1.763
0.999
0.113
1.514
1.077
1.224
0.179
2.139
2.446
1.955
0.911
3.186
-0.737
-0.976
0.195
0.177
0.417
0.543
0.419
0.604
-0.152
2.250
-0.053
0.644
0.600
1.050
0.460
0.117
-0.011
0.039
0.705
0.239
0.016
0.957
0.781
0.901
0.429
0.393
0.109
-0.020
1.783
-1.433
0.253
-0.009
0.052
-0.033
0.068
-1.516
-0.250
-0.269
0.216
1.049
1.133
-1.482
0.847
0.441
-0.033
-0.060
0.683
0.565
0.127
1.856
-0.337
0.161
-0.390
-0.100
-1.464
1.128
-0.072
0.381
0.010
-0.093
0.088
0.345
0.430
4.113
0.085
0.072
1.081
0.010
0.809
-0.217
-1.423
-0.034
-1.024
-0.309
1.056
0.010
-0.866
0.348
-0.002
0.099
0.841
0.682
0.827
-0.747
0.042
0.190
0.128
0.212
0.068
0.208
0.112
0.976
0.017
0.021
0.520
0.207
-0.107
0.037
1.003
-0.012
0.401
0.195
0.283
0.202
-0.020
0.863
3.303
-0.196
0.279
0.934
0.064
0.625
-0.112
0.066
2.833
0.893
1.068
1.306
0.910
0.240
0.170
1.565
2.233
0.357
-0.305
0.938
0.031
0.637
1.038
0.327
0.903
2.279
-0.177
2.397
-0.117
1.869
1.683
1.828
0.143
0.760
0.015
1.050
0.318
0.351
0.684
0.180
0.115
-0.112
0.273
0.425
0.010
-0.079
-0.811
0.155
0.314
0.115
0.653
1.626
-0.245
0.287
0.705
1.065
1.209
0.035
1.197
3.471
2.784
1.809
2.079
1.746
0.719
0.062
2.482
1.886
0.040
0.220
0.431
0.006
1.118
0.557
0.010
0.252
1.326
0.321
2.260
0.263
1.357
0.568
0.010
-0.007
0.592
-0.140
0.568
0.354
0.010
0.018
0.291
-0.039
0.127
-0.454
0.752
0.960
0.207
-0.105
-1.247
-1.225
-0.142
-0.284
0.026
0.067
-0.508
-0.477
-1.421
-0.715
-1.089
-0.122
-0.876
-0.509
-0.218
0.283
0.020
0.834
-1.057
-0.419
1.282
-1.162
-1.477
2.000
0.701
1.437
0.111
0.078
0.034
0.238
0.016
0.010
-0.530
0.606
1.331
0.330
2.866
1.018
1.622
0.010
1.414
0.815
0.096
-0.065
0.010
0.866
0.010
0.759
0.007
1.580
0.832
2.264
1.317
0.240
0.010
0.053
0.853
0.065
0.170
0.270
3.154
1.889
1.024
0.053
0.100
-0.331
0.063
-0.049
0.056
-0.386
0.335
0.067
0.407
0.024
0.304
-0.127
0.228
0.633
0.133
0.348
1.086
2.200
0.038
0.567
-0.261
-0.730
0.010
0.028
-0.020
0.604
0.944
0.373
0.005
0.021
0.015
1.095
0.357
1.020
0.155
0.946
1.180
3.800
0.978
1.487
-0.018
-0.019
0.027
0.662
0.545
-0.121
-0.214
0.246
1.177
0.050
0.548
0.769
-0.094
0.040
0.324
-0.758
0.150
0.077
0.084
-0.039
0.012
0.134
0.053
-0.484
0.686
0.046
2.053
1.925
1.491
0.385
-1.014
1.393
-0.095
0.881
-0.039
0.569
-0.026
-0.139
-0.577
-0.164
0.010
-0.366
-0.244
-0.207
0.010
-0.061
-0.596
-1.636
-0.123
0.234
-0.162
0.238
0.758
2.313
0.299
0.161
0.129
0.034
0.031
-0.044
1.319
0.752
-0.326
1.053
1.398
0.040
0.273
0.010
1.443
0.484
0.866
2.159
0.407
0.982
-0.341
0.788
0.056
-0.669
0.289
-1.120
0.098
0.273
-0.029
1.560
-0.262
0.131
0.883
-0.187
-0.715
0.265
-0.266
-0.562
-0.826
2.524
-1.466
0.266
0.010
-0.930
0.948
0.814
0.037
-1.763
-0.193
-0.182
0.640
0.042
0.812
0.449
-0.219
-0.283
-0.666
-0.220
-0.270
2.593
-0.413
-0.690
-0.461
