-0.188
-0.251
-0.263
-0.027
-0.009
0.081
0.080
0.014
0.302
0.095
0.062
0.303
0.075
0.070
0.356
0.008
-0.315
-0.256
-0.084
0.228
0.164
-0.999
0.160
0.187
0.044
0.023
0.013
-0.524
0.472
-0.139
0.062
-0.095
-0.153
0.006
-0.248
2.670
2.074
2.817
0.883
1.820
2.280
2.643
0.177
0.059
0.095
-0.001
0.147
0.117
3.720
1.960
2.680
1.872
2.204
2.847
2.520
1.284
1.810
0.055
0.424
3.060
0.917
1.841
1.924
1.919
2.312
1.685
1.889
0.590
0.051
0.532
0.863
-0.501
-1.260
0.386
0.861
1.869
1.094
-1.370
4.052
-0.273
-0.137
2.277
0.132
-0.127
-0.307
0.460
1.745
2.744
0.658
0.261
-0.101
0.060
0.010
0.545
0.107
-0.002
0.078
-0.071
2.144
1.476
0.165
0.062
0.212
0.499
0.062
-0.260
0.083
0.061
0.045
-0.132
-0.002
0.091
-0.171
0.007
-0.143
-0.017
0.080
-0.184
0.051
0.039
0.063
0.030
0.012
-0.077
-0.161
1.616
-0.007
-1.618
-0.644
0.244
0.069
0.015
0.390
0.247
-0.580
0.076
0.239
-0.184
-0.619
-0.002
0.041
-2.003
-1.241
0.062
0.017
0.128
0.062
0.122
0.584
2.788
0.691
-0.540
1.137
2.559
1.172
2.895
2.271
3.229
2.199
0.388
0.749
2.259
2.347
0.572
-0.015
0.072
1.618
2.206
0.245
0.063
1.031
-0.364
-0.077
-0.001
0.144
2.000
1.350
0.246
0.615
0.725
-0.028
2.050
0.044
0.224
0.635
0.113
0.108
-0.681
-0.370
-0.074
-0.003
0.010
-0.125
2.452
2.094
-0.403
0.264
0.201
0.254
0.050
0.079
0.173
-0.759
0.117
0.076
0.072
2.733
1.888
0.339
0.070
0.578
-0.355
-1.271
0.497
0.442
-0.391
-0.704
-0.245
2.073
2.156
2.360
2.544
0.948
1.434
1.651
0.367
1.385
1.732
1.227
1.032
0.297
1.690
1.564
1.136
4.107
-0.344
-1.579
1.407
0.416
2.198
0.471
0.261
0.378
-0.303
3.736
0.098
1.073
-0.032
1.537
2.144
-0.427
1.057
0.455
-0.346
0.555
0.392
1.338
-0.081
-0.228
0.844
0.817
0.009
0.452
0.844
-0.746
0.670
-0.234
0.466
-0.574
1.076
-0.024
0.088
0.058
-0.018
1.589
0.556
0.155
0.060
0.160
-0.078
-0.125
0.166
1.190
2.352
1.516
-0.068
-0.100
-0.171
0.038
-0.001
1.270
0.003
0.139
-0.110
-0.044
-0.266
0.039
-0.437
2.613
-0.454
0.101
1.621
0.765
0.693
0.148
1.023
-0.740
-1.555
-0.927
0.047
-0.130
-0.876
0.979
0.476
0.440
2.035
0.759
-0.215
-0.066
-0.594
0.121
-0.157
0.194
0.166
0.383
0.124
0.443
0.046
0.014
1.873
0.433
0.360
-0.038
0.651
0.167
1.363
0.448
0.468
0.077
-0.224
0.959
1.544
-0.148
0.239
0.238
0.063
0.316
-0.087
-0.180
2.474
1.234
0.964
1.517
2.564
0.335
0.205
1.907
2.449
1.101
-0.015
0.163
0.066
0.572
0.552
0.922
1.167
2.340
0.101
3.360
-0.226
1.206
0.478
1.752
0.862
2.262
0.431
0.186
0.376
0.575
-0.500
0.451
-0.290
-0.759
0.913
0.605
0.444
0.478
-0.059
0.990
0.265
-0.500
-0.395
0.096
-0.016
0.379
0.628
0.097
0.635
-0.007
1.846
0.932
0.772
0.046
0.699
0.876
0.227
0.632
1.924
3.111
0.003
0.195
-0.060
0.213
0.202
0.331
0.133
0.377
0.974
0.063
1.178
0.570
0.581
0.033
0.187
0.289
0.117
0.373
0.061
-0.293
-0.208
0.085
-0.242
0.016
0.357
0.075
1.504
0.683
0.394
0.064
-0.466
-0.778
-0.122
0.025
-0.929
-0.186
-1.256
-1.195
-0.884
-1.150
-0.376
-0.217
-1.123
-0.001
-0.027
0.225
-0.133
0.768
-0.778
-0.242
0.768
-0.647
0.360
1.453
0.396
1.932
0.003
0.148
-0.268
0.191
0.401
0.288
-0.132
0.131
2.077
0.127
1.727
0.824
0.131
0.095
-0.115
1.764
0.330
0.115
-0.053
0.255
-0.108
2.022
0.683
2.222
0.528
2.522
1.127
0.277
0.425
0.214
0.418
0.217
0.232
0.526
2.156
1.018
1.501
0.135
0.080
-0.232
0.051
0.065
0.035
-0.116
-0.246
0.714
0.542
0.066
0.002
0.022
0.106
0.351
0.062
0.371
0.115
2.091
1.907
0.528
0.034
-0.031
-0.041
0.454
0.549
-0.096
0.292
0.195
0.131
0.028
0.138
1.185
0.240
1.121
0.916
0.933
0.966
3.259
0.511
1.471
0.130
0.612
0.513
0.650
0.029
0.107
-0.339
0.159
0.341
0.081
0.473
0.208
0.277
-0.370
0.081
0.130
0.049
0.558
0.561
0.232
0.777
0.161
-0.069
-0.265
1.009
0.070
2.048
1.068
1.234
0.253
0.580
1.334
0.100
0.316
-0.112
0.142
0.006
0.169
0.105
-0.427
0.061
-0.060
-0.020
-0.053
-0.078
1.172
0.443
0.115
-0.042
0.063
0.006
0.147
0.109
-0.019
0.113
0.522
0.017
1.087
0.155
0.070
1.811
0.451
0.456
1.213
0.967
0.008
0.857
0.213
0.904
0.917
0.838
2.469
0.957
0.051
0.549
0.828
-0.081
0.155
0.196
-0.200
-0.101
0.294
0.109
1.226
-0.142
0.617
1.176
0.331
-0.609
1.409
-0.562
-0.517
-0.204
0.284
0.424
0.361
0.045
-0.690
0.780
0.301
0.054
-0.090
-0.211
-0.521
0.178
0.383
0.773
0.477
0.816
0.143
-0.306
-0.156
-0.844
1.193
-0.086
0.291
0.065
