-0.438
-0.301
0.148
-0.307
-0.383
0.143
-0.386
0.100
-0.021
0.174
0.063
1.309
-0.817
-0.004
0.009
0.348
-0.175
-0.467
-0.283
0.016
1.003
-0.743
-0.248
-0.068
-0.008
0.109
-0.338
-0.049
0.824
0.068
-0.108
-0.014
-0.116
-0.429
-0.024
3.680
2.736
3.176
1.223
2.380
3.274
4.236
-0.021
-0.696
0.019
-0.266
0.604
1.151
3.890
2.403
2.349
2.525
3.388
3.259
2.054
0.856
1.195
-0.133
0.119
3.096
2.297
2.027
1.871
2.304
0.771
1.990
2.246
1.598
0.085
-0.514
1.433
-0.397
1.224
0.585
1.623
3.793
1.583
-0.477
1.490
-0.031
-1.328
0.937
0.174
0.315
-0.156
0.004
1.712
0.573
1.119
-0.816
-0.998
0.081
-0.049
0.805
1.156
0.102
-0.042
-0.034
1.581
0.314
0.583
0.661
1.539
1.064
0.691
-0.107
0.132
0.094
-0.133
-0.132
0.075
0.030
-1.182
-0.035
-0.021
-0.394
0.079
-0.050
-0.021
-0.839
0.027
0.129
-0.541
-0.374
-0.287
1.383
-0.212
-0.092
0.022
-0.066
-0.021
-0.056
-0.184
0.446
-1.174
-0.077
0.119
-0.003
-1.925
-0.122
0.148
-0.947
-0.337
-0.436
0.347
0.021
1.098
-0.214
0.136
2.992
1.003
1.099
1.271
3.058
0.877
4.020
4.273
2.788
5.212
1.912
2.122
2.650
1.895
0.641
-0.155
-0.016
2.132
0.222
0.557
-0.321
0.143
-0.230
0.159
-0.344
0.248
0.721
1.628
0.840
2.313
1.342
-0.403
3.238
0.035
0.176
1.659
0.235
0.233
0.380
-0.021
-0.081
-0.021
0.385
-0.107
3.141
2.665
0.142
0.802
1.420
0.816
0.062
1.581
0.247
-0.370
-0.227
-0.160
0.079
1.766
2.553
2.329
0.086
0.196
-0.182
-1.450
0.387
-0.022
-2.181
0.438
-0.443
1.259
3.196
1.620
1.528
1.507
2.538
0.975
0.199
1.971
0.393
1.461
2.178
-1.245
3.588
1.141
1.745
3.490
0.455
0.062
0.257
-0.389
1.686
-0.431
0.402
-0.692
-0.039
0.016
-0.138
0.203
-0.010
2.781
0.373
-0.386
0.296
0.586
1.409
0.576
0.096
2.448
-0.042
0.035
1.729
1.729
0.580
1.506
0.802
-2.937
0.152
0.420
0.743
-0.704
0.736
-0.219
0.133
-0.322
0.047
3.211
-0.021
-3.495
0.227
-0.551
-0.189
-0.403
-0.036
1.112
0.331
0.150
0.231
0.547
0.466
0.085
0.136
3.070
-0.270
-0.082
-0.478
-0.705
0.051
0.865
-0.092
1.296
0.137
-0.181
0.994
-0.699
2.136
0.123
0.002
-0.730
-1.365
-1.498
-0.015
0.978
-0.493
0.584
0.008
0.184
1.419
1.049
0.249
-0.094
0.109
0.358
-0.015
0.928
0.334
0.534
0.126
-0.163
-0.186
-0.067
2.077
0.408
0.268
0.674
1.137
0.536
1.162
-0.111
1.087
0.145
1.538
-0.033
0.124
-0.188
0.792
0.414
0.244
-0.008
-0.147
-0.021
3.197
3.542
2.999
4.689
2.741
1.275
0.375
1.049
2.785
0.513
-0.077
-0.107
0.075
-0.085
-0.077
0.086
-0.093
0.906
0.098
2.925
-0.065
1.056
0.464
1.974
0.982
2.136
1.029
-0.700
-0.299
-0.023
-0.176
-0.073
-0.148
-0.642
0.147
0.362
0.051
-0.663
0.819
0.805
-0.357
-0.277
-0.264
1.016
0.095
0.479
0.821
0.704
-0.158
-0.158
3.069
0.563
-0.394
-0.320
-0.391
2.002
2.207
0.458
2.044
2.153
0.452
0.079
0.075
0.360
-0.027
0.341
-0.450
0.082
1.147
0.228
2.075
0.310
0.348
0.307
0.439
2.843
0.339
-0.036
0.464
1.445
0.267
0.228
0.137
-0.280
0.167
0.114
-0.371
0.519
-0.151
-0.043
-0.580
-1.085
0.011
-0.044
-0.804
-0.625
-0.350
-0.024
-1.123
-0.647
-0.657
-0.037
-1.718
-0.680
-0.235
1.041
0.077
0.402
-0.212
-0.589
1.405
-0.287
-1.135
-0.255
-0.599
1.056
-0.618
-0.398
0.316
0.032
0.362
0.604
0.102
0.024
1.564
-0.148
1.354
-0.079
1.770
0.323
0.357
0.795
0.326
-0.248
0.258
0.338
-0.034
3.135
-0.112
2.289
0.844
1.698
1.158
1.176
0.135
0.351
0.453
1.294
0.925
1.530
3.322
0.883
1.615
-0.468
0.324
0.329
0.180
0.413
-0.011
-0.084
-0.029
0.851
0.846
0.086
0.691
0.020
0.384
0.586
0.811
0.194
0.485
0.714
-0.081
0.273
0.164
0.037
0.150
0.378
-0.413
0.068
0.656
0.615
0.354
0.100
-1.021
0.971
0.114
0.644
0.753
0.509
0.645
3.401
2.998
0.918
-0.185
-0.139
0.318
-0.293
-0.092
0.182
0.320
0.260
0.519
1.232
0.734
0.392
0.057
0.199
0.029
-0.006
-0.027
0.025
0.996
0.000
0.682
1.517
-0.211
-0.176
1.178
0.255
1.718
0.026
1.063
0.289
0.011
0.074
0.039
1.652
-0.016
-0.470
-0.408
-0.330
-0.144
-0.184
0.781
0.470
0.170
0.620
0.451
1.279
1.306
-0.212
-0.296
2.724
0.554
-0.474
2.354
1.445
-0.008
0.416
0.121
0.757
0.867
0.178
1.349
-0.163
0.839
0.880
0.785
0.995
2.492
1.315
2.155
1.088
1.610
0.233
1.614
0.722
0.172
1.714
-0.013
0.057
-0.467
-2.149
0.035
-0.008
-0.021
0.726
0.664
0.206
2.049
1.200
-0.816
0.551
-1.116
-0.110
-0.276
-1.146
-0.830
0.027
0.085
-0.484
0.703
-0.004
-0.068
0.407
-0.085
0.261
0.548
0.634
1.163
0.483
0.604
0.026
-0.170
0.137
-1.617
2.324
-0.247
0.259
0.656
