0.162
-0.015
0.008
0.135
-0.024
-0.005
0.207
0.230
0.170
0.377
0.348
0.368
0.214
0.197
-0.373
0.034
-0.167
-0.030
0.222
-0.011
-0.073
-1.735
-1.399
0.163
-0.063
-0.192
0.099
-0.209
0.295
0.061
0.384
-0.048
0.019
0.404
-0.222
2.720
1.628
2.057
0.317
1.441
1.992
3.062
0.061
-0.332
0.076
0.040
0.018
-0.248
1.940
1.542
2.438
1.747
2.454
3.024
1.755
1.024
1.017
-0.065
0.924
3.716
1.450
1.327
1.331
1.680
1.150
2.154
1.141
0.310
-0.014
-0.001
0.666
0.009
-0.102
0.206
0.017
1.312
-0.022
-1.342
2.659
-0.025
-0.356
0.756
0.561
0.283
-0.382
0.153
0.669
2.127
0.434
-0.149
-0.072
0.441
0.124
0.526
0.250
0.011
0.126
-0.060
1.347
1.199
0.244
0.070
0.314
0.642
0.117
-0.268
0.016
0.014
0.008
0.011
0.040
0.095
0.016
0.009
0.006
-0.014
0.017
-0.204
0.009
-0.254
0.010
-0.124
0.016
-0.030
0.008
1.383
-0.028
-1.459
-0.262
0.170
-0.033
-0.102
0.403
0.289
-1.062
1.036
0.214
0.934
-0.887
0.259
0.478
-1.698
-1.237
-0.133
0.509
-0.122
0.007
0.709
0.549
3.253
1.054
-0.176
0.335
1.891
2.011
2.725
2.499
1.939
2.667
0.636
1.363
2.402
1.867
-0.065
-0.562
0.009
1.553
0.968
0.076
0.568
1.328
-0.417
-0.133
0.083
0.812
1.640
1.398
0.493
2.257
0.842
0.025
1.054
-0.075
0.556
0.703
0.136
-0.083
-0.484
-0.293
-0.068
-0.100
0.082
-0.131
0.847
1.847
-0.182
0.507
0.313
0.429
0.199
0.159
0.080
-0.357
0.168
0.131
-0.230
2.739
2.232
0.619
0.011
0.085
0.146
-1.668
0.461
0.151
-1.116
0.178
-0.209
2.393
2.248
1.114
2.629
0.187
2.033
1.475
0.627
0.695
0.466
1.284
1.096
1.176
1.914
1.506
1.145
4.808
-0.157
-0.650
1.083
-0.062
0.478
0.244
0.782
0.375
0.269
2.704
-0.088
0.432
-0.268
1.291
1.576
0.839
1.025
0.095
-0.010
1.053
0.464
2.393
-0.193
-0.391
0.928
0.330
0.393
1.075
0.401
-0.673
-0.672
-0.179
0.072
0.069
1.491
-0.232
1.098
-0.105
-0.127
0.889
-0.083
1.238
0.402
0.468
-0.068
0.961
0.495
0.187
1.314
0.758
-0.215
1.051
0.109
-0.066
0.349
1.053
-0.207
-0.004
-0.266
0.036
-0.776
-0.460
0.089
2.413
0.205
-0.235
1.330
0.342
1.468
0.740
0.747
-0.973
-1.510
-0.678
0.793
0.064
-0.305
0.414
-0.371
0.989
1.972
0.205
-0.409
0.063
0.049
0.119
-0.004
0.215
0.098
0.289
-0.206
0.414
0.075
-0.062
1.632
1.691
0.565
0.219
0.558
0.200
0.663
-0.045
0.283
-0.004
-0.274
0.468
1.002
-1.039
0.272
0.501
0.060
0.308
0.043
-0.015
2.496
1.152
1.163
1.832
1.040
0.966
0.189
1.261
1.634
0.823
0.290
1.030
-0.033
0.620
0.859
1.060
-0.200
2.075
-0.180
2.524
-0.136
2.077
1.028
1.067
0.728
0.925
0.100
0.305
0.246
0.502
0.351
0.406
-0.017
-0.803
0.657
0.810
0.090
0.760
-0.032
1.487
0.136
-0.417
-0.321
-0.001
0.296
0.589
0.417
0.339
1.262
0.413
1.506
1.315
-0.178
0.611
1.155
0.266
1.088
0.569
1.489
2.547
0.171
0.662
0.096
0.252
-0.164
0.087
-0.192
0.308
0.838
0.181
1.164
0.435
0.586
0.062
0.318
0.547
0.427
0.391
0.019
-0.058
-0.115
0.151
0.280
-0.118
0.367
-0.083
1.504
0.870
0.166
-0.206
-2.102
-0.231
-0.088
-0.272
-0.520
0.018
-0.658
-0.945
-0.228
-1.250
-0.406
0.107
-0.881
-0.293
-0.040
0.744
-0.342
1.476
-0.581
-0.208
1.141
-0.538
0.362
1.395
-0.746
1.057
0.189
0.174
-0.025
-0.019
0.247
0.447
-0.174
0.496
2.057
0.509
2.044
1.315
0.093
0.225
1.683
2.936
-0.146
-0.146
-0.038
0.312
0.591
1.132
0.525
1.508
0.618
2.171
1.041
0.281
0.532
0.157
1.101
0.180
0.120
0.691
1.325
0.654
1.723
0.094
-0.026
0.055
-0.048
-0.109
-0.117
-0.175
0.341
0.178
0.090
0.124
-0.290
-0.029
-0.190
0.174
0.302
0.545
0.233
2.089
1.677
0.891
0.368
-0.355
-0.189
0.131
0.696
0.082
0.251
0.113
0.044
-0.145
0.028
0.860
0.098
0.679
0.302
0.551
0.890
2.607
1.044
0.927
-0.199
0.329
-0.122
1.768
-0.117
-0.116
-0.572
0.006
0.690
0.434
0.466
0.092
0.133
-0.341
0.240
0.088
-0.107
0.149
0.225
0.141
0.393
0.364
-0.189
-0.298
0.596
-0.111
2.859
1.167
1.049
1.036
1.601
0.832
0.109
0.984
0.036
-0.056
-0.313
0.143
-0.116
-0.336
0.182
-0.112
-0.045
0.076
-0.039
2.096
1.050
-0.207
0.044
0.245
0.058
-0.094
0.029
0.004
-0.001
0.168
0.016
0.383
-0.003
-0.112
1.307
0.826
0.012
0.801
0.484
-0.122
1.144
0.409
0.771
0.622
0.686
3.727
0.502
0.142
0.400
0.633
-0.116
-0.041
-0.082
-0.542
0.096
0.845
0.568
0.388
1.014
-0.014
0.896
0.632
-0.863
0.227
-0.247
-0.623
-0.240
1.654
-0.397
0.556
-0.006
-0.740
0.798
0.589
-0.014
-0.240
-0.159
-1.000
0.712
0.079
0.209
1.001
0.486
-0.007
-0.053
-0.402
-0.864
0.418
0.071
0.198
0.093
