-0.293
-0.344
0.149
0.154
0.185
0.033
0.057
-0.297
-0.211
-0.195
-0.340
-0.458
-0.138
-0.133
0.560
0.173
0.340
0.262
-0.371
-0.086
-0.560
1.556
1.001
-0.107
0.087
0.060
-0.324
-0.148
-0.209
-0.004
0.115
0.057
0.297
0.066
0.286
-3.095
-2.286
-3.049
-0.895
-1.529
-2.835
-3.676
-0.049
0.105
0.067
-0.185
-0.683
0.295
-1.924
-1.755
-1.868
-2.107
-2.648
-3.349
-2.422
-1.873
-1.306
-0.036
-0.835
-3.547
-0.927
-0.933
-1.904
-2.662
-1.970
-3.487
-1.571
-0.308
0.058
-0.160
-0.385
0.096
0.172
-0.598
-0.482
-1.885
-0.993
0.942
-3.939
0.089
0.884
-1.319
0.181
-0.269
0.253
-0.663
-1.584
-2.199
-0.620
0.084
0.355
0.223
-0.152
-0.462
-0.545
0.158
-0.039
-0.048
-1.749
-1.406
-0.659
-0.158
-0.550
-0.980
-0.120
0.339
0.024
0.032
0.032
0.315
-0.090
0.090
0.170
0.066
0.195
0.054
0.029
0.031
0.026
0.072
0.027
0.029
0.130
0.393
0.269
-1.518
0.097
0.384
0.510
-0.240
0.079
0.119
-0.903
0.151
0.267
0.307
0.113
-0.045
0.157
-0.177
-0.096
-0.013
1.028
-0.545
-0.168
-0.113
-0.140
-1.308
-1.267
-1.815
-0.549
0.359
-0.536
-2.279
-1.191
-2.983
-2.806
-1.887
-3.012
0.159
-1.159
-2.631
-1.481
-0.003
0.123
-0.004
-1.229
-0.873
-0.468
-1.389
-1.092
0.472
0.320
0.272
-0.373
-2.121
-2.089
-0.610
-0.500
-1.374
-0.049
-1.903
0.162
-0.523
-0.354
-0.204
-0.281
0.778
0.244
0.192
-0.023
-0.403
0.415
-0.037
-0.844
0.380
-0.581
-0.176
-0.811
-0.278
-0.418
-0.287
0.017
-0.230
-0.104
-0.397
-3.410
-1.843
-1.673
0.153
-0.850
0.151
0.590
0.015
-0.319
1.377
1.700
0.146
-3.090
-2.428
-1.502
-3.097
-0.622
-1.716
-1.109
-1.029
-1.838
-1.356
-1.606
-1.385
-0.497
-2.220
-1.806
-1.028
-2.983
0.753
1.288
-0.244
0.022
-0.980
-0.753
-0.164
-0.053
0.082
-2.350
-0.013
-0.585
-0.079
-1.448
-1.625
0.371
-1.375
-0.269
-0.043
-1.261
-0.623
-1.707
0.306
0.658
-1.312
-1.509
0.298
-0.872
-0.976
0.834
-0.854
0.407
-0.183
0.120
-1.073
0.117
-0.713
0.045
0.530
-1.324
0.153
-0.758
0.035
-0.750
0.165
0.154
-0.654
-0.715
-0.910
-0.932
0.098
-0.551
0.094
0.165
-0.444
-2.104
0.190
-0.039
0.153
0.004
0.228
-1.368
0.393
-3.106
0.153
0.256
-2.957
0.013
-1.276
-0.437
-0.534
1.251
1.711
1.715
0.091
-0.304
0.271
-0.743
0.331
-0.500
-2.072
-0.447
-0.270
0.029
-0.018
-0.034
0.025
-0.641
-0.138
-0.913
0.004
-0.605
0.045
-0.034
-1.957
-1.094
-0.230
0.122
-0.704
-0.272
-1.335
-0.245
-0.354
0.004
-0.067
-0.889
-1.669
0.722
-0.775
-1.340
-0.258
-0.569
0.125
0.142
-2.817
-1.383
-1.625
-1.933
-1.459
-0.015
-0.314
-1.456
-2.285
-1.339
-0.369
-0.630
-0.167
-0.487
-0.633
-1.244
-0.713
-3.451
0.056
-2.911
0.349
-2.394
-0.533
-1.618
-0.802
-1.324
-0.405
-0.110
0.213
-0.335
-0.817
-0.592
0.301
0.049
-1.041
-0.782
-0.030
-0.135
0.115
-2.106
-2.487
0.266
0.074
0.275
-0.012
-0.134
-0.586
-0.149
-1.655
-0.475
-1.937
-2.445
0.044
-0.927
-1.489
-1.125
0.135
-0.914
-2.818
-3.100
-0.092
-0.576
-0.253
-0.550
-0.003
-0.255
-0.014
-0.446
-0.828
-0.048
-1.326
-0.476
-1.234
-0.213
-1.042
-0.126
-0.675
0.003
0.171
0.016
0.173
-0.145
-0.010
0.455
-0.269
0.221
-1.486
-0.817
-0.189
0.123
0.716
0.585
0.245
0.265
0.504
-0.269
0.731
0.874
0.588
0.165
-0.065
-0.314
0.387
0.404
0.056
-0.742
-0.120
-1.058
0.564
0.399
-1.010
0.407
-0.013
-2.539
0.166
-0.280
0.266
-0.304
-0.379
-0.181
-0.614
-0.854
0.171
-0.530
-2.096
-0.281
-2.549
-0.751
-0.442
0.145
-0.672
-1.898
0.069
0.232
0.287
-0.038
-0.484
-1.505
-0.415
-0.981
-0.528
-2.426
-1.018
-0.269
-0.550
0.116
-1.410
-0.231
-0.319
-0.873
-2.105
-0.945
-1.998
0.026
0.007
0.030
-0.084
-0.031
-0.051
-0.042
-0.436
-0.247
0.005
-0.536
-0.017
0.104
0.011
-0.556
-1.049
-0.370
-0.402
-1.711
-1.400
-0.257
0.092
0.370
-0.209
-0.027
-0.817
0.009
-0.815
-0.036
0.102
0.130
-0.185
-0.678
-0.001
-1.190
-1.387
-1.018
-0.479
-2.589
-1.336
-1.043
0.272
-0.781
-0.253
-1.495
-0.325
-0.275
-0.317
0.054
-1.012
0.032
-0.638
0.120
-0.151
0.083
-0.049
0.072
0.025
-0.614
-0.101
-0.367
-0.836
-0.505
0.249
0.401
-1.164
0.214
-2.752
-0.966
0.159
-0.398
-1.142
-0.908
-0.045
-1.678
0.056
0.065
0.274
-0.216
0.166
0.027
-0.163
0.185
0.182
-0.033
0.144
-2.090
0.090
0.035
0.133
0.340
0.701
-0.044
-0.130
-0.158
0.119
-0.303
0.249
-0.733
-0.292
-0.221
-1.329
-0.703
-0.875
-1.414
-0.452
-0.498
-0.608
-0.406
-1.736
-1.026
-1.383
-3.819
-1.254
-0.013
-0.449
-0.556
0.202
0.088
-0.044
0.866
0.461
0.093
0.277
-1.164
0.024
-0.154
-0.894
-0.630
0.725
-0.348
0.513
0.855
0.270
-0.519
-0.251
-0.785
0.192
0.185
-0.742
-0.820
0.063
0.307
0.243
0.855
-0.579
-0.079
-1.031
-0.889
-2.036
-0.103
0.074
0.463
1.042
-1.330
0.272
-0.093
0.212
