0.077
0.162
-0.080
0.088
0.065
1.453
0.429
0.134
0.598
0.755
0.056
0.342
0.225
0.448
-0.076
0.127
-0.059
0.001
-0.291
-0.257
1.290
-1.145
-0.491
0.061
0.050
-0.115
-0.041
0.234
0.675
0.178
0.068
0.203
0.029
0.268
0.384
2.440
2.775
2.292
0.391
2.492
2.216
4.432
0.056
0.295
-0.046
-0.189
0.239
0.440
3.037
1.205
1.845
2.002
2.669
1.771
2.558
3.230
1.372
0.046
0.444
2.431
1.323
0.845
0.835
0.789
1.102
2.545
1.461
1.053
0.038
0.945
0.946
-0.384
0.197
0.167
2.188
1.291
1.370
-0.996
1.905
-0.021
0.015
1.189
0.582
0.238
-0.114
-0.238
0.782
1.873
0.382
0.013
0.017
0.317
0.152
0.118
1.013
0.038
0.152
-0.027
0.465
0.353
-0.017
-0.048
0.094
0.432
0.501
-0.171
0.045
0.041
0.045
-0.442
0.256
-0.051
-0.160
0.087
-0.013
-0.264
0.050
-0.414
0.045
-0.054
0.045
0.045
-0.200
-0.379
-0.767
-1.239
-0.304
-1.615
0.071
0.507
0.132
-0.200
0.112
0.102
-0.731
0.495
-1.098
-0.713
-1.775
0.112
0.225
-3.436
-1.228
0.164
-0.573
0.010
0.081
0.128
0.916
2.112
0.965
0.062
0.532
2.171
2.363
1.762
3.200
2.768
2.789
-0.430
1.143
2.787
2.081
0.149
-0.075
0.044
1.285
0.997
0.561
0.339
1.688
-2.230
-0.014
-0.139
0.742
2.099
1.596
1.243
0.844
0.531
-0.531
1.697
0.099
0.637
0.922
0.227
0.156
0.036
0.318
0.188
0.675
0.838
0.304
2.132
1.554
0.007
0.934
0.289
-0.549
0.308
0.126
0.124
0.064
0.076
0.085
0.332
2.330
2.081
2.003
0.293
-0.783
-0.253
-1.095
0.186
-0.657
-2.982
-1.269
-0.208
3.058
2.185
1.193
1.634
0.699
2.733
0.553
1.120
1.253
0.647
1.252
0.686
0.305
2.243
1.942
0.547
1.752
0.212
-0.989
0.619
0.447
0.182
0.262
0.760
-0.266
0.014
2.289
0.056
0.220
-0.238
1.435
0.891
-0.145
1.095
0.093
0.641
1.518
0.441
0.251
-0.016
0.197
1.153
2.083
0.457
1.643
0.757
-1.308
-0.263
0.204
0.054
-0.433
0.302
-0.411
0.362
0.044
-0.091
0.606
0.315
0.138
-0.239
0.938
-0.497
0.170
0.192
1.251
0.880
0.676
-0.118
0.280
-0.012
-0.483
0.670
1.100
-0.356
-0.056
0.049
-0.045
-0.054
1.764
0.044
2.156
-0.354
0.131
0.220
0.088
1.915
-0.051
0.404
-0.645
-1.421
-0.830
-0.101
0.469
-1.538
0.242
0.711
2.170
1.677
1.116
-0.482
0.397
-0.184
0.218
0.032
-0.107
0.131
0.344
0.163
0.925
0.041
0.072
1.116
-0.132
0.114
0.215
0.683
-0.089
1.005
0.401
0.692
0.016
-0.420
1.864
1.276
-1.443
0.423
0.293
-0.003
0.179
-0.040
-0.064
2.578
1.273
0.880
2.250
2.550
1.490
0.093
1.221
2.126
1.679
-0.200
-1.257
0.073
0.061
1.936
0.504
1.574
0.545
0.045
2.070
-0.647
1.016
1.018
1.027
0.141
1.164
0.151
-0.029
0.179
-0.019
-0.366
0.547
-0.370
-1.093
-0.025
0.013
-0.319
-0.002
0.411
1.303
0.475
-0.623
0.286
0.225
1.039
0.048
0.871
0.146
1.268
-0.315
1.232
0.944
0.360
0.270
0.710
0.729
0.490
0.270
1.522
2.540
0.039
0.152
0.102
0.117
0.343
0.131
0.083
0.218
0.377
0.278
0.540
0.882
0.622
0.202
-0.453
1.385
1.056
0.131
0.011
-0.269
-1.046
0.122
0.088
0.187
0.774
-0.951
1.471
1.024
0.274
0.002
-1.096
-1.262
-0.100
-0.320
-0.315
0.132
-0.559
-0.502
-1.108
-0.830
0.139
-0.227
-0.858
-1.125
-0.113
-0.007
-1.071
1.568
-0.469
-0.006
0.964
-1.736
-0.317
-0.032
-0.433
-0.120
0.126
-0.072
0.232
-0.015
-0.240
1.303
-0.437
0.291
2.083
0.659
3.541
1.574
1.819
-0.244
2.691
2.302
0.195
0.097
0.750
1.144
0.042
2.283
0.101
0.977
0.377
2.199
1.379
0.317
0.779
-0.389
1.223
-0.008
0.321
0.367
2.464
2.038
1.259
0.023
0.045
0.045
-0.134
0.050
0.115
-0.670
0.092
0.164
0.055
0.824
-0.086
0.522
0.332
0.014
0.161
0.807
0.115
0.879
1.182
0.488
-0.428
-0.891
0.060
0.017
1.389
0.455
0.036
0.082
0.031
0.025
0.430
2.009
0.989
1.423
0.439
0.672
2.025
2.862
0.717
0.500
-0.211
0.442
0.448
0.771
0.932
0.125
-0.571
0.052
1.164
0.428
0.237
0.361
0.392
0.095
0.060
0.073
-0.095
0.526
0.097
0.201
0.268
0.316
0.060
-0.444
0.976
0.256
3.537
1.391
1.662
-0.308
0.339
0.121
0.043
0.361
0.312
0.124
0.282
0.038
-0.832
-0.736
0.182
0.053
-0.075
0.125
0.091
3.084
0.876
0.738
0.242
-0.400
0.227
0.324
0.975
0.538
0.610
0.843
0.026
0.471
0.315
0.186
2.638
0.667
-0.134
0.632
1.086
0.027
0.334
-0.024
0.933
0.580
1.066
2.541
0.673
-0.126
0.591
0.609
-0.217
0.211
0.936
-0.945
0.220
-0.053
0.425
0.591
-1.629
0.786
-0.194
-0.337
-0.440
0.308
0.011
-0.321
-0.281
1.681
-0.835
0.619
-0.242
-0.259
0.221
0.523
0.062
0.256
-0.156
-0.051
0.046
0.161
1.252
1.586
0.418
0.309
0.049
-0.652
0.616
1.283
-0.067
-0.036
0.506
