-0.422
0.491
-0.053
-0.014
-0.053
-0.053
0.242
-0.053
-0.053
0.088
-0.053
0.145
-0.051
-0.053
-0.595
-0.036
0.090
0.015
-0.110
0.488
0.076
0.273
-1.273
-0.007
-0.194
-0.053
0.083
0.410
-0.728
0.118
-0.038
0.109
-0.053
0.460
-0.592
-1.473
-0.797
-1.430
-1.557
-0.947
-0.869
-0.696
-0.002
-0.004
-0.053
-0.148
0.069
0.493
0.524
-1.406
-0.943
-0.004
-0.238
-2.060
-1.649
-2.174
-0.871
0.347
-0.964
-1.627
-0.406
-2.853
-1.336
-1.052
-1.004
-1.003
-0.853
-1.600
-0.317
0.068
-0.612
0.911
-0.411
-0.752
-0.275
-0.017
0.033
0.204
-0.524
-0.053
0.107
-0.029
-0.152
0.162
0.132
1.399
0.533
-0.625
-0.058
-0.116
-0.222
0.672
-0.116
-0.102
-0.053
0.207
-0.213
0.010
-0.558
-0.471
-0.209
-0.273
-0.038
0.218
-0.053
0.151
-0.053
-0.041
-0.053
0.662
-0.032
-0.018
0.621
0.104
0.230
-0.023
0.044
1.129
-0.036
0.700
-0.053
0.008
0.215
0.431
0.802
0.660
-0.053
1.194
1.080
0.739
-0.264
-0.053
0.839
-1.262
1.464
-0.195
-0.845
-0.366
1.643
-0.203
-0.578
1.003
1.144
-0.044
-0.053
-0.053
0.042
-0.053
-0.049
-1.506
1.821
-0.323
-0.012
-0.201
-0.026
-1.627
-1.312
-0.396
-1.267
0.556
0.239
-0.250
-1.297
-2.089
0.235
-0.039
-0.593
-0.004
-1.025
-0.483
-0.170
0.214
0.008
0.025
0.077
-2.324
-1.245
-0.053
-0.843
-1.460
-0.819
-0.130
-0.053
-0.297
-0.045
-0.438
-0.760
-0.029
-0.053
-0.095
-0.202
-0.427
0.094
-0.922
0.189
0.865
-0.844
-2.387
0.760
-1.038
-0.018
-0.053
-0.053
-0.057
-0.053
0.114
-1.936
-0.710
-0.787
0.845
0.842
0.703
0.978
0.026
0.754
0.462
-0.171
0.090
-3.054
-0.932
-0.847
-1.644
-0.993
-0.053
-0.104
-0.053
-0.774
-0.191
-0.143
-0.754
-1.744
-2.947
-0.869
-1.416
-2.307
0.304
1.343
-0.579
-0.053
-0.570
-2.280
-0.531
-0.429
0.092
-0.624
-0.053
-0.017
1.107
-0.464
-1.061
-0.068
-0.635
-0.819
-0.527
-0.053
-0.230
0.370
0.274
-0.414
-1.414
-0.085
-0.332
-1.145
-0.173
0.505
-1.476
0.759
-2.567
1.061
-1.350
-0.042
-0.084
-0.053
0.268
-0.515
-0.053
1.232
-0.053
-0.183
-0.215
0.270
-0.170
-0.320
-0.379
-0.025
-0.197
-0.172
-0.053
-0.053
0.529
-0.829
-0.053
0.041
-0.007
0.274
0.144
-0.104
0.021
-0.656
-0.744
0.010
0.132
1.517
-0.601
-0.194
0.294
-0.053
1.225
0.108
-1.050
-0.530
1.308
-0.827
0.159
-0.060
-0.744
-0.646
0.337
-0.708
-0.072
-0.025
-0.049
-0.053
-0.053
-0.047
-0.095
-0.004
-0.006
-0.050
-0.648
-0.874
-0.489
-0.063
-0.012
-0.272
-0.549
-0.230
-0.383
-0.149
-0.044
1.357
0.305
1.201
-0.194
-0.208
0.033
-0.367
-0.620
-0.064
-1.650
-3.554
-0.367
-0.550
-1.079
-0.219
-0.257
0.008
-2.801
-0.016
-0.053
0.401
-0.053
-0.463
-0.991
-0.258
-0.122
-0.490
-0.053
-0.881
-0.646
-0.592
-1.524
-0.243
-0.235
-0.842
0.391
-0.217
-0.299
-1.300
-2.187
-0.913
-1.113
0.322
-1.161
-1.517
-3.583
-3.647
-0.345
-0.636
-0.108
0.120
-0.813
0.528
0.087
-0.704
-0.405
-0.756
-1.670
-0.404
-1.203
-0.668
-0.802
-0.163
-0.335
-0.843
-1.811
-0.108
-0.621
-0.711
0.327
-0.194
-0.156
-0.600
0.070
-0.053
0.103
-0.870
-0.720
-0.053
-1.284
-0.695
-0.129
0.084
-0.053
1.178
0.204
-0.053
-0.254
0.111
0.349
-0.053
-0.418
0.756
-0.456
0.953
-1.130
-1.510
-0.256
0.148
0.615
0.927
0.160
-0.053
0.301
0.982
0.477
0.421
2.459
2.138
1.011
-0.554
1.985
0.382
-0.221
-1.249
-2.187
0.732
0.036
0.239
-0.009
0.704
-0.401
0.014
-1.071
-2.335
1.010
-0.053
-0.053
1.022
0.035
-0.525
-0.044
-0.053
-0.319
-0.098
-0.180
-0.046
-0.149
-0.053
-1.506
-1.640
-0.111
0.249
-0.113
0.129
-0.163
-1.189
-0.895
-0.845
-0.821
-0.599
-0.151
-0.495
-0.647
-0.029
-0.053
-0.053
-0.126
-0.217
-1.843
-0.935
-1.921
-0.185
-0.151
-0.235
0.824
-0.028
-0.019
0.259
0.408
-0.440
-0.255
-0.340
-0.034
-0.279
-0.062
-0.432
0.046
-0.053
-0.093
-0.356
-0.445
0.658
0.155
0.444
0.598
0.308
-0.365
0.238
-0.053
-0.083
-0.053
-0.028
0.147
-1.591
-0.964
-0.294
-0.398
-0.335
-0.390
-1.800
-0.824
-0.511
-0.158
0.083
-0.053
-0.053
0.019
-0.138
-0.113
-0.069
0.023
0.399
-0.311
-0.194
-0.000
-0.044
-0.049
0.001
0.056
0.227
-1.346
-0.276
-0.428
-0.956
-0.196
0.009
-0.912
-0.030
-0.236
-0.284
0.943
0.434
2.074
-1.557
-0.047
0.098
-0.354
-0.053
-0.100
-0.053
-0.073
0.076
0.054
-0.053
-0.053
0.022
-0.053
-2.221
-0.663
0.007
0.042
0.354
0.018
-0.134
-0.089
-1.211
-0.056
-0.267
-0.162
-0.149
-1.603
-0.150
-0.981
-0.453
-0.490
-0.053
0.062
0.011
-0.053
-0.040
-0.854
-0.759
0.241
0.012
-1.019
-0.053
0.518
-0.164
0.384
0.165
-0.101
0.701
0.041
-0.053
-0.053
-0.194
-0.065
-0.053
-0.966
-0.212
0.795
0.193
0.086
-1.088
0.671
0.670
-1.181
0.623
0.045
1.202
-0.347
-0.732
-0.012
-0.053
-0.035
0.920
-0.053
-0.053
-0.404
-0.824
-1.104
-0.726
0.129
-0.299
0.308
-0.814
-0.688
1.010
-0.481
