-0.207
0.205
0.142
0.255
0.201
0.207
0.625
0.212
-0.048
0.104
0.320
0.725
0.186
0.380
-0.613
-0.341
-0.323
-0.348
0.350
0.059
0.366
-0.856
-0.009
0.097
-0.178
0.093
-0.099
-0.290
0.291
-0.046
0.103
0.195
-0.379
-0.062
-0.278
2.901
1.806
2.442
0.525
1.826
2.296
3.811
-0.024
-0.290
-0.332
0.601
0.521
0.034
2.043
1.436
2.352
1.528
2.485
3.320
1.687
1.771
1.199
-0.218
0.659
2.885
1.910
2.078
1.437
2.028
1.143
2.955
2.013
0.614
-0.012
0.307
0.658
-0.130
-0.080
0.696
-0.248
0.185
-0.641
-0.992
3.419
-0.106
-0.373
1.216
-0.054
0.700
-0.539
-0.157
1.465
2.864
0.959
0.246
-0.427
0.898
0.100
0.495
0.652
-0.287
0.518
0.067
2.157
1.423
0.261
-0.619
0.406
0.920
0.272
-0.288
0.061
-0.761
-0.175
-0.329
0.249
0.121
-0.348
-0.080
-0.347
-0.347
0.175
-0.385
0.052
-0.296
-0.237
-0.227
-0.307
-0.406
-0.281
1.073
0.334
-0.995
-0.574
0.632
0.028
-0.340
0.229
0.913
-1.069
1.642
-0.303
0.166
-0.886
0.156
0.306
-1.398
-0.994
0.183
0.181
-0.172
0.084
0.283
1.636
1.412
0.845
0.226
0.629
2.128
1.725
2.862
2.867
2.581
1.405
-0.286
0.438
1.747
1.534
0.090
-0.624
0.043
1.844
2.135
0.168
1.129
1.812
-0.234
0.241
-0.152
0.758
2.618
1.814
0.438
1.887
1.011
0.086
1.932
-0.093
0.770
0.661
0.165
-0.049
-0.135
0.958
0.086
0.128
-0.092
-0.677
-0.350
-0.290
-0.529
0.532
0.564
0.384
0.148
0.257
0.186
-0.745
0.468
0.302
-0.058
3.582
2.786
0.385
-0.033
1.298
-0.185
-1.228
0.776
0.950
-0.533
-0.284
0.054
3.257
2.163
1.382
3.233
0.734
1.458
1.530
1.124
1.275
0.885
1.666
1.609
1.020
2.378
1.693
0.639
4.002
-0.289
-0.409
0.371
-0.144
1.789
0.242
1.020
0.239
0.111
3.578
0.016
0.358
-0.150
1.448
2.006
-0.056
0.705
0.242
0.138
1.528
0.493
2.324
-0.202
0.629
1.398
0.829
0.107
1.196
0.278
-1.459
0.356
-0.458
0.968
0.227
2.424
-0.341
0.505
0.089
-0.268
1.211
-0.290
0.876
0.722
0.967
-0.303
-0.411
0.487
1.089
0.797
0.803
0.018
-0.071
-0.011
0.296
0.499
1.647
-1.685
0.067
-0.373
0.065
-0.398
0.689
-0.908
3.017
-0.746
-0.100
1.808
-0.290
1.657
0.148
0.259
-0.607
-1.254
-0.948
-0.118
0.253
-0.755
0.711
-0.257
1.601
2.920
1.131
-0.185
0.542
0.090
0.160
0.193
0.311
0.234
0.309
0.083
0.477
0.145
0.114
2.053
1.650
-0.168
0.341
0.907
0.279
1.241
0.250
0.461
0.075
-0.287
0.377
2.222
-0.677
0.731
1.890
0.020
0.562
0.397
-0.112
3.424
1.297
0.716
1.143
1.681
1.017
0.140
1.893
1.934
1.206
0.034
0.914
0.134
0.619
0.541
0.814
0.215
2.549
-0.318
2.638
0.308
3.929
2.086
1.115
-0.207
1.766
0.653
0.395
-0.235
0.783
0.234
1.103
-0.417
-0.443
0.647
1.116
0.229
0.427
0.550
0.775
1.066
-0.548
-0.023
0.028
0.032
0.592
1.459
0.481
1.042
0.229
2.112
1.302
-0.392
1.054
1.594
2.063
0.777
-0.083
1.995
2.833
0.122
0.937
0.184
0.273
0.161
0.342
0.205
0.222
0.524
-0.037
1.189
0.996
1.347
0.062
0.509
-0.242
-0.290
0.367
0.251
0.895
0.182
0.256
0.078
-0.395
0.767
-0.290
1.929
0.938
-0.290
-0.200
-0.290
-0.347
-0.239
-0.174
-0.686
0.132
-1.303
-0.536
-1.061
-1.949
-1.062
-0.499
-0.543
-0.391
0.066
-0.032
0.154
2.653
-0.623
-0.362
2.206
-1.114
1.176
1.911
-0.280
1.375
1.033
0.035
-0.179
0.032
0.354
0.619
-0.330
0.239
1.572
0.778
2.285
1.793
0.373
0.111
1.474
2.525
0.154
-0.148
0.509
0.891
0.480
2.423
1.142
1.866
0.756
2.134
1.050
0.254
0.332
0.239
0.752
0.235
0.425
0.915
0.770
0.763
2.010
0.019
0.069
-0.606
0.393
0.065
-0.037
-0.920
0.616
0.136
0.276
0.190
0.076
0.304
0.014
0.317
0.109
0.404
0.678
2.439
1.716
0.264
0.023
-0.502
0.022
0.537
1.282
0.202
-0.290
0.298
0.328
0.186
0.268
1.069
0.316
0.802
1.199
0.400
0.769
2.456
1.123
1.218
-0.074
1.290
0.339
1.638
-0.261
0.146
-0.461
0.218
1.010
0.547
0.339
0.489
0.444
-0.195
0.376
0.086
-0.195
0.542
0.273
0.080
0.383
0.218
0.496
-0.479
0.853
-0.290
3.035
1.500
-0.290
4.276
2.425
1.004
-0.402
1.568
0.285
0.298
-0.290
0.332
-0.360
-0.837
0.141
-0.296
-0.295
0.083
-0.288
0.531
2.697
0.875
-0.196
-0.287
0.214
0.199
0.384
1.692
0.408
0.232
0.130
0.477
0.506
0.234
1.606
1.134
0.813
1.164
0.695
0.568
1.147
0.081
2.093
1.172
1.202
5.492
1.151
0.078
0.860
1.078
-0.305
0.002
0.315
-1.698
-0.600
1.416
0.847
0.772
0.620
-0.395
0.938
0.123
-0.959
-0.214
-0.376
-0.834
-0.266
1.669
-0.034
-0.175
-0.072
-0.472
0.764
0.299
-0.247
-0.053
-0.273
-0.871
0.874
0.464
0.692
0.718
0.207
0.092
0.046
0.171
-1.426
1.800
-0.334
0.160
-0.368
