-0.389
-0.169
-0.031
-0.171
-0.055
0.099
-0.010
-0.213
-0.596
-0.469
-0.248
-0.374
-0.156
-0.022
0.076
0.235
0.351
0.267
-0.177
-0.283
0.009
1.609
0.952
-0.084
-0.136
-0.197
0.216
-0.600
-0.331
-0.083
-0.253
-0.108
0.031
-1.139
-0.093
-3.018
-1.870
-1.958
-0.389
-1.895
-1.698
-3.547
-0.066
0.080
-0.363
-0.043
0.080
0.080
-2.601
-1.319
-1.858
-1.887
-2.221
-3.267
-2.014
-1.227
-1.152
-0.031
-0.600
-4.463
-0.743
-0.937
-2.123
-1.805
-1.375
-3.307
-1.656
-0.302
-0.766
-0.922
-1.214
-0.077
-0.456
-0.049
0.104
0.063
0.020
0.080
-3.125
-0.087
0.706
-0.689
-0.404
-0.454
0.115
0.126
-0.636
-2.047
-0.664
0.313
0.070
0.081
-0.117
-0.546
-0.387
0.012
-0.106
-0.104
-1.728
-1.442
-0.275
1.418
-0.126
-0.285
-0.291
0.205
-0.056
-0.056
-0.056
0.419
-0.024
-0.056
-0.056
-0.056
-0.021
-0.056
-0.056
0.117
-0.056
0.117
-0.056
-0.056
-0.056
0.341
0.326
-2.088
0.417
0.757
0.412
-0.485
-0.062
0.098
0.080
-0.052
1.021
-0.706
-0.236
-0.778
0.639
-0.718
-1.710
0.797
1.174
0.039
-0.109
0.001
-0.029
-0.467
-0.467
-0.416
-1.470
-0.200
-0.898
-1.662
-1.743
-3.287
-2.718
-3.406
-0.043
0.264
-0.080
-2.148
-1.549
0.153
-0.507
0.000
-1.851
-0.506
-0.213
-1.626
-1.866
0.489
-0.288
0.079
-1.251
-1.302
-2.058
-0.692
-0.834
-0.875
0.056
-1.580
0.080
-0.549
-0.942
-0.584
-0.130
0.215
0.257
-0.189
-0.094
-1.217
0.080
-2.033
-0.054
0.663
-0.676
-0.396
-0.402
-0.029
0.012
-0.036
0.042
-0.074
-0.010
-0.053
-1.801
-2.690
-1.029
0.039
0.117
-0.353
0.732
-0.616
-0.620
0.529
1.551
0.142
-3.634
-0.883
-1.077
-2.665
-0.722
-1.371
-0.777
-0.542
-1.112
-0.918
-1.045
-0.704
-0.554
-2.502
-1.762
-1.301
-3.752
-0.277
-0.202
-0.929
-0.298
-1.104
-0.350
-1.047
-0.119
-0.397
-4.289
-0.112
-0.526
0.314
-1.576
-2.026
-0.358
-1.630
-0.755
-0.334
-1.354
-0.195
-1.587
-0.007
-0.201
-0.833
-1.236
-0.316
-1.494
-0.614
0.610
-0.478
-0.095
0.024
0.084
-0.497
-0.009
-1.269
-0.019
0.170
-1.253
0.075
0.781
-0.166
-0.168
-0.070
0.319
-0.567
-1.319
-1.279
-0.788
0.060
0.080
-0.138
-0.460
-0.214
-0.843
0.516
-0.214
0.455
-0.085
-0.413
-0.155
1.421
-3.037
0.294
-0.011
-2.463
-0.490
-2.671
-0.152
-0.376
0.672
2.195
1.008
-0.275
-0.259
0.774
-0.389
0.003
-1.009
-3.051
0.032
-0.001
-0.148
-0.243
-0.115
-0.061
-0.624
-0.636
-0.365
-0.356
-0.496
-0.062
-0.151
-1.952
-2.384
-0.397
-0.233
-0.878
-0.412
-0.869
-0.241
-0.721
-0.056
0.153
-0.403
-1.683
0.901
-0.127
0.037
0.051
-0.905
0.479
-0.396
-2.397
-1.349
-1.026
-1.499
-1.967
-0.657
-0.304
-1.441
-2.059
-1.763
0.080
0.080
-0.179
-0.479
-0.550
-0.784
-0.907
-2.621
-0.001
-2.855
0.866
-2.377
-0.471
-1.352
-0.834
-0.615
0.281
0.280
0.081
0.164
-1.500
0.213
2.816
0.839
-0.042
-0.104
-0.692
0.077
0.080
-1.332
-0.452
0.566
0.156
-0.131
0.035
-0.455
0.010
-0.137
-1.366
0.065
-2.223
-1.700
-1.193
-1.076
-1.633
-0.500
-0.044
-0.778
-1.306
-1.921
-0.157
-0.610
-0.016
-0.219
0.063
-0.196
-0.152
-0.172
-0.849
0.010
-0.976
-0.449
-0.902
-0.057
-0.540
0.051
-1.151
-0.546
-0.008
0.029
1.718
-0.181
-0.158
0.040
-0.236
0.385
-1.876
-0.850
0.180
0.184
1.032
-0.239
0.172
0.412
0.219
-0.332
0.843
0.606
0.504
0.205
0.080
-0.071
0.104
0.143
-0.243
-0.910
0.203
-1.812
0.558
0.254
-1.481
0.373
0.029
-0.983
0.042
-1.030
-0.293
-0.098
-0.014
-0.257
-0.433
-0.629
0.141
-0.312
-4.952
-1.530
-2.869
-1.220
0.029
-0.116
-1.451
-2.429
-0.204
0.091
-0.125
-0.310
-0.627
-1.498
-0.558
-1.248
-0.531
-3.169
-1.419
-0.954
-0.361
-0.100
-0.452
-0.176
-0.216
-0.557
-2.082
-0.720
-1.781
-0.088
-0.064
0.080
-0.190
-0.320
-0.161
0.392
-0.078
-0.361
-0.310
-0.027
-0.347
-0.195
-0.002
-0.425
-0.109
-0.664
-0.337
-1.817
-1.294
-0.368
-0.250
0.445
-0.073
-0.229
-0.480
-0.215
0.121
-0.156
-0.325
-0.152
-0.202
-0.785
-0.263
-0.330
-0.327
-0.350
-1.535
-2.578
-0.717
-1.017
0.070
-1.012
-0.271
-1.040
-0.374
-0.096
0.028
-0.186
-0.583
0.067
-0.243
-0.413
-0.318
-0.055
-0.505
-0.054
-0.189
-0.449
-0.230
-0.168
-0.549
-0.340
-0.316
0.681
-0.779
0.395
-2.897
-1.344
-0.293
-1.923
-0.486
-0.278
-0.303
-0.750
0.099
-0.020
0.377
-0.207
-0.105
0.260
-0.111
0.331
0.240
-0.120
0.138
-1.814
-0.906
-0.656
-0.166
0.120
-0.026
-0.075
-0.333
-0.768
-0.264
-0.296
-0.077
-1.823
-0.432
-0.135
-1.673
-0.970
-0.416
-0.020
-0.563
0.079
-1.230
-0.691
-1.056
-0.704
-0.929
-4.491
-0.825
0.081
-0.052
-0.857
0.315
-0.212
-0.438
1.276
0.384
-0.555
-0.155
-0.903
-0.219
-0.416
-0.905
-0.603
0.301
-0.002
0.697
0.567
0.289
-0.732
-0.444
-0.970
0.275
0.541
-0.991
-0.458
-0.038
-0.136
0.224
0.435
-0.967
-0.141
-0.668
-0.660
-0.592
-0.071
-0.056
0.527
2.026
-0.985
0.176
-0.546
0.097
