0.194
0.537
-0.029
0.016
0.027
0.151
0.122
0.217
0.438
0.227
0.141
0.437
0.098
0.017
-0.288
-0.127
-0.226
-0.230
0.113
0.109
0.300
-0.844
0.001
0.057
-0.019
-0.369
0.052
-0.071
0.587
-0.048
0.286
-0.041
-0.022
0.016
-0.330
2.059
1.760
2.393
0.645
1.793
1.696
3.193
-0.068
-0.231
0.688
0.275
0.278
0.154
2.130
1.645
3.189
1.525
2.054
2.472
2.024
1.262
1.221
-0.007
0.900
2.979
1.324
1.510
1.726
1.749
0.925
2.463
1.954
0.500
0.057
0.460
1.241
0.065
0.284
0.114
1.372
1.501
0.660
-0.918
3.331
-0.032
-0.450
1.723
1.125
0.291
-0.023
-0.315
0.837
2.131
0.539
-0.448
-0.775
0.790
-0.048
0.592
0.399
-0.326
-0.027
-0.139
1.933
0.680
-0.304
0.162
0.112
0.236
0.208
-0.179
-0.058
-0.073
-0.054
-0.195
0.081
0.060
-0.377
-0.109
-0.118
-0.184
-0.069
-0.312
-0.065
-0.106
-0.067
-0.067
-0.189
-0.312
-0.140
1.341
-0.073
-0.524
0.178
0.046
-0.040
-0.104
-0.009
0.264
-0.393
1.332
-0.008
0.237
-0.540
-0.031
0.157
-0.749
-0.532
0.020
-0.054
0.185
0.108
0.333
0.542
2.233
0.777
0.453
0.617
0.729
2.162
3.001
2.117
3.109
2.626
0.315
0.907
1.918
1.958
0.768
-0.084
-0.092
1.031
0.667
0.092
1.111
1.564
0.140
0.249
-0.046
0.797
1.478
1.318
0.777
1.576
0.706
0.100
1.231
0.046
0.523
0.366
0.416
0.456
-0.144
0.390
0.299
-0.001
1.061
0.325
2.015
2.121
-0.629
0.735
0.402
0.009
0.045
0.110
0.140
-0.079
0.122
0.064
0.111
2.069
1.865
0.585
-0.072
0.414
0.222
-1.767
0.258
0.116
-0.442
-0.541
0.069
2.120
1.851
1.448
2.591
0.366
1.594
1.453
1.090
1.224
0.510
1.224
1.136
0.805
1.960
1.475
1.100
3.059
0.006
-1.577
0.793
0.564
0.817
0.225
0.905
0.144
-0.037
1.853
-0.001
0.330
-0.162
0.655
1.532
-0.185
1.021
0.422
0.596
1.334
0.321
1.531
-0.093
-0.408
0.755
0.752
0.553
0.813
0.451
-1.305
-0.371
-0.477
0.818
-0.123
0.495
-0.102
0.796
-0.035
0.175
0.692
-0.175
1.206
0.043
1.042
0.368
-0.067
0.408
1.460
1.389
0.490
-0.066
0.103
-0.035
-0.090
-0.036
1.202
0.106
-0.068
-0.010
-0.154
-0.129
0.319
0.380
1.499
-0.045
-0.218
0.580
0.002
0.738
0.131
0.352
-0.401
-1.530
-1.291
-0.186
0.037
-0.666
0.825
-0.157
0.371
1.336
1.383
0.152
0.140
0.146
0.050
0.033
0.112
0.006
0.535
0.049
0.865
0.089
-0.059
1.334
0.887
0.217
-0.030
0.735
0.215
1.060
0.286
0.393
-0.040
-0.115
0.305
0.573
-0.396
0.431
0.379
0.004
-0.229
-0.125
0.027
2.609
1.493
1.247
1.186
1.112
0.959
0.150
1.333
1.692
1.045
0.093
0.598
0.022
0.685
1.041
0.524
0.635
1.620
-0.025
2.315
-0.552
1.155
0.685
1.624
0.517
1.110
-0.048
0.279
0.231
0.034
0.192
0.090
-0.097
-0.798
0.219
0.127
0.277
0.245
0.622
0.406
0.420
-0.129
0.169
0.081
0.030
0.278
0.858
0.153
1.157
0.125
1.598
0.829
0.537
0.426
0.311
1.437
0.765
0.729
2.324
2.163
0.017
0.651
0.097
0.497
0.231
0.122
0.252
0.112
1.513
-0.072
1.220
0.329
0.411
-0.073
0.418
1.471
0.864
0.207
0.016
0.316
-0.399
0.013
0.016
-0.435
0.602
0.170
1.673
0.923
0.558
-0.078
-1.240
-0.390
-0.005
-0.259
-0.530
0.023
-0.681
-0.461
-0.555
-1.247
-0.404
0.109
-0.771
-0.340
0.116
0.941
0.028
1.017
-0.583
-0.288
0.810
-0.365
-0.012
-0.279
-0.256
-0.196
0.040
0.139
0.291
0.131
0.755
0.172
-0.459
0.156
1.540
0.597
1.345
0.957
0.889
0.287
0.868
1.450
0.141
0.018
0.148
0.252
0.134
1.647
0.560
1.053
0.268
2.069
0.897
0.534
0.144
0.138
0.721
-0.000
0.147
0.943
1.841
1.097
1.866
0.108
-0.044
0.037
-0.032
-0.073
0.150
-0.373
-0.015
0.264
-0.013
0.143
0.179
0.110
0.054
0.416
0.113
0.679
0.261
2.209
1.209
0.463
-0.048
-0.152
0.021
0.303
0.753
0.054
0.135
-0.110
-0.131
-0.014
0.511
0.987
0.332
1.193
0.582
0.735
0.943
2.997
0.999
0.899
-0.184
0.147
0.015
0.622
0.082
0.001
-0.249
0.115
0.780
0.328
0.422
0.159
0.523
0.330
0.446
0.056
0.068
0.440
0.382
0.077
0.511
-0.169
0.113
-0.107
0.690
0.117
1.996
1.080
1.056
0.582
0.540
0.274
0.028
0.448
0.036
0.134
-0.021
0.120
-0.060
-0.366
0.016
-0.041
-0.252
-0.090
-0.215
1.220
0.551
-0.399
-0.018
0.031
0.113
0.232
0.125
-0.378
0.070
0.341
0.039
0.246
0.365
-0.117
1.455
0.656
0.500
1.502
1.676
0.257
1.259
0.424
1.168
0.689
0.870
1.452
0.614
0.176
0.219
0.342
-0.422
0.256
0.399
-0.478
0.079
0.157
0.297
1.061
0.454
0.666
1.156
0.078
-1.137
0.418
-0.524
-0.401
-0.821
1.091
-0.596
0.669
-0.409
-0.605
0.448
0.529
-0.111
-0.194
-0.329
-0.881
0.212
0.018
0.561
0.867
0.256
-0.011
0.016
0.044
-0.174
1.034
0.035
0.199
0.329
