0.016
0.449
0.128
0.299
0.297
0.134
0.557
-0.102
0.938
0.397
0.493
0.613
0.340
0.234
-0.058
0.041
-0.461
-0.166
0.237
-0.185
-0.131
-1.382
-1.433
0.135
0.039
0.243
-0.027
-0.173
0.595
0.049
-0.135
0.157
-0.091
0.809
0.148
2.693
2.298
1.668
0.307
1.379
1.287
3.445
-0.004
-1.434
0.222
0.054
0.054
0.119
1.465
1.386
2.148
2.160
1.761
2.817
1.813
1.479
0.821
-0.144
0.356
4.761
0.867
1.002
1.412
1.888
1.195
3.877
2.177
0.606
0.417
0.057
0.242
0.047
0.275
0.340
0.006
0.908
-0.033
-0.978
3.743
0.130
-0.407
0.112
0.514
0.364
-0.190
0.132
0.173
1.503
0.678
0.102
-0.004
-0.071
-0.126
0.328
0.153
-0.198
0.080
0.040
1.076
0.743
0.259
0.204
0.013
0.651
0.114
-0.563
0.023
-0.180
0.039
-0.016
0.057
0.057
-0.109
0.001
-0.027
-0.136
0.039
-0.081
0.039
-0.557
0.039
0.039
0.039
-0.034
-0.140
1.502
-0.196
-0.623
-0.467
-0.029
0.047
-0.160
0.099
0.159
-0.354
1.288
0.050
0.099
-0.089
0.164
0.170
-1.733
-1.236
0.114
0.202
-0.721
0.063
0.653
1.965
0.697
1.274
0.006
0.668
1.913
1.417
4.396
2.065
1.384
0.966
0.071
0.435
2.921
0.313
0.054
-0.232
0.012
0.859
0.626
0.082
0.799
1.629
-0.040
-0.260
-0.261
0.577
1.460
1.287
0.704
1.692
0.253
-0.080
1.463
0.053
0.537
0.577
0.232
0.172
0.090
0.355
-0.277
0.072
0.711
0.099
0.222
0.099
-0.891
0.802
0.509
0.452
0.179
0.319
0.347
-0.845
0.147
0.174
0.220
3.629
2.992
0.382
-0.249
0.416
0.092
-1.719
0.744
0.138
-1.845
-0.744
-0.053
3.615
1.774
1.020
2.816
0.299
1.427
0.487
0.391
0.275
1.195
1.216
1.143
0.812
1.538
1.380
0.433
5.088
0.111
-0.031
0.759
0.013
0.584
0.085
0.900
0.032
0.187
3.575
0.104
0.449
0.043
0.858
1.266
-0.029
0.844
0.441
0.306
0.673
0.655
2.005
0.093
0.325
0.984
0.736
0.250
0.859
0.188
-0.919
-0.034
-0.684
0.230
0.023
0.586
-0.141
1.294
0.010
-0.311
0.433
-0.270
0.751
0.285
0.376
-0.051
0.117
0.526
1.180
1.069
0.940
0.146
0.213
0.003
-0.228
0.604
2.415
-0.163
0.013
-0.052
0.041
-0.988
0.374
-0.056
2.776
0.445
0.780
0.806
0.094
1.137
0.116
0.658
-0.749
-1.658
-1.021
-0.090
0.099
-0.271
0.312
-0.143
0.092
3.001
-0.912
0.084
0.195
0.229
-0.067
0.013
-0.162
-0.043
0.188
-0.019
0.809
0.003
-0.032
1.713
0.765
-0.355
1.049
0.493
0.251
0.828
0.282
0.138
0.058
-0.514
0.424
1.423
-0.680
0.385
0.171
-0.195
0.168
-0.312
-0.123
3.339
1.036
1.175
0.995
1.770
0.365
0.407
0.767
2.086
0.662
0.650
0.363
0.061
0.303
1.417
0.099
0.297
2.673
0.115
2.887
-0.478
1.143
0.059
1.434
0.118
1.062
-0.262
0.124
0.266
-0.205
0.150
0.021
-0.244
-0.361
-0.114
0.219
0.533
-0.166
0.877
0.735
0.184
-0.467
-0.499
-0.475
0.210
-0.333
1.528
0.315
1.561
0.365
1.558
2.013
0.099
1.228
2.683
0.209
1.517
0.099
1.698
2.424
0.186
0.204
0.080
0.852
0.274
0.348
-0.081
0.351
0.860
-0.021
1.113
0.302
0.565
-0.055
0.258
0.157
0.246
0.025
2.181
0.460
-0.088
0.170
-0.140
-0.453
0.475
0.099
1.055
0.989
-0.006
-0.226
-1.471
-0.372
-0.111
-0.299
-0.568
0.197
-0.600
-0.362
-0.779
-0.647
-0.208
0.155
0.099
-0.381
-0.009
0.527
-0.053
0.694
-0.872
-0.357
1.118
-0.347
0.064
2.695
-0.065
2.394
0.582
-0.065
0.403
-0.161
0.270
0.989
-0.035
0.368
1.131
0.098
2.996
0.382
0.099
0.126
0.872
1.676
0.205
-0.187
-0.290
0.604
0.804
1.610
0.394
1.694
0.548
2.485
0.985
0.627
0.518
0.204
0.984
0.397
0.370
0.777
0.693
0.836
1.741
0.002
0.014
-0.309
-0.179
0.388
0.033
-0.532
0.196
0.096
0.292
0.126
0.708
0.522
0.068
0.574
0.243
0.402
0.465
1.994
1.718
0.729
-0.157
-0.271
-0.339
0.093
0.436
0.036
0.003
-0.011
0.123
0.083
0.227
0.866
0.333
0.652
0.471
0.384
0.924
2.035
1.023
0.774
0.001
1.106
0.371
0.879
-0.339
0.128
0.066
0.024
0.737
-0.006
0.316
-0.054
-0.080
0.159
0.603
0.038
-0.012
0.604
0.321
0.352
0.486
0.818
-0.139
-0.165
0.833
0.077
3.745
1.128
0.099
5.182
0.883
0.387
-0.369
1.714
-0.305
-0.004
-0.204
0.057
-0.611
-0.735
0.136
0.033
0.116
0.091
-0.047
1.924
0.957
-0.080
0.249
0.095
0.089
0.452
0.286
0.433
0.100
0.225
0.007
0.146
0.118
0.055
1.701
0.782
0.419
0.974
0.470
-0.259
0.994
0.652
0.447
0.588
0.176
4.495
0.196
-0.022
-0.603
0.553
-0.212
-0.122
-0.083
-0.738
0.052
0.739
0.419
1.574
-0.087
0.402
0.583
0.163
-0.228
0.411
-0.148
-0.420
-0.777
0.099
0.101
0.181
-0.392
-0.632
0.573
1.468
0.001
-0.283
-0.136
-0.557
0.647
0.405
1.206
0.574
0.722
0.111
-0.150
-0.348
-0.706
2.690
-0.153
-0.175
0.038
