-0.047
0.001
0.478
-0.022
0.122
0.052
0.098
0.089
1.145
0.556
0.570
0.167
0.002
0.956
-2.206
-0.058
-0.055
-0.054
-0.022
0.121
0.294
-0.846
-0.126
0.408
0.003
0.110
0.028
-0.053
0.018
-0.001
0.225
0.232
0.242
0.434
-0.053
2.204
2.006
3.381
0.397
1.438
2.916
3.767
-0.031
0.067
0.510
0.368
0.542
0.544
1.614
0.996
2.253
0.716
2.344
3.265
2.267
1.594
1.218
-0.053
0.255
2.593
0.100
0.720
1.437
2.412
1.871
2.364
0.686
0.413
0.173
0.403
1.920
-0.116
0.373
0.241
0.543
0.992
0.068
-1.619
3.816
-0.020
-0.440
1.607
0.503
0.118
-0.035
-0.449
0.951
2.537
0.513
0.428
-0.053
0.383
0.121
0.781
0.810
0.019
-0.209
-0.349
0.886
0.765
0.436
0.214
0.626
0.663
0.099
-0.150
-0.035
-0.160
-0.124
-0.089
-0.053
-0.041
-0.235
-0.077
-0.077
-0.174
-0.046
-0.178
-0.055
-0.915
0.001
-0.047
-0.111
-0.352
-0.156
1.686
-0.022
-0.556
-0.230
0.342
-0.022
-0.053
0.636
0.439
-0.852
0.293
0.118
0.314
-0.402
0.239
0.229
-0.955
-0.764
0.382
0.105
0.147
0.615
0.135
0.536
2.134
0.803
-0.196
0.900
2.401
1.126
2.794
2.143
3.700
2.308
0.315
1.217
2.460
1.828
0.114
0.165
-0.122
1.744
1.755
-0.037
0.446
2.343
-0.417
0.036
-0.088
0.369
0.902
1.403
0.895
0.421
1.407
0.321
1.298
-0.102
0.546
0.764
0.282
0.383
-0.252
-0.231
0.138
-0.115
-0.053
-0.053
2.021
1.290
-0.911
0.331
0.108
0.256
0.031
0.293
0.115
-0.923
0.121
-0.011
0.095
2.687
2.159
0.307
-0.002
0.698
-0.034
-0.646
0.713
0.437
-1.584
1.115
-0.169
2.875
2.609
1.700
2.491
1.283
0.807
0.910
0.843
1.188
1.682
1.188
1.044
0.462
1.627
1.667
1.148
2.045
-0.053
-1.285
0.277
0.050
1.113
0.068
0.646
-0.594
0.263
2.829
0.273
0.757
-0.060
2.395
2.086
-0.387
0.870
0.692
0.172
1.127
0.431
1.258
-0.175
-0.676
1.390
0.700
0.928
0.767
0.767
-1.607
-0.409
-0.134
0.145
-0.085
0.322
-0.209
0.726
-0.052
0.125
1.821
-0.053
0.684
0.054
0.729
-0.053
-0.054
1.038
1.438
0.953
1.715
0.061
0.631
0.399
-0.012
-0.322
0.988
-0.218
-0.044
-0.135
0.001
-0.036
0.726
-1.527
1.798
-0.083
-0.019
0.596
0.032
1.632
0.494
2.161
-0.087
-0.915
-0.279
-0.348
0.048
-0.381
1.453
0.351
0.626
2.513
0.835
-1.086
-0.168
-0.193
-0.024
-0.025
0.259
0.128
0.710
0.220
1.197
-0.039
0.144
2.403
0.553
0.753
0.391
0.730
0.127
0.765
0.293
0.329
-0.149
-0.053
0.596
1.201
-0.604
0.281
0.258
-0.024
0.552
-0.067
-0.060
2.907
1.158
0.785
1.479
0.934
1.102
0.069
1.742
2.156
0.908
-0.288
1.146
-0.022
0.542
0.840
1.336
0.137
-0.797
-0.057
2.694
0.116
0.437
1.002
0.792
0.205
1.480
0.342
0.344
0.143
0.276
0.140
0.279
0.001
-0.773
0.388
0.391
-0.023
-0.019
0.147
0.245
0.560
-0.168
0.005
-0.080
0.050
0.657
1.013
0.520
1.085
-0.585
1.993
0.130
0.133
0.058
0.293
1.520
2.567
0.119
0.893
1.777
-0.094
0.371
0.221
0.107
-0.021
0.252
-0.427
0.416
0.662
-0.003
0.727
0.549
0.791
0.012
0.257
1.049
0.528
0.453
-0.090
-0.352
-1.088
0.196
-0.126
-0.432
0.259
-0.053
0.861
1.269
0.213
-0.038
-1.636
-0.477
-0.149
-0.067
-0.092
0.250
-0.758
-1.261
-1.225
-1.206
-0.651
-0.031
-1.092
-0.380
0.098
0.846
-0.073
1.951
-0.622
-0.128
1.326
-0.393
1.424
1.662
0.358
0.954
1.083
-0.200
-0.128
0.463
0.037
0.882
-0.857
0.390
1.841
0.025
1.454
1.091
1.300
0.199
0.627
1.985
0.252
0.080
0.495
0.564
0.357
2.384
0.694
1.389
0.468
2.623
1.261
0.454
0.705
0.910
1.215
0.158
0.224
1.058
1.793
1.194
1.090
0.223
-0.030
-0.035
-0.039
-0.041
0.045
-0.657
-0.222
0.243
0.122
0.446
0.237
0.338
0.023
0.258
0.032
0.807
0.540
1.003
1.431
0.599
0.282
-0.180
0.010
0.999
0.492
-0.017
0.095
-0.034
-0.003
0.200
0.412
1.236
0.288
0.943
1.024
0.804
1.046
2.264
0.807
0.741
0.109
1.101
0.348
1.168
0.208
0.003
-0.749
0.038
1.100
0.333
0.569
0.034
-0.006
-0.530
0.123
0.200
-0.043
0.420
0.301
0.188
0.512
0.288
0.487
-0.738
1.010
-0.104
2.667
1.150
1.502
0.460
-1.211
1.111
-0.134
0.082
-0.093
0.312
-0.193
-0.025
-0.124
-0.685
-0.032
-0.051
-0.053
-0.013
-0.043
2.424
1.159
-0.579
-0.517
0.135
0.056
0.118
0.234
-0.423
0.114
0.308
-0.053
0.481
0.588
0.442
2.264
0.780
0.466
1.394
1.881
0.117
1.375
0.612
1.469
1.205
0.446
2.148
0.705
0.007
1.784
1.093
-1.012
-0.049
0.507
-0.487
-0.293
0.136
0.228
1.500
0.154
-0.176
1.262
0.390
-0.065
0.222
-0.454
0.322
-0.053
1.336
0.127
1.453
-0.096
-0.356
0.184
0.559
-0.185
-0.331
-0.469
-1.555
0.852
0.178
0.207
0.354
-0.009
0.071
0.026
-0.071
-0.939
2.374
-0.377
-0.506
0.058
