0.494
0.135
0.050
-0.121
0.013
-0.039
-0.146
0.089
1.154
0.059
0.003
0.069
0.306
0.003
0.014
-0.272
-0.293
-0.186
-0.066
-0.057
0.099
-1.307
-0.770
0.316
0.042
-0.159
-0.041
-0.114
0.985
0.056
0.250
-0.085
-0.256
0.363
0.730
2.896
1.721
2.509
0.249
1.159
2.330
4.983
-0.174
-0.814
0.236
-0.078
0.175
0.036
1.942
1.468
2.615
2.226
1.782
2.932
2.647
1.653
1.323
0.014
1.235
3.424
1.559
1.965
1.558
2.333
1.126
3.489
1.279
0.288
-0.002
0.015
0.575
-0.249
-0.423
0.228
0.296
2.273
0.318
0.014
3.140
-0.217
-0.174
0.454
0.367
0.149
-0.982
0.004
0.715
2.196
-0.006
0.169
-0.053
-0.090
0.064
0.114
0.382
0.014
-0.017
0.151
1.000
0.530
-0.447
-0.264
0.072
0.072
0.274
-0.275
-0.190
-0.002
-0.178
-0.165
0.052
0.067
-0.114
-0.170
0.007
-0.203
0.054
-0.345
-0.134
-0.135
0.046
-0.186
-0.098
-0.029
-0.214
1.358
0.076
-1.274
-0.929
0.334
0.021
-0.679
0.733
0.014
-1.261
1.251
0.893
0.203
0.179
0.602
0.178
0.101
-0.692
0.109
-0.150
-0.399
0.061
0.316
2.967
2.458
0.130
-0.087
0.550
2.021
0.718
3.007
2.509
0.518
2.436
-0.295
0.092
2.539
1.417
-0.235
0.011
-0.084
1.692
1.297
0.118
0.134
2.800
-0.342
0.005
-0.144
1.339
1.959
1.124
0.429
0.939
1.230
-0.418
1.393
0.022
1.375
1.218
0.114
0.285
-0.874
-0.514
-0.214
-0.151
0.280
-0.285
1.705
0.193
-0.030
0.972
0.751
0.293
0.127
-0.280
0.084
-0.177
-0.003
0.506
0.070
2.876
2.339
0.667
0.203
0.232
0.014
-2.430
0.467
0.514
-4.019
0.106
-0.221
4.102
1.791
1.602
2.886
0.370
1.765
1.794
0.498
0.698
1.107
1.451
0.989
1.434
2.044
1.487
1.519
2.212
-0.264
-1.208
0.094
0.081
0.876
-0.004
1.206
-0.334
0.111
4.160
-0.116
0.033
0.103
0.877
1.494
-0.061
1.191
0.052
-0.011
0.896
0.634
2.255
-0.311
0.686
0.395
0.857
0.419
1.545
0.792
-2.781
-0.489
-0.640
-0.288
-0.123
0.863
-0.277
0.201
-0.185
-0.055
-0.186
0.014
0.026
0.090
0.338
-0.372
-0.085
0.779
1.037
1.380
1.705
-0.076
1.659
0.081
-0.022
0.096
0.880
-0.448
-0.394
-0.510
-0.158
-0.227
0.714
-0.171
2.798
0.202
0.083
0.046
0.014
0.202
-0.167
-0.352
-0.926
-2.159
-1.403
-0.006
-0.128
-1.223
0.428
0.403
0.658
1.721
0.498
-0.437
0.175
-0.117
0.054
0.029
-0.115
0.994
0.084
-0.270
0.179
0.044
-0.283
1.369
1.603
-0.119
0.004
0.303
0.130
0.684
0.081
0.065
0.021
0.014
0.191
2.096
-0.513
0.670
0.126
-0.212
0.127
-0.290
-0.289
2.739
1.663
1.209
1.401
0.981
1.609
0.206
1.698
1.806
1.291
1.013
1.120
0.079
1.231
0.599
0.455
0.538
2.604
-0.157
2.103
-0.219
1.907
1.912
0.768
0.291
1.380
0.004
0.129
0.070
0.181
0.823
0.269
-0.286
-1.742
1.340
1.839
0.548
-0.217
0.064
1.070
1.274
-0.512
-0.449
-0.157
0.014
0.320
0.219
0.111
2.014
-0.311
1.570
1.072
0.155
0.287
1.189
1.088
0.453
0.014
2.454
2.226
-0.293
0.057
-0.089
0.661
-0.321
0.066
0.080
0.201
1.612
0.026
1.312
0.326
1.594
-0.012
0.974
0.014
0.945
0.186
0.412
0.014
0.014
0.116
0.346
-0.536
-0.005
-0.809
1.797
1.030
0.473
-0.164
-1.185
-1.247
-0.337
-0.234
-0.946
-0.100
-1.306
-0.931
-2.248
-2.349
-1.262
0.100
-0.292
-0.603
-0.333
0.383
-0.382
1.467
-0.892
-0.456
1.061
-1.105
0.797
2.996
0.047
1.801
0.390
0.152
-0.322
0.203
0.276
0.179
-0.200
0.038
1.922
-0.374
2.629
0.526
1.900
0.269
0.177
1.803
-0.113
-0.334
0.052
-0.314
-0.068
1.583
0.101
1.449
1.207
2.960
1.642
0.252
0.210
0.014
0.372
0.168
0.384
1.083
1.092
0.442
1.840
-0.272
-0.239
-0.103
0.273
0.091
-0.068
-0.295
0.258
0.018
0.104
0.065
0.276
0.475
0.501
0.397
0.751
0.735
0.647
1.161
1.109
0.065
-0.022
-0.812
-0.270
0.023
0.153
0.112
0.198
0.245
0.094
0.058
0.014
0.741
0.304
0.808
0.244
0.599
0.722
3.569
0.585
0.929
-0.352
1.309
0.028
1.401
-0.047
0.202
-0.581
0.075
0.980
0.385
0.510
0.742
0.084
-0.219
0.167
-0.052
-0.040
0.273
0.075
0.060
0.558
0.512
0.008
-0.247
0.606
0.014
3.642
1.217
1.683
1.787
1.004
1.429
0.252
1.585
-0.241
0.290
-0.169
0.173
-0.297
-0.706
0.018
-0.379
-0.186
-0.027
-0.260
1.756
1.711
0.397
0.091
0.381
0.019
0.022
0.037
1.011
0.078
0.127
0.014
0.793
0.000
0.053
1.617
1.041
0.450
1.017
0.598
0.219
1.009
0.587
1.514
0.730
1.201
4.387
0.833
0.012
1.611
0.800
-0.342
0.182
0.342
-1.655
-1.116
2.468
0.672
0.715
-0.284
0.248
0.972
0.869
0.014
0.167
-0.854
-1.520
-0.005
1.730
-1.309
0.780
0.045
-0.732
0.769
1.009
-0.077
0.059
-0.078
-1.261
1.051
0.036
0.480
0.448
0.441
-0.151
-0.129
0.014
-0.077
0.685
-0.813
-0.488
0.044
