-0.223
-0.281
-0.266
-0.430
-0.157
-0.165
-0.535
-0.247
-0.435
-0.484
-0.782
-0.776
-0.461
-0.357
-0.132
0.043
0.097
0.050
-0.199
-0.121
-0.734
0.895
0.847
-0.401
-0.234
0.060
-0.263
-0.343
-0.743
0.033
-0.220
-0.244
-0.255
-0.545
-0.242
-3.278
-2.213
-2.494
-0.640
-1.914
-2.468
-3.584
0.175
0.617
-0.104
0.076
-0.424
-0.077
-2.321
-1.551
-2.524
-2.138
-2.629
-3.082
-3.116
-1.922
-1.429
-0.144
-0.927
-3.253
-1.383
-1.796
-1.563
-1.903
-1.841
-2.645
-1.605
-0.460
-0.070
-0.038
-0.868
0.192
0.187
-0.868
-2.045
-2.491
-0.800
1.326
-3.359
0.081
0.047
-1.313
-1.169
-0.558
0.347
-0.562
-1.589
-2.618
-1.141
-0.126
0.025
-0.768
0.133
-0.645
-0.632
0.189
-0.205
0.192
-1.873
-1.197
0.170
0.083
-0.484
-0.790
-0.285
0.313
0.043
0.045
0.045
0.387
-0.362
-0.231
0.190
0.177
0.166
0.230
0.045
0.364
0.045
0.385
0.045
0.041
0.196
0.339
0.305
-2.487
-0.208
0.947
0.667
-0.271
-0.091
-0.038
-0.383
-1.457
0.843
-1.518
-0.047
-0.598
1.042
-0.099
-0.421
2.604
1.406
-0.356
0.010
-0.205
-0.325
-0.495
-1.323
-2.008
-0.665
0.007
-0.883
-2.697
-2.270
-2.949
-3.203
-2.767
-3.333
-0.039
-1.342
-2.497
-1.549
-0.206
0.016
0.056
-1.359
-1.268
-0.433
-0.710
-1.739
0.160
0.321
-0.079
-0.844
-1.881
-0.751
-0.750
-1.446
-0.787
0.071
-1.947
0.083
-0.821
-0.665
-0.580
-0.139
0.407
-0.238
0.332
0.066
0.008
1.467
-0.357
-2.661
0.908
-0.603
-0.577
-0.314
-0.145
-1.462
-0.123
0.057
-0.245
-0.378
-0.368
-3.097
-2.470
-0.521
-0.107
-0.748
-0.178
1.461
0.179
-0.623
1.634
-0.170
-0.138
-2.942
-2.913
-1.581
-3.041
-0.476
-1.691
-1.839
-1.032
-1.099
-1.148
-1.789
-0.882
-1.338
-1.947
-1.819
-0.956
-3.279
0.125
1.257
-0.971
-0.140
-0.796
-0.211
-0.956
-0.409
-0.232
-3.926
-0.199
-0.759
-0.037
-1.652
-1.919
-0.101
-1.513
-0.433
-0.566
-1.387
-0.420
-2.840
0.162
0.732
-0.967
-1.043
-0.326
-1.063
-0.879
1.349
-0.528
0.301
0.078
0.008
-1.049
0.104
-0.766
0.045
0.116
-0.991
-0.390
0.885
-0.547
-0.370
-0.071
-0.823
-0.783
-1.229
-1.725
-1.338
0.026
-0.535
0.066
-0.081
-0.635
-1.112
0.353
0.042
0.306
0.045
0.410
-0.068
0.284
-2.344
0.139
-0.771
-1.038
-1.096
-0.964
-0.102
0.122
0.575
0.387
-0.010
0.591
0.116
0.903
-0.604
0.636
-0.858
-2.641
-0.235
0.079
0.386
0.139
0.008
0.035
-0.271
-0.217
-0.567
-0.127
-0.941
-0.139
-0.004
-1.526
-1.415
-0.078
-0.481
-0.953
-0.479
-1.440
-0.608
-0.387
0.019
-0.117
-0.925
-1.666
1.395
-0.409
-0.264
0.063
-0.212
0.573
0.199
-3.274
-1.401
-1.132
-1.730
-1.706
-1.202
-0.420
-1.533
-2.041
-0.953
-0.400
-1.406
0.034
-0.573
-0.325
0.089
0.241
-0.946
-0.019
-2.449
0.218
-1.740
-1.130
-1.563
-0.963
-1.293
-0.227
-0.383
-0.046
-0.238
-0.393
0.322
0.540
1.008
-0.628
-0.230
-0.525
-0.479
-0.605
-1.369
-1.259
-0.091
-0.081
0.206
-0.154
0.029
-0.960
-0.302
-1.227
-0.335
-1.839
-2.996
-0.942
-1.342
-2.297
-2.431
-2.122
-0.001
-2.542
-2.555
-0.093
-0.020
-0.142
-0.507
0.264
-0.211
0.325
-0.329
-1.385
-0.255
-1.598
-0.634
-0.756
-0.066
-0.587
-0.184
-0.659
-0.137
-0.111
0.607
1.081
-0.386
0.457
-0.448
-0.524
-0.011
-2.348
-0.808
-0.338
0.038
1.306
0.830
0.209
0.045
0.517
-0.031
0.845
0.747
1.218
1.119
0.972
-0.601
-0.071
0.494
0.017
-0.820
0.786
-1.579
0.808
0.608
-1.413
0.723
-0.196
-2.232
0.766
-0.806
-0.059
-0.224
1.216
-0.320
-0.248
-0.898
0.228
-0.402
-1.429
-0.033
-2.140
-0.966
-1.065
-0.510
-1.190
-2.147
-0.210
0.197
-0.480
-0.784
-0.660
-2.072
-0.899
-1.415
-0.663
-2.491
-1.448
-0.536
-0.317
-0.310
-0.998
-0.262
-0.278
-0.950
-1.933
-1.171
-1.823
-0.244
-0.113
0.432
0.296
0.048
-0.218
0.173
-0.222
-0.530
-0.210
-0.260
-0.248
-0.221
-0.353
-0.432
-0.743
-0.542
-0.579
-2.251
-1.600
-0.473
0.226
0.397
-0.061
-0.263
-1.357
0.000
-0.323
-0.304
-0.203
-0.087
-0.899
-0.935
-0.309
-1.123
-0.945
-0.901
-1.197
-3.034
-0.858
-1.194
0.105
-0.481
-0.406
-1.357
-0.262
0.028
0.487
-0.180
-0.870
-0.438
-0.642
-0.319
-0.289
0.246
-0.426
-0.283
-0.114
-0.756
-0.559
-0.272
-0.486
-0.660
0.043
0.327
-0.823
0.358
-2.790
-1.587
-0.707
-0.840
-1.240
-0.548
0.090
-0.685
0.047
-0.278
0.258
-0.280
0.073
0.997
0.002
0.212
0.288
0.033
0.116
-2.180
-1.192
-0.041
-0.132
-0.132
-0.196
-0.272
-0.315
-0.401
-0.289
-0.278
0.003
-0.918
-0.832
-0.204
-1.692
-1.147
-0.383
-0.986
-0.648
0.023
-1.546
-0.835
-1.768
-0.625
-0.684
-4.153
-0.830
-0.235
-1.050
-0.857
0.407
0.205
-0.522
0.237
0.280
-0.519
-0.278
-1.023
-0.008
0.478
-1.931
-0.586
-0.038
-0.301
0.548
0.816
1.306
-1.641
-0.324
-1.011
-0.451
0.552
-0.595
-0.300
0.045
0.317
0.207
0.878
-1.001
-0.327
-0.792
-1.183
-0.438
-0.251
-0.165
0.830
0.943
-1.088
-0.015
-0.537
-0.277
