-0.417
-0.055
0.102
-0.046
-0.159
0.468
-0.435
-0.694
-1.045
-0.233
-0.303
-0.718
-0.155
-0.204
0.412
0.001
0.180
0.106
-0.300
-0.216
-0.251
1.166
0.916
-0.086
-0.038
0.119
0.188
-0.306
-0.671
0.073
-0.054
-0.093
0.257
-0.368
-0.000
-3.248
-2.545
-3.133
-0.734
-1.866
-2.317
-4.467
-0.231
-0.003
-0.230
0.038
-0.472
-0.040
-2.658
-1.868
-3.240
-2.016
-2.560
-4.014
-2.652
-1.218
-1.314
-0.044
-0.621
-5.124
-0.976
-1.736
-1.513
-1.810
-1.234
-2.847
-1.687
-0.804
-0.176
-0.047
-0.792
0.196
0.015
-0.219
-1.505
-2.381
-0.601
0.314
-4.331
0.011
0.280
-2.067
-1.447
-0.151
0.114
-0.393
-1.393
-3.052
-0.671
-1.292
-0.038
-0.689
-0.355
-0.498
-0.918
-0.287
-0.389
-0.187
-1.819
-1.307
0.446
0.250
-0.343
-0.625
-0.040
0.093
0.037
-0.048
0.031
0.114
0.129
-0.186
0.051
0.153
0.147
0.123
-0.081
0.012
0.071
0.418
-0.040
-0.032
0.074
0.150
0.128
-1.872
0.288
1.053
0.429
-0.301
-0.054
0.263
-0.574
0.027
1.282
-1.835
0.404
-0.387
1.485
-0.289
-0.260
1.837
1.581
0.124
0.068
-0.198
-0.027
-0.452
-1.015
-2.885
-1.211
0.124
-0.989
-2.303
-2.127
-3.626
-3.407
-4.055
-4.150
-0.274
-1.062
-3.046
-2.288
-0.420
0.170
-0.126
-1.191
-1.335
-0.135
-0.391
-0.526
0.298
0.584
0.599
-1.205
-2.101
-1.353
-0.449
-1.853
-0.632
0.105
-1.875
-0.003
-0.726
-0.733
-0.494
0.246
0.521
-0.257
-0.168
-0.115
-0.866
0.152
-1.942
-2.006
0.893
-0.939
-0.640
-0.469
0.117
-0.409
-0.050
-0.035
-0.322
-0.323
0.007
-2.999
-2.093
-0.848
-0.186
-0.033
-0.130
1.387
0.194
-0.508
0.965
0.193
0.283
-2.835
-2.794
-1.539
-2.839
-1.188
-2.242
-1.503
-0.942
-1.243
-1.388
-1.414
-1.059
-1.161
-2.292
-1.425
-1.647
-3.887
-0.565
1.068
-0.632
0.275
-0.853
0.108
-0.863
-0.011
0.070
-3.317
-0.017
-0.133
-0.171
-0.638
-1.199
-0.253
-0.885
-0.513
-0.172
-1.096
-0.386
-1.872
0.053
-0.039
-1.335
-0.808
-0.383
-1.054
-0.347
0.654
-0.109
0.604
-0.137
-0.013
-0.507
0.025
-0.740
-0.002
0.195
-0.812
-0.038
-0.089
-0.262
-0.155
-0.063
-0.199
-0.575
-1.601
-1.130
-0.949
-0.066
-0.998
0.123
0.078
-0.331
-1.830
1.007
0.064
0.128
0.003
0.323
0.418
0.684
-2.447
0.596
-0.023
-0.790
-0.169
-2.303
-0.025
0.256
0.557
1.297
0.986
0.395
0.855
1.041
-0.109
0.488
-0.858
-1.898
-1.084
-0.267
-0.146
-0.083
0.135
0.230
-0.153
0.176
-0.269
-0.073
-0.443
-0.100
-0.025
-1.656
-0.725
-0.147
-0.798
-0.799
-0.258
-1.329
-0.403
-0.195
-0.021
-0.001
-0.379
-1.183
0.785
0.015
-0.149
0.470
-0.049
0.735
0.207
-3.403
-1.149
-1.038
-1.661
-1.969
-0.488
-0.236
-1.480
-1.948
-0.959
-0.108
-0.666
-0.163
-0.509
-0.515
-0.643
0.271
-2.228
-0.057
-2.987
0.909
-0.873
0.079
-1.117
-0.125
-1.638
-0.436
1.410
0.487
-0.050
-0.120
0.205
1.587
1.006
-0.130
-0.306
1.671
0.581
-0.038
-0.713
-0.475
0.232
0.367
-0.528
-0.244
-0.397
-1.013
0.451
-1.466
0.394
-2.731
-1.298
-1.366
-0.039
-1.573
-0.869
-0.327
0.009
-2.331
-2.894
0.412
-0.686
-0.180
-0.647
0.124
-0.152
0.069
-0.292
-1.100
-0.170
-1.400
-0.615
-0.568
0.248
-0.147
-1.216
-1.076
-0.459
-0.036
0.380
1.555
0.040
0.037
0.099
-0.268
0.418
-1.576
-1.124
0.118
0.122
1.442
0.210
0.575
0.228
0.532
-0.078
0.852
0.864
1.307
1.649
0.880
0.403
-0.169
0.390
0.131
-0.411
-0.018
-1.795
0.582
0.236
-1.482
0.481
-0.773
-2.402
0.720
-0.653
-0.138
0.341
0.337
0.142
-0.156
-0.437
0.272
-0.065
-2.054
0.490
-2.284
-1.356
-1.035
-0.629
-0.296
-1.337
-0.029
0.190
-0.605
0.047
-0.697
-1.949
-0.823
-2.039
-0.653
-3.118
-1.139
-0.527
-0.359
-0.349
-1.474
-0.169
-0.441
-0.785
-2.214
-1.351
-2.427
-0.073
0.018
0.047
0.050
-0.152
0.028
0.138
-0.122
-0.270
-0.140
-0.068
-0.461
0.158
-0.036
-0.120
-0.051
-0.390
-0.315
-1.942
-1.532
-1.141
0.186
0.761
0.509
0.087
-0.354
0.054
-0.078
0.047
0.018
0.041
-0.430
-1.215
-0.165
-0.927
-0.973
-1.448
-1.911
-3.631
-1.252
-1.458
-0.122
-1.777
-0.079
-0.528
-0.046
-0.095
0.628
-0.211
-0.794
-0.417
-0.383
-0.640
0.004
0.096
-0.245
-0.104
-0.111
-0.203
-0.336
-0.106
-0.492
-0.997
-0.328
0.405
-0.580
0.094
-2.834
-0.966
-0.073
-0.140
-0.526
-0.383
0.095
-1.824
-0.003
-0.063
0.112
-0.193
-0.017
0.351
-0.162
0.305
0.197
-0.036
0.219
-2.406
-1.815
0.188
0.037
0.091
-0.417
0.412
0.341
-0.966
-0.381
-0.228
0.106
-0.447
-0.238
-0.189
-1.811
-0.841
0.159
-0.833
-0.654
0.056
-2.139
-0.524
-1.380
-0.956
-1.312
-3.593
-0.385
0.001
-0.046
-0.642
0.131
0.007
-0.170
0.754
0.774
-0.668
-0.988
-1.198
0.357
-0.401
-1.162
-0.420
0.767
-0.043
0.462
0.565
0.075
-1.330
-0.040
-0.016
0.964
0.506
-0.477
-1.538
-0.002
0.089
0.107
0.892
-0.629
-0.208
-0.442
-1.274
-0.182
-0.110
0.046
1.246
2.111
-1.665
0.096
-0.399
-0.279
