-0.089
0.062
-0.056
0.107
0.049
0.011
-0.000
0.016
0.012
0.003
-0.006
-0.196
-0.156
0.237
0.297
0.142
0.221
0.249
0.166
0.693
0.082
1.338
0.283
0.006
0.013
0.009
0.139
0.010
-0.286
0.109
-0.485
-0.345
0.856
-0.031
1.124
-2.967
-2.315
-1.535
-0.324
-0.672
-3.108
-5.270
0.031
0.033
0.022
0.122
-0.116
-0.016
-2.740
-0.973
-2.204
-0.388
-2.983
-3.784
-3.102
-1.577
-0.892
0.005
-0.609
-5.727
-0.825
-1.692
-0.857
-1.411
-1.784
-2.500
-2.330
-0.562
-0.021
0.397
-1.481
0.677
0.019
-0.251
-0.131
-1.392
-1.292
1.641
-1.690
0.013
0.141
-1.545
-0.191
-0.022
-0.025
-0.317
-0.508
-1.572
-0.287
-0.258
0.193
0.066
0.176
-1.003
-0.470
-0.138
-0.012
-0.060
-1.272
-0.522
-0.109
-0.040
-0.633
-1.365
0.008
0.450
0.013
0.040
0.116
0.051
-0.063
-0.017
0.326
0.184
0.052
0.025
0.022
0.084
0.039
0.785
0.016
0.013
0.175
0.217
0.045
-0.221
-0.010
0.998
0.950
0.071
0.151
0.007
0.298
-0.369
0.131
-1.472
-0.814
-0.380
0.940
-0.440
-0.073
0.666
1.513
0.053
0.233
0.047
0.007
-0.563
-0.037
-1.470
0.064
0.000
-0.630
-2.972
-0.846
-2.484
-1.749
-3.779
-3.602
-0.336
-1.381
-2.809
-1.477
-0.628
0.168
0.013
-0.027
-1.068
-0.225
-0.866
-1.015
0.548
0.054
0.250
-1.246
-1.358
-1.358
-1.270
-1.700
-0.947
0.171
-1.114
0.032
-0.707
-0.740
-1.584
-0.289
0.627
-0.132
-0.353
0.090
-0.275
-0.070
-1.203
-1.502
0.063
-0.422
-0.164
-0.786
-0.081
-0.682
-0.136
0.043
-0.056
-0.319
-0.058
-3.457
-2.952
-1.397
-0.059
-0.571
0.056
0.908
-0.376
-0.014
1.087
1.068
0.041
-1.216
-2.111
-1.962
-2.271
0.009
-2.457
-0.882
-1.893
-0.408
-1.120
-0.210
-0.736
-0.083
-1.612
-1.151
-1.845
-3.786
0.367
1.922
-0.440
0.200
-0.111
0.013
-0.795
-0.108
-0.313
-2.513
-0.047
-0.580
0.365
-0.194
-0.599
0.268
-1.928
0.042
0.676
-1.240
-0.139
-0.749
0.128
0.005
-1.014
-0.318
-1.829
-0.840
-1.183
2.431
0.366
0.125
-0.182
0.209
-0.222
0.013
-0.390
0.114
0.238
-0.856
-0.018
0.804
-0.488
-1.226
-0.122
0.564
-0.735
-1.227
-0.899
-0.245
0.167
0.034
0.144
0.571
0.182
-1.429
0.197
0.066
0.011
-0.002
-0.054
-0.093
1.318
-0.578
0.536
0.024
-0.826
-0.645
-1.441
0.047
-0.701
0.535
2.428
0.609
0.490
0.019
1.661
-0.238
-0.219
0.107
-1.030
-0.760
-0.219
-0.469
0.013
0.020
0.116
-0.084
-0.029
-0.008
0.142
-0.203
-0.042
0.222
-0.423
-0.685
0.057
0.026
-0.623
-0.050
-1.101
-0.654
-0.213
0.187
0.013
-0.267
-0.652
0.502
-0.468
-0.418
0.086
0.013
0.040
0.044
-3.292
-1.225
-1.328
-1.267
-0.703
-1.179
-0.050
-0.797
-1.961
-1.150
-0.627
-0.665
0.051
-0.087
-0.597
-0.534
0.105
-0.626
-0.172
-2.033
1.375
-0.884
-0.736
-1.278
-0.764
-0.825
-0.090
0.029
-0.008
-0.036
0.095
-0.795
1.912
0.866
0.026
0.027
-0.130
-0.085
-0.466
-3.314
-1.508
1.132
-0.217
-0.091
0.017
-0.013
-0.338
-0.185
-0.645
0.013
-0.412
-0.079
-0.061
0.053
-0.712
-1.484
-0.935
-0.164
-1.216
-1.465
0.113
-0.176
0.035
-0.088
-0.022
-0.033
0.231
-1.084
-0.683
-0.038
-1.054
-0.221
-0.380
-0.132
-0.371
-0.501
-1.133
-0.276
-0.820
-0.156
0.013
-0.059
0.021
0.545
-0.889
-0.044
-1.269
-0.339
-0.121
0.013
1.687
0.494
0.208
0.309
0.696
0.041
0.071
0.257
0.984
1.544
1.299
0.929
0.989
0.145
0.361
0.004
0.014
-0.687
0.697
0.024
-0.052
0.342
-0.777
-0.317
-0.184
-2.268
0.265
-0.240
-0.439
-0.153
-0.369
-1.369
-0.072
-0.523
-1.691
0.111
-1.699
-1.051
-0.759
-0.190
0.008
-0.825
0.071
0.059
-0.434
-0.089
0.461
-0.618
-0.153
-2.590
-0.504
-2.690
-1.428
0.013
-0.013
-0.607
-0.405
-0.617
-0.996
-0.263
-2.185
-0.653
-1.480
0.051
0.029
0.020
0.007
0.078
0.048
0.332
-0.071
-0.398
-0.075
-0.219
-0.686
-0.245
0.012
-0.057
-0.166
-0.878
-0.032
-2.124
-0.546
-0.517
0.034
0.857
0.239
0.033
-0.678
0.004
0.023
0.074
0.091
0.024
-0.237
-0.890
-0.051
-0.380
-0.375
-0.310
-1.063
-3.748
-0.594
-0.978
0.062
-1.062
0.050
-3.385
0.118
0.082
0.023
-0.239
-0.647
-1.420
-0.636
-1.890
-0.065
0.116
-0.006
0.105
0.012
-0.633
-0.724
-0.384
-0.530
-0.309
0.227
0.032
-1.544
0.077
-2.888
-0.573
0.066
-0.453
-0.508
-0.603
0.013
-2.114
0.037
-0.068
0.562
-0.433
0.013
0.647
0.024
0.315
0.255
-0.025
0.168
-0.990
-1.593
0.341
0.047
0.115
-0.161
-0.013
0.195
0.085
-0.106
-0.165
-0.042
-0.361
-0.967
-0.018
-1.787
-1.172
0.237
-1.491
-2.621
-0.053
-0.866
-0.779
-0.360
-0.528
-0.435
-3.738
-0.784
0.303
-0.960
0.006
0.316
-0.103
0.060
0.927
0.968
-0.409
-0.572
-0.687
-1.431
-0.145
-0.264
0.236
0.611
0.268
0.193
1.012
0.553
0.071
1.174
-0.112
0.318
1.232
-0.081
-0.369
0.154
0.243
0.092
0.179
-2.169
-0.045
-0.467
-0.009
-0.847
-0.005
0.207
0.262
1.737
-1.052
0.545
0.406
-0.906
