-0.250
-0.214
0.028
-0.369
-0.272
0.057
-0.386
-0.143
-0.579
-0.423
-0.247
-0.838
-0.403
-0.133
2.248
-0.006
0.105
-0.005
0.441
0.580
0.152
2.147
0.871
-0.105
-0.172
-0.306
-0.013
-0.066
-0.475
0.037
0.232
-0.106
0.521
0.097
0.307
-2.985
-1.915
-2.518
-0.318
-1.748
-2.521
-3.599
-0.062
0.927
-0.366
-0.149
-0.005
0.380
-2.559
-1.450
-2.065
-1.493
-2.284
-2.781
-1.929
-1.332
-1.617
0.152
-1.010
-3.551
-0.995
-1.162
-1.762
-2.570
-1.705
-3.459
-1.966
-0.617
-0.195
0.111
-0.738
0.351
0.925
-1.130
0.007
-1.506
-0.400
1.061
-3.368
-0.008
0.534
-1.089
0.154
-0.401
0.341
-0.134
-1.051
-2.615
-0.375
0.019
0.111
-0.410
0.052
-0.977
-0.232
-0.053
-0.154
0.149
-1.501
-0.164
-0.215
0.150
0.040
-0.394
-0.022
0.262
-0.002
-0.002
0.052
0.172
-0.046
-0.161
0.165
0.002
0.159
0.127
-0.002
0.333
0.000
0.273
-0.002
-0.150
0.094
0.161
0.166
-0.081
0.578
1.951
0.864
-0.308
0.084
0.051
-0.827
-0.243
0.569
-0.747
-0.324
0.241
1.004
-0.346
-0.046
1.441
1.500
0.053
-0.260
0.073
-0.038
-1.442
-2.066
-1.773
-0.873
0.387
-0.625
-2.533
-1.400
-2.962
-2.273
-2.626
-2.473
0.462
0.043
-1.970
-1.238
0.115
0.336
0.027
-1.265
-0.971
-0.001
0.281
-0.974
0.315
0.404
0.222
-1.040
-2.128
-2.155
-0.551
-1.041
-0.784
0.207
-1.973
0.197
-1.029
-0.498
-0.329
-0.062
0.924
0.183
0.959
0.226
0.129
1.598
-0.500
-0.076
0.231
-0.482
-0.169
0.087
-0.032
-0.199
-0.005
0.048
0.077
0.116
0.107
-3.064
-1.864
-0.786
0.081
-0.042
0.126
2.044
-0.369
-0.596
2.480
0.095
0.091
-2.882
-2.490
-1.334
-2.578
-0.118
-1.556
-0.982
-1.071
-1.491
-0.182
-1.360
-1.671
-0.766
-2.152
-1.496
-1.821
-2.098
0.009
1.365
-1.597
-0.068
-0.205
-0.242
-0.664
-0.092
-0.126
-2.201
0.006
-0.579
0.039
-0.915
-1.782
-0.277
-1.272
-0.154
-0.125
-1.450
-0.237
-1.175
-0.178
0.651
-1.501
-0.942
-1.018
-0.682
-0.078
2.090
-0.197
0.844
0.409
0.464
-1.237
0.272
-1.680
-0.016
0.646
-1.070
-0.694
-0.223
-0.332
0.486
1.411
0.134
-0.840
-0.981
-2.158
-1.806
-0.202
-1.008
-0.002
0.131
-1.040
-3.414
1.144
0.048
0.576
-0.009
0.293
0.061
0.533
-1.849
0.749
-0.036
-0.538
0.111
-2.338
-0.003
-0.230
1.826
3.697
2.363
0.308
0.398
1.670
-0.709
0.097
-1.548
-1.758
-0.642
0.608
-0.327
-0.013
0.002
-0.164
-0.148
0.195
-0.031
-0.122
-0.581
-0.150
-0.078
-1.330
-0.125
0.182
-0.142
-0.721
-0.364
-1.571
-0.418
-0.192
-0.023
0.234
-0.614
-1.031
0.915
-0.564
-1.144
0.201
-0.508
0.093
0.053
-3.092
-1.499
-0.903
-1.045
-0.831
-0.415
-0.206
-1.389
-2.263
-0.870
-0.984
-2.031
-0.002
-0.370
-0.723
-0.608
-0.098
-3.371
0.061
-1.692
0.732
-1.227
-1.362
-1.338
-1.387
-1.054
-0.349
1.450
0.024
-0.358
-0.302
0.889
2.337
1.707
-0.137
-0.825
0.193
0.056
-0.477
-0.377
-1.642
0.638
-0.167
-0.187
0.362
0.336
-0.266
0.036
-0.846
-0.628
-2.464
-1.288
-0.122
-0.134
-2.689
-0.785
-1.517
-0.175
-1.328
-1.292
0.144
-0.643
0.090
-0.194
0.589
0.002
0.227
-0.468
-1.155
-0.013
-1.178
-0.397
-0.722
0.009
-0.065
-0.044
-1.470
-0.116
-0.298
0.393
1.057
-0.189
0.322
0.730
-0.158
0.889
-1.848
-1.108
0.207
0.320
1.249
0.710
0.383
0.152
0.378
0.176
0.825
1.968
2.083
1.941
-0.048
-0.056
0.382
0.644
0.123
-0.153
-0.078
-1.865
0.606
0.377
-1.837
0.873
-0.438
-2.678
0.245
-1.492
-0.330
-0.081
-0.363
0.289
-0.628
-1.345
0.458
-0.003
-1.770
0.175
-2.621
-1.224
-0.865
-0.613
-0.850
-1.635
-0.093
0.391
-0.008
0.008
-0.147
-1.174
-0.455
-1.535
-0.655
-1.807
-0.726
-0.314
-0.309
0.087
-0.828
-0.344
-0.178
-0.338
-1.802
-1.088
-1.234
0.233
0.110
0.504
0.116
-0.138
0.037
1.081
0.147
-0.484
-0.042
-0.123
-0.063
0.197
-0.075
-0.327
-0.289
-0.736
-0.585
-2.187
-1.182
-0.792
0.104
0.668
0.020
0.113
-0.625
-0.006
-0.236
0.033
0.007
-0.171
0.085
-0.983
-0.323
-0.222
-0.527
0.030
-0.748
-2.817
-0.901
-1.486
0.877
-0.870
-0.275
-0.145
0.105
0.148
0.229
-0.156
-1.179
-1.194
-0.620
-0.546
-0.114
0.230
-0.375
-0.041
-0.296
-0.258
-0.034
-0.286
-0.317
0.038
-0.091
0.018
-0.883
-0.023
-2.615
-1.086
-1.143
0.282
-0.079
-0.705
0.116
-2.044
-0.077
-0.122
0.092
0.009
0.293
0.737
0.091
0.111
0.121
-0.072
0.108
-2.784
-1.869
-0.877
-0.263
0.111
-0.239
-0.499
-0.079
-0.266
-0.160
-0.204
-0.100
-0.276
0.188
-0.029
-1.632
-1.055
-0.033
-1.148
-0.478
-0.189
-1.426
-0.641
-1.112
-1.157
-0.879
-3.814
-1.184
-0.194
-2.341
-0.614
0.560
0.530
-0.322
3.401
0.504
-0.709
-1.302
-0.683
0.597
0.138
-0.759
-0.190
0.907
-0.063
0.537
0.941
0.991
0.366
0.291
-2.331
0.636
0.847
-0.696
-0.512
-0.002
0.324
0.214
1.719
-1.190
-0.198
-0.343
-0.489
-0.089
-0.124
0.248
0.670
2.071
-3.597
0.460
-0.067
0.632
