0.315
0.175
0.104
0.082
0.103
-0.199
-0.029
-0.034
0.146
0.037
0.103
-0.825
-0.105
0.076
0.285
-0.127
-0.013
0.038
0.104
0.175
-0.101
0.861
0.271
-0.040
-0.007
-0.811
0.005
-0.796
-0.217
0.098
0.104
0.088
0.147
0.104
0.130
-2.636
-2.295
-2.478
-0.264
-1.842
-2.461
-4.030
0.203
0.385
0.104
0.149
0.011
0.681
-3.209
-1.731
-1.537
-1.907
-2.356
-2.967
-2.989
-2.024
-0.356
0.104
-0.335
-2.909
-0.866
-1.668
-1.334
-2.297
-0.909
-2.794
-1.559
-0.625
-0.628
-0.170
-1.289
-0.509
-0.890
-0.113
0.026
-1.369
0.104
1.999
-2.647
0.131
0.104
-1.182
-0.620
-0.646
0.181
-0.598
-1.576
-2.665
-0.820
-0.383
0.120
-0.554
0.030
-0.470
0.062
0.226
-0.612
-0.233
-1.556
-0.890
-0.122
-0.254
-0.333
-0.860
-0.250
0.406
-0.033
0.021
0.093
0.158
0.116
-0.047
0.026
0.079
0.107
0.099
0.011
0.124
0.108
0.331
-0.012
0.069
0.039
0.104
0.099
-1.449
0.238
0.334
0.820
-0.313
-0.052
0.284
-0.200
-0.037
0.736
-0.856
-0.932
-0.099
0.831
-0.356
-0.654
2.042
1.723
-0.326
0.091
0.200
-0.048
-0.349
-1.107
-2.656
-0.848
0.112
-1.046
-2.405
-1.815
-3.431
-2.665
-3.318
-3.245
0.010
-0.574
-2.688
-2.237
0.104
0.171
-0.017
-1.290
-1.102
-0.152
-0.720
-2.020
0.264
0.202
0.104
-0.536
-1.218
-1.278
-0.260
-1.141
-0.727
0.010
-1.062
0.227
-0.964
-0.612
-0.165
0.033
0.728
0.110
-0.411
-0.042
0.221
0.226
0.026
-0.931
0.489
-0.445
-0.819
-0.220
-0.109
-0.400
-0.703
0.227
0.029
0.090
0.104
-2.718
-1.803
-1.137
0.346
0.073
0.081
1.842
-0.437
-0.033
0.469
0.992
0.109
-2.502
-2.882
-0.852
-1.983
-0.756
-1.234
-0.732
-0.863
-0.455
-1.243
-1.227
-0.472
-0.357
-2.087
-1.754
-1.516
-3.906
0.028
0.581
-0.416
0.173
-0.187
-0.088
-0.293
0.111
-0.041
-2.049
-0.018
-0.349
0.053
-1.241
-2.643
0.392
-0.832
-0.324
0.079
-1.488
-0.062
-3.235
-0.332
0.499
-1.074
-0.927
0.073
-1.330
-0.684
1.945
0.203
0.244
0.081
-0.241
-0.401
0.112
-0.622
-0.008
0.334
-0.576
0.077
0.655
-0.337
-0.090
0.131
0.104
-0.350
0.019
-0.997
-1.163
0.101
0.125
-0.064
0.095
-0.374
-1.616
0.160
0.094
0.234
-0.084
-0.216
-0.188
0.620
-2.510
0.564
-0.205
-0.456
0.084
-1.634
-0.201
-0.681
0.849
2.027
1.316
-0.847
0.087
0.528
-0.718
0.509
0.364
-2.437
0.149
0.512
0.097
-0.004
0.052
0.047
-0.401
-0.366
-0.331
0.061
-0.374
-0.018
-0.007
-1.989
-1.220
-0.288
-0.395
-0.411
0.020
-1.463
-0.299
-0.015
-0.081
0.129
-0.553
-1.174
0.273
-0.145
-1.148
0.242
0.061
0.110
0.049
-2.963
-1.011
-1.128
-1.342
-2.027
-0.520
-0.163
-1.320
-1.628
-1.311
-0.430
-0.289
0.079
-0.840
-0.418
-1.399
0.694
-0.583
0.262
-1.166
0.634
-2.713
-1.512
-0.743
0.103
-1.626
0.119
0.599
0.456
-0.668
0.115
-0.976
0.963
0.487
0.025
0.042
-0.108
0.742
0.024
-0.494
-0.082
0.324
0.170
-0.114
-0.331
-0.832
-0.798
0.113
-1.414
-0.180
-1.684
-0.775
0.338
0.119
-0.923
-0.604
0.803
0.277
-2.438
-2.010
-0.096
-0.243
-0.010
-0.549
0.222
-0.186
0.159
-0.077
-0.729
0.077
-1.372
-0.433
-0.741
-0.098
-0.070
0.104
-1.092
-0.695
-0.090
-0.125
0.012
-0.042
0.097
0.130
-0.863
0.038
-1.686
-0.875
-0.003
-0.069
0.635
0.325
0.156
0.099
0.660
-0.197
0.790
0.686
1.346
1.208
0.533
0.144
0.874
0.271
0.155
-0.019
0.221
-2.404
0.610
0.129
-1.911
0.719
0.183
-3.012
0.951
-0.140
0.282
-0.186
0.366
0.052
-0.061
-0.597
0.280
-0.315
-2.339
0.161
-2.917
-3.773
-0.051
-0.201
-0.958
-2.456
-0.024
0.097
-0.584
-0.233
-0.679
-1.979
-0.560
-1.756
-0.664
-2.464
-1.400
-0.060
-0.354
-0.127
-0.205
-0.377
-0.243
-0.344
-0.178
-0.928
-2.216
0.065
0.021
0.330
0.104
-0.040
0.005
0.512
-0.007
-0.111
-0.097
0.307
0.025
0.181
-0.009
0.104
-1.001
-0.283
-0.284
-1.662
-2.074
-0.762
0.104
0.639
0.091
0.070
-2.216
-0.176
0.717
0.005
0.068
-0.101
-0.275
-1.769
-0.252
-1.251
-0.086
-0.078
-0.470
-2.677
-0.707
-1.580
-0.168
-0.773
-0.385
-0.163
-0.358
0.072
0.007
-0.094
-0.799
-0.296
-0.592
-0.834
0.005
0.279
-0.760
-0.061
0.052
-0.295
-0.058
-0.127
0.012
-0.307
-0.576
0.012
-0.592
0.112
-2.214
-1.738
-0.105
-0.684
-0.505
-0.800
-0.128
-1.465
0.238
0.104
0.091
-0.255
0.232
0.252
-0.118
0.342
0.069
-0.084
0.092
-0.772
-1.705
0.146
-0.039
0.085
-0.153
-0.316
-0.331
-1.155
-0.468
-0.290
-0.029
-0.409
-0.116
0.086
-1.907
-0.462
-0.489
-0.855
-1.684
-0.465
-1.478
-0.634
-1.209
-0.932
0.080
-3.272
-0.897
-0.021
-1.073
-0.730
0.521
0.104
-0.420
0.356
0.467
-0.488
-0.511
-0.665
-0.507
0.321
-1.803
-0.524
0.104
0.113
0.547
0.321
0.334
-1.629
0.530
-0.775
0.052
-0.038
-0.374
-0.982
-0.135
0.031
0.111
0.670
-1.963
0.061
-0.047
-0.244
-0.396
-0.016
0.018
0.104
2.024
-1.976
0.060
0.207
-0.004
