-0.107
-0.056
0.008
-0.059
0.159
0.051
-0.125
-0.250
-0.360
0.013
-0.209
-0.212
-0.202
-0.163
-0.050
0.014
0.210
0.114
-0.017
-0.194
-0.299
0.712
0.850
-0.076
0.044
-0.046
-0.027
-0.361
-0.710
0.035
-0.427
-0.125
0.213
-0.633
0.023
-2.706
-1.957
-1.960
-0.132
-1.183
-2.420
-3.654
0.159
0.252
-0.000
0.016
0.014
0.189
-1.828
-1.511
-1.656
-1.866
-1.930
-3.020
-1.802
-1.625
-1.524
0.029
-0.967
-3.419
-0.747
-1.223
-1.586
-2.200
-1.174
-3.846
-1.296
-0.460
-0.108
0.007
-0.352
0.066
0.064
-0.500
-0.652
-2.284
-0.697
0.475
-2.450
0.317
0.450
-0.774
-0.214
-0.543
0.358
-0.390
-1.067
-2.757
-0.713
-0.515
0.296
-0.166
-0.118
-0.612
-0.443
-0.173
0.049
0.101
-1.192
-0.863
-0.020
0.018
0.027
-0.213
-0.177
0.252
0.029
0.016
0.014
0.127
-0.018
0.014
0.255
0.239
0.242
0.235
0.030
0.334
0.259
0.274
0.019
0.024
0.296
0.007
0.173
-0.514
0.298
1.199
-0.122
-0.280
0.018
0.305
-0.472
-0.543
0.084
-0.882
0.090
-0.364
0.099
-0.006
-0.220
0.682
0.719
0.012
-0.224
0.095
-0.025
-0.466
-0.916
-1.315
-0.880
0.078
-0.724
-1.934
-1.365
-2.791
-2.597
-1.950
-1.790
-0.272
-1.144
-1.699
-1.091
-0.311
0.391
0.014
-0.603
-0.501
0.053
-0.111
-1.123
0.262
0.071
0.227
-0.553
-1.739
-0.826
-0.629
-1.180
-0.503
0.014
-1.891
0.275
-0.487
-0.497
-0.589
-0.171
0.221
-0.053
-0.075
0.031
-0.396
-0.016
-2.353
-1.712
0.472
-0.680
-0.388
-0.513
-0.215
-0.229
0.040
0.020
-0.113
-0.026
-0.179
-2.394
-1.901
-0.961
0.046
-0.702
0.021
0.240
0.059
-0.116
1.808
0.319
0.206
-2.610
-1.442
-0.870
-2.612
-0.858
-1.715
-1.599
-0.982
-0.707
-1.105
-1.351
-0.521
-0.404
-1.939
-1.146
-0.699
-2.571
0.117
-0.076
-0.339
-0.165
-0.502
-0.423
-0.683
-0.126
-0.253
-2.380
-0.007
-0.847
-0.118
-0.845
-1.405
-0.334
-0.851
-0.230
0.373
-1.271
-0.443
-1.714
0.132
0.127
-1.037
-1.053
-0.326
-0.439
-0.546
0.143
0.379
0.615
-0.159
0.055
-0.307
0.250
-0.706
0.014
0.302
-0.078
0.047
-1.290
-0.171
-0.260
0.330
-0.561
-0.441
-1.072
-0.803
-1.140
0.041
-0.716
0.014
0.348
-0.543
-0.913
0.276
0.015
0.121
0.014
-0.333
-0.036
0.711
-2.110
-0.288
-0.555
-0.824
-0.097
-0.797
-0.537
-0.419
0.309
1.396
0.558
-0.088
-0.110
-0.007
-0.458
0.318
-0.872
-2.016
-0.233
0.030
-0.242
0.087
-0.008
0.014
-0.344
-0.062
-0.590
-0.176
-0.604
0.038
0.014
-1.782
-1.077
-0.483
-0.068
-0.527
-0.224
-0.785
-0.247
-0.220
0.014
0.653
-0.482
-1.446
0.695
-0.290
0.038
0.023
-0.243
0.082
0.012
-3.461
-1.022
-0.957
-1.525
-1.271
-0.798
-0.015
-1.070
-1.763
-1.142
-0.134
-0.415
-0.126
-0.690
-0.803
-0.615
-0.574
-0.989
0.005
-1.716
0.468
-0.559
-0.442
-1.058
-0.578
-0.994
-0.421
-0.246
0.023
-0.255
-0.127
-0.337
0.760
0.591
-0.085
0.015
-0.069
-0.034
-0.440
-0.636
-0.193
0.291
-0.209
0.037
-0.161
-0.144
-0.281
-0.259
-1.207
0.210
-1.583
-0.835
-0.764
-0.655
-0.797
0.594
0.606
-0.178
-1.342
-1.654
-0.249
-0.260
0.091
-0.228
0.324
-0.367
0.344
-0.017
-0.725
0.071
-0.964
-0.308
-0.537
-0.133
-0.131
-1.129
-0.832
-0.346
-0.627
-0.105
0.800
-0.204
-0.176
0.045
0.074
0.789
-1.625
-0.686
-0.192
0.162
1.342
0.289
0.013
0.221
-0.257
-0.391
0.060
0.102
-0.093
0.637
0.437
-0.260
-0.274
0.445
-0.089
-0.127
0.279
-0.838
0.651
0.202
-1.052
0.476
-0.216
-1.438
0.022
-1.434
-0.539
-0.151
-0.255
0.003
-0.391
-0.478
0.251
-0.008
-1.433
-0.573
-1.681
-0.266
-0.690
0.012
-1.079
-1.920
0.072
0.229
-0.096
-0.293
-0.632
-0.840
-0.200
-1.654
-0.780
-1.917
-1.038
-0.508
-0.176
-0.055
-0.864
-0.159
-0.536
-0.500
-1.596
-0.828
-1.500
-0.142
0.014
-0.113
0.001
-0.016
0.003
0.183
0.018
-0.148
0.052
-0.001
-0.432
-0.055
0.120
-0.186
-0.071
-0.259
-0.320
-1.679
-1.092
-0.509
0.157
0.608
0.232
-0.199
-1.258
-0.157
-0.232
-0.072
0.014
0.020
-0.465
-0.695
-0.179
-0.583
-0.220
-0.703
-0.947
-1.916
-1.316
-1.088
0.432
-0.844
-0.323
-0.544
-0.188
-0.147
0.304
-0.140
-0.885
-0.440
-0.479
-0.417
-0.101
0.385
-0.166
0.006
0.020
-0.455
-0.277
-0.005
-0.347
-0.216
0.075
-0.010
-0.442
0.163
-2.521
-1.404
-1.026
-5.974
-0.102
-0.463
-0.616
-0.388
-0.005
-0.142
0.144
-0.032
0.053
0.578
-0.127
0.015
0.260
-0.019
0.213
-1.138
-1.268
0.065
-0.016
-0.005
-0.019
-0.123
-0.355
-0.410
0.014
-0.283
0.027
-0.855
0.159
0.002
-1.374
-0.912
-0.505
-0.732
-0.194
0.007
-0.890
-0.217
-0.840
-0.852
-0.542
-4.366
-0.608
-0.020
-0.407
-0.520
0.237
0.245
-0.173
0.027
0.278
-0.127
-0.260
-1.133
-0.294
-0.228
-0.568
-0.269
0.688
-0.185
0.446
0.099
0.192
-0.179
-0.238
-0.359
0.050
0.512
-0.398
-0.436
0.014
0.021
0.546
0.506
-1.131
-0.234
-0.380
-0.612
-0.475
0.022
-0.043
0.087
0.316
-0.519
-0.013
0.117
0.043
