0.086
0.088
-0.149
-0.152
-0.224
-0.170
-0.122
0.027
0.501
0.293
-0.108
-0.081
0.044
0.038
0.044
0.021
-0.129
-0.145
-0.594
-0.554
1.754
-0.869
0.186
-0.009
-0.112
-0.056
0.010
0.068
-0.039
-0.041
-0.106
0.029
-0.008
-0.124
-0.096
2.562
1.454
2.050
0.495
1.763
1.572
4.669
-0.088
-0.124
-0.122
-0.210
-0.011
0.285
1.426
1.108
0.745
1.649
1.148
2.162
2.126
1.086
0.543
-0.124
0.222
2.039
1.112
1.489
1.523
1.931
1.096
2.087
0.639
0.518
-0.348
0.089
1.836
-0.017
0.592
1.137
1.059
1.765
0.661
-0.922
4.930
-0.191
-0.809
0.436
0.362
-0.124
-0.234
-0.123
0.197
1.784
-0.171
0.106
-0.368
-0.026
-0.148
-0.026
0.404
-0.602
0.006
0.183
1.202
0.128
0.100
-0.034
0.078
0.203
-0.069
-0.357
-0.199
-0.168
-0.040
-0.298
0.125
0.059
-0.415
-0.028
-0.174
0.031
-0.344
-0.161
-0.103
-0.165
-0.118
-0.092
-0.155
-0.397
-0.250
-0.744
-0.124
-0.317
-0.036
0.046
-0.168
-0.124
0.121
-0.026
-0.318
0.100
-0.117
0.108
-1.355
0.183
0.709
-1.618
-0.969
0.273
-0.116
-0.120
0.536
0.280
0.844
2.375
0.402
0.029
0.663
1.278
1.660
4.029
2.613
3.625
2.744
-0.173
0.424
1.051
1.609
0.260
-0.141
-0.093
0.699
1.394
0.103
1.061
0.601
-0.164
-0.114
-0.163
0.450
1.253
0.359
0.464
0.605
0.446
0.142
2.160
-0.229
0.367
0.243
0.165
-0.089
-0.131
-0.127
0.614
-0.137
-0.123
0.014
1.883
0.651
0.276
-0.039
1.178
-0.023
0.205
0.731
-0.122
-0.449
-0.097
-0.062
-0.108
1.626
2.025
0.653
0.908
0.052
-0.152
-2.799
0.114
0.710
-0.124
-0.442
-0.106
3.463
2.555
1.073
2.411
0.123
1.288
1.848
0.792
1.342
0.883
1.245
0.588
0.110
1.716
2.108
1.054
2.385
0.058
-0.404
1.883
1.139
0.593
0.043
0.408
0.878
-0.035
0.589
-0.159
1.255
0.301
1.041
0.486
-0.030
1.251
0.304
-0.522
0.737
0.901
1.479
0.073
1.316
1.202
0.900
0.604
1.163
0.172
-1.141
0.096
-0.349
-0.253
-0.398
-0.058
-0.202
0.491
-0.124
-0.398
-0.097
0.010
-0.025
0.095
0.499
-0.175
-0.363
0.037
1.242
0.467
0.740
-0.513
0.433
-0.064
-0.090
-0.006
1.460
-0.124
-0.121
-0.163
-0.124
-0.666
1.325
-0.141
1.878
-1.245
-0.070
1.160
-0.062
0.467
-0.266
0.763
-0.583
-2.945
-1.869
0.488
0.255
-1.121
0.488
-0.124
0.118
-0.010
1.737
-0.200
0.774
-0.610
-0.001
-0.021
0.025
-0.115
0.471
-0.261
0.527
-0.124
-0.150
0.331
0.758
-0.145
-0.078
0.029
-0.106
1.068
-0.007
0.055
-0.118
-0.124
0.447
0.961
-0.149
0.363
0.071
-0.147
0.225
-0.145
-0.112
3.193
1.460
1.033
1.985
1.747
0.517
0.222
1.786
2.068
1.007
0.146
0.597
-0.119
-0.070
0.725
0.269
-0.068
0.412
-0.130
0.867
-0.169
2.457
1.387
0.752
-0.011
-0.037
0.096
0.358
-0.204
-0.125
-0.115
-0.256
-0.647
-0.863
0.338
0.913
0.604
-0.092
-0.139
0.054
-0.019
-0.047
-0.526
-0.072
-0.716
0.119
1.471
-0.198
1.326
-0.568
0.772
-0.001
-0.109
-0.532
-0.714
-0.450
-0.073
-0.135
1.837
2.879
-0.047
-0.009
-0.307
0.125
-0.082
-0.099
-0.124
-0.124
0.378
-0.258
0.878
0.622
0.572
0.490
-0.033
0.259
-0.108
-0.124
-0.071
-0.124
-0.484
-0.186
-0.087
-0.216
0.152
-0.176
1.745
0.108
-0.092
-0.438
-1.780
-1.707
-0.853
-0.164
-0.567
0.028
-2.160
-2.226
-2.495
-2.817
0.089
-0.051
-0.943
-0.538
-0.122
0.664
-0.222
0.776
-0.569
-0.434
0.450
-0.758
-1.024
-0.236
-0.492
1.397
0.406
-0.192
-0.740
-0.115
0.262
-0.126
-0.374
0.201
3.266
-0.102
1.269
0.029
0.764
-0.154
0.278
1.196
0.407
0.020
-0.072
0.196
-0.044
1.723
0.459
1.906
-0.087
2.261
0.585
0.049
0.085
0.234
0.686
-0.138
0.191
0.874
1.801
0.398
2.295
-0.086
-0.130
-0.021
-0.124
-0.242
-0.150
-1.037
0.055
0.418
0.337
0.004
0.077
-0.884
0.153
-0.027
-0.003
0.375
0.055
1.197
0.779
0.389
-0.206
-0.353
-0.129
0.220
-0.034
0.146
-0.124
0.097
-0.071
-0.012
0.746
1.355
0.092
0.844
0.181
0.806
1.272
3.569
1.051
0.848
0.351
0.528
0.336
0.543
-0.226
0.019
-0.220
0.177
1.163
1.338
1.140
1.198
0.021
0.111
-0.056
0.015
-0.344
0.699
-0.045
0.119
0.220
0.303
0.012
-0.124
0.817
-0.303
3.817
0.630
0.831
-0.030
-0.333
0.276
-0.453
0.039
0.031
-0.130
-0.150
-0.060
-0.467
-0.284
-0.124
-0.138
-0.086
-0.124
-0.124
0.030
1.132
-0.533
-0.098
-0.124
-0.124
-0.132
0.229
-0.349
0.098
0.086
-0.114
0.049
0.596
-0.121
0.699
0.367
1.169
0.683
-0.346
-0.296
0.934
0.027
1.063
-0.095
1.203
2.727
1.036
-0.024
0.624
-0.110
-0.349
0.209
-0.124
-0.803
-0.386
0.301
-0.043
0.135
-0.141
0.219
0.279
-0.775
-1.590
-0.063
-1.060
-0.620
-1.109
-0.221
-0.824
0.080
-0.421
-0.284
-0.036
1.140
-0.085
-0.103
-0.029
-0.614
0.972
-0.101
1.387
0.287
-0.031
-0.127
-0.100
-0.107
-0.862
1.903
-0.232
-0.064
-0.657
