-1.402
-0.182
-0.053
0.133
-0.053
-0.053
0.334
-0.053
0.939
-0.053
-0.012
-0.044
-0.120
0.134
0.459
0.119
0.054
-0.009
0.171
0.171
0.642
-0.148
0.149
0.282
0.426
-0.053
0.086
0.011
0.219
-0.100
0.024
-0.128
-0.240
-0.474
-0.582
1.803
1.371
3.239
1.792
1.125
2.547
1.428
-0.040
-0.053
0.086
-0.031
0.023
-0.200
3.003
1.701
1.266
2.727
2.634
3.797
1.317
0.671
1.025
0.614
0.774
3.454
0.957
1.598
2.386
3.291
1.203
1.835
2.501
0.163
-0.933
0.297
2.106
-0.343
1.165
-0.091
1.219
1.305
0.755
-0.447
2.359
-0.078
0.021
1.579
-0.127
-0.068
-0.695
-1.119
-0.217
1.274
0.167
0.249
0.135
0.378
-0.061
1.511
0.626
0.360
-0.173
0.065
1.291
1.580
-0.124
0.109
0.585
0.211
-0.053
-0.053
-0.027
0.018
0.040
-0.051
0.214
0.031
-0.034
-0.053
-0.053
0.005
-0.053
-0.053
-0.029
-0.053
0.018
0.010
0.027
-0.040
-0.053
3.045
-0.038
-0.056
-0.877
0.840
-0.018
-0.201
-1.096
-0.097
-0.899
-0.053
0.383
-1.488
-1.245
-0.906
-0.193
-0.354
-0.496
-0.024
-0.046
0.080
0.077
-0.036
0.465
3.723
0.502
0.213
1.146
0.161
0.703
4.036
3.086
1.600
2.331
2.496
2.039
1.471
2.764
0.083
0.161
0.123
2.037
0.694
0.399
0.557
1.142
1.056
-0.157
-0.431
0.896
3.267
1.904
0.504
0.250
2.070
-0.990
2.557
-0.078
0.223
0.816
-0.345
-0.186
-0.053
-0.468
-0.069
-0.350
1.157
-0.094
2.435
0.587
-0.322
0.954
0.447
-0.053
0.173
0.989
0.145
0.080
-0.016
-0.052
-0.233
2.290
1.488
1.016
0.690
-1.002
0.082
0.303
0.123
0.656
1.945
0.588
-0.026
0.420
2.084
1.099
1.787
0.409
1.243
2.029
0.963
0.891
3.927
2.256
2.189
1.093
2.818
2.131
3.619
3.205
-0.053
-0.653
0.582
-0.167
1.533
-0.443
-0.023
-0.053
-0.534
0.757
-0.235
0.325
-0.101
1.355
0.401
-0.053
-0.392
0.925
-0.054
0.239
0.155
1.736
-0.053
0.359
0.485
1.142
0.655
0.234
0.597
-0.094
1.913
-1.570
0.008
-0.053
0.279
-0.082
0.216
-0.053
-0.223
1.298
-0.053
1.016
-0.053
0.068
1.638
1.166
-0.053
0.054
-0.089
-0.053
-0.098
-0.896
0.374
-0.053
0.025
0.721
-0.053
0.024
-0.053
-0.053
-0.826
0.079
-0.389
1.566
-0.121
-0.276
1.080
0.236
0.492
-0.180
-0.693
-0.053
-0.254
-0.053
0.001
-0.022
-0.213
-0.070
0.193
0.247
2.100
0.548
-0.531
-0.397
-0.095
0.016
-0.053
0.079
-0.030
0.662
-0.090
1.093
-0.092
0.151
1.112
1.235
-0.053
0.454
-0.051
-0.167
2.327
0.561
0.444
-0.022
-0.018
0.354
0.136
0.281
0.477
0.413
0.021
1.072
-0.520
-0.837
1.977
0.016
1.560
0.399
2.480
0.060
-0.043
2.054
2.167
1.387
-0.053
-0.037
-0.053
0.868
0.115
-0.028
0.035
1.140
-0.004
4.065
-0.345
-0.053
-0.053
0.930
-0.025
1.546
-0.106
0.532
0.298
-0.334
0.607
-0.683
-1.081
-1.513
-0.686
-0.479
-0.712
-1.862
0.500
0.209
0.033
-0.538
-1.586
0.125
-0.119
-1.502
0.632
0.399
-0.503
0.140
1.902
1.968
1.675
0.874
0.859
0.176
0.991
-0.085
3.742
1.543
0.113
-0.406
-0.053
-0.031
0.564
-0.026
-1.032
0.166
0.524
-0.053
1.074
0.360
0.137
0.295
0.105
0.022
0.194
1.037
0.016
0.234
0.398
0.160
-0.008
0.554
-0.053
-0.053
1.386
0.706
0.112
-0.055
-0.596
-0.490
0.278
-0.053
-0.053
-0.045
-0.088
-0.054
-1.192
-0.573
-0.191
-0.757
-0.056
-1.535
-0.053
0.060
-0.181
0.883
-0.053
-0.054
0.565
-0.466
-0.053
1.499
0.009
2.018
-0.056
-0.053
-0.053
0.008
0.279
-0.053
-0.175
0.345
1.398
0.115
0.068
0.038
1.433
0.238
0.138
0.880
0.259
-0.235
-0.053
-0.053
0.663
1.438
-0.177
1.822
1.182
1.324
0.130
1.313
0.197
-0.053
1.263
0.073
1.278
0.099
3.096
0.918
1.968
-0.539
-0.035
0.056
-0.349
0.007
-0.053
-0.187
0.202
-0.177
-0.007
-0.046
-0.117
-0.800
0.643
0.550
-0.039
0.718
0.353
0.835
0.916
2.109
0.417
-0.067
0.039
-0.053
1.046
0.015
-0.043
0.141
-0.176
-0.029
0.028
0.480
-0.470
0.021
0.502
1.973
0.487
3.941
1.705
1.195
0.990
0.869
-0.053
0.058
-0.005
-0.275
-1.704
0.134
0.617
-0.146
0.396
-0.053
0.435
-0.443
-0.042
-0.053
0.157
0.453
0.121
0.763
0.734
1.101
-0.224
-2.227
0.623
-0.053
1.951
1.614
0.827
-1.438
-0.297
0.075
0.230
0.105
0.116
0.031
-0.180
0.306
0.178
-0.069
-0.053
-0.053
-0.053
-0.053
-0.053
1.742
-1.085
-0.989
-0.344
0.042
0.096
-0.117
0.335
0.331
-0.089
-0.053
-0.241
0.142
0.556
-0.046
0.288
-0.053
-0.024
0.618
0.069
0.188
0.436
-0.023
2.274
1.357
0.373
1.258
0.987
-0.053
1.396
0.437
-0.016
0.179
-0.026
-0.930
-0.053
-0.053
-0.092
0.933
-0.039
1.122
0.652
0.361
0.269
2.604
-1.768
-1.101
-0.052
-0.193
0.878
0.847
-0.044
-0.256
0.340
0.359
-0.053
-0.053
-0.053
-0.018
1.024
-0.035
0.083
0.330
0.453
-0.166
-0.382
-0.017
-0.343
1.173
0.480
0.121
0.266
