0.140
-0.001
0.203
-0.049
0.001
-0.005
-0.107
-0.126
-0.413
-0.039
-0.159
-0.339
-0.271
-0.048
0.561
0.218
0.283
0.330
0.311
0.215
-0.315
1.356
0.181
-0.172
-0.090
0.089
-0.254
-0.260
-0.696
-0.080
0.169
-0.012
0.160
0.103
0.222
-3.251
-2.368
-2.806
-0.573
-1.402
-2.196
-3.545
-0.081
0.203
-0.225
0.303
-0.246
0.093
-2.089
-1.236
-2.773
-1.679
-2.710
-2.751
-2.233
-1.310
-1.277
0.204
-0.536
-3.768
-0.919
-1.268
-1.663
-1.749
-1.304
-2.286
-1.463
-0.437
-0.076
0.197
-0.826
-0.097
-0.041
-0.306
0.466
-0.006
0.290
0.478
-3.303
-0.066
0.631
-1.235
-0.794
-0.135
0.164
-0.141
-1.226
-2.203
-0.213
0.003
0.476
-0.469
-0.025
-0.533
-0.289
0.289
-0.012
-0.077
-1.365
-0.827
0.198
0.057
-0.537
-0.586
-0.041
0.220
-0.118
0.332
-0.073
0.244
-0.021
-0.080
0.203
-0.048
0.106
0.220
-0.080
0.137
-0.074
-0.034
-0.087
-0.076
0.073
0.218
0.254
-0.970
0.046
0.674
0.095
-0.211
-0.058
0.170
0.332
-0.048
0.412
-0.794
-0.202
0.057
1.147
-0.071
-0.130
1.898
1.768
-0.101
-0.035
-0.149
-0.241
-0.454
-1.002
-2.304
-0.756
-0.054
-0.649
-1.910
-1.983
-2.695
-2.551
-3.345
-3.906
-0.144
-1.497
-2.068
-1.708
0.001
-0.040
-0.076
-1.479
-1.211
-0.674
-0.235
-1.270
0.535
0.205
-0.035
-0.994
-1.619
-1.435
-0.379
-2.255
-0.701
-0.104
-2.218
0.026
-0.561
-0.469
-0.175
-0.170
0.368
-0.058
0.252
-0.103
0.192
0.203
-0.451
0.191
0.710
-0.614
-0.276
-0.834
-0.012
-1.512
-0.093
0.397
0.145
-0.008
0.159
-2.638
-2.356
-0.446
0.261
-0.530
0.209
0.644
-0.001
-0.090
0.849
0.550
0.097
-2.201
-2.532
-0.927
-2.648
-0.527
-2.140
-1.075
-0.701
-0.842
-0.722
-1.222
-1.039
-0.109
-1.753
-1.625
-1.016
-2.753
1.034
1.689
-1.373
-0.139
-0.724
-0.230
-0.578
-0.278
-0.082
-2.459
-0.137
-0.229
0.191
-0.660
-1.392
0.136
-1.222
-0.250
0.011
-0.781
-0.499
-2.057
-0.054
0.166
-1.302
-0.566
-0.280
-1.124
-0.617
0.886
0.164
0.181
-0.191
0.285
-0.392
0.214
-0.647
-0.074
0.219
-0.123
0.182
-0.278
-0.448
-0.624
0.088
-0.471
-0.173
-1.306
-0.884
-0.615
0.025
-0.081
0.175
0.203
0.135
-0.381
0.196
-0.063
0.218
0.173
0.409
0.332
0.182
-2.440
-0.016
0.486
-1.014
-0.036
-1.520
-0.090
-0.242
0.683
1.567
1.445
-0.193
-0.230
0.828
-0.530
0.302
-0.683
-1.866
0.279
0.396
0.145
0.060
-0.151
-0.074
-0.651
-0.286
-0.411
-0.025
-0.418
-0.052
-0.069
-1.313
-1.227
-0.471
-0.033
-0.751
-0.248
-1.133
-0.371
-0.327
-0.092
0.203
-0.753
-1.079
0.722
-0.642
-0.245
0.033
-0.386
0.262
0.199
-2.632
-1.396
-0.835
-1.412
-1.592
-0.504
-0.307
-1.380
-1.797
-0.944
-0.063
0.005
-0.075
-0.700
0.035
0.193
0.473
-1.085
0.212
-1.737
0.379
-1.332
-0.780
-0.792
-0.381
-1.327
0.396
0.014
0.063
-0.098
0.020
-0.416
-0.068
0.279
-0.040
-0.060
-0.153
0.433
-0.340
-1.175
-0.829
0.545
0.016
0.056
-0.181
-0.014
-0.558
-0.121
-1.044
-0.138
-0.887
-1.464
-0.770
-0.628
-1.241
-0.376
-0.238
0.072
-1.743
-2.036
-0.065
-0.203
-0.039
-0.320
0.030
-0.383
-0.027
-0.359
-0.733
-0.073
-0.987
-0.278
-0.402
0.119
-0.937
-0.238
-0.436
-0.356
-0.111
-0.073
0.302
-0.218
0.193
0.352
-0.881
0.078
-1.924
-0.552
-0.044
0.172
1.058
0.571
0.273
0.380
0.875
-0.397
0.509
0.362
0.915
1.561
0.774
-0.055
0.238
0.318
0.164
-0.358
0.333
-1.584
0.851
0.401
-1.314
0.287
-0.071
-2.105
0.268
-0.325
0.333
-0.128
0.946
-0.143
-0.414
-0.596
0.293
-0.237
-0.649
0.280
-1.867
-0.411
0.070
-0.114
-0.850
-1.807
0.011
0.374
-0.351
-0.007
0.317
-1.676
-0.602
-1.540
-0.441
-1.957
-0.806
-0.570
-0.196
-0.263
-0.783
-0.250
-0.216
-0.821
-1.834
-1.223
-1.105
-0.119
-0.076
0.051
-0.032
-0.076
-0.082
-0.060
0.123
-0.558
-0.148
0.032
0.324
-0.105
-0.070
-0.373
-0.367
-0.231
-0.287
-1.425
-1.119
-0.457
-0.082
0.366
-0.135
-0.047
-1.312
-0.191
-0.195
-0.166
-0.157
-0.087
-0.575
-0.580
-0.075
-0.729
-0.467
-0.366
-0.953
-2.903
-0.678
-1.383
0.877
-0.667
-0.153
-1.177
-0.115
-0.083
0.068
-0.083
-0.710
-0.145
-0.478
-0.038
-0.188
0.258
-0.185
-0.076
0.208
-0.679
-0.128
-0.101
-0.533
-0.581
0.014
-0.023
-0.690
0.101
-2.085
-1.286
-0.567
-0.114
-0.861
-0.520
0.198
-1.178
0.043
-0.062
-0.053
-0.385
0.266
0.420
-0.117
0.258
0.201
-0.024
0.350
-1.982
-1.231
0.039
-0.101
-0.408
-0.086
-0.091
-0.193
-0.197
-0.144
-0.168
-0.016
-0.840
-0.420
-0.160
-2.077
-0.737
-0.203
-1.101
-0.295
-0.287
-1.056
-0.269
-0.889
-0.511
-0.626
-3.425
-0.907
0.009
0.867
-0.560
0.232
0.096
-0.308
0.707
0.262
0.036
-0.282
-0.323
0.213
0.044
-0.642
-0.160
0.791
0.190
0.604
0.237
0.412
-0.344
0.101
-0.616
-0.077
0.534
-0.345
-0.751
-0.080
0.190
0.245
0.354
-1.120
-0.219
-0.663
-1.082
-1.231
-0.202
-0.024
0.576
0.932
-0.669
0.482
0.270
0.220
