-1.047
0.229
0.336
-0.341
-0.163
-0.060
-0.022
0.036
0.025
-0.126
0.111
0.062
-0.474
0.029
0.413
0.103
0.045
0.305
-0.333
0.346
-0.074
-0.433
0.123
-0.029
-0.191
0.098
-0.190
-0.605
-0.523
0.085
0.070
0.029
-0.630
0.160
0.028
-4.174
-1.527
-2.163
-1.487
-1.899
-2.163
-1.879
0.026
-0.379
0.068
-0.171
-0.518
-0.748
-2.335
-0.884
-1.955
-2.086
-3.613
-2.230
-1.264
-1.478
-0.787
0.300
-0.078
-4.203
-1.209
-1.210
-2.516
-2.240
-0.473
-2.189
-0.646
-2.150
-0.402
-1.375
-2.588
-0.298
-0.774
0.380
-0.703
-0.971
-0.498
0.174
-0.476
-0.164
-0.012
0.020
-0.287
-1.967
-0.501
1.709
0.912
-0.847
0.457
0.225
0.070
-0.244
0.100
-1.489
-0.257
0.091
0.282
0.554
-0.625
-1.159
-0.088
-0.117
-0.064
-0.063
-0.407
1.602
0.055
0.259
0.370
0.459
0.086
-1.149
0.706
0.223
0.731
0.070
0.044
0.074
0.362
0.378
0.125
0.078
0.447
0.106
0.854
-1.065
0.060
0.773
1.208
-0.359
0.070
-0.140
-0.257
-0.051
1.450
0.171
-0.490
-0.737
1.768
-2.142
-1.429
1.582
1.737
-0.009
-0.129
-0.373
-0.757
-0.035
0.070
-4.635
0.270
-0.198
0.231
-1.513
-1.086
-4.671
-1.916
-0.548
-1.320
0.211
0.104
-1.539
-2.039
-1.007
-0.325
-0.490
-1.914
-0.886
-0.458
-0.481
-1.793
0.129
-0.004
0.809
-0.500
-1.602
-0.805
-1.235
-1.371
-1.453
0.243
-2.748
-0.578
0.022
-0.306
-0.640
-0.301
0.683
0.098
0.309
0.303
-0.055
0.061
-0.806
-0.778
0.881
-0.181
-0.226
-0.581
-2.404
-0.483
-0.006
0.613
0.017
0.300
0.100
-2.204
-1.180
-1.429
0.070
1.377
0.039
1.372
-0.200
-0.139
-0.713
0.365
0.507
-1.644
-2.046
-1.607
-2.950
0.007
-0.661
-1.418
-1.256
-1.053
-0.703
-1.875
-1.316
-0.965
-2.724
-2.965
-3.032
-3.594
-0.277
1.018
-1.978
-1.509
-0.438
-0.661
-1.423
1.083
0.126
-2.915
0.274
0.062
-2.398
-2.756
-0.615
0.511
-0.273
-1.007
-0.529
-1.488
-0.645
-1.689
-0.562
-2.872
-2.335
-1.840
-1.091
-0.524
-0.440
1.062
-0.422
0.619
-0.247
2.474
-2.052
0.070
-0.840
-0.282
0.363
-1.579
-0.127
-0.188
-1.409
0.135
0.088
1.508
-0.033
-0.063
-2.289
0.007
-0.442
0.018
0.070
0.820
0.007
0.333
-0.005
0.130
-0.249
0.471
0.133
-1.685
0.152
-0.811
-0.119
0.171
0.213
0.024
0.433
-0.559
0.110
0.052
-0.077
0.124
-0.093
-0.090
0.101
-0.267
0.058
-0.284
-2.095
-0.296
0.871
0.949
0.244
0.091
0.066
-0.289
-0.305
-1.081
0.077
-0.857
0.070
-0.092
-1.467
-1.226
-0.253
0.581
-0.571
0.244
-0.384
0.167
0.588
0.143
0.014
0.420
-1.735
1.440
-0.899
-2.386
-0.380
-0.149
0.450
0.501
-1.960
-2.144
-2.428
-2.051
-2.119
-0.324
-0.474
-2.528
-2.965
-1.297
-0.510
0.309
-0.029
-0.204
-0.071
0.491
0.066
-1.442
0.034
-2.181
-0.068
-1.201
-0.068
-0.323
0.179
-0.412
0.487
-0.112
0.136
-0.894
0.210
0.693
-0.099
1.034
-0.136
-0.058
-2.802
-1.484
-1.293
0.049
-0.857
0.878
1.669
0.567
-0.478
0.379
-0.414
-0.529
-1.886
-1.039
-2.459
-0.802
-0.861
-0.003
-0.078
-0.081
0.122
0.037
0.058
-3.279
0.076
-0.535
-0.235
-0.617
-0.018
0.027
-0.275
-0.180
-1.069
-0.071
-1.311
-0.459
-1.495
0.127
-0.055
0.670
-0.335
0.138
0.064
-0.411
0.374
-0.894
-0.085
0.173
-0.374
0.127
-1.140
0.006
-0.719
0.070
0.674
1.057
0.045
0.290
-0.031
0.141
1.027
0.882
1.995
0.848
0.633
0.402
1.485
0.460
0.043
-0.990
0.075
-1.665
-0.280
0.637
-0.518
0.907
0.166
-0.166
0.084
-1.909
0.244
0.025
-0.078
-0.069
-0.547
0.070
0.092
0.070
-1.490
0.031
-1.456
-0.880
-2.289
-1.227
-0.694
-0.328
-0.023
0.225
0.070
0.393
0.974
-2.261
-0.751
-1.576
-0.408
-3.368
-2.011
-0.774
-0.098
-0.324
-1.223
-0.535
-0.402
-0.223
-2.878
-0.923
-2.418
-0.082
-0.034
-0.309
0.064
-0.096
0.233
0.204
-0.260
-0.599
-0.438
0.070
-0.280
-0.437
-0.418
-0.743
-0.385
0.068
-0.722
-0.845
-1.067
-1.216
0.140
0.875
0.070
0.306
-0.659
0.135
-1.112
-0.246
0.113
0.104
0.204
-0.595
0.728
-1.159
-0.756
-0.921
-0.338
-4.313
-1.590
-1.212
0.853
0.060
0.235
-0.660
-0.048
-0.032
1.208
0.028
-0.048
0.590
-0.800
0.561
0.036
-1.326
0.164
-0.319
0.070
-0.384
-0.980
-0.121
0.082
-0.826
0.070
1.082
-0.080
0.448
-1.008
-0.016
-0.115
-0.048
-0.013
-0.054
0.019
-0.062
-0.083
-0.891
-0.276
0.070
0.025
-0.149
0.024
0.181
0.046
0.054
0.070
0.129
0.123
0.580
-0.044
0.031
-0.032
0.132
-0.177
-1.054
0.021
-0.769
-0.319
-1.195
-1.475
-0.790
-0.670
-0.100
0.182
-0.634
-0.441
-0.639
-2.091
-0.526
-2.219
-1.422
0.060
-1.027
-0.701
0.190
-0.455
-0.816
0.771
0.272
0.294
0.780
-0.375
-0.510
0.725
0.160
0.171
-0.182
-1.363
-1.311
0.564
-1.585
0.424
0.940
0.152
0.299
1.568
0.384
-0.062
1.402
-0.453
-1.237
0.118
-0.294
2.070
1.066
0.070
-0.072
-1.576
-1.482
-1.106
0.194
0.350
0.091
0.501
-1.182
0.001
1.808
-0.190
