-0.282
0.887
-0.082
-0.034
-0.127
-0.086
-0.277
-0.073
-0.299
-0.261
-0.218
-0.387
-0.087
-0.091
-0.159
-0.059
0.105
0.141
0.412
0.436
-0.573
0.850
0.039
-0.114
-0.076
0.046
-0.109
-0.056
-0.290
0.004
0.172
-0.077
0.521
-0.064
-0.062
-2.387
-3.260
-2.591
-0.557
-1.855
-2.360
-3.464
-0.094
0.326
-0.842
0.024
-0.372
-0.099
-2.627
-2.018
-1.631
-2.009
-1.918
-3.160
-2.727
-1.518
-1.462
-0.082
-0.301
-2.764
-0.784
-1.020
-0.724
-2.298
-2.318
-2.335
-1.316
-0.480
-0.407
-0.330
-0.751
0.081
-0.088
-0.220
-0.611
-1.516
-1.526
0.545
-4.803
-0.280
0.780
-1.233
-0.630
-0.073
0.307
0.295
-1.156
-2.808
-0.289
-0.127
-0.069
-0.057
-0.088
-0.777
-0.880
-0.040
-0.269
-0.047
-1.597
-1.007
-0.110
-0.073
-0.192
-0.781
-0.112
0.016
-0.045
0.025
-0.009
0.369
-0.079
-0.017
0.656
-0.003
0.210
0.033
0.057
0.208
-0.008
-0.174
0.030
-0.028
0.029
0.135
0.134
-1.350
0.988
0.352
0.324
-0.075
-0.063
-0.042
-0.392
-0.439
0.412
-0.212
-0.086
-0.034
0.191
0.004
-0.070
1.008
0.636
-0.270
-0.073
-0.060
0.151
-0.562
-1.119
-2.724
-0.617
-0.061
-0.876
-1.385
-1.332
-2.858
-1.944
-2.765
-1.956
-0.144
-0.239
-2.608
-0.671
-0.552
0.019
0.073
-0.577
-1.863
-0.194
-0.590
-1.285
-0.012
-0.031
-0.019
-0.229
-0.679
-1.598
-0.566
-0.843
-1.194
-0.081
-1.884
0.072
-0.230
-0.354
-0.265
0.186
0.271
-0.109
0.183
-0.073
-0.696
0.066
-2.631
-1.793
0.272
-0.671
-0.668
-0.210
-0.256
-0.290
-0.184
-0.037
-0.146
-0.031
-0.206
-2.421
-2.415
-1.165
0.080
0.029
-0.067
0.221
-0.606
0.098
-0.058
-0.175
0.086
-1.794
-2.937
-1.575
-2.370
-0.726
-1.240
-0.324
-1.622
-0.893
-0.840
-2.152
-0.593
-0.965
-1.749
-1.516
-1.447
-4.459
0.400
0.284
-1.825
-0.027
-0.875
-0.409
-1.112
-0.241
0.010
-3.130
-0.020
-0.689
0.099
-0.926
-1.650
0.351
-0.753
-0.119
0.252
-0.826
-0.519
-1.094
0.058
0.050
-0.938
-0.526
-1.104
-0.881
-0.300
2.253
-0.086
0.442
-0.077
-0.329
-0.646
-0.055
0.045
-0.019
-0.195
-0.804
-0.073
-0.321
-0.161
-0.822
0.480
-0.013
-0.772
-1.971
-0.978
-1.507
-0.100
-0.059
0.125
-0.020
-0.251
-1.424
0.308
-0.075
0.124
0.244
0.041
-0.152
-0.317
-3.357
0.382
0.025
-0.343
-0.487
-1.527
0.102
-0.560
1.495
1.192
1.324
0.247
-0.159
0.991
-0.781
-0.145
-0.225
-2.376
-0.358
-0.307
-0.030
0.067
-0.089
-0.073
-0.118
-0.135
-0.266
-0.013
-0.543
-0.138
-0.012
-2.537
-0.740
-0.048
0.339
-0.739
-0.091
-0.889
-0.652
-0.276
-0.054
-0.095
-0.594
-1.405
0.554
-0.186
-0.154
0.256
-0.393
0.424
0.152
-2.205
-1.380
-1.227
-1.623
-1.233
-0.734
-0.270
-1.212
-1.625
-1.063
-0.073
-0.414
0.045
-0.123
-0.617
-0.467
-0.101
-0.864
-0.110
-3.599
-0.079
-0.780
-0.350
-2.460
-0.915
-1.544
0.011
-0.114
-0.073
-0.011
0.049
-0.049
0.179
0.380
-0.160
-0.169
-0.122
-0.108
-0.407
-0.448
-0.019
0.262
-0.113
0.184
-0.050
-0.349
-0.367
-0.351
-1.276
0.053
-4.445
-1.529
-1.162
-0.987
-0.847
-1.045
-0.596
-0.267
-1.538
-2.559
-0.039
-0.143
0.163
-0.375
0.488
-0.105
-0.073
-0.406
-1.454
0.122
-1.454
-0.213
-0.668
0.098
-0.287
-0.126
-0.243
-0.272
-0.136
0.397
1.176
-0.219
-0.041
0.018
-0.176
0.135
-0.875
-0.236
-0.143
0.044
1.254
0.734
0.129
0.375
0.981
-0.265
0.265
0.305
0.859
0.877
0.238
0.024
0.604
0.152
-0.168
-1.170
0.324
-0.814
0.361
0.178
-1.224
0.721
-0.843
-0.921
0.458
-0.705
-0.078
-0.169
0.283
-0.147
-1.176
-0.594
0.451
-0.269
-1.911
-0.584
-2.415
0.437
-0.712
-0.012
-1.278
-1.383
0.099
0.188
-0.141
-0.091
-0.025
-1.788
-0.940
-1.588
-0.778
-2.239
-1.013
-0.569
-0.310
-0.073
-0.394
-0.037
-0.500
-0.485
-1.514
-0.229
-1.599
-0.047
-0.089
-0.034
-0.043
0.003
-0.105
0.202
-0.310
-0.207
-0.055
-0.167
-0.186
-0.039
-0.255
-0.696
-0.087
-0.090
-0.288
-1.263
-1.673
-1.285
-0.014
0.550
-0.024
-0.105
-1.331
-0.116
-1.116
-0.018
-0.016
0.085
-0.456
-1.637
-0.505
-0.838
-0.335
-0.663
-1.058
-2.436
-1.214
-1.106
-0.073
-0.154
-0.457
-0.544
-0.203
-0.035
1.292
-0.171
-1.337
-0.385
-0.770
-0.073
-0.240
-0.264
-0.007
-0.073
-0.007
-0.453
0.005
-0.124
-0.534
-0.246
-0.052
0.276
-0.903
0.217
-2.376
-1.127
-0.303
0.380
-0.255
0.029
0.023
-0.874
-0.043
-0.220
-0.070
0.148
-0.115
0.244
0.012
-0.117
0.024
-0.037
-0.013
-0.771
-0.702
0.124
-0.073
-0.509
0.003
0.112
-0.323
0.086
0.029
-0.174
-0.076
-1.140
-0.634
-0.390
-1.502
-0.169
-0.491
-1.174
-1.057
-0.073
-1.810
-0.477
-1.031
-1.124
-0.651
-2.444
-0.182
-0.175
-1.115
-0.523
0.202
-0.090
-0.108
-0.002
0.096
0.033
-0.093
-0.739
0.199
-1.215
-0.987
-0.312
0.978
-1.369
0.398
0.705
0.733
0.076
-0.060
-0.416
0.081
0.981
-1.118
-0.612
-0.219
0.239
0.090
0.181
-0.529
-0.581
-0.482
-0.821
-0.372
-0.056
-0.106
0.237
0.041
-1.250
-0.023
0.036
-0.072
