-0.144
-0.009
-0.034
-0.093
-0.295
0.130
0.084
-0.026
-0.358
-0.169
-0.171
-0.204
0.123
-0.274
-0.120
0.036
0.107
0.231
0.144
0.485
-0.327
0.981
0.452
-0.165
-0.029
-0.263
-0.165
-0.039
-0.394
-0.068
-0.322
-0.194
0.440
0.005
-0.105
-2.093
-1.613
-1.965
-0.449
-1.095
-2.122
-2.767
-0.113
-0.055
-0.216
0.240
-0.223
0.072
-2.159
-0.881
-1.724
-0.428
-1.276
-2.269
-1.619
-1.356
-1.146
-0.161
-0.735
-2.455
-1.924
-1.658
-1.186
-1.065
-1.286
-1.114
-0.807
-0.397
-0.264
-0.154
-1.378
0.669
-0.018
-0.233
-0.165
-0.399
-0.165
0.052
-3.315
-0.150
0.273
-1.157
-0.472
-0.240
-0.017
-0.180
-0.678
-1.484
-0.600
-0.248
-0.074
-0.283
-0.150
-0.618
-0.165
-0.047
-0.069
-0.178
-1.417
-0.569
-0.349
-0.035
-0.158
0.018
-0.165
-0.098
-0.092
0.033
-0.045
-0.132
-0.255
-0.062
0.048
-0.096
-0.088
-0.114
-0.194
0.006
-0.057
-0.056
-0.016
-0.082
-0.069
0.235
-0.161
-2.158
0.377
0.092
0.022
-0.436
-0.165
0.287
-0.382
-0.165
0.316
-1.172
0.009
0.227
1.237
-0.075
-0.145
0.976
0.487
0.053
-0.234
-0.200
-0.347
-0.335
-0.101
-1.454
-0.165
0.091
-0.393
-1.816
-0.884
-1.928
-1.271
-1.247
-1.928
-0.350
-0.393
-1.571
-1.199
-0.166
-0.047
-0.162
-0.303
-0.697
-0.183
-0.537
-0.361
0.604
0.785
0.880
-0.647
-1.080
-1.244
-0.287
-0.548
-0.412
-0.021
-1.695
-0.027
-0.186
-0.518
0.017
0.044
-0.052
0.019
0.017
-0.192
-0.165
0.868
-0.299
-0.215
-0.004
-0.166
-0.180
-0.442
-0.165
-0.175
-0.062
1.473
-0.245
-0.185
-0.270
-3.440
-2.202
-0.959
0.220
-0.443
-0.118
0.570
-0.114
-0.154
0.003
-0.164
-0.058
-1.494
-1.038
-0.709
-2.221
-0.560
-0.787
-1.009
-0.310
-0.631
-1.103
-1.062
-0.327
-0.896
-1.288
-0.480
-1.414
-2.984
0.438
0.360
-0.589
-0.215
-0.469
-0.130
-0.511
-0.110
-0.092
-2.068
0.121
-1.200
0.862
-1.083
-0.607
0.685
-0.697
-0.128
0.240
-1.196
-0.277
-0.311
-0.380
-0.028
-0.569
-0.830
0.182
-0.459
-0.158
1.375
-0.137
0.736
-0.665
-0.092
-0.709
-0.048
-0.527
-0.164
-0.159
-0.698
-0.165
-0.645
0.530
-0.411
-0.005
-0.103
-0.321
-0.198
-1.053
-0.773
-0.137
0.005
-0.156
0.029
-0.234
-1.282
-0.114
-0.103
0.077
-0.034
0.114
-0.179
0.008
-1.903
0.884
-0.081
-1.094
-0.337
-1.396
-0.437
-0.708
0.771
1.078
1.754
-0.355
0.652
0.713
-0.670
-0.119
-0.092
-2.346
-0.223
0.456
-0.451
-0.153
-0.162
-0.123
-0.427
-0.257
-0.498
-0.059
-0.529
-0.159
-0.162
-1.907
-0.350
-0.257
-0.302
-0.387
-0.195
-0.393
-0.227
-0.201
-0.030
-0.024
-0.405
-0.214
0.599
-0.171
-0.581
0.009
-0.198
-0.165
-0.061
-2.436
-0.697
-0.572
-0.499
-0.802
-0.797
-0.161
-1.020
-1.656
-0.510
-0.170
-0.660
-0.102
-0.491
-0.332
-0.768
-0.520
-0.957
0.707
-1.221
-0.048
-0.837
-0.505
-1.066
-0.184
-2.132
-0.215
-0.162
-0.132
-0.243
0.269
-0.052
-0.039
0.432
-0.302
-0.136
-0.165
-0.165
-0.112
-0.059
-0.793
0.374
-0.194
0.001
-0.093
-0.157
-0.525
-0.184
-0.548
-0.165
-1.860
-1.628
-0.295
-1.166
-1.436
-0.539
-1.341
0.211
-0.706
-1.905
-0.080
-0.345
0.017
-0.168
-0.149
-0.246
-0.132
-0.166
-0.494
0.277
-1.877
-0.222
-0.316
0.362
-0.059
-0.093
-0.384
-0.289
-0.159
-0.165
0.015
-0.043
-0.151
0.346
-0.295
0.118
-0.890
-1.189
-0.036
0.268
1.677
0.611
0.165
0.367
0.785
-0.231
0.535
0.450
1.419
1.064
0.972
0.571
0.870
-0.076
-0.050
-0.200
0.534
-1.373
0.419
-0.136
-1.775
0.073
-0.267
-2.101
0.143
-0.866
0.144
-0.268
1.269
-0.181
-0.167
-0.477
0.401
-0.165
-1.669
-0.387
-1.699
-1.991
-0.207
-0.236
-0.905
-2.128
-0.299
-0.164
-0.530
-0.261
-0.551
-1.067
-0.446
-1.759
-0.876
-2.732
-1.288
-0.165
-0.165
-0.351
-0.210
-0.211
-0.280
-0.667
-0.428
-0.592
-1.995
-0.158
-0.189
-0.107
-0.065
0.185
-0.188
0.470
0.100
-0.168
-0.083
-0.154
-0.082
-0.083
0.034
0.022
-0.559
-0.464
-0.465
-1.173
-1.326
-0.955
0.242
1.063
0.044
-0.156
-1.000
-0.247
1.035
-0.132
-0.147
0.168
-0.347
-0.567
-0.094
-0.245
0.483
-0.759
-0.911
-2.517
-0.737
-0.956
0.003
-1.002
-0.332
0.020
0.162
-0.167
-0.024
-0.152
-0.346
-0.165
-0.441
-0.097
-0.120
0.150
-0.165
0.037
-0.138
-0.256
0.044
-0.176
-0.498
-0.017
-0.086
-0.109
-0.875
-0.013
-1.471
-0.912
-0.634
-0.141
0.042
-1.228
-0.121
-0.352
-0.148
0.038
-0.001
-0.198
-0.033
-0.055
-0.188
0.403
0.246
-0.047
0.147
-1.002
-0.689
0.297
-0.179
-0.209
-0.133
-0.014
0.066
-0.095
-0.127
-0.169
-0.150
-0.197
-0.401
-0.111
-1.614
-0.785
-0.073
-0.681
-0.608
-0.165
-0.963
-0.711
-0.556
-0.691
-0.473
-2.318
-0.381
0.135
0.333
-0.303
-0.068
-0.049
-0.093
0.488
-0.183
-0.127
-0.043
-1.230
0.071
-0.033
-1.086
-0.290
0.957
-0.662
0.425
1.591
0.263
-1.090
-0.280
-0.263
-0.129
0.324
-0.256
-0.286
-0.138
-0.074
0.006
0.483
-0.267
-0.271
-0.561
-1.287
-0.299
-0.166
-0.199
0.076
1.638
-1.665
-0.187
-0.504
-0.093
