0.031
0.319
0.029
-0.101
0.008
-0.120
0.045
-0.014
1.301
0.016
0.073
0.184
-0.017
0.299
0.061
0.070
0.045
0.139
0.100
-0.786
0.227
-0.007
0.057
-0.145
-0.074
0.229
-0.115
-0.078
0.425
-0.078
0.180
0.037
-0.012
-0.012
-0.079
3.074
2.299
2.029
0.514
1.281
2.924
4.116
0.177
0.637
0.112
-0.010
0.207
0.262
3.345
1.833
2.652
2.084
2.380
3.149
3.881
1.917
1.398
-0.226
0.264
3.438
0.958
0.857
1.526
2.041
1.454
2.539
1.362
0.875
0.429
0.783
1.577
-0.290
-0.682
0.593
0.783
1.785
1.180
-0.565
4.051
-0.436
-0.051
1.753
0.568
0.022
-0.314
0.365
0.720
2.175
0.864
-0.500
-0.122
0.006
0.110
0.530
0.356
-0.235
-0.009
-0.079
1.578
0.249
0.140
-0.063
-0.129
0.198
0.006
-0.176
-0.033
-0.066
0.045
0.006
-0.012
0.157
-0.250
0.001
-0.080
0.006
-0.064
0.172
-0.089
0.006
-0.026
-0.016
-0.165
0.006
0.006
1.582
-0.173
-1.198
-0.146
0.146
-0.121
0.006
0.599
0.671
0.416
0.005
-0.276
0.773
-0.073
0.216
0.154
-0.962
-1.522
0.277
0.017
1.458
-0.119
0.581
0.087
1.141
1.222
0.291
0.762
2.240
3.004
4.112
2.171
1.110
0.777
0.243
0.503
1.847
1.317
0.301
-0.100
-0.085
0.852
0.928
0.493
0.617
0.739
-0.164
0.888
-0.064
0.602
1.253
1.453
0.298
0.109
0.316
-0.290
2.050
-0.143
0.897
0.124
0.050
-0.003
-0.369
0.019
-0.125
-0.192
0.661
-0.240
1.674
1.390
-0.252
0.880
0.547
0.150
0.204
0.284
-0.009
0.069
-0.084
-0.069
0.075
3.668
1.990
0.506
-0.054
-0.149
-0.103
-1.677
0.400
0.047
-0.748
-1.671
-0.163
3.005
2.496
1.340
3.055
0.316
1.082
1.114
0.575
1.318
0.946
1.204
0.433
0.321
2.736
2.236
2.267
3.166
-0.246
-0.993
0.596
0.026
0.846
0.163
1.144
0.084
0.306
1.876
-0.061
1.114
0.099
0.902
0.997
-0.094
1.237
0.003
0.131
0.403
1.141
1.009
-0.239
0.586
1.597
0.258
0.888
0.532
1.348
-1.257
0.141
-0.221
-0.437
-0.158
0.099
-0.331
0.787
0.170
-0.035
0.427
-0.009
-0.247
0.006
0.828
-0.028
-0.123
0.371
0.436
0.053
0.746
0.148
0.006
-0.033
0.001
-0.240
1.602
-0.105
-0.052
-0.069
0.018
-0.088
0.017
-0.830
2.719
-0.806
-0.060
1.347
0.504
0.346
0.090
0.307
-0.006
-0.184
-0.238
-0.064
0.006
-0.444
0.366
-0.295
0.143
1.024
0.424
0.253
0.708
0.021
-0.041
-0.076
0.138
0.027
0.591
0.139
0.514
-0.120
-0.099
1.484
0.780
0.006
0.044
0.832
0.145
1.404
0.151
0.051
0.089
0.020
0.812
0.891
-0.673
1.048
0.504
0.057
0.114
-0.190
-0.274
3.211
2.355
0.627
1.417
2.268
0.989
0.121
1.809
1.757
0.485
0.180
0.138
0.041
0.039
0.371
4.891
-0.414
1.426
0.080
2.512
-0.167
0.983
0.550
0.892
0.034
1.903
0.155
0.025
-0.120
0.327
-0.635
-0.201
0.354
-0.968
0.350
0.111
0.019
0.050
0.466
2.090
1.071
-0.261
-1.135
-0.284
0.006
0.044
0.860
0.045
1.389
0.006
1.661
0.965
0.864
0.457
1.249
1.553
0.253
0.008
1.249
2.997
0.285
0.855
0.052
0.545
-0.096
0.133
-0.160
0.390
0.951
-0.002
1.141
0.261
0.471
0.191
-0.008
0.110
0.023
-0.051
0.074
-0.331
-0.738
-0.171
0.295
-0.113
0.403
-0.971
1.627
0.722
0.265
-0.153
-1.369
-1.027
-0.631
0.027
-0.091
-0.049
-0.104
-0.139
-0.051
-0.924
-0.127
0.006
-0.635
-0.058
-0.043
0.165
-0.108
0.830
-0.202
-0.170
1.140
-0.467
-0.528
1.183
-0.109
0.194
0.168
-0.031
-0.087
0.097
0.332
0.507
0.031
0.199
3.085
0.209
2.788
1.587
1.352
0.149
0.206
1.172
0.052
-0.300
0.114
0.081
-0.080
1.422
0.277
1.802
0.317
3.028
0.977
0.202
0.172
0.351
1.334
0.054
0.230
0.753
1.985
1.190
1.538
-0.192
-0.055
0.356
-0.059
0.041
0.054
-0.467
0.354
0.360
0.018
0.663
-0.027
0.001
-0.004
1.129
0.396
0.186
0.087
1.818
1.337
0.461
0.143
-0.279
0.070
0.161
1.077
0.117
0.102
-0.046
0.010
-0.050
0.587
1.897
0.525
0.876
0.249
0.392
1.809
3.663
1.464
0.981
0.018
0.152
0.249
0.559
0.122
0.411
0.328
0.055
0.481
0.686
0.761
0.223
-0.144
-0.365
0.527
-0.034
0.131
1.246
0.022
0.121
0.982
1.200
-0.302
-0.134
0.475
-0.454
2.412
1.431
1.440
-0.214
-0.015
1.217
0.105
0.281
-0.104
0.041
-0.002
-0.043
0.007
-0.111
0.033
-0.041
-0.029
-0.196
-0.058
1.655
0.851
-0.097
0.139
0.616
0.047
-0.186
0.214
0.047
-0.351
0.064
-0.087
1.359
2.349
0.548
1.134
0.345
0.349
1.071
1.380
0.087
1.914
0.784
1.158
0.787
1.158
1.860
1.151
-0.028
-0.085
0.436
0.006
-0.044
0.264
-0.669
-0.230
-0.083
-0.221
0.702
-0.341
0.758
0.629
0.227
-0.481
0.821
-0.181
-0.268
-0.433
-0.371
-0.650
0.174
0.303
-0.654
0.488
0.338
-0.126
0.002
-0.500
-0.527
1.023
0.242
0.864
0.472
0.304
0.174
-0.135
0.006
-0.893
0.903
-0.127
0.487
-0.038
