-0.501
-0.154
0.114
-0.323
-0.006
-0.080
-0.221
-0.247
-0.286
-0.169
-0.330
-0.613
-0.305
-0.277
1.157
-0.014
0.314
0.281
0.081
0.650
-0.050
1.712
0.949
-0.019
0.052
-0.153
-0.104
0.028
-0.249
-0.015
0.099
-0.099
0.336
-0.097
0.140
-3.635
-1.787
-2.737
-0.661
-1.744
-2.413
-4.173
0.127
0.049
-0.161
-0.793
-0.316
0.024
-2.446
-2.019
-3.009
-2.487
-3.296
-3.504
-2.603
-1.435
-1.199
0.148
-0.761
-3.871
-0.753
-0.936
-1.278
-1.546
-1.222
-2.221
-1.144
-0.513
-0.049
0.159
-0.102
-0.134
-0.023
-0.925
0.135
0.003
0.003
1.499
-2.900
0.008
1.177
-1.324
-1.180
-0.469
0.770
-0.149
-0.878
-2.700
-0.688
-0.171
0.089
-0.705
-0.065
-0.660
-0.214
-0.231
-0.032
-0.095
-1.272
-0.992
0.263
0.177
-0.415
-0.093
-0.430
0.099
-0.009
-0.111
0.051
0.045
0.141
-0.154
0.100
-0.097
0.021
-0.020
0.017
0.128
-0.094
0.260
-0.109
0.018
0.092
0.161
0.025
-1.969
0.238
0.743
0.468
-0.198
-0.007
0.153
-1.019
0.003
0.737
-1.318
0.080
0.001
0.485
-0.182
-0.551
0.175
0.073
-0.249
-0.040
0.029
-0.184
-0.275
-0.873
-2.537
-0.488
-0.088
-0.672
-2.783
-0.472
-3.734
-3.416
-2.865
-3.127
0.118
-1.648
-2.514
-2.019
0.068
0.272
0.005
-0.995
-0.659
-0.168
-0.249
-1.754
0.257
-0.098
-0.076
-0.880
-2.236
-1.241
-0.995
-0.730
-0.697
0.029
-1.002
0.182
-1.055
-0.881
-0.085
-0.030
0.155
-0.678
-0.294
-0.159
-0.338
0.003
-0.997
0.003
0.940
-0.441
-0.343
-0.939
-0.227
-0.282
-0.258
1.037
-0.292
-0.363
-0.261
-4.198
-2.095
-1.137
-0.037
-0.647
0.003
1.470
-0.547
-0.193
0.347
0.089
0.088
-3.011
-2.542
-1.074
-2.763
-0.375
-2.231
-1.367
-0.980
-0.440
0.136
-1.610
-0.338
-0.160
-1.701
-1.811
-1.677
-3.325
0.735
0.613
-0.443
-0.176
-0.918
-0.272
-1.505
-0.353
0.142
-3.383
0.194
-0.636
0.047
-0.860
-1.731
0.050
-1.201
-0.040
0.070
-1.241
-0.461
-2.183
0.242
0.433
-0.748
-0.483
-0.285
-0.969
-1.147
1.957
0.309
0.526
0.056
0.182
-0.167
0.158
-1.263
0.016
0.318
-1.028
0.003
-0.862
-0.165
-0.759
0.170
0.003
-0.711
-0.142
-1.086
-1.197
0.101
-0.459
0.059
0.122
0.395
-2.681
0.547
0.103
0.604
-0.119
0.815
0.242
0.385
-2.804
-0.143
-0.024
-0.024
0.089
-1.033
-0.103
-0.000
1.297
1.453
1.394
-0.474
-0.167
1.501
0.028
-0.053
-0.509
-1.741
-0.171
0.347
0.006
0.032
-0.047
0.044
-0.193
0.075
-0.075
-0.160
0.070
-0.010
-0.112
-1.934
-1.558
0.015
-0.269
-0.598
-0.335
-1.069
-0.382
-0.086
0.000
0.083
-0.577
-1.487
0.518
-0.183
-0.714
0.108
-0.648
0.139
0.029
-2.905
-1.615
-1.140
-2.159
-1.687
-0.055
-0.137
-1.489
-1.384
-0.676
-0.429
-1.085
0.071
-0.409
-0.067
-0.215
-0.114
-2.291
0.083
-2.882
0.326
-1.829
-1.610
-1.092
-0.205
-1.649
-0.069
0.245
0.220
-0.469
0.387
-0.570
0.234
0.446
-0.103
-0.590
-0.495
0.613
0.223
-0.931
-0.536
0.523
0.035
-0.168
0.049
-0.059
-0.651
-0.365
-1.016
0.019
-1.962
-2.469
0.429
-1.226
-2.878
0.003
0.462
0.200
-2.177
-2.037
0.158
-0.005
-0.069
-0.162
0.475
-0.133
0.156
-0.319
-1.155
-0.173
-1.038
-0.530
-0.707
-0.120
0.175
-0.880
-0.532
-0.397
-0.478
-1.401
-0.011
-0.026
0.004
0.504
-0.185
0.296
-2.208
-0.697
0.003
-0.029
0.311
0.386
0.224
0.571
1.404
-0.039
1.025
0.868
0.896
1.252
0.526
-0.287
0.144
0.232
0.027
-0.529
-0.012
-2.994
0.466
0.208
-2.018
0.143
0.342
-1.795
0.636
-0.158
-0.115
-0.080
-0.228
-0.120
-0.090
-1.133
-0.026
-0.667
-1.662
0.017
-3.737
-1.401
0.003
-0.109
-0.915
-2.529
0.085
0.156
-0.150
0.519
-0.243
-1.744
-0.529
-1.463
-0.575
-2.763
-0.976
-0.462
-0.172
0.003
-1.331
-0.192
-0.423
-0.754
-1.850
-0.909
-1.751
-0.368
0.124
0.617
-0.062
0.105
-0.061
0.099
-0.668
-0.141
-0.316
-0.029
-0.100
-0.324
-0.066
0.008
-0.028
-0.305
-0.317
-2.031
-2.161
-0.288
0.183
0.470
0.207
-0.215
-0.253
-0.078
-0.138
-0.080
-0.008
-0.122
-0.296
-0.774
-0.084
-0.934
-0.504
-0.678
-1.279
-3.099
-1.083
-1.067
0.609
-0.099
-0.241
-1.393
-0.475
-0.070
0.291
-0.032
-0.585
0.003
-0.330
-0.140
-0.005
0.050
-0.217
-0.158
0.073
-0.309
-0.192
-0.039
-0.662
-0.816
-0.080
-0.084
-0.785
0.052
-1.537
-0.903
-0.251
-0.918
-1.204
-1.026
0.025
-0.797
0.460
0.032
0.100
0.186
0.036
0.281
-0.070
0.153
0.040
0.038
0.168
-0.383
-0.757
-0.017
-0.004
0.058
0.270
0.141
0.108
-0.002
-0.010
-0.179
-0.130
-1.283
-0.194
-0.297
-1.994
-0.607
-0.442
-0.697
-0.402
0.035
-1.133
-0.006
-1.140
-0.280
-0.402
-4.820
-0.179
0.140
-1.247
-0.391
0.068
0.155
-0.185
1.058
0.361
-0.320
-1.798
-1.311
0.003
0.198
-1.816
-0.784
0.339
-0.110
0.733
0.899
0.095
-1.015
0.494
0.106
0.022
0.118
-0.809
-1.162
0.033
-0.022
0.220
0.282
-1.275
-0.225
-1.048
-1.144
-0.389
-0.135
-0.142
0.211
1.760
-2.105
0.399
0.090
0.180
