-0.267
-0.091
-0.171
-0.168
0.221
0.116
0.253
0.254
1.005
0.313
0.421
0.653
0.513
0.368
-0.752
-0.138
-0.399
-0.106
0.255
0.516
0.703
-0.810
-2.294
0.006
-0.205
0.193
0.216
0.485
0.529
-0.304
-0.089
-0.184
0.060
-0.114
0.002
3.649
2.427
3.171
1.161
1.918
2.537
4.892
-0.088
0.057
0.388
0.244
0.314
0.089
1.773
1.793
2.167
2.358
2.405
3.112
1.803
1.394
1.758
0.187
1.328
4.162
0.781
1.623
1.520
2.330
2.096
3.987
2.371
0.821
0.241
0.943
1.294
0.489
0.664
0.848
1.614
1.373
0.151
-0.634
3.437
-0.187
-1.185
0.771
0.236
0.101
-0.460
-0.389
0.898
2.610
0.527
0.815
0.089
0.076
0.211
0.862
1.205
0.775
0.160
-0.165
2.283
1.785
0.965
0.597
-0.301
0.215
0.409
-0.288
-0.185
-0.167
0.041
-0.433
0.133
0.218
-0.213
-0.279
-0.280
-0.307
-0.185
-0.631
-0.179
-0.320
-0.176
-0.185
-0.185
-0.334
-0.373
2.369
0.046
-1.271
-0.633
0.632
-0.206
-0.231
2.155
0.996
-1.047
1.539
1.398
0.418
-1.942
0.443
5.788
0.089
-1.537
0.241
-0.145
0.138
0.435
0.345
1.929
2.624
1.933
-0.168
0.832
2.576
1.809
4.053
3.069
1.345
2.795
-0.001
0.952
2.506
1.537
0.280
-0.215
0.179
1.218
0.882
0.450
0.333
3.480
-0.508
0.327
-0.171
0.992
2.963
2.127
0.640
1.543
1.522
-0.067
1.936
-0.150
1.017
0.729
1.009
0.311
-0.453
-1.041
-0.568
-0.167
0.389
-0.307
0.968
0.759
0.085
0.712
0.581
-0.084
0.221
0.269
0.272
-0.556
0.260
0.340
0.406
3.824
2.865
1.295
0.084
0.888
0.108
-1.335
0.326
0.687
-4.306
0.042
-0.333
3.865
2.530
1.791
2.991
0.663
2.230
2.317
1.113
1.119
1.976
1.919
1.652
0.964
2.825
2.236
1.396
4.637
-0.171
-1.141
0.830
0.419
1.240
0.420
1.068
0.031
-0.367
4.168
0.065
0.871
0.089
1.366
1.834
0.214
1.276
0.003
-0.352
1.839
0.705
2.068
0.253
0.565
1.639
1.165
0.413
1.786
0.806
-1.614
0.457
-0.838
0.252
0.409
0.915
-0.285
0.748
-0.138
-0.524
1.046
0.089
2.013
0.277
0.308
0.089
-0.139
0.559
1.333
0.809
1.354
-0.145
1.403
-0.091
0.058
0.341
2.920
-0.269
0.113
-0.398
-0.207
-0.262
0.582
0.406
3.898
-0.249
-0.191
2.251
0.182
1.511
-0.295
0.517
-0.788
-1.718
-0.595
-0.076
-0.231
-0.370
0.550
0.098
0.688
2.870
1.258
0.086
-0.067
0.006
0.246
-0.200
0.642
0.370
1.321
0.451
0.712
0.308
0.147
2.695
2.025
0.141
0.039
0.712
0.558
1.119
0.478
0.313
0.215
0.216
0.670
2.077
-0.878
0.535
0.090
0.268
0.363
-0.902
-0.275
3.662
1.523
1.363
2.136
1.877
0.635
0.162
1.498
2.731
1.349
1.451
1.603
0.224
1.262
0.673
1.512
1.346
3.092
0.167
2.973
-0.083
1.578
1.442
1.240
0.947
1.497
0.757
0.080
0.063
-0.168
0.598
-0.448
-2.279
-1.437
0.104
0.564
0.199
-0.353
1.256
0.984
0.842
-0.522
0.646
-0.243
0.249
0.277
0.891
1.242
1.179
-0.279
1.872
1.762
0.392
1.007
1.261
1.386
1.032
0.706
2.328
2.422
0.156
2.344
-0.149
0.644
-0.459
0.300
0.669
0.160
1.068
-0.244
1.233
0.443
0.424
0.053
0.512
0.089
0.971
0.171
0.068
0.202
-0.584
0.030
-0.019
-0.312
0.413
-0.550
1.839
1.191
0.089
-0.279
-1.067
-0.761
-0.425
-0.162
-0.938
0.044
-0.171
-0.434
-1.399
-1.020
-0.254
-0.265
-0.570
-0.197
-0.155
0.408
-0.426
1.557
-0.691
-0.326
1.760
-0.318
0.432
2.091
0.227
1.051
0.487
0.340
0.289
0.336
0.689
0.627
-0.520
0.443
2.318
1.316
3.129
1.212
1.271
0.829
2.214
3.292
0.457
0.436
0.803
0.692
0.744
1.293
0.082
2.188
0.797
2.840
0.978
0.679
0.981
0.343
1.275
0.389
0.289
0.943
2.369
0.911
2.086
0.384
0.076
-0.204
0.089
-0.020
-0.170
-0.813
0.568
0.478
0.328
0.274
0.300
0.101
-0.218
0.302
0.956
0.501
0.521
2.699
2.287
0.702
0.094
-0.742
0.206
0.334
0.494
0.326
0.418
-0.411
0.191
-0.079
0.521
0.994
0.419
1.481
0.446
1.000
0.943
4.193
1.000
1.327
0.030
1.163
0.275
1.147
-0.080
0.531
0.211
0.223
1.006
0.130
0.551
0.327
0.264
-0.259
0.353
-0.287
-0.034
0.451
0.446
0.338
0.563
1.148
-0.487
-0.511
1.129
0.084
3.539
1.228
1.923
-0.001
0.838
0.956
-0.349
2.639
-0.100
0.068
-0.483
0.325
0.088
-0.708
0.063
-0.051
-0.175
-0.129
-0.203
1.569
1.356
0.551
-0.015
0.265
-0.250
-0.159
0.333
0.324
0.260
0.531
0.028
0.909
0.388
0.252
1.732
1.123
0.925
1.107
0.102
0.089
1.171
0.135
0.995
1.309
0.991
4.438
0.823
0.043
0.181
0.741
-0.861
0.131
0.151
-0.857
-0.494
0.508
0.250
0.820
-1.273
-0.122
1.630
1.026
-0.840
0.391
-0.341
-1.015
-0.716
1.622
0.276
0.962
-0.158
-0.542
1.173
0.962
-0.205
-0.204
-0.204
-0.944
0.673
0.445
0.581
0.765
0.343
0.023
-0.264
-0.290
-1.617
2.290
-0.521
0.723
0.138
