0.299
0.122
-0.110
-0.061
-0.090
0.040
0.111
0.103
0.093
0.234
0.457
0.104
0.269
0.849
0.277
-0.096
-0.884
-0.484
0.016
-0.076
2.320
-1.260
-0.957
-0.020
-0.036
0.259
0.573
0.294
0.242
0.098
0.019
0.056
-0.063
0.352
0.137
1.403
1.579
2.581
0.462
1.395
1.818
2.536
-0.071
0.008
0.047
0.246
0.472
0.444
2.044
1.565
2.604
1.164
2.565
2.548
2.499
1.985
0.966
-0.023
0.514
3.942
0.733
1.032
0.973
1.518
0.671
1.924
1.476
0.072
0.125
-0.428
0.880
-0.291
-0.859
0.450
0.388
1.710
0.045
-1.114
2.864
-0.233
-0.052
1.411
0.574
0.424
-0.545
0.119
0.831
2.245
0.688
-0.664
-0.267
0.059
0.130
0.880
0.265
-0.704
0.153
-0.035
0.791
0.223
0.012
-0.043
0.279
0.334
0.475
-0.139
0.150
-0.071
-0.071
-0.172
0.098
0.130
-0.071
-0.071
-0.079
-0.071
0.179
-0.071
0.092
-0.071
0.113
-0.071
-0.047
-0.071
-0.214
2.155
-0.346
-0.320
-0.595
0.955
0.111
0.114
0.124
0.173
-1.661
1.306
0.954
0.763
-0.236
0.609
-0.071
-0.494
-1.247
0.327
0.228
0.165
0.040
0.146
0.607
0.539
0.891
-0.435
1.299
1.617
2.200
2.964
2.377
3.080
1.776
-0.664
0.124
2.128
1.364
-0.071
0.189
0.224
0.719
0.714
0.657
0.588
3.627
-0.120
0.013
-0.071
0.587
1.485
0.669
0.365
1.264
0.616
-0.161
1.307
-0.317
0.651
0.594
1.117
1.768
-0.639
0.393
0.995
-0.008
-0.071
-0.430
-0.071
0.376
-0.056
0.806
0.305
0.478
0.460
0.604
0.174
-0.709
0.171
0.632
0.100
2.713
3.028
0.613
-0.048
1.635
-0.015
-0.701
0.432
0.138
-0.460
-0.055
-0.624
2.535
1.916
1.326
2.320
0.301
2.441
1.034
0.814
0.429
0.381
0.850
0.677
0.024
1.396
1.259
1.722
3.441
-0.080
-0.367
0.657
0.036
0.319
0.156
1.121
0.748
-0.107
1.937
0.113
0.631
0.124
0.858
1.686
-0.045
0.943
0.122
-0.036
1.098
0.152
1.225
-0.374
0.023
1.530
0.640
0.611
1.028
0.972
-0.594
-0.150
0.258
0.630
-0.315
0.781
-0.071
1.217
-0.055
-0.150
0.387
0.230
-0.749
0.193
0.712
-0.461
-0.034
0.456
0.556
1.164
0.883
-0.069
0.068
0.097
0.031
-0.090
1.668
-0.178
-0.068
-0.454
-0.395
-0.215
0.036
0.283
2.060
-1.351
0.035
0.290
-0.622
0.006
0.132
-0.180
-0.666
-1.782
-0.731
0.072
0.372
-0.880
0.691
0.156
0.604
2.637
0.523
-1.084
-0.639
-0.561
0.166
-0.028
0.399
0.337
0.345
0.204
0.073
0.026
0.051
2.132
1.387
0.195
0.661
0.632
0.435
1.127
0.451
0.915
0.030
-0.071
0.399
1.088
-0.379
0.704
0.368
-0.005
0.446
-0.385
-0.203
2.255
1.348
1.074
1.890
1.125
0.604
0.109
1.542
1.745
0.812
0.696
0.566
0.022
0.217
1.180
0.143
0.700
0.220
-0.062
1.789
-0.142
1.607
1.399
1.299
0.050
1.922
-0.507
0.382
0.218
0.399
1.024
-0.020
-0.432
-1.437
0.251
0.311
0.369
-0.065
-0.325
2.366
0.323
-0.663
0.095
0.149
0.401
0.073
0.966
0.452
1.313
0.763
1.511
1.403
0.105
0.891
0.765
0.051
0.891
0.295
2.672
2.632
-0.038
0.130
0.102
0.574
0.430
0.502
0.113
0.409
1.056
0.096
0.906
0.637
0.569
0.163
0.923
1.366
0.310
-0.208
0.174
0.305
0.054
0.185
0.273
-0.710
1.221
0.345
1.621
1.049
1.380
-0.272
-0.992
-0.226
0.083
-0.186
-0.140
0.003
-0.585
-0.989
-1.128
-0.242
0.399
0.101
-0.411
-0.139
-0.052
0.301
-0.488
1.843
-0.798
-0.378
0.562
-0.318
0.381
1.261
-0.405
0.853
0.026
0.248
0.343
1.096
0.272
-0.034
-0.216
0.357
2.492
0.351
2.299
0.380
0.125
-0.071
1.723
2.428
0.173
0.015
0.318
0.066
0.320
1.694
0.714
1.286
0.394
2.198
0.493
0.243
0.752
0.054
1.032
0.539
0.272
0.931
1.507
1.220
0.805
0.253
0.335
0.311
0.261
0.304
1.127
0.076
0.002
0.467
0.466
0.198
0.038
0.351
0.786
0.350
0.092
0.332
0.475
1.561
1.883
0.199
-0.362
-0.228
-0.207
0.271
0.465
0.208
-0.071
0.126
0.067
0.064
0.287
0.952
0.321
0.960
0.321
1.343
1.442
3.839
0.510
0.802
-0.203
0.623
0.190
0.870
0.205
0.257
-0.561
0.172
0.568
0.125
0.631
0.490
0.284
-0.160
0.977
0.562
0.125
0.815
0.103
0.223
0.526
1.357
0.053
-0.698
0.838
-0.121
3.565
0.536
-0.071
1.938
1.687
0.523
0.608
0.205
-0.244
0.267
-0.275
-0.067
0.004
-0.071
0.417
0.214
-0.112
0.317
0.057
2.828
-0.222
-0.257
-0.185
0.203
0.904
0.476
0.090
0.205
0.200
-0.020
0.165
0.529
0.411
0.286
2.452
0.723
0.625
0.675
0.047
-0.064
1.284
0.024
0.772
0.429
0.341
1.952
0.644
0.070
1.031
0.587
-0.525
-0.028
0.143
-0.252
-0.119
0.506
0.030
1.135
0.507
-0.128
1.030
0.289
-0.699
-0.016
-0.145
-0.191
-0.195
0.558
-0.830
-0.206
-0.224
-0.858
0.801
0.664
-0.235
-0.108
-0.300
-0.490
0.396
0.218
0.220
0.848
0.804
0.128
-1.179
0.244
-0.752
1.942
0.087
-0.494
-0.084
