-0.003
-0.092
-0.092
-0.230
-0.092
-0.149
-0.361
-0.092
-0.650
-0.473
-0.306
-0.092
-0.092
-0.092
-0.848
-0.092
0.818
0.267
-0.251
-0.188
-0.003
1.312
0.207
-0.092
-0.092
-0.092
-0.092
-0.092
-0.164
-0.092
-0.008
-0.076
-0.055
-0.092
-0.092
-1.771
-1.605
-2.054
-0.786
-1.505
-0.914
-1.988
-0.116
0.302
-0.457
-0.338
-0.092
-0.092
-1.105
-0.726
-0.381
-0.347
-1.065
-1.139
-2.253
-0.748
-1.253
-0.362
-0.137
-1.911
-0.354
-1.216
-0.766
-1.687
-1.175
-0.558
-2.029
-0.639
-0.104
-0.091
-1.292
0.062
-0.539
-1.036
-0.244
-1.457
-0.092
0.926
-1.139
-0.126
0.329
-0.380
-0.332
-0.056
0.150
0.237
0.036
-0.441
-0.064
-0.435
0.181
-0.092
0.006
-0.750
-0.092
-0.043
-0.135
-0.008
-0.584
-0.227
-0.092
-0.319
-0.048
-0.076
-0.117
-0.092
-0.092
-0.068
-0.090
1.416
-0.092
-0.092
0.143
0.382
0.400
0.192
-0.092
0.583
0.041
0.104
-0.092
-0.015
0.074
1.343
0.845
0.251
-0.080
0.016
-0.092
-0.092
-0.328
-0.092
0.951
-0.250
0.254
0.132
-0.075
-0.360
0.061
-0.130
-0.079
1.016
0.871
0.108
-0.117
-0.092
-0.273
-0.083
-0.226
-3.048
0.429
0.095
-0.519
-0.803
-0.201
-1.711
-2.180
-1.808
-1.216
0.889
-0.312
-2.204
-0.750
-0.092
0.549
-0.092
-0.309
-0.382
-0.162
-0.486
-0.092
0.325
-0.091
0.063
-0.092
-1.927
-0.683
-0.158
-0.323
-2.629
-0.172
-1.930
-0.092
-0.393
-0.775
0.642
0.208
0.676
1.105
-0.884
-0.137
-0.237
-0.092
-1.031
-0.007
0.146
-0.421
-0.629
-0.217
-0.008
-0.107
-0.274
0.041
-0.239
-0.135
-0.002
-1.422
-0.267
-0.563
-0.054
-0.032
0.589
1.375
-0.180
-0.086
1.323
-0.071
0.012
-0.843
-2.259
-1.216
-0.765
0.015
-0.424
-1.202
-0.765
-2.015
-0.599
-0.716
-1.448
0.016
-1.316
-0.619
-0.872
-2.252
0.163
1.993
-0.075
-0.393
-0.472
-1.047
-0.256
0.273
0.015
-2.312
-0.061
-0.092
-0.092
-0.388
-0.571
-0.092
-2.638
-0.427
-0.293
-0.092
-1.365
-0.806
-0.092
-0.092
-1.850
-0.048
-0.092
-1.273
-1.963
0.937
0.118
-0.119
-0.570
0.037
-1.305
-0.092
0.430
-0.092
0.221
-0.825
-0.092
1.192
-0.092
-0.092
0.038
-0.090
-0.494
-0.163
-0.534
-0.246
0.144
0.409
-0.070
-0.092
-0.092
-0.549
0.713
-0.092
-0.074
-0.092
0.953
-0.402
0.094
-1.208
1.247
-0.104
-2.085
1.881
-1.192
-0.148
0.106
-0.087
1.778
1.119
0.688
-0.868
1.649
-0.092
-0.092
-1.003
-1.522
-0.617
0.247
-0.067
-0.219
-0.092
-0.092
-0.092
-0.060
-0.208
-0.094
-0.522
-0.010
-0.092
-0.418
0.561
-0.201
0.099
-0.871
-0.803
-1.932
-1.903
-0.611
-0.131
0.019
-0.092
-1.958
-0.092
-0.495
-0.688
-0.092
-0.007
-0.022
-0.092
-2.037
-1.854
-0.723
-0.844
-0.771
-0.092
-0.648
-0.880
-1.847
-0.182
-0.670
-0.227
-0.092
-0.729
-1.612
-1.571
0.480
0.368
-0.208
-0.546
1.027
-1.293
-0.866
-0.722
-0.552
-1.036
0.002
-0.092
-0.092
-0.321
-0.313
-0.389
-0.381
1.270
-1.197
-1.244
-0.120
-0.092
-0.099
-0.715
-1.104
0.667
-1.261
-0.092
-0.092
-0.322
0.027
0.020
-0.503
1.471
-0.884
-1.060
-1.007
-0.885
-0.880
-1.964
-1.614
-0.017
-0.190
-0.685
0.450
-0.167
-0.355
-0.628
-0.543
-0.151
-0.092
-0.252
-0.529
0.460
-0.348
-0.161
-0.942
-0.092
-0.450
-0.092
-0.489
-0.092
-0.092
-0.092
0.665
-0.092
-0.092
0.330
-0.092
-0.092
-0.254
-1.233
-0.227
-0.047
1.182
0.298
-0.092
-0.092
0.358
-0.085
0.715
0.391
1.255
0.881
0.304
-0.022
1.578
-0.010
-0.050
-0.222
-0.464
-0.919
-0.073
-0.092
-0.543
0.597
-0.609
0.099
-0.873
-2.357
-0.104
-0.092
-0.092
-0.092
-0.092
-1.173
0.151
-0.092
-0.756
-0.049
-0.226
0.011
-0.083
-0.092
-0.229
-0.092
-0.115
0.332
-0.025
-0.399
-0.408
-1.603
-0.190
-2.273
-1.400
-0.561
-0.257
-0.092
-0.900
-0.179
-0.360
-0.462
-0.306
-0.364
-0.822
-0.464
-1.193
-0.288
-0.092
0.405
-0.092
-0.092
-0.082
0.274
0.197
-0.092
-0.092
-0.081
-0.344
-0.092
-0.092
-0.092
-0.137
-0.188
-0.549
-0.188
-1.110
-0.092
-0.092
0.452
-0.092
-0.092
-0.130
-0.092
-0.059
-0.092
-0.092
-0.231
-0.092
-1.045
-0.594
-0.673
-0.355
-0.149
-0.951
-1.365
-0.602
-1.103
-0.092
-0.522
-0.092
-0.845
0.018
0.465
-0.074
-0.310
-0.199
-0.092
-0.220
-0.508
-0.465
-0.347
-0.092
-0.248
-0.092
-0.358
-0.222
-0.440
-0.217
-0.626
-0.117
-0.092
-1.803
-0.092
-0.303
-0.034
-0.184
0.025
0.079
-0.396
-0.187
-0.660
-0.092
-0.092
0.009
-0.092
0.139
0.266
0.133
0.466
0.657
0.237
1.165
0.318
-0.825
-0.620
-0.080
-0.246
-0.239
-0.055
-0.092
-0.092
-0.083
-0.092
-0.092
-0.092
-0.092
-0.092
-1.196
-0.763
-1.094
-0.849
-0.549
0.130
-1.237
-0.263
-1.039
-0.988
-0.183
-0.680
-0.919
-0.195
-0.793
-0.284
0.852
-0.456
-0.869
0.941
-0.121
-0.092
-0.811
-1.049
0.736
-0.322
-0.967
-0.932
-0.092
0.374
0.432
-0.040
0.935
0.477
0.745
-1.198
-0.105
0.777
-0.878
-0.506
-0.092
-0.092
-0.031
0.810
0.000
-0.185
-0.216
-0.998
-0.334
-0.271
-0.007
-0.092
0.516
-1.520
-0.056
-0.009
-0.177
