-0.490
-0.154
-0.762
0.242
0.077
0.078
0.064
-0.231
-0.496
-0.219
-0.580
-0.357
0.043
0.152
-0.057
0.111
0.221
0.120
0.009
-0.113
-0.322
1.480
0.502
0.073
0.092
1.518
0.066
0.091
-0.298
0.091
-0.118
-0.036
-0.535
-0.528
0.131
-2.125
-2.009
-2.424
-0.471
-1.253
-0.369
-4.489
0.091
0.091
-0.089
0.015
-0.096
-0.586
-1.692
-1.607
-2.237
-1.201
-1.920
-3.298
-3.036
-2.087
-1.566
0.076
-0.252
-1.710
-1.543
-1.576
-1.549
-2.394
-0.976
-2.376
-1.534
-0.448
0.378
-0.539
-1.725
0.689
-0.031
-0.330
-1.324
-0.133
-0.539
0.423
-3.006
0.197
0.262
-1.053
-0.662
-0.306
0.117
0.125
-0.320
-2.060
-0.559
0.083
0.407
-0.180
-0.006
-0.505
-0.115
0.166
0.292
-0.034
-0.597
-0.425
0.003
0.091
0.503
0.091
-0.127
0.363
0.082
0.129
0.307
1.202
0.424
0.091
0.419
0.251
0.303
0.127
0.086
0.364
0.139
0.438
0.091
0.038
0.453
0.487
1.184
-3.180
-0.004
1.870
0.817
-0.535
-0.071
0.109
0.015
0.997
0.798
0.049
-0.485
-0.134
2.485
-0.285
0.041
2.246
1.649
-0.178
-0.269
0.049
-0.098
0.000
0.078
-1.218
-0.311
0.204
-0.732
-1.391
-2.936
-4.108
-2.170
-4.570
-2.171
0.606
-1.042
-2.478
-1.369
-0.010
0.547
-0.188
-1.083
-1.288
0.091
-0.035
-1.720
0.293
0.204
1.007
-0.721
-0.889
-1.086
-0.782
-0.561
-0.483
0.376
-1.490
0.135
-0.194
-0.118
0.091
0.163
0.989
-0.274
0.146
0.192
-0.647
0.091
-1.456
-0.681
1.046
-0.424
-0.686
-0.075
-0.289
-0.059
0.091
0.249
0.094
0.100
0.088
-2.361
-2.898
-0.607
-0.197
1.158
0.051
2.655
0.473
-1.546
1.351
0.793
0.045
-5.674
-1.293
-0.438
-2.459
-0.799
-0.929
-1.304
-0.372
-2.216
-1.189
-2.403
-1.074
-0.633
-2.623
-2.280
-0.705
-2.194
0.250
1.719
-0.720
-0.431
-0.405
0.091
-1.169
0.004
-0.096
-2.264
0.004
-0.547
-1.458
-0.880
-0.968
-0.223
-1.038
-0.027
-0.258
-1.045
-1.056
-1.774
-0.060
-0.306
-1.035
-1.079
-3.369
-0.978
-0.518
1.633
0.149
0.341
-0.501
0.246
-1.603
0.091
0.178
-0.206
0.091
-0.144
-0.217
1.238
0.040
-0.637
-0.061
0.203
-0.164
-0.091
-0.274
-0.535
0.012
-0.215
-0.251
0.416
-0.657
-1.723
0.120
-0.133
0.095
0.077
0.688
-0.168
-0.590
-1.920
1.255
-0.400
-3.787
-0.100
-0.973
1.994
-1.325
0.085
0.695
0.535
-0.232
-0.229
1.729
-1.011
0.344
0.251
-0.838
-0.250
-0.370
-0.358
0.096
0.332
0.087
-0.096
0.074
-0.390
0.121
-1.035
-0.084
0.051
-0.416
0.377
-0.005
-0.197
-1.009
-0.272
-0.576
-0.712
-0.155
0.168
0.900
-0.415
-1.612
1.082
-0.545
0.091
0.530
-0.036
0.460
0.075
-4.811
-1.636
-1.975
-1.584
-1.394
0.090
-0.001
-1.473
-2.513
-0.754
-1.371
0.004
0.052
-0.441
-1.047
-0.137
-1.099
0.258
-0.005
-2.716
0.280
-1.791
-2.513
-0.989
-0.511
-0.226
-0.122
-0.653
-0.658
-0.187
-0.743
0.185
0.128
1.584
0.160
0.221
-0.208
0.955
0.068
-0.884
-0.630
0.837
0.009
-0.467
-0.271
0.433
-0.891
-0.083
-0.506
0.214
-2.055
-0.509
-0.285
0.100
-0.233
0.657
-0.549
0.114
-1.110
-4.098
0.171
-0.293
-0.217
-1.611
-0.427
-0.235
-0.051
0.090
-0.564
0.156
-1.702
-0.024
-0.509
0.071
-1.818
-0.704
-0.996
0.005
0.049
-0.007
0.175
-0.437
0.090
0.113
-0.030
1.609
-1.771
-0.801
-0.783
0.097
0.406
0.867
0.034
0.448
1.121
0.479
1.060
0.585
1.499
2.066
-0.122
1.294
1.668
0.541
0.087
0.091
0.144
-0.373
0.267
0.066
-1.655
0.269
1.244
1.707
1.439
-0.603
0.566
0.102
0.693
0.003
-0.068
0.053
0.440
-0.132
-1.109
-0.407
-1.986
-1.208
-2.063
0.045
-1.613
-1.705
-0.195
0.013
-0.182
0.506
-1.169
-0.944
-0.283
-0.896
-0.170
-1.843
-0.920
-0.020
-0.140
0.073
-0.295
-0.073
0.091
0.091
-1.409
-1.062
-1.301
-0.195
0.174
0.214
-0.456
-0.137
0.094
-0.069
0.127
-0.047
0.038
0.100
-0.027
-0.324
0.091
-0.129
-0.594
-0.115
0.091
0.085
-0.607
-0.919
-0.276
0.770
0.155
-0.692
-0.792
0.082
0.094
-0.186
0.028
-0.302
-0.507
-0.926
-0.028
-1.737
0.096
-1.504
-0.904
-1.982
-0.276
-0.329
-0.164
0.046
0.039
-0.827
0.577
0.060
0.281
0.063
-0.550
-0.214
-0.151
-1.087
-0.055
-0.924
-0.318
-0.123
0.086
0.082
-0.561
0.070
-0.559
-1.081
0.076
0.244
-0.632
0.616
-1.523
-0.620
-0.007
-0.398
0.028
-0.541
-0.303
0.091
0.095
0.091
0.044
0.146
0.155
1.852
0.091
0.156
0.460
0.166
0.383
-2.614
-1.502
0.131
0.219
-1.264
-0.164
0.167
0.238
2.350
0.230
-0.649
0.028
-0.566
-0.317
0.024
-0.242
-0.179
-0.042
-0.528
-0.577
0.122
-1.008
0.063
-0.779
-0.932
-0.979
-1.804
-0.723
0.054
-1.624
-0.099
0.089
0.304
0.112
0.873
0.356
0.317
0.083
-1.436
0.732
-1.470
-1.327
-0.102
0.231
-0.038
1.003
0.276
1.175
0.102
1.257
-1.250
-0.133
0.179
-0.822
-0.646
0.378
-0.194
0.139
1.057
-0.831
0.038
-0.985
-1.765
-0.423
0.134
0.426
-0.126
2.656
-1.811
-0.132
-0.127
0.029
