-0.620
-0.035
-0.007
-0.035
0.392
-0.464
-0.032
-0.051
-0.239
-0.035
-0.346
-0.069
-0.035
0.025
0.002
0.034
0.802
0.368
0.015
0.042
-0.606
0.500
0.982
-0.054
-0.052
0.016
-0.064
-0.004
-0.479
-0.206
-0.035
-0.073
0.585
-0.272
-0.035
-2.591
-1.647
-3.399
-1.072
-2.157
-2.092
-3.440
-0.103
0.084
-0.133
0.372
-0.131
-0.063
-2.173
-1.499
-2.417
-2.536
-2.923
-2.881
-2.198
-1.875
-2.240
-0.035
-1.160
-3.415
-1.316
-1.908
-1.527
-2.350
-1.616
-1.864
-1.824
-0.934
-0.238
-0.415
-0.796
0.846
1.291
-0.337
-0.035
-0.035
-0.035
0.714
-4.303
-0.076
1.412
-1.439
-0.586
-0.165
0.542
0.023
-1.221
-1.803
-0.343
-1.003
0.153
-0.126
-0.142
-0.135
-0.201
-0.051
-0.147
-0.060
-0.977
-0.436
-0.035
-0.202
-0.155
-0.273
-0.159
0.151
-0.176
0.220
-0.027
-0.032
-0.157
-0.216
0.049
-0.010
-0.021
-0.035
-0.049
0.008
0.001
0.056
-0.228
-0.022
-0.032
0.084
-0.035
-2.276
0.104
0.230
0.701
-0.756
-0.075
0.204
-0.077
-0.026
0.110
-1.379
0.195
0.136
0.917
0.054
0.002
2.740
0.594
-0.284
-0.392
0.272
-0.508
-0.254
-0.702
-2.792
-0.293
-0.005
-0.968
-2.006
-1.476
-3.272
-2.685
-2.272
-1.160
0.207
-0.939
-2.344
-2.599
0.016
-0.066
0.032
-1.220
-0.566
-0.083
-0.110
-0.738
-0.142
0.119
0.222
-0.840
-0.813
-1.285
-0.898
-2.245
-0.556
-0.067
-2.146
-0.057
-0.907
-0.753
-0.065
-0.229
0.269
-0.580
-0.301
-0.019
0.160
0.474
-0.266
-0.161
-0.000
-0.505
-0.232
-0.678
-0.261
-0.092
-0.372
1.721
-0.489
-0.551
-0.175
-2.691
-3.897
-1.150
-0.103
-0.365
0.340
1.263
-0.690
-0.604
2.054
-0.242
-0.017
-3.534
-3.072
-1.704
-2.939
-0.755
-1.708
-1.478
-0.978
-0.960
0.032
-1.406
-1.184
-0.667
-2.064
-1.539
-1.695
-4.423
1.011
1.285
-1.125
0.615
-1.011
-0.327
-0.345
-0.038
0.167
-3.102
-0.306
-1.399
-0.109
-1.077
-2.013
0.028
-1.149
-0.701
-0.032
-1.433
-0.311
-2.640
0.192
0.471
-0.767
-1.669
-0.448
-1.453
-0.622
0.813
-0.042
0.373
-0.073
-0.014
-0.417
-0.015
-1.130
-0.143
-0.086
-0.916
-0.057
-0.952
-0.037
-0.593
-0.011
-0.054
-0.588
-0.080
-1.407
-1.063
-0.024
-0.040
-0.193
0.398
-0.936
-0.153
0.073
-0.127
0.049
-0.031
-0.302
-0.699
0.702
-3.265
0.450
-0.060
-0.330
-0.148
-1.065
0.171
0.284
0.351
2.318
0.726
0.623
0.035
0.891
-0.764
-0.104
-0.531
-3.757
0.240
0.489
0.311
-0.087
-0.479
-0.231
-0.406
-0.216
-0.967
-0.249
-0.756
0.057
-0.117
-2.533
-1.937
-1.358
-0.986
-0.811
-0.321
-1.106
-0.702
0.197
-0.059
-0.070
-0.114
-1.205
0.449
-0.865
-0.305
-0.050
-0.073
0.441
0.140
-2.659
-1.438
-0.943
-1.636
-1.507
-0.588
-0.417
-1.997
-2.095
-0.868
-0.136
-1.021
-0.060
-0.558
-0.499
-0.039
0.759
-0.433
0.051
-1.574
0.269
-0.383
-0.645
-0.838
-0.195
-1.430
0.059
-0.293
-0.452
0.074
-0.041
0.592
0.373
1.167
-0.330
-0.386
-0.492
-0.675
-0.035
-0.536
-0.036
-0.184
0.033
-0.035
-0.088
-0.356
-0.927
0.125
-2.510
-0.229
-1.451
-1.843
0.142
-1.186
-1.637
-0.035
-0.889
-0.311
-2.239
-3.215
-0.097
-0.283
-0.051
-0.126
-0.072
-0.783
-0.208
-0.092
-0.527
0.404
-2.008
-0.393
-0.897
-0.064
-0.584
-0.038
-0.321
-0.033
-0.058
0.369
0.967
-0.040
-0.385
0.024
-0.493
0.921
-2.124
-0.730
0.142
-0.094
1.414
0.628
-0.008
0.612
0.802
-0.067
0.721
0.750
1.954
2.803
-0.035
-0.034
-0.062
0.146
0.434
0.108
-0.011
-2.426
0.470
0.026
-2.043
0.426
-0.547
-2.134
0.641
-0.745
-0.221
-0.053
-0.052
-0.323
-0.360
-0.974
-0.035
-0.220
-1.760
-0.080
-2.465
-0.529
0.380
-0.165
-0.317
-1.567
0.045
0.305
0.580
-0.695
-0.138
-0.958
-0.150
-2.228
-1.019
-2.201
-0.253
-0.610
-0.035
-0.204
-0.924
-0.520
-0.543
-0.300
-0.910
-0.752
-1.558
-0.051
-0.116
0.744
-0.016
0.488
-0.105
0.973
-0.041
-0.278
-0.440
0.015
-0.074
0.154
-0.325
-0.155
-0.209
-0.333
-0.301
-2.349
-2.055
-0.197
0.057
0.204
-0.103
-0.387
-1.214
-0.637
-0.035
-0.045
-0.035
-0.335
-1.105
-0.986
-0.272
-1.207
-0.437
-0.800
-1.091
-3.293
-1.101
-1.546
0.383
-0.220
-0.239
-0.153
0.242
-0.054
0.529
-0.342
-1.812
-0.838
-0.952
-0.033
-0.113
0.822
-0.070
-0.011
-0.021
-0.693
-0.311
-0.177
-0.562
-0.158
-0.071
0.388
-1.062
0.119
-1.729
-1.347
-0.212
-0.098
-0.270
-0.612
0.351
-1.070
-0.402
-0.061
-0.009
-0.202
-0.034
0.477
-0.130
0.499
0.130
0.055
0.265
-1.818
-0.610
0.183
-0.010
-0.154
-0.098
-0.650
-0.092
-0.129
-0.073
-0.429
-0.153
-0.904
-0.301
-0.178
-1.589
-0.386
0.098
-1.102
-0.649
-0.394
-0.527
-0.048
-2.194
-1.012
-0.369
-3.068
-1.156
-0.017
-0.915
-0.792
0.009
-0.275
-0.495
0.107
-0.088
-0.267
-0.035
-0.709
0.109
0.586
-1.493
-0.217
0.833
-0.080
0.503
0.305
0.437
-1.093
0.638
-0.416
-0.063
0.052
-0.157
-0.547
0.117
0.218
0.245
2.104
-0.796
-0.344
-0.553
-1.112
-0.448
-0.090
1.033
1.409
2.297
-0.625
-0.035
0.600
0.015
