0.411
0.150
-0.200
0.168
-0.139
0.039
0.068
0.153
0.566
0.290
0.001
0.356
0.435
0.537
0.152
0.012
-0.157
-0.152
-0.188
-0.110
-0.020
-0.730
0.237
-0.000
-0.422
-0.579
-0.193
-0.554
-0.064
-0.250
0.379
-0.293
-0.460
-0.786
-0.538
3.280
2.356
2.581
0.684
2.165
2.422
2.301
-0.094
0.373
0.428
-0.108
0.353
0.419
2.324
2.595
3.123
2.296
3.021
2.200
2.367
0.913
1.480
0.374
0.418
3.398
0.669
0.631
1.232
0.891
1.186
1.295
1.074
0.753
-0.956
1.125
1.427
-1.411
0.224
0.225
1.628
0.762
0.970
-0.505
3.409
-0.381
-0.413
1.906
1.334
0.218
-0.330
0.715
1.098
3.071
-0.288
-0.217
-0.158
0.160
-0.039
0.678
0.524
-0.138
-0.285
-0.063
2.069
1.487
0.084
0.098
-0.042
0.088
-0.101
-0.208
0.166
-0.015
-0.004
-0.093
0.439
-0.098
-0.064
-0.040
-0.095
-0.097
-0.099
0.232
-0.009
0.101
0.045
-0.049
-0.070
-0.101
-0.100
0.285
-0.225
-1.292
-1.046
-1.131
-0.172
-0.487
3.366
0.460
-0.701
0.500
0.079
0.431
-0.808
0.158
0.023
-1.306
-1.365
-0.192
-0.057
0.056
-0.079
0.297
0.450
2.432
0.857
0.025
0.873
1.526
1.776
3.302
2.759
3.609
2.842
1.790
1.576
1.564
2.934
0.687
-0.113
0.224
2.262
0.619
-0.163
0.883
1.594
-0.421
-0.460
-0.596
0.589
1.353
1.825
0.795
1.583
1.302
-1.476
1.425
-0.034
0.621
0.885
1.212
-0.601
-0.404
0.281
-0.121
-0.746
1.470
-0.912
2.870
1.423
0.240
0.860
1.064
0.011
-0.118
0.233
-0.113
-0.182
-0.010
-0.202
0.022
3.320
2.188
0.475
0.000
-0.258
0.120
0.108
0.488
0.513
0.713
-1.178
-0.690
1.500
2.360
1.864
3.151
0.338
1.735
1.184
1.793
0.399
0.557
1.190
0.816
0.665
1.870
0.813
2.230
2.686
0.039
0.125
0.776
0.248
0.374
0.080
0.887
-0.283
-0.482
1.026
0.121
0.008
0.219
0.657
1.719
-0.798
0.769
0.189
-0.008
1.604
0.163
1.069
-0.147
-0.744
1.127
1.242
0.773
0.350
-0.179
-1.061
0.171
-1.264
-0.895
-0.409
0.886
-0.198
-0.096
-0.101
-0.237
1.758
0.068
2.327
0.724
0.117
0.455
-0.148
0.372
1.165
0.913
0.598
-0.271
0.539
-0.150
-0.329
0.420
2.162
-0.251
-0.112
-0.552
-0.173
-1.856
0.973
0.142
3.320
0.461
-1.617
1.064
1.102
0.886
-0.514
0.457
-0.430
-1.171
-0.679
-0.539
0.176
-0.575
0.072
-0.057
-0.059
1.311
1.432
-0.304
-0.013
-0.690
-0.048
-0.160
0.374
0.137
-0.060
-0.660
0.169
-0.569
-0.213
2.518
0.280
-0.086
-0.256
0.723
-0.089
1.365
0.045
0.284
-0.312
0.020
0.300
1.316
-0.249
0.462
0.313
-0.724
0.445
-0.751
-0.345
2.689
2.081
1.423
1.660
1.270
0.923
0.113
1.540
1.406
1.600
0.228
0.444
-0.103
-0.474
0.263
0.315
-1.680
2.357
0.266
2.870
-0.618
0.761
0.229
1.334
0.336
2.221
0.607
-0.965
-1.132
-0.026
0.281
-0.493
-0.722
-0.729
-1.327
-0.759
-0.184
-0.516
0.426
0.439
0.480
-1.014
-0.970
-1.009
-0.560
-0.994
1.184
-1.640
1.050
-0.399
2.014
0.360
0.077
-0.026
-0.127
0.417
-0.094
-0.074
2.507
3.502
0.140
1.011
0.066
0.349
0.115
-0.196
-0.134
0.188
1.078
-0.294
1.183
0.516
0.604
-0.043
-0.456
1.457
0.145
-0.036
-0.764
-0.350
-0.220
0.028
-0.308
-0.952
0.287
0.074
1.048
0.314
0.489
0.030
-0.222
-1.010
-0.382
-0.218
-0.189
-0.679
-1.177
-1.109
-0.895
0.033
-0.432
-0.987
0.550
-0.891
-0.624
0.637
-0.869
0.671
-0.406
-0.393
0.624
-0.997
-1.008
1.149
-0.607
1.126
-0.902
-0.073
0.088
-0.014
0.336
-1.879
-1.316
-0.082
1.329
0.004
2.035
0.135
1.071
-0.314
-1.193
-0.109
-0.251
-0.196
-0.271
-0.611
0.245
2.792
0.458
1.607
0.203
1.925
0.206
0.530
0.287
0.431
1.256
-0.070
0.167
1.131
2.447
1.284
1.721
-0.292
-0.084
-0.223
-0.268
0.258
0.049
-0.080
0.310
0.333
0.112
0.218
0.482
-0.017
0.011
0.956
0.078
0.417
0.017
1.947
0.731
1.356
-0.006
-0.770
-0.060
-0.732
0.089
0.041
-0.617
-0.050
-0.381
-0.093
-0.097
1.420
0.228
0.994
1.088
1.148
2.051
2.725
0.953
1.632
-0.285
0.173
0.022
0.026
-0.065
-0.264
-0.901
-0.212
0.501
0.992
0.490
0.797
0.168
-1.357
0.474
-0.153
-0.224
0.833
0.006
-0.057
0.325
1.362
-0.501
-0.872
0.565
-0.621
1.321
1.175
0.363
-1.191
0.259
-0.101
0.036
0.082
-0.426
-0.032
-0.053
-0.196
0.697
-0.402
-0.104
-0.280
-0.083
-0.036
-0.221
1.397
0.956
-0.208
-0.366
0.386
0.140
-0.785
-0.060
-0.190
-0.121
-0.044
-0.427
0.496
0.235
0.015
2.355
0.531
-0.646
1.396
1.525
-0.055
2.373
0.513
0.959
0.677
1.970
1.924
1.351
-0.457
-0.223
0.866
-0.101
-0.960
0.293
-0.982
-0.477
-0.561
-0.418
1.118
0.139
0.353
0.751
0.333
-0.403
2.400
-0.838
-0.252
-0.115
-0.139
-0.134
0.806
-0.197
-0.665
0.181
0.773
-0.106
-0.102
-0.115
-0.207
0.375
-0.050
0.905
0.559
0.392
0.179
-0.780
-0.083
-0.118
2.190
-0.400
0.431
-0.117
