-0.328
0.219
-0.191
0.899
-0.043
0.314
0.279
-0.013
0.574
0.968
0.317
0.447
0.405
0.444
1.814
-0.023
0.175
0.123
-0.494
-0.392
0.482
-0.769
-0.239
0.150
0.225
-0.081
0.070
0.536
0.469
-0.047
0.375
0.302
0.576
0.571
0.367
2.505
1.561
1.700
0.385
1.367
2.214
2.365
0.096
0.106
0.158
0.383
0.410
0.153
1.801
1.306
1.940
1.297
2.256
2.752
1.411
0.922
1.157
0.043
0.588
3.217
0.852
0.694
1.343
1.440
1.103
2.092
1.300
0.409
-0.175
0.602
0.757
-0.049
-0.008
0.427
0.001
0.308
-0.459
-0.468
4.295
-0.026
0.027
0.795
0.255
0.385
-0.380
0.473
0.796
2.172
0.250
-0.694
-0.227
0.624
-0.114
0.248
0.416
-0.050
-0.087
-0.050
1.373
1.989
0.245
0.045
0.031
0.783
0.155
-0.336
-0.055
-0.759
0.010
-0.243
-0.040
-0.047
-0.190
-0.206
-0.267
-0.240
-0.047
-0.198
-0.149
-0.269
-0.027
-0.047
-0.145
-0.257
-0.241
0.926
-0.198
-0.564
-0.324
0.558
-0.076
0.267
1.328
0.476
-0.340
1.016
0.329
0.147
0.147
0.257
0.653
0.147
-0.172
0.101
0.404
0.231
0.416
0.414
0.579
1.219
0.573
-0.009
0.949
1.831
0.950
2.376
1.956
1.891
0.974
0.203
0.435
1.296
0.978
0.422
-0.165
-0.122
0.935
0.761
0.352
0.599
1.754
-0.107
0.097
-0.021
1.232
1.293
1.427
0.361
0.917
0.502
-0.105
1.533
0.015
0.480
0.609
0.147
0.147
-0.801
-0.651
-0.013
-0.026
0.355
0.147
1.442
0.147
-0.393
0.477
0.638
0.642
0.315
0.664
0.154
-0.588
0.256
0.371
0.488
2.885
1.640
0.700
0.166
0.192
0.193
-1.745
0.271
0.506
-0.070
0.557
-0.085
2.821
1.517
0.826
2.369
0.333
1.142
1.683
0.426
0.750
0.507
1.028
0.782
0.509
1.476
1.376
0.979
3.215
0.328
-0.174
0.147
-0.006
0.311
0.335
0.604
0.533
-0.069
2.146
-0.007
0.815
0.507
1.625
0.955
-0.703
0.833
0.303
-0.094
0.812
0.461
1.467
0.038
0.584
1.018
0.391
0.469
0.789
0.703
-2.244
0.359
-0.629
-0.861
0.137
1.030
-0.156
0.629
-0.084
-0.327
0.947
0.333
1.326
0.360
0.605
0.380
0.212
0.475
1.091
1.113
0.811
-0.074
0.147
0.012
0.147
0.185
1.570
-0.123
-0.061
-0.323
-0.255
0.915
0.324
0.259
2.047
-0.088
0.696
0.415
0.487
1.251
-0.257
0.732
-0.324
-0.692
-0.086
0.745
0.109
-0.962
0.658
-0.720
0.615
1.896
0.501
0.062
0.101
-0.055
-0.091
-0.126
0.402
0.326
0.684
0.365
0.442
0.129
-0.021
1.907
1.300
0.428
0.108
0.629
0.184
0.852
0.327
0.277
-0.047
0.317
0.473
1.249
-0.765
0.465
0.533
-0.101
0.209
0.038
-0.106
2.205
0.823
0.948
1.139
1.224
0.229
0.244
1.254
1.267
0.815
0.147
0.147
-0.039
0.138
0.383
0.313
0.356
1.695
0.061
2.002
0.199
0.556
0.777
0.897
0.619
1.472
-0.466
0.053
0.135
-0.014
0.147
-0.127
-0.168
-0.486
0.422
0.381
0.307
-0.426
0.018
0.963
1.309
-0.031
0.464
0.061
-0.083
-0.030
0.435
0.524
0.608
0.176
1.060
0.684
0.405
0.418
1.298
0.291
0.636
0.155
0.670
2.190
-0.017
0.167
0.018
0.612
0.559
0.584
0.051
0.420
0.682
0.471
0.826
0.511
0.597
0.451
0.593
0.181
0.603
0.113
0.116
0.512
-0.628
0.263
0.167
-0.614
0.472
0.147
1.116
0.847
-0.077
-0.840
-1.023
-0.751
-0.078
-0.044
-0.047
-0.142
-0.415
-0.371
-1.214
-1.167
0.184
0.381
-0.063
-0.218
-0.017
0.123
0.473
1.268
-0.760
-0.176
1.550
-0.948
-0.496
0.130
-0.239
0.713
0.395
0.446
0.450
0.346
0.513
0.578
-0.237
0.260
1.390
0.757
1.695
1.344
0.348
0.440
0.881
1.716
-0.087
-0.205
0.097
-0.063
-0.051
0.972
0.401
1.243
0.416
2.250
0.800
0.493
0.042
0.308
0.830
0.303
0.449
0.833
1.573
0.799
1.420
-0.009
-0.180
0.006
-0.102
-0.055
0.136
-0.378
0.190
0.200
-0.005
0.363
0.082
0.146
0.110
0.324
-0.541
0.272
0.543
1.429
1.046
0.490
-0.095
-0.397
0.035
0.501
1.724
0.291
0.869
0.326
0.154
-0.155
0.158
0.565
0.235
0.892
0.816
0.486
0.801
2.120
1.154
0.742
0.035
0.598
0.325
0.990
0.564
0.242
0.144
0.200
0.417
0.209
0.430
0.477
0.105
0.014
0.169
0.177
-0.074
0.633
0.446
0.390
0.498
0.258
0.743
-0.028
0.699
-0.275
2.389
1.185
1.625
0.193
0.650
0.622
-0.261
0.378
0.103
0.289
-0.246
0.055
0.147
0.101
0.330
-0.384
-0.001
-0.025
0.332
1.615
0.924
0.345
-0.048
0.394
0.334
0.010
0.334
0.459
0.458
0.417
-0.047
0.665
0.577
0.237
1.495
0.786
0.479
0.632
0.553
-0.280
0.916
0.480
0.663
0.454
0.899
3.074
0.629
0.093
1.277
0.409
-0.136
0.377
-0.007
-0.140
0.155
1.853
0.332
0.865
0.124
0.310
0.597
0.508
-0.682
1.428
-0.748
-0.435
0.040
0.562
-0.020
0.542
-0.160
-0.491
0.682
0.466
-0.047
0.115
0.015
-0.628
0.648
0.363
0.843
0.852
0.530
0.375
-0.039
0.211
-0.662
1.024
-0.159
1.187
0.149
