0.054
0.238
0.215
0.032
0.253
0.185
0.233
1.277
0.437
0.260
0.253
0.159
0.277
0.247
1.570
-0.030
-0.826
0.150
0.514
0.535
0.232
-1.123
0.008
0.247
0.257
-1.196
0.206
0.230
0.372
-0.080
0.173
0.158
-0.272
-0.176
-0.126
1.205
1.558
2.326
0.854
0.762
1.174
3.584
-0.045
-0.382
0.335
0.229
0.461
0.723
2.014
0.485
1.335
0.441
0.465
2.398
3.196
2.646
1.282
0.171
1.117
2.333
0.369
0.512
0.428
2.971
0.559
1.365
1.647
0.850
-0.957
0.438
2.085
-0.832
-1.353
0.506
0.253
0.748
0.192
-2.253
5.089
-0.767
-0.115
0.774
0.558
0.153
-0.892
-0.862
0.961
2.148
-0.045
-0.000
-0.038
0.100
0.253
1.016
-0.040
0.196
-0.096
0.110
1.311
-0.206
0.194
-0.349
0.235
0.448
0.121
0.127
0.144
-0.958
-0.063
-0.556
0.226
0.268
-0.625
0.107
-0.130
0.025
0.070
-1.243
-0.005
-0.316
-0.048
-0.023
-0.539
-1.186
-0.687
0.647
-0.002
-0.790
-0.484
1.338
-0.027
-0.271
-0.237
-1.976
-1.188
0.335
-0.939
-0.753
-1.300
0.058
0.231
-1.169
-1.443
-0.099
-0.068
-1.053
0.145
0.249
0.159
2.833
0.339
-0.194
0.782
1.091
2.350
3.745
2.726
2.728
2.236
1.389
0.540
2.706
1.257
-0.355
-0.225
0.222
0.609
0.253
0.300
0.789
0.891
-0.166
0.164
0.211
0.440
0.610
2.172
0.515
0.256
0.262
-0.118
2.482
-0.153
-0.115
0.651
0.537
0.345
-1.758
0.084
-1.049
-0.082
-2.193
-3.115
-0.891
-0.018
-1.131
0.625
0.253
0.715
-0.094
0.324
0.319
-0.227
0.089
0.250
0.780
2.116
1.812
-0.148
0.755
1.881
0.268
-0.995
0.664
-0.262
-3.195
-1.101
-0.135
3.244
1.940
0.312
2.622
0.598
1.074
1.268
1.237
1.875
1.958
0.598
0.788
1.135
1.762
0.996
1.271
2.934
-0.421
-3.071
-0.159
-0.718
0.472
0.054
0.890
-0.773
0.100
2.051
0.192
0.578
-0.305
1.358
1.271
-0.049
0.702
0.116
-0.014
0.695
0.858
0.497
-0.792
0.476
2.189
0.737
0.490
1.474
0.756
-0.245
0.253
-0.145
2.000
-0.938
0.400
-0.050
0.653
0.070
0.019
0.437
0.341
-0.442
0.173
0.567
0.161
-0.592
0.303
0.802
0.356
0.375
0.125
0.206
0.230
0.094
0.112
1.110
0.218
0.176
-0.059
0.158
0.058
0.115
-0.849
3.368
-1.080
0.159
0.725
0.165
1.378
0.375
1.271
-1.575
-1.759
-2.023
0.305
0.808
-3.355
0.253
0.160
0.147
1.303
1.513
-0.084
0.506
0.037
0.212
0.214
0.048
0.142
0.253
0.213
1.139
0.223
0.237
0.702
1.092
0.209
0.253
0.460
0.400
0.684
0.351
0.166
-0.202
-0.180
1.534
2.354
-0.417
0.596
1.542
0.217
0.871
-0.797
0.101
3.584
2.160
1.252
0.599
0.892
0.245
0.356
0.837
1.338
0.717
0.293
0.443
0.093
0.245
0.629
2.032
0.099
0.543
0.028
1.658
-0.458
0.888
1.213
0.624
-0.079
1.039
-0.328
0.627
0.504
-0.274
0.692
-0.049
-0.209
-0.358
-0.315
-1.607
-0.044
-0.182
0.253
0.485
-0.062
-0.233
-0.474
0.253
-0.229
0.222
0.375
0.862
2.694
-2.404
0.763
0.580
0.264
0.523
0.234
0.090
0.649
0.250
1.487
2.626
-0.436
0.674
-0.157
1.599
0.168
0.051
0.213
0.852
1.308
0.229
1.334
0.795
0.737
0.238
-0.273
0.164
0.187
0.395
0.193
0.273
-0.758
0.203
1.563
-1.550
0.253
-0.460
0.612
0.482
-0.124
0.022
-0.305
-2.840
-0.067
0.149
-0.671
-0.590
-2.253
-0.874
-1.394
-1.589
-0.537
-0.875
-1.374
-0.541
-0.292
0.650
-0.497
2.858
-0.132
-0.074
0.452
-2.131
-1.293
0.201
-1.793
0.741
-0.004
0.043
-0.056
0.225
0.253
0.128
-0.048
-0.023
0.495
0.282
2.266
1.469
0.426
-0.095
0.260
0.268
0.544
0.444
0.302
0.198
-0.820
0.411
0.253
1.738
0.271
1.185
0.497
0.362
0.274
0.141
0.439
0.232
0.253
0.558
1.434
0.511
0.678
0.253
0.132
0.495
0.153
0.163
0.300
-0.231
-0.057
0.107
0.167
0.182
-0.015
0.001
0.185
0.374
-0.186
0.287
0.878
0.467
0.253
0.011
-1.712
-0.016
0.241
0.073
0.045
0.670
0.056
0.275
0.328
0.045
0.413
0.898
0.294
1.167
1.263
0.369
1.013
1.873
0.317
1.051
0.233
0.199
0.253
0.777
0.015
0.067
-0.456
0.158
1.678
0.832
0.256
-0.148
0.274
-0.008
0.244
0.062
0.025
0.261
0.142
0.068
0.253
0.987
-0.775
0.065
1.500
0.150
1.192
1.167
-0.086
-0.154
1.260
0.253
-2.688
0.323
-0.020
0.184
0.202
0.179
-0.182
-0.391
0.050
-0.307
-0.277
-0.223
-0.278
0.256
1.377
-0.445
0.153
0.253
0.383
-0.070
0.891
-0.854
0.485
0.324
-0.253
0.253
0.307
0.253
0.507
0.416
0.314
0.255
0.370
-0.393
1.748
0.425
0.725
0.253
0.875
2.665
0.596
-0.035
0.558
0.382
0.232
-0.977
0.596
-0.485
-0.270
0.170
0.298
0.619
0.058
0.019
-0.890
-0.677
-0.204
0.574
-0.591
-0.030
-1.544
0.135
-0.377
0.613
-0.554
-0.544
0.805
0.283
0.240
-0.022
0.235
0.017
0.083
0.209
0.254
0.501
0.388
-0.495
0.151
0.253
0.253
1.557
-0.273
0.870
-1.998
