-0.087
0.032
0.412
0.298
-0.083
-0.154
0.150
0.103
0.149
0.023
0.166
-0.082
0.091
-0.080
0.215
-0.134
-0.604
-0.677
0.053
0.283
0.147
-1.095
-0.579
-0.222
-0.090
-0.262
-0.005
0.406
0.371
-0.147
0.367
-0.154
-0.118
-0.515
0.034
3.088
3.195
3.874
0.951
3.001
2.556
3.224
-0.078
-0.225
0.394
-0.156
0.514
1.073
2.438
0.893
2.245
2.930
2.480
3.092
1.881
1.190
1.628
0.739
1.169
3.705
1.177
1.605
2.009
1.320
1.557
2.538
2.334
0.620
-0.078
0.011
1.842
-0.525
-0.415
0.172
0.879
1.613
1.153
-1.410
4.375
-0.131
-0.251
1.188
0.082
0.182
-0.501
-0.293
1.039
3.222
0.122
0.025
-0.525
0.791
0.311
0.678
0.528
-0.159
-0.021
0.100
2.423
0.895
-0.906
-0.106
-0.040
0.441
0.248
-0.061
0.093
-0.221
-0.282
-0.549
0.252
-0.153
-0.460
-0.331
-0.416
-0.412
-0.095
-0.948
-0.259
-0.514
-0.171
-0.082
-0.352
-0.496
-0.426
0.421
-0.048
-1.140
-0.486
0.481
-0.174
-0.084
0.238
-0.075
-0.854
0.426
0.126
-0.113
-0.907
0.294
1.416
-1.456
-1.790
-0.000
0.336
-0.243
0.055
0.496
0.805
3.172
0.716
0.225
1.190
1.569
2.374
3.095
3.505
2.171
2.554
-0.479
-0.076
1.976
1.415
0.611
-0.208
-0.138
1.833
1.258
0.193
0.044
1.211
-0.154
-0.148
-0.667
0.863
1.300
1.482
-0.155
1.347
1.088
-0.581
2.392
-0.046
0.077
0.728
0.262
0.262
-0.100
0.173
-0.169
-0.142
0.951
0.312
2.625
1.445
-0.463
0.728
0.901
0.225
0.063
0.268
0.233
0.001
0.418
0.360
0.582
3.163
1.697
0.400
-0.359
0.118
0.751
-1.851
0.076
0.652
-1.587
-1.318
-0.145
3.001
2.470
0.373
2.175
0.359
2.174
1.947
0.803
1.310
0.937
1.502
1.005
0.709
1.500
1.595
1.310
4.434
-0.370
-1.126
0.335
0.280
0.626
0.330
0.982
-0.257
0.264
2.564
0.135
0.357
0.121
0.550
1.459
0.018
0.751
0.684
0.108
0.580
0.022
0.884
0.212
0.950
0.876
0.457
1.670
1.084
0.858
-1.284
-0.209
-0.640
0.272
0.129
0.473
-0.038
0.391
-0.117
0.269
0.624
0.168
1.523
0.214
0.050
-0.037
-0.682
0.285
2.239
1.825
0.357
-0.141
0.021
-0.138
-0.447
-0.182
1.668
-0.114
-0.082
-0.031
-0.155
0.073
-0.205
0.130
2.506
-0.502
-0.151
1.203
0.041
1.673
-0.064
0.579
-0.541
-1.748
-1.028
0.061
-0.113
-1.821
0.753
-0.117
0.247
1.079
1.080
0.361
0.100
0.154
-0.055
-0.139
-0.035
-0.219
0.751
-0.214
1.097
-0.066
-0.059
1.685
1.072
0.494
0.298
0.704
0.041
1.433
0.479
0.138
0.028
-0.315
0.130
1.077
-0.165
0.579
1.968
-0.199
0.047
-0.246
-0.133
3.670
2.166
1.617
1.051
1.695
1.362
0.624
1.066
1.957
0.334
0.704
0.723
-0.155
-0.123
0.734
0.775
0.535
0.282
0.016
2.234
-0.160
1.365
0.633
1.129
0.775
1.699
-0.143
0.068
0.082
0.254
-0.318
0.444
-0.302
-1.563
0.649
0.616
-0.165
-0.021
0.060
0.141
-0.442
-0.486
0.019
0.205
-0.499
-0.023
0.478
0.112
1.297
-0.047
2.201
1.754
1.255
0.862
0.886
0.601
0.201
0.052
2.246
3.326
-0.199
0.177
-0.104
0.927
0.091
0.351
-0.097
-0.013
0.325
-0.052
0.073
0.779
0.121
-0.248
0.713
1.091
0.906
0.026
-0.110
0.119
-0.518
-0.155
-0.183
-0.697
0.363
-1.402
1.439
0.818
0.284
-0.045
-1.315
-0.099
-0.329
-0.138
-0.492
-0.177
-1.460
-1.332
-1.017
-1.962
-1.169
-0.183
-0.328
-0.484
-0.491
0.645
-0.384
0.919
-0.161
-0.130
0.886
-0.657
-0.155
0.710
-0.080
2.217
-0.044
-0.272
-1.037
-0.113
0.025
1.187
-0.484
-0.043
0.777
-0.059
2.619
0.333
1.585
0.476
0.404
0.813
0.312
-0.005
0.136
0.195
0.090
1.242
0.229
0.813
0.332
2.503
0.937
0.658
0.109
-0.162
0.682
0.234
0.228
0.849
2.656
1.489
2.003
-0.180
-0.109
-0.048
0.005
-0.032
0.633
0.330
-0.110
0.335
-0.079
0.244
0.189
0.456
0.018
0.025
-0.224
0.455
-0.069
1.632
1.049
1.416
0.150
-0.840
-0.076
0.128
0.241
-0.169
-0.198
-0.257
-0.224
-0.116
0.087
0.857
0.158
1.529
2.104
0.834
1.452
4.102
0.727
1.017
0.385
0.299
-0.112
0.123
-0.069
-0.100
-0.344
-0.102
0.560
1.375
0.160
0.540
0.123
-0.000
-0.176
-0.117
0.011
0.274
0.139
-0.150
0.430
0.158
-0.305
-0.354
0.817
-0.930
2.103
1.299
1.046
-0.211
0.674
0.068
-0.061
0.362
0.242
-0.141
-0.155
-0.088
0.004
-0.940
0.055
-0.227
-0.529
-0.076
-0.427
0.632
1.454
0.351
0.319
0.522
-0.036
-0.260
-0.310
-0.586
-0.305
0.338
-0.124
0.477
0.381
0.116
1.943
0.881
0.228
0.517
0.570
0.513
1.402
-0.118
1.215
0.739
0.953
1.679
1.591
-0.120
-0.233
0.638
-0.757
-0.349
0.511
-1.072
-0.185
-0.068
0.189
0.627
-1.278
0.800
1.205
0.024
-1.281
0.886
-0.393
-0.706
-0.631
0.495
-0.886
1.327
-0.134
-0.561
0.725
1.552
-0.093
-0.096
-0.264
-1.332
0.058
-0.095
0.845
1.372
0.272
0.125
-0.028
-0.252
-0.789
3.173
-0.054
0.093
0.113
