0.014
-0.073
-0.219
-0.141
-0.350
0.221
-0.494
-0.179
-0.081
-0.168
-0.027
-0.466
-0.286
-0.256
0.018
0.019
0.286
0.175
-0.081
-0.175
-0.699
2.587
-0.058
-0.304
-0.207
-0.098
0.078
-0.059
-0.460
-0.024
0.058
-0.185
-1.244
-0.038
-0.280
-3.509
-1.751
-2.889
-0.774
-1.358
-3.120
-4.708
0.078
-0.027
-0.743
0.033
-0.256
-0.168
-3.167
-2.056
-2.556
-1.461
-2.901
-3.445
-2.772
-1.884
-1.349
-0.027
-1.075
-4.980
-1.466
-1.486
-1.509
-2.832
-1.615
-2.562
-1.782
-0.637
0.033
-0.578
-1.905
0.069
0.054
-0.174
-2.337
-2.720
-1.210
1.947
-2.619
0.056
2.648
-1.092
-0.249
-0.205
0.237
-0.032
-0.984
-2.351
-1.013
-0.085
0.753
-0.217
-0.148
-0.786
-0.571
-0.226
-0.126
-0.136
-1.241
-0.551
-0.209
0.229
-1.238
-0.524
-0.236
0.193
-0.034
-0.006
0.009
0.250
-0.138
-0.043
0.293
0.079
0.160
0.184
0.012
0.098
0.003
0.020
-0.007
0.027
0.145
0.346
0.276
-2.186
0.196
0.395
0.389
-0.085
-0.280
-0.055
-0.057
-0.460
0.788
-0.536
1.341
-0.278
2.127
-0.128
-0.021
1.911
1.374
-0.169
-0.728
-0.060
-0.215
-0.674
-0.438
-2.040
-1.370
-0.110
-0.606
-2.512
-1.508
-3.655
-3.206
-3.410
-2.921
0.039
-1.102
-1.877
-1.440
-0.404
-0.096
-0.022
-1.099
-0.758
-0.739
-0.507
-1.976
-0.527
-0.475
-0.273
-0.874
-2.254
-1.224
-0.940
-1.023
-0.660
-0.143
-2.901
-0.087
-0.666
-0.316
0.015
0.071
0.559
-0.063
-0.214
-0.269
-0.280
0.770
-2.022
-2.105
0.293
-0.267
-0.550
-0.723
-0.074
-1.364
-0.113
1.246
-0.082
-0.060
-0.027
-3.611
-2.609
-0.538
0.116
-0.965
0.256
0.898
-0.861
-0.180
0.622
0.019
-0.006
-3.198
-2.329
-1.442
-2.900
-0.899
-0.982
-1.356
-1.073
-1.247
-0.623
-1.613
-1.767
0.025
-2.579
-2.087
-1.235
-3.753
-0.526
0.594
-2.571
0.285
-1.452
-0.210
-0.962
0.024
-0.130
-3.049
-0.069
-0.881
-0.105
-0.490
-0.962
0.023
-1.556
-0.529
-0.339
-1.103
-0.771
-2.025
0.276
-0.802
-1.276
-0.972
0.002
-0.839
-0.338
1.171
-0.461
0.668
-0.029
0.179
-1.084
0.088
0.104
-0.104
0.131
-1.113
-0.027
-1.338
-0.769
-1.177
-0.062
-0.152
-0.331
-0.731
-1.803
-0.926
-0.029
-0.051
-0.089
0.268
0.190
-2.143
0.350
-0.097
-0.122
-0.111
0.521
-0.407
1.595
-4.550
-0.310
0.231
-1.691
-0.310
-2.174
-0.247
-0.143
2.260
2.751
6.228
-1.073
-0.219
0.588
-0.598
0.139
-0.913
-2.554
-1.498
-0.090
-1.144
-0.042
-0.204
-0.164
-0.433
-0.109
-0.882
-0.294
-0.763
-0.295
-0.180
-2.003
-1.741
-0.346
-0.199
-0.676
-0.359
-1.145
-0.696
-0.716
-0.051
-0.031
-0.456
-0.611
0.668
-0.581
-0.376
-0.042
-0.291
-0.002
-0.147
-3.690
-1.537
-1.595
-0.801
-0.743
-0.847
-0.197
-2.201
-2.805
-1.496
-0.070
-0.022
-0.072
-1.243
-1.350
-0.515
-1.489
-2.135
-0.067
-2.162
-0.132
-1.168
-0.878
-1.467
-0.658
-1.467
0.037
-0.077
-0.178
-0.641
0.722
-1.171
0.251
1.030
-0.048
-0.048
0.067
-0.338
0.385
-2.607
-1.943
0.736
0.606
-0.089
-0.065
0.216
-1.540
-0.450
-1.352
0.952
-1.263
-0.506
-0.208
-0.284
-0.547
-1.093
-1.099
-0.385
-2.733
-2.666
-0.195
-0.666
0.084
-0.567
-1.010
-0.226
0.041
-0.209
-1.465
0.117
-1.676
-0.959
-0.626
-0.204
-1.101
-0.082
-0.753
-0.559
-0.138
0.125
0.128
-0.442
0.369
0.428
-0.237
-0.027
-2.255
-1.570
-0.573
-0.207
0.656
0.156
0.261
0.675
1.214
-0.572
1.305
1.035
1.602
1.347
1.049
0.030
1.510
-0.051
0.022
-0.813
-0.001
-1.505
0.148
0.250
-2.072
0.812
-0.481
-2.707
-0.331
-0.940
0.209
-0.306
0.242
-0.050
-0.733
-2.482
-0.020
-0.381
-1.767
0.304
-2.280
-0.919
-1.107
-0.680
-0.927
-2.250
0.032
0.264
-0.492
-0.399
-0.214
-1.818
-0.597
-1.513
-0.509
-3.150
-1.372
-0.697
-0.861
-0.427
-0.680
-0.172
-0.242
-0.857
-2.540
-0.733
-1.519
-0.480
-0.054
-0.462
0.071
-0.051
-0.079
0.203
-0.027
-0.414
-0.082
-0.034
-0.176
-0.401
-0.282
-0.487
0.043
-0.715
-0.382
-2.055
-2.573
-0.601
-0.220
0.549
0.122
-0.696
-0.455
-0.135
0.222
-0.053
-0.067
-0.068
-0.791
-1.316
-0.269
-0.945
-0.633
-1.374
-0.887
-2.436
-1.391
-1.022
-0.110
-2.112
-0.286
-2.215
-0.718
-0.090
0.617
-0.103
-0.714
-0.602
-0.520
-0.266
-0.248
0.518
-0.027
0.720
-0.026
-0.442
-0.122
-0.068
-0.625
-0.322
0.158
-0.027
-1.671
-0.116
-3.424
-0.709
-0.313
-0.432
-1.137
-1.291
-0.035
-1.084
-0.027
-0.587
-0.299
-0.407
0.011
0.144
-0.140
-0.017
-0.008
-0.101
-0.014
-1.491
-1.992
0.294
-0.080
-0.216
-0.153
-0.350
-0.300
-0.559
-0.050
-0.082
0.023
-0.591
-0.239
-0.359
-2.318
-1.142
-1.091
-0.996
-1.377
-0.399
-0.785
-0.030
-1.364
-1.088
-0.771
-1.696
-0.908
-0.151
-0.328
-0.316
0.244
-0.026
-0.090
0.695
0.092
-0.052
-0.363
-1.391
-0.219
0.355
-2.384
-1.350
0.375
-1.060
0.867
0.684
0.578
0.337
-0.094
-0.084
0.533
0.865
-0.355
-0.566
-0.057
0.172
0.045
0.976
-1.107
-0.119
-0.985
-0.685
-0.887
-0.264
0.097
0.303
0.378
-1.990
-0.043
-1.347
0.212
