-0.057
-0.026
0.050
-0.132
-0.030
-0.231
-0.198
-0.416
-0.629
-0.332
-0.589
-0.534
-0.305
-0.220
-0.121
-0.033
0.025
0.433
-0.331
-0.255
-0.464
0.615
-0.465
-0.237
-0.173
0.255
-0.141
-0.110
-0.398
-0.132
-0.701
-0.080
-0.074
-0.077
0.161
-1.809
-2.130
-2.195
-1.037
-1.632
-1.991
-2.577
0.108
0.597
0.250
0.138
-0.517
-0.145
-1.116
-1.700
-2.370
-1.594
-2.334
-2.596
-1.972
-1.486
-1.872
0.014
-1.082
-2.549
-1.066
-1.242
-1.453
-1.621
-1.377
-1.796
-1.440
-0.707
-0.330
-0.061
-1.253
-0.021
0.286
-0.169
-1.041
-1.359
-0.613
0.960
-2.102
0.114
0.495
-0.697
-0.074
-0.298
0.510
0.320
-0.936
-2.247
-0.949
-0.183
0.395
-0.301
0.035
-0.565
-0.437
0.093
-0.091
-0.046
-1.340
-0.386
-0.212
-0.233
-0.046
-0.276
-0.347
1.030
-0.020
0.008
-0.001
0.227
-0.090
-0.054
0.407
0.070
0.183
0.090
-0.007
0.304
0.037
0.235
-0.005
0.030
0.300
0.153
0.220
-1.626
0.130
0.435
-0.129
-0.204
-0.037
0.567
0.078
-0.486
0.622
0.465
-0.093
-0.109
1.008
0.042
-0.058
1.684
1.561
-0.226
0.009
-0.196
-0.196
-0.876
-0.965
-2.545
-1.371
-0.645
-1.105
-1.880
-1.795
-2.590
-2.229
-2.679
-2.674
-0.152
-0.869
-2.365
-2.048
-0.647
0.653
-0.172
-1.034
-0.701
-0.401
-0.886
-1.337
0.086
-0.058
0.380
-0.838
-1.672
-1.412
-0.717
-1.391
-0.907
-0.011
-1.510
-0.049
-0.549
-0.729
-0.016
0.083
0.538
-0.136
0.045
0.037
-0.659
0.002
-1.298
-1.612
0.765
-0.874
-0.980
-0.389
-0.196
-0.214
-0.104
0.020
-0.135
-0.093
-0.064
-1.818
-1.881
-1.179
-0.132
-0.185
0.093
0.853
-0.378
-0.011
0.321
0.292
0.149
-2.395
-2.009
-1.496
-2.369
-0.883
-1.880
-1.668
-1.088
-1.319
-1.178
-0.856
-1.011
-0.749
-1.734
-1.060
-0.974
-2.061
-0.175
1.112
-1.013
-0.469
-1.042
-0.860
-0.893
-0.322
0.144
-1.637
-0.103
-0.788
0.190
-0.720
-0.879
0.311
-1.155
-0.378
-0.534
-1.190
-0.508
-1.246
-0.117
0.354
-1.291
-0.974
-0.222
-0.713
-0.898
0.910
0.630
0.722
-0.526
-0.068
-1.002
0.119
-0.847
-0.131
0.195
-0.670
0.027
-0.902
-0.136
-0.208
0.349
-0.162
-0.425
-1.417
-1.078
-0.564
-0.102
-0.239
-0.126
-0.073
-0.666
-1.318
0.057
-0.055
-0.155
0.005
0.200
-0.307
-0.468
-1.909
-0.281
0.152
-0.724
-0.269
-0.535
-0.286
-0.257
0.698
1.615
1.208
-0.296
-0.488
0.664
-0.818
0.228
-0.205
-1.230
-0.403
0.476
0.103
-0.062
-0.236
-0.014
-0.202
-0.112
-0.509
-0.200
-0.829
-0.039
-0.101
-1.206
-0.856
-0.557
-0.444
-0.532
-0.300
-1.403
-0.467
-0.192
-0.081
-0.020
-0.810
-1.845
0.690
-0.426
-0.456
-0.009
-0.084
0.035
0.192
-2.587
-1.646
-1.123
-1.495
-1.607
-1.035
-0.234
-1.334
-1.648
-0.808
-0.220
-0.575
-0.242
-0.532
-1.491
-1.189
-0.985
-0.938
-0.119
-1.806
0.414
-1.080
-0.679
-1.265
-0.661
-1.648
-0.257
-0.233
-0.142
-0.204
-0.542
-0.222
0.074
0.713
-0.086
-0.101
-0.069
-0.065
-0.700
-0.581
-0.519
0.131
-0.242
0.020
-0.137
-0.119
-0.762
-0.258
-1.033
-0.248
-1.542
-1.357
-0.672
-0.593
-0.741
-1.121
-0.959
-0.457
-2.631
-1.880
-0.159
-0.859
-0.133
-0.356
-0.385
-0.378
0.164
-0.464
-1.171
-0.022
-1.115
-0.766
-1.132
0.095
-0.993
0.214
-0.824
-0.472
-0.109
0.120
0.690
-0.293
-0.305
0.376
-0.504
1.149
-1.283
-1.224
-0.161
0.017
1.080
0.550
-0.123
0.151
0.325
0.055
0.390
0.223
0.593
0.817
1.334
-0.047
0.129
0.162
0.265
-0.256
0.206
-1.682
0.645
0.376
-0.859
0.550
-0.746
-2.325
0.413
-1.182
-0.200
-0.256
0.492
-0.175
-0.364
-0.470
0.733
-0.450
-1.967
0.011
-1.525
-0.611
-0.376
-0.231
-1.319
-2.137
-0.482
0.195
-0.016
-0.612
-0.338
-1.576
-0.689
-1.362
-0.563
-2.168
-1.182
-0.418
-0.373
-0.298
-1.172
-0.629
-0.257
-0.973
-1.946
-1.192
-1.435
-0.111
-0.114
-0.193
-0.246
-0.002
-0.060
0.602
-0.056
-0.308
-0.103
-0.271
-0.567
-0.035
-0.280
-0.344
-0.252
-0.797
-0.580
-1.592
-1.599
-0.763
-0.012
0.232
-0.060
-0.224
-0.871
-0.249
-0.220
-0.227
-0.176
-0.075
-0.326
-1.065
-0.444
-0.896
-0.494
-0.828
-1.109
-2.584
-1.294
-0.805
-0.027
-0.147
-0.282
-0.824
-0.086
-0.051
0.520
-0.266
-0.892
-0.053
-0.551
-0.223
-0.464
0.100
-0.360
-0.081
0.227
-0.585
-0.479
-0.260
-0.931
0.111
-0.083
-0.176
-1.242
0.327
-2.452
-1.196
-1.051
-0.138
-0.044
-0.882
-0.243
-0.474
-0.088
-0.369
0.085
-0.297
-0.152
0.318
-0.282
0.063
0.162
-0.010
0.057
-1.595
-1.194
0.447
0.149
0.029
-0.032
-0.162
-0.283
0.534
-0.099
-0.563
-0.132
-0.937
-0.508
-0.202
-1.742
-0.611
-0.722
-1.137
-0.833
-0.252
-1.180
-0.510
-0.987
-1.020
-0.773
-2.302
-0.908
-0.380
-0.320
-0.538
0.063
-0.250
-0.474
0.082
0.261
0.009
-0.225
-1.150
0.813
-0.609
-0.860
-0.117
1.820
-0.752
0.513
0.790
1.094
-1.110
-1.003
-1.083
0.130
0.760
-0.940
-0.922
-0.005
0.020
0.306
0.960
-0.352
-0.342
-0.902
-1.379
-0.437
-0.158
-0.146
0.062
0.172
-1.097
0.069
-0.223
-0.132
