-0.198
-0.438
-0.118
-0.195
-0.068
-0.046
-0.346
-0.122
-0.941
-0.389
-0.145
-0.109
-0.244
-0.199
0.192
-0.072
-0.005
0.207
-0.055
0.009
-0.077
0.529
0.310
-0.163
-0.155
-0.383
-0.225
-0.085
-0.184
-0.133
-0.082
-0.017
0.159
0.254
0.021
-2.469
-2.478
-2.450
-1.222
-2.321
-2.234
-2.130
-0.001
0.410
-0.173
0.011
-0.768
-0.956
-2.127
-3.062
-2.556
-2.651
-2.110
-2.908
-2.010
-1.067
-2.374
-0.549
-1.397
-3.617
-1.521
-1.580
-2.190
-1.855
-1.363
-2.320
-1.877
-0.763
0.128
0.014
-1.414
0.409
0.216
-0.710
-1.753
-1.451
-0.968
1.053
-3.097
-0.004
-0.078
-1.763
-0.286
-0.817
-0.157
-0.479
-1.179
-2.483
-0.830
-0.298
-0.046
-0.578
-0.078
-0.544
-0.208
0.084
-0.067
-0.098
-2.934
-1.872
-0.096
-0.289
-0.049
-0.090
-0.133
0.352
-0.130
-0.069
0.026
0.017
-0.112
-0.235
0.469
-0.068
0.047
0.112
-0.065
0.334
-0.051
0.004
-0.096
-0.084
0.132
0.296
0.033
-0.987
-0.155
0.311
0.329
-0.023
-0.013
0.303
0.121
0.261
0.690
-0.657
-0.240
-0.098
0.781
-0.062
-0.071
0.792
0.913
0.000
-0.130
-0.176
-0.004
-0.161
-0.349
-3.140
0.583
-0.205
-1.572
-1.716
-2.000
-3.647
-3.348
-2.422
-1.857
0.890
-0.163
-2.214
-2.862
-1.295
0.232
-0.125
-2.440
-1.871
-0.307
-0.556
-0.776
0.471
0.036
0.388
-0.754
-2.369
-1.867
-0.271
-1.637
-1.510
-0.134
-1.088
-0.007
-0.307
-0.437
-0.149
-0.204
0.577
-0.268
-0.031
-0.108
-1.259
-0.683
-2.312
-2.029
1.029
-0.758
-1.827
-0.331
-0.038
-0.444
-0.056
-0.171
-0.254
-0.026
-0.275
-1.994
-2.055
-2.246
-0.071
0.616
-0.154
1.311
-0.338
-0.313
0.021
0.265
0.160
-3.224
-2.474
-2.391
-2.474
-0.788
-1.733
-2.517
-0.675
-1.224
-1.167
-1.568
-1.352
-0.845
-2.201
-1.607
-3.506
-4.535
-0.216
0.808
-0.423
-0.171
-0.698
-0.420
-0.592
-0.549
-0.122
-1.981
-0.107
-0.199
0.295
-1.350
-2.091
-0.102
-1.019
-1.692
-0.396
-1.737
-0.959
-1.315
-0.147
-0.866
-1.383
-0.739
-0.325
-0.896
-1.009
1.260
-0.565
0.400
-0.192
0.470
-1.384
-0.001
-0.795
-0.014
-0.152
-1.230
-0.298
-0.922
-0.426
-0.063
0.032
-0.007
-0.896
-1.893
-1.863
-0.954
-0.085
-0.154
-0.126
-0.124
-0.053
-0.565
0.077
-0.057
-0.033
-0.016
0.126
-0.595
-0.288
-1.521
0.223
-0.023
-1.728
-0.459
-1.992
-0.152
0.257
0.027
0.890
0.598
-0.061
-0.180
0.996
-0.443
0.016
-0.723
-1.134
-1.685
0.249
0.248
-0.122
0.013
-0.001
0.096
0.117
-0.437
-0.159
-0.241
-0.052
-0.100
-2.920
-1.035
-0.137
-0.347
-2.336
-1.220
-1.951
-0.847
-0.659
-0.144
0.208
-0.013
-0.409
0.582
-0.772
-0.636
-0.234
-1.052
0.241
0.089
-2.695
-2.124
-2.113
-2.251
-3.218
-0.502
-0.125
-1.424
-1.987
-1.092
0.187
0.332
-0.066
-0.356
-0.327
-0.117
-0.731
-1.211
-0.293
-3.708
0.133
-0.332
-0.455
-2.339
-1.552
-0.866
0.282
0.116
0.118
0.028
-1.818
-0.130
0.407
1.679
-0.102
-0.170
-0.177
-0.007
-0.817
-0.161
-0.161
0.047
-0.002
0.042
-0.316
0.148
-0.869
-0.551
-0.615
-0.280
-1.108
-2.510
-1.462
-0.981
-1.171
-1.764
-1.328
-0.601
-2.623
-3.106
0.051
-0.867
-0.112
-0.186
-0.077
-0.149
-0.094
-0.180
-1.687
-0.017
-1.904
-0.623
-1.229
-0.125
-0.244
-0.458
-0.901
-0.285
-0.119
-0.015
0.212
-0.062
0.290
0.122
-0.049
1.234
-1.750
-1.265
-0.187
-0.210
0.944
0.305
-0.258
0.033
0.966
0.714
0.838
0.805
0.587
1.657
0.828
0.215
2.238
0.127
0.027
-1.015
0.275
-0.981
0.090
0.621
-0.558
0.621
-0.613
0.034
-0.046
-0.670
0.129
-0.022
-0.369
-0.031
-0.093
-0.339
0.148
-0.096
-2.752
-0.020
-1.679
-0.420
-1.298
-0.864
-0.639
-1.410
-0.178
0.212
-0.446
0.098
-0.919
-2.804
-0.623
-2.825
-1.098
-3.172
-1.426
-0.937
-0.241
-0.335
-0.897
-0.202
-0.969
-1.436
-2.040
-0.631
-3.107
-0.103
-0.069
0.150
0.060
-0.069
-0.022
0.421
0.298
-0.433
-0.589
-0.338
-0.249
-0.164
-0.304
-0.319
0.313
-0.425
-0.762
-2.933
-1.758
-1.716
-0.543
0.025
-0.384
-0.154
-0.309
-0.033
-0.074
-0.226
-0.206
-0.074
-0.139
-1.103
-0.231
-0.817
-0.106
-1.385
-0.931
-2.590
-2.689
-2.672
-0.339
-0.224
-0.124
-0.034
0.002
-0.108
0.353
-0.200
-0.183
0.015
-0.730
-0.164
-0.590
-0.393
-0.208
0.006
-0.137
-0.957
-1.040
-0.916
-0.639
-0.947
-0.098
-0.041
-0.961
0.135
-2.801
-1.159
-1.688
-0.296
0.667
-0.150
-0.194
-0.130
-0.209
-0.267
0.231
-0.195
-0.903
0.218
-0.126
-0.065
-0.093
-0.080
-0.119
-1.050
-0.237
-0.001
-0.046
-0.104
-0.055
-0.009
-0.059
-0.055
-0.017
-0.350
-0.090
-1.949
-1.811
-0.895
-2.288
-0.876
-0.889
-2.558
-1.792
-0.977
-1.330
-0.390
-1.627
-1.037
-1.054
-1.557
-1.372
-0.101
0.008
-0.476
0.065
0.192
-0.268
1.344
-0.026
-0.027
-0.139
-1.069
0.407
-0.637
-1.794
-0.880
0.633
-1.611
0.401
0.656
1.521
-0.113
0.455
-1.284
0.378
0.640
-2.720
-3.714
-0.018
-0.149
0.224
0.516
-1.464
-0.574
-0.762
-1.166
-0.269
-0.861
-0.011
-0.061
-0.025
-0.843
0.260
0.372
-0.266
