-0.087
0.578
0.496
0.179
-0.046
0.073
-0.244
-0.077
0.127
-0.368
-0.633
-1.292
0.002
-0.330
0.223
0.279
0.686
0.422
0.043
0.216
-1.838
0.607
0.197
0.182
0.199
0.515
0.180
0.327
-1.075
0.143
-0.084
0.198
0.232
0.163
0.185
-3.237
-2.094
-2.460
-0.041
-2.290
-1.302
-2.252
-0.059
0.698
0.200
-1.124
0.213
0.284
-0.388
-0.822
-2.066
-1.884
-4.128
-1.955
-2.893
-2.175
-2.198
0.078
-0.145
-1.427
-1.291
-1.276
-1.114
-2.383
-0.370
-1.276
-1.061
-0.451
-0.408
-0.101
-1.396
-0.441
-0.175
-0.351
-1.852
-2.273
-0.569
0.714
-2.219
0.338
1.224
-2.309
-1.813
-0.708
0.198
0.368
-0.474
-1.918
-0.320
0.275
0.299
-0.147
0.059
-1.007
-0.304
0.214
-0.048
0.131
-0.793
-0.101
0.198
-0.327
-1.000
-0.849
0.198
0.318
-0.083
-0.115
0.014
0.056
0.068
-0.012
0.366
0.119
0.224
0.281
0.031
0.300
0.031
0.189
-0.105
0.160
0.260
-0.844
0.133
-0.905
0.004
0.399
0.171
0.235
0.149
0.302
0.355
-1.022
1.595
-0.550
0.965
0.690
1.391
0.250
0.317
1.330
1.046
0.053
-0.004
0.198
0.061
1.907
-0.997
-0.929
0.506
0.413
-1.181
-3.152
-3.010
-2.823
-2.982
-2.096
-2.246
0.343
-1.010
-3.560
-0.514
-0.451
0.315
0.413
-1.667
-0.944
-0.154
-1.562
-6.549
0.810
-0.056
0.451
-0.312
-1.761
-0.160
-1.774
-0.473
-0.950
0.240
-1.288
0.419
-0.501
-0.736
-0.186
-0.178
-0.460
0.126
0.157
0.070
-0.440
-0.273
-2.512
-0.174
0.425
-1.036
-0.396
0.044
-0.287
-0.272
-0.272
-0.073
0.179
0.198
0.074
-2.949
-1.466
-0.308
-0.097
-0.575
0.454
1.080
0.145
-0.004
0.214
-0.396
0.266
-2.374
-1.947
-0.995
-3.042
-0.766
-2.652
-1.660
-1.142
-0.463
-0.611
-2.401
-1.086
-0.543
-1.896
-1.823
-0.076
-3.625
0.229
1.465
-0.636
0.054
-0.201
-0.028
-0.818
-0.441
0.134
-1.428
0.223
0.138
-0.309
-0.898
-1.941
0.148
-0.634
-0.563
-0.885
-2.014
-0.132
-1.638
0.009
0.053
-0.865
-0.321
-1.651
-1.928
0.365
0.418
-0.041
0.533
-0.239
0.581
-0.540
0.157
-0.674
0.188
-0.783
-0.884
-0.857
0.049
-0.891
-0.151
0.627
0.436
-0.209
-0.566
-1.523
-1.379
0.140
0.125
0.150
0.541
0.336
-2.142
0.301
0.003
0.077
0.123
-0.187
0.543
-1.044
-1.502
0.191
0.549
-0.556
-0.301
-1.627
1.391
0.646
1.020
2.426
0.986
-0.440
-0.354
2.372
0.167
0.015
-0.136
-2.768
-0.099
0.398
0.400
0.157
0.126
0.099
0.102
0.093
-0.099
0.365
-0.619
0.304
-0.113
-1.839
-0.797
0.258
0.107
-0.338
-0.057
-1.150
0.038
-0.048
-0.125
0.112
0.230
-0.948
0.457
0.233
0.402
0.383
-1.040
0.165
0.241
-3.075
-1.375
-0.554
-0.689
-2.439
-1.068
-0.278
-2.070
-1.633
-1.441
-0.973
-1.685
0.196
0.141
-0.132
0.106
-1.055
-0.722
-0.057
-0.509
1.472
-0.299
-0.213
-1.216
-0.599
-0.479
0.817
-0.569
-0.537
-0.229
-0.056
-0.465
0.090
0.887
-0.472
-0.340
0.017
0.191
-0.860
-3.644
-0.816
-0.117
-0.341
-0.392
-0.335
0.338
-0.630
0.153
-0.974
-0.129
-0.996
-0.391
-0.414
-0.447
-0.388
-2.097
-2.226
0.012
-1.854
-1.757
0.162
-0.612
0.188
-0.011
-0.093
0.077
-0.093
-2.521
-0.991
-0.060
-1.097
-0.278
-0.497
-0.108
-0.912
-1.079
-0.693
0.200
0.180
-0.105
0.502
-0.377
0.395
0.127
-0.286
0.807
-0.733
-0.076
-0.933
0.363
0.280
0.915
0.007
0.527
0.573
0.300
2.734
2.490
2.160
2.168
0.920
2.790
0.104
0.725
0.122
-0.233
0.621
-0.204
0.783
0.240
-1.303
0.324
1.066
-2.087
0.861
-0.766
-0.059
-0.200
-1.020
-0.044
0.598
0.176
0.404
-0.200
-1.892
-0.172
-0.533
-0.365
0.191
-0.420
-1.595
-0.100
0.071
0.205
0.299
0.181
0.474
-1.697
-0.733
-1.114
-0.240
-1.902
-0.689
-0.563
0.271
0.401
-0.619
0.060
-0.185
-0.455
-1.992
-1.056
-0.956
0.256
0.036
-0.130
0.243
0.225
0.220
0.158
0.661
-0.259
0.046
0.277
-0.420
-0.665
-0.366
-0.299
-0.413
-1.511
-0.050
-1.405
-1.819
-1.362
-0.005
0.815
-0.131
-0.198
-0.027
-0.024
0.496
0.243
0.489
0.126
0.477
-0.250
0.269
-1.421
-1.313
-0.515
-0.042
-3.062
0.029
-1.169
0.758
0.410
-0.120
-1.568
0.191
0.208
-0.342
-0.300
-0.748
-1.146
-0.495
-0.030
-0.325
0.099
0.078
0.131
0.057
-0.053
-0.126
0.077
-0.027
-0.670
0.198
0.480
-0.579
0.116
-2.362
-0.782
-1.975
0.156
-1.006
-0.323
-0.109
0.125
0.179
0.101
0.203
0.016
0.276
0.251
0.320
0.314
0.463
0.321
0.416
-0.936
0.009
0.072
0.361
0.063
0.278
0.201
-1.705
-1.009
-0.739
0.065
0.279
-0.183
-1.156
0.114
-0.803
0.097
-0.330
-0.269
-0.031
0.203
-1.338
-0.635
-1.162
-0.089
-0.163
-0.984
-0.061
0.361
-0.174
-0.277
0.987
-0.066
-0.296
0.776
0.260
0.198
0.114
-1.354
-0.347
-0.145
-0.040
-0.244
0.771
0.130
1.006
1.138
1.363
0.501
0.709
-1.857
0.223
0.475
-0.258
0.132
0.215
-0.121
0.618
1.493
-0.602
0.148
-0.434
-1.329
0.133
0.192
0.535
0.303
0.925
-0.652
0.118
1.278
0.197
