-0.476
0.144
-0.375
0.322
0.144
0.224
0.166
0.281
0.220
0.144
-0.217
0.541
0.166
1.040
-0.212
-0.227
-0.798
-0.644
0.703
0.825
1.604
-1.081
0.321
0.204
0.131
-0.073
-0.471
-0.583
0.616
-0.653
0.286
0.058
-0.310
-0.037
-0.077
2.766
1.806
2.679
0.932
1.465
2.620
2.598
0.144
0.006
0.144
0.096
0.289
0.319
2.422
1.916
2.391
3.043
3.012
3.093
3.236
2.525
1.703
0.416
0.236
3.595
0.192
0.862
2.046
1.479
1.533
2.264
1.676
0.981
-0.171
0.159
1.631
-0.679
0.680
0.259
0.328
0.727
0.144
-0.402
1.659
0.080
-0.774
1.038
0.776
0.478
-0.256
-0.045
0.456
0.917
0.811
-0.024
-0.147
0.195
-0.069
0.131
0.460
-0.127
0.072
0.144
1.122
0.760
0.144
0.025
1.299
1.484
0.180
-1.394
0.144
0.106
0.144
-0.330
0.144
0.144
0.088
0.144
0.103
0.127
0.158
0.144
0.144
0.144
0.144
0.144
0.144
-0.616
-0.570
1.140
0.677
-0.113
-0.374
0.213
0.198
-0.602
-0.063
1.508
-0.933
-0.401
-0.562
-0.027
-0.545
-0.142
0.232
-2.204
-1.178
-0.012
0.144
0.652
0.113
-0.146
0.714
3.272
0.803
0.230
1.810
1.470
0.507
3.446
2.206
3.954
2.469
-0.359
1.149
2.640
2.104
1.441
0.145
0.186
1.993
1.557
0.888
0.862
0.266
-1.204
-0.473
-0.272
0.657
2.647
2.464
0.515
0.725
1.217
-0.558
2.008
0.506
0.807
0.466
-0.060
-0.034
-0.103
-0.103
-0.649
-0.165
0.144
-0.638
2.761
0.357
0.016
0.852
0.521
0.233
0.268
0.679
0.142
0.144
0.352
0.264
0.067
2.519
3.023
1.984
0.144
0.527
0.070
-2.927
0.383
-0.226
-0.888
-0.957
0.119
2.686
3.479
1.750
3.210
0.181
1.247
0.631
0.735
0.098
1.775
1.276
2.113
0.245
2.504
1.840
2.734
3.561
0.329
-1.831
3.367
1.054
2.203
0.304
0.475
0.175
0.037
2.805
0.144
0.024
0.556
1.191
0.164
-0.230
0.557
1.072
0.885
1.502
0.196
0.237
0.144
0.102
1.484
1.218
0.940
1.875
0.652
-1.277
0.496
0.247
0.131
0.144
0.986
0.117
0.634
-0.094
0.050
2.331
1.056
2.689
0.823
-0.467
-0.584
0.126
-0.829
2.328
2.588
-0.489
0.046
0.282
-0.887
0.210
-0.398
0.846
-0.532
-0.473
-0.039
-0.130
0.056
1.728
0.640
3.430
-0.066
-0.859
1.122
0.204
0.776
0.741
0.470
-0.221
-0.832
-1.183
-0.320
0.144
-0.642
0.563
0.014
0.270
1.077
1.149
0.318
-0.112
0.092
0.269
0.068
0.244
0.197
0.120
0.250
0.718
0.134
0.218
2.089
1.233
0.205
0.047
0.706
0.664
0.773
0.118
0.317
0.204
0.215
-0.164
0.064
-0.925
0.545
0.895
-0.116
2.218
-0.127
0.089
3.426
1.680
2.283
3.972
3.232
0.510
0.233
0.190
1.289
0.960
0.144
-0.064
0.268
0.739
2.021
0.544
1.151
1.464
0.144
0.954
-0.272
0.944
0.804
1.783
0.265
0.859
-0.305
-0.039
-0.189
0.131
0.512
0.144
0.144
-0.089
0.076
-0.007
0.813
0.280
1.424
0.151
1.175
-0.572
-0.080
-0.354
0.367
0.168
0.839
-0.559
0.941
0.266
0.370
5.172
3.319
3.391
1.247
0.756
0.498
0.926
1.279
6.225
0.001
0.095
0.147
-0.139
0.199
0.109
0.093
0.213
0.490
-0.161
0.719
0.138
0.456
0.697
0.144
0.179
-1.002
0.380
0.024
0.144
-0.006
0.296
-0.110
0.246
0.683
-0.135
0.385
1.030
-0.310
0.106
-0.737
-0.028
0.052
-0.611
-0.391
0.081
-1.107
-0.958
-2.118
-2.411
-1.379
0.096
-1.593
-0.256
-0.694
0.144
-0.290
-1.097
0.144
0.138
0.157
-0.710
-0.639
0.610
0.020
1.633
0.211
0.007
-0.405
0.107
2.030
-0.095
-0.374
0.200
0.836
-0.133
1.030
0.344
0.161
-0.014
0.965
1.305
0.229
0.076
-0.568
-0.079
0.258
2.789
0.752
1.214
0.412
2.523
1.677
0.933
0.201
0.231
1.018
0.232
0.360
0.760
2.944
1.696
2.365
-0.115
0.015
0.144
0.225
0.345
-0.015
-0.160
0.226
0.398
0.296
-0.021
-0.568
-0.169
0.295
0.193
0.452
0.220
0.106
3.137
0.488
0.767
-0.100
-0.311
0.068
0.322
0.815
0.452
0.144
0.183
0.052
-0.445
0.374
1.196
0.175
1.591
-0.327
1.223
0.861
3.659
2.089
0.895
0.337
0.446
0.097
-0.051
-0.084
0.018
-0.216
0.388
0.629
0.144
0.812
0.395
0.217
0.895
0.066
0.219
0.144
0.263
0.079
0.182
0.340
0.550
0.304
-0.390
1.579
1.295
2.000
0.459
-0.574
0.165
0.454
-0.773
-0.041
0.228
0.165
0.349
0.237
-0.228
0.480
-0.101
-0.574
-0.031
-0.035
-0.532
-0.125
0.839
-0.422
0.197
0.105
0.133
-0.393
0.118
0.186
0.143
-0.124
0.536
0.150
0.298
0.208
0.144
2.818
1.606
0.327
1.503
1.047
0.526
1.752
0.293
1.879
1.988
1.103
3.383
1.143
0.191
0.552
0.340
-0.179
-0.858
0.366
-0.625
-1.095
-1.042
-0.303
0.820
-0.937
1.279
-1.094
0.373
-1.581
0.788
-0.074
-1.075
0.040
-0.536
-0.454
0.756
-0.697
-1.033
0.519
1.384
0.213
0.129
0.060
-0.350
0.144
-0.018
0.427
1.684
0.953
0.601
-0.935
-0.013
0.213
0.777
-0.221
0.105
0.144
