0.342
0.032
0.524
0.247
0.106
-0.161
0.342
0.278
0.241
0.155
0.081
0.381
0.337
-0.038
-0.118
-0.181
-0.442
-0.162
0.057
-0.299
0.835
-1.903
-0.262
0.231
0.088
0.019
0.118
0.485
0.255
0.066
0.033
-0.157
-0.424
-0.278
-0.113
3.863
1.798
2.123
0.729
2.483
2.110
4.122
-0.068
0.033
0.149
-0.227
0.255
0.048
3.008
1.646
1.721
1.303
2.542
3.231
2.498
2.121
1.525
0.033
1.289
3.103
0.569
0.553
1.544
2.855
1.311
3.522
1.870
1.298
0.051
0.731
1.147
-0.153
-0.154
0.243
1.038
1.470
0.057
-0.773
3.966
-0.094
-0.811
1.316
0.728
0.569
-0.020
0.351
1.863
2.842
1.038
0.198
-0.333
0.255
0.262
0.625
0.352
0.133
-0.180
-0.127
1.708
0.942
0.000
0.186
0.702
0.320
0.373
-0.385
0.045
0.160
-0.036
-0.394
0.193
0.269
-0.273
-0.002
-0.122
-0.037
0.140
-0.087
0.012
-0.098
0.142
0.070
-0.103
-0.232
-0.186
0.959
0.053
-1.483
-1.183
0.036
-0.039
0.021
0.971
0.147
-1.050
0.915
-0.165
0.185
-0.281
0.566
0.612
-1.592
-1.653
0.024
0.047
-0.064
0.213
0.561
1.176
1.956
1.175
-0.217
0.679
1.759
1.973
2.744
2.813
2.666
2.138
0.147
0.777
2.150
1.705
0.063
-0.223
0.296
1.072
0.783
0.300
0.152
0.935
0.033
0.223
-0.211
1.068
2.119
1.535
0.453
1.897
0.952
0.214
2.538
-0.179
0.742
0.372
0.139
-0.042
-0.385
0.038
0.108
-0.013
0.269
-0.162
2.273
1.545
-0.175
0.717
0.244
0.120
0.071
0.209
0.493
-0.077
0.179
0.257
0.404
3.153
3.436
0.741
0.084
0.114
0.028
-0.700
0.366
1.414
-1.520
-1.868
-0.080
2.221
2.070
1.528
2.452
0.939
2.087
1.750
0.944
0.554
1.029
1.647
0.311
0.325
1.959
1.489
1.030
3.294
-0.856
-1.155
1.170
0.287
0.491
0.176
0.957
0.168
-0.277
4.595
-0.038
1.207
0.055
1.352
0.720
-0.428
1.066
0.766
-0.090
0.944
0.662
1.999
0.044
-0.049
1.709
0.860
0.482
1.538
0.505
-1.717
0.509
-0.509
0.198
0.082
0.527
-0.075
0.737
-0.099
-0.337
0.422
0.074
0.931
0.178
0.324
0.138
0.257
0.509
1.319
1.108
1.487
0.119
0.543
0.058
0.043
0.048
1.965
-0.084
0.014
0.030
-0.052
-0.356
0.066
-0.702
2.608
0.029
0.291
0.046
0.117
1.166
0.165
0.440
-1.279
-2.987
-2.103
-0.110
-0.228
-2.091
0.638
-0.067
-0.046
2.548
0.651
-0.355
0.096
0.126
0.065
-0.145
0.350
0.324
0.825
0.328
0.646
-0.070
0.163
1.505
1.413
-0.105
0.409
1.172
0.401
0.951
0.471
0.354
0.047
-0.071
0.722
1.699
-0.659
0.429
0.278
-0.232
0.456
-0.145
0.030
3.020
1.382
1.262
2.082
1.341
0.574
0.015
1.777
1.939
1.733
0.682
0.888
0.008
0.192
0.663
0.808
0.653
2.274
0.126
2.981
-0.890
0.206
1.063
1.182
0.061
1.198
-0.062
0.033
-0.243
-0.126
0.125
-0.353
-0.922
-0.939
0.015
0.300
0.665
0.343
0.528
1.003
0.123
-1.012
-0.118
0.048
0.180
-0.497
1.548
0.102
1.196
0.180
2.578
1.535
0.855
1.255
1.290
1.761
0.917
0.170
2.114
2.630
-0.152
0.179
0.049
0.698
0.474
0.450
0.297
0.139
0.567
0.087
1.131
0.482
0.481
-0.417
0.343
0.033
0.114
0.248
-0.219
-0.007
-0.410
0.104
-1.008
-0.339
0.359
-0.137
0.986
1.802
0.042
-0.173
-1.077
-0.315
-0.091
-0.153
-0.495
0.223
-1.331
-1.132
-2.201
-0.674
-0.172
0.033
-0.255
-0.165
0.037
0.226
-0.263
2.713
-0.636
-0.227
1.667
-0.501
1.761
3.338
0.539
0.715
0.837
0.092
-0.560
0.291
0.279
1.584
-0.345
0.520
1.480
0.313
2.182
0.475
1.260
0.666
1.246
2.988
-0.076
-0.116
0.855
0.257
0.787
2.003
0.791
1.459
0.705
2.732
1.233
0.205
0.258
0.480
1.093
0.089
0.376
0.866
2.446
1.172
2.007
0.173
0.315
0.167
0.142
0.193
0.267
-0.097
0.079
0.333
0.166
0.235
0.663
0.058
0.354
0.359
0.608
0.502
0.605
2.079
1.724
1.080
0.098
-0.465
-0.427
0.285
0.749
0.090
-1.443
0.142
0.038
0.055
0.214
0.723
0.207
1.218
0.615
0.534
0.674
2.595
1.053
1.121
0.160
1.441
0.105
0.797
0.301
0.064
-0.544
-0.056
0.520
0.991
0.480
0.375
0.423
-0.378
0.241
-0.199
0.122
0.291
0.351
0.167
0.366
0.288
-0.180
-0.494
1.064
-0.435
3.136
0.816
0.147
-0.089
0.562
0.831
0.192
0.336
-0.026
0.218
-0.307
-0.089
-0.392
-1.256
0.049
-0.218
-0.197
-0.181
-0.185
1.762
1.971
-0.128
0.056
-0.610
0.043
-0.096
-0.064
0.936
0.817
0.363
-0.079
0.744
0.418
0.292
1.992
0.775
0.230
1.109
0.795
0.505
0.937
0.890
1.177
1.945
0.245
4.457
0.577
0.370
0.289
0.418
-0.042
-0.034
0.038
-0.954
-0.504
0.017
0.059
0.925
-0.300
0.621
1.148
0.588
-0.546
0.160
-0.550
-0.675
-0.877
0.886
0.426
0.085
-0.077
-0.655
0.885
0.406
-0.024
0.032
-0.143
-1.541
0.602
0.380
0.817
1.130
0.417
0.362
-0.162
-0.285
-0.789
2.368
-0.825
0.293
-0.169
