0.054
0.037
0.101
0.301
0.131
0.010
0.038
-0.238
-0.152
-0.222
-0.148
-0.076
0.045
-0.353
-0.253
0.097
0.103
0.149
0.091
0.060
-0.171
0.595
0.658
0.019
0.040
-0.024
0.127
0.201
-0.504
0.012
-0.101
0.084
0.047
-0.394
0.004
-2.103
-1.677
-2.419
-0.697
-1.309
-1.668
-3.048
0.117
-0.041
0.082
0.196
-0.204
0.002
-2.439
-1.395
-2.555
-1.375
-1.704
-2.281
-2.683
-1.213
-1.186
0.103
-0.566
-2.898
-0.595
-1.058
-1.568
-1.521
-1.551
-1.741
-1.679
-1.266
0.193
-0.323
-0.983
-0.126
-0.257
0.014
0.030
-0.418
0.209
0.590
-3.064
0.097
0.123
-0.890
-0.066
-0.120
0.733
0.130
-1.031
-2.706
-0.151
0.094
0.169
-0.272
-0.196
-0.641
-0.058
0.109
0.070
0.168
-0.576
-0.413
-0.171
0.055
-0.302
-0.262
-0.057
0.152
-0.119
1.277
0.122
0.116
0.064
-0.004
0.103
0.103
0.103
0.103
0.096
0.110
0.110
0.107
0.103
0.103
0.103
0.124
0.281
-1.716
0.056
0.611
-0.044
-0.402
0.009
0.114
-1.401
-1.176
0.631
-0.155
0.230
-1.090
1.128
-0.213
-0.086
2.243
1.989
0.003
-0.018
-0.088
0.098
0.103
-0.255
-1.290
-0.251
0.088
-0.453
-1.085
-1.213
-2.781
-1.188
-3.158
-1.847
0.002
-1.047
-1.747
-0.970
0.103
0.435
0.067
-0.894
-1.342
0.098
-0.646
-1.328
0.641
0.721
0.238
-0.577
-1.521
-0.400
-1.163
-0.798
-0.504
0.081
-1.047
0.124
-0.603
-0.230
-1.433
-0.178
0.355
0.246
-0.122
0.057
0.042
0.289
0.675
-0.159
1.054
-0.722
-0.598
-0.300
-0.411
-0.336
0.022
0.520
-0.211
-0.060
0.103
-2.606
-1.240
-0.348
0.066
-0.260
0.102
1.416
-0.263
-0.040
1.700
-0.566
0.086
-1.282
-2.292
-0.838
-1.952
-0.594
-1.273
-0.718
-0.719
-0.456
-1.091
-1.218
-0.747
-0.029
-2.160
-1.502
-0.787
-2.852
0.210
1.604
-0.027
0.103
-0.363
-0.112
-1.087
-0.202
0.124
-3.395
-0.071
-0.527
-0.096
-0.987
-1.696
0.599
-0.888
-0.073
-0.096
-0.946
-0.371
-1.251
0.184
-0.083
-1.289
-0.773
0.092
-0.812
-0.863
1.541
-0.032
0.122
0.077
0.098
-1.060
0.136
-0.577
0.084
0.103
-0.823
0.103
-0.793
-0.174
-0.243
0.220
0.197
-0.764
0.029
-0.694
-1.342
0.039
-0.592
0.074
0.103
-0.406
-2.364
0.230
0.081
0.105
0.105
0.021
-0.302
0.156
-2.083
0.369
0.115
-1.929
-0.973
-0.282
0.044
-0.528
0.358
1.927
2.165
0.103
0.251
1.182
-0.624
-0.166
-0.335
-2.573
-0.276
0.452
0.136
0.177
0.045
0.050
-0.171
-0.164
-0.822
0.096
-0.095
-0.053
0.081
-1.404
-0.984
0.106
-0.023
-0.005
0.081
-1.170
-0.299
-0.498
0.124
0.103
-0.742
-1.496
0.262
-0.370
-0.759
0.085
-0.815
0.103
0.001
-2.533
-1.082
-0.397
-0.943
-1.488
-0.915
-0.124
-2.010
-1.979
-1.098
-1.406
-0.925
0.058
-0.138
-0.354
0.087
0.938
-1.181
0.149
-1.263
0.105
-1.192
-0.471
-0.508
-0.041
-0.855
0.077
0.025
0.040
-0.560
-0.811
0.064
0.270
0.264
-0.033
-0.392
-0.274
0.179
-0.730
-1.173
-0.999
0.227
-0.013
0.089
-0.044
-0.325
-0.622
-0.147
-0.406
0.076
-1.429
-1.257
0.178
-0.767
-1.212
-0.165
-0.658
0.081
-1.740
-2.260
-0.204
-0.579
-0.000
-0.774
0.128
-0.096
-0.134
-0.184
-0.510
-0.087
-1.299
-0.274
-0.557
0.164
-0.253
0.067
-0.913
0.014
-0.145
0.129
0.546
-0.027
0.046
0.340
-0.205
0.118
-1.359
-1.010
0.231
0.081
1.379
0.550
0.257
0.206
0.766
-0.168
0.370
0.253
0.954
0.558
0.829
-0.047
1.092
0.458
0.103
-0.549
0.427
-1.491
0.501
0.108
-1.261
0.338
-0.066
-0.800
-0.595
-0.243
-0.153
-0.113
0.134
-0.451
-0.274
-0.428
0.228
-1.162
-2.118
-0.102
-1.993
-1.383
-0.065
-0.106
-0.179
-1.759
-0.140
0.130
-0.451
-0.196
-0.615
-1.169
0.006
-1.111
-0.091
-2.877
-1.031
-0.154
-0.300
-0.423
-0.923
0.032
-0.213
-0.042
-1.188
-0.665
-1.312
-0.001
0.075
-0.022
0.185
0.007
-0.011
0.625
-0.815
-0.320
-0.190
-0.171
-0.639
-0.109
0.089
-0.377
0.024
-0.702
-0.100
-1.034
-1.652
-0.192
0.100
0.426
0.236
-0.588
-0.854
0.054
0.133
0.018
0.040
0.041
-0.181
-1.609
-0.444
-0.346
-0.284
-1.248
-1.509
-2.827
-0.622
-0.674
0.140
-0.182
-0.279
-0.698
-0.068
-0.001
0.251
-0.100
-0.591
-0.408
-0.205
-0.269
-0.027
0.083
-0.034
0.091
0.125
-0.950
-0.873
0.014
-0.586
-0.304
0.011
0.207
-0.884
0.103
-1.901
-0.104
-0.573
-1.167
-0.841
-0.580
0.207
-1.003
0.146
0.080
0.103
0.158
0.103
0.371
-0.048
0.145
0.149
-0.028
0.104
-1.308
-1.244
0.307
0.067
-0.664
0.173
-0.147
-0.189
-0.398
-0.462
-0.301
0.124
-0.753
-0.574
-0.070
-1.512
-0.327
-0.799
-0.729
-1.238
-0.288
-1.197
0.074
-1.051
-0.883
-0.707
-1.858
-0.639
-0.201
-0.580
-0.390
0.488
-0.049
-0.427
0.680
0.571
-0.130
-0.051
-1.042
-0.231
0.116
-1.252
-0.629
0.284
-0.347
0.425
0.283
0.105
-0.666
0.324
0.036
0.096
0.493
-0.355
-1.055
0.028
0.200
0.225
0.284
-0.793
0.017
-0.588
-0.463
-1.098
0.050
0.111
0.297
2.214
-2.347
-0.117
-0.539
0.094
