0.033
-0.227
0.033
0.033
-0.226
-0.292
-0.242
0.033
-0.911
-0.006
-0.250
-0.488
-0.139
-0.604
0.286
0.046
0.527
0.670
0.535
0.390
-0.794
1.757
0.801
-0.024
-0.051
-0.422
0.005
-0.068
-0.472
-0.102
0.171
0.047
0.118
-2.250
0.033
-3.077
-1.449
-2.961
-0.253
-1.774
-2.205
-4.330
0.034
0.225
0.032
0.116
0.030
0.283
-2.169
-1.379
-2.359
-1.277
-2.224
-2.421
-2.168
-1.648
-1.005
0.033
-0.890
-3.138
-0.830
-0.308
-1.531
-1.291
-1.091
-2.759
-1.681
-0.540
0.001
0.056
-1.294
0.255
0.243
-0.616
-1.462
-1.896
-0.476
1.214
-4.010
0.103
0.148
-1.675
-1.156
-0.013
0.807
-0.723
-1.703
-2.205
-1.639
-0.380
0.286
-0.060
-0.125
-1.026
-0.035
0.033
-0.124
0.007
-2.012
-1.063
-0.042
-0.115
0.033
0.079
-0.403
0.336
0.056
0.050
0.071
0.177
0.149
-0.094
0.070
0.023
0.183
0.122
0.033
0.175
0.022
0.184
0.029
0.097
0.119
0.218
0.103
-0.693
-0.067
1.122
0.526
-0.145
-0.026
0.075
-0.696
-0.333
1.135
-0.886
-0.230
-0.102
0.312
-0.386
0.033
0.033
0.299
-0.102
-0.087
-0.232
-0.170
-0.101
-0.891
-0.077
-0.061
0.042
-0.711
-2.464
-2.196
-2.565
-3.179
-3.420
-1.105
0.161
-0.456
-1.576
-1.854
0.064
0.273
0.063
-1.017
-1.290
-0.133
-0.730
-0.391
0.280
0.033
0.150
-0.597
-1.177
-1.402
-0.464
-0.231
-1.097
0.585
-2.243
0.070
-0.912
-0.613
-0.337
-0.089
-0.115
0.142
0.540
0.010
-0.274
0.160
-0.481
-0.408
0.074
0.022
-0.362
-0.439
-0.004
-0.224
-0.207
1.227
-0.005
0.029
0.033
-2.773
-1.412
-0.629
0.214
0.110
0.032
1.111
-0.360
-0.195
2.262
1.139
0.033
-2.199
-3.084
-0.733
-2.104
-0.414
-1.913
-1.595
-0.812
-1.267
-1.162
-1.222
-0.935
-0.407
-1.696
-1.361
-2.514
-2.319
1.683
1.148
-0.415
-0.023
-0.219
0.033
-0.217
-0.556
-0.357
-3.002
0.024
-0.168
0.150
-1.002
-1.884
0.189
-0.979
-0.658
-0.204
-1.166
-0.193
-2.337
-0.043
-0.055
-1.044
-1.436
-0.192
-1.217
-1.106
1.713
-0.526
0.218
-0.317
0.050
-0.601
0.232
-0.128
-0.073
0.221
-1.030
0.033
0.212
-0.125
-0.202
0.490
0.033
-0.848
0.033
-1.440
-1.705
-0.013
-0.892
0.005
0.004
-0.114
-1.616
0.621
0.033
0.141
0.219
0.630
-0.456
0.992
-2.804
1.728
-0.352
-2.973
-0.083
-2.079
-0.170
-0.514
0.505
3.009
2.071
-0.047
-0.475
0.349
-0.164
-0.203
-0.185
-2.292
-1.542
0.364
0.091
0.151
-0.231
-0.067
-0.182
0.025
-0.069
0.033
0.003
-0.174
-0.163
-1.107
-1.591
-0.281
-0.144
-0.848
-0.219
-0.978
-0.176
-0.692
0.021
0.349
-0.166
-1.239
0.596
-0.152
-0.492
0.265
-0.625
0.072
0.208
-3.737
-1.135
-0.783
-0.793
-1.660
-0.554
-0.119
-1.234
-1.720
-1.494
-0.143
-0.330
0.033
-0.713
-0.259
-0.494
0.006
-0.708
0.054
-1.789
1.250
-1.239
-0.697
-1.986
-0.727
-1.500
-0.438
0.593
0.050
-0.406
-0.518
-0.704
0.169
0.317
-0.607
-1.911
0.002
0.077
-0.135
-0.687
0.015
0.478
0.183
0.032
-0.136
-0.070
-0.802
-0.430
-0.412
0.288
-2.760
-1.242
0.219
-0.851
-1.126
0.033
-0.553
0.163
-0.929
-2.293
-0.069
-0.268
-0.084
-0.179
0.523
-0.178
0.021
-0.171
-0.897
0.137
-1.403
-0.858
-0.539
-0.315
-0.220
0.033
-1.563
-0.185
-0.238
0.135
0.021
-0.234
0.033
0.159
-0.081
0.520
-2.560
-1.289
-0.288
0.040
2.307
0.968
0.056
0.213
0.324
-0.422
0.946
0.812
1.275
0.389
0.054
0.124
0.237
0.455
0.126
-1.111
0.049
-1.934
0.711
0.185
-1.297
0.469
-0.877
-1.044
0.451
0.527
-0.050
-0.066
0.031
-0.056
-0.058
-0.216
0.033
-0.072
-1.617
-0.041
-2.814
-0.593
-0.943
-0.079
-1.286
-1.724
0.032
0.033
0.033
0.255
-0.169
-1.459
-0.037
-1.206
-0.473
-1.462
-0.762
-0.035
-0.094
-0.493
-0.458
-0.109
-0.397
-0.611
-2.502
-1.466
-1.995
0.020
-0.014
0.234
0.002
-0.481
-0.204
0.098
-0.220
-0.592
-0.170
-0.102
-0.048
-0.194
-0.060
-0.002
-0.752
-0.236
-0.320
-2.017
-1.908
-0.899
-0.104
0.073
0.033
-0.275
-0.110
-0.043
-0.135
-0.316
-0.238
-0.072
-0.283
-0.471
-0.036
-0.771
-0.329
-0.455
-1.803
-3.409
-0.410
-0.951
-0.190
-0.652
-0.223
-1.179
-0.048
-0.088
0.041
-0.048
-0.613
-0.158
-0.364
-0.033
-0.054
-0.740
0.033
-0.059
0.033
-0.437
-0.255
-0.144
-0.460
-0.495
0.143
0.555
-0.881
0.161
-2.383
-0.279
-0.151
-7.924
-0.864
-0.541
-0.212
-2.094
-0.062
0.008
0.215
-0.013
0.333
0.037
-0.290
0.033
0.033
-0.005
0.033
-1.127
-1.644
-0.038
0.141
-0.331
0.036
-0.055
-0.076
-0.674
-0.105
-0.226
-0.027
-0.502
-0.505
-0.016
-1.060
-0.655
-0.628
-0.949
-2.062
-0.165
-1.715
-0.461
-1.736
-0.764
-1.226
-3.686
-0.966
-0.018
-1.085
-1.074
0.580
0.260
-0.737
1.361
0.060
-1.625
-0.689
-0.410
-0.098
0.253
-0.730
-0.132
0.033
0.033
0.255
1.469
0.107
-0.184
1.372
-1.135
0.105
0.396
-0.439
-0.598
0.106
0.109
0.319
1.104
-1.324
-0.066
-0.203
-0.386
-0.609
-0.056
0.010
0.042
1.645
-1.559
0.130
0.015
0.033
