-0.379
0.350
0.314
-0.229
0.335
0.154
-0.517
0.005
-0.349
-0.208
-0.793
-0.698
0.073
0.024
0.016
0.133
0.151
0.196
0.073
0.118
-0.269
1.311
0.505
-0.049
0.048
-0.042
0.062
0.176
0.037
0.097
-0.104
-0.064
-0.271
0.018
0.615
-1.987
-2.059
-2.877
-0.770
-2.067
-1.956
-3.306
0.133
0.073
-0.051
0.176
-0.811
-0.260
-2.429
-1.697
-2.395
-1.556
-2.167
-2.869
-1.771
-1.551
-1.174
0.073
-0.325
-2.529
-1.951
-0.986
-2.289
-2.218
-1.391
-2.588
-2.141
-0.705
-0.152
-0.051
-1.215
-0.038
0.181
-0.638
-0.312
-1.455
-0.170
0.876
-3.444
-0.095
0.338
-2.090
0.021
-0.173
0.424
0.075
-0.700
-2.416
-0.260
-0.068
0.169
0.089
0.062
-0.677
-0.071
0.073
0.290
-0.174
-1.428
-0.002
-0.112
0.441
-0.546
0.136
-0.084
0.094
0.068
0.090
0.098
0.278
0.288
0.139
0.202
0.093
0.198
0.168
0.086
0.371
0.091
0.191
0.099
0.075
0.114
0.203
0.302
-1.070
0.757
0.951
0.764
-0.060
0.115
0.214
-0.518
0.761
0.053
0.271
-0.065
0.660
0.784
-0.046
0.013
1.896
2.278
-0.025
0.023
0.207
0.017
-0.287
-0.532
-1.854
-0.745
0.698
-0.625
-2.189
-1.807
-2.695
-2.137
-3.096
-1.964
0.578
-0.268
-1.847
-1.192
-0.620
0.325
0.109
-0.922
-0.314
-0.133
-0.054
-0.676
0.373
0.119
0.184
-0.454
-1.763
-0.994
-0.698
-2.090
-0.819
0.206
-2.214
0.016
-0.453
-0.619
-0.058
0.083
1.077
0.955
0.752
0.066
-0.662
0.109
-2.290
-1.305
0.865
-1.250
-0.402
-0.537
-0.086
-0.202
-0.081
0.052
0.150
-0.098
-0.053
-1.635
-2.045
-0.391
-0.079
-0.156
0.194
0.598
0.013
0.069
2.778
1.957
0.294
-2.908
-1.888
-0.577
-2.030
-0.645
-1.189
-1.604
-0.827
-1.299
-0.755
-1.590
-0.853
-0.525
-2.867
-2.312
-1.046
-3.058
0.092
1.375
-0.793
0.345
-2.342
-0.138
-0.963
0.501
0.502
-1.997
-0.076
-0.786
1.091
-0.583
-1.495
0.206
-1.030
-0.084
-0.062
-0.713
-0.454
-1.695
0.391
0.250
-0.935
-1.006
-0.504
-0.582
-1.110
0.809
-0.333
0.863
0.231
-0.184
-0.098
0.293
-1.000
0.072
-0.073
-0.147
0.073
0.149
-0.161
-0.150
0.076
0.415
-0.816
-1.481
-0.534
-0.799
-0.018
0.092
0.193
0.280
0.208
-2.092
0.059
0.145
0.166
0.169
0.247
-0.001
0.833
-2.392
0.951
0.317
-0.208
0.118
-0.074
-0.045
-0.484
1.361
3.585
2.546
0.408
1.182
0.643
-0.558
-0.289
-0.278
-3.014
-0.112
-0.219
-0.004
0.092
-0.003
0.212
-0.419
0.022
-0.667
0.023
-0.926
-0.188
0.090
-1.026
-0.458
-0.250
-0.524
-1.057
-0.283
-1.108
-0.139
-0.416
0.013
-0.109
-0.763
-1.564
0.809
-0.794
-0.725
-0.022
-0.484
0.427
0.231
-3.924
-1.265
-0.956
-0.684
-1.609
-1.267
-0.136
-1.947
-2.005
-0.835
0.261
0.676
0.039
-0.087
-0.717
-0.367
0.204
0.200
-0.043
-1.963
-0.001
-1.250
-1.365
-0.884
-0.067
-1.327
0.088
0.038
0.247
0.212
0.117
2.328
0.604
1.712
-0.100
-0.049
-0.080
-0.009
-0.195
-3.145
0.935
1.687
0.212
0.298
1.194
0.092
-1.257
-0.369
-0.868
0.624
-1.715
-0.658
-0.500
-0.026
-0.096
-1.016
-1.046
0.024
-1.710
-2.502
0.281
-0.073
0.105
-0.312
0.843
-0.295
0.314
-0.093
-0.409
0.035
-1.231
-0.799
-0.821
0.351
-0.718
-0.009
-0.402
-0.179
-0.150
0.285
0.073
-0.251
0.391
0.563
-0.173
0.349
-1.914
-0.522
-0.111
0.159
0.616
1.530
0.207
0.105
0.126
0.054
1.608
1.191
1.932
1.811
0.464
0.458
0.207
0.703
0.233
-0.346
0.114
-1.243
0.797
0.179
-0.699
0.460
-0.116
-2.129
0.963
-0.130
-0.007
0.320
1.138
-0.287
-0.158
-0.543
0.325
0.085
-1.646
-0.316
-1.646
-0.042
-0.427
0.062
-0.845
-0.769
-0.128
0.098
-0.149
-0.007
-0.034
-3.031
-1.780
-1.645
-0.500
-1.452
-0.397
-0.221
-0.282
-0.144
-1.422
0.045
-0.181
-0.830
-1.847
-0.833
-0.838
0.286
0.078
0.079
0.120
0.183
0.085
0.880
0.024
-0.329
-0.253
0.052
-0.477
-0.094
0.048
-0.568
-0.655
-0.565
-0.839
-0.869
-0.899
-0.673
0.187
0.454
-0.085
0.259
-0.576
-0.055
-0.198
0.064
0.015
-0.098
0.010
-1.075
-0.089
-1.357
-0.614
-0.860
-0.252
-2.559
-0.718
-0.914
0.440
-0.849
-0.073
-1.585
0.067
-0.213
0.397
-0.031
-1.047
-0.584
-0.389
-0.593
-0.405
0.191
-0.275
0.085
0.204
-0.301
-0.508
-0.030
-0.725
-1.590
0.015
0.334
-1.227
0.115
-2.200
-0.915
-0.564
-1.708
-1.635
-1.273
-0.796
-1.068
0.138
0.054
0.171
-0.067
0.415
0.391
-0.182
0.163
0.036
-0.060
-0.049
-1.637
0.111
0.438
0.637
0.102
-0.045
-0.003
-0.279
0.795
-0.237
-0.006
-0.021
-0.091
0.330
-0.152
-1.449
-0.968
-0.358
-1.013
-0.932
-0.049
-1.563
0.056
-1.836
-0.843
-0.643
-2.866
-0.674
0.143
-2.792
-0.934
0.421
0.278
-0.277
0.381
0.446
0.201
-0.705
-1.364
0.567
-0.660
-0.780
-0.175
0.827
0.123
0.799
0.638
0.460
-0.505
1.041
-0.140
0.083
1.117
-0.304
-0.828
0.034
0.020
0.310
0.503
-0.199
-0.090
-0.756
-1.615
-0.176
-0.082
0.193
0.234
0.975
-0.982
0.017
0.093
-0.095
