0.060
0.659
0.239
-0.211
0.099
0.145
0.123
-0.125
-0.430
-0.556
-0.872
0.102
-0.344
-0.078
-0.108
-0.054
0.013
0.239
1.459
0.951
-0.358
0.862
-0.118
-0.007
0.184
-0.131
-0.106
0.120
0.190
0.202
0.034
0.079
0.031
0.100
0.291
-2.133
-1.032
-2.535
-1.053
-0.886
-1.081
-2.848
-0.278
0.742
0.077
-0.018
-0.476
-0.716
-2.177
-2.634
-1.527
-0.893
-2.636
-3.620
-2.099
-1.576
-1.299
-0.308
-0.723
-2.481
-0.803
-1.297
-1.855
-1.888
-0.529
-1.645
-1.663
-1.325
-0.108
-0.431
-1.362
-0.345
-0.414
-0.926
-0.837
-1.256
0.162
-0.152
-2.429
-0.185
0.671
-0.654
-0.280
-0.522
-0.720
0.581
-0.187
-1.776
-0.266
0.231
0.513
0.497
0.013
-0.204
-0.001
0.514
-0.437
0.259
-1.695
-0.494
0.495
0.054
-1.017
-0.717
-0.204
0.272
-0.210
0.995
0.205
1.605
0.032
0.141
0.566
0.282
0.119
0.461
-0.371
0.195
0.167
0.485
-0.027
-0.205
0.297
0.621
1.526
0.261
0.149
0.280
0.883
-0.879
-0.096
0.557
-0.051
0.468
0.552
0.142
1.220
-0.701
0.836
-0.368
-0.735
0.774
1.025
0.163
-0.982
-0.049
-1.840
0.472
0.258
-2.448
0.064
0.034
-0.521
-1.515
-1.027
-3.808
-2.739
-2.191
-2.605
0.113
-1.015
-2.215
-1.711
-1.198
0.143
0.351
-1.967
-0.583
-0.156
-0.088
-0.572
0.278
0.059
0.175
-1.943
-1.811
-0.911
-1.110
-0.976
-1.112
0.590
-2.193
0.056
0.408
-0.148
-1.116
-1.105
0.224
0.548
-0.190
-0.139
-0.804
0.194
-2.141
-2.161
1.147
-0.595
-0.685
-0.784
-0.051
-0.176
0.038
0.810
0.507
0.467
0.187
-2.687
-3.504
-1.392
-0.411
0.323
1.141
3.636
-0.956
-1.502
1.023
-0.460
0.284
-2.181
-2.163
-0.740
-1.814
0.388
-1.814
-1.313
-0.315
-1.091
-0.934
-1.895
-1.429
-0.814
-1.460
-1.868
-2.031
-3.661
-0.283
1.130
-1.440
0.246
-0.768
-1.485
-0.088
-0.737
-0.489
-1.200
-1.581
0.334
0.409
-2.733
-0.028
-0.134
-0.679
-0.743
-0.050
-1.189
-0.074
-1.641
-0.659
-0.325
-0.991
-0.535
0.038
-2.539
-0.964
1.506
-1.418
0.304
-1.092
0.757
-1.710
-0.405
-2.357
-0.026
-0.073
-0.088
0.116
-1.667
-0.178
0.288
-0.795
-0.087
-0.335
-1.764
0.546
0.056
-0.729
-0.656
-0.472
-0.070
-0.596
-2.645
0.472
0.002
-0.250
0.069
0.362
-4.591
-0.468
-1.449
0.135
0.203
-1.603
1.213
-1.969
-0.241
0.878
0.502
0.222
0.508
-0.025
-0.582
0.093
-0.235
0.709
-0.249
-1.455
-1.713
-2.044
-0.982
-0.019
-0.092
0.157
0.406
0.459
0.294
0.724
-0.338
0.389
0.636
-1.538
-2.822
-0.033
-0.477
-0.633
-0.068
-1.031
0.058
0.307
0.073
-0.122
0.281
-0.559
0.386
-0.495
-0.046
-0.009
-0.635
0.985
0.146
-2.849
-1.916
-2.134
-1.069
-2.267
0.066
0.063
-0.094
-1.820
-1.746
-0.176
0.467
-0.323
0.163
-1.402
-0.443
-1.757
-0.376
0.126
-1.953
0.112
-0.237
-0.589
-1.347
-0.444
-0.052
0.917
0.203
0.209
-0.145
-0.574
-0.638
0.045
1.122
1.062
1.194
-0.061
0.242
-0.755
-0.487
0.202
-0.120
-0.230
-0.396
-0.887
-0.310
-0.301
0.308
-0.577
-0.368
-0.150
-1.071
-0.658
-0.923
-0.472
-0.111
0.197
-0.498
-1.560
-3.167
0.188
0.040
-0.133
-0.456
-0.694
-0.012
-1.075
-0.222
-0.658
0.751
-1.674
-0.315
-0.657
-0.029
0.137
-0.390
-0.781
0.134
0.189
0.213
1.668
0.049
-0.099
0.753
0.169
0.393
-1.167
-1.342
-0.511
0.321
0.113
0.543
0.582
0.053
1.121
0.742
0.808
0.458
1.941
3.895
0.206
-0.274
0.948
0.657
0.256
0.152
0.154
-0.008
0.303
0.620
0.093
1.553
0.464
1.071
0.530
0.464
-0.117
0.332
0.236
0.836
-0.610
0.059
-0.324
0.024
-1.640
-0.178
-1.041
-0.773
-1.283
-0.099
0.165
-0.113
-0.029
0.305
0.163
0.109
0.431
-2.777
-0.476
-1.763
-0.469
-3.091
-1.781
-0.389
0.042
0.463
-0.380
0.013
-0.431
-0.596
-1.139
-1.475
-1.611
-0.395
0.201
0.031
-0.113
-0.005
-0.187
0.493
0.194
-0.958
-0.463
0.369
-0.071
0.060
-0.215
-0.572
0.004
-0.638
-0.135
-0.424
-0.768
-0.341
0.195
1.330
0.069
-1.011
0.029
0.160
-0.503
-0.102
-0.344
0.068
0.347
-0.806
1.042
-1.716
-0.676
-0.816
-0.739
-1.467
-1.349
-1.250
1.678
2.023
-0.039
1.127
-0.166
-0.103
-1.653
-0.535
0.032
-0.234
-0.207
1.142
0.093
-1.017
-0.174
0.265
-0.068
-0.491
-0.792
-0.085
-0.384
-1.933
-0.198
0.121
-1.180
0.282
-0.384
-0.031
0.470
1.304
-1.274
0.139
0.854
1.030
-0.462
-0.513
-0.486
0.077
-0.039
-0.065
0.088
-0.315
-0.339
-0.089
-0.298
0.918
-0.249
0.969
-0.409
-0.444
-0.758
0.214
-0.334
-1.035
-0.109
-0.225
-0.125
-0.638
-0.251
0.009
-1.354
-0.183
-1.206
-0.333
0.032
-0.061
-1.119
-0.084
-1.962
-0.847
0.308
0.032
-1.242
-0.394
-0.769
-0.616
1.030
0.375
-0.494
0.221
0.226
0.176
-0.266
-0.357
0.197
-1.484
-0.135
0.394
0.458
-0.930
0.083
2.010
0.955
0.418
0.245
-0.115
0.156
1.276
-0.270
0.033
0.139
-0.360
0.880
0.184
-0.449
-0.069
-1.111
-1.212
-0.722
-0.674
-0.185
0.256
1.835
-1.288
-0.161
0.948
0.464
