-0.279
-0.032
-0.396
-0.372
-0.337
-0.551
-0.519
-0.315
-0.567
-0.185
-0.200
-0.811
-0.330
-0.405
-0.147
-0.075
0.252
0.041
-0.093
0.237
-0.852
0.826
0.433
-0.001
0.162
-0.709
-0.676
-0.554
-0.126
-0.015
-0.386
-0.291
-0.007
-0.031
-0.010
-2.696
-1.794
-2.493
-0.822
-2.131
-2.511
-2.764
-0.023
0.724
-0.338
0.388
-0.455
0.430
-2.654
-1.533
-2.508
-1.925
-2.156
-3.521
-2.132
-1.424
-0.987
0.080
-0.795
-2.516
-1.094
-1.659
-1.134
-1.786
-1.386
-2.617
-2.097
-0.783
-0.074
-0.757
-1.069
0.431
0.601
-0.279
-1.142
-2.366
-0.851
0.608
-4.548
-0.063
0.062
-1.211
-0.957
-0.214
0.152
-0.228
-0.948
-2.632
-0.400
-0.028
0.377
-0.556
-0.028
-0.621
-1.216
-0.373
-0.109
-0.291
-1.361
-0.707
-0.092
0.070
-0.113
-0.917
-0.199
-0.004
-0.249
-0.109
-0.155
-0.104
-0.088
-0.162
-0.004
-0.155
-0.094
-0.099
-0.211
-0.015
-0.178
0.276
-0.143
-0.216
-0.139
0.030
-0.138
-1.720
0.177
1.159
0.554
-0.379
-0.119
-0.152
-2.207
0.206
1.184
-0.466
-0.483
-0.799
1.689
-0.732
-1.050
3.140
3.278
-0.090
-0.248
-0.144
-0.589
-0.934
-0.906
-1.586
-0.313
-0.023
-1.248
-2.323
-2.291
-3.636
-2.934
-2.768
-2.310
0.506
-0.576
-2.278
-2.534
-0.262
0.063
-0.122
-1.291
-0.683
-0.383
-0.580
-0.797
0.429
-0.065
0.435
-0.951
-1.537
-1.438
-0.398
-1.032
-0.465
0.317
-2.099
0.098
-0.457
-0.715
-0.790
0.017
0.041
-0.029
0.650
0.057
-0.566
-0.285
-2.750
-1.511
-0.073
-0.466
-0.516
-0.097
-0.360
-1.052
-0.079
-0.127
-0.138
-0.169
-0.242
-3.282
-2.470
-1.205
-0.174
0.394
0.105
0.507
-0.665
-0.446
1.241
0.943
-0.011
-2.555
-2.403
-1.398
-2.273
-1.023
-2.830
-1.630
-0.757
-0.757
-1.049
-1.215
-0.834
-0.741
-2.116
-1.425
-0.881
-3.289
0.097
0.008
-0.985
-0.054
-0.936
-0.198
-1.448
-0.257
-0.262
-2.328
-0.135
-0.576
0.071
-1.577
-1.689
0.290
-0.778
-0.704
-0.565
-0.917
-0.176
-1.548
0.069
-0.162
-1.128
-0.432
-0.294
-0.582
-0.332
1.255
0.401
0.276
0.691
-0.143
-0.471
0.014
-1.088
-0.106
-0.089
-0.677
-0.020
-0.255
-0.688
-0.563
0.060
-0.320
-0.453
-1.177
-1.352
-0.911
0.076
-0.715
-0.165
0.203
-0.530
-2.237
0.177
0.019
0.134
0.103
0.075
0.020
0.297
-2.228
-0.002
-0.176
-1.649
-0.259
-0.784
-0.231
-0.325
0.480
1.477
0.870
0.299
-0.434
0.327
-0.583
-0.033
-1.105
-2.814
-0.701
0.298
0.019
0.029
-0.285
-0.126
-0.272
-0.186
-0.866
0.027
-1.110
0.025
-0.032
-1.525
-0.457
-0.131
-0.800
-0.827
-0.286
-1.581
-0.387
-0.513
-0.129
0.061
-0.191
-0.695
1.085
-0.077
1.317
0.113
-0.093
0.479
0.113
-3.077
-1.167
-1.257
-1.715
-2.122
-0.355
-0.218
-1.969
-2.063
-0.692
-1.745
-1.631
-0.175
-0.607
-1.317
-1.441
-0.202
-0.513
-0.214
-2.946
0.329
-1.400
-0.683
-1.711
-0.752
-1.747
0.274
-0.226
0.131
0.000
0.427
-0.228
0.109
1.319
0.131
0.252
-0.389
-0.085
-0.910
-0.224
-0.107
0.020
-0.181
-0.162
0.471
0.062
-0.449
-0.016
-1.170
0.376
-2.371
-2.683
-2.626
-1.789
-1.756
-1.476
-0.440
-0.020
-2.963
-3.692
-0.055
-0.754
-0.014
-0.526
0.418
-0.310
0.163
-0.273
-0.648
-0.038
-1.005
-0.420
-0.757
-0.510
-0.674
-0.402
-0.601
-0.522
-0.091
0.106
0.846
-0.205
0.208
0.035
-0.179
1.261
-1.680
-0.804
-0.128
0.194
1.905
0.960
-0.180
0.143
0.615
-0.122
0.608
0.549
0.777
0.657
0.502
0.683
0.962
0.558
-0.013
-0.762
0.580
-1.039
0.611
0.207
-1.141
0.072
-0.812
-0.591
0.518
-0.895
0.071
-0.277
0.349
-0.331
-0.544
-0.970
0.455
-0.206
-2.981
-0.237
-2.921
-0.949
-1.204
-0.470
-0.998
-2.350
-0.141
0.056
-0.140
0.149
0.113
-1.852
-0.759
-1.098
-0.678
-1.855
-0.852
-0.671
-0.159
-0.232
-0.802
-0.180
-0.244
-0.839
-1.734
-2.020
-1.319
-0.203
-0.215
-0.194
-0.290
-0.189
-0.492
-0.439
-0.623
-0.427
-0.191
-0.271
-1.126
-0.495
-0.540
-0.736
-0.307
-0.160
-0.339
-2.044
-3.347
-0.700
-0.217
0.544
-0.057
-0.130
-0.511
-0.355
0.200
-0.172
-0.093
-0.336
-1.970
-1.369
-0.364
-0.623
-0.400
-0.311
-1.183
-3.520
-1.226
-0.669
0.839
-0.464
-0.155
-0.896
-0.251
-0.484
-0.235
-0.141
-0.673
-0.172
-0.342
-0.208
-0.206
0.045
-0.539
-0.200
-0.140
-0.672
-0.305
-0.254
-0.627
-0.115
0.269
0.231
-0.761
0.304
-3.171
-0.449
-0.189
0.294
0.392
-0.750
-0.063
-0.661
0.023
-0.178
0.621
-0.170
-0.088
0.512
-0.354
0.455
0.144
-0.045
-0.021
-0.904
-0.355
0.158
-0.216
0.248
-0.399
0.276
-0.444
-0.088
-0.081
-0.647
-0.048
-0.611
-0.951
-0.165
-2.032
-0.859
-0.507
-1.034
-1.137
0.337
-1.157
-0.248
-1.471
-1.099
-0.474
-2.581
-0.410
-0.159
1.549
-0.640
0.199
0.384
-0.399
0.041
0.260
-0.020
-0.255
-2.260
-0.054
-0.536
-1.098
-0.641
0.981
-0.456
0.303
0.512
0.378
-1.259
-0.089
-0.387
-0.003
0.458
-0.676
-0.894
0.009
-0.146
0.175
1.152
-0.694
-0.449
-0.330
-0.956
-0.113
-0.183
0.261
-0.073
1.332
-2.328
0.096
0.135
-0.238
