0.197
0.233
0.052
0.253
0.088
0.216
0.050
0.292
0.729
0.071
0.209
0.388
0.255
0.075
-4.874
-0.123
-0.010
0.064
0.311
-0.459
-0.554
-1.409
-1.207
0.408
0.045
-0.182
0.306
0.499
0.486
0.152
0.237
0.218
0.948
0.540
0.453
2.726
1.540
1.875
0.431
1.456
1.886
3.196
0.048
0.054
0.255
-0.032
0.260
0.447
2.669
1.368
2.539
1.760
2.435
3.048
2.104
1.557
1.143
0.233
0.783
3.037
0.718
0.627
1.556
1.998
1.073
2.448
1.377
0.725
0.239
0.217
0.144
0.365
0.133
0.728
1.443
2.737
1.205
-0.100
2.990
0.083
-0.802
1.282
1.045
0.660
-0.330
0.619
1.065
2.403
0.681
-0.365
-0.302
0.376
0.109
0.722
0.560
0.405
0.327
0.003
1.123
0.781
-0.011
-0.004
0.567
0.533
0.359
-0.130
0.092
0.076
0.066
0.054
0.047
0.081
0.009
0.067
-0.079
-0.034
0.065
0.152
0.067
-0.015
0.068
0.070
0.009
0.136
0.025
1.570
-0.136
-1.638
-0.087
0.481
0.065
0.397
1.759
0.725
-0.770
0.923
0.674
0.831
0.183
0.172
0.730
0.204
-2.027
0.209
-0.067
0.146
0.375
0.531
0.245
2.588
0.974
0.437
1.142
1.849
1.471
3.241
2.661
2.732
3.179
0.683
0.830
2.319
1.305
-0.054
0.010
0.093
1.539
0.849
0.435
1.112
0.352
0.625
0.260
-0.042
0.685
1.745
1.736
0.629
1.354
0.830
0.097
1.727
0.078
0.973
0.532
0.434
0.105
0.438
0.542
-0.202
0.065
0.638
-0.069
0.624
1.448
-0.420
0.298
0.629
0.811
0.390
0.540
0.147
0.071
0.372
0.339
0.322
2.800
2.043
0.999
0.223
1.858
0.388
-0.710
0.285
0.447
-1.306
-1.077
-0.091
3.032
2.567
0.831
2.764
0.090
1.623
1.570
1.047
0.876
0.424
1.543
0.758
0.813
1.659
1.225
0.864
2.550
0.335
-1.149
0.362
0.299
0.857
-0.172
0.763
-0.186
0.532
1.839
0.151
0.691
-0.557
1.133
1.637
-1.554
1.493
0.403
0.058
1.879
0.600
1.972
0.339
0.195
0.937
1.642
0.325
1.074
0.899
-2.123
-0.351
-0.337
0.061
-0.048
0.751
0.055
1.279
-0.017
-0.603
0.877
0.233
0.172
0.237
0.962
-0.785
0.861
0.599
1.624
1.070
1.091
0.073
0.953
-0.046
0.018
0.224
-0.371
-0.079
0.071
-0.271
0.303
-0.218
-0.814
0.005
2.592
0.303
0.611
0.351
0.292
1.092
0.618
0.391
-0.678
-1.708
-0.140
0.162
-0.105
-0.511
0.460
-0.541
1.785
1.308
1.006
0.368
0.406
-0.047
0.124
0.092
0.146
0.303
0.387
0.233
0.436
-0.041
0.068
1.799
1.168
0.344
0.271
0.589
0.227
0.984
0.451
0.012
0.059
-0.175
0.751
1.582
-0.517
0.525
0.964
-0.064
0.501
-0.239
0.048
3.501
1.347
1.000
1.525
1.332
0.627
0.360
1.133
2.275
1.383
0.293
0.250
0.091
0.565
0.171
0.176
0.929
2.078
0.122
1.790
0.151
1.219
0.835
1.080
0.690
1.351
0.250
0.096
0.510
0.120
0.251
-0.674
-1.079
-0.864
0.345
0.234
0.691
0.307
0.692
1.740
0.744
-0.237
0.980
0.445
0.468
0.689
0.934
0.839
1.685
0.004
1.370
1.585
1.182
0.854
0.614
1.710
1.041
0.978
2.505
2.330
0.264
0.870
0.098
0.866
-0.111
0.424
-0.136
0.370
0.628
0.181
1.366
0.430
0.612
0.369
0.536
0.192
0.489
0.318
0.321
0.298
-0.726
0.229
-0.761
0.703
0.647
-0.079
2.071
1.543
-2.304
-0.157
-1.398
-0.372
0.034
-0.041
-0.776
0.186
-1.024
-0.697
-0.899
-0.699
0.297
-0.343
-2.001
-0.248
0.072
0.285
-0.539
0.233
-0.039
-0.276
0.351
-0.027
0.256
1.852
-0.616
1.561
0.391
0.385
0.766
0.255
0.262
0.597
-0.096
0.402
1.807
0.298
2.888
1.334
-0.017
0.357
1.603
2.651
0.338
0.311
0.391
0.049
0.557
1.113
0.323
1.418
0.690
2.295
1.177
0.379
0.459
0.396
1.043
0.063
0.399
0.579
1.788
0.938
1.268
0.425
-0.027
-0.121
0.440
0.189
0.095
-0.397
0.314
0.476
0.209
0.379
0.385
-0.209
0.134
0.432
0.331
0.564
0.529
2.038
1.225
0.444
0.089
-0.280
-0.064
0.254
0.378
0.369
0.171
-0.039
0.047
-0.052
0.560
1.120
0.567
0.810
0.448
0.668
0.893
3.254
0.786
0.996
-0.516
0.499
0.198
1.126
0.455
0.304
0.225
0.106
0.878
0.687
0.427
0.554
0.179
-0.128
0.227
0.160
-0.159
0.547
0.471
0.109
0.730
0.627
-0.234
-0.600
0.955
-0.792
0.925
1.566
1.038
0.941
1.385
1.197
-0.031
0.454
0.021
-0.149
-0.752
0.242
-0.205
-0.488
0.208
-0.303
0.198
0.212
0.199
1.299
1.625
0.553
0.346
-0.060
0.418
0.126
0.399
0.590
0.066
-0.018
-0.200
0.395
1.124
0.395
1.979
0.574
0.180
0.968
1.650
0.022
1.113
0.754
0.909
0.522
0.665
3.379
0.989
0.669
-2.146
0.876
-0.038
-0.224
0.453
0.240
-0.232
-0.107
-0.123
0.661
0.352
0.117
0.754
0.499
-0.609
0.523
-0.411
-0.841
-0.022
0.822
0.578
0.447
0.668
-0.321
0.783
0.438
0.065
-0.102
-0.088
-1.275
0.751
0.406
1.075
0.996
1.000
0.445
-0.305
-0.931
-0.943
0.058
0.498
0.378
0.197
