-0.632
-0.117
-0.283
0.597
0.054
0.078
0.290
0.518
0.863
0.307
0.522
0.460
0.212
0.690
-0.291
-1.645
-1.789
-2.092
-0.353
-0.062
0.582
-1.107
0.420
0.052
-0.037
-0.020
0.538
0.266
0.181
-0.485
0.213
-0.087
-0.358
-0.456
-0.311
2.906
2.079
2.248
0.861
1.200
2.280
1.887
0.028
0.232
0.613
-0.105
0.462
0.319
1.853
2.798
1.984
2.219
2.535
2.939
1.760
1.242
1.695
0.829
0.754
3.131
0.380
0.842
1.638
2.195
1.142
2.078
1.630
0.956
-0.297
-0.046
1.434
-0.044
0.514
0.152
0.824
1.235
0.694
-0.591
2.108
0.092
-0.406
1.946
0.324
0.808
0.323
0.164
0.863
1.536
0.451
0.579
-0.354
0.533
-0.092
1.442
0.814
-0.404
0.547
0.120
1.246
0.972
-0.150
0.353
0.244
0.702
0.453
0.150
-0.090
-0.067
-0.196
-0.750
0.081
-0.016
-1.065
-0.303
-0.239
-0.266
-0.081
-0.463
-0.147
-0.258
-0.064
-0.079
-0.368
-0.673
-0.793
1.101
0.263
-0.414
-0.222
-0.028
0.005
-1.427
-0.383
0.401
-0.225
0.039
0.183
0.063
-0.710
-0.141
-0.070
-1.303
-1.016
0.107
-0.004
-0.224
0.246
0.495
0.972
2.593
-0.363
0.590
1.673
2.299
1.514
3.390
2.304
2.352
2.607
0.506
1.039
1.902
2.628
0.559
-0.167
-0.160
1.498
0.737
0.364
0.764
1.234
-1.101
-0.223
-0.578
0.424
1.925
1.775
1.456
1.086
1.664
-0.227
2.206
0.228
0.284
0.851
-0.068
0.054
0.866
-0.212
0.155
0.253
1.468
0.228
1.025
0.549
-1.365
1.551
1.125
0.454
-0.350
0.567
0.313
-0.004
0.483
0.162
0.248
2.163
2.022
2.195
0.602
-0.559
0.267
-3.312
0.695
0.526
-0.212
-0.138
-0.554
1.801
2.321
2.726
2.106
0.442
1.176
2.168
1.179
0.998
1.563
1.678
1.309
-0.014
1.653
2.452
2.608
2.709
0.043
-1.464
0.733
-0.316
1.305
0.194
0.640
0.015
-0.235
1.886
0.013
0.495
0.325
1.186
0.633
-0.905
0.496
0.626
0.774
1.728
1.040
1.043
-0.499
0.893
0.866
1.170
2.109
0.965
0.915
-2.757
0.961
-0.358
-0.033
-0.395
1.382
-0.095
0.311
0.215
0.158
2.091
0.289
2.144
0.380
0.255
-0.297
0.315
0.596
1.303
1.838
0.711
-0.300
-0.128
-0.302
-0.094
0.133
1.842
-0.484
0.050
-0.008
-0.087
-0.090
1.451
0.579
0.590
-0.204
-0.455
1.157
0.952
0.459
0.196
-0.181
-0.436
-1.115
-1.102
-1.004
0.093
-0.478
0.745
0.037
0.391
0.585
2.324
0.223
0.007
0.091
0.128
0.151
-0.055
-0.067
0.915
-0.272
1.439
-0.043
-0.238
2.601
2.801
0.120
0.203
1.434
0.559
2.099
0.813
0.945
0.177
0.140
1.251
1.020
-0.815
1.053
1.409
0.029
2.312
-0.502
-0.030
2.373
2.226
1.797
2.642
2.239
0.776
0.311
1.703
1.179
1.190
-0.257
-0.347
0.031
-0.295
0.152
0.158
0.462
0.756
0.078
2.833
0.147
0.792
0.620
2.209
0.617
1.096
-0.311
-0.462
-0.380
-0.660
-0.017
-0.356
-0.785
-1.187
0.025
0.080
0.569
0.236
0.487
1.350
0.461
-0.233
-0.177
0.127
-0.272
-0.418
1.108
0.038
0.649
-0.282
0.604
2.892
1.735
2.462
1.175
0.738
0.765
0.053
1.948
3.125
-0.085
-0.025
0.151
0.256
0.306
0.167
0.093
0.761
0.985
-0.152
1.264
0.201
1.131
-0.321
0.323
-0.052
0.257
0.131
-0.141
-0.464
-0.937
0.046
-0.034
-0.253
0.467
-0.888
0.738
0.423
-0.179
0.222
-1.478
-0.411
0.211
-1.090
-1.410
-0.480
-1.977
-1.871
-1.323
-4.270
-1.067
-0.102
-1.297
-0.801
-0.448
0.490
-0.083
0.498
0.166
-0.654
0.525
-0.761
0.803
0.093
-0.254
1.099
0.191
0.149
0.172
-0.201
0.293
0.010
-0.261
0.106
1.645
0.092
1.479
0.582
1.174
0.622
0.162
0.472
0.201
-0.673
-0.608
-0.019
0.531
3.156
0.852
2.090
0.655
1.290
0.567
0.973
0.662
0.187
0.900
0.328
0.388
1.220
1.541
1.019
1.670
-0.427
-0.191
0.060
-0.345
-0.020
-0.221
-0.505
-0.452
0.348
0.230
-0.080
0.649
0.114
0.594
0.409
0.132
1.047
0.644
2.246
1.074
1.406
0.259
-0.817
0.566
-0.007
0.022
0.061
0.054
-0.110
-0.261
-0.114
-0.032
0.977
0.230
0.631
0.177
1.738
1.693
2.749
1.158
1.702
0.604
0.965
0.380
0.064
0.030
-0.070
-0.593
0.742
0.512
0.429
1.221
1.330
0.855
0.165
-0.063
-0.138
-0.089
0.924
0.704
0.924
0.680
0.599
-0.191
-0.104
1.076
0.590
1.834
0.900
1.785
-0.020
-1.086
0.197
-0.026
0.146
0.219
0.351
-0.302
0.232
1.288
-0.693
0.368
0.223
0.243
0.263
0.127
0.307
0.519
-0.037
0.239
-0.080
0.050
-0.074
0.401
0.390
0.306
0.353
-0.044
1.435
1.241
0.256
2.221
0.676
0.277
1.809
1.309
0.643
1.747
0.629
1.998
1.019
0.948
0.716
1.793
0.705
-0.458
0.809
-1.345
-0.458
0.575
-0.543
-0.042
0.028
-0.391
1.325
-1.158
0.445
2.298
1.959
-1.626
1.311
-0.997
-0.179
-1.902
0.074
-0.352
1.729
-0.679
-0.848
2.081
2.071
-0.144
-0.194
-1.019
-1.849
0.629
0.204
1.544
2.015
0.359
0.432
-0.295
-0.018
-0.046
1.796
-0.142
-1.001
0.827
