-0.014
0.018
0.224
0.110
0.098
0.023
-0.229
-0.146
-1.364
-0.216
-0.003
0.009
-0.185
-0.124
-0.042
0.179
0.047
0.004
-0.309
0.519
-1.200
0.678
1.316
-0.100
-0.090
-0.146
-0.147
-0.057
-0.340
0.086
-0.149
0.012
-0.026
0.156
-0.039
-2.881
-2.302
-1.802
-0.590
-1.183
-2.591
-3.833
-0.166
0.040
-0.110
0.219
-0.116
-0.155
-1.838
-1.753
-2.523
-1.781
-2.362
-2.581
-1.637
-1.167
-1.699
-0.182
-0.468
-3.259
-0.934
-1.382
-1.374
-1.526
-1.514
-1.959
-1.698
-0.584
-0.236
0.294
-0.911
-0.017
0.020
-0.023
0.308
0.040
0.459
0.823
-3.318
0.070
0.472
-1.580
-0.568
-0.021
0.279
-0.793
-1.367
-2.034
-0.059
0.156
0.154
-0.212
-0.025
-0.589
-0.244
-0.044
0.015
0.048
-0.797
-0.397
-0.057
0.121
0.034
0.023
-0.004
0.295
-0.002
3.394
-0.034
0.226
-0.107
-0.017
0.034
-0.015
0.202
0.202
0.100
0.096
-0.174
0.050
0.034
-0.027
0.022
0.066
0.225
-1.204
-0.120
0.559
0.524
-0.002
0.006
0.065
-0.338
0.070
0.557
-0.707
-0.731
-0.108
0.652
-0.079
-0.737
1.451
0.537
-0.142
0.040
0.040
-0.416
-0.098
-0.662
-1.471
-0.786
0.116
-1.199
-1.663
-0.868
-2.844
-2.450
-0.277
-1.245
0.566
-0.182
-2.479
-0.922
0.040
0.952
-0.005
-1.834
-1.059
-0.149
-0.242
-1.838
0.281
0.158
0.393
-0.460
-1.479
-1.034
-0.456
-1.384
-0.572
0.089
-1.730
-0.060
-0.821
-0.738
0.040
-0.208
0.040
-0.691
0.111
0.023
-0.590
0.138
-0.023
0.106
0.641
-0.852
-1.143
-0.776
-0.329
-0.187
-0.546
0.028
-0.468
-0.420
-0.564
-2.955
-2.155
-1.043
-0.202
-0.018
0.037
1.547
-1.085
-0.197
0.182
1.065
0.020
-3.506
-1.790
-0.976
-2.530
-0.183
-1.975
-1.214
-0.358
-0.649
-1.286
-0.962
-0.427
-1.198
-2.037
-1.489
-0.644
-3.359
0.042
0.651
-0.246
-0.266
-0.606
-0.325
-0.604
0.151
-0.129
-2.099
0.040
-0.303
-0.113
-0.706
-1.499
-2.150
-1.377
0.005
-0.011
-1.275
-0.684
-1.368
-0.038
-0.356
-1.198
-0.626
-0.519
-1.185
-0.167
1.610
0.063
0.197
1.031
0.137
-0.230
-0.060
-1.117
-0.041
0.040
-1.513
-0.069
-1.933
-0.045
-0.813
-0.798
0.405
-0.262
0.040
-0.448
-0.951
-0.083
-0.021
0.085
0.040
-0.287
-1.326
0.170
-0.011
0.065
0.001
0.466
0.398
0.106
-2.439
0.320
-0.389
-0.319
-0.059
-0.731
0.015
-0.531
0.686
1.007
0.720
-0.544
-0.217
0.810
-1.505
-0.026
0.147
-2.674
-0.574
-0.346
-0.109
0.458
-0.159
-0.000
-0.047
-0.038
-0.572
0.031
-0.501
0.026
0.158
-2.270
-1.495
-0.608
-0.516
-0.646
-0.250
-1.091
-0.122
-0.445
-0.104
-0.026
-0.931
-0.876
0.493
-0.583
-1.022
0.445
-0.145
0.437
0.189
-2.534
-1.558
-1.373
-1.377
-1.431
-0.739
-0.144
-1.184
-2.384
-0.377
-0.037
-1.259
-0.211
-0.393
-0.039
-0.169
0.040
-0.980
0.040
-1.606
0.767
-0.557
-1.043
-0.264
0.025
-0.896
0.563
-0.056
-0.139
0.099
-0.701
0.390
0.654
1.106
0.603
-0.216
0.061
0.115
0.062
-1.494
-0.924
0.869
0.339
0.036
0.500
0.171
-0.584
0.178
-0.614
-0.767
-2.177
-1.753
0.049
-0.379
-1.015
-0.078
0.258
0.013
-1.453
-2.231
0.156
-0.145
0.021
-0.409
-0.221
-0.211
0.095
-0.394
-0.458
0.133
-1.095
-0.588
-0.525
0.149
-1.261
-0.411
-0.842
-0.183
-0.096
-0.104
0.232
0.029
0.224
0.056
-0.443
0.027
-1.595
-0.838
0.097
0.131
0.239
0.981
0.355
0.278
0.309
0.128
1.034
0.594
1.257
1.200
0.449
0.248
0.389
0.225
0.242
-0.566
0.308
-2.982
0.802
0.199
-0.609
0.459
0.413
-1.358
-0.420
-1.760
-0.320
-0.282
-0.060
-0.027
-0.467
-0.335
0.120
-0.009
-1.751
-0.193
-1.924
-1.000
0.040
-0.004
-1.426
-2.585
-0.036
0.068
0.015
0.109
-0.253
-1.206
-0.360
-1.357
-0.676
-2.109
-0.552
-0.461
-0.513
-0.150
-0.437
-0.149
-0.556
-0.037
-1.176
-1.140
-0.694
-0.095
0.164
0.261
-0.045
-0.021
-0.002
-0.367
0.048
-0.311
-0.189
-0.061
-1.214
-0.642
-0.031
-0.517
-0.037
-0.221
-0.259
-2.055
-0.949
-0.501
0.025
0.812
0.175
-0.082
-1.976
-0.036
0.045
-0.060
-0.093
-0.103
-0.435
-1.116
-0.295
-1.193
-0.507
0.036
-1.157
-2.835
-1.722
-0.877
-0.016
-0.543
-0.558
-1.406
0.144
-0.115
1.030
-0.329
-1.038
-0.682
-0.498
-0.324
-0.259
0.182
-0.246
0.010
-0.071
-0.616
-0.237
-0.144
-0.419
-0.308
0.244
0.118
-0.777
0.040
-2.667
-1.177
-0.723
0.100
-0.519
-0.990
0.068
-1.452
0.122
0.014
0.195
-0.271
0.099
0.350
-0.022
0.341
0.248
-0.129
0.215
-2.223
-0.697
0.053
0.221
-0.338
0.273
0.057
-0.085
-0.538
-0.153
-0.128
0.149
-0.921
-0.033
-0.283
-1.331
-0.776
0.335
-0.866
-0.686
-0.310
-1.749
-0.500
-1.377
-0.611
-0.399
-3.463
-0.028
-0.227
-1.341
-0.865
0.417
0.332
-0.089
0.972
-0.099
-0.025
-0.277
-0.948
0.288
0.054
-1.258
-0.289
0.578
-0.165
0.281
0.123
0.451
0.040
0.461
-0.336
0.059
0.262
-1.404
-0.857
0.142
0.186
0.061
1.051
-0.852
-1.080
-0.588
-1.074
-0.619
-0.220
0.515
0.055
1.113
-0.978
0.008
0.087
1.338
