-0.674
0.196
0.401
-0.071
-0.155
-0.080
0.029
-0.150
-0.503
-0.106
-0.264
-1.073
-0.086
0.079
-0.024
0.373
0.007
0.078
0.818
0.417
-1.345
2.645
0.517
-0.425
-0.116
0.001
-0.040
0.093
0.021
-0.009
0.100
-0.379
-0.067
0.263
0.033
-3.686
-0.467
-2.267
-0.207
-1.725
-1.385
-1.166
0.015
0.347
-0.004
-0.038
-0.567
-0.747
-2.729
-3.882
-1.881
-2.402
-2.652
-2.741
-1.448
-1.492
-1.781
0.438
-0.564
-1.824
0.015
-0.724
-1.773
-1.854
-0.373
-1.559
-0.769
-0.116
0.008
0.022
-1.269
0.710
-0.209
-0.029
-0.758
-1.416
-0.248
0.318
-3.952
0.605
0.262
-1.588
0.338
-0.004
-0.238
0.610
-0.035
-1.114
0.233
-0.608
0.254
0.216
-0.004
-0.543
-0.027
-0.004
0.167
-0.131
-2.290
-0.270
1.683
-0.313
-0.455
-0.057
0.069
0.078
0.125
0.153
0.161
0.305
0.156
0.197
0.216
0.192
0.132
0.197
0.090
0.420
0.128
0.251
0.125
0.077
0.102
0.045
0.193
-0.985
-0.049
0.521
0.567
0.022
0.006
0.961
1.124
-0.004
0.058
0.139
-0.015
-0.155
0.755
0.116
0.463
-0.103
0.767
-0.004
0.117
0.011
-0.588
0.158
-0.004
-1.678
0.999
0.878
-0.557
-0.465
-0.920
-5.364
-3.572
-3.906
-1.280
1.206
-0.294
-3.137
-2.542
-0.201
0.332
0.041
-2.269
0.039
-0.051
-0.232
-0.004
0.399
0.060
0.286
-0.004
-1.514
0.042
-0.941
-0.394
-0.617
0.035
-0.942
-0.093
-0.206
-0.317
-0.175
0.071
0.118
1.029
-0.444
0.046
-2.569
0.626
-2.645
-0.028
0.290
-0.390
-0.224
-0.004
-0.032
-0.896
-0.074
0.868
0.350
0.158
-0.004
-2.673
-2.635
-1.409
-0.009
1.972
0.226
0.398
-0.194
0.206
1.240
0.351
0.039
-2.432
-2.160
-3.083
-1.949
-0.034
-0.900
-1.499
-0.909
-0.594
-0.087
-1.668
-1.081
-0.973
-1.570
-1.202
-3.184
-3.936
-0.132
0.482
-0.660
-0.246
-0.358
-1.913
-0.815
0.341
0.009
-0.767
0.131
0.355
-0.131
-1.300
-0.870
0.075
-0.192
-0.369
-0.370
-0.387
-0.434
-1.316
0.091
-0.035
-1.615
-1.142
-0.087
-1.146
-0.062
3.042
0.017
0.924
0.105
0.205
0.775
0.563
-1.012
-0.004
-0.140
-1.256
-0.055
0.304
0.115
0.229
0.431
1.003
0.138
-0.242
-1.320
-0.207
0.282
1.281
-0.039
0.037
0.440
-0.710
-0.004
0.289
-0.005
-0.001
-0.118
-1.204
-0.442
-0.787
0.156
-0.108
-0.060
-0.466
-2.981
0.324
0.876
-0.004
0.031
1.718
-0.334
-0.215
-0.052
-0.062
0.034
-0.345
-1.795
-0.999
0.115
-0.090
0.191
-0.282
0.028
-0.382
-0.190
-0.108
0.158
-0.314
0.060
0.138
-1.619
-1.553
-0.295
0.049
-0.033
0.451
-1.252
-0.507
0.053
0.019
0.273
-0.326
-0.437
-0.004
-0.183
-0.327
0.017
0.169
1.443
-0.004
-2.314
-1.016
-2.880
-1.540
-3.508
-0.492
-0.406
-1.716
-2.459
-0.783
0.280
0.103
0.816
0.163
-0.821
0.268
-0.991
-1.098
0.112
-4.436
-0.051
-0.032
-0.198
-1.366
-0.740
-1.874
0.939
0.056
0.032
-1.083
-0.840
-1.113
0.150
0.776
-0.194
-0.277
0.055
0.885
-0.686
-0.620
1.144
1.291
-0.165
-0.201
0.789
-0.210
-0.913
-0.392
-1.420
-0.180
0.943
-1.362
-0.606
-0.596
0.089
-0.598
-0.491
-0.693
-1.880
-3.210
0.138
-0.322
-0.012
-0.156
-0.170
-0.004
0.205
-0.024
-0.060
0.113
-0.647
-0.097
0.070
0.005
-0.073
0.088
-0.497
0.347
0.060
0.111
-0.343
0.499
1.039
1.601
-0.405
0.505
-0.752
-0.663
-0.141
0.358
0.537
1.010
0.639
0.083
0.681
0.477
0.753
0.678
1.319
2.494
2.211
0.076
1.214
0.585
0.754
-0.004
0.085
-0.134
-0.004
0.040
-0.139
0.792
-0.312
-0.420
0.793
-2.595
0.816
0.020
-0.029
-0.004
-0.320
0.206
0.086
0.042
-1.055
-0.277
-2.423
-0.035
-1.103
-1.136
-0.344
-0.727
-0.057
-0.004
0.872
1.023
0.102
-2.087
-0.066
-0.962
0.036
-1.718
-0.747
-0.126
-0.330
-0.088
-1.883
-0.774
-0.036
-0.636
-1.773
-1.582
-1.803
-0.022
0.717
0.013
-0.136
0.016
0.214
0.419
0.160
-0.490
-0.590
0.214
0.122
0.418
-0.183
-0.261
0.071
-0.389
-0.023
-0.794
-0.417
-1.927
-0.437
0.015
0.006
-0.103
0.178
-0.006
-0.004
-0.011
0.001
0.311
-0.004
-0.119
0.560
-0.004
-0.004
-1.457
-0.290
-2.979
-0.506
-0.417
-0.116
0.029
0.060
-0.471
0.227
-0.004
1.350
-0.010
-0.348
-0.277
-0.218
0.072
-0.282
-0.067
-0.004
-0.004
0.167
0.176
-0.246
-0.029
-0.615
-1.339
0.296
0.210
-0.365
-0.315
-1.762
-0.712
-1.337
-0.054
-0.353
0.168
0.201
0.124
-0.228
-0.095
-0.082
0.060
0.060
0.037
0.092
-0.004
0.032
-0.004
0.070
-0.203
0.472
-0.373
-0.030
0.819
-0.865
0.132
-0.073
-0.165
0.019
0.166
-0.028
-0.290
-0.579
-0.261
-0.795
0.868
0.720
-1.201
-1.401
-0.617
-0.577
-0.612
-0.411
-0.745
-0.397
-0.132
-0.389
0.376
0.997
-0.185
0.043
-0.359
-0.543
1.173
-0.004
0.048
-0.004
-1.221
0.525
-0.711
-0.076
-0.004
-0.004
-1.018
0.218
0.813
0.829
-0.002
0.650
0.181
0.252
0.706
-0.566
-0.193
-0.169
-0.004
-0.004
0.077
0.055
-0.057
-0.192
-0.703
-0.905
0.449
0.275
-0.056
0.503
-3.809
-0.255
0.365
-0.024
