0.190
-0.072
-0.069
-0.090
-0.037
-0.114
0.362
0.465
0.846
0.091
0.840
0.684
-0.111
0.002
-0.472
-0.533
-0.509
-0.279
-0.255
-0.337
0.079
-1.551
-0.835
-0.191
-0.239
-0.081
-0.175
-0.181
0.294
-0.160
-0.152
-0.132
-0.347
-0.186
-0.293
3.890
2.801
3.423
0.666
2.687
3.511
4.317
-0.125
-0.091
0.543
-0.087
0.257
0.262
3.391
2.119
2.739
1.974
3.359
4.895
3.053
1.418
1.029
-0.016
0.602
3.900
2.133
1.611
1.853
2.526
1.655
3.329
2.017
0.595
0.045
-0.047
1.149
-0.319
-0.749
0.091
0.846
2.670
0.257
-1.644
6.211
-0.152
-0.328
0.959
1.315
0.187
-0.763
0.213
1.626
2.860
0.533
-0.806
-0.637
0.446
0.404
0.667
0.766
-0.075
-0.109
-0.186
2.822
1.206
0.293
0.101
0.176
0.218
0.152
-0.865
-0.132
-0.141
-0.148
-0.232
-0.203
-0.075
-0.127
-0.125
-0.158
-0.234
-0.139
-0.175
-0.073
-0.122
-0.161
-0.144
-0.118
-0.274
-0.202
2.526
-0.429
-1.388
-0.783
0.007
-0.076
0.003
0.736
-0.075
-0.801
0.454
0.487
0.695
-0.256
0.571
0.540
-1.074
-1.452
0.010
-0.046
-0.250
-0.037
0.936
0.944
2.279
0.891
-0.141
1.302
3.110
2.001
4.487
3.411
3.245
3.302
-0.056
0.574
2.466
2.842
-0.055
0.015
-0.142
1.543
1.130
0.257
1.072
1.242
-0.190
-0.108
-0.322
1.209
2.205
1.562
0.530
1.028
0.638
-0.358
2.513
-0.174
0.698
1.204
0.846
0.438
-0.197
0.197
-0.768
0.121
1.088
-0.512
3.177
1.362
-0.490
0.813
1.280
0.450
0.111
0.139
-0.048
-0.098
-0.074
-0.106
-0.066
3.849
4.219
0.760
0.060
0.019
-0.192
-1.673
0.519
0.383
-1.229
-1.710
-0.174
4.137
2.824
1.707
3.513
0.658
2.234
1.571
0.849
1.599
0.965
1.251
0.856
0.620
2.243
1.600
2.099
4.970
-0.276
-1.205
0.144
0.100
1.276
0.155
0.770
-0.320
-0.135
3.883
-0.046
0.142
-0.040
0.870
2.251
-0.710
1.257
0.497
-0.357
1.285
0.438
2.313
-0.127
-0.153
1.572
1.096
0.118
0.632
0.632
-0.684
-0.278
-0.677
-0.571
-0.172
0.823
-0.125
0.814
-0.093
-0.361
1.234
0.158
1.244
0.358
0.278
-0.833
-0.215
0.453
2.607
1.465
0.683
0.219
0.394
-0.212
-0.219
-0.017
3.062
-0.310
-0.125
-0.215
-0.149
-0.299
-1.017
-0.544
3.555
-0.775
-0.147
1.777
0.446
0.211
-0.034
0.203
-1.168
-2.036
-1.242
-0.821
0.095
-1.255
0.230
-0.410
0.272
2.167
0.415
-0.370
0.063
-0.130
0.060
-0.074
-0.114
-0.129
-0.025
-0.116
0.657
-0.125
-0.226
3.722
1.375
0.338
0.042
0.593
0.262
1.621
0.348
0.230
-0.122
-0.125
0.531
0.994
-0.304
0.261
0.269
-0.356
0.204
-0.262
-0.162
4.702
1.548
1.296
1.625
1.826
1.277
0.293
2.405
2.512
0.994
0.423
1.081
0.046
0.361
0.569
0.227
0.290
4.024
-0.064
4.150
-0.565
1.643
0.778
1.954
0.780
2.651
0.214
0.053
-0.043
-0.181
-0.071
-0.228
-0.797
-1.485
-0.233
-0.050
0.452
0.252
1.164
0.573
-0.327
-0.867
0.539
-0.132
0.300
0.226
0.880
0.435
1.377
-0.181
2.970
2.096
1.895
1.173
1.725
2.114
1.891
0.010
3.083
3.896
-0.214
0.823
0.395
0.430
0.159
0.098
-0.205
0.098
1.607
0.081
1.260
0.066
0.659
-0.180
0.638
0.108
2.004
0.448
-0.156
-0.015
-0.323
-0.071
-0.188
-0.171
0.206
-0.125
2.797
1.252
0.306
-0.381
-1.533
-0.252
-0.604
-0.239
-0.408
-0.313
-1.572
-1.396
-1.240
-0.978
0.052
-0.387
-1.674
-0.533
-0.169
0.959
-0.454
1.149
-0.712
-0.302
0.796
-0.654
-0.423
1.153
-0.443
-0.407
-0.196
-0.123
-0.353
-0.042
0.100
0.170
-0.134
0.432
3.522
0.335
3.079
0.349
0.465
0.098
1.148
2.864
-0.080
-0.374
-0.028
-0.040
0.433
2.838
0.957
1.447
0.277
3.603
1.062
0.244
-0.073
0.055
1.328
0.052
0.114
0.899
2.195
1.054
1.834
0.071
0.028
-0.128
0.089
0.187
0.374
0.103
0.055
0.368
0.087
0.193
0.313
0.148
0.176
0.258
0.661
0.573
0.342
3.073
1.442
0.570
-0.104
-0.367
-0.116
-0.285
0.459
0.120
-0.263
0.136
0.085
-0.078
0.127
0.708
-0.034
1.106
1.117
0.117
1.928
4.131
0.964
1.303
-0.716
0.331
0.310
1.023
0.026
0.352
-0.032
0.100
1.055
0.614
0.491
0.998
0.182
-0.366
0.250
-0.058
-0.169
0.733
0.169
0.021
0.164
0.325
-0.520
-0.324
1.296
-0.820
3.646
1.440
1.356
0.079
0.266
0.646
0.062
1.222
0.286
-0.063
-0.339
-0.051
-0.384
-0.213
-0.065
-0.194
-0.135
-0.152
-0.125
0.500
1.093
-0.570
-0.043
-0.010
-0.059
-0.471
0.046
0.128
0.020
0.030
-0.199
0.772
0.695
0.026
2.387
0.794
-0.046
1.762
1.269
0.617
1.306
0.408
1.656
1.025
0.748
2.805
0.461
0.086
-0.865
0.772
-0.417
-0.200
0.433
-1.488
-0.315
-0.105
1.115
1.934
0.187
1.047
0.874
0.383
-1.363
0.718
-0.302
-0.828
-0.372
0.903
-0.102
0.868
-0.396
-0.499
0.600
0.070
-0.085
-0.102
-0.159
-0.871
1.137
0.162
0.643
1.307
0.505
0.115
-0.118
-0.285
-1.049
2.853
-0.489
0.219
0.156
