0.033
0.216
0.190
-0.283
0.241
0.123
-0.704
0.177
-0.419
-0.440
-0.155
-0.213
-0.029
-0.095
0.340
-0.042
-0.048
0.191
0.431
0.156
-1.230
2.209
0.853
0.041
-0.071
-0.480
-0.447
-0.637
0.120
-0.021
-0.116
0.226
1.027
-0.022
0.512
-2.568
-2.882
-1.722
-0.087
-1.506
-1.585
-4.411
0.131
0.514
-0.276
0.025
-0.062
0.111
-2.079
-1.658
-2.315
-2.311
-2.605
-3.106
-2.638
-1.873
-0.791
0.497
-0.298
-4.982
-1.071
-2.713
-1.247
-1.411
-1.818
-1.989
-1.602
-0.756
-0.608
-0.059
-0.513
-0.027
-0.303
0.017
-1.047
-0.853
-0.754
0.805
-3.940
0.053
0.043
-0.689
-0.540
0.091
0.529
0.013
-0.979
-3.863
-0.359
0.318
1.458
-0.282
-0.001
-0.394
-0.007
0.210
-0.125
-0.017
-1.497
-0.680
-0.053
0.088
-0.225
-0.681
-0.024
0.059
-0.291
-0.052
0.088
0.216
-0.195
0.446
0.256
-0.058
0.169
0.048
-0.001
0.065
0.057
0.044
-0.157
-0.232
0.070
0.228
0.195
-1.431
0.606
1.565
0.385
0.142
-0.158
0.167
0.254
-0.312
0.495
-1.015
-0.169
-0.150
1.343
0.055
0.174
2.870
2.142
-0.382
-0.591
0.004
-0.564
-0.073
-1.421
-3.279
-0.245
-0.077
-1.167
-1.809
-1.354
-2.191
-1.824
-2.678
-1.233
0.230
-0.308
-2.272
-1.363
-0.855
0.440
-0.076
-0.450
-0.761
0.030
-0.245
-0.752
0.018
-0.047
0.123
-0.291
-3.756
-1.367
-0.353
-1.419
-0.663
-0.057
-1.461
-0.011
-0.895
-0.824
-0.133
0.237
0.266
0.113
-0.167
0.152
-0.428
-0.038
-2.067
-2.415
0.575
-0.327
-0.621
-0.155
0.130
-0.069
-0.167
0.083
-0.105
-0.181
-0.305
-2.934
-1.375
-1.575
0.299
-0.191
0.061
1.356
0.014
-0.233
1.556
0.694
0.189
-2.680
-1.956
-1.547
-2.742
-0.217
-2.216
-1.065
-0.454
-0.799
-0.102
-0.865
0.077
-0.829
-1.046
-0.600
-1.163
-3.214
0.128
2.670
-1.263
0.973
-0.591
-0.296
-0.766
-0.181
0.329
-4.271
-0.032
-0.949
0.012
-0.846
-1.921
-0.338
-1.416
-0.866
-0.299
-0.879
-0.289
-1.142
0.174
0.295
-0.824
-0.301
0.061
-1.760
-0.489
1.463
1.947
0.223
0.022
0.434
-0.015
0.164
-1.496
-0.051
-0.625
-0.257
0.115
-3.058
-0.284
-0.371
-0.044
0.236
-0.076
-0.703
-1.297
-0.742
-0.053
0.008
0.087
0.124
-0.655
-1.321
0.061
-0.083
0.529
0.143
0.501
0.054
0.711
-4.906
0.431
0.582
-0.912
-0.036
-0.355
-0.142
-0.500
1.393
1.575
1.291
-0.372
0.222
1.223
0.052
0.821
-0.177
-3.987
-0.043
-0.165
-0.619
-0.253
-0.124
-0.051
-0.073
-0.176
-0.507
-0.066
-0.613
-0.016
-0.059
-1.642
-0.906
-0.119
-0.011
-0.407
-0.214
-0.694
-0.203
-0.300
-0.049
0.014
-0.433
-1.267
0.808
-0.206
-0.189
0.237
-0.136
0.643
-0.096
-2.767
-1.817
-1.550
-1.114
-1.507
-0.373
-0.161
-0.939
-1.106
-1.891
0.344
0.161
0.024
-0.293
-0.310
-0.462
-0.878
0.113
-0.078
-2.739
0.403
-0.388
-0.030
-0.705
-0.499
-1.263
-0.176
-0.571
-0.360
-0.174
1.958
0.401
0.545
0.902
0.085
0.087
-0.542
-0.599
-0.174
-1.196
-0.960
0.052
0.089
-0.280
0.402
0.103
-0.796
-0.047
-0.784
-0.042
-2.729
-1.838
-1.728
-0.789
-1.138
-0.905
-0.036
-0.602
-2.317
-2.868
0.126
0.072
-0.036
-1.002
0.251
-0.645
0.228
-0.381
-0.512
0.018
-2.491
-0.417
-0.978
0.160
-0.021
0.031
-0.601
-0.132
-0.141
0.640
1.131
-0.105
0.163
-0.325
-0.020
1.093
-1.656
-0.567
-0.275
0.124
1.060
1.088
0.216
0.365
0.656
-0.142
0.109
0.266
1.753
1.331
1.237
0.207
2.757
0.090
0.343
-0.511
0.820
-0.879
0.381
0.027
-1.474
0.646
-0.345
-1.484
0.159
-0.279
0.074
-0.011
0.630
0.033
-0.011
-0.437
0.170
-0.100
-2.135
-0.420
-1.371
-1.393
-0.977
-0.392
-0.369
-1.937
-0.077
0.389
-0.123
-0.130
-0.100
-1.249
-0.222
-2.409
-0.832
-2.213
-1.951
-0.364
-0.392
-0.470
-0.541
0.029
-0.614
-0.944
-2.812
-1.624
-1.927
0.030
-0.048
0.031
0.104
0.055
-0.046
0.242
-0.138
-0.274
-0.121
-0.268
-0.361
-1.113
-0.017
0.018
-0.438
0.082
-0.069
-1.665
-1.329
-2.020
0.157
0.249
0.035
-0.311
0.037
-0.177
0.037
-0.343
0.157
0.020
-1.104
-1.624
-0.328
-0.545
0.595
-0.814
-1.174
-1.641
-1.311
-1.009
0.597
-1.703
-0.578
-0.129
-0.008
-0.063
-0.091
-0.042
-0.414
-0.459
-0.297
-0.107
-0.064
0.238
-0.161
0.032
0.151
-0.347
-0.259
-0.089
-1.331
-1.207
-0.064
0.409
-1.005
0.222
-4.202
-0.996
-0.027
0.009
-0.623
-0.114
-0.101
-0.095
-0.070
-0.170
0.381
0.105
0.687
-0.335
-0.110
0.201
0.163
-0.035
0.098
-0.435
-1.352
0.215
0.009
-0.052
-0.252
-0.348
-0.059
0.039
-0.053
-0.060
0.080
-0.092
-0.151
-0.183
-2.041
-0.200
-0.203
-0.519
-1.544
0.704
-0.914
0.076
-0.560
-0.364
-0.533
-1.998
-0.969
-0.042
-0.145
-0.852
0.155
0.240
-0.052
0.795
0.676
0.040
0.167
-1.525
0.006
-0.453
-0.696
-0.909
0.418
-0.727
0.132
0.496
0.348
-1.062
0.058
-0.132
0.225
0.976
-0.450
-0.922
-0.054
0.261
0.321
1.487
0.623
-0.112
-0.594
-0.096
-0.990
0.107
0.103
0.629
1.058
-0.302
0.173
0.019
-0.094
