0.025
0.017
0.017
0.103
0.077
0.105
0.271
0.009
0.339
0.107
0.158
0.266
0.178
0.141
-0.269
0.116
0.099
0.139
0.033
0.067
0.737
-1.055
0.053
0.302
0.043
-0.005
0.232
0.228
0.210
-0.000
0.148
0.015
-0.074
0.085
-0.123
2.512
2.017
2.609
0.886
1.609
2.050
2.533
-0.097
-0.411
0.062
0.108
0.285
0.001
1.614
0.891
1.682
1.225
2.103
3.122
2.083
1.263
1.302
0.015
0.675
3.355
1.202
1.503
1.571
2.128
1.093
2.447
1.788
0.872
0.228
0.872
1.091
-0.187
0.046
0.304
1.484
1.750
0.678
-0.628
2.922
-0.053
-0.057
0.831
0.120
0.345
-0.108
0.002
1.096
2.814
0.367
0.394
0.015
0.304
0.019
0.578
0.481
-0.103
-0.007
-0.028
1.269
0.793
0.178
0.060
0.111
0.484
0.055
-0.083
0.008
-0.004
-0.046
-0.229
0.031
0.010
-0.096
-0.060
-0.186
-0.126
0.007
-0.127
-0.038
-0.371
-0.004
-0.006
-0.059
-0.168
-0.144
0.888
-0.105
-0.734
-0.138
0.317
0.023
-0.051
-0.098
0.620
-0.375
0.541
0.080
0.017
-1.076
0.070
0.145
-1.299
-1.374
0.289
0.319
0.340
0.352
1.241
1.237
2.478
0.906
0.344
0.456
1.754
1.580
3.304
2.888
2.469
2.162
0.096
0.848
2.022
1.614
0.394
-0.367
0.002
0.912
0.753
0.077
0.621
0.701
-0.144
-0.033
-0.009
0.489
1.645
1.522
0.240
0.902
0.870
-0.186
1.445
-0.009
0.586
0.668
0.158
0.056
-0.195
0.001
0.153
0.004
0.479
0.327
2.752
1.690
-0.029
0.480
0.216
0.054
0.058
0.239
0.042
-0.026
0.236
0.257
0.064
2.746
2.347
1.057
0.115
0.687
0.013
-1.187
0.079
0.210
-0.708
-0.224
-0.076
1.711
2.122
1.143
1.931
0.649
1.402
1.341
0.543
1.525
0.873
0.948
0.921
0.679
1.841
1.513
0.846
3.309
-0.424
-1.273
1.023
0.150
0.408
0.181
0.615
0.346
-0.195
2.076
0.092
0.567
0.048
1.244
0.933
-0.206
0.760
0.197
0.326
1.022
0.282
1.400
0.002
-0.006
1.491
0.910
0.014
0.766
0.528
-0.895
0.083
-0.251
0.444
0.113
0.681
0.005
0.677
-0.018
-0.517
0.987
0.015
1.565
0.186
0.279
-0.177
-0.006
0.424
1.345
0.952
1.294
0.020
0.108
-0.017
0.015
0.418
1.206
0.066
0.037
-0.134
-0.009
0.057
0.179
0.586
2.421
0.179
-0.053
1.802
0.558
1.896
0.047
0.431
-0.394
-1.135
-0.999
-0.009
-0.007
-0.672
0.403
0.096
0.881
2.011
0.157
-0.013
0.224
0.220
0.079
-0.062
0.521
0.208
0.799
-0.063
0.466
0.002
0.015
2.082
1.014
0.821
0.431
0.352
0.061
1.134
0.234
0.304
0.233
0.008
0.354
0.963
-0.380
0.323
0.292
-0.030
0.302
-0.049
-0.042
3.106
1.436
0.947
0.958
1.127
0.857
0.237
1.436
1.881
0.798
-0.009
0.285
0.039
0.809
1.146
1.162
0.687
2.727
0.042
2.390
0.158
1.802
0.771
0.962
0.250
1.013
0.524
0.125
0.103
0.380
0.440
0.529
-0.027
-0.173
0.515
0.747
0.116
0.055
0.463
0.702
1.561
-0.141
0.052
-0.064
0.032
0.330
0.673
0.548
0.952
0.153
1.368
1.203
1.013
0.584
1.379
1.460
1.540
0.282
1.564
2.090
0.056
0.808
-0.052
0.283
0.019
0.123
0.196
0.157
0.664
0.080
0.867
0.388
0.866
-0.071
0.676
0.119
1.362
0.488
0.022
-0.009
-0.094
0.226
-0.014
-0.002
0.241
-0.540
1.465
0.820
0.190
0.004
-0.743
-0.370
-0.164
-0.131
-0.735
0.090
-0.495
-0.472
-0.584
-0.727
-0.461
-0.420
-0.250
-0.130
-0.123
0.506
-0.122
1.502
-0.503
-0.246
1.292
-0.533
0.370
1.700
0.047
0.711
-0.003
0.299
0.071
0.113
0.570
0.949
-0.044
0.157
2.188
0.547
2.457
1.030
0.954
0.231
1.028
2.110
0.095
-0.053
0.644
0.164
0.377
1.100
0.495
1.218
0.324
2.583
1.098
0.208
0.148
0.298
0.903
0.075
0.215
0.627
1.645
0.794
1.638
0.072
-0.041
0.013
0.037
0.057
0.049
-0.179
-0.047
0.210
0.132
0.095
0.215
0.506
-0.006
0.053
0.490
0.494
0.321
1.972
1.688
0.632
0.072
-0.573
-0.044
0.894
0.862
0.098
0.355
0.156
0.048
0.026
0.067
0.896
0.321
0.534
0.439
0.482
0.949
2.121
0.798
0.656
-0.107
0.153
0.227
0.479
0.162
0.067
0.008
0.072
0.556
0.243
0.203
0.169
0.339
-0.082
0.125
-0.055
0.004
0.298
0.133
0.110
0.273
0.344
0.100
-0.082
0.844
-0.017
2.768
1.126
0.974
0.175
0.978
0.293
0.361
1.288
0.278
0.210
0.030
0.320
-0.236
-0.390
0.086
0.004
-0.024
-0.042
-0.047
1.370
0.509
-0.006
0.034
0.045
0.011
-0.057
0.372
0.199
0.246
0.236
-0.076
0.771
0.244
-0.022
1.684
0.671
0.389
0.840
0.294
0.083
1.196
0.580
1.174
1.039
0.678
2.833
0.753
-0.018
1.399
0.657
-0.156
0.031
0.225
-0.396
-0.737
0.281
0.646
0.930
-0.145
0.445
1.499
0.690
-0.220
0.581
-0.196
-0.208
-0.136
0.844
0.529
1.271
0.022
-0.559
0.767
0.610
0.001
-0.091
-0.394
-0.643
0.470
0.301
0.600
0.688
0.242
0.038
-0.076
-0.021
-0.966
1.406
0.009
0.737
0.184
