0.029
0.070
-0.254
-0.026
-0.087
0.071
-0.035
0.027
0.249
0.214
0.319
0.420
0.086
0.329
-0.489
-0.174
-0.566
-0.535
-0.157
-0.442
0.143
-1.242
-0.263
0.196
0.104
0.004
-0.013
-0.118
0.671
-0.011
-0.149
0.039
-0.421
0.075
-0.105
2.596
2.091
2.066
0.795
1.651
1.857
3.648
-0.154
-1.093
-0.184
-0.319
0.049
0.077
1.968
2.082
2.393
2.035
2.522
3.684
2.579
1.744
1.420
-0.155
1.041
3.603
1.532
1.677
1.425
1.936
1.209
2.703
1.968
0.559
0.189
-0.033
1.093
-0.655
-0.916
0.258
0.102
0.859
-0.064
-0.807
2.335
-0.182
-0.362
0.559
-0.047
-0.074
-0.511
-0.330
0.679
2.280
0.464
-0.134
-0.449
-0.056
0.249
0.546
0.071
-0.152
-0.053
-0.027
2.397
1.614
-0.046
0.352
-0.028
0.141
-0.079
-0.645
0.090
-0.152
-0.221
-0.256
-0.172
-0.018
-0.361
-0.187
-0.253
-0.261
0.075
-0.310
-0.255
-0.189
-0.152
-0.195
-0.223
-0.167
-0.225
1.231
-0.812
-0.808
-0.310
0.420
-0.064
-0.523
0.271
-0.266
-0.995
0.944
-1.401
0.051
-1.501
0.228
0.162
-1.861
-1.194
-0.009
-0.048
-0.129
0.035
0.268
1.249
1.472
0.673
-0.085
0.958
2.273
2.158
3.545
3.258
2.426
2.459
-0.590
0.017
2.613
2.044
-0.135
-0.881
-0.041
1.135
0.314
0.195
1.303
1.243
-0.339
0.061
-0.358
0.816
1.459
1.770
0.664
2.723
0.534
-0.521
1.452
-0.351
0.454
0.487
-0.007
-0.086
-0.940
0.057
-0.250
-0.111
-0.152
-0.240
1.101
1.366
-0.460
0.695
0.649
0.152
0.572
0.358
0.101
-0.152
0.029
-0.129
0.035
2.894
3.112
0.873
0.101
-0.252
-0.152
-2.389
0.070
0.354
-0.788
-0.915
-0.282
3.238
2.623
1.800
3.810
0.420
2.912
1.777
1.351
1.123
0.792
1.620
1.140
0.032
2.018
1.552
1.676
2.967
-0.159
-1.202
0.446
-0.032
0.407
-0.123
0.174
-0.075
-0.051
2.468
0.083
0.694
-0.379
0.621
1.809
-0.516
0.886
0.525
-0.083
1.383
0.400
2.028
-0.286
0.323
1.529
0.538
0.233
1.074
0.491
-2.326
-0.100
-0.860
0.695
-0.515
0.907
-0.306
0.543
-0.130
0.018
1.983
-0.161
-0.041
0.020
0.632
-0.243
-0.285
0.914
0.814
1.236
1.124
0.045
0.493
0.019
-0.212
-0.041
1.647
-0.244
-0.080
-0.196
-0.327
-0.347
-0.128
0.076
2.975
0.401
-0.329
1.091
-0.119
0.750
-0.029
-0.244
-0.705
-2.178
-0.961
0.016
-0.087
-1.306
0.525
-0.138
0.297
1.902
0.168
0.026
-0.393
-0.094
0.072
-0.002
0.274
-0.036
0.763
0.113
1.602
-0.049
0.103
1.910
1.412
-0.320
0.349
0.853
0.357
1.345
0.358
0.440
-0.007
-0.097
0.417
1.260
-0.756
0.676
0.601
0.007
0.422
-0.195
-0.264
3.247
1.520
1.509
2.036
1.588
0.533
0.009
1.887
2.048
1.171
-0.013
0.336
0.043
-0.014
0.795
-0.003
0.466
0.556
-0.152
2.403
-0.476
1.663
0.492
1.340
0.414
1.358
-0.364
-0.175
-0.110
0.218
0.284
0.044
0.184
-0.350
0.059
0.213
-0.152
-0.152
-0.087
0.266
0.414
-0.107
-0.284
-0.188
-0.254
-0.005
0.332
-0.235
0.790
-0.180
1.542
1.711
0.191
1.055
0.860
1.429
0.890
0.268
2.300
2.375
-0.033
0.292
0.062
0.232
-0.280
0.285
-0.038
0.070
1.365
-0.035
1.294
0.423
0.811
0.108
0.724
-0.171
1.082
-0.059
-0.088
-0.472
-1.360
0.027
0.228
-0.526
0.538
-0.559
1.449
1.373
-0.238
-0.474
-1.897
-1.011
-0.213
-0.372
-0.524
-0.188
-0.772
-0.584
-0.928
-1.567
-0.785
-0.481
-0.439
-0.642
-0.342
-0.088
-0.199
1.801
-0.910
-0.642
1.021
-0.300
0.293
2.107
-0.525
0.667
0.002
0.035
-0.718
0.191
0.480
0.990
-0.805
0.832
1.891
-0.334
3.109
0.906
0.355
0.350
1.280
1.942
-0.165
-0.341
0.061
0.583
0.921
1.752
0.560
1.704
0.792
2.322
1.044
0.382
0.390
0.561
1.093
0.310
0.570
0.375
1.645
1.022
2.368
0.077
0.116
0.052
-0.058
0.246
-0.116
-0.805
0.141
0.382
0.364
0.146
0.035
0.568
0.262
0.800
0.406
0.502
0.517
1.228
1.758
0.198
-0.311
-0.307
-0.096
0.362
0.332
0.090
0.907
-0.056
-0.087
-0.002
0.767
1.728
0.569
1.085
0.618
1.329
0.933
3.200
1.360
1.034
-0.285
0.351
0.371
0.953
-0.292
0.056
0.099
0.077
0.746
0.381
0.457
0.278
0.087
-0.076
-0.054
0.076
-0.320
0.771
0.620
0.358
0.647
0.227
-0.015
-0.533
0.878
-0.236
3.104
0.840
0.645
-0.062
0.100
0.860
-0.136
0.289
-0.191
0.161
-0.169
-0.137
0.058
-0.267
-0.014
-0.152
-0.166
-0.035
-0.152
0.717
0.776
-0.514
-0.093
0.212
0.010
0.011
0.038
-0.160
-0.058
0.379
-0.030
0.811
0.698
0.154
1.852
0.706
0.430
1.574
0.718
-0.088
1.175
0.218
1.451
1.048
0.280
3.091
0.734
0.111
-0.811
0.789
-0.519
-0.223
0.378
-1.011
-0.214
0.209
0.237
1.369
-1.088
0.215
1.886
0.566
-1.342
0.730
-0.545
-1.100
-1.015
-0.233
0.183
1.282
-0.367
-0.309
0.868
0.925
-0.292
-0.503
-0.574
-1.166
0.484
-0.055
1.065
1.082
0.338
-0.108
-0.215
-0.099
-0.467
1.409
-0.111
-0.333
0.243
