0.307
0.315
0.162
0.154
0.136
0.037
0.093
0.458
0.505
0.413
0.681
1.041
0.347
0.244
-0.455
-0.226
-0.427
-0.307
-0.128
-0.156
0.169
-1.722
-0.168
0.100
0.046
0.090
-0.181
-0.235
0.517
0.082
0.076
0.295
-0.820
-0.298
-0.779
2.124
0.990
2.609
0.817
1.880
2.102
4.640
-0.039
0.306
0.818
0.206
0.833
0.641
2.617
2.346
3.698
1.852
2.508
2.699
3.800
2.375
0.978
0.129
0.738
3.592
2.026
1.981
1.819
1.719
1.301
2.399
1.940
0.971
0.503
0.487
2.045
-0.095
0.474
0.340
1.576
2.182
1.473
-1.730
2.344
-0.175
-0.913
1.434
1.751
0.510
0.034
-0.322
0.897
1.821
0.516
0.175
-1.061
0.734
0.094
1.137
0.716
0.282
0.020
-0.057
1.847
0.941
0.585
0.267
0.398
0.609
0.277
-0.544
0.068
0.014
0.062
-0.147
0.167
0.110
-0.164
-0.023
-0.118
-0.181
0.061
-0.179
-0.019
-0.400
0.018
0.055
-0.148
-0.382
-0.150
1.442
-0.497
-1.407
-0.580
0.369
-0.024
-0.437
0.113
1.303
-1.113
0.707
0.149
0.125
-1.298
0.026
0.237
-1.358
-1.150
0.086
0.086
-0.019
0.205
1.136
0.530
2.702
1.097
1.039
0.935
2.892
3.071
3.061
2.828
4.413
4.322
1.366
2.208
3.379
2.687
0.717
-0.371
0.065
0.947
0.983
0.146
0.713
1.390
-0.076
0.093
-0.344
1.145
1.782
1.870
0.971
1.944
1.351
-0.361
1.406
0.039
1.030
0.923
0.073
-0.077
-0.241
-0.414
-0.027
0.186
1.368
0.622
2.674
1.876
-0.742
0.856
1.182
0.102
0.445
0.066
0.098
0.014
0.258
0.275
0.205
3.270
2.681
1.891
-0.854
0.494
0.485
-1.082
-0.048
0.182
0.284
-0.970
0.032
3.363
2.631
1.386
3.557
1.047
2.283
1.744
1.765
2.127
1.597
1.562
1.665
1.552
3.298
1.984
1.830
3.278
-0.142
-1.712
0.440
0.210
1.345
0.491
0.904
0.044
-0.009
2.254
-0.057
1.047
0.241
1.363
2.130
-0.363
1.886
0.766
1.012
1.585
1.762
1.718
0.312
-0.178
1.396
0.938
0.574
1.311
0.564
-1.267
-0.104
-0.392
0.425
0.112
0.890
-0.053
0.975
0.014
-0.148
1.164
0.321
0.734
0.219
0.533
0.363
-0.388
0.640
1.049
1.139
0.945
0.020
0.188
0.143
-0.102
0.114
2.518
-0.047
-0.045
-0.190
-0.075
-0.613
0.479
-0.169
2.811
-0.370
-0.272
1.321
0.779
1.144
0.364
0.616
-1.374
-2.050
-0.940
-0.265
0.744
-2.418
0.271
0.044
0.842
2.241
1.227
-0.485
-0.187
-0.293
0.145
0.046
0.348
0.343
0.619
0.126
0.668
0.214
0.064
1.721
0.974
0.696
0.474
0.859
0.443
0.933
0.592
0.902
0.089
0.007
1.605
1.414
-0.056
1.654
1.368
-0.055
0.822
-0.215
-0.021
2.984
2.569
1.885
2.321
0.852
1.460
0.417
2.134
2.121
2.119
-0.294
0.329
0.033
0.644
0.707
0.971
1.926
0.506
0.194
2.639
-0.886
1.791
0.950
1.388
0.492
1.965
1.147
-0.058
0.123
0.582
0.667
0.471
-0.028
-1.124
0.744
0.384
-0.024
0.126
1.630
1.649
0.499
-0.314
0.052
-0.311
0.007
0.028
0.717
0.222
1.106
-0.959
2.167
2.194
2.098
1.695
2.180
1.606
1.995
0.177
2.879
2.101
0.084
0.364
0.259
0.408
0.041
0.175
0.088
0.393
1.546
0.158
1.740
0.549
0.956
0.271
0.641
1.333
1.697
0.467
0.054
0.307
-0.022
-0.045
-0.536
-0.569
0.314
-0.610
2.507
1.560
0.601
-0.000
-1.695
-0.502
0.069
-0.696
-1.173
0.044
-1.005
-1.018
-1.046
-1.885
-0.519
-0.335
-1.234
-0.335
0.229
0.879
-0.157
1.261
-1.152
-0.306
1.463
-1.044
0.396
0.569
-0.519
0.707
-0.001
0.093
-0.528
0.242
0.396
-0.200
-0.715
0.334
1.988
0.030
2.930
0.619
1.243
0.261
0.831
1.302
-0.111
-0.304
0.499
0.210
1.336
2.293
0.891
1.767
0.604
2.619
1.142
0.568
0.429
0.721
0.857
0.373
0.601
0.734
1.898
1.045
2.362
0.297
0.094
-0.198
0.296
-0.051
0.011
-0.431
0.366
0.318
0.215
0.209
0.473
0.280
0.195
0.564
0.346
1.038
0.753
1.533
1.696
1.050
0.010
-0.260
0.280
0.213
0.365
0.125
0.143
0.153
0.144
0.115
0.585
1.573
0.708
0.999
0.906
0.714
0.794
3.779
1.587
1.519
-0.339
-0.056
0.445
1.207
0.503
0.111
-0.711
-0.006
0.806
0.754
0.408
0.671
0.400
0.178
-0.118
0.192
0.063
1.149
0.902
0.229
0.679
0.151
-0.209
-0.433
1.073
0.194
3.494
1.257
1.332
0.112
-0.401
0.982
0.277
0.981
0.152
0.255
-0.093
0.439
0.150
-0.644
0.183
0.114
0.178
0.196
0.111
1.925
1.157
-0.643
-0.198
0.055
-0.124
0.441
0.073
-0.369
0.009
0.120
-0.005
0.620
0.433
0.153
1.120
0.777
1.009
1.304
1.496
0.461
1.466
0.803
1.415
1.684
1.471
2.891
1.535
0.185
-0.475
0.422
-0.120
0.121
1.102
-0.558
-0.473
0.005
0.440
1.866
0.160
1.256
1.736
0.993
-1.129
0.990
-0.527
-0.547
-0.547
1.305
-0.293
1.646
-0.206
-0.708
1.148
1.264
0.012
-0.504
-0.115
-0.504
1.207
0.415
2.244
1.919
0.455
0.244
-0.149
-0.067
-0.536
2.242
-0.434
0.436
0.638
