0.172
-0.173
0.176
-0.295
-0.033
0.359
0.085
-0.194
0.149
-0.373
0.168
-0.824
-0.264
-1.118
-0.175
0.066
0.303
0.187
0.325
0.435
-0.564
0.947
0.749
0.078
0.010
0.661
0.066
-0.131
-0.570
-0.087
0.219
0.035
-0.218
-0.228
0.077
-3.074
-1.243
-3.735
-0.967
-1.337
-2.448
-3.719
0.220
0.181
0.098
0.049
-0.300
0.195
-2.095
-1.715
-1.531
-1.742
-3.310
-2.567
-2.538
-1.401
-1.132
-0.177
-0.834
-3.364
-0.944
-1.147
-1.530
-2.818
-1.185
-4.106
-2.028
-1.127
-0.291
-0.067
-1.254
0.126
-0.103
-0.931
0.195
0.195
0.195
0.584
-3.118
0.184
0.256
-0.981
-0.027
-0.372
0.195
-0.843
-1.722
-2.309
-0.872
0.268
0.197
-0.031
-0.077
-0.561
0.195
0.195
0.193
-0.186
-1.705
-0.127
-1.104
-0.320
-0.110
-1.152
-0.167
0.239
0.036
2.809
0.202
0.328
0.139
0.019
0.348
0.224
0.214
0.251
0.152
-0.395
0.174
0.187
-0.000
0.245
0.414
0.377
0.462
-1.475
-0.175
1.451
-0.083
0.255
-0.039
0.072
-1.074
0.195
1.851
-2.183
0.195
-0.181
0.236
-0.868
-0.569
0.209
0.361
-0.523
-0.221
0.184
-0.406
-0.330
-1.055
-2.246
-1.550
0.277
-1.346
-2.298
-1.691
-3.277
-2.137
-2.277
-2.415
0.195
-0.615
-2.402
-1.643
-0.076
0.205
-0.191
-1.463
-1.368
-0.574
-0.949
-1.389
0.208
0.376
0.335
-0.784
-1.895
-2.898
-0.557
-2.046
-1.709
0.311
-2.347
0.050
-0.882
-1.604
-1.456
0.071
0.086
0.155
0.372
0.280
0.195
0.224
0.195
0.539
0.195
-0.431
-0.597
-0.670
-0.425
-0.443
-0.126
1.685
0.043
-0.094
0.219
-2.405
-2.120
-0.728
0.033
-1.002
0.052
1.125
-0.498
-0.356
1.434
0.975
0.349
-3.339
-2.907
-2.026
-2.047
-0.128
-1.654
-0.759
-1.336
-1.374
-1.180
-1.640
-1.737
-1.943
-3.565
-2.016
-1.370
-3.629
0.250
1.394
-0.453
-0.161
-0.180
-0.204
-0.823
-0.319
-0.079
-2.368
-0.033
-0.938
-0.186
-0.858
-1.154
-0.369
-1.196
-0.531
0.164
-1.523
-0.367
-2.690
0.224
-0.641
-1.960
-1.097
0.015
-1.116
-0.794
2.121
-0.030
1.132
0.168
0.240
-0.051
0.155
-0.192
-0.070
0.317
-0.688
0.195
0.043
-0.540
-0.750
0.176
0.152
-0.107
0.195
-0.924
-0.995
-0.060
0.038
-0.092
0.221
-0.296
-2.851
0.377
0.008
0.264
-0.241
0.032
0.137
0.286
-2.036
-0.440
0.078
-1.306
-0.313
-0.847
-0.316
0.333
0.229
1.074
0.351
-0.245
0.119
1.278
-0.702
1.201
-1.416
-2.105
-1.393
0.140
-0.097
0.169
0.154
-0.018
-0.487
-0.419
-0.495
-0.084
-0.076
-0.117
-0.080
-1.637
-0.974
-0.566
-0.494
-0.642
-0.133
-1.402
-0.626
-0.811
-0.074
0.284
-0.453
-0.165
0.737
-0.324
-0.039
-0.145
-1.151
0.212
0.035
-2.691
-1.624
-0.960
-1.900
-1.886
-0.214
-0.308
-2.149
-2.438
-1.033
-2.521
-1.734
-0.032
-0.687
-0.876
0.010
-0.596
-1.972
0.253
-3.458
0.192
-1.849
-1.960
-1.766
-0.644
-0.692
0.180
-0.071
0.044
-0.037
-0.823
-0.211
0.551
0.094
0.195
0.188
0.284
0.327
0.195
-0.514
-0.290
0.467
-0.185
0.177
-0.051
-0.344
-0.936
0.049
-1.589
-0.194
-2.754
-1.407
0.465
-0.818
-0.764
-0.986
0.436
-0.055
-2.009
-2.394
-0.073
0.111
0.195
-0.564
0.080
0.021
0.135
-0.644
-0.946
0.242
-1.593
-1.044
-1.191
-0.025
-0.257
-0.475
-0.410
0.118
0.031
0.179
0.687
-0.072
-0.115
0.208
-0.724
0.175
-2.145
-1.836
-0.076
0.193
1.009
0.637
0.200
0.215
0.332
-0.102
0.646
0.277
0.279
0.443
-0.035
0.182
0.119
0.419
0.162
-0.509
0.205
-2.212
0.997
0.266
-1.098
0.330
0.960
-1.940
1.129
-2.156
-0.140
-0.174
0.153
0.035
-0.397
-0.714
0.546
-0.407
-2.632
0.321
-2.812
-0.980
-0.168
0.154
-1.464
-2.332
-0.287
0.229
-0.040
-0.095
-0.302
-2.218
-0.405
-1.444
-0.863
-3.221
-1.214
-0.674
-0.093
0.015
-1.346
-0.460
-0.382
-1.382
-2.211
-1.380
-1.347
0.081
0.043
0.189
-0.247
-0.116
-0.285
0.001
-0.287
-0.736
-0.032
0.047
0.026
-0.152
-0.348
-0.353
-0.625
-0.864
-0.298
-2.100
-1.782
-0.932
-0.262
0.458
0.180
-0.268
-1.009
-0.131
-0.368
-0.098
-0.069
-0.143
-0.564
-0.959
-0.487
-1.574
-0.966
-0.321
-0.977
-3.126
-1.349
-1.788
0.283
-1.253
-0.562
-1.417
-0.339
-0.072
0.843
-0.326
-1.625
-1.843
-0.478
-1.072
-0.611
0.217
-0.167
-0.023
-0.160
-0.723
-0.108
-0.096
-0.398
-0.027
-0.180
0.271
-1.242
0.421
-3.371
-1.575
-1.616
0.237
0.094
-0.516
0.195
-0.714
-0.216
-0.762
0.158
-0.321
0.439
0.195
-0.188
0.267
0.251
-0.210
0.316
-1.188
-1.662
0.645
0.066
0.429
-0.367
0.096
-0.150
-1.328
-0.060
-1.050
-0.324
-0.156
-0.872
0.130
-1.171
-1.064
-0.575
-1.012
-0.818
0.202
-0.819
-0.911
-1.126
-0.722
-0.513
-1.891
-1.895
-0.332
-0.376
-0.728
0.244
-0.076
-0.377
0.017
0.261
0.102
0.133
-0.240
0.064
-0.049
-1.468
-0.694
0.412
-0.800
0.599
0.792
0.224
0.156
-0.544
-0.350
0.248
0.747
-0.811
-0.785
-0.121
0.037
0.249
0.884
-0.330
0.059
-1.078
-0.723
-0.665
-0.410
0.021
0.513
0.927
-2.115
0.178
-1.015
0.286
