-0.052
-0.266
0.061
-0.577
0.107
-0.374
-0.130
-0.255
-0.178
-0.010
-0.237
-0.331
-0.202
0.080
0.888
0.100
0.219
0.222
0.090
0.064
-0.413
1.203
0.035
0.012
0.072
-0.014
-0.039
-0.487
0.009
-0.070
0.090
-0.180
0.094
-0.042
0.090
-1.874
-1.997
-3.075
-0.241
-2.143
-2.729
-3.376
0.271
0.259
0.068
0.094
-0.203
0.062
-2.550
-1.413
-1.685
-1.524
-1.667
-3.658
-3.704
-2.012
-1.770
0.090
-0.332
-3.409
-0.919
-2.040
-1.653
-2.457
-1.509
-2.002
-1.561
-0.949
-0.032
0.147
-0.518
0.257
0.053
-0.744
-0.686
-2.213
-0.088
1.828
-4.325
-0.115
0.090
-1.682
-1.048
-0.394
0.592
-0.158
-1.065
-1.947
-1.206
0.580
0.171
-0.380
0.267
-0.940
-0.112
0.283
0.191
0.235
-1.305
-1.240
0.019
0.090
0.098
-0.253
-0.081
0.278
0.029
0.076
0.090
0.187
-0.012
0.069
0.178
0.091
0.214
0.197
0.079
0.090
0.092
-0.066
0.065
0.104
0.129
0.385
0.177
-0.928
1.190
1.227
0.428
-0.021
0.046
0.093
-0.023
-0.524
0.809
-0.279
0.742
0.023
1.616
-0.173
-1.124
2.073
0.987
-0.287
-0.001
-0.099
-0.266
-0.554
-0.751
-3.077
-1.059
-0.396
-0.978
-1.774
-1.191
-2.766
-2.165
-3.067
-2.903
-0.048
-1.475
-1.792
-0.732
-0.611
0.116
0.014
-0.560
-1.362
-0.207
0.088
-1.302
0.331
0.007
0.077
-1.059
-1.860
-0.877
-0.556
-0.654
-1.071
0.114
-1.895
0.040
-0.985
-0.891
-0.147
0.018
0.610
0.123
-0.284
0.006
-0.949
-0.447
-2.520
-1.184
0.962
-0.528
-0.374
-0.268
0.010
-0.293
0.079
0.021
0.036
-0.209
0.067
-3.092
-2.997
-0.390
0.050
-0.595
-0.217
0.775
-0.183
-0.145
-0.041
1.260
0.169
-0.478
-3.212
-2.227
-2.719
-0.582
-1.328
-0.490
-1.050
-0.656
-0.768
-1.577
-1.264
-1.003
-1.880
-1.543
-2.018
-3.238
0.433
2.224
-0.231
0.053
-1.726
-0.442
-1.647
-0.179
-0.016
-2.352
-0.141
-0.422
0.007
-1.638
-1.332
-0.421
-1.524
-0.166
0.062
-0.808
-0.606
-2.614
0.018
0.026
-1.616
-1.040
-0.112
0.042
-0.511
1.358
-0.248
0.327
-0.759
0.060
-1.223
0.093
-1.052
-0.129
0.078
-0.565
0.088
-0.425
0.019
-0.196
0.509
0.391
-0.210
-1.255
-1.143
-0.625
-0.109
-0.011
0.090
0.349
-0.014
-2.451
0.131
0.131
0.338
0.232
-0.364
-0.340
0.152
-3.227
0.165
0.085
-1.709
-0.042
-1.362
0.240
0.118
0.935
1.386
2.181
-0.364
-0.445
3.419
-0.486
1.341
-0.802
-4.068
-0.520
0.083
-0.010
0.136
-0.126
-0.229
0.006
-0.039
-0.407
0.130
-1.076
0.043
0.040
-2.391
-0.304
-0.221
-0.493
-1.480
-0.429
-0.836
-0.431
-0.409
0.269
0.286
-0.478
-1.325
0.400
-0.570
-0.533
0.193
0.062
0.157
0.090
-3.018
-0.942
-1.122
-1.620
-1.408
-1.574
-0.123
-1.720
-3.301
-1.611
-0.011
-0.031
-0.111
-1.204
-1.740
-1.858
0.067
-1.162
0.049
-3.239
0.412
-1.325
-2.033
-2.288
-1.016
-3.249
0.078
-0.229
-0.242
-0.969
-1.029
0.922
0.420
1.136
-1.012
-0.476
-0.149
0.055
-1.472
-0.378
0.077
0.785
0.316
0.266
-0.316
-0.115
-1.141
-1.218
-0.352
1.025
-1.504
-0.928
-0.887
-0.498
-0.689
-1.557
-0.039
0.085
-2.426
-3.717
-0.095
-1.144
0.085
-1.252
-0.549
-0.074
-0.326
-0.027
-0.760
0.031
-1.607
-0.338
-0.620
0.406
-0.596
0.024
-0.806
-0.530
0.007
0.154
0.984
-0.171
-0.278
0.413
-0.696
0.409
-1.067
-1.382
0.863
0.368
0.845
0.947
-0.074
0.398
0.858
-0.122
1.652
1.519
1.051
1.854
1.410
0.241
0.529
0.466
0.211
-0.142
0.167
-2.173
1.147
0.620
-1.243
1.001
-0.526
-1.880
1.231
0.268
-0.310
-0.027
0.210
-0.736
-0.296
-0.221
0.275
-0.164
-2.885
-0.506
-2.346
-0.501
-0.494
0.084
-0.963
-1.486
0.339
0.521
-0.237
-0.254
-0.176
-2.506
-0.806
-2.351
-0.965
-3.096
-0.818
-0.682
-0.528
-0.206
-0.925
-0.119
-0.229
-0.500
-2.739
-0.801
-1.939
-0.145
0.018
0.003
-0.654
0.027
0.133
1.281
0.066
-0.624
0.065
-0.085
-0.255
-0.463
-0.033
-0.726
-0.544
-0.395
-0.105
-0.665
-2.335
-1.417
0.163
0.748
0.028
-0.261
-0.865
0.018
-0.415
-0.761
-0.431
-0.193
-0.173
-0.933
-0.110
-1.152
-0.295
-0.595
-0.834
-2.687
-1.301
-0.380
-0.269
-0.636
-0.035
-0.620
-0.076
0.097
0.626
0.029
-1.387
-0.603
-0.266
-0.386
-0.116
-0.008
-0.085
-0.036
-0.423
-1.006
-0.254
-0.084
-0.529
-0.345
-0.055
0.098
-0.535
0.698
-2.333
-1.517
-1.126
0.016
-0.116
-2.029
-0.007
-0.547
0.186
-0.297
0.090
0.073
0.177
0.572
0.048
0.063
0.109
0.029
0.104
-2.817
-1.770
0.676
0.202
-0.151
-0.019
-0.136
-0.482
-0.064
0.051
-0.206
0.043
0.005
-0.717
-0.175
-2.056
-1.023
-0.995
-0.915
-0.780
-0.103
-1.230
-0.475
-1.238
-0.788
-0.869
-1.282
-0.852
-0.010
-2.010
-0.561
0.195
-0.366
-0.553
0.612
0.309
-0.015
-0.948
-1.359
0.164
-0.384
-0.778
-0.030
0.090
0.003
0.329
0.448
0.465
-0.744
-0.175
-0.652
0.140
0.685
-0.515
-1.247
0.083
0.195
0.160
1.084
-0.485
-0.099
-0.099
-0.607
-1.171
-0.074
0.148
0.090
0.569
-1.429
0.004
-2.069
-0.116
