0.088
-0.038
0.120
0.012
-0.055
0.249
0.003
0.253
0.821
0.125
0.118
0.543
0.541
0.545
0.064
0.246
0.044
-0.192
0.105
0.416
0.147
-0.806
0.294
0.018
0.011
-0.018
0.301
0.136
0.511
0.060
0.064
0.094
-0.445
-0.984
-0.046
2.651
1.738
2.578
0.367
1.563
2.552
2.456
0.006
-1.360
0.015
0.331
0.667
0.608
2.037
1.572
1.799
2.279
2.658
2.763
1.921
0.997
1.699
0.480
1.105
3.483
1.111
1.298
1.550
1.481
1.343
1.414
1.060
0.947
0.133
1.015
1.237
-0.291
0.538
0.245
0.224
1.152
0.422
-0.833
1.485
-0.072
-0.475
1.164
0.097
0.421
-0.368
-0.448
0.815
2.090
0.027
-0.440
-0.595
-0.117
0.089
0.386
0.317
-0.718
0.086
-0.006
1.699
0.395
0.161
0.106
0.425
0.433
0.113
-0.507
0.055
0.056
-0.072
-0.792
-0.063
-0.050
-0.651
-0.046
-0.229
-0.005
0.067
-0.400
-0.045
-0.158
0.057
-0.011
-0.178
-0.928
-0.643
1.191
-0.060
-0.496
-0.509
0.022
0.116
-0.424
-0.409
-0.025
-1.142
-0.520
-0.115
0.233
-1.255
-0.006
0.270
-1.489
-0.928
0.080
0.058
-0.000
0.056
-0.178
0.238
2.666
0.719
0.354
0.949
2.393
2.174
3.303
2.840
2.093
3.017
-0.338
1.125
2.280
1.714
0.385
-0.055
0.059
1.575
0.828
0.383
0.728
1.360
-0.053
-0.293
-0.533
0.475
1.670
1.491
0.476
1.409
1.265
-0.557
1.604
0.012
0.320
0.618
0.202
0.025
-0.381
-0.298
-0.437
0.014
0.447
-0.116
1.519
0.626
-0.515
0.884
0.811
0.109
-0.066
0.202
0.571
0.019
0.151
0.136
0.429
2.732
2.045
1.759
0.124
0.442
0.030
-2.225
0.294
0.809
-1.268
-0.391
0.021
2.263
2.226
1.862
1.640
0.287
1.460
1.629
0.871
1.436
1.121
1.630
1.332
0.928
2.227
1.752
1.655
2.888
-0.315
-1.806
0.448
-0.151
0.756
0.443
0.965
-0.128
-0.275
1.260
-0.063
0.200
0.408
0.582
0.243
-0.235
0.319
0.839
0.519
0.938
0.734
1.468
-0.087
0.156
1.358
1.315
0.539
0.698
0.863
-2.352
0.655
-0.410
0.261
-0.561
0.794
0.007
0.438
0.112
0.000
1.198
-0.818
0.752
0.404
0.512
-0.224
-0.024
0.296
1.096
0.439
0.325
0.119
0.212
0.047
0.081
0.136
0.824
-0.306
0.031
0.057
-0.024
0.001
0.384
0.006
1.261
-0.144
-0.850
1.059
0.628
0.129
-0.122
-0.553
-0.650
-0.985
-1.491
0.602
0.281
0.153
0.573
-0.304
-0.367
0.113
0.990
-0.290
-0.350
-0.151
0.035
0.009
0.254
0.252
0.345
-0.115
0.317
0.032
0.132
1.640
1.302
-0.245
-0.103
1.620
0.384
1.085
0.353
0.443
0.029
-0.468
0.239
0.484
-0.945
1.025
0.829
0.273
1.345
-0.244
-0.162
2.761
2.427
2.136
2.334
1.853
0.450
0.087
1.163
1.337
1.242
-0.178
-0.753
0.024
-0.028
0.447
0.858
-0.091
0.259
0.153
2.555
-0.068
0.291
0.091
1.347
0.761
1.474
0.464
-0.078
-0.083
-0.022
0.161
0.008
-0.541
-1.059
-0.091
-0.063
0.186
-0.025
0.795
0.632
0.095
-0.633
0.050
-0.307
-0.860
-0.217
0.877
0.221
0.550
-0.122
0.771
2.232
1.348
1.483
0.668
1.278
0.592
0.459
1.990
1.644
-0.115
0.327
0.207
0.738
0.621
0.316
0.383
0.215
0.951
0.033
1.094
0.567
1.240
-0.240
0.195
0.423
0.820
-0.032
-0.023
-0.115
-0.038
0.220
0.142
-0.574
0.593
0.150
0.995
0.870
-0.075
-0.178
-0.737
-1.233
-0.345
-0.055
-0.524
-0.525
-1.021
-0.821
-0.702
-2.420
-0.655
-0.089
-1.050
-0.787
-0.209
0.799
-0.295
-0.148
-0.472
-0.304
0.633
-0.651
-0.206
0.106
-0.698
-0.213
0.602
0.094
-0.060
-0.071
0.348
0.281
-0.119
-0.007
1.554
0.161
1.253
0.052
1.006
0.206
0.194
0.469
0.308
-0.250
0.029
-0.355
-0.195
2.661
0.802
1.806
0.742
2.593
1.089
0.754
0.381
-0.506
0.552
0.378
0.888
0.547
2.045
1.060
2.503
-0.210
0.192
-0.197
-0.101
-0.004
-0.044
-0.658
0.169
0.659
0.346
0.192
0.194
-0.023
0.375
0.417
0.582
0.560
0.358
1.096
1.294
0.686
-0.272
-0.871
0.077
-0.109
0.304
0.028
-0.198
0.080
-0.031
-0.020
-0.173
0.983
0.205
1.134
0.572
0.880
0.478
2.571
1.621
1.690
0.202
0.300
0.153
0.446
0.026
0.072
-0.465
0.147
0.219
0.159
0.454
0.177
0.305
-0.131
-0.028
-0.134
0.044
0.614
0.234
0.350
1.027
1.338
0.017
0.130
1.113
0.051
1.676
1.207
0.290
-0.015
0.559
-0.416
0.059
0.239
0.102
0.360
-0.097
0.274
0.551
-0.648
-0.042
-0.044
-0.019
-0.064
0.037
0.380
0.874
-0.340
0.073
-0.082
0.054
-0.137
-0.011
-0.216
-0.086
0.359
0.217
1.040
1.219
0.234
2.128
0.797
0.388
1.405
1.113
0.511
0.925
0.437
1.369
1.093
0.760
1.049
1.459
0.249
-0.799
0.656
-0.725
-0.089
0.387
-0.371
-0.602
-0.206
0.071
1.093
-0.772
0.434
1.395
0.529
-2.547
1.049
-0.814
0.029
-0.510
-0.102
-0.536
1.081
-0.415
-1.171
1.056
1.393
-0.022
-0.092
-0.393
-0.138
0.513
0.390
1.377
2.141
0.650
0.094
-0.305
0.037
-0.511
1.064
-0.064
-0.784
0.401
