-0.147
0.200
0.018
-0.167
-0.079
0.190
0.911
0.587
0.646
0.365
0.181
0.154
0.286
0.033
-0.369
-0.009
-0.027
-0.016
-0.067
0.314
0.946
-0.493
-0.886
0.352
0.093
0.219
-0.074
-0.068
0.394
-0.027
0.010
0.110
-0.494
-0.128
0.031
3.752
2.078
2.824
0.689
1.788
1.971
4.576
-0.085
-0.084
0.336
1.386
-0.011
-0.352
2.301
1.301
2.724
1.652
2.882
3.019
3.200
2.283
1.300
-0.029
1.254
3.957
0.561
1.548
1.777
2.492
1.927
2.153
1.945
0.816
0.036
0.333
1.443
-0.394
-0.398
0.245
0.432
1.988
0.596
-0.832
5.341
-0.023
-0.364
0.115
1.249
0.173
-0.781
0.030
1.269
2.582
0.205
0.038
-0.126
1.007
0.108
0.657
0.001
-0.014
-0.016
0.049
1.438
0.460
0.388
-0.066
0.068
1.097
-0.016
-0.065
-0.018
0.018
-0.132
-0.162
-0.059
-0.066
-0.327
-0.124
-0.138
-0.104
-0.040
-0.016
-0.054
-0.228
0.037
-0.069
-0.134
-0.244
-0.230
1.476
-0.412
-0.648
-0.181
0.087
0.086
0.016
1.035
1.434
-1.744
0.477
0.726
0.594
-2.207
0.383
0.940
-2.086
-1.480
0.026
0.154
0.884
0.072
0.054
0.008
2.763
0.533
0.022
1.146
2.416
1.973
2.802
2.915
2.890
1.509
-1.070
0.548
2.171
0.913
-0.333
0.026
-0.111
1.432
1.665
0.566
0.512
1.746
-0.017
0.242
-0.039
0.930
1.808
2.409
0.340
1.107
0.898
-0.197
1.649
-0.023
0.606
0.287
0.512
0.191
-0.224
0.272
-0.220
-0.211
0.526
-0.773
0.651
2.035
-0.317
0.879
0.397
0.013
0.099
-0.016
-0.143
-0.197
0.040
0.059
0.024
3.905
1.479
0.757
-0.009
0.520
-0.111
-1.043
0.185
0.005
-0.010
0.124
-0.030
2.163
2.126
0.495
3.663
0.335
1.729
0.579
0.807
1.065
1.475
1.452
1.355
1.530
2.316
1.307
1.777
4.959
-0.390
-0.386
0.395
0.516
0.663
0.044
0.359
0.207
0.220
3.124
0.023
1.040
0.157
1.185
1.506
0.914
0.816
0.706
0.324
0.694
0.264
1.400
0.017
0.519
1.665
0.707
1.112
1.253
0.704
-1.868
-0.017
-0.472
0.608
0.209
1.494
-0.039
0.530
0.020
-0.327
1.895
-0.016
0.368
0.061
0.771
-0.033
0.241
0.447
0.664
1.362
0.797
-0.034
2.197
-0.124
-0.031
0.636
1.903
-0.000
-0.035
-0.098
0.074
-0.187
0.073
-1.672
2.242
-0.975
-0.050
1.887
0.417
0.772
-0.083
0.798
-1.092
-1.754
-1.187
0.170
0.854
-0.422
0.873
-0.023
1.122
2.234
1.558
-0.069
-0.199
-0.072
0.020
-0.038
0.017
0.126
0.687
-0.059
0.815
0.021
-0.063
1.987
0.729
0.707
-0.088
0.507
0.170
1.504
0.416
0.482
-0.011
-0.049
0.414
0.048
-0.341
0.066
-0.016
-0.014
0.215
-0.076
-0.183
3.070
1.410
0.252
0.855
1.385
1.048
0.033
1.893
2.689
1.567
0.505
0.732
0.024
0.728
1.366
1.071
0.316
1.603
0.057
3.197
-0.493
1.603
0.455
1.257
0.473
1.449
0.107
0.541
0.292
0.256
-1.051
0.077
-0.338
-0.814
0.558
0.384
0.416
-0.106
0.845
0.676
0.879
-0.728
-0.375
-0.257
0.003
-0.376
1.102
0.595
0.443
-0.155
2.129
1.272
-0.246
0.703
1.324
-0.021
1.250
-0.247
1.619
2.994
0.062
0.663
0.244
0.615
0.099
0.464
-0.077
0.096
1.582
0.098
1.287
0.630
0.648
0.024
0.102
0.323
0.232
0.084
-0.139
0.152
-1.301
0.362
-0.179
-0.488
0.294
-0.054
1.518
1.024
-0.494
-0.119
-0.563
-0.468
-0.353
-0.074
-0.312
0.158
-0.275
-0.251
-0.969
-0.224
-1.619
0.111
-0.601
-0.016
-0.249
0.931
-1.283
1.090
-0.696
-0.117
1.847
-0.613
0.368
2.109
-0.301
0.165
-0.021
0.348
-0.083
0.167
1.238
1.185
-0.163
0.218
2.211
0.114
2.246
1.429
-0.115
-0.105
1.769
3.456
0.013
-0.147
0.316
0.587
0.416
1.757
0.431
1.430
0.515
3.301
1.237
0.149
0.380
0.056
0.288
0.348
0.029
0.248
1.415
1.478
0.827
-0.019
0.066
-0.275
0.082
-0.021
0.055
-1.097
0.412
0.506
0.059
0.126
0.558
-0.085
0.387
0.131
0.277
0.324
0.204
1.423
1.662
0.175
-0.125
-0.875
-0.016
0.210
2.094
0.221
0.224
0.190
-0.148
-0.116
0.250
0.813
0.171
1.097
0.525
1.378
1.005
3.130
1.683
0.935
0.219
1.031
0.566
0.849
-0.159
0.181
-0.334
0.101
0.704
0.312
0.300
-0.016
0.658
-0.220
0.432
-0.112
0.005
0.306
0.013
0.011
0.633
0.188
-0.525
-0.503
0.931
-0.045
2.272
2.517
0.263
0.027
-0.023
0.403
-0.275
0.880
0.512
0.245
-0.533
0.412
-1.259
-0.916
0.013
-0.127
-0.016
0.004
-0.031
1.861
0.150
-0.735
0.213
-0.022
-0.048
-0.020
0.475
1.628
0.216
0.222
-0.047
0.033
-0.205
0.137
2.196
0.934
0.697
0.011
-0.016
0.002
1.407
0.669
1.484
1.429
0.873
2.877
0.975
-0.055
0.058
1.041
-0.058
-0.016
0.411
-0.105
-0.763
0.465
-0.207
1.932
0.546
0.313
1.417
0.663
-2.036
0.949
-0.154
-0.115
-0.069
0.549
-1.032
-0.016
-0.086
-0.912
0.611
0.595
-0.058
-0.041
-0.194
-0.061
1.423
0.504
0.875
0.423
-0.030
0.083
-0.068
-0.798
-1.944
1.027
-0.366
-0.390
0.372
