-0.071
0.080
-0.071
0.071
-0.037
0.206
-0.010
0.140
0.133
0.017
0.091
0.147
0.103
0.123
-0.389
-0.142
-0.471
-0.292
0.020
-0.335
0.331
-0.639
-0.631
-0.032
-0.042
0.111
0.242
0.515
0.023
0.135
-0.097
-0.060
-0.530
0.010
-0.331
2.697
1.851
2.376
0.353
2.546
2.680
3.331
0.176
-0.274
0.038
0.050
0.455
0.168
2.093
1.313
2.637
1.457
2.140
2.830
2.176
1.263
1.065
-0.088
0.349
3.294
1.197
1.462
0.975
1.232
0.828
2.738
1.839
0.783
0.317
0.791
0.653
-0.196
-0.367
0.246
1.295
2.066
0.878
-0.543
2.838
-0.175
-0.368
1.065
0.222
0.208
-0.107
0.235
0.819
2.875
0.156
-0.396
-0.469
0.011
-0.027
0.526
0.653
-0.114
-0.147
-0.075
1.726
0.794
-0.020
-0.150
-0.135
0.195
0.161
-0.196
0.008
-0.042
-0.107
-0.113
0.089
0.117
-0.248
-0.012
-0.195
-0.089
-0.021
-0.303
-0.018
-0.184
-0.009
-0.009
-0.136
-0.127
-0.138
1.165
0.057
-0.466
-0.134
0.167
-0.009
0.156
1.043
0.436
-1.083
0.977
-0.266
0.268
-1.037
0.450
0.603
-1.424
-1.407
0.092
0.390
-0.001
0.189
0.071
0.696
2.027
0.840
-0.372
0.830
2.626
1.812
2.752
2.464
3.270
2.779
-0.506
0.945
1.969
1.588
0.306
0.104
0.322
0.908
0.814
-0.061
0.508
0.680
-0.136
0.003
-0.158
0.515
1.104
0.837
0.206
1.327
0.251
-0.315
1.138
-0.232
0.290
0.569
0.741
0.021
-0.189
-0.045
-0.243
0.092
0.306
0.085
2.204
1.121
-0.059
0.621
0.345
0.528
0.122
0.922
0.169
0.014
0.398
0.111
0.231
2.443
1.493
0.637
0.090
0.335
-0.012
-0.750
0.456
0.471
-0.405
-0.596
-0.132
1.563
1.381
0.735
2.146
0.315
1.756
1.250
0.662
0.541
0.944
0.905
1.027
-0.030
1.207
0.838
1.272
3.077
0.050
-0.858
0.943
0.033
0.478
0.021
0.823
-0.034
-0.158
1.971
0.156
0.457
0.194
0.669
1.631
-0.053
0.823
0.297
-0.111
0.652
0.361
1.181
-0.070
-0.201
0.785
0.782
0.202
0.452
0.552
-0.741
-0.490
-0.221
-0.063
-0.185
0.873
-0.105
0.405
-0.099
-0.269
0.620
-0.190
-0.339
0.573
0.491
-0.586
0.425
0.434
1.297
0.881
0.773
-0.119
0.589
0.005
-0.087
0.749
0.682
-0.236
0.038
-0.198
-0.353
-0.432
-0.164
-0.485
1.702
-0.473
-0.074
1.148
-0.041
0.777
-0.080
0.112
-0.577
-1.199
-0.526
-0.205
0.074
-0.562
0.188
-0.277
0.166
2.181
0.195
-0.234
0.332
-0.109
-0.064
-0.084
0.472
0.089
0.040
-0.189
0.969
-0.064
-0.087
1.646
0.177
0.127
0.616
0.648
0.160
0.771
0.249
0.116
-0.028
-0.133
0.429
0.989
-0.556
0.452
0.260
-0.156
0.494
-0.118
-0.177
2.906
1.295
0.868
1.795
1.247
0.904
0.150
0.799
1.701
0.785
0.605
0.871
0.070
0.024
0.459
0.034
0.488
2.634
-0.008
2.840
-0.323
1.317
0.674
1.154
0.570
1.453
-0.387
-0.147
-0.271
0.345
0.042
0.384
-0.019
-0.325
0.369
0.445
0.208
0.160
0.479
0.010
-0.074
-0.497
0.070
-0.161
0.047
0.007
0.487
0.045
0.942
0.048
1.073
1.421
0.934
0.117
0.476
1.318
0.154
-0.236
1.465
2.104
-0.103
0.917
0.196
0.723
-0.265
0.582
-0.184
0.270
1.089
-0.047
0.680
0.288
0.503
0.147
0.339
0.455
0.486
-0.006
-0.084
-0.234
-0.654
-0.096
-0.120
-0.137
0.125
-0.790
1.161
0.626
0.025
-0.297
-0.659
-0.580
-0.271
-0.351
-0.456
0.448
-1.091
-1.097
-0.788
-1.118
-0.831
-0.134
-0.605
-0.459
-0.114
0.893
-0.275
1.130
-0.581
-0.240
1.138
-0.422
0.340
1.173
-0.550
0.159
-0.147
0.093
-0.581
0.007
0.559
1.318
-0.388
0.143
1.789
-0.324
1.851
0.339
0.182
0.136
1.136
1.979
0.066
-0.195
0.106
0.102
0.102
1.614
0.520
1.030
0.464
1.986
0.623
0.915
0.170
0.281
0.669
0.130
0.288
0.592
1.367
0.981
1.072
0.061
-0.015
0.078
0.203
0.021
-0.013
-0.351
0.310
0.427
0.107
0.125
0.375
0.358
0.050
0.398
-0.133
0.293
0.122
1.345
1.026
0.672
-0.226
-0.497
-0.073
0.234
0.205
0.106
0.524
0.133
0.030
-0.047
0.376
0.687
0.193
0.783
0.426
0.604
0.886
3.532
1.441
1.111
-0.297
0.176
0.039
0.372
0.250
0.099
-0.604
-0.043
0.432
0.414
0.047
0.587
-0.030
-0.495
0.192
-0.046
-0.049
0.606
0.200
-0.091
0.144
0.378
-0.034
-0.338
0.411
-0.259
1.856
0.420
0.244
-0.010
-0.153
0.505
0.151
0.685
0.200
0.043
-0.087
0.098
-0.179
-0.268
0.291
-0.320
-0.384
-0.033
-0.236
1.735
0.542
-0.064
-0.010
0.077
-0.044
-0.113
0.176
0.267
0.160
0.211
-0.040
1.002
0.882
0.191
1.821
0.698
0.168
1.148
0.800
-0.173
1.784
0.079
0.779
0.368
0.362
2.750
0.878
-0.042
-0.308
0.804
-0.746
-0.122
0.211
-0.590
-0.568
0.041
-0.011
0.382
-0.888
0.973
0.618
-0.257
-1.247
-0.119
-0.374
-0.458
-0.725
0.028
-0.388
0.294
-0.304
-0.576
0.306
0.769
-0.085
-0.221
-0.625
-0.790
0.847
0.103
0.793
0.702
0.283
0.345
-0.183
-0.191
-0.190
0.611
-0.092
-0.402
-0.030
