0.520
0.413
0.135
0.083
-0.144
-0.172
0.249
0.051
0.916
0.635
0.191
0.685
0.168
0.560
-0.234
-0.210
-0.304
-0.231
0.137
-0.267
0.251
-1.452
-0.746
-0.190
-0.156
-0.058
0.032
-0.081
0.444
0.105
0.052
-0.248
-0.249
-0.193
-0.196
2.956
1.879
2.383
0.557
1.534
2.445
4.222
-0.013
-0.404
0.108
0.116
0.044
-0.526
2.415
2.335
2.765
1.913
2.500
3.338
2.287
1.623
1.058
-0.197
0.833
3.447
0.841
1.356
1.719
2.106
2.037
2.530
1.567
0.483
0.359
-0.109
0.766
-0.109
0.426
0.402
-0.197
0.463
-0.197
-1.024
2.856
-0.205
-0.384
1.188
1.376
0.112
-0.524
0.061
1.442
2.381
0.009
-0.196
-0.205
0.002
-0.041
0.720
0.482
-0.197
-0.233
-0.066
1.250
1.133
-0.185
-0.148
0.004
-0.260
0.390
-0.256
-0.021
-0.249
-0.197
-0.197
-0.201
0.000
-0.249
-0.130
-0.137
-0.197
0.029
-0.197
-0.027
-0.213
0.024
-0.197
-0.209
-0.197
-0.197
0.330
-0.208
-0.907
-0.197
0.318
-0.028
-0.202
0.101
-0.018
-1.215
1.503
0.584
0.103
-0.226
0.217
0.536
-0.096
-1.203
-0.084
-0.196
-0.819
0.182
0.492
1.007
2.673
0.499
0.030
1.031
2.201
1.470
4.123
3.238
3.194
2.425
0.030
0.857
2.550
2.670
-0.197
-0.410
-0.009
1.638
1.092
0.585
1.292
1.839
-0.143
-0.631
-0.165
0.994
2.624
1.166
0.646
1.214
0.853
-0.235
2.018
-0.119
0.326
0.813
-0.052
0.391
-0.055
-0.479
0.618
-0.015
0.391
-0.208
-0.197
-0.195
-1.026
0.895
0.205
0.347
0.126
0.179
0.241
-0.443
0.234
0.137
-0.193
3.087
2.549
0.751
-0.226
0.742
-0.183
-1.318
0.851
0.480
-0.811
-1.156
-0.197
2.320
2.701
2.104
2.782
0.984
1.681
1.384
1.181
1.977
1.173
1.516
1.283
1.490
2.646
1.586
1.478
2.992
-0.505
-0.750
0.042
0.108
1.186
0.368
0.942
0.345
-0.018
3.587
-0.180
0.560
0.226
1.612
1.885
-0.479
1.133
0.469
0.436
0.958
0.107
2.229
-0.065
0.214
1.021
1.077
0.277
1.295
0.826
-1.912
0.059
-0.825
-0.324
-0.147
0.683
-0.211
1.187
0.052
-0.415
1.570
-0.197
0.224
-0.041
1.319
-0.414
0.259
0.382
-0.197
1.566
0.804
0.286
0.040
-0.006
-0.197
-0.073
1.631
-0.281
-0.197
-0.428
-0.012
-0.197
-0.530
-0.730
2.424
-0.956
-0.085
0.815
-0.197
0.918
0.098
0.041
-0.782
-1.953
-1.565
-0.024
0.213
-1.300
0.455
0.158
0.793
1.912
1.068
-0.244
-0.337
0.228
0.081
0.125
-0.059
-0.187
0.542
-0.223
0.987
-0.202
0.007
1.999
1.535
0.376
0.290
0.823
0.190
1.102
0.231
0.747
-0.018
-0.254
0.565
1.323
-0.226
-0.019
0.467
-0.170
0.518
-0.197
-0.221
3.499
1.296
1.126
1.409
1.497
0.730
0.107
1.333
2.271
1.058
0.275
0.393
-0.028
0.690
1.039
2.582
-0.320
2.739
-0.342
1.969
-0.376
0.937
1.001
1.536
0.644
1.170
-0.231
-0.629
-0.592
-0.604
-0.154
-0.669
-1.235
-1.489
-0.627
0.415
0.304
-0.301
-0.197
1.371
2.204
-0.407
-0.411
-0.202
0.172
0.349
0.488
0.163
1.184
-0.799
1.399
1.024
-0.197
0.957
0.842
-0.396
-0.321
-0.183
1.779
2.352
-0.164
0.197
0.030
0.734
-0.293
0.297
0.140
0.207
1.429
-0.275
1.656
0.420
0.911
-0.305
0.742
0.558
0.914
-0.073
0.133
-0.026
-0.172
-0.002
-0.219
-0.425
0.986
-0.182
1.777
1.214
-0.169
-0.027
-1.640
-0.264
-0.241
-0.213
-0.543
0.123
-0.770
-0.706
-0.574
-1.176
-0.316
-0.458
-0.430
-0.235
-0.156
0.354
-0.007
1.706
-0.820
-0.204
1.832
-0.639
-0.062
3.264
-0.271
0.340
0.192
-0.175
-0.015
-0.150
0.270
0.485
-0.426
0.213
1.833
-0.177
2.369
0.826
-0.197
-0.197
1.371
1.780
-0.028
-0.205
0.315
-0.417
0.570
2.698
1.448
2.223
0.636
2.976
1.646
0.388
0.251
-0.543
0.832
0.211
0.251
0.305
1.462
1.262
2.023
0.153
-0.079
-0.310
0.035
-0.200
0.037
-0.658
0.208
0.196
0.029
0.303
-0.197
0.332
0.214
0.012
0.004
0.711
0.401
1.427
1.987
0.717
0.001
-0.588
-0.257
-0.059
0.928
0.053
-0.147
0.170
-0.040
-0.045
0.471
1.322
0.450
1.163
0.631
1.125
0.882
3.114
1.364
1.302
-0.117
0.860
0.129
0.426
0.420
0.006
-0.870
0.061
0.695
0.235
0.457
0.250
0.262
-0.043
0.093
-0.170
-0.102
0.473
0.300
0.128
0.384
0.519
-0.661
-0.660
1.070
-0.359
2.244
1.790
0.371
-0.134
0.206
0.277
-0.249
0.918
-0.242
0.032
-0.253
0.247
-0.477
-0.619
-0.037
-0.615
-0.328
-0.178
-0.339
0.876
2.147
-0.031
0.228
-0.336
-0.246
-0.280
0.031
0.694
-0.023
0.197
-0.241
0.563
0.148
0.050
1.393
0.569
0.421
0.874
0.593
-0.197
1.131
0.782
1.128
1.151
1.090
3.447
0.745
0.419
1.203
0.644
-0.412
-0.145
0.258
-0.633
-1.037
0.081
0.304
1.143
1.709
-0.736
1.133
0.394
-0.519
-0.132
-0.576
-1.169
-0.318
0.199
-0.283
0.177
-0.245
-0.876
0.608
0.728
0.036
0.148
-0.212
-0.858
0.995
0.087
0.528
0.253
0.294
0.368
-0.383
-0.575
-0.773
1.472
0.449
0.794
-0.197
