-0.008
0.013
-0.020
0.173
0.043
-0.287
-0.440
-0.138
-0.588
-0.338
-0.209
-0.546
-0.319
0.022
0.142
0.102
0.254
0.145
0.554
0.458
-0.483
0.505
1.048
-0.482
0.030
0.062
-0.007
-0.276
-0.196
0.081
-0.130
0.024
-0.461
0.009
-0.239
-2.557
-2.218
-2.150
-0.369
-2.146
-2.036
-2.953
0.044
0.047
0.217
0.136
-0.389
-0.567
-1.116
-1.395
-2.239
-1.877
-1.980
-2.787
-1.900
-1.423
-1.412
0.028
-0.646
-3.453
-1.119
-1.107
-1.184
-1.504
-1.174
-2.522
-1.349
-0.270
-0.090
-0.772
-0.935
0.152
0.423
-0.683
0.178
-0.512
0.047
0.073
-4.599
0.173
0.430
-0.340
0.110
0.156
0.208
0.047
-0.545
-2.513
-0.267
0.074
0.208
-0.179
-0.103
-0.625
-0.182
0.049
-0.233
0.041
-1.176
-0.594
-0.219
0.175
-0.323
-0.691
-0.130
0.152
0.004
0.857
0.114
0.100
-0.492
-0.053
0.137
0.076
0.185
0.078
-0.052
0.199
0.018
0.154
0.031
0.118
0.116
0.219
0.042
-1.359
0.226
0.719
0.271
-0.236
0.173
0.070
-0.311
-0.236
0.099
-0.749
0.337
-0.039
1.115
-0.319
-0.643
0.437
1.455
0.170
-0.372
-0.030
-0.475
-0.837
-0.967
-2.592
-1.061
0.262
-0.566
-1.844
-1.828
-2.865
-3.166
-2.366
-3.512
-1.158
-1.825
-1.857
-1.019
-0.043
0.553
0.143
-1.446
-1.294
-0.193
-0.522
-0.996
0.058
-0.244
-0.075
-0.475
-2.107
-0.934
-0.887
-1.099
-0.933
0.035
-1.385
0.142
-0.678
-0.643
-0.670
-0.063
0.472
0.093
0.173
0.192
-0.793
0.198
-1.529
0.332
0.730
-0.803
-0.530
-0.448
-0.050
-0.176
-0.107
0.118
-0.152
-0.089
-0.226
-2.642
-1.175
-0.738
-0.589
0.636
-0.083
0.951
-0.534
-0.611
0.123
0.003
0.046
-2.526
-1.380
-1.445
-2.621
-0.054
-2.803
-1.465
-0.873
-0.710
-0.544
-0.947
0.015
0.071
-1.194
-1.084
-0.935
-3.850
0.350
0.732
-0.988
0.041
-0.452
-0.520
-0.196
0.106
0.282
-2.055
-0.141
-0.852
0.009
-0.869
-1.656
0.066
-1.389
-0.400
0.175
-1.455
-0.538
-1.513
0.365
0.179
-1.509
-0.697
0.015
-0.046
-0.512
0.678
0.321
0.110
0.232
0.149
-1.477
0.098
-0.315
0.178
0.388
-0.285
-0.309
0.201
-0.551
-0.097
0.203
0.129
-0.813
-0.272
-1.432
-1.382
0.306
-0.006
0.207
0.015
-0.509
-1.580
0.301
0.147
0.346
-0.130
0.428
0.411
0.447
-2.623
0.270
0.292
-0.289
0.013
-0.428
-0.104
-0.060
0.294
0.726
0.316
0.339
0.270
0.327
-0.635
0.761
-0.525
-1.975
-0.638
0.506
0.237
0.274
-0.152
-0.008
-0.407
0.007
-0.410
0.148
-0.680
0.026
0.133
-1.567
-0.895
-0.259
-0.276
-0.784
-0.290
-1.433
-0.309
-0.102
-0.014
0.177
-0.354
-0.855
0.558
-0.240
-0.620
0.335
0.021
0.648
0.421
-2.877
-1.651
-0.858
-1.249
-1.108
-0.348
-0.011
-1.404
-1.733
-0.419
-0.094
-0.200
-0.057
-0.358
-1.410
-1.097
-0.019
-3.244
-0.134
-1.969
0.358
-1.384
-1.077
-1.576
-0.525
-0.672
0.367
-0.064
-0.402
0.499
-0.401
0.139
0.844
0.970
-0.015
-0.128
-0.084
0.188
-0.107
-0.535
-1.486
-0.049
0.386
0.185
0.132
0.103
-0.550
-0.310
-0.065
-0.336
-1.637
-1.144
0.129
-0.439
-0.616
0.526
-0.398
0.163
-1.875
-2.026
0.106
-0.145
-0.073
-0.316
0.206
-0.375
0.286
-0.505
-0.849
0.357
-1.094
-0.575
-0.590
-0.382
-0.485
-0.191
-0.937
-0.198
0.065
0.635
1.390
-0.213
0.173
0.132
-0.268
0.672
-1.266
-1.160
0.027
0.326
0.708
0.432
0.252
0.119
0.327
0.208
0.737
0.641
1.038
1.024
0.485
-0.274
0.462
0.361
0.189
-0.218
0.358
-1.636
0.533
0.185
-1.152
0.268
-0.438
-1.407
0.232
-1.622
0.371
-0.107
-0.102
-0.357
-1.037
-1.148
0.361
-0.350
-2.425
-0.312
-1.995
-0.367
-0.538
0.025
-0.526
-2.201
0.105
0.112
-0.076
0.374
0.363
-1.666
-0.850
-1.821
-0.784
-2.618
-0.946
-0.702
-0.250
0.007
-1.106
-0.347
-0.163
-1.147
-1.831
-1.095
-1.829
0.082
0.123
0.030
-0.124
-0.160
0.264
0.887
0.184
-0.082
-0.196
-0.182
0.080
0.067
-0.132
0.041
-0.722
-0.424
-0.399
-1.695
-1.803
-0.505
-0.184
0.541
0.451
-0.792
-1.237
-0.213
0.156
-0.006
0.128
0.160
-0.965
-1.073
-0.385
-0.719
-0.980
-0.661
-0.962
-2.580
-1.702
-1.087
0.361
-0.872
-0.125
-0.548
-0.464
-0.227
-0.373
-0.140
-0.950
-0.228
-0.569
0.015
-0.071
0.360
-0.420
0.151
0.145
-0.316
-0.213
-0.356
-0.670
-0.111
0.492
0.123
-0.773
0.315
-2.667
-0.772
-0.011
0.120
-0.227
-1.168
0.010
-1.660
0.282
0.307
0.386
0.110
0.311
0.405
-0.229
0.276
0.226
0.221
0.219
-1.861
-0.644
0.125
-0.297
-0.563
0.086
0.269
-0.096
-0.687
-0.044
-0.448
-0.006
-0.661
-0.611
-0.119
-1.270
-0.036
-0.366
-1.283
-0.898
-0.061
-1.128
-0.244
-1.475
-0.493
-0.604
-2.937
-0.174
-0.006
1.010
-0.694
0.258
0.021
-0.126
0.990
0.569
-0.077
0.027
-0.442
0.008
0.127
-0.802
-0.205
0.613
-0.201
0.262
0.495
0.002
-0.024
0.089
-0.125
-0.188
0.583
-0.573
-0.830
0.123
0.300
0.244
1.084
-0.669
-0.380
-0.488
-0.942
-0.227
-0.398
0.127
0.304
0.849
-2.029
0.350
0.009
0.015
