-0.270
-0.135
-0.236
-0.220
0.185
-0.112
-0.382
-0.388
-0.236
-0.222
-0.867
-0.195
-0.514
0.065
-0.146
0.191
0.498
0.223
-0.233
-0.175
-0.994
1.762
0.337
-0.079
0.061
-0.154
0.007
-0.700
-0.207
-0.014
-0.355
-0.216
0.386
0.164
0.138
-2.222
-1.675
-1.619
-0.315
-0.776
-1.346
-3.691
-0.064
-0.170
-0.236
-0.192
-0.236
-0.236
-1.630
-1.747
-3.150
-2.632
-1.919
-2.539
-3.550
-2.644
-0.959
-0.143
-0.562
-2.671
-0.683
-1.389
-1.669
-1.928
-0.832
-3.500
-2.027
-0.906
-0.454
-0.403
-1.184
0.856
0.600
-0.584
-0.236
-1.376
-0.027
0.278
-1.652
0.678
-0.069
-0.709
-0.387
-0.147
0.523
0.301
-0.527
-2.589
-0.059
1.060
0.316
-0.254
-0.330
-0.346
-0.294
-0.299
-0.077
-0.202
-2.348
-0.932
-0.581
-0.382
-0.004
-0.157
-0.708
0.595
-0.057
0.139
0.375
-0.094
-0.177
0.008
0.654
-0.126
-0.007
0.212
-0.159
0.576
0.084
-0.050
-0.070
0.123
0.221
-0.236
0.048
-1.566
0.103
-0.064
-0.133
0.001
0.021
0.793
0.520
0.384
0.647
-0.275
-0.016
-0.171
1.777
-0.185
-0.452
2.706
2.080
-0.247
-0.610
0.965
-0.414
-0.165
-0.350
-2.297
-0.015
0.948
-0.662
-1.577
-0.642
-3.827
-3.468
-2.885
-2.636
1.942
1.460
-1.809
-1.562
0.049
-0.018
-0.224
-0.723
-0.198
-0.415
-0.276
-0.144
0.982
1.137
1.352
-0.228
-0.429
-0.812
-0.215
-0.303
-0.407
-0.158
-2.953
-0.193
-0.925
-0.757
-1.823
-0.970
1.208
-0.194
0.330
-0.098
-0.060
0.554
-0.391
-0.429
-0.171
-0.833
-0.446
-0.166
-0.494
-0.190
-0.350
0.677
-0.288
-0.236
-0.236
-1.624
-2.628
-1.524
-0.011
-0.273
-0.236
1.510
-0.262
-0.299
1.833
0.666
-0.117
-2.902
-1.683
-0.317
-2.639
-1.288
-1.743
-1.369
-0.706
-2.225
-0.406
-1.259
-0.735
-0.290
-1.242
-1.850
-2.493
-3.347
0.105
1.366
-0.330
-0.332
-0.236
-0.269
-0.631
-0.169
0.277
-1.681
-0.193
-0.299
0.990
-0.524
-1.061
-0.190
-0.630
0.015
-0.278
-0.635
-0.698
-1.741
0.397
-0.042
-1.169
-1.321
0.120
-1.939
-0.959
0.657
0.303
-0.231
-0.314
-0.062
-0.439
0.140
-1.022
-0.124
0.053
-1.506
-0.073
-0.198
-0.236
0.322
-0.131
0.447
-0.550
-0.304
-1.803
-0.320
0.026
0.351
-0.171
0.469
-0.092
-1.322
0.283
-0.137
-0.232
-0.033
-0.207
-0.411
-0.103
-2.904
-0.001
0.009
-0.207
-0.457
-1.204
-0.067
-0.155
0.740
3.318
2.037
-1.165
-0.538
0.485
-1.023
-0.184
0.007
-2.963
-0.290
-0.099
0.030
-0.157
-0.554
-0.238
-0.203
-0.212
-0.276
0.157
-1.545
-0.209
-0.212
-1.783
-0.090
-1.051
-0.358
-0.760
-0.048
-1.255
-0.811
0.030
-0.019
-0.194
0.621
-1.349
0.995
-0.359
-0.283
-0.211
-0.286
0.033
-0.149
-3.034
-1.311
-1.905
-1.892
-1.938
-0.405
-0.133
-1.436
-1.991
-0.732
-0.524
-0.161
0.189
-0.444
-1.154
-0.236
-1.470
-0.539
-0.162
-3.067
0.227
-0.664
-0.993
-0.355
-0.223
-0.591
0.481
-0.660
1.053
-0.182
-0.730
-0.218
-0.069
1.175
-0.131
-0.126
-0.043
0.015
-0.236
-0.817
0.524
0.517
0.011
-0.554
-0.113
-0.244
-0.604
-0.287
-0.700
1.080
-0.955
-0.875
-0.649
-0.858
-0.356
-2.044
-1.743
-0.499
-1.993
-4.141
-0.522
-1.264
-0.376
-0.898
0.012
-0.796
0.003
-1.104
-0.915
-0.153
-0.580
-0.383
-0.528
0.372
-0.236
-0.204
0.051
-0.103
0.027
0.158
1.384
-0.120
-0.218
0.334
-0.287
0.061
-2.238
-0.705
0.137
1.132
0.261
0.027
-0.143
-0.129
0.267
-0.236
0.399
0.455
1.815
1.719
0.084
-0.180
0.815
0.229
-0.109
-0.474
0.409
1.290
0.834
0.136
-1.772
0.778
-0.668
-0.763
0.658
-1.141
-0.270
-0.261
1.142
-0.289
-0.226
0.123
-0.079
-0.330
-3.008
-0.032
-2.948
-0.866
-0.489
-0.335
-0.407
-1.617
-0.410
-0.166
-0.301
0.459
-0.236
-1.513
-1.397
-1.348
-0.678
-2.254
-1.089
-0.397
-0.282
-0.236
-0.535
-0.290
-0.342
-0.411
-1.558
-1.280
-2.118
-0.192
-0.176
-0.197
-0.067
0.426
-0.154
0.863
-0.096
-0.875
-0.515
-0.414
0.349
0.267
-0.120
-0.236
-0.260
-0.557
-0.477
-0.613
-2.393
-0.360
-0.170
0.296
-0.136
-0.236
-0.627
0.324
-0.106
-0.703
-0.853
-0.225
-0.511
-1.555
-0.497
-1.049
-0.743
-0.497
-0.694
-2.576
-0.537
-0.511
0.116
-0.293
-0.375
-1.092
0.146
-0.165
-0.236
-0.122
-0.975
-0.560
-0.419
-0.884
-0.395
-0.249
-0.236
-0.212
0.357
-1.097
-0.540
-0.271
-0.604
-0.236
0.034
0.425
-0.624
0.265
-2.493
-0.762
-0.123
0.196
0.399
-2.082
0.418
-0.228
0.733
0.114
0.246
-0.048
0.645
0.396
-0.127
-0.219
-0.066
-0.231
-0.153
-0.234
-0.408
-0.853
-0.659
-0.157
0.171
0.827
-0.237
0.058
-0.013
-0.297
-0.121
-0.702
-0.188
-0.217
-1.702
-0.515
-0.227
-0.548
-1.055
0.752
-2.059
-0.517
-1.422
-1.544
-1.073
-3.098
-1.787
-0.002
-0.532
-1.622
0.041
-0.789
-0.430
0.092
0.651
0.093
-0.050
-1.556
1.313
-0.061
-1.442
-0.208
0.113
-0.619
0.877
0.982
1.114
0.441
1.254
-0.691
-0.116
0.888
-0.899
-0.473
0.168
-0.164
0.101
1.464
-0.578
-0.236
-0.977
-0.991
-0.372
0.170
-0.318
-0.010
0.081
-1.403
0.218
-1.300
0.100
