0.064
-0.195
0.106
-0.256
0.117
-0.252
-0.473
-0.124
-0.822
0.025
-0.386
-0.343
-0.256
-0.260
0.109
0.116
0.507
0.140
-0.275
-0.535
-0.306
1.349
-0.034
0.031
0.108
0.308
-0.175
-0.028
-0.032
0.219
-0.070
0.165
0.389
0.187
0.596
-2.568
-2.884
-2.367
-0.689
-2.109
-1.936
-3.252
0.366
-0.097
0.028
0.301
-0.637
0.106
-2.094
-1.151
-2.164
-1.212
-1.734
-2.894
-1.725
-1.082
-1.535
0.113
-0.441
-3.458
-1.024
-1.246
-1.286
-2.164
-1.814
-1.807
-1.635
-0.987
0.210
-1.156
-1.207
0.742
0.991
-0.088
-0.303
-0.437
-0.288
0.365
-3.744
0.207
1.299
-0.801
-0.554
-0.095
0.405
0.186
-0.732
-1.999
-0.709
-0.429
0.163
-0.117
-0.463
-0.355
-0.642
0.866
0.294
0.088
-2.986
-0.855
-0.419
-0.196
-0.803
-1.121
-0.372
0.345
-0.075
0.207
0.106
0.266
0.106
-0.049
0.478
0.180
0.172
0.132
0.080
0.087
0.136
0.136
0.085
0.127
0.192
0.208
0.227
-1.571
0.678
0.668
0.369
0.167
0.047
0.106
-0.617
-0.102
1.308
-0.283
0.412
-1.090
0.120
-0.673
-2.121
0.983
1.297
-0.303
-0.132
0.291
-0.142
-0.019
-1.270
-2.016
-0.337
0.090
-0.560
-1.562
-1.444
-2.671
-2.338
-1.527
-0.771
0.111
-0.232
-2.054
-0.097
0.106
0.025
-0.018
-1.714
-1.964
-0.550
-0.278
-0.972
0.114
0.032
0.476
-0.493
-1.933
-0.807
-0.353
-1.064
-0.930
0.464
-1.463
0.106
-0.265
-0.500
-1.288
-0.464
0.319
0.121
0.485
-0.372
0.867
1.152
-1.340
-0.696
0.068
-0.378
-0.512
-2.347
-0.050
-0.112
-0.046
0.248
-0.883
-0.829
-0.424
-3.104
-2.112
-1.085
0.189
-0.072
0.106
1.231
-0.462
-0.741
0.599
0.279
0.322
-2.105
-1.736
-1.233
-1.742
-1.270
-2.429
-1.985
-0.462
-0.829
-0.421
-0.927
-0.950
-0.538
-1.500
-0.588
-2.823
-3.635
-0.052
1.178
-0.816
0.337
-1.096
-0.103
-0.924
-0.766
0.141
-1.724
0.054
-1.035
-0.327
-1.148
-0.947
0.200
-0.999
-0.251
0.555
-0.773
-0.458
-1.783
0.247
-0.433
-1.130
-0.581
-0.531
-0.463
-0.966
2.307
-0.105
0.596
0.258
0.383
-0.879
0.343
-0.369
0.094
-0.243
-0.736
-0.357
-0.613
-1.566
-1.098
0.138
-0.778
-0.536
0.106
-0.590
-1.490
-0.184
-0.527
0.350
0.091
0.094
-1.080
0.282
0.065
0.108
0.094
0.039
0.734
0.105
-1.886
1.698
0.288
-0.497
-0.005
-0.818
0.301
-0.751
1.119
2.103
1.201
0.412
0.060
0.506
-2.023
0.526
-0.451
-1.770
-0.080
0.173
0.470
0.012
-0.334
-0.066
-0.261
-0.019
-1.345
0.170
-0.989
0.267
0.105
-1.683
-0.558
0.027
0.046
-0.689
0.027
-1.084
-0.354
-0.402
0.109
0.106
-0.539
-0.682
0.737
-0.518
-0.237
0.020
-0.262
0.434
0.507
-3.222
-1.625
-1.780
-1.226
-1.419
0.012
-0.069
-1.695
-1.639
-0.847
-1.301
-0.967
-0.014
-1.077
-0.991
-1.481
-1.469
-1.110
0.106
-2.885
0.795
-1.361
-0.377
-1.790
-0.476
-1.665
0.213
-0.358
-0.597
-0.207
0.208
-0.141
2.912
0.899
0.238
0.142
-0.173
0.188
-0.334
-0.476
-0.782
-0.600
-0.167
0.140
-0.170
0.454
-1.125
-0.157
-1.273
1.368
-2.404
-0.937
0.877
-0.114
0.115
0.584
-0.925
-0.493
-1.336
-4.883
-0.240
-2.239
-0.108
-0.262
0.006
-0.626
0.648
-0.112
-0.448
-0.161
-0.319
-0.749
-1.057
-0.055
-0.224
0.064
0.115
0.138
-0.775
0.751
1.108
0.104
0.114
0.465
-0.347
0.166
-1.375
-0.544
0.274
0.390
0.688
0.380
0.191
0.128
0.261
0.358
1.352
1.482
0.957
1.230
0.133
0.381
0.247
0.177
0.121
0.002
0.849
-1.786
0.384
0.188
-0.491
0.757
0.042
-0.973
0.682
-0.083
-0.037
-0.260
0.434
-0.272
-0.559
0.011
0.628
-0.501
-1.894
0.547
-3.230
-1.001
0.104
0.106
-0.223
-2.270
-0.194
0.272
0.094
-0.125
-0.191
-2.377
-0.755
-2.083
-0.676
-1.958
-0.549
-0.941
-0.181
-0.297
-0.847
-0.228
-0.497
-0.554
-1.652
-0.461
-2.186
0.160
0.091
-0.041
0.087
-0.111
-0.515
0.047
0.077
-0.674
0.059
-0.181
-0.502
-0.247
-0.841
-0.823
0.106
0.040
-0.255
-2.052
-1.206
-1.103
0.295
0.394
0.551
-0.154
-1.333
0.106
0.333
-0.151
-0.017
0.328
-0.129
-0.777
-0.421
-1.136
-0.722
-0.707
-0.521
-1.879
-1.791
-2.147
0.106
-0.055
-0.273
-0.753
0.106
-0.433
0.327
-0.140
-0.245
0.075
-0.217
-0.115
-0.045
-0.046
-0.029
0.050
0.098
-0.127
-0.457
0.022
-0.194
-0.876
0.153
0.348
-0.906
1.114
-1.703
-1.818
0.058
-0.219
-0.204
-0.590
0.106
-1.185
0.106
-0.935
0.194
-0.306
0.358
-0.197
-0.157
0.198
0.119
0.065
0.106
-0.503
-1.159
0.566
0.080
0.053
0.108
0.175
-0.113
0.013
0.660
-0.756
-0.117
-0.315
-0.996
0.011
-2.367
-0.007
-0.076
-1.112
-1.524
0.151
-1.807
-0.211
-0.691
-1.126
-0.202
-1.407
-0.303
-0.043
0.567
-0.885
0.263
0.169
-0.220
0.505
0.269
0.365
0.071
-1.332
0.310
0.739
-1.030
-0.299
0.773
-0.588
0.792
0.262
0.106
0.202
0.288
0.115
0.200
1.345
-1.129
-0.894
0.098
0.066
0.284
0.236
-0.749
-0.431
-0.612
-0.602
-0.060
-0.117
-0.146
0.349
1.952
-2.897
0.305
0.039
1.005
