0.051
0.015
0.134
0.053
0.166
0.136
-0.038
0.090
0.112
0.864
-0.022
0.209
0.099
0.269
-0.452
-0.433
-0.113
-0.337
-0.799
-0.457
0.172
-1.357
-2.018
0.016
-0.008
0.271
0.227
1.222
0.185
-0.089
0.119
-0.171
0.083
0.073
-0.704
2.906
2.224
2.794
0.801
1.950
2.468
3.561
-0.199
-0.298
-0.016
-0.241
0.117
-0.011
1.061
1.221
1.827
1.719
1.832
2.043
1.984
1.464
1.351
0.179
1.152
1.919
0.631
0.642
1.480
2.066
1.056
3.188
2.045
0.402
-0.107
0.011
0.982
-0.075
-0.283
0.027
-1.172
0.011
-0.514
-0.192
2.552
-0.070
-0.823
0.557
0.255
0.064
-0.793
0.299
1.846
3.278
0.645
-0.441
-0.280
0.513
0.339
0.937
0.249
0.368
0.550
-0.073
1.534
0.392
-0.093
-0.285
0.189
0.402
0.153
-0.063
-0.004
0.093
0.023
-0.234
0.002
0.148
0.022
-0.049
-0.018
0.043
-0.002
0.026
0.025
0.056
0.067
0.008
0.017
0.045
-0.159
2.893
0.043
-0.629
0.323
-0.000
0.250
-0.017
0.592
0.011
-1.393
-0.373
0.091
0.220
0.011
0.081
0.200
0.276
-0.649
0.201
0.040
-0.060
0.381
0.206
1.081
2.726
0.104
0.036
1.043
2.242
1.320
3.348
2.854
2.010
1.754
0.039
0.816
1.431
0.082
0.011
-0.288
0.006
0.626
0.727
0.858
1.170
2.300
-0.163
-0.034
-0.194
0.852
1.181
1.900
0.501
0.896
1.187
0.149
1.951
-0.302
0.933
0.359
0.584
-0.035
-0.631
0.248
0.040
-0.089
0.439
0.011
0.011
0.011
0.011
0.469
0.234
0.384
0.159
0.202
0.654
-0.013
0.495
0.477
0.284
4.006
3.218
1.246
-0.115
0.676
0.013
-0.112
-0.078
1.265
-1.883
-1.732
-0.437
2.841
2.893
0.113
2.281
-0.366
2.159
1.370
1.667
0.130
0.681
1.551
1.326
0.391
1.981
1.580
1.397
2.496
-0.047
-0.317
1.172
0.083
0.011
0.258
0.572
0.413
-0.326
1.375
-0.040
0.628
0.279
0.191
2.467
0.180
0.952
0.360
-0.110
1.439
0.292
2.340
0.011
1.573
0.997
0.222
0.198
0.876
0.440
-1.161
0.196
-0.479
-0.094
-0.071
1.265
-0.260
1.111
-0.027
-0.096
1.399
0.011
0.912
0.077
0.969
-0.054
-0.028
0.637
0.302
0.011
1.624
0.067
0.103
-0.291
0.011
-0.600
0.413
-0.449
0.111
-0.381
0.979
0.003
-0.411
0.065
3.384
0.424
-0.067
0.275
0.015
1.278
0.208
0.138
-0.797
-1.586
-0.820
-0.042
0.193
-0.477
0.218
0.001
0.295
1.141
1.311
0.078
-0.038
0.184
-0.009
-0.060
0.113
0.128
0.288
0.037
0.338
0.081
-0.003
1.689
2.346
0.169
-0.019
1.607
0.526
1.254
0.294
0.767
0.068
0.098
0.645
1.318
-0.767
0.406
0.300
-0.013
0.167
-0.230
-0.297
3.062
2.080
1.436
0.616
0.822
0.130
0.050
2.010
1.029
0.883
0.457
0.154
0.152
0.080
0.293
0.246
0.281
1.054
-0.094
2.806
0.031
0.405
0.666
1.965
0.544
2.084
0.011
-0.072
0.011
-0.035
0.309
-0.344
-0.211
-1.761
0.460
0.364
0.025
0.134
0.136
1.122
0.177
-0.416
0.866
-0.156
-0.091
0.316
0.213
0.142
0.952
0.011
0.863
1.340
-0.623
0.086
0.698
0.447
0.364
-0.012
1.888
2.753
-0.008
0.427
-0.052
0.531
-0.012
0.526
0.073
0.645
0.643
0.226
1.550
0.320
0.335
-0.148
0.760
0.011
0.275
-0.006
0.461
-0.161
-0.518
0.001
-0.030
-0.093
0.088
0.011
1.900
1.261
-1.865
-0.438
-1.987
-0.724
-0.082
-0.160
-0.690
-0.051
0.088
-0.599
-1.258
-0.926
0.045
0.011
0.169
-0.300
-0.163
0.550
-0.191
0.582
-0.972
-0.259
1.652
-0.684
-0.457
1.793
-0.707
0.906
-0.554
0.458
0.057
0.088
0.385
0.782
-0.121
0.168
1.465
1.413
3.012
0.259
0.262
0.011
1.051
1.814
0.173
0.011
0.039
-0.185
0.488
0.524
0.015
1.618
0.738
2.836
1.325
0.380
0.220
0.572
1.248
0.140
0.555
1.036
2.283
1.067
1.051
0.039
0.108
-0.033
-0.251
0.351
0.361
0.162
0.005
0.639
0.348
0.122
0.060
0.937
0.360
0.384
0.071
0.334
0.711
2.630
0.986
0.882
0.125
0.105
-0.025
0.397
1.630
0.078
0.078
0.243
-0.027
0.032
0.205
1.185
0.321
1.980
0.996
0.797
1.025
3.269
1.324
1.379
0.577
1.556
0.115
0.947
0.235
1.470
0.011
0.090
0.651
0.757
0.290
0.947
0.077
0.209
0.075
-0.058
-0.028
0.207
0.405
0.304
0.406
0.254
-0.171
-0.563
0.443
-0.104
0.822
0.874
0.592
-0.107
0.202
1.740
0.011
0.419
0.008
0.117
-0.051
0.471
0.011
-0.076
0.218
-0.616
-0.365
0.093
-0.378
0.253
0.347
-0.205
0.125
-0.213
-0.077
0.072
0.012
0.308
0.032
0.431
0.486
0.369
0.380
0.055
1.776
0.908
-0.198
0.895
0.420
0.198
0.568
0.008
1.523
0.758
0.522
3.527
0.136
0.353
0.711
0.152
-0.471
-0.152
0.214
-0.265
-0.239
-0.003
0.100
0.291
0.295
0.009
1.448
0.414
-0.786
0.880
-0.693
-1.075
0.011
0.011
0.745
1.359
-0.089
-0.717
1.109
0.940
0.087
-0.295
-0.386
-0.669
1.347
0.033
0.806
0.854
0.117
0.145
-0.103
0.241
-0.724
0.226
-0.342
0.297
-0.013
