0.011
0.453
-0.094
0.231
-0.018
0.356
0.989
0.323
0.753
0.478
0.795
0.635
0.233
0.582
-0.974
-0.056
-0.175
0.041
0.030
0.087
1.189
-1.581
-0.601
0.327
0.055
0.371
0.120
0.137
0.664
0.100
0.293
0.112
0.185
0.957
0.456
3.818
2.155
2.921
0.803
1.730
1.797
3.268
-0.113
-0.018
0.076
-0.090
0.061
0.045
2.276
1.959
2.456
1.955
2.729
3.867
2.423
1.523
1.384
0.072
0.772
4.513
1.286
1.791
1.670
2.075
1.516
2.446
1.583
0.821
0.441
0.515
1.107
-0.084
0.073
0.263
0.403
1.642
0.441
-1.341
3.743
0.003
-0.100
1.213
0.006
0.215
-0.028
0.440
1.551
3.097
0.717
0.415
-0.171
0.109
0.193
0.830
1.309
0.296
0.252
0.147
0.964
1.067
-0.017
-0.149
-0.055
0.974
-0.018
-0.180
-0.017
-0.121
-0.008
-0.340
0.164
0.092
-0.154
-0.104
-0.156
-0.121
0.031
-0.224
-0.097
-0.075
-0.023
-0.139
-0.135
-0.787
-0.141
2.111
0.011
-0.648
-0.554
0.051
0.148
-0.287
-0.018
-0.018
-0.124
1.033
-0.030
0.616
-0.130
0.399
0.364
-0.018
-0.047
0.198
0.201
-0.018
0.489
0.575
1.801
2.094
0.184
-0.018
1.093
2.316
1.340
3.529
3.600
0.507
1.239
-0.016
0.010
1.334
0.414
-0.018
-0.557
0.087
0.885
0.274
0.308
-0.018
0.812
-0.798
0.553
-0.076
0.880
1.394
1.629
0.585
1.546
0.566
-0.021
1.562
-0.257
0.796
0.516
-0.018
-0.018
-0.164
0.065
-0.055
0.034
0.154
-0.018
-0.179
0.512
-0.198
0.869
0.929
-0.018
0.137
-0.119
0.143
-0.242
0.222
0.385
0.062
3.324
2.888
0.683
0.239
0.017
-0.018
-1.369
1.343
0.771
-0.696
-0.307
-0.086
2.365
2.480
1.286
2.985
0.744
2.199
1.686
0.627
0.852
1.357
1.694
0.824
1.345
2.097
1.821
1.662
4.638
-0.535
-3.092
0.364
-0.043
0.836
0.411
0.580
0.064
-0.057
3.958
0.138
0.327
-0.341
1.871
1.740
-0.018
1.320
0.547
0.357
1.405
0.157
2.139
-0.000
0.024
1.308
1.216
0.376
1.795
0.993
-1.401
0.178
-0.133
-0.018
0.048
-0.003
-0.066
-0.018
-0.007
-0.546
1.107
-0.018
-0.320
-0.018
-0.009
0.013
-0.320
0.733
0.101
1.479
1.261
0.014
0.248
0.350
0.058
0.602
1.843
-0.599
0.029
-0.123
-0.018
0.073
-0.004
-0.044
3.632
-0.649
0.412
0.078
0.018
1.912
0.207
-0.075
-0.773
-2.682
-0.918
-0.197
0.593
-0.890
1.371
-0.390
1.138
3.034
0.708
-0.071
0.392
0.196
0.043
0.129
0.096
0.080
0.624
0.083
1.042
0.265
0.308
1.874
1.894
0.727
0.736
0.708
0.317
1.394
0.593
0.382
0.056
-0.289
0.307
0.107
-0.364
0.123
1.012
-0.018
0.557
-0.018
-0.101
3.270
1.309
1.172
1.658
1.620
0.898
0.188
1.704
2.627
1.013
0.001
0.199
0.145
0.311
1.460
2.018
0.964
2.592
0.016
2.257
0.285
1.969
1.140
0.899
0.385
1.566
0.066
-0.018
-0.018
0.183
0.988
0.185
-0.439
-0.831
0.530
0.892
0.173
0.182
-0.018
0.870
0.026
-0.272
-0.005
-0.018
0.181
-0.128
0.571
-0.018
-0.018
-0.119
2.678
1.189
-0.018
0.921
1.053
0.009
1.230
0.058
1.063
3.208
0.164
0.025
-0.018
0.070
-0.273
0.325
-0.025
0.308
1.112
-0.019
1.746
0.578
1.179
0.167
0.511
0.158
1.876
0.673
0.516
-0.040
-1.631
0.634
-0.488
-0.557
0.231
-0.264
1.881
0.882
-0.018
-0.110
-0.532
-0.209
-0.091
-0.124
-0.348
-0.076
-1.228
-1.272
-1.635
-0.528
0.084
-0.018
-0.080
-0.221
-0.016
0.556
-0.164
2.276
-0.397
-0.143
1.110
-0.352
-0.270
1.884
-0.454
0.796
0.721
0.040
0.410
0.044
0.668
0.159
-0.018
0.340
1.807
0.216
2.633
1.136
0.448
0.582
1.810
3.027
0.308
0.233
0.048
0.922
0.529
2.124
0.388
1.337
0.543
2.860
1.723
0.661
0.332
0.356
0.701
0.408
0.388
0.729
2.201
0.924
2.814
0.346
0.127
-0.067
-0.032
0.048
0.250
0.169
0.235
0.507
0.360
0.055
0.085
0.217
0.053
0.031
0.104
0.589
0.450
2.835
1.560
0.838
0.123
-0.265
-0.366
1.199
1.838
0.294
0.338
0.774
0.088
0.121
0.359
1.007
0.389
0.354
0.653
0.628
1.186
3.126
1.444
1.586
0.213
1.212
0.594
0.378
0.241
0.118
-0.765
0.208
0.673
0.156
0.494
0.016
0.506
0.002
0.450
0.119
0.087
0.807
0.384
0.170
0.678
0.530
0.410
-0.018
0.431
-0.037
1.047
0.997
1.469
0.383
0.057
0.462
-0.018
3.144
0.599
0.026
-0.003
0.392
-0.005
-0.401
0.199
-0.026
-0.067
0.105
-0.055
3.237
1.392
0.203
0.155
0.562
0.129
0.504
0.633
0.563
0.333
0.578
0.195
1.210
0.411
0.189
2.099
0.990
0.502
1.122
1.075
0.513
1.176
0.468
1.086
1.033
0.628
4.329
1.155
-0.029
0.608
0.888
-0.353
0.003
0.633
-1.169
-0.672
0.809
0.187
1.461
-0.207
0.337
1.229
0.624
-0.235
0.162
-0.274
-0.801
0.309
1.129
0.418
0.605
-0.169
-0.390
0.445
0.486
0.050
-0.233
-0.101
-0.591
1.016
0.375
0.401
0.565
0.135
0.270
0.159
-0.220
-1.073
1.984
-0.203
0.488
-0.018
