-0.077
-0.989
-0.103
-0.122
0.148
-0.139
0.031
-0.130
0.093
0.154
-0.019
-0.097
-0.044
0.009
-0.276
0.082
0.022
0.057
0.087
0.057
0.061
-3.183
-1.351
0.273
0.167
0.099
0.057
0.334
0.497
0.154
0.166
0.141
0.354
0.107
0.085
2.862
2.063
2.154
0.907
1.712
2.143
4.158
0.172
-0.266
0.936
0.057
0.233
0.001
1.606
1.389
2.256
1.711
2.004
2.455
2.013
1.551
0.967
0.057
0.637
2.745
1.351
1.389
1.209
2.180
1.311
2.475
1.564
0.544
0.453
1.010
1.214
-0.066
0.474
0.193
0.089
1.578
0.137
-0.798
2.614
-0.016
-0.209
0.638
1.159
0.140
-0.359
0.533
1.272
2.268
0.427
-0.538
-0.032
0.026
-0.106
0.800
0.348
0.141
0.282
0.078
1.308
0.991
0.147
0.059
0.709
1.132
0.772
0.034
0.230
-0.869
0.060
-0.190
0.243
0.188
-0.118
0.021
-0.128
-0.083
0.244
0.334
0.068
-0.239
0.179
0.161
-0.100
-0.142
-0.141
2.059
-0.531
-0.350
-0.045
0.160
0.122
0.064
0.176
0.057
-0.115
1.251
0.040
0.057
0.057
1.469
3.015
0.540
-0.570
0.005
-0.406
0.057
0.177
0.206
1.227
2.437
0.732
-0.295
0.894
1.538
2.326
2.759
3.588
3.111
0.730
0.072
0.272
2.379
1.927
0.057
-0.286
0.107
2.305
0.426
0.370
0.402
2.091
0.102
-0.163
-0.434
1.161
1.772
0.849
0.703
1.152
0.478
0.094
1.817
-0.295
0.759
0.675
0.085
-0.061
-0.405
-0.061
-0.203
0.096
0.692
-0.116
0.264
-0.002
-0.482
0.755
0.370
0.326
0.551
0.508
0.210
-1.254
0.135
0.194
0.265
3.455
2.596
0.805
-0.249
0.316
0.459
-1.807
0.575
0.259
0.175
-1.345
-0.269
3.699
1.695
1.369
2.116
0.440
2.016
1.309
0.843
0.944
0.016
1.266
0.917
0.167
2.416
1.533
1.216
4.225
-0.016
-0.591
2.167
-0.117
0.986
0.321
1.734
0.225
0.073
1.573
0.224
0.651
-0.378
0.789
1.800
0.230
1.162
0.250
-0.083
1.239
0.177
1.518
0.041
0.051
1.561
0.686
0.344
1.082
0.263
-1.503
0.408
-0.515
-0.098
-0.037
0.308
-0.237
1.381
0.152
-0.073
0.407
0.555
0.531
0.139
0.488
0.033
0.057
0.590
0.678
1.315
1.065
0.029
0.093
0.092
0.074
0.140
1.259
-0.342
-0.095
-0.265
0.092
-0.069
-0.130
-1.222
3.037
-0.434
1.011
0.852
1.447
0.943
-0.252
-0.683
-1.525
-3.340
-1.569
0.978
-0.072
-1.689
0.867
0.022
0.093
1.625
0.420
0.222
-0.197
0.242
0.021
0.013
0.155
0.260
0.246
-0.016
0.415
0.077
0.223
2.101
1.177
-0.218
0.673
0.219
0.307
0.872
0.379
0.069
0.084
-0.026
0.525
1.586
-0.779
0.321
0.304
-0.169
0.211
0.070
-0.026
3.064
1.028
0.686
1.423
1.581
0.711
0.150
2.102
2.384
1.096
0.634
1.300
0.051
-0.100
0.295
0.309
0.057
0.033
-0.018
3.429
-0.117
1.232
1.046
1.199
0.302
1.124
-0.281
0.057
0.030
0.140
0.160
-0.491
-0.049
-0.849
0.039
0.165
0.974
1.709
1.639
1.234
0.215
-0.614
-0.035
0.295
0.008
1.651
0.404
0.060
1.350
-0.679
1.210
1.360
0.168
0.758
0.885
1.335
-0.524
0.010
2.688
3.009
-0.043
0.740
-0.056
0.739
0.016
0.314
0.475
0.354
1.354
-0.235
1.474
0.397
0.854
-0.601
0.765
0.587
0.713
0.097
0.221
0.408
0.057
0.151
0.056
-0.014
0.682
0.032
1.435
0.926
-2.040
-0.383
-1.615
-0.459
0.367
-0.109
-0.550
0.339
-1.157
-0.889
-1.167
-0.122
0.057
0.164
-0.263
-0.159
0.004
0.897
-0.086
1.503
-0.518
-0.022
1.692
-1.047
0.500
2.876
-0.932
0.431
0.772
0.367
-0.166
0.675
0.257
0.919
-0.316
0.425
1.563
0.629
2.849
1.579
1.908
0.374
1.107
1.790
0.221
0.009
-0.297
0.505
0.120
2.192
1.131
1.718
0.828
1.930
1.312
0.297
0.222
0.521
0.858
0.349
0.322
1.547
1.742
1.312
1.577
0.095
-0.026
-0.047
0.038
0.478
0.090
-0.616
0.024
0.491
0.159
0.261
0.674
0.001
0.130
0.839
0.431
0.122
0.587
1.790
1.605
0.395
-0.089
-0.320
0.007
0.104
0.288
0.175
0.621
0.249
0.504
-0.074
0.809
1.367
0.390
1.334
0.564
1.236
1.027
3.425
0.939
1.081
-0.161
0.760
0.255
0.833
-0.041
0.305
0.096
0.231
0.560
0.307
0.519
0.245
0.293
-0.011
0.151
0.112
0.057
0.650
0.667
0.015
0.444
0.993
0.191
-0.379
0.666
-0.558
3.836
0.773
0.749
0.073
1.807
0.859
-0.294
0.784
0.085
0.786
0.057
0.170
-0.264
0.056
0.070
-0.331
-0.110
-0.152
-0.022
1.704
2.419
0.014
0.063
-0.804
0.038
0.155
0.098
-0.325
0.095
0.475
-0.145
0.646
0.550
0.198
1.572
0.970
0.468
1.219
1.475
0.066
1.305
0.704
0.859
0.748
0.416
3.329
0.916
0.084
-0.720
0.800
-0.182
0.127
0.794
-0.269
-0.377
0.602
0.137
1.184
-0.103
2.457
0.698
0.173
-0.234
1.554
-0.689
-0.410
-0.012
1.382
0.072
0.772
0.043
-0.603
0.926
1.055
-0.143
-0.245
-0.206
-0.765
0.119
0.159
0.618
0.985
0.753
0.065
0.286
-0.208
-0.600
0.964
0.057
-0.399
0.057
