-0.091
-0.106
-0.072
0.081
-0.072
-0.072
-0.064
-0.072
-0.072
0.095
-0.072
0.286
0.059
-0.072
-0.456
-0.077
-0.917
-0.574
-0.072
0.045
0.133
-3.430
-0.034
-0.055
-0.198
-0.210
-0.072
-0.072
-0.091
-0.044
0.699
-0.190
-0.711
0.045
-0.072
2.272
1.119
3.106
0.564
2.114
-0.034
3.064
0.074
-0.161
-0.072
-0.072
0.329
0.424
1.962
1.529
2.063
1.410
2.932
2.763
3.454
2.012
1.743
-0.072
0.633
2.084
0.993
0.737
0.975
2.326
2.057
2.686
2.091
0.720
-0.140
0.361
1.909
-0.703
0.148
0.421
0.052
1.893
0.528
-2.219
3.674
0.971
-0.769
0.664
1.601
0.622
-1.242
-0.134
0.379
1.634
0.218
-0.072
-0.294
0.140
-0.022
0.442
0.118
-0.159
-0.113
-0.153
0.759
0.123
-0.072
-0.060
0.985
0.442
0.736
-0.353
-0.072
-0.072
-0.082
-0.115
-0.145
-0.072
-0.204
-0.093
-0.240
-0.158
-0.072
-0.072
-0.072
-0.128
-0.072
-0.072
-0.073
-0.337
-0.208
-0.057
-0.049
-1.214
-0.025
-0.078
-0.072
-0.131
-0.072
-0.101
-1.398
0.258
-0.298
-0.062
-1.866
1.806
1.215
0.153
-0.072
0.018
-0.123
0.400
0.594
0.333
0.291
1.719
1.440
-0.083
0.773
1.601
2.388
4.019
2.507
5.181
3.086
-0.169
0.148
2.523
1.332
-0.058
-0.072
-0.072
0.630
0.733
0.005
1.011
0.743
-0.259
0.188
-0.089
1.137
0.055
0.577
0.701
0.686
1.165
0.241
2.209
-0.072
0.654
0.945
-0.157
-0.367
0.004
-0.231
-0.961
-0.014
1.263
0.022
3.545
1.374
0.231
0.050
2.917
-0.144
-0.072
0.039
-0.026
-0.179
-0.072
-0.072
-0.072
2.534
2.213
1.305
-0.024
-0.122
-0.072
-0.074
-0.000
0.030
-1.151
-1.063
-0.173
2.046
2.909
1.333
3.135
0.620
2.072
0.583
0.148
2.327
1.360
0.701
1.157
0.166
1.961
1.720
1.459
2.416
0.204
0.025
-0.002
0.222
0.153
-0.004
-0.072
-1.132
-0.151
3.761
-0.072
-0.072
0.862
0.935
0.173
-0.298
1.032
0.961
-0.231
0.449
1.452
3.227
-0.037
0.161
1.749
1.462
0.851
0.662
0.329
-0.253
0.258
-0.241
-0.096
-0.368
1.846
-0.072
0.045
-0.072
-0.343
0.943
0.710
-0.806
-0.069
0.077
-0.132
0.144
0.239
0.623
0.147
0.197
0.337
0.055
-0.072
-0.072
0.053
2.784
-0.706
-0.025
-0.271
0.141
-0.265
-0.597
-0.142
4.707
-1.555
-0.330
1.536
0.288
1.920
0.118
0.889
-1.071
-2.673
-2.835
-1.461
0.547
-0.072
0.219
-0.362
1.334
1.054
0.627
-0.955
0.191
0.243
-0.220
-0.265
0.087
-0.072
1.093
-0.072
-0.098
-0.222
-0.017
1.769
1.620
0.298
-0.061
0.266
0.087
1.411
0.807
0.556
-0.072
-0.072
-0.087
0.214
-0.357
-0.072
0.003
-0.134
-0.072
-0.114
-0.072
2.883
1.939
1.008
1.869
1.080
0.426
0.051
1.232
2.380
0.426
1.042
1.198
-0.072
0.269
0.437
0.834
0.240
0.024
-0.072
1.338
-0.483
2.353
0.846
0.392
0.365
1.399
-0.122
-0.362
0.122
-0.132
0.160
0.216
-0.104
-1.616
0.154
0.041
-0.034
-0.055
1.007
-0.072
-0.156
-1.060
-0.072
-0.123
0.162
-0.072
0.427
0.106
1.024
-0.083
2.105
2.233
1.657
1.471
1.035
1.505
0.433
-0.670
1.581
2.538
-0.011
-0.008
-0.072
0.299
-0.054
-0.072
-0.237
0.270
1.688
0.111
0.718
0.002
0.250
0.320
0.061
1.180
0.369
0.063
0.016
-0.175
-0.254
-0.072
0.057
-1.356
-0.079
0.014
1.124
0.946
-0.072
-0.072
-0.474
-0.288
-0.099
-0.149
-0.785
-0.039
-0.253
-0.124
-1.310
-2.363
-0.198
-0.701
-0.023
-0.366
-0.240
0.243
-0.072
-0.019
-0.248
-0.277
-0.017
-0.369
0.361
2.241
-1.152
0.834
-0.154
0.216
0.121
0.006
-0.004
-0.130
-0.306
0.050
2.412
0.010
2.944
1.052
0.024
-0.072
-0.071
0.040
0.138
-0.271
-0.072
0.107
-0.072
2.716
0.686
1.029
0.224
2.845
1.509
0.054
0.071
0.000
0.843
0.239
0.335
1.583
2.439
0.552
3.058
0.496
-0.072
0.082
-0.072
-0.061
0.657
-0.224
0.242
-0.007
-0.080
0.636
0.720
0.318
-0.012
0.152
0.483
0.528
0.534
2.067
1.376
0.230
-0.288
-0.267
0.253
-0.072
0.735
-0.152
0.391
0.142
0.047
-0.072
-0.418
1.143
-0.000
1.305
1.838
-0.101
0.901
3.944
0.815
1.621
0.135
-0.003
-0.072
0.289
-0.072
-0.016
0.003
0.069
1.147
1.401
0.624
0.218
0.732
1.236
-0.246
-0.275
0.117
-0.066
0.410
0.045
-0.072
1.060
-0.108
-0.243
1.171
-0.072
1.210
0.513
1.362
-0.025
1.671
0.086
-0.072
-0.072
-0.143
-0.067
-0.153
-0.012
-0.103
-0.072
-0.072
-0.072
-0.042
-0.065
0.003
-0.072
1.037
-0.029
-0.072
0.242
-0.026
-0.072
0.008
-1.213
-0.276
0.046
-0.155
-0.072
-0.072
-0.072
1.778
0.164
0.718
0.265
-0.038
-0.081
2.228
0.238
0.253
0.017
1.064
1.220
-0.072
0.596
0.760
0.318
-0.082
-0.453
-0.046
-0.825
0.118
-0.072
-0.074
0.747
-0.163
-0.072
0.931
0.442
-1.755
0.167
-0.231
-1.713
-1.346
0.195
-0.506
0.390
-0.076
-0.479
1.744
0.255
-1.341
-0.225
-0.259
-0.072
0.011
0.379
0.446
0.516
-0.072
0.017
-0.171
-0.072
-1.173
1.531
0.596
1.233
0.088
