-0.076
0.272
-0.085
0.054
-0.077
0.030
0.211
0.103
0.541
0.080
0.120
0.212
0.135
0.031
-0.085
-0.020
-0.196
-0.183
-0.335
-0.485
0.561
-0.773
0.147
-0.039
-0.139
-0.165
-0.112
0.141
0.477
-0.177
0.410
-0.114
0.007
0.095
0.028
2.601
1.359
2.518
0.653
1.441
2.197
3.844
0.043
-0.168
0.114
0.127
0.249
-0.041
2.173
1.250
2.216
1.129
2.642
3.236
2.068
1.174
1.014
-0.060
0.409
3.328
1.219
1.145
0.977
1.580
1.013
2.572
1.347
0.419
-0.068
0.327
1.133
-0.154
0.369
0.292
1.415
2.554
1.127
-0.737
2.669
0.019
-0.413
1.072
0.918
0.277
0.036
0.809
1.183
2.732
0.567
0.205
-0.441
0.504
0.117
0.583
0.988
-0.091
0.188
-0.028
1.484
0.768
0.168
-0.070
0.727
0.822
0.095
-0.210
-0.041
-0.063
-0.156
-0.115
0.036
0.116
-0.120
-0.215
-0.240
-0.177
-0.067
-0.123
-0.121
-0.627
-0.063
-0.073
-0.095
-0.113
-0.198
1.162
-0.071
-0.650
-0.364
0.153
-0.098
0.088
0.718
1.099
-0.664
1.651
0.707
0.487
-0.558
0.158
0.734
-0.020
-1.009
0.070
0.398
-0.037
0.257
0.507
1.202
1.753
0.783
0.280
0.560
2.204
1.868
3.695
2.595
3.068
2.473
0.262
1.006
2.396
1.727
0.714
-0.079
-0.042
0.685
0.707
0.184
1.164
1.384
0.066
-0.170
-0.075
0.777
1.571
1.425
0.307
1.381
0.751
-0.084
1.377
0.084
0.687
0.297
0.910
0.187
-0.318
-0.279
-0.273
-0.152
0.533
-0.195
2.636
1.382
0.107
0.614
0.123
0.804
0.003
0.504
0.060
-0.007
0.197
0.018
0.049
2.872
1.967
0.336
0.194
0.440
0.175
-0.881
0.155
0.781
-0.605
-0.818
-0.108
1.628
2.091
1.082
2.370
0.262
1.421
1.066
1.179
1.548
0.848
1.195
1.050
0.796
2.440
1.301
1.131
2.093
0.154
-0.175
0.484
-0.078
0.289
0.153
0.904
0.185
0.043
2.749
-0.018
0.263
0.109
0.976
1.145
-0.419
0.499
0.042
0.163
1.233
0.277
1.487
0.084
0.414
1.024
0.742
0.480
1.012
0.842
-0.902
0.336
-0.397
-0.152
0.001
0.917
-0.098
0.769
-0.093
-0.172
0.751
-0.024
0.620
0.235
0.598
0.013
-0.032
0.336
0.918
1.015
0.809
0.173
0.290
0.065
-0.086
0.792
1.254
-0.081
-0.019
-0.334
-0.014
0.024
0.495
-0.870
2.266
0.040
-0.289
2.108
0.575
1.415
-0.114
0.238
-0.493
-1.045
-0.898
0.735
0.622
-0.390
1.214
0.038
0.970
2.044
1.000
0.648
0.187
0.020
0.046
-0.084
0.255
-0.007
0.280
-0.262
0.696
0.034
-0.085
1.320
1.349
0.527
0.051
0.838
0.345
1.049
0.451
0.386
0.024
-0.017
0.619
0.745
-0.498
0.571
0.833
0.053
0.598
-0.117
0.020
3.520
1.470
0.932
1.365
0.923
0.694
0.128
1.265
1.256
1.087
1.310
1.265
0.123
0.616
0.985
1.172
0.111
2.378
-0.035
2.185
0.054
1.903
1.114
1.232
0.462
1.260
0.267
0.144
0.060
0.289
0.471
0.357
0.049
-0.221
0.393
0.397
-0.008
0.077
0.447
1.968
2.684
0.188
-0.271
-0.190
-0.173
0.154
0.216
0.282
1.177
0.509
1.548
1.338
1.047
0.673
1.295
1.072
1.268
0.244
2.137
1.541
-0.190
1.144
-0.065
0.254
-0.486
0.460
0.068
0.290
0.599
-0.140
0.920
0.310
0.327
-0.126
0.511
0.191
0.476
0.069
0.362
0.739
-0.041
0.244
0.348
-0.121
0.164
-0.111
1.476
0.399
0.548
0.058
-0.897
-0.425
-0.071
-0.293
-0.390
-0.044
-0.578
-0.524
-0.841
-0.497
-0.276
0.091
-0.610
-0.329
-0.000
0.871
-0.033
1.089
-0.665
-0.252
1.096
-0.484
-0.108
1.866
0.325
1.078
0.273
0.042
0.231
0.053
0.517
0.580
-0.284
0.338
1.329
0.099
1.827
1.164
0.669
0.410
0.668
1.603
0.069
0.052
-0.108
0.223
0.126
1.580
0.407
1.410
0.485
2.648
0.840
0.199
-0.035
0.215
0.491
0.159
0.465
0.555
1.985
0.649
1.575
0.049
0.013
0.198
0.227
-0.037
0.036
-0.095
-0.029
0.098
-0.071
0.119
0.237
0.454
0.135
0.001
0.814
0.467
0.287
1.701
0.773
0.608
-0.155
-0.429
-0.081
0.261
1.845
0.047
-0.274
0.126
-0.022
0.074
0.606
0.689
0.247
1.088
0.874
0.529
1.028
3.126
1.110
0.948
0.076
1.138
0.075
0.323
-0.073
0.065
0.002
0.089
0.406
0.825
0.441
0.732
0.247
-0.125
0.366
-0.041
-0.127
0.617
0.244
0.064
0.350
0.273
-0.020
-0.428
0.564
-0.205
2.054
0.950
1.579
0.272
1.515
0.542
0.266
0.978
-0.005
0.342
-0.089
0.292
-0.155
-0.549
0.085
-0.083
-0.149
-0.040
-0.152
3.062
0.485
0.037
-0.073
0.236
0.009
-0.054
0.366
0.725
-0.013
0.372
0.123
0.346
0.299
0.126
1.500
0.679
0.431
1.097
1.235
0.590
1.233
0.664
1.162
1.065
0.900
2.194
1.021
0.061
0.194
0.616
-0.174
0.041
0.334
-0.447
-0.526
0.802
0.593
0.805
0.009
0.775
0.834
0.232
-0.274
0.089
-0.348
-0.515
-0.137
0.936
0.444
1.194
0.024
-0.043
0.136
0.613
-0.056
-0.279
-0.076
-0.309
0.816
0.116
0.541
0.340
0.284
0.126
-0.123
-0.342
-0.600
1.715
-0.067
0.669
0.070
