-0.085
-0.026
-0.035
-0.089
-0.312
0.870
0.222
0.045
1.264
0.369
0.445
0.275
-0.607
0.401
-0.590
-0.026
-0.158
-0.206
-0.117
0.386
0.073
-1.904
-1.090
0.160
-0.101
0.036
0.050
-0.131
0.376
0.042
0.097
-0.049
-0.549
-0.177
-0.132
2.772
2.053
3.108
0.832
1.741
2.300
3.703
-0.090
-0.400
0.135
-0.022
0.324
-0.071
2.679
1.508
2.584
1.695
2.432
3.648
2.597
1.907
1.028
-0.030
0.696
3.807
1.769
1.800
1.526
2.075
1.515
3.177
2.061
0.373
0.285
0.872
1.235
-0.114
-0.507
0.518
-0.099
1.412
-0.113
-1.075
5.131
-0.055
-0.354
1.432
0.752
0.025
-0.425
-0.063
1.158
3.061
0.951
0.692
0.054
0.582
0.167
0.707
-0.026
-0.430
-0.045
-0.013
1.409
0.536
0.106
0.019
-0.061
0.455
0.224
-0.347
0.128
-0.004
0.113
-0.136
-0.025
0.043
-0.052
0.060
-0.004
-0.100
0.073
-0.261
0.090
-0.311
0.108
-0.018
0.011
-0.446
-0.191
2.100
-0.601
-0.646
-0.512
0.413
0.123
-0.119
-0.311
-0.240
-0.703
0.979
0.360
-0.312
-1.590
-0.105
0.040
-1.927
-1.582
0.077
0.088
-0.092
0.206
0.657
0.978
2.926
0.881
-0.115
0.709
1.835
2.259
4.251
3.212
3.659
1.827
-0.048
0.369
2.804
1.347
-0.026
-0.475
-0.260
1.445
0.403
0.332
0.361
1.133
-0.128
-0.079
-0.367
0.727
1.720
1.513
0.990
2.227
0.618
0.041
1.469
-0.033
1.390
0.569
0.077
0.079
-0.762
-0.155
-0.281
0.155
0.423
-0.784
-0.431
0.352
-0.734
1.221
0.697
0.530
0.451
0.377
0.435
-0.209
-0.026
-0.027
-0.010
3.484
3.410
0.928
-0.090
0.380
0.294
-1.545
0.490
0.663
-1.230
-0.973
-0.015
2.883
2.430
1.244
2.281
0.801
2.639
2.203
0.849
0.449
0.907
1.258
1.409
1.472
2.257
1.671
1.006
3.710
-0.213
-0.826
0.765
-0.367
0.661
0.145
0.237
0.162
0.193
3.259
0.077
0.455
-0.540
1.884
1.708
-0.587
1.043
0.396
0.552
1.638
0.318
1.651
-0.212
-0.618
0.914
0.752
0.519
0.858
0.823
-1.229
-0.140
-0.190
-0.073
0.365
0.816
-0.171
1.233
-0.061
-0.118
1.023
0.409
0.675
-0.058
0.382
-0.064
0.018
0.886
1.681
1.361
1.384
-0.026
0.034
0.113
-0.016
0.131
2.749
-0.202
0.037
-0.056
-0.046
-0.008
-0.026
-0.409
2.790
-0.288
-0.159
1.078
0.219
0.938
0.364
0.653
-0.373
-1.546
-1.479
-0.276
-1.908
-1.007
0.401
0.098
1.071
3.193
0.302
-0.251
0.480
0.084
0.113
0.128
0.176
0.157
0.403
0.102
0.901
0.092
0.063
2.546
0.805
0.408
0.950
0.666
0.357
1.112
0.323
0.498
-0.017
-0.022
0.502
1.346
-0.719
0.436
-0.021
-0.078
0.269
-0.137
-0.026
3.485
1.593
1.201
1.297
1.760
1.179
0.263
1.936
2.435
1.145
-0.194
0.554
0.010
0.706
0.903
0.676
-0.821
-0.298
-0.149
2.169
-0.652
0.765
0.874
1.230
-0.083
1.731
-0.043
-0.037
-0.062
-0.179
-0.138
-4.544
-0.173
-2.221
0.237
0.289
0.181
0.114
0.181
0.537
0.299
0.231
0.181
0.002
0.027
0.050
1.079
0.324
1.437
-0.538
2.329
1.366
-0.465
1.108
1.503
0.110
1.638
-0.005
2.880
2.386
-0.068
0.222
-0.074
0.452
-0.253
0.274
-0.506
0.267
1.270
-0.037
1.479
0.374
0.576
-0.173
0.202
0.797
-0.048
0.094
0.619
-0.007
-0.059
0.071
-0.475
-0.827
0.960
-0.123
2.240
1.493
0.200
-0.033
-1.017
-1.185
-0.035
-0.185
-0.324
-0.469
-1.578
-1.600
-1.168
-1.823
-0.699
-0.957
-0.229
-0.085
-0.016
0.242
-0.200
2.151
-0.984
-0.254
2.168
-0.475
0.568
2.332
-0.412
1.673
0.577
-0.056
-0.529
0.431
0.435
0.439
-0.248
0.316
2.214
0.181
2.130
0.708
0.228
-0.026
1.475
2.204
0.218
-0.081
-0.239
0.095
1.043
1.979
0.644
1.439
0.476
3.257
1.028
0.415
0.149
0.185
0.635
0.206
0.200
1.104
2.278
1.016
1.727
0.014
0.118
-0.040
-0.069
0.038
0.115
-0.773
0.085
0.295
0.328
0.217
-0.516
0.329
0.061
0.511
-0.058
0.569
0.654
2.125
1.456
0.893
-0.160
-0.330
0.046
0.107
0.882
0.164
0.042
-0.047
-0.032
0.286
0.385
1.122
0.297
1.831
0.838
0.934
1.309
3.505
1.066
1.492
-0.517
0.362
0.129
0.837
-0.290
0.054
-0.641
0.090
0.880
0.880
0.565
0.433
0.244
-0.247
0.337
0.219
-0.026
0.433
0.583
0.163
0.569
0.266
-0.151
-0.176
0.768
-0.193
4.183
1.054
1.125
0.372
0.081
1.066
-0.213
-0.020
-0.282
0.138
-0.229
0.176
-0.662
-0.745
-0.021
-0.026
-0.026
-0.026
0.018
0.844
0.896
-0.220
-0.100
-0.026
0.153
-0.058
-0.038
-0.587
-0.178
0.418
0.424
0.513
0.525
0.052
1.778
0.865
0.909
1.274
1.552
0.163
1.556
0.012
1.040
0.906
0.644
3.083
0.639
0.163
-0.350
0.503
-0.250
0.043
0.569
-1.123
-0.649
0.483
0.742
1.303
-0.088
-0.231
1.392
0.583
-0.872
0.272
-0.567
-0.508
-0.675
1.838
-0.723
-0.061
-0.118
-0.443
0.694
1.197
0.073
-0.265
-0.153
-0.676
0.837
0.071
0.555
1.037
0.354
0.130
-0.203
-0.188
-1.324
1.850
0.443
-0.095
-0.376
