-0.020
0.888
-0.152
-0.076
-0.175
0.150
0.182
-0.028
-0.088
0.420
0.364
0.411
0.191
0.236
0.125
-0.082
-0.171
-0.120
0.234
0.231
0.214
-1.302
-0.719
0.016
-0.065
0.122
0.202
0.241
-0.037
0.016
-0.037
0.194
-0.067
-0.084
-0.114
3.163
2.462
2.684
0.781
1.842
2.375
4.344
0.009
-0.912
0.321
0.004
0.190
0.017
2.407
1.494
1.933
2.061
2.217
3.384
2.633
1.598
1.341
-0.003
0.470
4.469
0.625
0.755
1.407
2.747
0.474
3.408
1.210
0.614
0.684
0.222
0.626
0.067
0.392
0.249
-0.082
-0.082
-0.312
-0.173
3.040
0.007
-1.672
1.261
0.045
-0.082
0.074
0.442
1.301
2.828
0.372
0.464
-0.158
0.059
0.122
0.784
0.846
-0.082
0.010
-0.153
0.319
0.327
-0.045
-0.031
0.049
0.025
0.091
-0.082
0.038
-2.126
-0.020
-0.082
0.126
-0.068
0.027
-0.034
-0.061
-0.055
0.090
-0.002
-0.000
-0.082
-0.267
0.072
0.072
-0.082
-0.082
1.560
0.273
-0.689
0.266
0.239
-0.005
-0.142
0.268
-0.054
-0.223
0.693
0.224
0.179
-0.205
0.309
-0.081
-0.082
-0.993
0.003
0.000
-0.082
0.053
0.364
1.092
1.954
1.980
0.199
0.584
2.709
2.006
2.799
2.928
1.057
0.834
-0.082
0.580
2.478
1.574
-0.074
0.115
0.020
0.966
0.796
0.037
0.470
1.898
-0.177
0.156
0.115
0.773
1.736
1.115
0.744
0.347
1.041
0.112
1.424
0.108
0.682
0.383
0.608
-0.021
-0.582
0.209
-0.451
0.080
-0.770
-0.173
-0.478
-0.082
-0.893
0.142
0.684
0.118
0.148
0.481
0.103
-2.174
0.297
0.139
0.129
2.263
1.463
0.687
0.100
0.948
-0.043
-1.285
0.035
0.036
-1.562
-2.374
-0.090
3.527
2.340
1.523
3.647
0.339
2.545
1.761
0.934
0.535
0.698
1.652
1.704
0.269
2.489
1.528
1.127
3.058
0.081
-0.517
1.460
-0.083
0.391
0.232
0.551
0.084
0.109
2.957
0.052
0.733
-0.049
0.274
1.202
-0.023
1.310
-0.031
-0.214
1.637
1.218
2.192
-0.370
0.162
1.856
1.701
-0.082
0.838
1.000
-2.148
0.584
-0.354
0.599
-0.081
0.068
0.027
0.534
0.124
-0.616
1.318
-0.082
0.257
0.005
0.128
-0.002
-0.545
0.476
-0.082
1.049
0.887
0.044
0.080
0.048
-0.082
-0.022
2.565
-0.122
0.046
-0.157
0.043
0.321
0.388
-0.667
2.690
-0.563
0.041
1.637
0.952
0.886
0.095
0.598
-1.423
-2.458
-1.229
-0.079
0.066
-0.407
0.020
-0.141
0.416
1.465
-0.161
-0.412
-0.059
0.271
-0.082
-0.038
0.278
0.193
0.035
0.031
0.699
-0.082
0.177
1.524
1.695
0.227
0.295
0.428
0.007
1.143
0.672
0.091
0.036
-0.070
0.969
1.601
-0.712
0.279
0.251
-0.072
0.465
-0.361
-0.088
2.899
1.804
1.398
1.373
1.475
0.178
0.017
1.843
1.666
1.627
-0.082
0.152
0.037
0.741
0.522
0.926
0.631
5.034
-0.065
2.546
-0.030
0.575
0.319
0.886
0.183
0.026
0.409
0.240
-0.008
-0.182
0.281
-0.174
-0.085
-1.012
0.503
1.351
0.505
0.477
0.103
0.793
1.747
-0.536
0.574
-0.092
-0.216
0.074
0.222
0.359
1.163
-0.004
1.053
1.251
-0.487
0.771
1.192
1.319
0.289
0.280
1.534
1.514
-0.015
0.030
0.082
0.003
0.135
0.254
-0.105
0.404
0.771
-0.353
1.210
0.264
0.740
0.279
0.339
-0.040
1.446
0.086
0.049
0.181
-0.474
0.108
-0.031
-0.247
0.357
-0.550
1.008
1.167
-0.082
-0.369
-1.318
-0.180
-0.188
-0.207
-0.255
0.165
-0.828
-0.725
-1.170
-1.367
-0.058
0.073
-0.461
-0.462
-0.087
0.766
-0.178
1.636
-0.102
-0.082
0.400
-0.315
0.680
2.347
-0.524
0.132
0.081
0.111
-0.135
0.051
0.264
0.561
-0.298
0.415
1.999
-0.002
1.822
0.465
-0.082
-0.031
1.071
2.344
-0.091
-0.084
0.733
0.071
0.257
0.702
0.244
1.066
0.195
2.464
1.004
0.759
0.298
0.303
0.934
0.207
1.376
0.861
1.233
0.525
2.286
-0.017
0.173
-0.116
-0.093
0.200
0.131
-0.612
0.220
0.271
-0.008
0.308
-0.082
0.513
0.102
0.118
0.437
0.060
0.436
1.429
1.244
0.198
0.086
-0.421
-0.082
-0.082
0.379
0.072
-0.082
0.073
0.040
-0.005
-0.079
1.246
0.381
1.078
-0.068
0.022
0.691
3.550
1.234
0.872
-0.718
0.361
0.500
1.398
0.821
0.230
0.453
0.191
1.297
0.294
0.718
-0.082
0.239
-0.360
-0.048
-0.296
-0.054
0.630
0.391
0.000
0.772
0.086
-0.231
-0.268
0.902
-0.082
0.066
0.808
0.011
0.482
0.780
0.784
-0.034
0.399
-0.175
-0.047
-0.292
0.090
-0.214
-0.144
0.008
-0.082
0.009
0.009
0.011
0.228
1.627
0.031
0.033
-0.099
-0.320
-0.133
0.155
0.303
0.047
0.346
-0.077
0.685
0.478
0.118
1.535
1.150
-0.112
0.472
1.120
-0.301
1.658
0.773
0.835
0.568
0.767
3.323
0.745
-0.571
0.656
0.724
-0.290
0.323
0.672
-0.064
-0.668
0.187
0.284
0.685
-0.398
0.553
1.267
0.462
-0.585
0.371
-0.145
-0.500
-0.173
-0.082
-0.124
0.879
-0.082
-0.456
0.015
0.846
0.091
0.045
-0.177
-0.271
0.281
-0.053
0.446
0.627
0.963
0.131
-0.109
-0.123
-0.633
0.670
-0.169
0.658
-0.118
