-0.131
0.001
0.119
0.288
-0.043
0.075
0.390
0.249
0.945
0.264
0.562
0.236
0.334
-0.126
-0.547
-0.013
-0.165
-0.405
-0.056
-0.255
0.419
-0.749
-0.980
0.121
0.007
0.520
0.206
0.171
-0.028
0.180
0.414
0.249
-0.078
0.186
-0.111
2.887
2.159
1.737
0.294
1.206
1.969
3.591
-0.033
-0.307
0.213
-0.305
0.292
-0.036
1.327
1.548
2.080
1.981
2.226
2.874
1.981
1.159
1.492
-0.116
0.804
3.094
0.977
1.846
1.186
2.001
0.920
2.528
1.093
0.302
-0.088
-0.131
0.542
-0.083
-0.200
0.360
-0.121
0.068
-0.131
-0.830
2.641
-0.233
-0.227
1.105
-0.131
0.410
-0.265
0.119
0.838
2.197
0.223
0.510
-0.131
-0.122
-0.044
0.532
0.661
-0.056
0.137
0.002
1.167
0.742
-0.063
0.041
-0.037
0.019
-0.163
-0.376
0.101
-0.020
-0.017
-0.409
0.238
0.296
-0.350
-0.091
-0.413
-0.062
0.188
-0.131
-0.079
0.030
0.246
-0.017
-0.220
-0.396
-0.396
1.556
-0.486
-0.877
-0.550
0.399
0.190
-0.279
0.326
-0.127
0.188
1.526
1.470
0.465
-0.306
0.504
2.823
-0.150
-0.739
0.128
0.562
-0.131
0.188
0.331
1.561
1.322
0.092
-0.176
0.633
2.143
0.846
2.324
1.965
0.330
2.212
-0.131
0.152
0.493
1.518
-0.131
0.006
-0.048
1.149
0.942
0.312
0.591
1.210
0.066
0.182
-0.152
0.833
0.915
0.921
0.771
0.785
-0.101
-0.169
1.657
0.031
0.876
0.638
-0.131
-0.094
-0.620
0.448
0.014
-0.003
-1.573
-0.131
-0.131
-0.131
-0.121
0.606
0.947
0.245
-0.033
-0.056
0.151
0.022
0.197
0.394
0.172
3.379
2.514
0.826
0.368
1.082
-0.216
-2.060
0.613
0.527
-0.722
0.485
-0.063
3.229
1.477
1.278
2.190
0.271
1.756
1.427
0.597
0.143
0.970
1.551
0.524
0.628
1.675
1.106
1.276
3.420
0.060
-0.558
0.965
0.231
1.078
-0.131
0.812
0.278
-0.056
1.601
0.150
0.431
-0.248
1.421
1.877
-0.155
1.085
0.226
-0.064
1.421
0.484
1.504
-0.451
0.518
0.884
0.770
0.337
1.464
0.584
-1.537
0.500
-0.206
-0.318
-0.232
-0.044
-0.084
0.959
-0.014
-0.540
0.886
-0.131
0.625
0.444
0.404
-0.165
0.014
0.588
-0.121
1.317
0.904
-0.211
0.522
0.184
-0.109
0.334
3.106
-0.682
-0.106
-0.359
-0.012
-0.390
0.793
-0.311
3.207
-0.239
0.190
-0.115
-0.015
0.378
0.114
0.141
-0.464
-1.323
-0.666
-0.034
-0.407
-0.647
0.413
-0.619
0.395
1.929
-0.333
-0.146
0.051
-0.052
0.166
0.359
0.244
0.451
0.310
0.529
0.788
0.288
0.166
1.861
1.840
-0.157
0.134
0.570
0.349
1.054
0.368
0.179
0.035
-0.164
0.630
1.645
-0.774
0.584
1.045
0.063
0.383
-0.306
-0.406
2.592
1.088
1.099
1.483
1.763
0.312
0.310
1.184
1.377
0.746
1.498
1.884
0.160
0.438
0.236
0.171
0.426
1.185
-0.138
2.493
-0.025
2.685
1.185
0.971
0.275
0.953
0.047
-0.210
-0.289
-0.113
0.723
-0.129
-1.902
-1.011
0.478
0.435
-0.131
-0.248
0.378
0.409
0.828
0.316
0.097
0.097
0.139
0.101
0.224
-0.131
0.376
0.319
1.852
2.080
-0.131
1.136
1.505
-0.205
0.009
0.517
1.733
2.734
0.187
3.508
-0.131
0.470
-0.571
0.146
0.162
0.138
0.897
0.433
1.074
0.704
0.804
0.138
0.632
-0.131
0.268
0.434
0.149
-0.448
-1.251
0.350
0.076
-0.052
0.267
-0.238
1.326
0.665
-0.362
0.023
-0.790
-0.414
0.009
-0.401
-0.566
0.143
-1.503
-1.084
-1.300
-2.164
-0.097
0.600
-0.480
-0.417
-0.014
0.003
-0.147
1.266
-0.644
-0.403
1.419
-0.351
0.129
0.924
0.159
-0.015
0.462
0.295
0.440
-0.238
0.757
0.850
0.039
0.311
1.983
0.276
2.661
0.919
0.789
0.342
1.473
3.109
0.055
0.029
0.896
0.544
0.631
1.328
0.591
1.865
0.685
2.359
0.884
0.546
0.403
0.638
0.855
0.342
0.629
0.654
1.174
0.700
1.476
-0.085
0.096
-0.377
0.261
0.230
0.061
-0.321
0.273
0.197
0.225
0.034
0.278
0.256
0.347
0.598
0.491
0.506
0.223
2.261
1.614
1.088
0.194
-0.507
-0.013
0.011
0.375
0.315
0.344
0.494
0.137
0.283
0.324
0.955
0.082
0.729
-0.057
0.829
0.915
2.628
1.087
0.905
-0.014
0.991
0.213
1.562
0.187
0.067
0.006
0.209
0.663
0.369
0.634
0.762
0.171
-0.222
0.633
0.150
0.212
0.630
0.295
0.291
0.591
0.406
0.275
-0.167
0.823
-0.329
3.353
1.555
1.218
0.287
0.458
1.373
-0.649
1.942
-0.090
0.286
-0.242
0.106
-0.391
-0.391
0.140
-0.115
0.243
0.225
0.153
1.770
0.952
0.363
-0.083
-0.074
0.312
1.074
0.374
0.533
0.440
0.514
0.230
1.941
0.612
0.228
2.510
1.078
0.637
1.476
0.395
-0.025
0.694
0.604
0.834
0.667
0.703
4.389
0.713
0.072
1.198
0.892
-0.417
0.127
0.110
-1.005
-0.687
1.603
0.423
0.997
-0.214
0.765
0.639
0.381
-0.750
0.119
-0.800
-0.500
-0.114
0.762
-0.240
1.502
-0.093
-0.209
0.716
0.586
-0.021
-0.168
-0.191
-1.031
0.991
0.489
0.501
0.671
0.905
-0.015
-0.017
0.367
-2.002
1.466
-0.374
0.577
-0.534
