-0.088
-0.206
-0.275
-0.146
-0.145
-0.219
-0.127
-0.469
-0.860
-0.165
-0.405
-0.528
-0.155
-0.541
0.012
0.257
0.382
0.204
-0.210
-0.235
-0.242
0.799
0.128
-0.161
-0.075
-0.080
-0.040
-0.130
-0.409
0.075
0.019
-0.061
0.168
-0.057
0.212
-1.406
-1.534
-1.675
-0.525
-1.400
-1.455
-2.694
0.069
0.782
-0.401
-0.180
-0.083
-0.059
-2.192
-1.177
-1.809
-1.056
-1.619
-1.968
-1.964
-1.062
-0.848
0.064
-0.209
-2.210
-0.654
-0.793
-1.090
-1.060
-0.608
-1.883
-1.237
-0.723
0.031
-0.371
-1.214
0.388
-0.274
-0.085
-1.376
-0.878
-0.991
1.465
-2.947
-0.112
0.356
-1.311
-0.405
0.010
0.432
0.326
-0.741
-1.691
0.243
-0.371
-0.082
-0.456
-0.229
-0.377
-0.152
0.455
0.072
0.179
-1.138
-0.564
0.207
-0.053
-0.358
-1.125
-0.183
0.379
-0.148
-0.146
-0.134
0.644
-0.243
-0.156
0.389
-0.014
0.127
-0.007
-0.110
0.093
-0.105
-0.076
-0.142
-0.138
0.033
0.074
0.408
-0.786
0.833
0.139
-0.057
-0.181
0.082
-0.126
-1.735
-0.697
0.893
-0.300
-0.061
-1.000
0.700
-1.014
-1.720
0.695
0.581
-0.296
-0.061
-0.140
-0.098
-0.308
-0.749
-1.840
-0.651
0.116
-0.730
-1.464
-1.930
-2.244
-1.662
-2.378
-1.758
-0.269
-1.018
-1.795
-1.466
-0.369
-0.107
-0.265
-0.720
-0.610
-0.036
-0.122
-0.896
-0.011
0.088
0.182
-0.202
-1.018
-0.900
-0.232
-1.543
-0.383
-0.046
-1.481
0.093
-0.345
-0.786
-2.279
-1.008
0.127
-0.066
-0.037
-0.061
-0.370
0.004
-1.505
-1.211
0.062
-0.570
-0.686
0.300
-0.224
-0.474
-0.309
0.002
-0.002
-0.008
-0.122
-1.439
-1.913
-0.898
0.388
0.393
0.156
1.486
-0.238
-0.096
0.914
-0.120
0.097
-2.267
-1.607
-0.797
-2.188
-0.257
-1.189
-0.933
-0.821
-0.895
-0.697
-1.002
-0.681
-0.159
-1.334
-0.855
-0.931
-2.213
-0.086
1.888
-1.129
0.033
-0.773
-0.764
-0.643
0.093
-0.004
-1.780
-0.155
-0.243
-0.291
-1.088
-0.762
0.080
-0.367
-0.186
-0.099
-0.836
-0.685
-0.787
-0.218
-0.768
-0.882
-0.497
-0.337
-0.580
-0.133
0.691
0.280
0.749
-0.058
-0.133
-1.231
-0.074
-0.834
-0.148
-0.046
-0.529
-0.183
-0.037
-0.480
-0.057
0.018
-0.136
-0.435
-0.329
-0.998
-0.379
-0.446
-0.966
-0.015
0.125
-0.181
-2.216
-0.054
-0.129
-0.204
-0.141
0.412
-0.119
-0.159
-1.936
0.956
-0.106
-0.623
-0.556
-0.311
0.117
-0.251
0.594
1.471
0.637
-0.082
-0.475
1.054
0.095
-0.086
-0.940
-0.702
-1.018
0.888
-0.088
0.094
-0.072
-0.079
0.009
0.090
-0.145
-0.082
-0.323
-0.001
-0.018
-0.654
-0.166
-0.255
0.163
-0.529
-0.248
-1.004
-0.182
-0.324
0.016
1.030
-0.388
-0.253
1.085
-0.444
-0.504
0.019
-0.586
0.515
0.252
-2.329
-1.847
-1.015
-1.526
-1.394
-0.642
-0.163
-1.283
-1.592
-0.848
-1.190
-1.062
-0.159
-0.094
-0.312
-0.860
-0.266
-0.888
-0.256
-2.158
0.249
-0.709
-0.720
-1.069
-0.182
-1.085
-0.034
-0.475
-0.072
-0.566
-1.056
-0.493
-0.215
0.378
-0.106
-0.109
-0.184
-0.128
-0.517
-0.607
-0.560
0.083
0.172
-0.060
0.034
0.041
-0.606
-0.323
-0.726
0.198
-1.643
-0.793
-0.482
-0.296
-0.150
-0.586
-0.508
0.096
-2.910
-2.362
0.059
-0.525
-0.239
-0.400
-0.503
-0.297
-0.086
-0.229
-0.505
-0.351
-0.501
-0.440
-0.547
0.059
-0.457
-0.777
-0.952
-0.176
-0.090
-0.118
1.239
-0.154
0.315
0.277
-0.080
1.247
-0.935
-0.666
-0.525
0.021
0.595
0.706
0.104
0.265
0.308
-0.007
0.968
0.729
0.708
1.149
1.624
-0.343
0.138
0.296
0.203
-0.806
0.630
-0.364
0.309
0.043
-0.582
0.228
0.740
-0.488
0.363
-0.863
0.218
-0.186
0.005
-0.117
-0.160
-0.830
0.549
-0.214
-1.130
-0.191
-0.993
-0.041
-1.400
0.121
-0.737
-1.491
-0.156
0.004
-0.532
0.379
-0.167
-1.465
-0.361
-1.170
-0.329
-1.313
-0.346
-0.256
-0.672
-0.416
-0.529
-0.796
-0.470
-0.478
-1.134
-1.257
-1.162
-0.058
-0.178
-0.250
-0.034
-0.309
-0.248
0.256
-0.623
-0.519
-0.362
-0.564
-0.372
-0.103
-0.557
-0.331
-0.088
-0.173
-0.197
-1.154
-1.279
-0.416
-0.009
0.790
-0.044
-0.569
-0.119
-0.147
-0.107
-0.041
0.122
0.030
-0.244
-0.930
-0.313
-0.689
-0.773
-0.663
-0.601
-2.858
-1.258
-0.677
0.185
-0.448
-0.183
-0.280
-0.135
-0.362
0.159
-0.086
-0.547
-0.458
-0.209
-0.326
-0.197
-0.012
0.039
-0.034
0.167
-0.411
-0.458
-0.119
-0.899
-0.360
0.094
0.085
-0.427
0.092
-2.325
-0.321
-0.718
0.014
-0.086
0.301
-0.117
-0.156
0.119
-0.480
0.335
-0.088
-0.043
0.441
0.180
0.019
0.129
0.166
0.077
-0.735
-0.099
0.327
-0.073
-0.091
-0.182
0.213
-0.025
0.532
0.060
-0.171
-0.156
-0.332
-0.538
-0.037
-0.839
-0.296
-0.155
-0.512
-0.457
-0.055
-1.165
-0.241
-0.518
-0.499
-0.660
-1.864
-0.714
-0.190
-0.126
-0.825
0.217
0.208
-0.567
0.670
0.119
-0.028
0.057
-1.970
0.296
-0.451
0.259
0.435
0.793
-0.426
0.168
0.920
1.314
-0.189
0.558
-0.939
0.144
0.818
-0.386
-0.889
-0.010
-0.079
0.226
1.361
-0.586
-0.295
-0.911
-0.855
-0.368
-0.041
-0.216
-0.156
0.577
-1.619
-0.129
-0.454
-0.005
