-0.007
-0.111
-0.031
-0.140
0.032
-0.000
0.016
-0.200
-0.347
-0.103
-0.135
-0.315
-0.277
-0.216
-0.608
0.183
0.553
0.229
-0.282
-0.183
-0.415
1.151
0.344
-0.073
0.063
-0.054
-0.202
-0.320
-0.679
0.012
-0.265
-0.091
0.185
-0.026
0.296
-3.524
-2.393
-2.613
-0.590
-2.085
-2.098
-3.358
-0.179
0.136
-0.119
0.119
-0.267
-0.061
-2.652
-1.575
-2.508
-2.430
-2.717
-4.291
-2.700
-1.860
-1.096
0.039
-0.718
-3.390
-1.341
-1.497
-1.171
-1.437
-1.523
-2.334
-1.348
-0.560
-0.217
-0.553
-0.727
-0.007
-0.617
-0.188
-1.611
-2.231
-1.100
0.917
-3.044
0.128
0.513
-1.189
-1.124
-0.214
0.283
-0.725
-1.133
-3.019
-0.551
-0.785
-0.167
-0.526
0.030
-0.510
-0.626
-0.114
0.005
0.042
-1.585
-0.913
-0.214
-0.103
0.095
-0.285
-0.260
0.193
0.044
0.043
0.042
0.346
0.033
0.042
0.073
0.122
0.347
0.023
0.043
0.262
0.032
0.102
0.042
0.043
0.066
0.089
0.339
-1.002
0.389
1.335
0.280
-0.126
-0.007
0.124
-0.472
-0.154
1.363
-0.510
-0.181
-0.554
0.911
-0.349
-0.563
0.646
2.120
-0.196
-0.303
-0.191
-0.294
-0.904
-0.683
-2.040
-1.021
-0.260
-0.652
-2.448
-2.054
-3.763
-2.053
-2.870
-3.006
-0.770
-1.244
-2.405
-1.892
-0.692
-0.030
0.018
-1.151
-0.778
-0.264
-0.833
-0.716
0.064
-0.151
-0.148
-0.531
-1.759
-1.696
-0.521
-1.227
-0.347
0.177
-1.669
0.097
-0.628
-0.400
-0.428
-0.066
0.480
0.153
-0.060
0.037
-0.492
-0.042
-3.137
-1.644
0.863
-0.511
-0.329
0.100
-0.067
-0.120
-0.123
-0.030
-0.608
-0.583
-0.472
-3.640
-1.751
-0.898
-0.070
-0.494
0.004
1.621
-0.279
-0.583
0.931
0.072
0.166
-2.950
-3.115
-0.833
-2.792
-0.416
-1.754
-0.859
-0.859
-1.148
-1.082
-1.728
-0.941
-1.091
-2.001
-1.635
-0.862
-2.712
0.074
0.950
-0.600
0.057
-0.529
-0.268
-0.750
0.094
-0.301
-2.508
0.043
-0.767
-0.008
-1.494
-1.602
0.325
-0.948
-0.350
-0.222
-1.108
-0.334
-1.662
-0.117
-0.243
-0.904
-0.949
-0.612
-1.184
-0.634
1.357
0.358
0.310
-0.230
0.117
-0.499
0.198
-0.559
0.023
0.097
-0.584
0.032
-1.124
-0.124
-0.214
0.507
-0.122
-0.388
-1.108
-0.791
-0.787
-0.023
-0.291
0.012
0.071
-0.603
-1.396
0.116
0.023
0.224
0.164
0.281
-0.616
0.173
-1.991
0.040
0.222
-1.064
-1.132
-1.203
0.028
-0.375
0.992
1.891
1.100
0.354
-0.279
0.894
-0.453
0.520
-0.795
-2.707
-1.525
-0.029
0.208
0.122
0.010
0.022
-0.414
-0.184
-1.132
-0.134
-0.616
-0.003
0.023
-2.552
-1.185
0.187
-0.372
-0.814
-0.235
-1.102
-0.216
-0.577
-0.034
0.048
-0.859
-1.159
0.828
-0.902
-0.930
-0.179
-0.825
-0.062
0.023
-3.932
-1.985
-1.220
-1.562
-1.446
-0.686
-0.016
-1.335
-1.595
-1.202
-1.022
-1.415
-0.059
-0.663
-0.980
-0.771
-0.643
-1.590
-0.048
-2.082
-0.150
-0.991
-0.748
-1.649
-0.468
-2.198
-0.332
-0.265
-0.109
-0.395
0.149
-0.409
0.369
0.634
-0.207
-0.175
-0.097
-0.094
-0.083
-0.494
-0.501
0.079
-0.213
-0.052
0.124
-0.099
-0.645
-0.145
-1.258
-0.383
-1.265
-0.911
-0.694
-0.313
-0.599
-0.906
-0.167
-0.248
-1.681
-2.153
-0.016
-1.055
-0.160
-0.505
-0.323
-0.334
0.168
-0.193
-0.944
-0.046
-1.141
-0.270
-0.478
0.079
-0.194
0.051
-0.603
-0.382
0.014
0.144
1.594
-0.360
-0.267
0.194
-0.094
0.532
-2.119
-0.833
-0.385
0.199
0.889
0.394
0.040
0.486
0.869
-0.191
1.151
1.034
1.352
1.211
0.259
0.149
0.791
0.284
-0.006
-0.860
0.065
-1.791
0.716
0.358
-1.176
0.615
0.205
-2.170
0.047
-0.829
-0.047
-0.197
-0.152
-0.187
-0.240
-0.754
0.387
-0.326
-2.387
-0.016
-2.237
-1.537
-0.557
-0.680
-0.983
-1.732
0.016
0.211
-0.834
0.126
-0.311
-1.972
-0.529
-1.337
-0.276
-2.840
-1.114
-0.219
-0.161
-0.410
-1.196
-0.056
-0.259
-0.490
-2.227
-1.304
-1.966
-0.113
0.071
-0.124
-0.085
-0.021
-0.092
-0.051
-0.351
-0.188
-0.197
-0.090
-0.154
0.294
-0.074
-0.247
-0.488
-0.629
-0.183
-1.516
-1.666
-0.592
0.012
0.650
-0.065
-0.393
-1.031
0.018
-0.542
-0.109
0.012
0.008
-0.799
-1.447
-0.506
-0.812
-0.721
-0.853
-1.046
-2.893
-0.547
-1.152
0.424
-0.474
-0.363
-0.529
0.107
-0.023
0.167
-0.084
-0.647
-0.615
-0.473
-0.492
-0.031
0.308
-0.042
0.023
-0.002
-0.754
-0.318
-0.310
-0.477
-1.002
0.005
0.288
-0.692
0.070
-1.932
-0.624
-1.606
-0.131
0.132
-0.397
-0.171
-1.048
-0.077
-0.128
0.071
-0.316
0.061
0.229
-0.082
0.078
0.249
0.043
0.018
-1.271
-1.425
0.398
-0.383
-0.267
-0.122
-0.106
-0.224
-0.681
-0.021
-0.074
0.078
-0.293
-0.245
-0.087
-1.357
-0.668
-0.510
-1.039
-0.481
0.043
-1.009
-0.593
-0.519
-0.826
-0.971
-3.866
-1.140
0.007
-0.279
-0.504
0.173
-0.433
-0.251
0.663
-0.175
-0.350
-0.198
-0.662
0.430
-0.567
-1.129
-0.369
1.537
-0.370
0.846
0.926
0.893
-0.537
-0.601
-0.591
-0.092
0.519
-0.787
-0.601
0.006
0.540
0.380
1.036
-0.472
-0.176
-0.791
-0.793
-0.409
-0.056
0.242
0.558
1.289
-0.905
0.051
-0.217
-0.035
