-0.104
-0.174
-0.117
-0.708
-0.142
0.027
-0.404
-0.173
-0.335
-0.089
-0.243
-0.450
-0.462
-0.308
0.716
0.141
0.170
0.165
-0.041
0.284
-0.586
1.367
0.429
-0.313
-0.102
0.139
-0.245
-0.369
-0.687
0.042
-0.046
0.111
0.333
0.039
0.336
-2.451
-1.783
-2.027
-0.421
-1.993
-1.650
-3.440
-0.067
0.070
-0.115
0.059
-0.225
0.028
-1.900
-1.492
-2.453
-1.336
-2.155
-2.699
-2.106
-1.814
-0.973
-0.006
-0.621
-3.406
-1.088
-1.547
-1.442
-1.456
-1.073
-2.361
-1.568
-0.423
-0.086
-0.014
-0.412
0.170
0.248
-0.428
0.199
-0.026
0.161
0.632
-3.129
-0.111
0.550
-0.961
-0.405
-0.109
0.288
-0.138
-1.229
-2.359
-0.667
-0.169
0.146
-0.084
-0.085
-0.449
-0.130
-0.010
-0.183
-0.133
-1.049
-0.889
-0.197
-0.027
-0.327
-1.159
-0.236
0.047
-0.105
0.991
-0.100
0.139
0.030
-0.101
-0.062
-0.100
0.061
0.080
-0.095
0.123
-0.100
0.406
-0.105
-0.016
-0.080
0.189
0.060
-1.245
0.537
0.804
0.502
-0.129
-0.098
0.018
-0.069
0.646
0.105
-1.011
0.353
0.100
0.782
-0.100
-0.144
1.045
1.222
-0.638
-0.288
-0.723
-0.222
-0.881
-1.397
-1.753
-0.570
-0.099
-0.729
-2.124
-1.442
-3.228
-2.654
-2.846
-2.390
-0.069
-1.338
-2.003
-2.023
-0.342
0.497
-0.009
-0.601
-0.508
-0.373
-0.884
-1.383
-0.002
-0.184
0.009
-0.771
-1.417
-1.041
-0.411
-1.092
-0.547
0.089
-1.518
0.124
-0.702
-0.800
-0.128
-0.125
0.549
-0.118
0.126
-0.017
-0.434
0.245
1.185
0.421
0.684
-0.431
-0.502
-0.299
-0.476
-0.615
-0.338
0.863
-0.374
-0.417
-0.361
-2.592
-2.280
-1.031
-0.188
-0.808
-0.016
0.839
-0.460
-0.662
2.402
1.293
0.078
-1.973
-1.743
-0.764
-2.504
-0.697
-2.067
-1.277
-0.819
-0.739
-0.583
-1.494
-0.956
-0.667
-1.834
-1.149
-0.964
-3.258
0.906
0.868
-1.082
-0.207
-1.041
-0.487
-1.075
-0.124
-0.044
-3.224
-0.173
-0.510
-0.293
-1.695
-1.536
0.249
-0.977
-0.165
-0.172
-1.107
-0.383
-1.562
-0.007
0.051
-1.049
-0.607
-0.397
-1.242
-0.509
1.022
0.440
0.346
-0.335
-0.251
-1.119
0.082
-0.818
-0.094
0.095
-0.576
-0.010
-0.517
-0.197
-1.296
0.442
-0.880
-0.501
-1.093
-0.872
-1.819
-0.095
-0.026
0.204
-0.035
-0.694
-1.521
0.160
-0.096
0.204
-0.091
0.272
-0.667
0.568
-2.334
-0.028
0.455
-1.060
-0.227
-1.320
-0.094
-0.524
0.730
1.439
1.577
-0.087
0.504
1.773
-0.835
0.111
-0.535
-2.277
-0.719
0.028
-0.049
-0.142
-0.104
-0.089
-0.336
-0.152
-0.719
-0.085
-0.522
-0.097
-0.141
-1.235
-1.755
-0.456
-0.314
-0.677
-0.303
-0.941
-0.308
-0.256
-0.139
0.169
-0.502
-2.096
0.427
-0.509
-0.898
0.066
-0.225
-0.016
0.093
-3.138
-1.141
-0.897
-1.388
-1.214
-0.733
-0.179
-1.215
-1.242
-0.713
0.116
-0.479
-0.149
-0.508
-1.161
-0.944
-0.209
-1.258
-0.221
-2.665
0.064
-1.493
-0.671
-1.359
-0.557
-1.619
-0.423
-0.001
0.404
-0.406
0.169
0.272
0.732
1.140
-0.473
-0.613
0.745
0.504
-0.107
-1.320
-0.708
0.673
-0.038
0.186
0.067
-0.045
-0.425
0.589
-0.892
0.228
-2.527
-1.283
0.224
-0.874
-2.150
-1.079
-1.620
-0.912
-2.829
-2.332
0.015
-0.541
0.135
-0.660
-0.344
-0.553
0.058
-0.159
-0.986
0.056
-0.939
-0.384
-0.543
-0.122
-0.403
-0.408
-0.701
-0.275
-0.243
-0.244
-0.051
-0.348
0.012
0.516
-0.425
-0.009
-1.764
-0.864
0.013
0.066
0.990
0.672
-0.022
0.323
0.489
-0.119
0.586
0.410
1.068
0.785
0.832
0.639
0.599
0.116
0.111
-0.085
0.320
-1.696
0.363
0.007
-2.328
0.571
0.596
-1.541
0.175
0.391
0.024
-0.479
-0.488
-0.198
-0.524
-1.048
0.039
-0.179
-2.295
0.073
-2.055
-1.537
-0.010
0.094
-1.082
-2.562
-0.095
0.121
-0.307
-0.821
-0.814
-1.230
-0.595
-1.403
-0.540
-1.989
-0.833
-0.253
-0.420
-0.845
-0.690
-0.205
-0.329
-0.610
-2.128
-1.073
-1.392
-0.156
-0.087
0.002
-0.083
-0.050
-0.111
0.113
-0.120
-0.168
-0.138
-0.424
-0.174
-0.249
0.018
-0.392
-0.118
-0.464
-0.455
-1.347
-2.692
-0.853
-0.132
0.334
0.187
-0.576
-1.365
-0.241
0.672
-0.235
-0.076
0.079
-0.549
-1.064
-0.298
-0.547
-0.786
-0.818
-0.982
-2.686
-0.945
-1.057
0.337
-1.069
-0.274
-1.653
-0.049
-0.099
0.145
-0.184
-0.420
-0.477
-0.451
-0.310
-0.213
0.325
-0.548
-0.032
0.003
-0.371
-0.345
-0.117
-0.412
-0.524
0.285
0.067
-0.743
0.018
-3.225
-1.264
-0.010
-1.523
-1.232
-0.742
0.035
-1.423
0.026
-0.220
-0.029
-0.329
0.313
0.588
-0.269
0.101
0.099
-0.157
-0.079
-3.003
-1.542
-0.181
0.018
-0.509
-0.113
-0.298
-0.435
-0.738
-0.224
-0.597
-0.115
-0.595
-0.317
-0.217
-1.612
-0.698
-0.513
-1.200
-1.161
-0.806
-1.336
-0.773
-0.864
-0.763
-0.511
-3.873
-0.988
-0.158
-0.593
-0.772
0.114
-0.187
-0.250
0.663
0.148
-1.238
-0.687
-0.742
0.273
0.049
-1.723
-0.745
0.598
-0.069
0.998
0.713
0.008
-1.749
0.237
-1.756
0.399
0.467
-0.859
-0.774
-0.041
0.017
0.041
0.705
-0.862
-0.263
-0.417
-0.448
-0.373
-0.324
0.008
0.034
0.600
-1.319
-0.002
0.468
-0.175
