-0.654
-0.701
-0.022
-0.437
-0.330
0.398
0.190
-0.065
-0.085
-0.063
0.217
0.296
0.316
1.756
0.244
-0.301
-0.324
-0.324
-1.254
0.127
-0.104
-0.192
0.107
0.090
0.164
-0.008
0.043
-0.066
0.656
-0.147
0.112
0.000
-0.142
0.004
0.355
3.523
2.480
2.433
1.069
1.170
1.805
3.076
0.011
-0.196
-0.046
0.087
0.121
-0.124
3.565
2.502
1.959
2.099
3.377
3.313
2.822
2.271
1.418
0.065
0.588
4.297
1.149
1.996
2.707
2.504
1.099
2.656
1.985
1.399
0.167
0.271
2.266
0.553
0.635
0.400
1.940
2.909
0.235
-0.380
2.422
-1.171
-2.043
1.213
-0.072
0.555
0.149
-0.309
0.450
1.800
0.283
0.054
-1.565
0.366
-0.089
0.047
0.319
-0.231
0.193
-0.305
0.968
0.261
-0.046
-0.046
2.149
2.539
-0.215
-0.605
0.056
-0.023
-0.028
-0.046
0.116
0.179
-0.926
0.091
-0.193
-0.205
-0.034
-0.343
-0.027
-0.451
0.019
0.018
-0.169
-0.187
-0.065
1.532
-0.391
-0.133
-0.094
0.035
0.165
-0.046
0.028
0.333
-0.885
0.464
-1.706
-0.088
-1.797
-0.185
-0.046
-2.067
-1.533
0.219
1.548
0.729
0.417
-2.577
-0.046
3.317
-0.718
0.170
1.147
1.287
2.761
3.886
4.164
1.365
1.913
-0.541
0.250
2.021
2.581
-0.046
-0.573
-0.057
1.578
1.156
0.452
0.938
3.191
-0.647
-0.127
-0.170
1.080
2.282
2.519
0.703
1.512
1.858
-0.469
3.637
0.210
0.749
0.747
-0.146
-0.053
-0.208
0.113
-0.618
-0.251
0.433
0.103
2.779
0.573
-0.343
0.280
1.517
-0.105
-0.194
0.042
0.161
-0.054
0.239
0.091
0.003
3.632
3.228
0.727
0.042
-0.160
-0.246
-2.504
0.263
-0.032
0.045
0.037
-0.227
4.378
3.825
2.228
3.830
1.366
3.558
1.298
1.393
2.023
1.037
1.625
1.525
1.369
2.584
1.806
1.375
4.628
-0.477
-0.558
0.693
0.316
0.827
0.475
-0.212
1.757
-0.268
4.957
-0.066
-0.189
-0.121
1.727
0.383
-0.143
0.634
0.440
0.476
1.546
0.095
2.679
0.025
0.123
0.690
1.601
0.430
1.863
1.770
-0.342
0.278
-0.848
1.177
-0.547
1.042
-0.107
0.777
-0.145
-0.141
2.736
0.328
3.866
0.414
-0.220
-0.403
0.600
0.952
2.544
1.348
0.900
-0.011
-0.022
-0.487
-0.205
0.538
2.578
0.080
0.111
0.244
-0.367
-0.234
0.382
1.533
1.986
0.730
0.684
1.725
-0.257
2.975
0.367
-0.733
-0.327
-0.635
-0.101
-0.066
0.321
-0.435
1.867
0.392
1.544
2.728
2.635
-0.694
-0.627
0.083
0.068
0.050
0.626
0.177
0.527
0.008
0.774
-0.599
-0.013
2.329
2.274
0.820
0.142
0.691
1.055
1.374
0.801
0.152
-0.091
-1.126
-0.137
1.508
-0.983
0.735
0.132
0.186
1.016
-0.543
-0.046
3.742
2.655
2.257
2.548
3.448
0.937
0.274
1.468
1.878
1.306
-0.021
-0.328
-0.219
0.276
1.934
1.089
0.281
0.230
0.157
3.718
0.213
0.852
1.434
3.174
0.879
1.614
0.065
0.456
0.194
-0.013
1.791
0.678
-0.060
-0.219
-0.023
-0.215
0.132
-0.060
1.529
1.115
-0.217
-0.310
0.006
-0.160
0.029
-0.256
0.314
0.465
1.109
0.755
2.144
2.836
1.084
1.239
0.697
0.880
1.014
0.708
3.358
4.005
0.282
0.164
-0.202
0.064
-0.345
0.199
-0.115
-0.046
0.091
-0.007
0.513
0.419
0.832
-0.032
-0.096
0.207
0.149
-0.046
0.029
-0.028
-0.217
0.178
-0.355
-0.593
-0.323
-0.499
1.411
1.525
-0.046
-0.778
-0.236
-1.282
-0.043
0.063
-0.039
-0.245
-1.999
-1.867
-1.851
-4.505
-1.252
-0.277
-1.702
-0.514
-0.533
-0.271
-0.443
0.543
-0.098
-0.253
1.331
-0.496
1.877
2.599
-0.319
3.267
0.404
-0.227
-0.332
-0.014
0.734
0.350
0.151
-0.057
1.465
-0.076
2.139
0.813
0.489
0.247
0.921
1.111
0.007
-0.106
0.174
-0.752
1.223
2.238
0.331
1.916
0.707
3.043
1.111
-0.049
-0.046
0.044
1.211
-0.046
0.378
1.506
1.652
0.780
2.386
-0.114
-0.342
-0.117
-0.046
0.030
-0.212
-0.638
-0.119
0.022
-0.031
0.421
0.532
-0.203
0.905
-0.046
-0.493
0.504
0.325
1.776
0.453
1.306
0.001
-0.135
0.030
0.663
1.268
0.135
-0.046
0.264
0.046
-0.010
0.127
1.154
0.196
1.764
1.328
0.866
1.927
3.197
1.597
1.289
-0.574
0.177
-0.051
-0.407
0.146
-0.242
-1.266
0.053
0.270
0.098
0.371
0.370
-0.023
1.360
-0.025
-0.144
-0.152
-0.014
1.671
-0.045
0.695
1.274
-0.451
-0.604
1.408
-0.887
1.605
1.984
-0.331
-0.018
0.472
0.450
-0.090
0.391
-0.083
-1.137
-1.390
-0.046
0.331
-0.047
0.042
-0.050
0.088
0.185
-0.021
-0.109
0.605
0.061
0.034
-0.609
0.071
-0.034
-0.082
-0.312
-0.096
0.445
0.261
0.345
0.044
-0.014
2.026
0.295
0.315
1.904
0.706
0.867
1.565
-0.010
2.489
0.608
0.032
3.088
1.545
-0.497
0.648
0.871
-0.240
0.300
0.332
-1.113
0.037
0.205
-1.661
2.109
-1.207
0.606
1.323
0.108
-1.495
1.131
-2.076
-0.708
-0.125
0.201
-0.297
0.998
-0.146
-1.460
0.555
0.677
-0.157
-0.053
0.576
-0.241
-0.077
-0.003
1.299
2.451
0.288
-0.135
0.028
0.173
-0.121
2.279
0.396
-0.890
0.046
