-0.221
-0.048
-0.001
0.105
0.223
-0.008
-0.045
0.270
1.333
0.018
0.114
0.272
0.217
0.157
0.027
-0.133
-0.153
-0.330
-0.075
-0.038
0.036
-1.426
0.245
-0.020
-0.011
-0.208
0.043
-0.192
0.428
-0.538
0.036
-0.051
0.024
-0.331
0.128
3.243
1.462
2.271
0.751
1.946
2.464
2.180
0.050
-0.988
-0.009
0.182
0.580
0.650
2.756
3.327
2.930
2.740
3.071
3.979
2.121
1.167
1.848
0.312
0.906
3.650
1.047
1.304
1.587
1.813
0.748
2.612
1.137
0.955
-0.182
0.757
1.942
0.310
0.826
0.182
0.740
1.578
0.640
-0.704
2.397
-0.013
-0.096
2.926
0.303
0.566
0.395
-0.222
0.360
1.561
0.213
-0.451
-0.136
-0.759
-0.075
1.230
-0.060
-1.017
0.006
0.055
2.280
1.782
0.344
0.209
-0.056
0.063
0.081
-0.914
-0.095
-0.224
-0.500
-1.247
-0.780
0.017
-0.729
-0.193
-0.658
-0.491
-0.105
-1.022
-0.307
-0.411
-0.226
-0.161
-0.298
-0.627
-0.918
1.347
-0.322
-0.871
-1.222
-0.013
0.052
-1.086
-0.453
-0.494
-1.341
0.448
-0.591
0.011
-0.459
0.007
-0.005
-0.949
-0.706
0.046
-0.141
0.124
0.035
0.290
0.092
2.370
0.741
-0.021
1.006
2.443
2.308
3.919
3.409
3.036
3.570
-1.705
0.552
2.403
2.375
0.844
0.041
0.028
1.823
0.665
0.395
0.078
0.428
-1.132
-0.031
-0.119
0.744
1.449
1.059
0.749
1.657
1.274
-0.290
-0.029
0.000
0.083
0.199
0.299
0.273
0.049
-0.116
-0.296
0.049
1.314
-0.405
2.340
1.123
-0.007
1.507
0.930
0.122
0.119
0.538
0.013
0.015
0.025
0.047
0.195
4.585
2.357
2.715
-0.148
-1.989
0.063
-3.562
0.079
0.447
0.848
-0.103
-0.301
3.340
2.468
1.504
2.660
0.514
2.205
2.349
0.949
1.154
1.408
1.103
1.472
0.497
3.300
1.410
2.443
2.969
0.086
-2.454
0.714
0.037
0.771
-0.039
0.801
0.632
-0.237
1.165
-0.078
0.116
0.520
1.096
0.924
-0.011
0.650
0.358
0.241
0.882
0.684
1.366
-0.075
-0.256
1.656
1.476
0.585
0.498
0.421
-2.097
0.798
-0.113
0.164
-1.946
0.645
-0.231
0.098
0.083
-0.298
2.207
0.429
1.842
0.283
0.068
-1.274
-0.293
0.624
1.070
1.482
0.895
-0.154
-0.013
-0.043
0.084
-0.082
2.001
0.032
-0.034
0.127
-0.269
-0.183
0.145
0.476
1.071
-0.349
-0.626
0.731
-0.562
0.893
0.229
-0.270
-0.563
-0.932
-0.993
-0.020
0.717
-0.548
0.363
0.321
0.594
0.178
0.578
-0.347
0.126
-0.062
-0.047
-0.003
0.025
-0.037
0.260
-0.198
0.937
-0.053
-0.042
1.878
1.614
0.003
-0.522
0.894
0.334
1.741
0.564
0.846
0.001
-0.012
0.164
0.572
-0.446
0.453
0.274
-0.017
0.805
-0.571
-0.154
3.275
1.842
3.160
2.115
2.569
0.138
0.057
2.365
1.953
2.041
-0.074
-0.183
0.112
-0.254
0.317
-0.094
0.202
0.487
0.129
3.764
-0.040
0.467
0.070
1.651
0.161
3.109
0.901
0.094
0.091
0.097
0.124
0.643
0.040
-0.780
0.078
0.062
0.034
0.020
0.766
0.271
0.255
-0.483
0.064
0.051
-0.037
-0.053
1.145
0.105
0.769
-0.062
0.550
1.491
0.945
1.282
0.292
0.487
0.264
1.296
1.720
2.704
-0.194
0.153
0.001
0.160
-0.032
0.134
-0.097
0.210
1.135
-0.022
2.323
0.523
1.018
-0.338
-0.015
-0.015
0.567
-0.041
0.094
-0.164
-0.536
0.045
-0.164
-0.275
-0.078
-0.244
1.063
0.316
0.130
-0.194
-1.048
-0.799
-0.354
-0.152
-1.689
-0.632
-1.529
-1.145
-1.114
-2.959
-0.207
-0.396
-1.908
-0.584
-0.524
0.866
-0.455
0.067
-0.101
-1.071
0.412
-0.328
-0.272
-0.036
-0.314
1.266
-1.056
0.050
0.104
-0.033
0.213
-0.114
-0.005
0.050
0.916
-0.045
2.336
0.287
1.883
1.077
0.113
0.209
-0.099
-1.794
-0.157
-0.239
0.458
3.066
0.465
1.790
0.579
2.198
0.355
0.908
0.251
0.129
0.424
0.174
0.390
1.244
1.972
1.085
2.683
-0.005
0.124
0.142
-0.172
-0.036
0.013
-0.061
-0.125
-0.010
0.280
-0.060
0.157
-0.030
0.118
0.127
-1.292
0.484
0.489
1.281
1.260
0.867
0.050
-0.859
-0.403
-0.257
-0.111
-0.208
-0.031
-0.024
-0.050
0.099
-0.275
1.562
0.311
1.725
-0.313
1.800
0.918
3.328
1.082
1.773
-0.362
-1.124
0.426
0.336
0.100
0.099
-0.685
0.240
0.375
0.148
0.320
0.394
0.199
0.006
-0.334
0.012
-0.064
0.742
0.826
0.627
0.806
1.278
0.058
-0.055
0.607
-0.259
2.457
0.815
0.807
-0.030
0.063
0.010
0.119
0.244
0.099
0.221
-0.518
0.156
0.671
-0.284
0.008
-0.088
-0.003
0.009
0.013
-0.101
0.143
-0.239
0.051
-0.210
0.011
-0.064
-0.057
-0.569
-0.143
0.260
0.077
0.826
0.570
0.356
2.006
0.508
0.353
0.926
0.821
0.207
1.690
0.459
1.200
0.839
0.630
1.620
0.737
0.022
-0.055
0.521
-0.165
-0.154
0.793
-0.534
-0.173
-0.088
-0.094
1.217
-1.539
1.181
1.957
1.564
-0.468
0.912
-0.286
-0.544
-1.485
-0.560
-0.924
0.432
-0.247
-0.112
0.692
1.875
-0.119
-0.121
-1.446
-0.139
0.332
0.153
0.946
1.684
0.213
0.094
-0.367
-0.036
-1.377
2.051
-0.341
-0.430
0.194
