-0.095
-0.268
-0.074
-1.213
0.093
-0.341
0.036
-0.252
-0.622
-0.369
-0.021
-0.056
-0.438
-0.235
0.638
-0.144
-0.136
-0.138
-0.223
-0.276
-0.176
2.536
0.479
-0.145
-0.179
0.054
-0.120
-0.244
-0.564
-0.208
0.027
-0.217
0.617
0.452
0.200
-3.126
-2.611
-2.329
-0.763
-2.178
-2.342
-3.515
-0.113
0.144
-0.436
-0.021
-0.453
-0.074
-2.085
-1.738
-2.513
-2.265
-2.671
-3.893
-1.906
-1.669
-1.191
-0.145
-0.998
-4.382
-1.046
-1.014
-1.659
-2.262
-1.718
-2.422
-1.394
-0.635
-0.241
-0.167
-1.022
-0.069
-0.109
-0.202
0.287
-2.047
0.187
0.755
-2.576
0.091
0.639
-1.529
-0.255
-0.280
-0.207
-0.866
-1.473
-3.044
-0.593
0.022
0.120
-0.369
-0.143
-0.936
-0.082
0.127
0.106
-0.073
-1.629
-1.449
-0.518
0.129
0.159
-0.373
-0.044
0.306
-0.110
0.060
-0.109
0.313
-0.098
-0.112
-0.113
-0.110
-0.111
-0.108
-0.084
0.142
-0.108
-0.033
-0.113
-0.101
-0.113
0.187
0.257
-2.119
-0.256
0.383
0.114
-0.514
-0.154
0.107
-0.020
0.127
0.198
-1.471
0.072
-0.048
1.266
-0.130
0.070
1.280
0.875
-0.137
-0.253
-0.002
-0.093
-0.408
-0.404
-2.209
-1.980
-0.170
-0.484
-2.159
-2.077
-3.292
-3.054
-2.114
-2.789
-0.368
-1.625
-2.587
-0.329
0.127
-0.944
-0.122
-1.100
-0.462
-0.153
-0.158
-0.827
-0.007
-0.141
0.419
-0.586
-2.332
-2.075
-0.716
-1.232
-1.300
-0.142
-1.832
-0.131
-0.579
-0.534
-0.367
0.176
0.264
-0.304
-0.273
-0.023
-0.346
0.127
-0.058
-1.500
1.060
-0.737
-0.526
-0.383
-0.221
-0.435
-0.088
0.357
-0.150
-0.149
-0.219
-3.101
-2.077
-0.950
0.043
-0.521
-0.210
0.555
-0.020
-0.198
0.311
0.092
0.042
-2.927
-2.021
-0.827
-3.011
-0.285
-2.354
-2.043
-0.634
-1.208
-0.412
-1.672
-0.698
-1.064
-2.590
-1.715
-1.833
-2.871
0.004
0.417
-0.912
-0.405
-0.519
-0.777
-0.710
-0.069
-0.162
-2.451
-0.135
-0.710
0.737
-1.304
-1.556
-0.188
-1.315
-0.470
0.061
-0.881
-0.450
-2.406
0.552
-0.292
-1.123
-1.318
-0.220
-1.277
-0.938
1.768
-1.058
0.530
0.229
0.212
-0.971
0.259
-1.831
-0.127
0.276
-0.894
0.120
-0.948
-0.220
-0.317
-0.270
-0.420
-0.579
-0.017
-1.217
-0.927
-0.108
-0.938
-0.291
0.307
-0.441
-1.803
0.364
-0.106
0.304
0.130
0.399
0.332
-0.460
-2.738
0.210
0.039
-1.466
-1.001
-2.318
-0.318
-0.562
1.179
2.199
1.853
-0.055
1.218
0.343
-0.244
0.144
-1.176
-1.866
-0.811
0.201
-0.278
-0.124
-0.147
-0.085
-0.234
-0.247
-0.234
0.007
-0.293
0.085
-0.407
-1.594
-1.313
-0.018
-0.436
-0.875
-0.420
-1.271
-0.504
-0.255
-0.113
-0.003
-0.701
-1.053
0.544
-0.539
-0.595
-0.008
-0.543
0.319
-0.043
-3.281
-1.864
-1.549
-1.836
-1.743
-0.475
-0.128
-1.765
-1.923
-0.920
-0.559
-1.008
-0.147
-0.372
-0.767
-0.109
-0.283
-1.506
0.214
-2.095
1.434
-1.311
-0.860
-1.438
-0.737
-0.879
-0.417
0.047
-0.083
0.201
-0.845
0.718
0.463
0.911
-0.241
0.029
0.308
0.291
0.127
-1.144
-0.298
0.207
-0.257
0.165
-0.604
-0.109
-0.650
-0.204
-0.833
-0.224
-2.476
-1.827
0.216
-1.093
-1.041
-0.131
-0.799
0.280
-1.805
-2.377
-0.511
-0.380
0.069
-0.226
0.195
-0.473
0.073
-0.355
-0.883
-0.059
-1.620
-0.761
-0.585
-0.027
-0.426
-0.678
0.244
-0.257
-1.314
0.010
1.695
-0.330
0.014
0.182
-0.091
0.127
-1.865
-0.938
-1.143
-0.036
1.252
0.543
0.150
-0.023
0.586
-0.442
0.975
0.799
1.093
1.131
0.325
-0.365
0.031
0.374
-0.100
-0.874
0.586
-1.403
0.609
0.476
-1.625
0.463
-0.367
-1.849
0.029
-1.832
-0.395
-0.012
0.127
-0.104
-0.405
-0.210
0.258
0.123
-1.522
-0.105
-1.884
-0.209
0.127
0.098
-1.327
-2.685
-0.291
-0.231
-0.106
-0.158
-0.303
-2.075
-0.704
-2.026
-0.610
-2.780
-1.285
-0.385
-0.247
0.127
-0.964
-0.297
-0.249
-0.807
-2.341
-0.837
-2.451
-0.163
-0.173
0.408
-0.003
-0.239
-0.147
0.237
-0.631
-0.381
-0.114
0.003
0.131
-0.591
-0.148
-0.516
-0.755
-0.036
-0.344
-1.720
-1.352
-0.680
-0.093
0.655
0.439
-0.188
-1.749
-0.112
0.059
-0.219
-0.075
-0.098
-0.510
-0.930
-0.321
-0.780
-0.287
-0.773
-1.018
-2.812
-1.419
-1.487
0.390
-1.369
-0.451
-1.380
0.575
-0.113
0.191
-0.127
-0.618
0.030
-0.411
-0.075
-0.200
-0.038
-0.467
-0.243
-0.248
-0.403
-0.335
-0.130
-0.520
-0.143
-0.511
-0.006
-0.795
0.006
-2.644
-1.756
-0.003
-6.212
-0.643
-0.058
0.068
-0.975
0.061
-0.320
-0.233
-0.064
0.260
0.591
-0.061
0.054
0.344
-0.013
0.276
-1.408
-0.801
0.358
0.246
0.392
-0.052
0.127
-0.099
0.070
-0.102
-0.198
-0.111
-0.779
-0.601
-0.199
-1.898
-1.199
-0.699
-0.955
-1.160
-0.320
-0.965
-0.531
-0.843
-1.260
-0.648
-4.057
-0.802
-0.350
-0.158
-0.618
0.207
0.329
-0.310
2.496
0.382
-0.496
-0.181
-1.012
-0.224
0.250
-0.839
-0.246
0.748
-1.262
0.779
0.558
0.628
-0.667
0.323
-0.181
0.361
0.461
-0.433
-0.940
-0.024
0.100
0.263
1.022
-0.775
-0.298
-0.569
-0.482
-1.376
-0.214
0.023
-0.003
0.304
-1.096
0.095
-0.235
0.127
