0.247
0.123
0.087
-0.697
0.019
-0.197
-0.012
-0.391
-0.488
0.100
0.569
0.308
-0.934
-0.186
-0.461
0.543
3.441
0.771
1.040
1.164
0.039
1.369
-0.016
0.012
0.158
0.223
-0.018
0.381
0.114
0.010
-0.430
0.412
0.019
0.518
0.031
-1.971
-1.215
-2.055
-0.640
-0.666
-1.414
-2.549
0.075
-0.096
-0.024
0.106
0.040
0.037
-1.021
-1.383
-1.627
-0.760
-1.388
-1.362
-1.798
-1.543
-1.968
0.038
-0.335
-0.740
-0.797
-0.283
-0.650
-1.930
-0.043
-1.109
-0.593
-0.710
-0.539
-0.292
-1.603
0.295
-1.662
-0.044
0.080
-0.354
-0.002
0.139
-1.591
-0.349
1.131
-1.420
-0.190
-0.206
-0.078
-0.026
-0.412
-1.316
1.063
-1.814
-0.172
1.369
0.040
-1.947
-0.092
0.242
0.015
0.058
-1.048
-0.595
-0.205
-0.168
-0.705
-0.218
-0.269
0.536
0.019
0.364
0.019
0.019
0.580
-0.060
0.019
0.019
0.019
0.019
0.010
0.095
0.019
0.019
0.024
0.019
0.019
0.019
0.019
-1.862
-0.200
1.157
1.208
-0.008
-0.287
0.371
0.728
-0.690
0.454
0.019
0.055
-0.210
0.497
-0.011
-0.129
0.512
1.644
0.663
0.199
0.019
-0.615
0.055
0.100
-1.421
0.073
-0.278
-0.056
-2.899
-1.813
-2.017
-2.679
-1.340
-2.590
0.093
-0.042
-0.384
-0.152
-0.039
0.072
0.015
-0.541
-0.458
0.009
-0.692
-0.800
0.033
0.603
1.064
-0.428
-1.566
-0.495
-0.059
-0.518
-1.228
1.195
-1.883
0.157
-0.199
-0.583
0.111
-0.051
-0.361
0.160
0.008
-0.211
0.019
1.083
0.353
1.625
-0.151
-0.346
-0.366
0.775
-0.392
-0.137
-0.005
2.531
-0.347
0.031
-0.325
-1.614
-1.681
-1.956
-0.163
0.885
0.140
1.416
-0.503
-0.379
2.223
-0.159
0.089
-1.300
-2.489
-1.995
-1.944
0.445
-2.629
-1.080
-0.077
-0.284
-1.648
-2.244
-1.202
-1.249
-2.049
-1.190
-1.639
-1.149
0.609
2.134
-2.491
-0.795
-0.576
-0.294
-0.402
-0.217
0.304
0.111
-0.442
0.074
0.042
-1.325
-0.123
0.551
-0.160
-0.913
-0.479
-1.981
-0.946
-0.348
-0.068
-0.200
-0.815
-0.653
-0.265
-1.601
-0.601
2.661
-0.350
0.149
0.144
1.634
-0.924
-0.032
-2.097
0.331
0.283
-2.102
-0.416
-1.318
0.513
0.019
0.138
0.938
-0.347
0.019
-0.065
-0.443
0.161
0.182
0.293
-0.111
-0.452
1.471
0.771
0.145
0.106
0.019
-0.421
-0.928
-0.537
-1.489
0.019
0.103
-0.803
-0.173
-0.848
0.477
0.613
0.002
1.875
0.405
-0.819
0.200
0.050
0.377
0.503
-0.318
0.150
-2.075
0.229
-0.228
0.263
0.041
0.019
-0.243
-0.374
-0.445
0.049
-0.282
0.011
0.272
-0.784
-0.772
0.111
0.317
-1.238
-0.482
-0.616
-0.126
-1.464
-0.101
0.365
-0.079
-0.340
0.764
-0.478
-1.070
-0.080
-0.066
0.598
0.048
-1.929
-1.435
-1.705
-0.681
-0.226
0.140
-0.346
-0.868
-1.182
-1.574
0.004
0.086
0.508
-0.561
0.417
-0.352
-0.335
-0.238
-0.224
-2.327
0.070
0.540
-0.479
-0.821
0.109
0.535
0.076
-0.042
0.116
-0.623
-2.288
-0.919
-0.813
-0.419
0.243
0.169
0.467
0.631
-0.552
-0.285
-0.117
0.281
-0.269
1.080
0.639
-0.229
-1.678
-0.809
-0.311
0.478
-0.626
-2.457
-1.334
0.178
-0.771
-1.175
-0.521
-0.635
-1.636
-3.075
-1.177
-0.083
0.007
-0.232
0.322
-0.379
-0.093
0.019
-0.689
0.161
-1.528
-0.051
-1.700
0.237
0.019
-0.099
-0.296
0.125
0.255
0.418
0.125
0.021
0.019
0.852
-0.832
-0.182
-1.387
-0.237
0.104
0.019
1.692
0.769
-0.150
0.137
0.889
0.692
0.523
0.441
0.450
2.107
0.666
-0.270
1.294
0.248
0.345
-0.298
-0.151
0.471
0.182
0.921
0.099
0.422
-0.864
-1.091
0.895
-0.566
0.313
0.064
-0.072
0.030
0.542
-0.560
0.074
0.176
-0.016
-0.085
-1.523
-0.831
-0.221
-1.876
-0.086
-0.797
-0.001
0.367
0.292
0.205
-0.862
-2.381
-0.734
-0.655
-0.332
-0.899
-0.566
-0.165
-0.192
0.479
-1.661
0.019
-0.122
-0.561
-0.645
-0.136
-1.311
0.211
-0.179
0.019
0.328
0.097
0.256
1.112
-0.063
-0.793
-0.208
-0.081
0.688
-0.113
-0.222
-0.234
-0.200
-0.114
-0.010
0.118
-0.117
-0.347
-0.143
1.494
-0.079
-0.141
-0.134
0.046
1.709
0.024
0.192
-0.422
1.934
-0.320
-0.052
-1.250
-0.632
-1.276
-0.742
-3.518
-0.765
-0.275
0.170
-0.075
-0.033
-0.020
-0.141
-0.040
0.130
-0.330
-0.379
-0.643
-0.575
-1.351
-0.221
0.002
0.007
0.144
-0.855
-0.074
-0.497
0.019
-0.301
-0.902
0.277
-0.261
-0.906
0.294
-1.442
-0.221
-1.847
0.309
-0.246
-0.883
-0.150
0.019
0.560
-0.331
-0.279
-0.004
-0.097
-0.107
0.022
0.178
0.060
0.048
0.082
0.654
-0.077
0.563
0.447
-0.261
-0.962
0.102
-0.007
-0.001
0.079
-0.518
-0.004
-0.625
-0.377
-0.168
-1.236
-0.692
-0.898
-0.663
-0.139
-0.485
-1.220
-0.668
-1.738
-0.965
-0.416
-1.130
0.414
0.440
0.410
-0.416
0.490
0.217
-0.634
0.416
0.032
0.017
-0.041
-0.918
-0.007
0.009
-0.316
-0.775
0.041
-0.960
1.380
0.869
0.781
0.226
0.941
0.151
0.336
1.102
-1.410
-2.048
0.019
-0.268
0.019
0.019
-0.580
0.019
-0.951
-1.995
0.529
-0.039
0.401
-0.129
0.646
0.680
0.019
1.026
0.055
