0.720
-0.129
-0.109
-0.016
0.171
-0.186
0.145
0.064
0.320
0.155
0.070
0.240
0.148
-0.021
-6.478
-0.677
-0.376
-0.326
-0.383
-0.303
0.539
-0.537
-0.741
0.099
-0.016
-0.375
0.011
0.172
0.087
-0.016
0.248
-0.015
0.338
0.167
0.218
3.681
2.752
2.328
0.547
1.372
1.793
3.797
-0.028
-0.681
0.454
-0.278
0.492
-0.002
3.129
1.671
2.567
2.048
2.731
3.421
2.447
1.693
1.383
-0.431
0.207
3.547
0.794
1.142
1.300
1.826
1.526
2.399
1.251
0.537
0.173
0.511
0.870
-0.106
0.439
0.403
0.207
3.437
0.617
-0.211
3.371
0.046
-0.144
0.743
0.959
0.001
0.116
0.272
1.207
2.246
-0.033
-0.739
-0.570
0.407
0.152
0.989
0.447
-0.159
0.085
0.042
1.161
0.638
0.270
-0.017
0.426
0.896
0.117
-0.411
0.000
-0.016
-0.002
-0.238
0.033
-0.060
-0.068
-0.040
-0.151
-0.113
-0.022
-0.183
-0.003
-0.382
0.006
-0.019
0.004
-0.303
-0.158
1.688
0.284
-1.246
-0.065
0.171
-0.030
-0.216
1.089
-0.276
-0.184
0.668
-0.002
2.110
-0.176
-0.016
0.238
-1.366
-1.455
0.153
0.682
0.023
0.328
0.694
0.403
2.055
1.009
0.172
1.427
2.345
1.911
2.872
2.801
2.581
3.010
0.760
1.447
2.131
1.862
-0.128
-0.229
-0.016
1.045
0.975
0.049
0.849
1.804
-0.163
0.111
-0.451
0.816
2.456
0.748
0.481
1.342
0.831
-0.056
1.596
-0.048
0.822
0.659
1.648
0.373
-0.259
1.020
0.619
-0.021
0.439
-0.440
-0.496
2.920
-0.750
0.414
0.918
0.626
0.010
0.927
0.313
-0.016
0.047
-0.019
0.218
3.586
3.337
1.229
-0.140
0.492
-0.116
-1.589
0.485
0.479
-1.959
0.774
-0.032
3.169
2.649
1.059
3.849
0.157
2.028
1.576
1.132
0.557
0.803
1.589
0.664
-0.274
2.063
1.288
1.721
3.042
0.044
-1.168
1.668
0.013
0.388
0.427
0.825
0.313
0.086
3.306
0.127
0.702
-0.032
1.207
1.551
-0.775
1.769
0.171
-0.018
1.465
0.018
1.455
-0.418
-0.463
1.563
0.259
0.641
1.616
0.338
-1.584
0.191
0.050
0.199
0.179
1.144
-0.052
0.683
-0.001
-0.327
0.648
-0.204
0.818
0.356
0.969
-0.085
0.166
0.415
-0.161
1.706
0.747
-0.115
1.139
-0.267
-0.227
0.840
0.705
-0.209
0.017
-0.303
-0.016
-0.313
0.146
-0.215
3.511
0.556
0.471
1.245
0.742
2.135
0.274
0.488
-0.233
-0.571
-0.594
-1.420
-0.007
-0.908
0.539
-0.403
0.990
1.392
0.418
-0.360
-0.123
0.004
-0.016
0.004
0.378
0.081
0.568
-0.021
0.665
-0.032
0.012
1.890
1.452
-0.037
0.167
0.409
0.165
1.252
0.358
0.296
-0.016
-0.038
0.620
1.589
-0.764
0.706
0.928
-0.006
0.703
0.022
-0.018
3.272
1.719
0.843
1.275
1.738
0.333
0.211
1.412
1.864
1.123
0.851
1.203
0.079
1.070
1.276
0.818
1.037
2.290
0.021
2.454
0.101
0.696
1.023
1.463
0.591
0.638
-0.168
1.313
1.871
-0.007
0.255
0.123
-0.678
-0.052
0.660
0.771
0.060
0.242
0.970
1.571
2.030
-0.245
0.719
1.225
0.115
0.743
1.008
1.078
1.600
0.581
2.441
2.080
-0.635
1.408
1.026
0.639
0.319
0.562
2.489
2.360
0.109
0.739
0.105
0.641
0.018
0.248
0.123
0.228
0.886
0.020
1.212
0.176
0.341
0.040
2.058
0.753
-0.032
0.347
-0.021
0.017
-0.861
0.377
-1.525
-0.500
0.573
-0.163
1.702
0.675
0.282
-0.016
-1.202
-0.752
-0.063
-0.454
-0.416
0.165
-0.994
-1.083
-0.585
-1.035
-0.580
-0.088
-0.258
-0.333
-0.024
0.333
-0.658
1.132
-1.011
-0.414
1.097
-0.369
0.111
1.669
0.158
1.225
-0.230
0.070
-0.339
-0.012
0.557
1.074
-0.353
0.206
3.113
0.412
2.960
0.716
-0.244
0.089
1.940
3.599
0.011
-0.099
0.084
0.075
-0.236
1.373
0.366
1.751
0.476
2.425
0.785
0.490
0.558
-0.199
1.173
0.306
0.462
0.609
2.079
1.032
1.375
0.009
0.002
0.022
-0.070
-0.082
-0.015
-0.510
0.381
0.605
0.135
0.137
0.356
0.475
-0.113
0.851
-0.019
0.121
0.391
1.867
1.438
0.651
0.110
-0.408
-0.165
0.633
1.161
-0.009
-0.196
-0.016
-0.079
-0.019
-0.024
0.906
0.231
0.991
1.206
1.036
1.162
3.037
1.204
1.110
-0.546
0.605
0.190
0.085
-0.039
0.182
-0.806
0.125
1.291
0.435
0.466
0.121
0.083
-0.587
0.312
0.009
-0.147
0.832
0.249
0.145
0.447
0.822
-0.014
-0.027
0.566
-0.286
4.401
1.135
0.066
0.322
1.785
0.891
-0.037
0.807
-0.021
0.177
-0.075
0.294
-0.495
-0.676
0.364
-0.021
-0.306
0.107
-0.278
2.166
1.211
-0.176
0.254
-0.352
0.049
-0.058
0.256
-0.053
-0.042
0.162
-0.032
1.024
0.973
0.313
2.070
0.733
0.203
0.708
0.323
-0.283
1.209
0.475
0.885
0.258
0.649
3.653
0.992
0.068
1.880
0.755
-0.659
0.096
0.437
-0.186
-0.522
0.121
-0.135
1.403
-0.304
-0.294
0.416
0.013
-0.430
0.187
-0.399
-0.589
-0.646
0.987
0.247
0.336
0.175
-0.308
0.407
0.754
-0.016
-0.523
-0.221
-0.811
1.114
0.218
0.682
1.069
0.560
0.519
-0.013
-0.432
-1.311
0.771
-0.301
0.164
-0.176
