0.102
-0.525
0.050
-0.102
0.097
-0.089
-0.300
-0.251
-0.915
-0.803
-0.216
-0.363
-0.148
-0.285
0.251
-0.069
0.136
0.154
0.014
0.166
-0.936
0.974
0.707
-0.323
0.149
0.095
-0.111
-0.057
-0.657
0.029
-0.132
0.232
-0.367
0.085
-0.159
-2.414
-2.118
-2.206
-0.560
-1.541
-2.389
-3.884
0.094
0.118
0.111
0.176
-0.170
0.298
-1.962
-1.992
-3.199
-1.793
-2.293
-3.027
-2.304
-1.328
-1.086
0.113
-0.712
-3.629
-1.415
-1.606
-1.266
-1.621
-1.462
-2.271
-1.163
-0.161
-0.120
-0.361
-1.091
-0.060
0.476
-0.491
-0.071
-1.231
-0.676
0.644
-3.265
0.254
0.804
-1.340
-0.088
-0.560
0.164
-0.554
-1.438
-2.453
-0.956
-0.437
0.331
0.056
-0.086
-0.510
-0.014
0.118
0.125
-0.033
-1.340
-0.909
-0.085
0.024
-0.210
-0.753
-0.246
0.182
-0.033
0.046
0.021
0.215
0.237
-0.169
0.259
0.117
0.158
0.169
-0.040
0.326
-0.017
0.509
0.003
0.497
0.193
0.257
0.201
-1.791
0.203
0.524
0.469
-0.541
-0.070
0.198
0.334
0.094
0.455
-0.379
-0.026
0.131
0.627
-0.105
-0.115
1.608
1.464
-0.307
-0.775
0.131
-0.418
-0.070
-0.054
-1.312
-1.616
0.014
-0.569
-1.768
-2.255
-3.030
-2.647
-2.086
-2.119
0.123
-0.762
-1.586
-2.083
0.162
0.248
-0.041
-1.525
-1.075
-0.063
-0.470
-1.244
0.433
0.021
-0.120
-0.857
-1.772
-1.007
-0.513
-0.573
-0.821
-0.009
-1.560
-0.046
-0.764
-0.879
-0.232
-0.187
0.137
0.094
0.019
-0.032
0.236
0.610
-0.777
-1.624
0.568
-0.639
-0.130
-0.201
-0.072
0.037
-0.078
0.159
-0.151
-0.151
0.118
-3.373
-2.475
-0.336
-0.083
-0.862
-0.022
0.950
-0.135
-0.303
1.455
0.259
0.050
-2.655
-2.281
-0.931
-3.201
-0.743
-1.981
-1.369
-0.796
-0.819
-0.877
-1.353
-1.333
-0.712
-1.713
-1.197
-0.652
-3.639
0.513
1.023
-0.764
0.442
-0.981
-0.464
-0.894
-0.203
0.084
-2.554
-0.213
-0.651
0.122
-1.718
-1.150
0.464
-1.045
-0.285
-0.203
-1.135
-0.321
-2.321
0.201
-0.086
-1.103
-1.234
0.104
-1.104
-0.684
1.566
0.009
-0.091
0.147
-0.197
-1.021
0.123
-1.095
0.015
0.405
-0.985
-0.615
-0.706
0.012
-0.517
0.180
0.404
-0.200
0.087
-1.147
-0.825
-0.077
-0.013
0.154
0.118
-0.420
-0.994
0.239
0.000
0.226
0.146
0.151
-0.579
0.624
-2.928
-0.072
-0.212
-1.242
-0.263
-0.761
-0.101
-0.461
0.568
1.814
0.902
-0.072
-0.177
0.863
-1.141
0.103
-0.669
-2.747
-0.370
0.418
0.073
0.143
-0.152
0.067
-0.521
0.137
-1.369
0.183
-0.970
0.044
0.012
-1.562
-1.692
-0.501
-0.284
-0.641
-0.202
-1.021
-0.243
-0.481
-0.046
0.268
-0.394
-1.041
0.927
-0.618
-0.609
-0.360
-0.299
-0.099
0.079
-3.008
-1.036
-1.038
-1.199
-1.452
-0.767
-0.180
-1.440
-1.462
-0.971
-0.113
-0.447
-0.187
-0.851
-1.694
-1.963
-0.327
-0.686
0.169
-2.555
0.548
-2.141
-1.214
-1.155
-0.269
-1.546
-0.749
-0.583
-0.676
-0.558
-0.437
-0.692
0.294
0.362
-0.619
-1.010
-0.157
-0.001
0.238
-1.089
-0.810
0.427
0.023
0.146
0.065
-0.557
-0.523
-0.475
-1.472
-0.038
-1.962
-1.821
0.291
-1.170
-1.182
0.075
-0.185
-0.317
-2.808
-2.184
-0.052
-0.199
-0.008
-0.274
0.308
-0.255
-0.059
-0.291
-1.123
-0.053
-1.044
-0.329
-0.622
0.024
-1.302
0.107
0.040
-0.357
-0.076
0.138
0.253
-0.310
-0.153
0.331
-0.387
0.370
-1.979
-0.882
0.118
0.170
0.724
0.794
0.142
0.179
0.432
-0.175
1.277
0.882
0.876
1.250
0.879
0.223
0.791
0.241
0.141
-0.957
-0.165
-1.864
0.551
0.149
-1.718
0.394
0.304
-0.956
-0.230
-0.232
0.314
-0.524
-0.314
-0.301
-0.961
-0.537
0.118
-0.292
-2.212
-0.207
-2.209
-0.743
0.118
-0.209
-1.059
-2.560
0.008
0.154
-0.084
0.288
-0.127
-1.217
-0.396
-1.253
-0.403
-2.520
-1.098
-0.432
-0.389
-0.016
-0.889
-0.104
-0.196
-0.610
-1.722
-1.097
-1.266
-0.151
-0.142
0.142
0.070
0.132
-0.066
0.297
-0.037
-0.250
-0.004
-0.220
0.156
-0.308
-0.153
-0.230
-0.862
-0.334
-0.238
-2.013
-1.303
-0.117
0.133
0.438
0.161
-0.451
-2.607
-0.211
0.057
-0.295
0.035
0.073
-0.552
-1.145
-0.318
-0.806
-0.236
-0.606
-1.032
-3.023
-0.684
-0.644
0.545
-0.110
-0.284
-0.470
0.349
-0.015
0.503
-0.167
-0.620
0.008
-0.283
0.071
-0.321
0.435
-0.344
0.118
-0.049
-0.397
-0.106
-0.225
-0.505
0.072
-0.070
0.303
-0.779
-0.247
-3.253
-1.435
0.118
-0.625
-0.809
-0.678
0.190
-1.359
0.118
-0.255
0.124
-0.382
0.355
0.537
-0.056
0.118
0.139
0.013
0.176
-1.597
-0.694
-0.273
-0.012
-0.186
0.130
0.128
-0.417
-0.179
0.002
-0.618
-0.050
-0.348
-0.062
-0.079
-1.586
-0.836
-0.784
-1.708
-1.236
-0.072
-1.445
-0.412
-1.384
-0.661
-0.760
-2.789
-0.945
0.231
0.685
-0.552
0.245
-0.379
-0.110
1.123
0.679
-0.110
-0.286
-0.674
0.116
0.120
-1.054
-0.346
0.452
-0.316
0.192
0.338
0.118
-0.987
0.425
0.130
0.221
0.238
-0.643
-0.578
0.130
0.020
0.312
0.755
-0.773
-0.335
-0.337
-0.444
-0.091
-0.084
0.116
0.330
0.788
-0.960
-0.065
0.038
0.118
