0.066
-0.005
-0.009
0.085
-0.005
-0.005
0.316
0.189
0.165
0.021
0.042
0.212
0.017
0.018
-2.647
-0.005
-0.674
-1.339
-0.025
-0.312
-0.164
-1.567
-0.567
0.046
0.236
0.255
0.013
0.154
1.048
-0.009
-0.026
0.051
0.081
0.007
-0.005
2.970
2.312
2.818
0.864
1.444
2.959
5.532
-0.005
-0.167
-0.078
-0.064
0.288
-0.151
1.995
1.729
2.831
1.889
2.819
2.209
3.402
2.656
1.859
0.004
0.972
3.927
1.100
1.681
1.836
3.401
1.555
3.088
2.629
1.348
0.274
-0.005
2.227
-0.329
-0.880
1.100
-0.370
-0.196
-0.765
-2.808
3.161
-0.179
-0.005
2.076
0.419
0.036
-0.276
-0.344
0.906
2.626
1.154
-0.107
-0.699
1.214
0.263
0.666
0.314
-0.193
0.234
-0.126
0.872
0.834
0.080
0.025
0.546
0.613
0.037
-0.005
0.060
0.133
-0.006
-0.257
-0.008
0.112
-0.005
0.028
-0.136
-0.032
0.015
-0.005
0.155
-0.061
0.190
0.034
0.017
-0.278
-0.107
2.783
-0.449
-0.338
-0.193
0.097
0.031
-0.083
0.422
0.154
-0.764
1.075
0.566
0.382
-1.681
0.229
0.103
-1.032
-1.287
-0.059
0.169
-0.010
0.120
-0.005
0.631
0.750
0.051
0.142
0.762
3.452
1.632
3.780
3.638
2.235
3.565
-0.981
0.146
2.651
0.530
-0.105
-1.115
0.088
1.682
0.955
0.429
0.174
2.380
-1.264
-0.607
-0.031
0.782
2.974
1.371
0.505
0.578
1.796
-0.008
2.532
0.015
0.966
0.964
0.456
0.202
-1.206
-0.137
-0.086
0.090
-0.092
-0.200
-0.502
-0.009
-0.843
0.299
0.193
0.383
0.408
0.106
0.202
-0.320
0.062
0.207
-0.150
3.667
2.727
1.025
-0.182
0.304
0.002
-1.430
0.500
0.813
-1.865
-0.232
0.001
3.030
3.869
1.540
3.680
0.493
1.970
1.347
2.167
0.268
1.654
2.228
0.644
0.524
3.449
2.358
1.795
4.115
-0.005
-1.088
-0.005
0.049
0.228
0.000
0.202
0.994
0.556
2.811
-0.031
0.653
-0.083
0.210
2.203
-0.115
1.554
0.820
0.618
0.725
0.480
2.126
0.144
0.077
2.002
0.928
0.110
2.049
0.438
-1.907
-0.519
-0.667
-0.235
-0.487
1.224
-0.220
1.065
-0.001
-0.272
0.951
-0.005
0.092
0.751
0.022
-0.419
-0.094
0.700
-0.005
0.653
0.988
0.073
0.078
0.197
-0.005
0.123
3.798
0.008
0.022
-0.407
-0.070
-0.134
0.331
-0.599
4.225
-0.420
0.806
1.111
-0.005
1.806
0.208
0.671
-3.285
-4.303
-1.860
-0.452
0.341
-0.126
0.758
0.025
-0.021
3.414
1.025
-0.094
0.089
-0.002
-0.005
0.097
0.562
0.585
0.244
0.086
0.223
-0.031
0.047
2.134
2.594
0.169
0.449
-0.005
-0.005
1.983
0.883
0.752
0.058
-0.012
0.539
2.040
-1.223
0.278
0.893
0.029
0.982
-0.175
-0.403
3.567
1.811
0.971
1.569
1.683
0.052
0.086
2.464
2.765
1.980
0.290
1.905
-0.002
0.847
1.108
1.029
-0.005
0.808
0.163
1.650
-0.892
2.651
2.711
0.293
0.046
1.872
-0.191
-0.318
-0.198
0.346
0.467
0.186
-0.913
-0.708
0.179
0.249
0.359
-0.039
-0.021
2.448
1.336
-2.896
-0.081
-0.105
-0.269
0.058
1.027
0.465
0.372
0.024
1.895
1.779
-1.760
0.984
0.427
-1.983
-0.632
0.763
2.809
2.230
0.155
-0.003
0.116
-0.005
0.038
0.040
0.272
0.006
0.805
0.015
2.055
1.232
1.212
0.093
1.092
-0.032
0.629
-0.030
0.218
0.621
1.283
0.172
-0.022
-0.060
0.201
-0.005
3.269
1.195
0.803
-0.035
-0.813
-1.496
-0.038
-0.039
-0.856
-0.033
-1.460
-0.569
-1.308
-1.290
-1.222
-0.560
-1.576
-0.471
-0.199
0.799
-0.340
3.623
-1.630
-0.027
2.749
-0.430
-0.110
-0.002
-0.082
0.649
0.037
0.017
0.183
0.000
0.346
0.709
-0.092
-0.005
2.250
-0.062
2.514
1.652
-0.067
-0.147
1.131
2.761
0.128
-0.210
-0.697
-0.493
0.455
1.839
0.506
2.303
0.526
3.120
1.630
0.152
0.085
-0.423
0.149
0.143
0.317
0.640
2.944
1.228
0.937
-0.082
0.103
-0.092
-0.005
0.003
-0.082
-0.155
0.837
0.369
0.050
0.109
0.191
-0.134
0.237
-0.005
0.258
0.812
0.506
2.200
1.088
0.217
0.009
-0.127
-0.069
0.092
0.592
0.000
-0.095
0.013
-0.055
0.250
0.569
0.642
-0.005
0.585
0.596
0.405
1.435
4.213
0.787
1.309
-0.603
0.331
0.083
1.303
-0.058
0.067
-0.012
0.111
1.210
0.130
0.271
0.450
0.072
-0.140
0.122
0.116
-0.005
0.473
0.052
0.449
0.213
0.311
0.291
-0.208
1.566
-0.065
3.257
1.500
-0.017
1.874
0.368
1.670
0.015
0.762
0.081
-0.071
-0.488
0.020
-0.016
-0.108
0.190
-0.054
-0.285
-0.043
-1.092
0.341
0.785
0.061
-0.240
-0.014
0.055
0.168
0.201
0.289
0.176
0.764
0.319
0.224
-0.017
0.157
1.399
0.820
0.285
1.700
0.471
-0.072
0.907
0.445
2.020
2.138
1.865
5.016
1.805
-0.043
2.394
1.707
-0.641
-0.005
0.673
-2.010
-0.826
1.690
0.544
0.904
0.420
-0.779
0.994
0.408
-0.573
-0.003
-0.950
-0.413
-0.005
-0.780
-0.164
-0.039
-0.728
-0.010
0.173
0.478
-0.041
-0.098
-0.080
-1.520
1.298
0.033
0.390
1.018
1.437
0.324
-0.246
-0.005
-0.604
3.064
-0.270
1.520
-0.052
