-0.158
0.325
-0.171
0.223
-0.097
-0.086
0.014
0.796
0.036
0.223
1.517
-0.111
-0.037
-0.079
0.369
-0.099
-0.215
-0.223
-0.008
0.085
0.840
-1.420
-0.010
0.190
-0.046
0.034
-0.067
-0.091
-0.089
-0.089
0.322
0.048
0.002
-0.372
-0.147
1.733
2.248
2.399
0.831
2.431
1.069
4.073
-0.084
-0.091
-0.048
-0.136
-0.016
0.149
1.582
1.443
1.524
0.605
0.882
3.836
2.750
1.446
1.214
-0.056
0.711
2.616
0.785
1.471
0.627
0.513
1.101
2.164
3.049
0.505
0.039
-0.071
0.366
-0.017
-0.118
-0.064
2.053
2.206
1.001
-0.660
3.792
-0.260
-0.215
1.273
1.162
0.114
-0.070
-0.154
0.559
1.812
0.019
-0.182
-0.138
-0.062
0.229
0.288
-0.090
-0.091
-0.097
-0.091
0.492
-0.118
-0.347
-0.141
0.072
0.465
0.100
-0.029
0.207
0.129
0.063
-0.178
0.103
0.069
-0.453
-0.040
-0.357
-0.086
0.196
-0.091
-0.059
-0.045
0.124
0.015
-0.117
-0.091
-0.150
2.581
-0.393
-0.209
-0.159
0.646
-0.075
-0.148
0.212
-0.315
-1.188
0.923
0.309
-0.013
-2.094
0.041
0.342
-2.316
-1.394
0.172
0.175
0.406
0.342
0.089
0.713
2.455
-0.038
0.094
0.871
1.153
0.692
3.116
2.562
2.851
1.779
-0.046
0.169
2.037
0.884
-0.058
-0.075
-0.234
2.051
0.645
0.212
0.413
-0.054
-0.135
-0.162
-0.253
0.751
1.114
1.473
0.364
0.879
0.340
-0.065
3.160
-0.091
0.682
0.699
0.461
0.166
-0.091
-0.441
-0.058
0.056
0.010
-0.179
1.929
1.491
-0.091
0.490
0.663
0.309
-0.054
0.115
-0.164
-0.090
-0.240
-0.287
-0.274
1.377
3.253
0.319
-0.091
-0.954
0.429
-1.011
-0.237
0.265
-0.599
-0.513
-0.091
1.962
1.037
0.618
2.303
0.537
2.076
1.028
0.009
0.997
0.457
0.845
1.548
1.053
1.635
0.893
1.723
2.787
0.095
-0.985
0.454
0.482
-0.045
0.344
0.127
-0.084
0.384
4.591
0.076
1.693
1.302
0.866
0.632
0.992
0.706
-0.000
0.641
1.425
-0.081
1.227
-0.037
-0.005
0.727
0.076
0.825
0.477
0.046
-0.995
-0.047
-0.914
-0.034
-0.154
0.868
-0.042
0.117
-0.064
0.214
0.995
-0.415
0.345
0.026
-0.163
0.581
-0.647
-0.044
0.987
0.748
0.260
-0.436
-0.051
0.062
-0.091
-0.079
0.722
0.220
-0.091
-0.088
-0.094
-0.499
-0.187
0.045
2.894
0.370
-0.115
0.044
-0.100
0.945
0.259
0.246
-0.474
-1.080
-0.229
-0.093
1.146
-0.186
0.894
0.251
0.309
0.880
1.660
0.705
1.355
-0.880
0.003
-0.080
-0.032
0.058
-0.091
-0.108
0.365
-0.119
-0.042
0.519
0.249
-0.332
-0.055
0.375
-0.097
0.967
0.532
0.079
-0.040
0.319
0.200
1.588
-0.145
0.001
-0.091
-0.091
0.475
-0.091
-0.105
3.137
1.121
1.061
1.278
1.280
1.063
0.371
1.262
2.900
0.423
0.127
0.308
-0.140
2.225
0.983
0.253
-0.143
0.308
-0.000
0.070
-0.197
1.815
0.833
0.328
0.163
0.601
-0.317
-0.008
0.125
-0.088
-0.026
0.282
-0.202
-0.849
-0.062
-0.032
0.295
0.432
0.507
0.630
0.654
-0.113
0.405
0.496
-0.091
0.033
0.479
-0.141
2.093
-0.558
0.939
1.736
1.560
0.817
0.027
2.616
0.510
-0.008
1.739
2.505
0.328
0.138
-0.089
-0.091
0.809
0.028
-0.037
0.129
0.583
0.040
0.919
0.299
0.872
0.525
-0.030
0.627
0.587
-0.053
0.206
-0.048
-0.281
-0.007
-0.091
-0.699
0.301
-0.079
0.412
0.637
0.402
-0.064
-0.408
-0.164
-0.386
-0.316
-0.906
0.161
-0.421
-0.438
-0.184
-1.738
-1.077
-0.070
-1.527
-0.439
-0.303
0.239
-0.114
0.346
-0.714
-0.142
0.300
-0.203
0.841
0.478
-0.802
0.717
0.069
-0.079
-0.779
-0.082
0.011
0.796
-0.469
-0.028
2.132
0.137
2.728
0.734
0.517
0.032
0.234
0.932
0.318
-0.050
-0.273
-0.054
-0.281
1.171
0.263
1.531
0.057
2.749
0.257
0.088
-0.041
-0.058
0.101
-0.081
0.063
0.624
3.039
1.039
1.806
-0.100
-0.089
-0.032
-0.091
-0.058
0.210
-0.071
-0.091
1.063
0.024
0.318
-0.022
0.786
-0.091
0.094
-0.067
-0.153
-0.086
0.826
0.397
0.407
-0.091
-0.191
-0.017
0.222
-0.153
-0.136
0.090
-0.123
-0.173
-0.100
-0.006
0.456
0.121
0.800
0.415
0.137
1.645
1.919
0.190
2.092
-0.107
0.427
-0.028
0.562
-0.170
-0.036
-0.929
0.102
0.842
1.376
0.270
0.576
0.027
0.316
-0.015
0.198
-0.052
-0.008
0.335
-0.084
0.004
-0.101
-0.400
-0.211
0.764
-0.069
3.254
0.103
-0.052
-0.019
-0.060
0.164
-0.091
0.439
-0.091
-0.122
-0.176
-0.090
-0.072
-0.737
0.176
0.112
-0.059
-0.091
0.004
-0.091
0.897
0.513
-0.134
0.041
0.422
0.001
0.061
-0.157
-0.157
0.199
0.118
0.755
0.508
0.336
0.945
0.432
0.396
0.177
0.260
-0.091
1.529
1.146
1.125
0.430
0.735
2.503
1.517
-0.154
2.750
0.487
-0.147
-0.173
0.201
-0.399
-0.069
-0.091
-0.078
0.800
-0.091
0.906
2.435
0.228
-1.776
0.332
-0.236
-0.391
-0.364
-0.705
-0.353
0.439
0.029
-0.484
1.187
0.245
-0.238
0.217
-0.658
-0.091
1.453
-0.025
0.783
1.358
0.115
0.147
-0.174
-0.085
-0.951
0.819
0.061
0.380
0.065
