0.517
0.248
0.015
0.454
0.075
0.015
0.627
0.398
0.561
0.143
0.072
0.366
0.123
0.504
-0.267
-0.181
-0.581
-0.444
-0.042
-0.043
1.549
-1.396
-0.991
0.281
0.015
0.336
0.175
-0.434
0.253
0.042
0.064
-0.110
0.264
0.012
0.015
2.539
2.570
2.575
0.882
1.966
1.784
3.316
-0.092
-0.099
0.110
0.165
0.215
0.015
1.571
1.867
2.214
1.862
2.747
3.218
2.388
1.718
1.045
-0.149
0.944
3.276
1.323
0.610
1.437
1.204
1.201
2.343
1.921
0.295
0.016
0.784
0.504
-0.307
-0.504
0.403
-0.914
-0.147
-0.384
-1.515
3.865
0.004
-0.533
1.406
0.442
0.298
-0.299
0.278
1.097
2.400
0.868
0.594
-0.060
0.207
0.252
0.840
0.380
0.127
0.072
-0.093
2.160
1.303
0.048
0.156
0.402
0.995
0.460
-0.306
0.088
-2.043
-0.006
-0.024
-0.053
0.163
-0.040
0.026
-0.067
-0.051
0.174
-0.265
0.047
-0.057
-0.060
-0.062
-0.025
-0.197
-0.023
1.330
-0.775
-1.460
-0.868
0.522
0.155
-0.029
0.660
0.219
-0.581
0.780
0.690
0.460
0.286
0.351
1.007
-0.717
-1.621
-0.014
0.362
-0.924
0.445
0.015
2.542
1.779
0.439
-0.051
1.386
2.036
1.331
3.903
2.597
2.255
2.211
0.011
0.361
2.343
2.463
0.015
0.047
-0.016
1.201
0.681
0.448
0.300
1.292
0.096
-0.486
0.007
0.840
1.381
1.449
1.410
0.775
0.690
-0.134
1.609
0.015
0.657
0.718
0.441
0.471
-1.083
-0.633
0.477
0.166
0.311
-0.570
-0.336
0.015
-1.078
0.929
0.616
0.325
0.340
0.414
0.358
-2.242
0.279
0.337
0.084
2.976
3.274
0.771
0.017
1.392
-0.011
-1.986
0.701
0.215
-1.600
0.048
-0.074
4.562
1.881
1.620
2.908
0.944
1.736
1.302
2.093
0.833
0.677
1.831
0.951
0.714
1.644
1.256
1.130
3.173
-0.200
-1.956
0.589
-0.072
1.714
0.358
2.109
0.155
-0.047
2.933
0.165
1.062
-0.928
0.960
2.335
-0.044
1.428
0.146
-0.023
1.270
0.929
1.918
-0.169
-0.380
1.079
0.861
0.539
0.866
1.164
-1.375
-0.100
-0.005
0.015
-0.066
1.748
-0.183
0.674
0.220
-0.067
1.232
0.015
0.322
0.390
0.945
-0.200
-0.260
0.717
0.208
2.610
1.366
0.060
0.303
0.006
-0.399
0.811
0.830
-1.672
-0.125
-0.062
-0.258
0.377
0.008
-1.123
3.465
-0.133
0.008
0.412
-0.032
0.789
0.493
0.069
-0.791
-2.254
-1.297
0.310
-0.088
-1.433
0.806
-0.202
-0.029
2.437
-0.239
-0.596
-0.242
0.239
0.318
0.145
0.304
0.020
0.522
-0.020
1.500
0.275
0.066
1.665
0.899
0.173
0.208
0.795
0.382
1.029
0.536
0.343
0.044
0.035
1.164
0.711
-0.201
0.786
0.728
-0.100
0.416
-0.175
-0.189
2.736
1.161
1.239
2.032
2.149
0.782
0.417
0.886
2.079
0.431
0.602
0.929
0.141
0.978
1.534
1.310
0.337
2.885
-0.014
2.795
-0.205
1.582
0.963
1.562
0.426
1.708
0.015
0.760
0.360
0.281
1.059
-0.247
-0.743
-1.452
0.648
0.703
0.092
-0.547
-0.181
0.371
-0.451
-0.379
0.101
0.026
-0.052
0.989
1.486
0.344
2.271
-0.449
1.108
2.432
-0.165
1.079
1.317
0.098
0.513
-0.039
2.022
3.165
0.357
1.359
0.262
0.561
-0.448
0.305
0.009
0.546
0.885
0.112
2.094
0.348
0.777
-0.054
0.804
0.069
0.382
0.311
0.481
0.140
-0.342
0.262
-0.127
-0.633
1.006
-0.406
1.492
0.969
0.015
-0.250
-0.410
-0.316
-0.185
-0.241
-0.706
0.303
-1.309
-1.227
-1.638
-1.622
0.015
0.036
-0.352
-0.406
-0.322
0.507
-0.248
2.038
-0.463
-0.149
1.527
-0.604
-1.030
0.896
-0.556
-0.017
0.269
0.381
0.119
0.426
0.477
0.934
-0.198
0.127
2.572
0.209
2.489
0.875
-0.453
0.033
1.353
1.932
0.125
0.062
-0.337
0.578
0.701
2.554
0.770
1.870
0.649
2.292
0.732
0.088
0.238
-0.562
0.602
0.260
0.514
1.005
1.731
0.929
1.795
0.352
-0.035
-0.489
0.512
0.099
0.236
-0.943
0.242
0.597
0.189
0.328
-0.380
0.257
0.003
0.693
0.080
0.043
0.371
2.549
1.750
0.673
-0.013
-0.643
-0.170
0.109
0.929
0.122
0.814
0.301
0.349
0.301
0.057
0.823
0.421
1.491
0.923
0.592
1.357
3.315
0.808
1.042
-0.527
0.667
0.311
1.697
0.230
0.018
-0.075
0.166
1.176
0.605
0.661
0.568
0.163
-0.537
0.240
0.294
0.225
0.755
0.451
0.175
0.421
0.843
0.375
-0.458
0.721
-0.225
3.042
1.526
0.015
3.252
0.408
1.101
-0.076
0.864
-0.120
0.138
-0.087
0.522
-0.312
-0.888
0.362
-0.225
-0.024
0.039
-0.056
2.468
0.634
-0.195
0.327
0.272
0.167
0.465
0.394
0.729
0.072
0.447
0.214
1.119
0.347
0.281
2.464
1.034
0.338
1.715
1.495
0.334
0.824
0.295
1.106
0.775
0.452
3.569
0.903
0.208
2.232
0.577
-0.251
0.407
0.402
-1.864
-0.143
1.306
0.463
1.042
-0.025
-1.427
0.979
0.442
-1.349
0.011
-0.845
-0.968
-0.031
0.292
0.428
0.255
0.015
-0.424
0.651
0.684
-0.062
-0.215
-0.131
-0.438
0.742
0.015
0.591
1.212
0.564
-0.015
0.051
0.055
-1.620
0.935
-0.366
0.602
-0.072
