-0.151
0.115
0.075
-0.043
-0.157
0.073
0.134
-0.165
0.123
0.128
0.051
0.119
0.337
0.008
-0.070
-0.155
-0.611
-0.277
-0.353
-0.335
0.106
-1.103
-0.019
0.185
0.202
0.197
0.141
0.091
0.594
0.166
0.002
0.214
0.093
0.044
0.117
2.856
2.920
2.886
0.522
0.450
1.242
4.686
-0.039
0.115
0.112
-0.207
0.123
0.123
1.782
2.183
1.486
2.463
2.664
4.672
3.190
1.738
2.003
0.051
0.986
5.555
1.841
1.778
2.000
2.045
1.715
2.490
1.196
0.984
0.489
0.251
1.503
-0.236
0.167
0.123
-0.043
0.123
-0.149
-1.055
4.802
0.123
-0.429
0.790
0.043
0.190
0.083
-0.055
0.669
2.690
1.019
0.123
0.040
-0.034
0.113
0.974
0.296
-0.271
-0.034
0.057
0.838
0.140
0.089
0.111
0.264
0.579
0.134
-0.123
0.309
-3.124
0.228
0.142
-0.230
0.266
0.055
0.171
0.101
0.079
0.219
-0.268
0.110
0.104
0.078
0.429
0.084
0.128
0.119
0.991
-0.062
-0.919
-3.096
0.311
0.073
-0.001
0.119
0.119
-0.328
1.005
0.070
0.859
-0.676
-0.325
0.813
-1.981
-1.423
0.616
0.237
0.082
0.224
0.154
0.080
1.739
0.215
0.818
0.892
2.166
1.011
3.044
3.080
1.186
2.252
-1.492
-0.515
3.495
2.885
0.123
-0.418
-0.325
0.960
0.401
0.154
0.893
2.025
-0.763
0.163
0.048
0.692
1.773
2.573
0.555
0.848
0.835
-0.030
1.538
0.093
1.224
1.339
2.637
2.023
-2.608
0.018
-0.266
0.297
0.321
-4.655
-6.022
0.085
-0.313
0.557
0.746
-0.219
0.081
0.274
0.137
-0.004
0.128
0.123
0.123
4.120
1.737
1.253
0.050
0.829
-0.128
-0.904
0.118
0.264
-0.788
0.388
0.102
2.867
2.910
2.037
3.502
0.265
1.297
0.934
0.451
2.554
1.001
0.975
1.089
0.768
2.026
1.820
2.560
4.650
-0.484
-0.894
0.601
-0.093
0.123
0.281
0.805
-0.373
-0.081
5.451
0.328
1.892
0.266
0.309
1.328
-0.628
1.978
0.117
-0.003
0.936
1.559
1.701
-0.315
-0.174
1.022
0.123
0.527
0.989
0.586
-2.642
0.200
-0.255
-0.330
0.473
0.363
-0.030
0.016
0.278
0.235
0.673
0.123
-0.485
0.096
0.554
-0.897
0.123
0.884
0.123
1.066
0.602
-0.002
-0.217
0.203
-0.111
0.559
2.226
0.024
-0.221
-0.163
-0.037
-1.165
-0.170
-0.704
3.310
-0.626
-0.525
1.272
0.258
3.639
1.154
0.541
-0.636
-1.971
-0.788
0.045
-0.352
-0.147
0.708
-0.473
0.956
2.463
-0.162
0.496
0.232
0.237
0.138
0.265
0.148
0.045
0.656
0.074
0.323
-0.010
0.337
2.562
1.134
0.110
0.048
1.038
0.244
1.051
0.453
0.432
0.012
0.211
0.646
0.885
-0.495
0.218
0.149
-0.295
0.550
-0.061
-0.082
3.355
1.025
2.362
2.284
1.722
0.169
0.140
1.820
3.285
1.284
0.387
-0.035
0.186
0.156
0.101
-0.100
0.009
0.197
-0.123
2.741
0.407
1.272
1.296
1.664
0.303
1.992
0.164
-0.040
0.123
0.112
-0.058
-0.366
-0.755
-1.818
0.365
0.349
0.165
0.139
0.201
0.695
-0.040
0.012
0.358
0.108
0.089
-0.187
0.531
0.651
2.251
-0.514
0.906
0.408
-4.128
0.463
-0.012
-1.366
1.161
-1.340
0.361
2.297
-0.612
0.123
0.123
0.459
0.123
0.602
0.302
0.905
1.749
0.522
1.276
0.158
1.674
0.266
0.160
-0.080
-0.121
-0.105
0.121
0.123
-0.014
0.179
0.195
0.071
0.319
-1.529
1.243
0.844
-0.870
0.109
-2.248
-0.039
0.608
-0.370
-0.341
-0.143
-0.313
-0.514
-2.524
-1.595
-1.079
0.287
-0.378
-0.353
0.050
1.100
-0.228
1.525
-1.136
-0.455
0.359
-1.982
1.110
1.949
-0.784
0.311
0.107
0.022
-1.533
0.302
0.349
0.552
-1.127
0.168
1.366
0.298
2.233
0.398
2.139
0.626
1.324
2.950
0.133
-0.445
0.640
-0.382
0.107
2.276
0.416
1.808
0.599
3.457
1.345
1.247
0.702
0.237
0.907
0.259
0.499
0.984
1.982
1.058
1.553
0.361
0.068
-0.421
-0.619
0.125
-0.046
-0.888
0.014
0.511
-0.166
0.351
0.199
-0.393
0.194
0.283
0.172
0.292
0.123
0.441
1.651
0.345
-0.004
-0.333
0.070
0.204
0.582
0.231
0.179
0.080
0.041
0.140
0.926
2.289
0.729
0.417
-0.447
0.521
1.608
3.972
1.170
1.840
-0.321
0.574
0.441
2.051
0.063
0.099
-0.098
0.123
0.813
0.278
0.123
0.123
0.399
0.123
-0.732
0.303
-0.361
1.384
0.837
0.123
0.374
0.456
0.065
0.025
0.333
0.059
0.364
0.834
0.156
0.379
-0.426
1.454
-1.847
0.123
-0.125
0.011
0.088
0.123
0.123
0.058
0.167
0.220
-0.093
-0.012
-0.095
1.703
0.708
-0.236
-0.411
-0.055
0.062
-0.313
0.136
-0.958
0.111
0.331
0.041
0.191
1.142
0.123
1.191
0.311
0.201
0.735
0.326
0.314
1.314
0.081
2.195
1.161
0.503
0.985
0.622
-0.039
0.389
0.312
-0.513
0.417
0.519
0.004
-0.520
0.167
-0.057
1.365
0.051
-2.781
2.624
1.904
-0.434
0.135
-0.345
-0.385
0.018
0.123
-1.941
1.205
-0.042
-0.778
1.102
0.939
0.148
-0.359
-0.074
-2.107
1.081
0.381
0.306
0.760
1.220
0.310
-0.073
-0.368
-0.427
1.049
0.440
0.979
-0.398
