0.188
-0.009
0.106
0.082
-0.021
-0.098
-0.143
-0.256
-0.355
0.120
-0.211
-0.245
-0.023
0.018
0.565
0.139
0.151
0.147
0.074
0.191
-0.500
1.319
0.588
-0.090
0.011
0.187
-0.180
-0.070
-0.060
0.044
-0.424
-0.311
0.340
0.235
0.445
-2.551
-1.708
-2.627
-0.835
-1.787
-2.665
-3.343
0.133
0.249
0.140
-0.035
-0.166
0.039
-2.523
-1.836
-3.378
-1.983
-2.905
-3.936
-2.664
-1.848
-1.876
0.107
-1.337
-3.697
-2.003
-1.844
-1.732
-1.703
-0.940
-2.237
-2.010
-0.810
-0.147
-0.490
-1.690
0.301
0.164
-0.128
-1.840
-1.939
-1.008
0.636
-3.419
0.145
0.228
-1.694
-1.706
-0.345
0.515
-0.318
-1.223
-2.311
-1.015
0.026
0.226
-0.733
-0.079
-0.966
-0.264
-0.279
0.180
0.056
-1.552
-0.999
-0.225
-0.100
0.061
-0.319
-0.176
0.265
0.033
0.039
0.060
0.100
-0.002
0.071
0.105
0.095
0.076
0.038
0.043
0.212
0.028
0.059
0.029
0.043
0.055
0.111
0.082
-1.226
0.360
0.680
0.040
-0.080
-0.014
0.266
0.310
-0.256
0.950
-0.143
0.171
0.239
0.905
-0.089
-0.105
1.420
1.329
-0.023
-0.130
-0.015
-0.105
-0.275
-0.573
-3.130
-1.004
-0.300
-0.577
-2.132
-1.421
-4.163
-3.131
-3.704
-2.920
-0.166
-1.308
-2.505
-1.393
-1.107
0.536
-0.018
-0.977
-0.813
-0.255
-0.113
-0.754
0.208
0.067
0.241
-0.951
-1.494
-1.748
-0.930
-1.328
-0.794
0.193
-1.493
0.219
-0.971
-0.506
-0.107
-0.018
0.063
0.064
-0.003
-0.027
-0.584
0.054
-2.667
-2.337
0.301
-0.749
-0.456
0.056
-0.159
-0.057
-0.014
0.140
-0.008
-0.031
-0.009
-3.251
-2.138
-0.568
0.100
0.101
0.032
0.963
0.172
-0.696
0.320
0.750
-0.032
-2.159
-2.796
-1.557
-2.998
-0.779
-2.153
-1.624
-1.226
-1.471
-1.258
-1.103
-1.228
-0.842
-2.225
-1.807
-1.206
-3.109
0.106
0.572
-0.322
-0.420
-1.329
-0.281
-1.142
-0.220
0.133
-2.470
-0.056
-0.717
0.365
-1.050
-1.582
0.288
-1.318
-0.422
-0.475
-1.220
-0.386
-2.268
0.074
0.278
-1.388
-0.964
-0.337
-0.748
-0.880
0.995
0.192
0.756
-0.109
-0.007
-0.936
0.177
-0.910
-0.031
0.088
-0.244
0.133
-1.293
-0.111
-0.187
-0.128
0.709
-0.682
-2.068
-1.200
-0.869
-0.096
0.158
0.102
0.140
-0.158
-1.930
0.271
0.055
0.190
0.144
0.114
0.168
0.169
-2.448
-0.330
0.425
-0.531
-0.804
-1.020
0.135
-0.038
0.462
1.844
1.245
0.501
-0.118
0.887
-0.606
0.514
-0.744
-1.820
-0.826
0.042
-0.357
-0.021
-0.243
0.076
0.031
0.040
-0.935
0.056
-0.610
0.058
0.111
-1.583
-1.145
-0.561
-0.403
-0.963
-0.443
-1.104
-0.397
-0.429
0.116
0.140
-0.404
-0.719
0.594
-0.294
-0.114
0.327
-0.023
0.223
0.071
-4.244
-1.741
-1.931
-2.072
-1.163
-1.127
-0.145
-1.805
-2.610
-0.910
-0.029
-0.500
-0.154
-0.247
-1.165
-0.712
-0.889
0.023
0.010
-1.874
0.372
-1.253
-0.656
-1.813
-0.563
-2.455
-0.501
-0.255
-0.231
-0.028
-0.517
0.044
0.080
0.484
-0.324
-0.161
-0.110
-0.028
-0.630
-0.243
0.015
0.621
0.427
0.157
0.060
0.014
-0.796
0.116
-0.726
0.187
-2.073
-1.020
-0.922
-0.769
-0.780
-1.884
-1.324
-0.480
-1.747
-2.857
-0.018
-0.180
-0.089
-0.141
0.536
-0.202
0.133
-0.140
-1.455
-0.121
-1.264
-0.211
-0.962
-0.020
-0.899
-0.258
-0.838
-0.425
-0.156
0.456
0.935
-0.156
0.087
0.428
-0.151
0.325
-2.399
-1.014
-0.080
0.201
0.788
0.697
0.027
0.140
0.523
-0.042
0.362
0.174
0.591
0.654
1.100
0.651
0.212
0.188
0.066
-0.650
0.374
-1.578
0.485
0.142
-0.944
0.124
-0.583
-1.292
0.672
-0.286
-0.097
-0.191
0.504
-0.245
-0.142
-0.278
0.432
-0.373
-2.306
-0.070
-1.402
-0.612
-0.483
-0.500
-1.068
-2.133
-0.177
-0.011
-0.172
-0.180
-0.194
-2.139
-1.369
-1.658
-0.482
-3.236
-1.401
-0.301
-0.062
-0.238
-1.004
-0.162
-0.099
-0.815
-2.090
-0.984
-2.178
-0.154
-0.020
0.152
-0.048
-0.074
0.126
0.878
-0.070
-0.251
-0.079
-0.036
-0.408
-0.025
-0.019
-0.351
-0.056
-0.613
-0.393
-1.773
-1.188
-0.262
0.189
0.228
0.068
-0.098
-0.784
-0.183
-0.232
-0.250
-0.110
-0.019
-0.399
-0.961
-0.241
-0.966
-0.246
-0.602
-1.019
-3.690
-1.574
-1.475
0.156
-0.197
-0.059
-0.646
0.192
-0.018
0.172
-0.139
-0.698
-0.132
-0.549
-0.207
-0.293
0.098
-0.113
0.023
0.075
-0.559
-0.279
-0.265
-0.607
0.052
0.041
0.313
-1.142
0.229
-2.229
-1.179
-0.040
-0.088
-0.008
-0.028
-0.123
-0.462
-0.008
-0.082
0.153
-0.327
0.114
0.321
0.029
0.162
0.156
0.087
0.078
-1.229
-1.345
0.186
0.098
-0.187
-0.086
0.143
-0.136
0.375
-0.062
-0.255
0.090
-0.718
-0.519
-0.185
-1.342
-0.591
-0.676
-1.417
-0.852
-0.206
-1.820
-0.335
-1.378
-1.138
-1.014
-2.329
-0.767
-0.265
-0.302
-0.700
0.140
0.117
-0.400
0.798
-0.059
-0.239
-0.325
-0.889
0.271
-1.109
-1.243
-0.421
1.009
-0.299
0.299
0.479
0.290
-1.583
0.037
-0.907
0.131
0.436
-0.359
-0.233
0.055
0.226
0.125
0.517
-0.301
-0.177
-0.756
-1.397
-0.100
-0.006
-0.111
0.158
0.498
-1.705
0.298
-0.284
-0.328
