0.243
0.012
0.656
-0.154
-0.119
0.062
0.014
-0.015
-0.020
0.000
-0.020
0.030
-0.408
0.009
0.079
0.046
-0.119
0.628
-0.178
-0.280
0.046
0.567
0.078
-0.020
0.031
-0.020
-0.005
0.601
-0.050
0.009
-0.548
0.119
-1.039
0.535
-0.137
-1.799
-1.919
-1.900
-0.434
-1.725
-0.589
-2.456
-0.020
-0.064
-0.020
-0.020
-0.591
-0.761
-3.198
-1.836
-1.643
-1.540
-2.088
-1.663
-2.608
-1.882
-1.830
-0.374
-1.239
-2.618
-0.154
-1.304
-1.907
-1.961
-0.084
-2.313
-2.524
-0.997
-0.565
-1.053
-1.842
-0.496
-1.471
-0.647
-1.814
-1.586
-0.208
0.398
-2.397
-0.008
-0.007
-0.323
0.222
-0.635
-0.406
-0.022
-0.065
-0.691
0.780
-0.480
1.742
0.140
0.003
-0.209
-0.684
-0.020
0.110
-0.020
-0.560
0.021
-0.024
-0.787
-1.587
-0.296
0.004
0.518
-0.020
-0.020
-0.020
1.730
-0.005
0.316
0.051
0.012
0.150
-0.020
-0.020
0.118
-0.020
0.056
-0.020
-0.020
-0.020
0.676
1.911
-2.331
-0.051
0.102
0.098
-0.068
-0.007
0.794
0.186
1.056
1.353
-1.815
-0.172
-0.697
0.605
-0.054
0.073
0.036
0.277
0.456
-0.020
-1.801
-0.220
0.474
-0.101
-2.739
-0.063
-0.830
-0.696
-2.394
-1.468
-2.906
-2.456
-1.955
-2.023
0.228
-0.018
-2.425
-0.818
-0.128
-0.128
-0.234
-0.701
-1.026
-0.020
-0.151
-1.706
0.338
0.067
-0.045
-0.504
-1.731
-1.391
-0.925
-0.020
-1.230
0.354
-1.972
-0.173
-0.262
-0.552
-1.331
-0.999
0.148
-0.088
0.822
0.496
-0.675
1.526
-1.377
-0.921
-0.369
-0.537
-0.435
-0.624
-2.464
-0.020
-0.020
-0.020
-0.494
-0.471
-0.573
-3.006
-2.797
-1.157
-0.020
0.271
0.239
2.549
-0.755
-0.501
0.104
0.268
0.015
-3.408
-2.491
-1.435
-3.301
-0.260
-1.432
-1.700
-0.899
-1.295
-0.110
-2.432
-2.088
-1.081
-2.275
-2.945
-1.624
-2.333
-0.442
0.791
-1.284
0.414
-0.139
-1.617
-0.272
-0.217
-0.057
-1.581
-0.020
-0.161
-0.911
-1.434
-1.246
1.807
-1.153
-1.115
-0.620
-1.190
-0.671
-1.159
-0.035
-0.151
-1.271
-0.582
-0.219
-0.823
-0.154
1.543
0.007
1.481
-0.659
0.726
-1.308
-0.014
-0.716
-0.020
0.428
-2.323
-0.155
1.459
-0.224
-0.365
-1.538
-0.105
0.001
-0.158
-1.348
-0.100
0.276
-0.435
0.065
-0.536
-0.051
0.280
0.153
-0.260
0.178
0.059
-0.035
-1.744
-0.492
-2.643
0.226
0.773
-1.730
-0.746
-1.962
-0.311
0.266
0.206
0.142
0.548
0.682
-0.707
2.042
-0.520
-0.054
0.154
-0.861
-2.350
1.834
-0.230
0.755
-0.044
-0.030
0.003
0.106
-1.043
-0.020
-0.088
0.210
-0.020
-0.494
-2.105
0.030
0.762
-1.677
-0.018
-0.876
-0.668
-1.551
-0.344
-0.402
-0.336
-0.990
0.018
-0.517
-1.125
-0.478
-1.448
0.797
-0.183
-2.894
-1.534
-2.188
-0.471
-2.478
-0.020
-0.233
-2.568
-2.264
-0.771
-0.486
-0.176
-0.020
-0.072
-1.151
-0.829
-0.370
-2.206
-0.201
-2.203
-0.016
-0.642
-0.475
-1.442
-0.093
-0.511
0.282
0.143
0.341
-0.064
-1.489
0.044
0.017
-0.003
0.855
0.795
-0.411
-0.609
-0.976
-1.639
-1.852
-0.182
1.232
-0.154
0.267
0.436
-1.576
-0.356
-0.170
-2.095
-2.013
-0.624
-0.850
-0.626
-0.521
0.552
-0.603
-0.087
-1.603
-2.888
0.026
-0.292
0.269
-0.086
0.310
-0.236
0.370
-0.179
-0.546
-0.056
-0.496
-0.445
-1.231
-0.596
-0.163
1.366
-1.594
-0.020
0.225
0.609
0.062
-0.089
-0.146
-0.535
-0.833
-0.588
-0.766
-1.076
-0.468
-0.030
0.600
0.723
0.107
0.043
1.936
1.185
0.595
0.534
2.491
1.171
0.180
0.616
1.100
1.237
-0.181
-1.348
0.155
-1.192
0.023
0.447
-0.463
0.221
-0.653
-1.181
0.256
-2.076
-0.020
0.216
-0.061
-0.011
-0.306
-0.664
-0.558
-0.507
-0.904
-0.296
-1.357
-0.204
-0.020
-0.693
-0.898
-1.233
-0.007
0.065
-0.728
-0.224
-2.150
-2.068
-0.272
-2.467
-1.212
-2.068
-1.203
-0.090
-0.218
-0.028
0.081
-0.233
-0.549
-0.812
-2.142
-1.413
-1.250
0.169
-0.180
0.011
-0.289
-0.085
-0.336
-0.220
0.735
-0.152
-0.204
0.031
-0.559
-0.669
-0.076
0.059
-0.837
-0.838
-0.094
-0.561
-0.268
-1.622
0.468
0.678
0.080
-0.646
-0.220
0.349
-0.317
-0.110
-0.034
-0.020
2.068
-0.517
0.057
-0.238
-1.086
-1.053
-0.549
-1.898
-2.208
-1.185
1.054
-0.729
-0.117
-0.458
-0.105
-0.020
-0.300
-0.269
-0.600
-1.136
-0.094
-0.261
-0.040
-1.917
-0.243
-0.261
0.304
-0.097
-1.499
-0.020
-0.188
-0.406
0.088
0.945
-0.548
0.549
-0.612
-0.508
-0.999
-0.434
-0.540
0.294
0.006
0.152
-0.020
0.110
0.151
-0.205
-0.265
0.043
-0.208
0.056
0.092
-0.134
-0.119
0.456
0.219
0.036
-0.134
1.163
0.884
-0.050
-0.226
0.008
-0.008
-0.135
0.190
-2.595
-2.341
-1.022
-1.164
-0.246
-0.795
-1.136
-0.034
-0.033
-1.412
-0.629
-2.253
-1.010
-0.232
-0.865
-1.448
-0.438
0.108
-1.421
0.126
-0.285
-0.460
1.282
0.009
-0.320
0.353
-0.990
0.171
-0.249
-2.172
-1.452
0.446
-1.099
-0.258
-0.486
0.387
0.101
1.055
-1.061
-0.132
2.417
-0.454
-1.469
-0.020
0.197
0.048
-0.134
-0.392
-0.020
-0.744
-1.938
0.005
-0.301
0.876
0.463
0.356
-1.067
-0.232
-1.339
-0.372
