0.209
0.229
-0.103
-0.023
0.025
0.148
-0.526
-0.094
-0.676
-0.092
-0.280
-0.627
-0.256
-0.038
0.134
0.058
0.376
0.280
0.308
-0.367
-0.674
0.954
0.441
-0.244
-0.089
0.336
-0.111
0.219
-0.874
-0.045
-0.453
-0.112
0.064
-0.330
0.223
-3.142
-1.900
-2.957
-0.609
-1.993
-2.671
-3.937
0.298
0.151
0.165
0.099
-0.546
0.108
-2.799
-1.940
-2.600
-2.030
-2.491
-3.446
-3.581
-2.034
-1.533
0.173
-0.909
-3.876
-0.537
-0.757
-1.713
-2.012
-1.737
-2.599
-1.562
-0.452
-0.377
-0.303
-0.559
-0.232
0.310
-0.700
0.173
-0.162
0.309
1.412
-4.054
0.216
0.756
-1.369
-0.263
-0.590
0.215
-0.386
-1.652
-2.537
-0.870
-0.450
0.320
-0.181
-0.196
-0.748
-0.951
0.155
-0.187
-0.047
-2.518
-1.858
-0.282
-0.105
0.021
-0.739
-0.380
0.654
-0.082
0.014
0.006
0.361
0.059
-0.036
0.250
0.006
0.227
0.155
-0.011
0.062
0.006
0.255
-0.146
-0.004
0.092
0.303
0.353
-1.973
0.152
0.339
-0.105
-0.280
0.021
0.187
0.025
0.033
0.318
-0.212
0.369
-0.032
0.061
0.068
0.131
1.663
1.030
-0.636
-0.240
0.131
-0.518
-0.627
-1.254
-2.495
-1.333
0.444
-1.250
-2.585
-2.183
-3.351
-3.020
-3.176
-4.349
-1.514
-0.682
-2.153
-1.220
0.096
0.189
0.088
-1.649
-1.306
-0.595
0.196
-3.263
-0.029
-0.075
-0.101
-0.961
-1.695
-0.970
-0.875
-1.305
-0.540
-0.059
-1.316
0.235
-0.638
-0.732
-0.107
-0.166
0.902
0.132
0.038
-0.136
-0.684
0.173
0.069
0.178
1.594
-0.731
-0.479
-0.294
-0.040
-0.408
-0.353
0.182
0.038
-0.155
-0.048
-3.971
-2.656
-1.273
-0.850
-0.528
0.088
1.046
-0.713
0.058
0.576
0.087
0.155
-1.845
-1.808
-1.666
-3.514
-0.520
-2.559
-1.125
-0.867
-0.640
-1.132
-1.540
-1.805
-0.189
-2.550
-1.561
-1.533
-4.527
0.168
1.659
-1.046
0.057
-0.814
-0.017
-0.473
-0.175
0.218
-2.744
-0.091
-0.853
-0.189
-1.321
-1.349
-0.192
-0.820
0.059
0.034
-1.662
-0.504
-2.400
0.177
1.023
-1.652
-0.765
-0.497
-0.631
-0.915
1.023
-0.281
-0.019
0.223
0.446
-0.877
0.132
-0.187
0.010
-0.049
-0.703
-0.082
-1.629
-0.278
-0.032
-0.074
0.049
-0.924
-1.246
-1.641
-0.955
0.080
-0.046
0.290
0.073
-0.724
-2.084
0.110
-0.028
-0.034
0.403
0.390
0.096
-0.069
-2.764
-0.217
0.436
-1.326
-0.006
-2.192
0.050
-0.364
0.894
1.148
1.004
0.139
0.026
0.292
-0.871
0.325
-0.210
-2.044
-0.297
0.629
-0.095
0.264
-0.165
-0.013
-0.366
-0.168
-0.516
0.099
-0.896
-0.172
0.055
-1.599
-0.464
-0.201
0.024
-0.349
-0.048
-1.173
-0.430
-0.582
0.024
0.258
-1.297
-2.176
0.916
0.021
-0.140
0.024
0.053
0.267
0.350
-2.990
-1.246
-0.491
-1.459
-1.435
-0.438
-0.501
-1.506
-1.585
-0.936
-0.260
-0.484
-0.097
-0.651
-1.279
-1.265
-0.567
-2.322
-0.203
-3.380
0.564
-1.475
-0.871
-1.308
-0.962
-1.897
-0.020
0.149
0.101
-0.482
-0.070
-0.321
0.705
0.591
-0.508
-0.328
-0.098
-0.311
0.129
0.273
0.746
-0.081
-0.010
-0.143
-0.247
0.026
-0.954
-0.063
-1.190
0.074
-2.621
-1.466
0.304
-0.339
-0.826
0.034
-1.485
-0.043
-2.259
-3.188
-0.020
0.130
0.070
-0.768
-0.205
-0.462
0.080
-0.889
-1.260
0.136
-1.728
-0.791
-0.769
-0.044
-0.522
0.087
-1.113
-0.030
-0.071
0.619
1.789
-0.455
-0.094
0.140
-0.216
0.230
-1.726
-0.506
0.168
0.968
0.931
0.250
0.097
0.163
0.730
0.096
0.605
0.790
0.815
1.845
1.209
0.091
0.667
0.302
0.325
-0.791
0.335
-1.598
0.388
0.229
-1.153
0.154
0.126
-1.396
0.101
0.143
-0.389
-0.383
0.244
-0.336
-1.055
-1.138
0.362
-0.759
-1.934
-0.058
-3.937
-1.362
0.009
-0.063
0.119
-0.980
-0.207
0.136
-0.442
-0.596
-0.076
-1.493
-0.545
-2.088
-0.924
-1.990
-0.874
-0.174
-0.578
-0.050
-1.109
-0.490
-0.278
-0.928
-1.964
-1.597
-1.992
-0.036
-0.052
-0.043
0.125
-0.054
0.074
0.701
-0.338
-0.230
-0.151
0.072
-0.080
0.082
-0.156
-0.430
-0.638
-0.576
-0.736
-1.491
-1.707
-0.588
0.377
0.133
0.089
-0.324
-1.309
-0.223
0.251
-0.143
0.021
-0.003
-0.888
-2.020
-0.433
-1.003
-0.238
-0.872
-1.369
-2.739
-1.246
-1.230
0.715
0.030
-0.296
-0.512
0.210
-0.129
0.435
-0.099
-0.547
0.002
-0.697
-0.663
-0.164
0.330
-0.492
0.059
-0.168
-0.985
-0.440
-0.071
-0.884
-1.438
-0.062
0.039
-1.024
0.107
-1.689
-2.015
0.241
-0.389
-1.551
-1.084
0.083
-0.802
0.111
-0.367
0.119
0.084
0.006
0.090
0.004
0.040
0.095
-0.017
0.280
-1.897
-1.231
0.408
0.150
-0.191
-0.134
-0.065
-0.557
-0.145
-0.207
-0.455
-0.112
-0.624
-0.120
-0.254
-2.153
-0.720
-0.385
-1.259
-0.839
-0.380
-1.421
-0.336
-1.642
-1.390
-0.749
-3.507
-0.546
-0.059
-0.165
-0.349
0.331
-0.112
-0.384
0.061
0.037
-0.285
-0.788
-1.243
0.830
0.618
-0.696
-0.144
0.899
-1.235
0.260
0.697
0.825
-1.438
0.228
-0.328
-0.011
0.209
-1.161
-0.836
0.227
0.320
0.313
0.802
-1.389
-0.339
-0.454
-0.804
-0.164
-0.040
0.106
0.169
-0.111
-2.387
0.115
0.527
0.222
