0.208
0.209
0.055
-0.146
0.237
-0.150
-0.014
0.061
0.293
0.120
0.097
0.202
0.280
0.481
-1.579
-0.105
-0.241
0.044
0.137
0.186
0.256
-1.321
-0.242
0.179
-0.024
0.172
0.302
0.551
0.328
0.032
0.231
-0.003
-0.029
-0.190
-0.154
3.317
2.337
3.111
0.713
2.633
3.137
3.795
0.056
-0.328
0.053
0.010
0.410
0.106
2.877
1.734
3.114
2.501
3.073
4.228
3.072
2.188
1.783
0.127
0.902
4.473
1.795
2.326
1.376
2.247
1.399
3.069
1.691
1.176
0.553
1.038
2.160
-0.125
0.338
0.357
0.418
0.333
0.171
0.106
3.693
0.153
-0.135
1.194
0.099
0.222
-0.190
0.455
1.280
3.742
-0.110
0.528
0.097
0.535
0.106
0.423
0.145
0.106
0.106
-0.003
1.031
0.969
0.115
-0.086
-0.007
0.148
0.106
0.016
0.036
-0.617
-0.096
-0.372
0.051
0.021
-0.182
-0.130
-0.214
-0.131
0.036
-0.223
-0.032
-0.206
0.022
-0.097
-0.111
-0.406
-0.180
2.330
0.157
-1.029
0.079
0.184
-0.002
-0.164
0.106
0.106
0.157
0.567
0.200
0.106
0.106
0.106
0.106
0.006
0.106
0.037
0.854
0.106
0.151
0.256
0.463
1.508
0.313
0.097
0.547
3.138
1.539
4.305
3.748
0.172
0.328
0.106
0.106
1.774
1.544
0.106
-0.030
0.184
0.290
1.076
0.119
0.207
1.038
-0.181
-0.395
0.325
0.350
1.830
2.586
0.192
0.250
0.106
0.106
2.407
0.095
0.245
0.565
0.106
0.106
-0.114
0.112
0.282
0.102
0.106
-0.122
0.192
0.939
0.148
0.489
1.030
0.358
0.689
0.228
0.163
-0.707
0.212
0.568
0.362
3.769
2.257
1.632
0.055
0.060
0.119
-0.155
0.730
1.162
0.306
-1.829
-0.325
3.413
3.575
2.627
2.427
0.484
2.281
1.384
1.183
0.127
1.045
2.251
1.104
0.825
2.506
1.950
2.013
2.947
-0.354
-2.029
0.404
0.106
1.074
0.117
0.302
0.681
0.085
4.461
0.097
0.833
0.173
1.350
1.869
-0.100
1.221
0.405
0.386
1.403
0.586
2.452
-0.139
-0.226
1.663
1.290
-0.082
1.670
0.761
-1.788
0.213
-0.298
0.458
-0.021
0.940
0.038
0.106
0.074
0.036
1.659
0.145
0.614
0.238
0.312
0.392
0.115
0.742
0.524
1.731
1.940
0.306
0.220
0.106
0.106
0.106
2.630
-0.058
0.077
0.106
0.168
0.117
0.598
1.080
3.847
-1.143
0.068
0.581
1.451
3.319
0.077
0.359
-0.952
-5.147
-1.608
0.404
-0.150
-0.136
0.553
0.216
1.784
3.030
1.071
-0.288
0.009
0.076
0.078
0.057
0.155
0.179
0.921
0.080
0.786
0.085
0.080
2.129
0.915
0.458
0.447
1.158
0.358
1.350
0.386
0.685
0.138
0.104
0.497
0.565
-0.549
0.168
0.922
-0.247
0.232
0.033
0.069
3.690
1.270
1.857
2.460
1.805
0.377
0.153
2.007
2.410
0.873
0.096
0.106
-0.074
1.184
1.615
0.831
0.798
2.160
0.225
2.440
0.106
0.337
0.391
0.700
0.386
2.012
0.331
0.177
0.303
0.691
0.141
0.994
0.092
-0.047
0.106
0.272
0.106
0.106
0.607
0.261
1.716
-0.027
0.881
0.086
0.120
0.403
0.330
0.106
0.194
-0.017
1.527
1.618
-0.063
0.929
1.251
1.449
2.878
0.139
0.648
2.942
-0.038
0.106
0.106
0.538
-0.305
0.559
0.106
0.119
0.436
0.106
1.456
0.269
0.601
0.268
0.491
0.549
1.664
0.196
0.047
0.073
0.109
0.264
0.088
-0.420
0.181
-0.181
2.014
1.015
0.091
-0.006
-1.379
-0.199
-0.344
-0.308
-0.987
0.100
0.014
0.004
-0.855
-0.004
0.106
0.106
0.003
-0.201
0.133
0.428
-0.448
2.766
-0.468
0.046
1.710
-0.549
0.978
1.811
-0.809
0.358
0.083
0.122
-0.158
0.193
0.329
0.762
-0.741
0.269
2.678
0.362
3.109
-0.875
0.172
0.430
1.170
3.171
0.080
0.090
0.164
0.209
1.372
2.819
1.082
1.603
0.409
2.581
0.591
0.326
0.155
0.161
0.721
0.346
0.366
0.537
2.454
0.580
2.912
0.040
0.084
0.098
-0.250
0.573
0.466
-0.546
0.422
0.126
0.253
0.310
0.106
0.213
0.064
0.494
1.060
0.215
0.583
2.190
1.454
0.571
0.113
-0.601
0.104
0.440
1.069
0.070
0.106
0.112
0.001
-0.125
0.124
1.376
0.370
0.276
0.301
1.476
1.459
4.072
1.151
1.405
0.106
1.322
0.279
0.698
0.783
0.116
0.077
0.208
0.565
0.147
0.498
0.356
0.175
0.061
0.268
0.112
-0.043
0.148
0.434
0.198
0.387
0.653
0.078
0.106
1.101
-0.261
3.593
0.403
1.313
0.106
0.203
0.799
0.023
1.376
0.074
0.084
0.031
0.196
0.119
-0.268
-0.038
-0.086
-0.057
-0.141
0.015
1.812
1.442
-0.213
0.093
0.186
0.160
0.260
0.199
-0.373
0.129
0.301
0.018
0.969
0.391
0.319
2.389
0.987
0.294
1.864
1.477
0.379
0.547
0.238
1.489
1.676
1.382
5.422
1.195
0.007
0.184
0.780
-0.330
0.100
0.656
-1.219
0.122
0.308
0.878
1.749
0.060
-0.028
1.340
0.947
-1.280
1.191
-0.131
-0.435
-0.006
0.663
0.431
1.138
-0.662
0.019
0.533
1.469
-0.027
-0.176
-0.185
-0.728
1.167
0.487
0.387
0.646
0.459
0.064
0.106
-0.615
-1.886
1.601
-0.482
1.339
0.106
