0.085
0.134
0.144
0.106
0.106
0.161
0.349
0.129
1.025
0.188
0.467
0.427
0.106
0.256
0.024
0.079
-0.027
-0.006
0.041
-0.139
0.012
-1.792
-1.324
0.106
0.106
-0.020
-0.026
0.294
1.042
0.069
0.106
0.060
0.106
0.125
0.106
3.373
2.352
2.744
0.192
2.880
2.542
4.316
0.106
0.032
0.105
-0.183
0.106
-0.019
2.936
1.747
1.662
1.510
1.995
3.957
2.584
2.133
1.421
0.106
0.106
3.723
1.356
0.799
2.072
1.650
2.178
3.148
2.019
0.190
0.162
0.113
0.455
-0.967
-1.432
0.106
0.106
1.835
0.088
-1.536
5.617
0.164
-0.184
1.557
0.139
0.141
-0.147
0.046
0.840
3.056
0.552
-0.679
0.106
0.106
0.092
0.560
0.114
-0.621
-0.131
0.032
0.782
0.400
0.106
0.110
0.106
0.314
0.395
0.092
0.111
-1.331
0.079
0.024
0.018
0.194
0.024
0.084
0.022
0.028
0.096
0.106
0.092
0.063
0.106
0.079
0.044
-0.131
0.026
1.904
-0.930
-1.336
-0.596
0.681
0.047
-0.514
0.622
-0.224
-0.044
1.507
0.116
0.884
-0.708
-0.072
0.106
-1.868
-0.500
0.215
0.165
0.106
0.110
0.657
0.896
1.593
0.831
0.085
0.793
2.164
0.740
2.742
2.584
3.499
3.304
1.024
1.334
1.917
2.676
0.096
-0.083
0.088
1.988
0.508
0.106
0.106
0.424
-1.064
-1.811
-0.231
0.763
1.355
1.421
0.514
1.271
0.718
-0.377
1.804
0.008
0.979
0.318
0.357
0.110
-0.266
-0.404
0.170
-0.005
-2.176
0.106
0.038
1.151
-1.028
0.775
0.602
0.297
0.148
0.011
-0.083
-0.520
0.107
0.106
0.106
3.959
2.114
0.416
-0.980
0.385
0.257
-0.641
0.210
0.536
-0.231
0.283
0.106
3.443
2.347
0.865
3.101
0.298
2.480
1.692
0.455
0.419
-0.184
0.595
0.913
0.836
1.677
1.248
1.184
3.799
-0.584
-2.385
0.740
0.062
0.275
0.031
0.277
-0.215
0.005
1.790
-0.108
0.221
0.329
0.395
1.764
0.307
0.822
0.159
0.344
0.917
0.424
2.178
-0.189
0.204
1.233
0.344
0.140
0.548
0.547
-2.031
0.192
-0.117
0.106
0.128
0.312
-0.142
0.574
0.009
0.024
1.340
0.144
0.123
0.203
0.106
-0.021
-0.098
0.400
0.807
0.907
1.381
0.032
0.298
0.058
0.092
0.158
1.137
-0.071
0.115
0.033
-0.093
-0.422
0.201
-0.523
2.903
-0.450
0.904
0.899
0.803
1.615
-0.298
0.158
-1.026
-3.692
-1.699
0.543
0.098
-0.385
1.034
0.171
0.231
2.390
0.350
-0.317
0.226
0.228
0.050
0.098
0.108
-0.181
0.146
0.081
0.301
0.106
0.034
2.509
1.360
0.104
0.613
0.126
0.101
1.277
0.456
0.035
0.073
0.026
0.106
0.621
-0.767
0.414
0.139
0.028
0.418
0.058
0.076
3.319
1.637
1.355
1.613
1.384
0.431
0.208
1.273
2.110
0.764
0.106
0.220
0.176
0.631
0.153
0.371
-0.090
3.757
-0.014
2.890
0.106
0.929
0.654
0.806
0.106
1.794
0.106
-0.143
0.402
0.106
0.111
0.504
-0.082
0.106
0.050
0.378
0.194
0.071
-0.052
0.185
-0.017
-0.757
-0.356
0.063
0.515
-0.180
1.277
0.410
1.535
-0.240
3.659
1.304
0.047
0.389
1.671
0.106
2.867
0.550
1.719
3.372
0.106
0.433
0.106
0.116
-0.137
0.296
-0.346
0.306
0.708
0.046
0.755
0.350
0.331
-0.150
0.202
0.377
0.343
0.081
0.160
0.124
0.106
0.106
0.022
-0.662
0.312
0.106
1.369
0.983
0.106
0.162
-0.923
-0.428
-0.404
0.004
-0.128
-0.283
-1.163
-1.405
-0.562
-1.298
-0.110
0.156
-0.038
-0.049
-0.147
0.671
-0.051
1.775
-0.973
-0.195
2.619
-0.360
-0.087
1.315
-0.346
0.182
0.314
0.516
-0.720
-0.045
0.402
0.297
-0.866
0.129
1.489
0.017
3.635
1.394
0.106
0.106
0.175
1.416
0.225
-0.154
0.214
0.274
-0.033
0.567
0.628
1.620
0.405
1.182
-0.009
0.442
0.131
0.065
0.356
0.270
0.475
0.330
1.143
0.494
2.021
-0.121
0.051
0.053
-0.034
-0.032
0.229
-0.554
0.032
0.510
0.140
0.106
-0.167
0.114
0.106
0.163
0.106
0.160
0.522
2.062
1.512
0.510
-0.383
-0.789
-0.209
0.107
0.835
0.161
0.205
0.111
0.106
0.159
0.066
1.073
0.399
0.831
0.160
0.434
1.544
2.540
0.873
0.839
0.001
0.913
0.102
0.332
0.607
0.242
-0.870
0.162
0.968
0.663
0.140
0.449
0.125
-0.036
0.106
0.097
0.133
0.394
0.291
0.134
0.211
0.836
-0.119
-0.063
0.675
-0.138
3.002
0.874
0.106
9.405
0.602
0.258
-0.163
0.144
0.000
0.126
0.085
0.122
-0.720
-0.966
0.083
-0.929
-0.759
-0.195
-0.444
1.896
1.293
-0.322
0.106
0.092
0.126
0.246
0.199
-0.020
0.063
0.339
0.104
0.845
0.114
0.167
1.903
0.320
0.107
0.653
0.701
0.066
1.124
0.235
0.919
0.310
0.642
3.907
0.803
0.086
1.166
1.424
-0.086
0.143
0.487
-0.396
0.090
0.121
0.330
0.894
-0.020
-0.187
1.438
0.730
-0.353
0.667
-0.110
-0.463
-0.397
0.326
0.010
0.277
0.035
-0.255
0.827
0.496
-0.087
0.094
-0.204
-1.186
0.187
0.179
0.181
0.925
0.167
0.200
-0.860
-0.088
-1.146
1.526
-0.431
-0.175
0.419
