-0.115
0.121
-0.079
0.187
0.054
0.141
0.218
-0.025
0.465
0.133
0.525
0.717
0.577
0.733
-0.001
-0.035
-0.109
-0.168
-0.076
0.120
0.411
-1.576
-0.024
0.043
0.006
-0.270
-0.078
-0.176
0.575
0.095
0.301
0.235
-0.245
-0.086
-0.226
2.336
2.089
2.626
0.749
2.002
1.806
2.408
-0.011
-0.271
0.024
-0.202
0.271
0.009
1.558
1.997
2.345
1.891
2.339
2.899
1.689
0.984
1.347
0.228
0.706
3.178
1.111
1.482
1.515
1.292
0.990
1.831
1.544
0.585
0.106
0.580
1.048
-0.330
-0.388
0.505
1.223
2.330
1.057
-1.267
3.137
0.053
-0.408
1.374
1.724
0.465
-0.391
-0.320
0.552
2.231
0.486
0.396
-0.505
-0.152
-0.049
0.656
0.591
0.073
-0.076
-0.015
2.662
1.428
0.491
0.191
0.097
0.775
0.329
-0.279
0.055
0.023
0.058
0.021
-0.131
0.192
-0.323
0.017
-0.028
-0.042
0.028
-0.426
0.017
-0.039
0.030
-0.016
-0.148
-0.294
0.036
1.418
-0.292
-0.973
-0.306
0.065
-0.049
0.244
-0.313
-0.437
-1.008
1.154
-0.487
-0.220
-0.936
0.074
0.329
-1.075
-0.723
0.349
0.186
0.161
0.530
0.563
0.603
2.297
0.668
0.172
0.629
1.914
1.627
3.106
2.767
2.315
1.869
-0.484
0.304
1.586
1.577
0.588
-0.307
0.027
1.309
1.560
0.300
0.550
0.897
-0.145
0.102
-0.208
0.547
2.057
1.565
0.465
1.355
0.728
-0.306
1.799
-0.106
0.229
0.277
-0.002
-0.027
-0.508
0.436
-0.062
0.121
1.026
0.450
3.522
1.470
-1.502
0.659
0.529
0.167
0.226
0.452
0.116
-0.013
0.200
0.290
0.323
3.388
3.277
0.869
-0.019
0.132
0.386
-1.596
0.059
0.086
-0.041
0.158
-0.168
2.211
1.829
1.468
1.892
0.955
1.729
1.377
0.439
1.260
1.390
1.124
0.647
1.050
1.431
1.342
2.092
4.003
0.114
-0.867
0.642
0.386
1.120
0.502
0.712
0.167
-0.214
1.994
0.252
0.532
-0.596
1.755
1.677
-0.343
1.038
0.504
-0.059
0.834
0.408
1.207
-0.047
-0.046
1.340
0.843
0.107
1.176
0.730
-1.660
0.264
-0.766
-0.130
0.070
0.960
-0.131
0.640
-0.042
-0.140
0.747
0.210
1.270
0.667
0.262
0.951
-0.632
0.353
1.446
0.803
0.783
-0.207
0.002
0.009
0.036
0.114
2.503
-0.072
-0.038
-0.079
-0.179
-0.022
0.152
0.964
2.702
0.036
-0.133
0.698
0.488
1.648
-0.063
0.049
-1.277
-2.210
-1.297
-0.232
0.290
-0.382
0.440
-0.219
0.140
1.378
0.657
-0.224
0.149
-0.130
0.151
-0.018
0.254
0.120
0.747
0.264
0.880
0.154
0.148
1.985
1.009
0.137
0.192
0.638
0.374
0.813
0.345
0.716
-0.021
0.003
0.399
0.678
-1.250
0.281
0.263
0.092
-0.199
-0.068
-0.259
3.003
1.121
1.627
1.491
1.826
0.544
0.218
1.256
1.553
0.760
-0.075
0.137
-0.092
0.801
1.066
0.909
1.458
0.729
0.089
3.426
-0.609
0.618
0.544
0.901
0.122
1.558
-0.333
0.101
0.121
0.118
0.419
0.065
-0.256
-0.489
0.174
0.172
0.429
0.328
0.597
0.586
0.478
-0.188
-0.032
-0.023
-0.258
0.052
0.730
0.249
1.189
0.319
1.435
1.723
1.434
1.260
1.275
1.689
1.175
1.135
2.505
2.527
0.162
0.452
-0.045
0.491
0.303
0.288
-0.140
0.112
0.815
-0.025
0.622
0.504
0.529
0.277
0.614
0.237
1.037
0.376
0.108
-0.111
-1.297
0.164
-0.110
-0.377
0.445
-0.133
1.080
0.902
0.407
-0.113
-2.289
-0.509
-0.042
-0.287
-0.652
-0.242
-0.546
-0.440
-0.458
-1.410
-0.665
-0.358
-0.696
-0.412
-0.088
0.568
-0.728
0.780
-0.546
-0.254
1.078
-0.766
0.249
0.059
-0.562
0.018
0.067
0.206
-0.250
0.174
0.119
0.913
-0.075
0.244
2.298
0.944
2.456
0.678
1.056
0.434
0.771
1.693
0.459
0.298
0.348
-0.117
0.737
1.581
0.690
1.349
0.547
2.002
0.968
0.433
0.150
0.155
0.618
0.242
0.259
0.805
1.787
1.310
1.859
-0.039
-0.043
0.150
-0.103
-0.064
-0.056
-0.610
-0.444
0.401
0.179
-0.016
0.311
-0.198
-0.002
0.319
0.281
0.416
0.173
1.965
1.747
1.166
0.177
-0.170
0.024
0.466
0.787
0.151
0.001
0.200
0.155
0.031
0.271
0.785
0.325
0.883
0.487
0.306
1.327
2.857
0.602
1.209
0.016
0.258
0.252
0.452
-0.163
0.096
-0.553
0.190
0.492
-0.106
0.300
0.326
0.319
0.187
0.212
-0.005
0.030
0.309
0.317
0.350
0.454
-0.019
0.107
-0.455
0.949
-0.054
2.145
1.408
1.497
0.026
-0.610
0.441
0.256
0.374
0.138
0.122
0.094
0.286
-0.240
-0.372
0.023
-0.106
-0.135
-0.103
-0.064
1.790
0.816
0.022
-0.133
0.191
-0.187
-0.071
0.214
-0.117
0.152
0.229
0.063
0.487
0.077
0.071
2.213
1.040
0.677
0.945
0.599
0.265
1.143
0.454
1.260
0.717
0.812
1.509
0.839
0.049
0.591
0.586
-0.113
0.024
0.333
-0.496
-0.048
0.147
0.158
1.272
-1.303
1.677
0.845
0.536
-0.953
0.976
-0.346
-1.014
-0.899
0.632
-0.533
0.696
-0.226
-0.786
1.235
1.163
-0.052
-0.376
-0.301
-1.083
0.303
0.326
0.534
0.791
0.544
0.235
-0.186
-0.241
-0.608
2.702
-0.111
0.139
0.020
