0.183
0.202
0.127
-0.249
-0.115
-0.065
-0.046
0.418
-0.081
0.363
0.697
0.279
0.260
0.137
0.920
-0.131
-0.120
-0.120
0.226
0.480
0.592
-1.495
-1.024
0.272
-0.003
-0.187
0.007
0.259
0.136
-0.060
0.215
-0.130
-0.200
-0.026
-0.567
2.763
2.179
1.632
0.239
1.292
2.243
3.527
-0.154
0.418
0.699
-0.120
0.185
0.170
2.944
1.280
1.634
1.748
2.089
3.384
2.219
0.803
1.568
-0.120
0.641
3.733
0.443
0.922
1.744
1.664
1.253
2.374
0.822
0.578
0.036
0.034
1.300
0.005
-0.648
0.308
-0.096
0.105
-0.371
-1.186
4.982
-0.182
0.074
1.363
-0.049
0.092
-1.323
-0.359
0.760
2.608
0.652
0.125
-0.640
0.527
-0.201
0.736
-0.021
-0.298
-0.196
0.159
1.798
1.376
0.683
-0.055
-0.373
-0.233
-0.067
-0.390
0.107
-0.181
-0.124
-0.111
-0.091
-0.101
-0.125
-0.098
-0.252
-0.065
-0.055
-0.120
-0.105
-1.002
-0.028
-0.124
0.058
-0.114
-0.125
1.604
-0.373
-0.829
-0.061
0.936
-0.014
-0.658
0.048
-0.102
-0.556
0.017
0.025
0.181
-1.530
0.053
0.168
-1.830
-0.703
-0.063
0.088
-0.872
0.338
-0.047
1.026
1.804
0.884
-0.012
0.333
1.880
1.393
2.720
3.269
0.886
1.584
-0.595
0.001
1.913
1.415
-0.120
-0.060
-0.081
0.619
1.238
0.037
0.229
1.963
-0.367
-0.188
-0.007
0.295
0.640
1.456
0.654
0.427
1.044
0.036
2.462
-0.443
0.288
0.743
0.471
0.340
-0.988
-0.090
0.159
-0.038
-0.091
-0.839
0.637
0.698
0.169
0.613
0.661
0.457
0.038
0.446
0.068
-0.109
0.225
-0.068
-0.120
4.954
3.369
0.650
-0.285
0.241
0.065
-0.932
0.329
0.314
-2.715
-0.932
0.006
2.743
1.453
0.969
3.301
0.532
1.675
0.314
0.958
0.525
0.287
1.209
0.152
-0.053
2.307
1.109
1.069
4.568
-0.112
-1.904
0.097
0.313
0.754
0.150
0.136
1.323
-0.048
3.789
-0.011
1.235
1.073
0.817
1.552
-0.673
1.223
0.535
-0.151
0.980
0.553
1.514
-0.002
0.539
1.748
0.165
0.219
1.132
0.996
-1.238
-0.181
-0.592
-0.253
0.353
1.908
-0.055
1.359
0.110
-0.037
1.376
0.380
0.241
-0.043
0.315
0.208
-0.468
0.529
-0.099
2.746
0.934
-0.118
-0.074
-0.282
-0.234
-0.919
1.324
-0.404
-0.051
-0.191
-0.223
-0.064
-0.005
-0.757
3.587
-0.240
-0.731
1.227
0.361
0.529
0.098
0.426
-0.946
-2.999
-1.830
-0.167
0.195
-1.726
0.543
-1.069
-0.455
2.578
0.293
-0.093
-0.296
-0.124
0.111
-0.072
-0.128
-0.056
0.159
-0.176
0.854
-0.137
-0.113
1.628
0.804
0.033
0.148
0.793
0.243
1.466
0.201
0.004
0.040
-0.015
0.805
1.386
-0.835
0.504
0.632
0.024
0.191
-0.585
-0.063
2.656
0.859
0.813
1.313
1.538
0.756
0.379
1.397
2.185
1.055
-0.055
0.409
0.077
0.928
0.202
-0.059
-0.436
3.394
-0.120
1.836
-0.619
0.893
1.067
1.599
0.158
1.809
0.081
0.878
0.199
-0.006
0.056
0.493
-0.181
-0.749
0.363
0.744
0.125
-0.682
0.393
0.510
0.148
-0.937
-0.421
-1.867
0.937
-0.235
1.062
0.041
1.256
0.093
2.494
1.340
-0.907
0.968
1.309
-0.323
0.995
0.156
3.231
3.578
0.081
0.434
-0.007
0.441
0.439
0.598
-0.075
0.445
0.851
-0.440
1.488
0.469
1.692
-0.414
0.710
-0.022
-1.185
0.623
-0.119
-0.729
-0.895
0.196
-0.049
-0.208
0.379
-0.210
1.537
0.517
-0.163
-0.183
-1.320
-0.402
0.048
-0.292
-0.310
-0.079
-0.841
-0.647
-1.064
-1.409
-1.028
-0.111
-0.239
-0.202
0.062
0.699
-0.646
1.685
-0.611
-0.192
1.384
-0.198
-0.547
1.609
-1.243
-0.693
-0.070
-0.084
-1.339
0.092
0.287
-0.078
-0.089
1.026
1.890
0.338
2.792
1.190
0.036
0.413
1.344
2.226
0.036
-0.109
-0.319
0.051
0.286
1.622
0.512
1.775
0.625
2.662
0.957
0.381
0.737
0.638
0.857
0.300
0.259
1.302
1.313
1.242
1.055
-0.083
-0.018
-0.024
-0.141
-0.076
-0.003
0.049
0.037
0.339
0.120
0.002
0.180
0.284
0.368
0.230
0.460
0.126
0.080
2.556
1.326
0.733
0.251
-0.972
-0.365
0.179
0.899
0.192
0.979
0.041
0.282
-0.423
0.457
1.323
0.137
1.480
1.435
0.896
1.128
2.371
1.109
0.953
-0.247
0.583
0.441
0.676
-0.954
-0.067
-0.545
0.454
0.677
0.356
0.879
0.594
0.276
-0.454
0.137
0.133
0.040
0.385
0.296
0.564
0.771
0.139
0.114
-0.137
1.161
-0.130
1.867
0.536
-0.104
-0.113
-0.278
0.621
-0.085
0.343
-1.012
0.194
0.108
0.079
-0.085
-0.684
0.062
-0.462
-0.256
-0.061
-0.517
0.399
0.692
-0.287
-0.099
-0.303
0.020
-0.356
0.049
-0.592
-0.045
0.322
-0.092
1.155
0.653
0.225
1.476
0.539
-0.257
1.883
0.890
-0.057
2.038
0.479
0.855
1.036
1.082
3.297
1.139
0.124
1.145
0.868
-0.120
-0.381
0.328
-1.431
0.023
0.207
-0.033
1.095
-0.222
-0.190
1.296
1.386
-1.271
0.611
-0.398
-0.394
-0.384
0.674
0.420
-0.146
0.016
-0.202
0.520
0.500
-0.049
-0.005
-0.296
-0.213
0.654
-0.083
0.496
0.351
0.388
-0.014
-0.241
-0.079
-1.157
1.736
-0.314
0.115
-0.120
