-0.013
0.093
0.109
0.023
0.026
0.265
0.125
-0.122
1.447
0.101
0.219
0.595
0.342
0.236
-0.470
-0.201
-0.576
-0.533
-0.016
-0.602
0.936
-0.743
-1.483
0.359
0.143
0.435
0.265
0.438
0.752
-0.065
-0.000
0.197
-0.544
0.119
-0.106
2.725
1.670
2.397
0.355
1.735
2.134
3.246
-0.104
-0.117
-0.014
0.104
0.283
-0.276
2.574
1.424
2.639
1.984
3.030
2.690
2.420
2.097
1.493
-0.093
0.237
1.920
1.647
1.283
1.566
1.772
1.327
2.195
1.838
0.457
0.430
0.405
0.797
-0.073
0.270
0.165
1.227
2.518
0.526
-1.100
3.992
0.115
-0.968
1.341
0.631
0.183
-0.317
-0.061
0.982
1.750
0.306
0.072
-0.991
0.502
0.036
0.325
0.695
0.219
0.070
0.107
1.570
0.677
0.038
0.211
0.057
0.789
0.111
-0.192
0.122
0.108
0.109
-0.104
0.085
0.152
-0.120
-0.124
-0.178
-0.130
0.095
-0.192
0.110
-0.218
0.105
0.107
0.002
-0.134
-0.247
1.428
0.187
-0.810
-0.057
0.068
0.092
-0.001
0.108
0.099
-0.740
0.227
0.489
0.128
-1.171
0.125
0.425
-1.191
-0.826
0.122
-0.326
0.232
0.204
0.352
0.557
1.660
0.291
-0.037
0.638
1.863
1.692
2.671
2.713
3.711
2.495
-0.139
1.027
1.749
1.672
0.558
0.014
0.114
0.657
0.658
0.457
0.188
1.139
-0.799
0.133
0.116
0.787
1.147
0.956
0.463
1.895
0.423
-0.001
1.776
-0.113
0.541
0.709
0.005
-0.021
-0.114
0.483
0.434
0.003
0.685
0.188
2.231
1.532
-1.025
0.493
-0.203
0.381
0.191
0.545
0.175
0.132
0.085
0.056
0.024
2.393
2.745
0.861
-0.137
1.582
-0.079
-0.966
0.361
-0.448
-4.314
0.275
-0.335
1.834
2.789
0.840
2.109
0.718
1.459
1.477
0.486
0.909
0.744
1.341
0.951
1.119
1.884
1.537
1.356
3.589
-0.653
-1.599
0.682
0.010
0.949
0.468
0.798
-0.183
0.030
3.093
0.139
0.909
-0.628
1.087
1.924
0.246
1.031
0.486
0.432
0.899
0.217
1.670
0.166
0.149
1.107
0.897
0.711
1.192
0.563
-1.471
-0.024
-0.170
0.493
-0.104
0.535
-0.116
1.021
0.194
-0.108
0.656
-0.104
0.347
0.226
0.258
0.026
0.225
0.286
1.397
1.219
0.415
0.268
0.106
0.373
-0.104
0.006
2.751
-1.102
0.097
-0.190
-0.052
0.209
0.082
0.216
2.636
-0.374
-0.176
0.680
-0.041
0.851
0.049
0.309
-0.796
-2.489
-1.416
0.089
-0.140
-0.500
0.776
-0.448
0.811
2.929
0.763
0.137
0.607
0.153
0.128
0.012
0.134
0.098
0.271
-0.054
0.586
0.116
0.061
0.984
1.485
0.103
-0.052
0.818
0.212
0.875
0.348
0.322
0.114
-0.104
0.008
0.642
-0.106
0.135
-0.038
-0.026
-0.078
-0.105
0.044
3.434
1.365
0.851
1.364
1.559
0.655
0.217
1.477
2.159
0.566
0.420
1.401
0.088
0.281
0.485
0.973
-0.125
-0.560
0.114
2.715
-1.204
0.576
0.660
1.109
0.583
1.273
0.635
-0.189
0.560
-0.101
-0.055
-0.244
-2.215
-0.930
0.387
0.318
0.161
0.189
0.101
1.612
0.149
-0.178
0.353
-0.087
0.101
0.197
0.772
-0.174
1.090
-0.197
2.633
1.143
0.715
0.549
0.885
0.507
0.182
0.261
1.379
1.262
0.119
0.140
0.044
0.212
0.372
0.096
-0.003
0.077
0.804
0.080
1.325
0.380
0.576
-0.010
0.610
0.169
1.203
0.156
0.081
0.002
-0.566
0.215
-0.173
-0.262
0.373
-0.876
1.541
1.146
0.794
-0.007
-1.923
-0.760
-0.210
-0.760
-0.301
0.330
-0.698
-0.497
-1.047
-1.569
-0.103
0.131
-0.831
-0.612
0.183
0.087
0.028
1.662
-0.760
-0.373
1.211
-0.527
0.738
1.224
-0.546
0.578
0.101
-0.018
-0.255
0.370
0.418
0.728
-0.146
0.085
1.436
-0.081
2.680
1.138
1.251
0.083
1.221
2.274
0.319
-0.075
0.337
0.318
0.701
2.206
0.649
1.370
0.499
1.727
0.943
0.226
0.428
0.280
0.521
0.196
0.126
0.663
1.723
0.856
0.930
0.295
0.002
0.069
-0.010
0.102
0.060
-0.297
0.148
0.340
0.161
0.015
-0.005
-0.215
0.006
-0.013
-0.059
0.078
0.300
1.175
1.387
0.499
0.578
-0.605
0.222
0.305
1.048
0.170
-0.971
0.185
0.190
0.163
1.622
1.356
0.415
0.900
0.303
1.753
0.958
2.852
0.254
0.810
-0.109
0.540
0.145
0.902
0.610
0.156
-1.246
0.129
0.461
0.638
0.341
0.343
0.196
0.059
0.181
0.147
-0.111
0.910
0.587
0.219
0.363
1.381
0.083
0.093
0.464
-0.195
2.374
0.796
-0.004
2.483
2.097
1.399
0.129
0.136
0.019
0.124
-0.133
0.153
-0.119
-0.239
0.167
-0.208
-0.257
0.132
-0.339
1.487
0.682
-0.125
0.116
0.121
0.084
0.038
0.317
0.877
0.382
0.908
-0.067
0.533
0.303
0.232
1.545
0.617
0.278
1.089
0.793
0.127
1.205
0.378
1.083
0.718
0.417
3.157
0.789
0.303
0.478
0.328
-0.347
0.344
0.382
-1.015
0.089
0.423
0.380
0.753
0.340
0.259
1.546
0.894
-0.729
-0.033
-0.317
-0.326
-0.176
0.784
0.003
-0.407
0.044
-0.103
0.683
0.521
0.106
-0.059
-0.204
-0.719
0.361
0.152
0.251
0.287
0.146
0.146
-0.165
-0.631
-1.727
1.405
-0.101
0.886
0.075
