0.072
0.118
-0.230
-0.049
0.254
-0.095
0.328
0.131
0.483
0.595
0.314
0.338
0.174
0.348
-0.760
0.042
-0.264
-0.304
0.152
-0.152
0.635
-1.235
-1.478
0.143
-0.174
-0.290
0.270
0.167
0.748
-0.057
0.109
0.050
0.176
0.268
0.101
2.418
2.020
2.293
0.499
1.613
2.101
3.334
-0.137
0.071
0.391
-0.236
0.081
0.001
1.592
2.046
2.133
1.354
2.346
2.861
1.791
1.285
1.648
0.080
0.936
2.956
1.070
0.655
1.434
1.571
1.489
2.955
1.370
0.804
0.076
0.147
0.691
-0.174
0.084
0.582
-0.956
-0.073
-1.036
-1.154
2.385
-0.289
-0.723
0.817
0.083
0.499
-0.643
0.467
0.924
2.202
0.723
-0.011
0.077
-0.330
-0.167
0.711
0.399
0.100
-0.157
-0.064
1.555
0.974
0.108
0.001
0.255
0.247
0.312
-0.304
0.094
-0.694
0.091
0.093
0.129
0.075
-0.173
0.094
0.003
0.076
0.089
-0.279
0.095
0.017
0.094
0.039
0.084
0.080
0.094
1.097
-0.472
-0.586
-0.349
0.330
0.022
-0.103
0.081
-0.582
-0.933
0.736
0.254
-0.056
-1.258
0.139
0.081
-2.328
-1.371
0.144
0.023
-0.223
0.125
0.665
0.896
1.637
1.643
-0.391
0.936
1.820
1.433
2.661
2.516
1.320
1.605
0.018
0.926
1.687
0.589
0.081
-0.640
0.078
1.604
0.415
0.430
1.239
1.738
-0.222
0.151
-0.247
1.130
1.230
0.745
0.725
0.109
0.745
-0.028
1.212
-0.338
0.872
0.574
0.081
0.367
-1.070
0.197
-0.110
-0.144
0.570
0.069
-0.196
-0.168
-1.359
0.751
0.576
0.807
0.189
0.584
0.531
-0.281
-0.088
0.198
0.001
2.620
1.489
0.961
0.064
0.115
-0.055
-2.193
0.146
-0.286
-0.813
-2.302
-0.214
2.136
2.176
0.841
2.432
0.511
1.461
1.463
0.767
0.880
0.561
1.288
0.484
0.081
1.947
1.579
1.248
4.607
0.199
-0.311
0.458
0.023
0.955
0.401
0.661
0.539
-0.314
2.504
-0.049
0.432
-0.792
1.960
1.543
-0.088
1.060
0.563
-0.411
1.261
0.247
1.993
-0.474
0.788
1.374
0.274
0.288
0.955
0.685
-2.216
0.526
-0.509
-0.831
0.257
0.262
-0.157
1.060
0.113
-0.591
1.252
0.081
0.081
-0.074
0.639
0.081
0.121
0.839
0.164
1.457
1.498
0.104
0.081
-0.075
-0.049
0.141
0.556
-0.187
-0.003
0.069
0.080
0.081
-0.699
-0.466
2.791
-0.519
0.228
0.090
0.163
1.671
-0.113
-0.269
-0.614
-2.482
-0.682
-1.174
-0.136
-0.874
0.269
-1.557
-0.763
2.214
0.387
-0.316
-0.206
0.033
0.281
-0.181
0.382
0.461
0.311
0.279
0.674
0.137
-0.171
1.377
1.253
0.726
0.420
0.726
0.358
1.029
0.407
0.212
0.095
0.152
0.562
1.639
-0.410
0.128
0.223
-0.485
0.228
-0.416
-0.310
3.287
0.844
0.862
1.085
1.297
0.548
0.378
1.345
1.763
1.005
-0.149
-0.156
0.239
0.134
0.494
0.487
1.346
1.473
0.078
2.895
-0.160
0.719
0.621
0.921
0.312
1.419
-0.528
-1.057
-0.883
-0.071
-0.638
-0.420
-0.367
-1.191
-0.216
0.324
0.076
0.090
-0.138
1.124
0.074
-0.790
-0.186
-0.148
-0.007
-0.296
0.695
-0.159
0.636
0.247
1.814
1.479
-0.114
0.765
0.762
0.323
-0.194
-0.072
1.246
2.799
-0.099
0.059
-0.209
0.678
-0.138
0.515
-0.413
0.312
0.865
-0.354
1.115
0.566
1.053
0.215
0.439
0.241
0.488
0.443
0.070
-0.013
-0.528
0.045
-0.399
-0.171
0.470
0.081
1.327
1.130
0.081
0.030
-0.615
-0.244
-0.064
-0.172
-0.320
0.021
-1.269
-1.189
-1.525
-1.651
-1.492
-0.339
-0.631
-0.551
-0.251
0.097
-0.690
2.137
-0.551
-0.262
2.268
-1.015
-0.543
1.706
-1.119
0.792
-0.010
0.129
0.585
-0.009
0.476
0.115
-0.009
0.231
2.434
0.912
1.355
0.338
0.938
0.085
1.707
2.940
0.114
-0.139
0.433
0.037
0.450
1.448
0.129
1.670
0.781
2.553
1.610
0.236
0.458
0.295
0.540
0.463
0.309
0.748
0.867
1.040
1.548
-0.313
-0.205
-0.689
-0.588
0.114
0.060
-0.816
-0.216
0.162
0.088
0.053
-0.003
-0.322
0.228
0.067
-0.310
0.172
0.549
2.047
1.035
0.905
-0.262
-0.454
-0.423
0.247
0.591
-0.103
0.352
-0.075
-0.232
-0.062
0.256
0.622
0.231
0.645
0.556
0.807
1.287
2.570
1.136
0.805
-0.400
0.858
0.238
1.307
0.269
-0.058
-0.529
0.300
1.001
0.280
0.588
0.414
0.276
-0.150
0.072
0.064
-0.106
0.327
0.301
0.456
0.582
0.734
-0.070
-0.147
0.946
-0.840
2.645
0.998
0.791
-0.090
1.528
1.216
-0.115
0.987
0.036
-0.333
-0.423
0.157
-0.275
-0.953
0.094
-0.760
-0.308
-0.006
-0.300
0.387
0.664
-0.693
-0.006
0.691
0.178
0.202
0.420
0.498
-0.245
0.445
-0.132
0.526
0.443
0.121
1.536
0.539
0.172
0.656
0.274
0.016
1.165
0.358
1.244
0.685
0.397
3.527
0.177
-0.064
-0.648
0.723
-0.296
-0.485
0.103
-1.160
-0.417
0.094
0.210
0.682
-0.025
-0.699
1.140
0.682
-0.288
0.260
-0.471
-1.136
-0.459
1.744
-1.268
0.881
-0.190
-0.555
0.567
0.715
0.093
-0.177
-0.058
-0.926
0.704
0.438
0.506
1.008
0.597
-0.041
-0.122
-0.414
-1.146
0.817
0.163
-0.828
0.114
