-0.147
-0.250
-0.282
0.487
-0.250
-0.194
-0.231
-0.195
-0.014
-0.250
-0.229
1.102
0.865
1.488
-0.102
-0.459
-0.263
-0.273
-0.111
-0.395
0.355
-0.184
-0.485
0.106
-0.036
-0.119
0.003
0.229
0.764
-0.281
-0.170
0.171
0.409
-0.946
0.329
3.420
1.067
2.875
0.337
2.899
1.762
2.664
-0.187
-0.690
-0.230
-0.199
0.539
2.414
3.234
3.412
2.778
2.413
2.213
3.764
1.424
0.894
1.342
-0.088
0.811
1.734
1.423
2.242
1.273
2.554
1.782
1.569
0.302
0.956
0.008
-0.664
0.965
-0.706
-0.440
2.168
1.078
0.070
-0.234
-1.693
1.218
-0.250
-0.178
0.798
-0.630
-0.132
-0.250
-0.867
-0.169
1.681
0.281
-0.779
-1.429
-0.263
-0.219
0.715
-0.223
-0.524
-0.058
-0.250
2.566
1.412
0.362
0.245
0.039
0.120
0.027
-0.500
-0.233
-0.139
-0.250
-0.410
-0.250
-0.239
-0.593
-0.189
-0.525
-0.329
-0.105
-0.631
-0.247
-0.301
-0.200
-0.195
-0.250
-0.217
-0.364
-0.637
0.101
-0.912
-0.710
-0.181
-0.250
-1.940
0.151
0.068
-1.318
-0.524
0.070
0.652
-1.643
-0.244
0.483
-0.795
-0.791
-0.247
0.249
0.266
0.014
0.018
-0.250
1.801
-0.823
-0.277
0.202
0.573
1.088
3.452
4.622
1.551
2.427
-1.787
-0.663
2.812
1.456
0.345
-0.267
-0.147
1.363
0.299
0.485
0.377
1.639
-0.216
0.030
-0.622
-0.326
2.791
1.333
0.113
1.337
0.185
-0.473
2.344
0.249
-0.074
-0.002
0.021
-0.499
-0.624
-0.057
-0.299
-0.053
0.023
0.370
2.394
0.793
-0.992
0.605
1.375
-1.268
1.074
0.259
0.034
-0.250
-0.212
-0.208
-0.336
2.935
3.763
1.983
-0.309
-1.146
-0.439
-1.963
0.396
1.442
-0.570
1.792
-0.228
3.459
3.121
1.664
2.290
0.898
1.149
2.209
0.626
1.228
1.880
1.510
1.423
-0.905
2.473
1.432
2.769
3.088
0.730
-1.771
1.215
0.785
0.139
0.453
1.586
0.911
-0.208
2.564
0.010
-0.143
-0.297
1.044
1.117
1.417
1.583
0.917
0.277
0.831
0.697
-0.446
0.241
0.671
1.728
1.136
1.624
3.082
1.431
-1.359
-0.329
-0.738
0.141
-0.684
0.789
-0.104
-0.252
-0.064
-0.192
1.572
-0.792
0.631
0.210
0.755
0.069
-0.515
0.116
1.246
1.520
0.072
-0.582
0.220
0.036
-0.069
-0.283
1.896
0.059
0.089
-0.193
-0.337
-0.136
2.536
0.349
2.402
-0.647
0.475
1.320
-1.034
1.698
-0.177
-0.761
0.028
-1.395
-0.123
0.571
0.339
-1.055
0.609
-1.586
2.586
2.715
6.092
1.946
-0.227
0.610
-0.192
-0.187
0.166
-0.044
0.206
0.307
0.939
-0.131
-0.250
2.375
1.801
0.159
0.053
1.976
1.327
0.413
0.052
1.084
-0.075
1.074
-0.319
1.748
-1.051
1.381
3.062
0.097
1.343
-0.458
-0.027
3.184
1.563
3.955
2.148
2.467
-0.175
-0.211
1.632
1.741
1.112
-0.062
-0.250
-0.151
-0.120
0.052
-0.212
0.476
3.170
-0.149
3.649
0.139
-0.182
-0.104
1.311
0.405
1.672
-1.297
-0.425
-0.524
0.019
1.906
-0.312
-0.268
-1.773
1.476
0.952
0.709
0.338
1.134
-0.016
-0.018
-0.727
0.247
0.673
1.259
1.063
0.164
0.362
0.375
-0.758
-0.089
2.352
1.696
1.576
0.578
3.148
2.353
1.290
1.660
6.250
0.803
0.970
0.014
0.859
0.267
-0.031
-0.443
0.047
0.489
-0.250
1.001
0.449
-0.033
0.081
-0.213
-1.785
0.859
-0.250
0.128
0.213
-0.257
-0.204
-0.790
-2.174
1.950
0.337
1.642
0.424
1.525
-0.210
-1.723
-1.024
-0.250
-0.430
-0.688
-0.440
-1.415
-1.078
-1.448
-1.834
-0.501
-0.544
-2.064
-0.833
-0.253
0.372
-0.628
0.621
-0.586
-0.737
0.908
-0.879
0.223
-0.890
-0.393
-0.512
-0.841
0.626
0.894
-0.297
0.303
0.896
-0.158
0.040
2.807
1.133
0.865
0.387
4.327
0.962
0.190
0.117
-0.172
-0.454
0.364
-0.348
-0.170
3.300
-0.080
2.407
0.224
2.821
1.965
0.274
0.119
0.114
0.143
0.010
-0.028
2.682
2.648
1.246
2.808
0.402
0.087
0.407
0.182
-0.103
-0.045
-0.195
-0.321
0.608
0.342
0.127
0.715
0.248
-0.434
-0.151
0.412
0.065
0.044
0.635
2.649
-0.030
-0.534
-0.749
-0.149
0.029
2.133
-0.120
0.711
-0.250
-0.158
-0.134
-0.513
1.983
0.735
1.132
0.172
0.647
0.119
2.698
1.545
1.414
0.001
-1.698
-0.087
1.780
-0.097
0.100
0.193
-0.005
0.120
0.478
0.220
0.524
0.706
0.296
-0.198
-0.148
-0.117
0.649
1.522
0.129
0.214
4.146
0.028
0.171
1.088
-0.094
3.618
0.594
0.748
0.180
0.016
0.683
-0.347
-0.205
0.455
-0.204
-0.199
-0.118
-0.250
-0.217
-0.244
-0.276
-0.250
-0.214
-0.183
1.209
0.397
-0.215
0.276
-1.011
-0.531
-0.230
-0.213
-0.396
-0.295
-0.139
-0.250
0.626
1.218
0.043
1.917
0.500
-0.207
1.053
0.297
0.539
1.728
-0.114
1.709
1.260
-0.074
0.662
1.168
0.047
1.942
0.427
-0.311
0.002
-0.002
-1.023
-0.050
-0.113
-0.339
1.394
-0.250
0.152
1.445
-0.250
-2.032
0.842
-1.042
-0.301
-1.169
-0.251
-1.477
0.386
-0.267
-1.539
1.217
0.236
-0.220
-0.047
-0.250
-0.482
0.554
-0.211
2.302
3.326
0.709
0.503
-0.269
0.647
-2.059
2.051
0.553
-0.130
0.274
