-0.048
0.029
0.153
0.151
-0.110
-0.171
-0.143
-0.098
-0.859
-0.070
-0.171
-0.812
-0.680
-0.367
0.421
0.176
0.218
0.213
-0.025
-0.086
0.134
2.374
0.703
-0.058
0.157
-0.061
0.549
0.654
-0.230
0.122
-0.169
0.068
0.360
-0.080
0.160
-2.694
-1.690
-3.161
-0.814
-1.514
-2.370
-3.752
-0.005
0.049
-0.221
0.690
-0.058
0.056
-0.840
-1.380
-1.882
-1.934
-2.423
-2.750
-2.610
-1.809
-1.563
-0.055
-0.661
-3.585
-1.335
-1.100
-1.714
-2.184
-1.443
-3.368
-1.793
-0.791
0.527
-0.294
-1.248
0.242
0.919
-0.281
-0.201
-1.217
-0.053
1.507
-1.890
0.083
1.200
-1.279
-0.094
-0.156
1.475
-0.324
-1.582
-2.598
-0.385
-0.032
0.167
-0.219
-0.076
-1.121
-0.032
0.017
-0.032
0.234
-0.927
-0.387
0.005
-0.079
0.184
0.431
-0.069
0.185
0.139
0.204
0.240
0.405
-0.023
-0.128
0.054
0.246
0.266
0.234
0.199
0.400
0.224
0.108
0.122
0.233
0.038
0.271
0.381
-1.996
0.496
0.949
1.126
0.271
0.057
0.190
-0.253
-0.032
0.580
-0.137
0.408
-0.308
0.520
-0.691
-0.450
3.636
3.375
-0.093
-0.004
-0.074
-0.152
-1.086
-0.991
-0.717
-0.076
-0.032
-0.614
-1.331
-1.012
-2.736
-1.664
-3.800
-1.618
-0.032
-0.528
-1.417
-0.389
-0.128
0.456
0.071
-0.405
-0.501
-0.321
-0.206
-0.998
1.665
0.378
0.406
-0.947
-1.419
-1.875
-0.425
-1.611
-0.732
0.073
-1.004
-0.019
-0.502
-0.221
-0.577
-0.741
0.898
-0.001
1.069
0.108
-0.108
0.522
-0.238
-0.163
0.290
-0.341
-0.289
-0.076
-0.280
-0.452
-0.110
0.013
-0.059
-0.058
-0.120
-3.006
-3.070
-0.797
0.325
-0.086
-0.032
0.584
0.105
-0.043
1.861
0.165
0.145
-3.257
-2.516
-1.199
-2.283
-0.226
-1.567
-1.311
-0.598
-1.413
-1.168
-1.432
-1.237
-1.138
-2.641
-2.082
-1.072
-3.243
0.518
0.169
-0.327
0.437
0.036
-0.032
-0.372
-0.232
0.403
-3.970
-0.110
-0.032
-0.028
-1.238
-1.630
-0.140
-1.193
-0.345
0.105
-1.431
-0.775
-2.475
0.508
0.461
-1.007
-1.001
-0.314
-0.150
-0.820
0.705
-0.041
0.974
-0.059
0.094
-0.237
0.258
-0.729
0.229
0.573
-1.169
-0.032
-0.354
-0.105
-0.297
0.376
0.565
-0.510
-0.425
-0.646
-0.783
0.361
-0.497
-0.070
-0.009
-0.096
-2.743
2.290
-0.034
-0.020
0.128
-0.492
-0.102
-0.264
-2.869
0.574
-0.776
-0.537
-0.259
-0.823
-0.098
0.376
0.821
4.154
2.520
0.305
-0.042
1.680
-0.134
0.776
-0.877
-2.113
-0.465
0.376
-0.028
0.149
-0.040
0.006
-0.117
-0.040
-0.047
0.245
-0.294
0.075
0.042
-2.156
-0.551
0.359
0.081
-0.735
-0.135
-1.063
-0.394
-0.230
0.211
-0.129
-0.665
-0.688
0.467
-0.623
-0.074
0.140
-0.412
0.109
0.255
-3.140
-1.416
-0.880
-1.941
-1.190
-0.582
-0.379
-1.962
-2.355
-1.328
-0.032
-0.032
0.024
-0.639
-0.389
-0.226
-0.407
-0.737
-0.036
-1.284
-0.017
-1.143
-0.438
-1.068
-0.263
-1.031
-0.079
-0.032
-0.032
-0.113
0.794
0.316
0.197
1.590
-0.388
-0.032
-0.039
0.332
0.179
-0.032
0.490
0.256
0.026
0.739
0.021
0.023
-0.542
-0.032
-1.248
0.755
-1.416
-0.537
-0.127
-0.459
-0.847
-0.032
-0.525
-0.661
-1.874
-1.734
-0.154
-0.287
-0.120
-0.032
0.653
-0.553
0.230
-0.506
-0.329
0.388
-1.154
-0.546
-0.734
0.011
-0.195
-0.040
-1.006
-0.540
-0.218
0.342
0.466
-0.040
0.255
0.092
-0.166
0.128
-2.111
-0.862
0.068
0.268
2.272
1.332
-0.233
0.185
0.267
0.149
1.424
0.723
1.558
0.890
0.669
-0.032
0.799
1.052
0.184
-0.261
1.031
-1.864
0.819
0.515
-1.346
0.525
-0.132
-2.778
0.567
-0.894
-0.566
-0.036
0.022
-0.101
-0.314
-0.081
0.253
-0.066
-1.834
-0.410
-3.052
-0.730
-0.286
-0.184
-1.092
-1.474
-0.066
0.105
-0.167
0.112
0.904
-1.765
-0.062
-0.975
-0.343
-2.825
-1.193
-0.211
-0.252
-0.489
-0.820
-0.059
-0.142
-0.240
-2.359
-0.950
-1.329
-0.198
0.137
0.081
-0.266
-0.436
-0.205
0.459
-0.338
-0.371
-0.395
-0.153
-0.093
-0.229
-0.121
-0.529
-1.010
-0.180
-0.568
-1.488
-1.138
-0.363
0.066
1.366
-0.015
-0.047
0.193
-0.088
0.029
0.007
-0.032
-0.055
-0.265
-1.113
-0.145
-1.321
-0.445
-0.791
-0.757
-2.882
-0.965
-1.040
0.317
-1.201
-0.286
-0.871
0.004
-0.135
0.256
-0.193
-1.035
-0.671
-0.302
-0.375
-0.068
0.307
-0.333
0.037
0.173
-0.547
-0.165
-0.130
-0.489
-0.148
0.260
0.302
-0.730
0.167
-2.374
-0.993
-0.117
-3.526
2.408
-0.287
0.049
-0.326
0.925
-0.113
0.162
-0.198
0.119
0.617
0.280
0.270
0.255
0.192
0.256
-0.852
-1.026
0.641
0.056
-0.338
0.136
-0.206
-0.387
-0.222
-0.262
-0.196
0.030
-0.179
-0.619
-0.062
-1.133
-0.569
-0.515
-1.553
-0.962
-0.076
-1.023
-0.273
-1.778
-1.047
-0.838
-4.079
-0.977
-0.034
-0.200
-0.406
0.908
0.006
-0.616
0.839
0.746
-0.403
-0.673
-0.409
0.158
-0.189
-0.905
-0.748
1.511
-0.417
1.144
0.314
0.296
-1.074
0.496
-0.543
0.018
0.179
-0.364
-0.524
0.063
0.374
0.099
0.766
-0.761
0.121
-0.083
-0.570
-0.268
-0.099
0.627
0.473
0.444
-1.225
0.580
-0.174
-0.013
