-0.137
-0.072
0.074
-1.779
-0.022
-0.250
-0.153
-0.258
-0.334
-0.127
0.005
-0.487
0.596
0.069
-0.179
0.089
-0.011
-0.042
-0.651
-0.641
0.026
0.068
-0.194
-0.666
-0.001
-0.250
-0.190
-0.158
-0.524
0.103
-0.060
-0.319
-0.048
0.432
-0.121
-3.106
-0.609
-3.195
-0.702
-2.158
-1.864
-1.666
-0.043
-0.383
-0.023
-0.035
0.043
0.116
-1.392
-1.087
-2.205
-1.549
-2.453
-3.631
-3.045
-1.721
-0.911
-0.451
-0.183
-3.007
-1.981
-2.151
-1.832
-1.955
-1.040
-2.484
-1.577
-0.817
-0.149
-1.162
-1.062
0.273
-0.533
-0.028
-1.811
-1.589
-0.115
0.650
-2.257
-0.025
-0.136
-1.718
0.063
-0.428
-0.125
-0.227
-0.771
-1.638
-0.142
-0.463
0.011
-0.759
0.254
-0.255
-0.160
-0.385
0.173
-0.028
-0.556
-0.677
-0.002
-0.019
-0.358
-0.131
-0.028
0.353
-0.196
-0.085
-0.083
0.731
-0.078
-0.110
-0.049
-0.075
0.034
-0.011
-0.114
-0.128
-0.110
0.140
-0.156
-0.054
-0.029
0.307
-0.009
-1.042
0.068
0.408
0.539
-0.231
-0.052
-0.037
0.194
-0.500
-0.434
-0.447
0.047
-1.043
-0.218
-0.015
-0.092
0.711
0.575
-0.400
0.035
-0.582
-0.366
-0.169
-0.403
-2.087
-0.286
-0.175
-0.790
-2.429
-1.204
-3.935
-3.617
-2.591
-2.979
-1.602
-1.279
-2.066
-1.644
-0.803
-0.014
-0.216
-2.604
-0.202
-0.106
-0.240
-0.790
0.273
0.498
0.866
-0.186
-2.271
-1.019
-0.320
-1.152
-1.622
1.069
-1.525
-0.446
-0.338
-0.227
-0.143
0.507
0.067
0.219
-0.143
-0.022
-0.849
-0.016
-2.224
-0.589
0.126
-0.966
-0.794
-0.156
-0.474
-0.439
-0.138
0.041
-0.014
0.047
0.105
-2.239
-1.072
-1.129
-0.031
1.679
-0.874
0.034
-0.672
-0.317
-0.566
0.161
-0.031
-1.749
-2.341
-2.708
-1.335
0.080
-1.104
-1.991
-0.578
-1.540
-0.931
-1.813
-0.885
-0.820
-1.851
-2.040
-2.121
-3.973
-1.331
0.294
-1.279
-1.184
-2.129
-0.039
-0.769
0.883
0.057
-0.768
-0.615
-0.057
-0.793
-0.139
-0.147
-0.029
0.106
-0.752
-1.250
-0.960
-0.352
-1.620
-0.238
-0.052
-0.811
-0.575
-0.248
-0.305
0.017
2.106
-0.394
0.848
0.154
-0.066
-1.596
-0.198
0.178
-0.036
-0.283
-0.274
-0.014
-1.932
-1.097
0.387
0.092
-0.151
-0.308
-0.500
-1.235
-0.176
0.400
0.062
-0.081
-0.477
-0.240
-1.206
0.043
-0.153
0.121
0.419
-0.229
-0.215
-0.328
-0.971
0.792
0.144
-2.107
-0.228
-1.191
0.384
1.041
0.208
0.828
0.803
0.466
-1.568
0.443
0.425
-0.671
-0.489
-1.159
-1.122
-0.071
0.152
0.184
-0.014
-0.014
-0.065
0.054
-0.406
-0.120
-0.529
0.078
-0.073
-1.491
-1.782
-0.182
-0.361
-0.871
-0.162
-1.152
-0.172
-0.026
0.008
-0.006
-0.220
-0.492
0.108
-0.026
-0.287
0.092
-1.118
0.243
0.174
-3.016
-2.135
-1.839
-2.290
-1.908
-0.580
-0.281
-1.488
-1.639
-0.455
-0.014
-0.077
-0.014
0.664
-0.441
-0.418
-0.339
-1.311
-0.242
-2.645
-0.207
-1.646
-1.199
-1.235
0.110
-1.900
0.405
-0.124
-0.010
-0.089
-0.320
0.161
-0.041
1.592
0.018
0.117
-0.558
0.222
-1.585
-0.217
-0.043
0.071
-0.014
-0.172
0.173
-0.107
-0.688
-0.144
-1.451
-0.405
-1.259
-2.899
-1.379
-2.963
-0.984
-1.113
-0.242
-0.250
-0.651
-3.891
-0.210
-0.014
-0.798
-0.367
-0.851
-0.177
0.092
-0.504
-1.107
-0.210
-1.206
-0.061
-1.018
-0.187
-0.653
-1.690
0.025
-0.272
-0.091
-0.095
0.093
-0.028
-0.071
0.886
-0.358
0.119
-0.692
-0.344
0.166
-0.114
1.230
0.850
-0.126
0.084
0.603
0.051
1.194
0.764
0.140
0.403
0.883
0.103
0.340
0.461
0.976
-0.090
0.271
-0.474
-0.014
-0.014
-0.162
-0.038
0.604
-0.502
0.815
-0.577
-0.390
-0.462
0.197
-0.478
-0.301
-0.480
-0.279
-0.055
-0.204
-0.024
-0.624
-0.409
-1.065
1.365
-0.014
-0.246
-0.444
-0.316
-0.077
0.165
-0.481
-2.540
-0.592
-2.186
-0.584
-1.570
-0.611
-1.139
-0.348
-0.428
-0.340
-0.241
-0.679
-0.664
-1.844
-0.552
-3.069
-0.179
0.086
-0.226
-0.038
-0.192
-0.240
0.397
-0.444
-0.444
-0.411
0.418
-0.186
0.284
-0.233
-0.503
-0.014
-0.313
-0.191
-1.122
-1.414
-1.642
0.122
-0.081
-0.023
-0.354
-0.451
-0.150
-1.059
0.178
0.443
-0.189
0.676
-1.030
-0.456
-0.876
-1.047
-0.212
-1.132
-2.230
-1.041
-1.694
-0.236
-0.858
-0.089
-0.062
-0.111
0.177
1.525
-0.172
-0.164
-0.559
-0.200
0.306
-0.300
0.668
-0.231
0.050
-0.243
-0.974
-0.195
-0.315
-0.575
-0.689
0.222
0.229
-0.518
-0.175
-1.013
-1.510
-1.553
-0.023
0.048
-0.749
-0.206
-1.780
0.452
-0.212
0.228
-0.483
-0.587
0.634
-0.014
0.087
-0.175
0.126
-0.295
-0.829
-0.484
0.175
0.170
-0.051
-0.124
0.181
-0.393
-1.002
-0.393
-0.590
0.191
-0.798
-1.609
-0.357
-1.764
-0.711
0.469
-1.377
-1.710
-0.471
-1.368
-0.217
-1.166
-1.117
-0.610
-0.142
-0.956
0.438
0.289
-0.901
0.291
0.241
-0.044
0.390
0.432
0.318
0.060
-1.820
-0.325
-0.361
-0.188
-0.087
-0.169
-1.866
0.421
0.584
0.396
-0.335
0.131
-0.238
-0.014
0.365
-0.672
-1.256
-0.033
-0.190
0.083
-0.037
-0.691
-0.663
-1.507
-1.894
-0.433
-0.257
0.142
-0.134
-0.449
-2.805
-0.211
0.077
-0.068
