-0.277
0.079
0.001
0.130
-0.270
0.214
-0.326
0.125
-0.372
-0.032
0.040
-0.414
0.063
-0.118
0.054
0.164
0.361
0.291
0.123
-0.303
-0.564
1.254
0.473
-0.333
-0.004
0.104
-0.345
-1.156
-0.031
0.051
0.114
-0.100
0.015
-0.141
0.110
-2.727
-1.898
-3.054
-0.648
-1.325
-1.856
-4.726
0.210
0.975
-0.039
0.447
-0.423
0.165
-2.544
-2.107
-2.509
-1.379
-2.866
-3.745
-2.986
-1.518
-1.432
0.165
-1.051
-3.495
-1.560
-1.742
-1.748
-2.223
-1.571
-2.728
-1.077
-0.933
-0.294
-0.295
-0.665
0.309
0.324
-0.591
0.130
-2.857
0.175
1.074
-2.596
0.049
-0.329
-1.532
0.122
-0.243
0.569
0.332
-0.467
-2.675
-0.771
0.188
0.311
-0.318
-0.144
-0.749
0.088
0.110
-0.117
0.022
-2.228
-1.964
-0.952
-0.459
0.385
-0.467
0.138
0.314
-0.073
0.259
-0.112
0.486
0.179
0.180
0.247
-0.124
0.176
0.200
-0.148
0.579
-0.140
0.134
-0.162
0.055
0.173
0.336
0.426
-1.493
0.666
0.643
0.258
-1.069
-0.055
0.756
-0.366
-0.173
0.950
-0.725
0.059
-0.498
0.347
-0.151
-0.109
0.263
0.339
-0.220
-0.234
-0.811
-0.285
-0.441
-0.386
-1.898
-1.853
-0.150
-0.959
-3.020
-2.147
-3.942
-4.486
-1.974
-3.737
0.736
0.135
-1.425
-0.806
0.116
-0.042
-0.050
-1.103
-0.499
-0.797
-0.606
-1.208
0.570
0.198
0.460
-0.566
-1.884
-2.684
-0.205
-2.879
-0.540
0.110
-1.681
-0.142
-0.514
-0.561
-0.668
-1.030
0.482
0.058
-0.317
-0.023
-0.113
0.214
-0.646
-2.067
-0.012
-0.780
-0.629
0.135
-0.170
-0.143
-0.311
0.105
-0.259
-0.213
-0.218
-2.601
-3.812
-1.283
-0.047
-0.194
0.130
1.560
-0.257
-0.077
0.032
1.208
0.137
-1.982
-2.523
-2.337
-3.138
-0.170
-1.620
-1.700
-0.806
0.306
-0.010
-1.482
-1.075
-0.511
-2.231
-1.702
-1.549
-2.959
1.200
0.932
-0.504
0.116
-0.948
-0.544
-0.358
-0.934
0.434
-2.707
-0.213
-0.388
0.217
-0.350
-1.585
0.141
-0.689
-0.764
0.133
-1.281
-0.682
-1.979
-0.137
-0.284
-1.272
-0.054
-0.258
-0.367
-1.093
1.488
-0.597
0.724
-0.483
0.219
-1.267
0.617
-1.578
-0.149
0.058
-0.654
0.130
-0.895
-0.096
-0.074
0.260
0.727
-0.614
-0.353
-1.580
-1.134
-0.189
-0.522
0.194
0.916
-0.566
-1.350
0.120
-0.046
0.424
0.062
0.061
-0.843
0.152
-2.745
-0.127
-0.157
-1.384
0.203
-0.375
-0.203
-0.244
0.424
0.671
0.286
0.082
0.054
0.815
-0.550
0.922
-0.336
-1.575
-0.242
-0.234
-0.689
0.028
-0.308
-0.157
-0.332
-0.325
-1.065
0.087
-0.586
0.119
-0.002
-2.212
-1.491
-0.172
-0.398
-0.970
-0.450
-1.050
-0.513
0.029
-0.058
0.117
-0.614
-0.640
1.395
-0.388
-0.038
0.111
-0.121
0.348
-0.008
-3.010
-2.311
-1.371
-1.932
-1.678
-0.642
0.061
-1.597
-2.077
-1.257
-0.589
-0.937
0.128
-0.398
-0.084
-0.211
-0.770
-1.004
0.194
-1.916
-0.087
-1.503
-1.195
-1.102
-0.454
-1.125
0.440
-0.247
-0.003
-0.348
0.323
0.116
0.305
0.662
0.002
0.280
-0.152
-0.044
0.107
-0.807
-0.471
-0.378
-0.169
0.130
-0.044
-0.073
-0.203
-0.374
-0.810
-0.174
-1.274
-2.138
-0.907
-1.261
-1.380
-1.181
-0.390
-0.433
-1.589
-1.829
-0.133
-0.017
0.002
0.033
0.276
-0.571
-0.120
-0.368
-0.844
0.118
-1.331
-0.971
-0.739
-0.015
-0.297
0.113
0.036
-0.201
-0.050
0.176
0.867
-0.042
0.086
0.265
-0.694
0.224
-1.557
-0.709
0.045
0.166
2.139
2.513
0.429
0.108
0.474
-0.119
0.293
0.281
0.526
2.042
0.121
-0.093
0.139
0.140
0.328
0.129
0.500
-2.013
0.867
1.171
-1.481
1.162
0.108
-1.010
1.063
-0.787
-0.238
-0.162
0.122
-0.224
-0.710
-0.752
0.800
-0.420
-1.132
-0.214
-1.886
-0.130
0.130
0.021
-1.019
-1.392
-0.041
0.288
-0.199
0.159
-0.007
-1.429
-0.163
-1.644
-0.716
-2.883
-1.779
-0.303
-0.317
-0.244
-0.786
-0.612
-0.533
-1.074
-2.358
-1.132
-1.594
-0.115
-0.133
0.130
0.211
-0.042
0.072
-0.497
-0.188
-0.516
-0.132
-0.668
-0.321
0.287
-0.348
-0.229
-0.083
-0.334
-0.759
-1.589
-1.640
-0.573
-0.055
0.697
0.130
-0.686
-1.090
-0.283
-0.015
-0.264
-0.184
0.202
-0.293
-0.993
0.052
-0.896
-0.701
-0.742
-1.049
-3.117
-0.905
-1.348
0.063
-1.189
-0.010
-0.837
-0.340
-0.098
-0.422
-0.055
-0.537
-0.291
-0.709
0.048
-0.262
0.087
-0.411
-0.018
0.152
-0.640
-0.219
-0.264
-0.730
-0.660
-0.062
-0.157
-0.808
0.209
-3.196
-1.067
-0.435
-0.394
0.345
-0.197
-0.257
-0.404
0.176
0.080
0.156
-0.203
0.051
0.738
0.049
0.311
0.097
-0.024
0.009
-1.964
-2.140
0.028
0.076
-0.066
-0.316
-0.086
-0.167
-0.647
-0.026
-0.204
-0.020
-0.631
-0.151
-0.323
-1.766
-0.941
-0.052
-0.555
-0.330
0.191
-1.276
-0.276
-1.439
-0.116
-0.242
-4.240
-0.986
0.174
-0.656
-0.386
0.448
-0.488
-0.598
0.858
0.434
-0.339
0.071
-0.786
0.403
0.109
-0.996
-0.317
1.074
0.045
0.695
0.847
0.118
-0.025
0.064
-0.703
0.727
0.130
-0.839
-0.810
-0.221
0.084
0.198
0.445
-1.227
-0.324
-0.584
-0.528
-0.529
-0.096
-0.095
0.838
1.802
-1.056
0.401
-0.455
-0.356
