-0.217
-0.035
-0.182
-0.192
-0.037
-0.127
-0.559
-0.166
-0.257
-0.315
-0.565
-0.585
-0.291
-0.406
0.349
0.257
0.291
0.396
0.444
0.124
0.177
1.302
0.413
-0.125
0.032
0.014
-0.157
-0.003
-0.266
0.022
-0.292
0.012
0.568
-0.030
0.132
-3.492
-2.100
-2.570
-0.545
-2.032
-3.046
-4.795
-0.154
0.167
-0.125
-0.070
-0.237
-0.107
-2.497
-1.386
-2.704
-1.989
-3.094
-3.257
-1.762
-1.128
-1.443
-0.064
-1.067
-3.527
-1.249
-1.466
-1.981
-2.535
-2.387
-2.421
-2.254
-0.825
-0.166
-1.347
-1.567
0.123
-0.488
-0.283
-0.915
-1.828
-0.818
0.329
-3.567
-0.069
0.761
-2.079
-0.847
-0.171
0.376
-0.173
-1.175
-2.035
-0.933
-0.564
0.290
-0.654
0.016
-1.160
-1.026
-0.314
-0.073
0.208
-1.538
-1.435
-0.665
0.081
-0.230
-0.515
-0.209
0.266
-0.070
-0.088
-0.169
-0.200
-0.021
-0.133
0.248
-0.129
0.100
0.053
-0.100
-0.007
-0.116
0.675
-0.104
-0.016
0.049
0.090
0.084
-1.786
0.729
1.585
0.346
-0.196
0.025
0.034
-1.160
-1.655
1.506
-0.941
1.030
-1.635
0.092
-1.109
-0.550
0.695
1.483
-0.293
-0.805
-0.046
-0.135
-0.699
-0.761
-3.687
-0.602
-0.155
-0.743
-2.060
-2.208
-3.681
-2.541
-2.904
-4.450
-1.699
-2.249
-2.165
-1.848
-0.578
0.233
-0.129
-0.991
-0.603
-0.041
-0.423
-1.417
0.396
-0.118
0.186
-0.764
-2.002
-2.298
-0.407
-1.234
-1.122
0.264
-2.030
0.496
-0.387
-0.882
-2.872
-0.366
0.195
0.206
-0.101
0.036
-0.690
-0.087
-3.185
-2.032
1.099
-0.325
-0.273
-0.353
-0.034
-0.255
-0.223
0.027
-0.121
-0.208
-0.239
-3.528
-1.281
-0.926
0.190
-0.852
-0.618
0.725
-0.273
-0.546
0.008
0.429
0.284
-2.361
-2.867
-1.468
-2.199
-0.947
-1.551
-1.587
-0.719
-1.661
-1.674
-1.059
-1.143
-1.639
-2.819
-1.354
-1.643
-3.630
0.061
1.390
-0.783
0.454
-0.525
-1.066
-0.829
0.105
0.682
-3.051
-0.078
-0.694
-0.798
-1.263
-1.488
0.411
-0.587
-0.371
-0.279
-1.605
-0.483
-1.720
0.194
-0.239
-1.266
-1.190
-0.407
-0.745
-0.391
1.435
0.320
0.417
-0.288
0.567
-0.385
-0.028
-0.534
0.098
0.013
-1.289
-0.036
-0.591
-0.589
-0.505
0.938
0.231
-0.250
-1.407
-0.805
-1.085
-0.059
-0.559
0.078
-0.040
-0.275
-2.712
0.562
-0.082
0.296
-0.128
0.469
-0.244
0.090
-2.384
0.593
0.269
-1.089
-1.414
-1.174
-0.234
-1.503
0.619
1.211
1.579
0.432
-0.176
1.033
-0.289
-0.114
-0.397
-1.995
-1.115
-0.408
0.186
-0.172
-0.097
0.022
-0.172
-0.085
-0.517
-0.028
-1.304
-0.069
0.075
-1.896
-1.034
-0.187
0.005
-0.377
-0.088
-0.729
-0.207
-0.964
-0.027
0.099
-0.886
-1.339
0.954
-0.534
-0.216
0.036
-1.231
0.119
0.037
-3.093
-2.090
-1.358
-1.784
-1.395
-1.527
0.072
-1.866
-2.902
-1.054
-0.356
-1.059
0.175
-0.367
-1.625
-1.141
-1.284
-1.051
-0.215
-2.186
0.434
-0.691
-0.536
-1.186
-0.214
-1.614
-0.703
-0.197
0.064
-0.244
-0.030
0.339
0.912
1.754
0.288
0.205
0.285
0.296
-0.114
-1.007
0.468
0.943
0.043
-0.004
0.127
0.037
-0.643
-0.055
-0.940
-0.071
-3.379
-0.964
-0.896
-0.716
-0.960
-1.983
-1.466
-0.256
-2.603
-2.158
-0.104
-0.690
-0.095
-0.263
-0.424
-0.544
0.269
-0.157
-0.877
0.143
-1.323
-0.635
-0.727
-0.044
-0.261
-0.777
-1.316
-0.204
-0.209
-0.053
0.203
-0.335
-0.023
0.379
-0.174
0.511
-2.139
-0.911
-0.027
0.223
0.893
0.687
0.292
0.727
0.403
-0.204
0.868
0.782
1.012
1.122
0.633
0.209
0.859
0.397
-0.087
-0.202
0.672
-1.391
0.848
0.160
-1.497
0.583
-0.800
-1.186
-0.261
-1.277
-0.427
-0.296
-0.122
-0.243
-0.600
-1.532
0.021
-0.088
-1.818
-0.567
-3.332
-1.470
-1.028
-0.200
-0.547
-1.853
-0.291
0.227
-0.612
0.235
0.161
-2.275
-0.890
-1.501
-0.801
-3.489
-1.325
-0.841
-0.455
-0.831
-1.338
-0.142
-0.195
-0.720
-2.481
-1.549
-1.902
-0.043
0.035
-0.053
0.138
-0.061
-0.182
0.151
-0.270
-0.411
-0.159
-0.413
-0.152
-0.236
0.031
-0.659
-0.777
-0.777
-0.125
-1.440
-1.971
-1.751
-0.389
0.185
0.212
-0.304
-1.386
-0.121
-0.260
-0.247
-0.180
-0.120
-0.499
-1.039
-0.375
-0.846
-0.102
-0.585
-1.217
-3.467
-1.491
-1.029
-0.020
-0.687
-0.571
-0.801
-0.314
-0.058
1.245
-0.020
-0.858
-1.120
-0.373
-0.509
-0.094
0.328
-0.271
-0.048
-0.043
-0.625
-0.606
0.197
-0.604
-0.583
0.064
0.513
-0.794
0.265
-2.028
-0.631
-0.742
0.025
-0.110
-1.042
-0.132
-1.167
0.038
-0.178
0.120
-0.067
-0.005
0.507
-0.107
0.165
0.020
-0.091
0.084
-1.272
-1.624
0.128
0.078
-0.252
-0.060
-0.172
-0.192
-0.417
0.002
-0.069
-0.051
-0.465
-0.960
-0.248
-1.812
-0.787
-0.845
-0.617
-2.148
-0.120
-0.996
-0.507
-0.997
-1.387
-0.597
-1.451
-1.195
-0.227
-0.478
-0.841
0.341
-0.291
-0.337
0.962
0.105
0.071
-0.781
-1.627
0.238
-0.920
-1.575
-0.576
0.709
-1.316
0.331
0.533
0.534
-0.598
0.659
-0.796
0.294
0.730
-0.902
-0.787
0.157
0.636
0.566
0.606
-1.122
-0.218
-1.441
-0.837
-0.734
0.051
0.031
-0.048
0.451
-2.104
-0.012
-0.681
0.002
