0.312
-0.013
0.027
0.075
0.049
0.073
0.220
0.061
0.321
0.126
0.050
0.049
0.125
0.132
0.260
0.050
0.000
0.016
0.043
0.130
0.232
-0.758
-0.605
0.066
0.050
-0.127
-0.085
0.050
-0.171
0.045
0.293
-0.028
0.030
0.038
-0.012
1.668
1.924
2.670
1.325
1.389
1.722
3.005
0.042
-0.093
-0.069
0.050
0.050
0.050
0.808
2.143
2.086
2.046
1.522
2.334
1.395
0.859
1.154
-0.000
0.152
2.788
0.249
0.153
1.041
2.264
1.215
1.685
1.662
0.691
-0.144
-0.330
1.287
0.117
0.206
0.251
0.050
-0.009
0.027
-1.261
1.106
-0.011
-0.824
1.492
-0.106
-0.068
-0.816
-0.256
0.915
1.896
0.037
-0.115
-0.170
0.230
0.109
1.219
0.750
0.141
0.039
-0.245
0.625
0.481
0.050
0.050
0.007
0.620
0.307
-0.103
0.062
-0.785
0.060
0.048
0.162
0.050
0.060
0.069
0.029
0.050
0.050
0.008
0.059
0.050
-0.039
0.050
0.062
0.039
0.040
0.479
0.010
-0.097
-0.282
0.829
0.064
-0.061
-0.530
0.006
-0.325
-0.287
1.238
-0.567
-1.000
0.102
-0.196
-1.532
-1.291
0.156
0.079
0.050
0.050
0.322
0.550
2.325
-0.234
0.012
0.682
1.049
0.736
2.431
2.088
1.902
1.440
-0.392
-0.001
1.331
2.048
-0.327
-0.439
0.039
0.236
0.050
0.078
0.353
1.016
-0.031
-0.555
-0.476
0.579
2.414
1.260
0.496
0.495
1.527
-0.262
1.377
0.003
0.630
1.159
0.106
0.250
-0.854
-0.084
0.754
-0.038
0.105
-1.516
1.614
-0.063
-1.324
0.203
0.327
0.110
0.050
0.090
0.103
-0.508
0.143
0.010
-0.032
2.569
2.656
0.767
-0.204
0.099
0.190
-1.050
0.209
0.050
-1.550
0.009
-0.119
1.535
2.130
1.956
0.533
0.818
0.882
0.462
0.843
1.628
1.126
0.603
1.387
0.490
1.815
1.668
1.559
2.600
0.074
-0.700
0.046
-0.347
0.966
0.666
0.815
0.063
-0.438
2.788
0.050
0.602
0.167
1.221
1.306
-0.470
0.848
0.420
0.002
0.411
0.073
0.458
-0.246
0.234
1.436
0.300
0.085
1.542
0.937
-0.667
-0.326
-0.516
-0.197
-0.300
0.209
0.052
-0.094
0.091
-0.078
1.325
0.090
0.269
0.030
0.222
-0.007
0.152
0.699
0.050
2.296
1.494
0.040
-0.075
-0.033
0.059
0.120
2.244
-0.325
0.025
-0.041
-0.013
-0.551
-0.028
-1.892
2.127
-0.592
-0.209
1.094
-0.130
0.418
0.261
-0.025
-0.544
-2.061
-0.771
0.050
0.068
-0.371
0.050
0.634
1.035
2.861
0.059
-0.473
-0.420
0.070
0.421
0.066
0.287
-0.054
0.334
-0.105
1.595
0.072
0.050
2.023
2.276
-0.138
0.605
0.340
0.119
1.059
0.172
1.044
0.050
-0.000
0.050
1.532
-0.242
0.206
1.223
0.101
0.495
0.050
-0.046
2.301
1.054
1.640
1.614
1.672
0.925
0.050
1.744
2.069
0.437
-0.439
-0.319
0.104
0.111
0.314
0.310
0.400
0.641
-0.036
1.995
0.041
0.477
0.462
0.454
0.127
0.675
0.050
0.287
-0.003
-0.191
0.879
0.132
-0.461
-1.112
0.537
-0.169
0.110
-0.131
-0.345
0.337
0.691
-0.157
-0.052
-0.087
-0.410
0.217
0.117
0.449
0.358
-0.963
0.645
0.979
-0.542
0.984
0.571
-0.101
0.218
0.296
0.363
1.000
-0.704
0.558
0.277
0.659
0.057
0.050
-0.151
0.050
0.570
0.240
0.968
0.829
1.182
0.050
0.116
-0.629
1.708
0.182
0.103
0.043
0.050
0.092
0.247
-0.541
0.181
-0.838
0.591
0.957
-0.109
0.050
-0.426
-1.379
0.089
-0.824
-0.065
-0.185
-1.052
-1.038
-0.573
-0.926
-0.969
-1.412
-0.828
0.029
-0.020
0.312
-0.335
2.371
-1.026
-0.221
1.288
-0.770
0.996
1.157
0.611
1.763
0.245
0.306
0.386
0.234
-0.133
1.451
-0.083
0.603
1.199
0.172
1.758
0.114
0.278
-0.373
1.212
1.464
0.125
-0.078
0.404
-0.049
0.221
1.960
1.226
1.682
0.625
1.520
-0.178
0.136
0.476
0.052
0.303
0.443
0.058
0.508
1.103
0.789
1.549
0.032
0.050
-0.036
0.032
0.050
0.038
-0.592
0.614
0.748
0.447
0.125
0.179
0.140
-0.026
0.134
0.142
0.200
0.539
0.508
1.568
0.096
0.008
-0.294
0.050
0.112
0.290
0.163
0.350
0.102
0.069
-0.235
0.324
1.038
0.403
1.229
0.909
0.214
0.557
2.798
1.614
1.505
0.050
0.022
0.074
0.504
0.094
0.216
-0.232
0.050
0.538
0.050
0.127
0.050
0.821
0.059
0.050
0.016
0.010
0.596
0.276
0.200
0.574
0.676
-0.084
-0.048
0.910
-0.481
1.534
0.137
0.615
0.100
0.025
0.844
0.050
0.550
-0.263
0.037
-0.062
-0.081
0.050
-0.108
0.050
0.003
-0.029
-0.108
0.050
1.840
2.005
-0.249
-0.138
0.205
-0.103
0.026
0.277
0.193
0.050
0.386
0.031
0.883
0.085
0.073
0.672
0.387
0.937
0.446
0.180
0.050
1.421
0.266
2.062
1.314
1.002
2.215
1.396
-0.042
0.423
0.589
-0.477
0.820
-0.079
-0.192
-0.492
-0.221
0.554
1.392
-0.278
0.034
0.309
0.735
-0.873
-0.067
-0.224
0.036
-0.049
0.050
-0.971
1.700
-0.211
-0.662
1.273
0.203
0.090
-0.142
-0.044
-0.167
0.560
0.050
0.550
0.547
0.295
0.066
0.059
-0.349
-1.896
0.989
-0.044
0.366
-0.091
