0.413
1.858
0.352
0.037
-0.198
-0.649
0.011
0.138
0.471
1.225
0.468
0.271
0.056
0.077
-0.496
-0.389
-0.430
-0.058
-0.202
0.029
1.046
-1.689
-1.534
0.013
0.002
0.188
0.429
0.409
0.404
0.035
0.145
0.142
0.936
0.065
0.414
2.186
1.910
2.211
0.419
1.271
1.602
3.044
0.012
-0.737
-0.034
0.110
0.026
-0.216
1.936
1.286
1.702
2.077
2.701
3.484
1.875
1.012
1.411
-0.006
0.763
3.061
0.906
1.737
1.602
2.049
0.934
2.304
0.846
0.644
-0.250
0.755
1.345
0.045
0.055
0.320
-0.005
-0.005
-0.298
-0.313
2.228
0.113
-0.315
0.831
0.029
0.609
-0.882
0.293
0.678
2.546
0.157
-0.321
0.251
0.219
0.261
0.783
0.267
-0.002
-0.096
0.026
1.476
0.866
0.252
0.378
0.330
0.597
0.007
-0.403
0.017
0.017
0.017
-0.271
0.024
0.709
0.017
0.017
0.017
0.017
0.017
-0.297
0.017
0.017
0.017
0.017
0.017
-0.518
-0.192
2.978
-0.830
0.089
0.072
0.406
-0.009
-0.176
1.275
0.416
-0.264
0.673
0.356
0.274
-0.005
1.093
0.698
-0.005
-1.579
-0.026
0.523
-0.301
0.292
0.291
0.681
2.054
0.381
-0.036
0.926
2.198
2.182
2.595
2.758
2.046
1.577
0.453
0.816
2.413
0.709
-0.586
-0.436
0.023
0.736
0.899
0.421
0.267
1.024
-0.014
0.185
-0.007
0.800
1.289
2.316
0.649
0.153
0.477
-0.222
1.385
-0.179
0.669
0.587
2.230
-0.064
-0.502
0.066
-0.491
-0.206
0.855
-0.153
-0.005
-0.005
-0.347
0.737
0.781
0.458
0.080
0.327
0.393
0.095
0.348
0.759
0.518
3.044
2.333
0.960
0.000
-0.217
0.020
-0.750
0.710
0.505
-1.997
-2.297
0.126
3.780
2.291
1.004
3.071
0.007
2.011
1.334
0.520
0.671
0.420
1.356
0.460
-0.071
1.129
2.024
0.824
2.820
0.134
-1.047
1.240
0.103
0.494
0.364
0.675
0.671
-0.102
4.496
0.096
0.639
-0.387
1.331
1.635
-0.113
1.057
0.285
0.044
1.329
0.677
2.633
0.428
1.152
0.757
0.737
0.969
1.680
0.704
-1.177
0.491
-0.878
-0.243
0.073
0.899
-0.151
0.941
0.006
-0.039
1.993
-0.005
1.926
0.250
0.035
0.026
-0.247
0.673
0.395
1.538
1.193
-0.023
0.652
0.199
-0.240
0.931
1.499
-0.969
-0.095
-0.092
0.280
-0.005
-0.218
1.287
3.591
0.273
0.304
0.685
0.886
4.070
0.234
0.208
-0.696
-1.671
-0.867
0.683
-4.058
-0.717
0.332
0.325
1.313
1.634
0.624
0.295
0.587
0.213
0.064
0.132
0.043
0.014
0.879
0.410
0.703
-0.027
0.018
2.079
2.027
0.738
-0.069
0.598
0.101
0.829
0.170
0.115
0.017
-0.322
0.461
2.442
-0.720
0.660
0.246
0.109
0.380
-0.439
0.109
2.984
1.193
0.946
1.336
0.973
0.270
-0.058
1.229
2.211
0.829
1.114
0.771
0.096
0.685
0.515
0.250
0.513
1.488
0.017
2.261
-0.571
0.692
0.612
0.498
0.554
1.276
0.605
0.354
0.006
0.499
1.036
-1.280
-5.563
-0.012
-0.001
-0.355
0.062
-0.415
1.080
0.699
0.437
-0.304
0.264
-0.260
1.561
0.354
0.193
0.888
1.768
0.174
1.136
2.199
-0.229
1.313
0.839
-0.005
-0.119
0.722
3.467
2.542
0.123
0.244
-0.114
0.235
-0.428
0.448
0.480
0.378
0.868
0.430
1.258
0.443
0.449
0.097
0.171
-0.005
1.026
0.456
0.101
-0.186
-1.635
0.105
-0.381
0.838
0.317
-0.714
1.746
0.415
-0.005
0.155
-1.563
-0.842
0.290
0.041
-0.774
-0.036
-0.154
-0.218
0.424
-0.005
-0.005
0.468
-0.005
-0.225
0.233
0.286
-0.391
2.076
-0.670
-0.471
1.611
-0.800
0.513
2.698
-0.325
1.257
0.372
0.248
-0.133
0.255
0.025
0.817
-0.031
0.314
1.709
0.509
2.445
0.198
0.107
0.474
1.253
2.683
0.143
0.128
0.090
0.168
0.643
1.630
0.438
1.232
0.518
2.420
0.814
0.143
0.180
0.462
1.350
0.263
0.275
0.971
0.804
0.771
0.920
0.108
0.018
0.545
0.015
0.250
0.267
-0.473
0.443
0.443
0.373
0.316
0.277
0.005
0.141
0.425
0.556
0.610
0.485
1.433
1.674
0.394
0.296
-0.210
-0.389
0.328
0.030
0.054
-0.597
0.439
0.297
0.023
0.597
0.965
0.361
1.113
0.516
0.706
1.264
2.990
0.665
0.759
-0.167
-0.003
0.355
0.422
0.542
0.428
-0.266
0.028
0.658
0.423
0.782
0.701
0.308
-0.084
0.385
0.255
0.339
0.525
0.391
0.347
0.363
0.509
0.395
-0.090
0.691
0.037
3.936
1.015
0.507
1.215
0.118
0.037
-0.658
-0.353
0.002
-0.011
-0.423
0.056
0.493
-0.005
0.251
-0.220
0.130
0.338
0.365
0.775
0.267
-0.211
0.220
0.314
0.290
0.324
0.286
0.161
-0.155
0.365
0.003
0.484
0.297
0.083
1.630
0.824
0.055
0.876
0.575
-0.052
0.949
0.492
0.747
0.762
0.599
4.405
0.440
0.204
-1.367
0.688
-0.002
-0.257
0.496
-0.591
-0.256
0.693
-0.365
1.923
0.141
-0.250
1.110
0.869
-0.856
0.409
-0.191
-0.922
-0.740
0.229
0.340
-1.507
-0.182
-0.564
0.571
0.652
0.017
-0.266
0.017
-1.158
0.400
0.592
0.634
0.791
0.143
0.464
0.325
-1.182
-5.372
1.481
0.133
0.297
-0.036
