0.581
-0.038
-0.026
-0.093
-0.286
-0.036
-0.019
-0.448
-0.038
0.144
-0.471
0.151
-0.205
0.009
0.074
0.170
0.025
0.024
0.046
0.453
-0.728
0.650
-0.015
0.059
0.075
-0.083
-0.111
-0.014
-0.155
0.021
-0.047
-0.123
0.110
0.118
-0.008
-1.654
-1.819
-1.771
-0.557
-2.084
-1.139
-1.962
-0.101
0.882
0.917
-0.262
-0.278
-0.600
-0.922
-0.492
-1.258
-2.015
-0.439
-2.438
-1.638
-0.174
-1.080
-0.328
-0.285
-2.305
-1.885
-0.847
-0.804
-1.773
-0.954
-1.453
-1.321
-0.645
-0.200
-0.277
-0.844
0.312
0.658
-0.123
0.084
-1.492
-0.932
0.541
-2.522
0.279
1.129
-0.634
-0.785
-0.038
0.348
-0.017
-0.096
-2.072
0.025
-0.119
0.102
0.429
-0.092
-0.735
-0.168
1.183
0.366
-0.034
-0.655
-0.127
-0.223
-0.010
-0.028
-0.038
-0.045
0.136
-0.026
0.026
0.046
0.480
0.057
-0.036
0.174
0.236
0.390
0.004
-0.045
0.298
0.019
0.204
-0.014
-0.038
0.075
-0.038
0.292
-0.915
0.095
1.704
0.131
-1.115
-0.031
0.490
1.169
0.917
1.200
0.143
0.676
-0.038
0.575
-0.056
0.474
2.614
3.033
-0.624
0.171
-0.066
-0.400
-0.392
-0.174
-2.451
-0.280
0.271
-0.217
-1.377
-1.689
-2.965
-2.481
-0.759
-1.303
0.484
0.966
-0.982
-0.038
-0.138
0.411
-0.142
-0.508
-0.059
-0.461
-0.744
-0.481
0.327
-0.005
0.067
-0.038
-1.284
-0.082
-0.089
-0.704
-0.100
0.041
-0.914
0.194
-0.310
-0.533
-0.038
-0.028
0.053
0.082
-0.026
-0.074
-0.142
-0.349
-1.704
-0.679
1.512
-0.627
-1.145
-0.215
-0.622
-0.642
-0.332
0.119
-0.027
-0.046
-0.027
-1.746
-1.466
-0.762
-0.038
1.259
-0.385
0.565
0.241
0.219
2.028
-0.418
0.119
-1.464
-1.370
-0.318
-1.936
-0.789
-1.422
-1.793
-0.073
-0.584
-0.623
-1.069
-0.282
-0.467
-1.415
-1.308
-1.300
-2.148
0.114
1.253
-1.545
0.295
-0.363
-1.048
-0.098
0.732
-0.044
-0.548
-0.087
-0.374
0.070
-1.439
-0.331
0.118
-0.291
-0.064
0.729
-0.776
-0.103
-0.495
0.519
0.128
-1.345
-0.713
0.103
-1.549
-0.354
0.819
1.344
0.135
0.119
-0.038
-1.158
0.050
0.077
-0.034
0.003
-0.829
0.276
-0.133
-0.102
-0.154
-0.038
-0.038
-0.088
-0.622
-0.760
-0.059
0.050
0.165
-0.046
-0.038
-0.049
-0.356
-0.045
0.062
-0.038
0.075
-0.111
-0.025
-0.046
-2.223
0.195
0.113
-0.170
-0.040
-1.709
0.313
-0.268
0.130
1.658
0.775
0.400
-0.024
0.087
-0.172
0.855
0.605
-1.920
0.225
0.329
-1.056
0.147
0.072
-0.010
-0.710
-0.446
-0.038
-0.038
-0.394
0.332
-0.038
-1.952
-0.864
-0.078
0.026
-0.318
-0.081
-0.301
-0.038
-0.351
-0.051
-0.176
-0.027
-0.989
2.082
-0.334
0.030
-0.020
0.743
0.009
-0.042
-2.590
-1.606
-1.203
-0.203
-1.254
-0.145
-0.060
-0.708
-1.173
-0.820
0.018
-0.038
0.043
-0.038
-0.068
-0.038
0.028
-0.421
-0.211
-1.947
-0.108
-1.247
-0.188
-0.584
-0.311
-0.435
0.427
-0.032
0.856
-0.038
0.437
-0.038
-0.038
1.133
0.156
0.418
-0.023
-0.002
-0.068
-0.187
-0.075
0.183
-0.239
0.202
0.314
-0.044
-0.371
-0.141
-0.693
0.915
-1.739
-1.044
-0.649
-0.576
-0.566
-1.374
-1.195
-0.392
-2.869
-1.791
0.098
-0.365
-0.221
-0.069
1.025
-0.464
0.088
0.020
-0.305
0.187
-0.446
-0.248
-0.611
-0.021
-0.911
-0.031
-0.156
-0.212
-0.075
-0.038
-0.114
-0.133
-0.303
0.105
-0.164
1.191
-0.416
-0.532
-0.284
-0.038
0.847
1.465
0.073
0.052
0.051
-0.038
0.954
0.474
1.020
0.469
1.349
0.241
0.357
0.226
1.689
-0.193
1.416
0.325
0.387
0.297
-0.612
0.469
-0.038
1.109
0.263
-1.099
0.094
-0.353
-0.082
0.315
-0.094
-0.179
-0.010
-0.058
-1.899
-0.214
-0.590
-0.226
-1.181
0.037
-1.308
-1.693
-0.249
0.004
0.075
0.076
-0.038
-1.134
-0.127
-1.682
-0.506
-2.663
-1.236
-0.894
-0.050
-0.642
-0.616
-0.092
-0.587
-0.038
-1.002
-0.535
-1.089
-0.670
-0.077
0.057
-0.038
0.000
0.159
1.398
0.069
-0.077
-0.255
-0.002
-0.028
-0.064
-0.058
-0.038
-0.038
-0.192
-0.170
-1.070
-2.197
-0.315
-0.066
0.308
0.010
-0.070
0.020
-0.038
-0.038
-0.309
0.081
-0.038
-0.191
-0.553
-0.186
-0.958
-0.293
-0.544
-0.529
-3.217
-0.392
-0.341
0.011
-0.402
-0.054
-0.094
0.124
0.036
1.319
-0.038
-0.038
-0.010
-0.467
-0.247
-0.145
-0.316
-0.052
0.078
-0.033
0.011
-0.126
-0.496
0.020
-0.355
0.467
0.070
-0.089
0.790
-2.628
-0.368
-0.717
0.179
-0.131
-0.317
-0.038
-0.127
-0.299
-0.002
0.328
-0.040
0.091
0.520
-0.186
-0.226
-0.029
-0.483
-0.192
-0.627
-0.691
0.113
0.127
-0.053
-0.052
-0.005
-0.058
1.818
0.024
-0.279
0.051
-1.723
-0.492
-0.364
-1.495
-0.321
-0.638
-0.823
-0.498
-0.145
-1.672
-0.071
-0.537
-0.349
-0.183
-0.517
-1.074
0.108
-0.430
-0.497
-0.040
0.121
0.070
0.846
-0.038
-0.038
-0.012
-1.279
0.200
-0.466
-0.548
-0.154
1.056
-0.131
0.541
0.952
1.508
0.028
1.556
-1.036
-0.311
0.675
-0.922
-1.631
-0.052
0.041
0.072
2.638
-0.292
-0.056
-0.481
-0.571
-1.375
-0.098
-0.151
0.229
0.426
-1.054
0.277
0.315
-0.270
