0.090
0.105
0.034
0.048
0.118
-0.011
0.156
0.327
0.201
0.107
0.449
-0.068
0.140
0.159
-0.242
0.027
-0.179
-0.149
0.192
-0.236
0.022
-1.016
-0.475
0.163
0.090
0.158
0.090
0.086
0.160
0.025
0.140
0.236
-0.191
0.239
0.051
2.700
1.880
2.204
0.602
1.296
1.733
2.824
0.090
0.090
0.090
0.299
0.112
0.090
2.496
1.931
2.090
1.802
2.509
2.948
2.062
1.085
1.697
0.090
1.457
3.167
1.025
1.365
1.213
1.441
1.155
2.161
1.400
0.656
0.240
0.732
0.781
-0.087
-0.381
0.332
2.047
1.798
1.179
-1.670
2.800
0.110
-0.549
1.367
0.587
0.120
-0.753
0.137
0.753
2.577
0.311
0.133
0.052
0.316
0.219
0.784
0.315
-0.002
0.079
-0.181
0.595
0.590
0.087
0.034
0.168
0.122
0.106
0.056
0.116
0.095
-0.049
0.058
0.055
0.102
-0.106
0.065
0.036
-0.013
0.038
-0.061
-0.003
-0.043
0.116
0.088
0.004
0.039
0.069
1.401
-0.456
-0.776
-0.320
0.121
0.090
0.040
0.173
-0.583
-1.047
0.738
0.894
0.014
-2.116
0.115
0.199
-1.947
-1.602
0.077
0.090
0.090
0.090
0.090
0.259
2.041
0.729
0.145
0.832
1.668
0.992
3.905
2.936
2.729
2.281
0.074
0.589
2.085
1.821
0.419
-0.496
0.030
0.765
0.856
0.245
0.404
0.614
-0.220
-0.570
-0.549
0.740
1.196
1.430
0.427
1.428
0.697
-0.236
1.643
-0.013
0.687
0.118
0.390
0.185
-0.321
-0.367
-0.022
0.042
1.271
0.314
2.167
1.650
-0.508
0.305
0.090
0.339
0.523
0.362
0.148
0.056
0.138
0.121
0.087
2.304
2.024
1.128
0.090
0.830
0.080
-0.983
0.325
0.476
-1.894
-0.128
-0.198
1.634
2.037
1.468
2.110
0.669
1.234
1.817
0.523
0.852
0.833
1.632
0.800
1.169
2.256
1.350
1.223
3.275
-0.271
-1.273
1.091
0.063
0.581
0.084
0.747
-0.047
0.070
1.842
0.036
0.090
-0.603
0.551
0.857
1.440
0.811
0.850
0.133
0.276
0.457
1.514
0.041
-0.512
0.894
0.751
0.135
1.133
0.496
-1.859
0.404
-0.391
-0.141
-0.237
0.665
0.053
0.891
0.085
-0.176
1.179
0.090
0.150
0.306
0.504
-0.340
0.146
0.530
1.284
1.290
1.040
0.090
0.005
0.090
0.090
0.169
1.657
0.095
0.049
-0.193
-0.119
-0.076
-0.201
-0.083
1.136
0.022
-0.088
0.875
0.306
1.458
0.024
-0.106
-0.901
-1.988
-0.927
0.960
0.167
-0.913
0.652
-0.572
1.104
2.801
0.988
-0.702
0.341
-0.228
-0.012
-0.072
-0.046
0.136
0.342
0.034
0.123
0.090
-0.024
1.316
0.970
0.147
0.614
0.744
0.344
1.149
0.371
0.408
0.098
0.090
0.496
0.737
-0.077
0.121
0.090
-0.102
0.542
0.162
0.155
2.699
1.787
1.221
1.897
1.810
0.233
0.121
1.330
2.239
0.877
-0.102
0.231
0.090
0.725
1.335
1.149
-0.057
0.552
0.104
2.148
0.107
1.177
0.398
1.143
0.391
1.390
0.011
0.143
0.070
0.089
0.090
0.090
0.074
-0.244
0.419
0.527
0.071
0.081
0.184
1.101
1.061
-1.010
0.039
0.041
0.229
-0.294
0.300
0.110
0.815
0.275
1.435
1.926
1.426
0.866
1.209
1.708
1.586
0.254
2.115
2.728
-0.084
0.313
0.064
0.125
-0.528
0.298
0.183
0.420
0.725
-0.209
1.259
0.389
0.965
-0.446
0.052
0.225
0.995
0.247
0.153
0.682
-0.113
0.091
0.026
-0.413
0.622
0.090
1.681
0.400
0.484
-0.501
-1.326
-0.317
-0.276
-0.272
-0.899
-0.012
-0.899
-0.589
-1.159
-1.176
-0.979
0.085
0.293
-0.473
-0.121
0.437
-0.316
2.069
-0.508
0.064
1.850
0.023
0.527
1.462
-0.876
-0.350
-0.187
0.047
-0.062
-0.053
0.458
0.414
-0.639
0.079
2.764
0.116
1.735
0.465
0.537
0.181
0.517
1.735
0.201
0.048
0.557
0.079
-0.315
1.349
0.648
1.815
0.628
1.906
0.511
0.356
0.455
0.400
0.961
0.156
0.598
0.755
2.596
1.661
1.838
0.139
0.137
0.087
0.071
0.008
0.123
-0.168
0.087
0.180
0.298
0.093
0.153
0.016
0.090
0.082
0.903
0.394
0.563
1.519
1.384
0.315
0.064
-0.825
0.090
0.090
1.071
0.073
-0.322
0.084
0.058
-0.017
0.408
0.428
0.090
0.641
0.294
1.194
1.192
2.609
1.106
0.831
-0.038
0.445
0.370
0.926
0.221
-0.035
0.288
0.125
0.690
0.693
0.727
0.831
0.192
-0.261
0.091
-0.022
0.003
0.441
0.507
0.138
0.710
0.207
-0.247
-0.013
0.936
0.058
2.715
0.233
1.102
-0.049
0.619
0.795
0.090
0.801
0.206
0.124
0.085
0.111
-0.323
-0.594
0.041
-0.173
-0.241
-0.193
-0.163
2.467
0.760
-0.509
-0.185
0.180
-0.188
-0.092
0.092
-0.398
0.099
0.101
0.047
0.321
0.494
0.057
1.527
0.521
0.428
0.740
0.638
0.105
1.383
0.517
1.250
0.779
0.241
2.414
1.102
0.119
0.020
0.840
-0.093
-0.316
0.249
-1.385
-0.181
0.077
0.155
0.942
0.350
0.318
0.901
0.219
0.090
1.262
-0.216
-0.789
-0.091
0.522
-0.473
1.202
-0.159
-0.148
0.559
1.178
-0.075
-0.394
-0.193
-0.712
0.610
0.093
0.649
0.351
0.888
0.093
-0.234
-0.488
-0.597
1.446
0.030
0.406
0.165
