0.415
0.005
-0.704
0.157
-0.118
0.444
-0.210
-0.057
-0.200
-0.232
0.026
0.163
-0.021
0.102
-0.023
0.179
0.347
0.307
0.216
0.004
-0.181
0.493
0.035
-0.105
0.215
0.219
-0.319
-0.106
-0.166
0.177
0.167
0.134
0.088
0.164
0.015
-2.416
-1.925
-2.538
-0.622
-1.647
-2.101
-3.224
0.055
0.336
-0.084
0.018
-0.326
0.156
-2.687
-1.609
-2.184
-2.283
-2.202
-2.893
-2.486
-1.074
-0.890
0.163
-0.746
-2.580
-1.011
-1.577
-1.317
-1.826
-1.257
-1.830
-1.014
-1.244
-0.028
-0.070
-0.615
0.125
0.039
-0.122
-1.283
-2.411
-1.733
0.495
-3.158
-0.026
0.475
-1.645
-0.855
-0.047
0.150
-0.513
-1.180
-1.856
-0.682
0.106
0.759
-0.018
0.156
-0.654
0.100
0.129
0.183
0.046
-1.287
-0.516
-0.079
0.697
-0.182
-0.073
-0.364
0.379
-0.039
0.397
0.005
0.238
-0.027
-0.094
0.286
0.051
0.230
0.256
0.005
0.301
-0.014
0.150
-0.013
-0.007
0.230
0.297
0.241
-1.532
0.714
0.800
0.257
-0.129
0.048
-0.324
0.142
0.118
0.576
-0.632
0.305
-0.138
0.195
-0.312
-0.399
1.547
0.638
-0.329
-0.306
0.088
-0.024
-0.805
-0.828
-1.835
-0.665
0.096
-1.061
-1.977
-1.110
-2.526
-1.838
-2.625
-3.098
0.062
-0.673
-2.294
-1.115
0.158
-0.025
0.041
-1.077
-0.803
0.088
0.083
-1.629
0.002
-0.220
0.009
-0.324
-1.378
-1.389
-0.026
-0.965
-0.648
0.075
-1.607
0.122
-0.279
-0.535
-0.399
-0.410
0.666
0.078
0.047
-0.102
0.439
1.269
-0.683
-1.469
0.132
-0.180
-1.093
-0.778
-1.028
-0.166
-0.022
0.286
-0.149
-0.025
-0.045
-2.838
-2.182
-1.155
0.189
-0.351
0.162
0.598
-0.639
-0.495
0.830
-0.138
0.218
-2.129
-1.955
-1.670
-2.617
-0.690
-0.998
-1.026
-0.045
-0.325
-0.841
-1.231
-1.237
-0.876
-1.609
-1.364
-0.592
-3.344
0.259
0.861
-1.419
0.153
-0.141
-0.140
-0.431
-0.386
0.351
-2.574
0.057
-0.385
0.207
-1.043
-1.422
0.114
-1.144
-0.247
-0.103
-1.098
-0.475
-1.380
0.199
-0.092
-0.711
-1.066
-0.185
-0.621
-0.640
1.092
-0.181
-0.173
-0.012
-0.372
-0.649
0.139
-0.427
0.036
0.191
-0.734
0.172
0.370
0.081
-0.232
0.262
-0.194
-0.258
-1.146
-1.637
-0.843
-0.037
-0.043
0.458
0.129
-0.847
0.163
0.435
0.014
0.223
0.005
0.174
-0.125
0.461
-2.701
0.374
0.009
-0.715
0.140
-0.577
0.073
0.088
0.434
1.091
0.237
0.144
-0.161
1.055
-0.272
0.604
-0.203
-2.415
-0.509
0.198
-0.024
0.257
-0.088
0.132
-0.085
0.041
-0.730
0.079
-0.140
0.187
0.064
-2.011
-1.241
-0.285
0.283
-0.115
-0.157
-1.200
-0.340
-0.269
-0.030
-0.031
-0.353
-1.463
0.779
-0.236
-0.150
-0.127
-0.155
0.021
0.094
-2.446
-1.025
-0.799
-1.709
-1.073
-0.296
-0.326
-1.373
-1.951
-0.982
-0.449
-0.174
-0.039
-0.228
-1.480
-1.664
-0.219
-0.802
0.171
-1.911
0.858
-1.277
-0.660
-1.366
-0.343
-1.573
0.222
-0.157
-0.037
-0.452
0.210
-0.449
0.203
0.953
0.024
-0.314
0.427
0.173
-0.061
-1.046
-0.909
0.406
0.209
0.007
-0.786
0.117
-0.306
-0.475
-1.189
0.282
0.163
-0.812
0.626
-0.010
-1.351
-0.375
-1.265
-0.139
-1.819
-2.451
-0.046
-0.499
-0.124
-0.402
0.253
-0.036
0.149
-0.046
-1.158
0.083
-0.818
-0.289
-0.239
-0.034
-0.116
0.153
0.353
-0.066
-0.138
0.075
0.241
-0.006
0.132
0.091
-0.153
0.187
-1.184
-0.611
-0.173
0.217
0.806
0.437
0.160
0.250
0.844
-0.263
0.664
0.563
0.780
0.677
0.500
0.218
0.203
0.580
0.038
-0.825
0.390
-2.029
0.397
0.132
-1.526
0.463
0.068
-1.874
0.793
-0.749
-0.096
0.153
0.292
-0.101
-0.751
-0.719
0.691
-0.257
-1.859
-0.101
-1.839
-2.059
0.127
0.226
-0.913
-1.545
-0.115
0.054
-0.133
-0.527
-1.253
-1.119
-0.291
-1.854
-0.632
-2.561
-0.799
-0.426
-0.445
0.130
-0.894
-0.067
-0.045
-0.978
-1.838
-1.353
-1.612
-0.008
0.086
0.034
0.109
-0.034
-0.033
0.083
0.098
-0.350
0.019
-0.215
0.309
-0.005
-0.052
-0.268
-0.368
-0.421
-0.159
-1.347
-1.879
-0.185
-0.234
0.314
0.213
0.039
-0.704
0.024
0.085
-0.102
-0.057
-0.026
-0.330
-1.374
-0.645
-0.681
-0.463
-0.946
-0.825
-2.363
-0.983
-1.204
0.214
-0.456
-0.104
-0.053
-0.214
0.052
0.372
-0.267
-0.391
-0.710
-0.471
-0.019
-0.343
0.101
0.043
0.037
0.190
-0.245
-0.766
-0.098
-0.381
0.109
-0.056
0.111
-0.678
0.514
-3.353
-1.208
0.030
-0.127
-1.346
-1.144
0.015
-0.417
0.069
-0.570
-0.163
0.058
0.167
0.201
0.048
0.180
0.184
0.058
0.186
-0.929
-0.366
0.195
-0.052
-0.309
-0.019
0.487
0.012
0.211
0.123
-0.146
-0.097
-0.481
-0.806
-0.048
-1.854
-0.857
-0.482
-0.843
-0.190
-0.066
-1.039
-0.980
-0.894
-0.735
-0.318
-2.401
-0.924
-0.106
-0.210
-0.498
0.215
-0.066
0.099
0.483
0.253
-0.490
-0.122
0.034
0.241
0.127
-1.043
-0.733
1.427
0.182
0.131
0.268
0.189
-0.083
0.060
1.767
0.291
0.208
-0.408
-0.374
0.094
0.195
0.182
0.932
-0.706
-0.119
-0.184
-0.537
-0.073
-0.229
0.113
0.682
1.307
0.151
0.028
-0.585
0.170
