0.194
-0.065
0.098
-0.111
0.125
0.157
0.140
0.250
0.328
0.157
0.376
0.445
0.511
0.126
0.157
-0.251
-0.700
-0.620
0.358
0.591
0.137
-1.275
-0.764
-0.078
0.112
0.130
-0.274
-0.173
0.120
-0.229
0.001
0.013
-0.136
-0.129
-0.223
2.476
2.371
2.345
0.418
1.920
1.658
3.228
0.059
-0.057
0.157
0.106
0.519
0.296
2.370
1.050
2.472
2.161
2.054
3.514
2.633
1.905
0.861
0.213
0.741
4.696
0.810
1.546
1.235
1.206
0.806
2.375
1.762
0.336
-0.059
0.123
0.907
-0.103
0.040
0.546
2.314
2.056
1.389
-3.034
3.710
-0.396
-2.087
0.763
1.387
0.210
-1.040
-0.405
0.787
2.456
0.391
-0.167
0.094
0.265
-0.049
0.446
0.308
-0.220
-0.229
-0.395
1.099
0.190
0.086
0.062
0.007
0.383
0.186
-0.159
0.118
-0.060
0.083
-0.722
0.020
0.157
-0.020
0.133
-0.232
-0.020
0.106
-0.587
0.047
-0.153
0.157
-0.253
0.045
-0.575
-0.253
1.021
-0.267
-0.809
-0.355
0.073
0.151
-0.109
1.603
0.072
-0.776
-0.003
-0.842
0.192
-0.650
0.014
0.260
-1.540
-1.563
0.118
-0.675
-0.278
0.247
0.309
0.470
2.831
0.602
-0.031
0.542
1.884
2.868
3.731
3.183
2.929
2.237
0.401
0.659
2.905
1.851
0.272
0.031
0.147
1.721
0.560
0.182
0.279
0.421
-1.112
-0.149
-0.559
0.527
1.814
1.172
0.430
0.802
0.929
-0.223
1.631
-0.253
0.650
0.627
0.490
0.133
-0.262
-0.529
-0.166
-0.147
0.612
-0.079
2.663
2.586
0.148
0.527
0.232
0.068
0.145
0.157
0.184
-1.455
0.215
0.228
0.250
2.855
1.279
0.800
-0.561
0.350
0.189
-1.051
0.249
0.157
-1.150
-0.144
0.005
2.009
2.337
1.034
2.039
0.529
2.211
0.944
1.154
1.276
0.448
1.013
1.121
0.482
1.731
0.836
1.730
3.807
-0.336
-2.900
0.437
-0.038
0.533
0.625
0.489
-0.029
-0.101
2.830
0.034
0.557
0.095
0.353
1.927
-0.235
0.805
0.305
-0.028
0.720
0.369
1.557
-0.373
0.058
1.324
0.772
0.434
0.738
0.226
-1.674
0.095
-0.358
0.110
-0.510
1.557
-0.005
0.998
0.077
-0.803
1.408
0.049
0.808
-0.022
0.157
0.197
0.080
0.499
0.982
0.957
0.767
-0.076
0.963
-0.051
0.113
0.293
1.307
-0.133
0.112
-0.631
-0.376
-0.354
0.609
-0.183
2.219
-1.133
-0.671
1.272
0.276
1.327
0.068
0.870
-1.036
-1.597
-1.827
0.114
0.107
-3.467
0.215
-0.359
0.071
1.537
0.588
-0.741
-0.880
-0.471
0.145
0.055
0.151
0.125
0.700
-0.092
0.258
-0.170
0.149
1.337
1.327
0.006
0.096
0.559
0.205
1.263
0.260
0.363
0.147
0.224
0.346
1.107
-0.531
0.701
0.564
0.065
0.199
-0.009
-0.122
3.186
2.391
0.953
2.671
1.994
0.443
0.188
0.743
2.103
0.669
0.156
0.019
0.157
0.413
1.306
0.881
-1.329
1.040
0.184
3.269
-1.264
2.403
0.998
1.036
0.097
1.600
0.586
0.274
-0.026
0.167
-0.981
0.355
-0.776
-2.611
0.550
0.647
0.218
0.104
1.191
0.297
0.660
-1.057
0.202
0.107
0.176
-0.169
0.544
0.388
1.036
-1.531
2.962
1.605
1.443
0.732
1.161
1.330
0.436
0.262
3.239
3.236
0.007
1.213
0.202
0.182
-0.054
0.458
-0.183
0.157
0.694
0.155
0.719
0.325
0.406
-0.564
0.285
0.463
0.857
0.157
0.046
-0.534
-0.792
0.157
-0.335
-0.635
0.265
-0.708
1.891
1.234
0.119
-0.523
-1.927
-1.060
-1.051
0.037
-0.613
-0.271
-0.996
-1.070
-1.024
-1.116
-1.228
-0.233
-1.152
-0.568
-0.152
0.357
-0.224
1.943
-0.840
-0.102
0.200
-1.081
-0.875
0.616
-1.396
-0.491
0.015
-0.109
-0.453
-0.032
0.125
0.825
-1.157
0.312
2.218
0.155
1.550
0.498
0.223
-0.224
0.136
1.998
0.174
0.032
0.422
-0.499
0.328
2.217
0.491
1.639
0.480
2.590
0.611
0.304
0.197
0.528
0.623
0.291
0.219
0.432
2.266
1.387
2.348
-0.082
0.119
0.123
0.113
0.126
0.157
-1.033
0.201
0.313
0.294
0.132
0.751
0.309
0.157
0.245
0.411
0.191
0.205
1.508
2.299
0.155
0.112
-0.802
-0.190
0.205
0.410
-0.165
-0.874
0.121
0.079
0.052
0.175
1.065
0.311
0.588
0.422
0.389
1.012
4.026
1.078
1.138
-0.121
0.363
0.371
0.125
0.110
0.177
-1.085
0.239
0.451
0.157
0.418
0.224
0.235
0.052
0.157
-0.182
-0.095
0.167
0.387
0.350
0.481
0.250
-0.124
-0.946
0.873
-1.173
2.703
0.674
0.180
0.033
-0.018
-0.349
0.157
1.535
-0.644
0.157
-0.137
0.160
0.157
-0.450
-0.148
-0.919
-0.646
0.079
-0.324
1.458
0.375
-0.427
-0.008
-0.333
0.096
0.064
-0.248
-0.378
-0.249
0.091
-0.124
0.669
0.532
0.157
1.767
0.285
0.362
0.598
0.600
0.105
1.045
0.397
0.991
0.632
0.642
2.439
1.143
0.144
1.286
0.651
-0.857
0.063
-0.025
-0.736
-0.850
-0.376
0.396
1.177
-0.984
0.186
1.952
1.067
-0.732
1.099
-0.847
-0.811
-0.871
0.459
-0.586
1.122
-0.074
-0.972
0.821
1.306
0.091
0.066
-0.065
-0.986
0.698
0.135
0.639
0.657
0.267
0.225
-0.522
-0.461
-3.194
1.550
0.019
-0.540
0.159
