0.046
-0.090
-0.063
-0.338
0.031
-0.285
-0.777
-0.144
-0.539
-0.210
-0.418
-0.449
-0.214
-0.296
0.499
0.203
0.487
0.501
0.002
0.124
-0.350
2.529
0.161
-0.306
-0.023
-0.168
-0.339
-0.170
-0.452
0.094
-0.576
-0.047
1.312
-0.426
0.092
-2.358
-1.817
-3.224
-0.946
-1.773
-2.505
-3.216
-0.021
0.295
-0.199
-0.122
-0.271
-0.337
-2.370
-2.093
-1.978
-1.591
-2.506
-3.243
-2.650
-1.354
-1.700
-0.015
-0.852
-2.891
-1.083
-1.598
-1.242
-1.858
-1.826
-1.667
-1.468
-0.681
-0.225
-0.569
-1.241
-0.101
-0.746
-0.434
-1.302
-2.293
-0.754
1.257
-3.643
-0.009
0.590
-0.870
-0.732
-0.433
0.221
-0.295
-1.409
-2.643
-1.020
-0.330
0.129
-0.235
0.040
-0.643
-0.941
-0.140
-0.202
-0.162
-2.383
-1.529
-0.461
0.332
-0.223
-1.039
-0.305
0.628
-0.144
-0.031
-0.067
0.026
-0.047
-0.117
0.171
-0.017
0.094
-0.016
-0.111
-0.056
-0.050
0.133
-0.100
-0.056
-0.041
0.175
0.096
-1.109
0.486
0.621
-0.045
-0.419
0.002
0.037
0.127
-0.311
0.713
-0.579
-0.293
-0.014
1.458
-0.076
-0.164
1.613
1.043
-0.403
-0.201
-0.179
-0.247
-0.548
-0.772
-2.626
-0.800
0.189
-0.899
-2.790
-2.095
-2.440
-2.179
-3.082
-3.267
0.439
-0.318
-1.909
-1.457
-0.136
0.491
-0.044
-1.374
-1.036
-0.520
-0.975
-2.079
-0.400
0.010
-0.040
-0.549
-1.573
-1.600
-0.891
-0.775
-0.833
0.076
-1.680
-0.048
-0.424
-0.302
-0.321
-0.570
0.385
-0.054
-0.136
0.103
-0.035
1.296
-1.022
-1.554
0.395
-0.761
-0.693
-0.509
-0.419
-0.391
-0.223
0.960
-0.131
-0.089
-0.049
-2.484
-3.096
-0.946
-0.248
-0.465
-0.168
1.604
-0.274
-0.486
1.453
1.096
-0.035
-1.469
-2.309
-1.977
-2.113
-0.735
-1.058
-1.247
-1.214
-1.570
-0.945
-1.120
-1.411
-0.616
-1.952
-1.361
-1.867
-3.347
-0.098
0.946
-0.217
0.016
-0.965
-0.378
-0.739
0.158
0.531
-2.686
-0.100
-0.926
-0.477
-1.122
-2.039
0.888
-1.003
-0.577
-0.098
-1.120
-0.191
-1.017
0.045
0.110
-1.056
-1.011
-0.380
-0.968
-0.742
1.716
-0.211
0.053
-0.085
0.090
-0.929
-0.073
-0.438
-0.076
0.299
-0.868
-0.201
-0.905
-0.744
-0.505
0.550
-0.105
-0.682
-0.596
-1.517
-1.423
-0.053
-0.093
-0.663
0.030
0.023
-1.752
0.206
-0.129
0.331
0.059
-0.048
-0.187
0.849
-2.384
0.443
0.062
-1.897
-0.681
-1.122
0.157
-0.591
1.896
3.875
2.209
1.183
-0.334
0.931
-1.267
0.260
-0.350
-2.294
-1.410
1.015
0.089
0.449
-0.324
0.069
-0.585
-0.303
-0.507
0.066
-1.237
-0.119
-0.184
-1.776
-0.327
-0.305
-0.126
-0.817
-0.262
-1.163
-0.377
-0.778
-0.077
-0.087
-0.759
-1.476
0.352
-0.712
-0.227
-0.118
-0.660
0.152
-0.156
-2.710
-0.502
-1.314
-1.192
-1.512
-1.060
-0.375
-1.503
-1.497
-0.867
-0.154
-0.182
-0.114
-1.138
-0.301
-0.494
0.839
-0.980
0.235
-2.612
0.627
-1.186
-1.172
-2.182
-0.649
-1.329
-0.048
-0.022
-0.010
-0.250
0.059
-0.072
0.089
0.339
-0.329
-0.520
-0.674
-0.427
0.146
-2.402
-1.533
0.584
-0.394
-0.188
-0.525
-0.135
-0.845
-0.423
-1.052
0.492
-1.465
-0.984
-0.141
-0.312
-0.564
-0.602
-0.461
0.184
-2.456
-2.155
-0.219
-0.085
-0.092
-0.913
-0.391
-0.409
-0.064
-0.283
-0.985
-0.191
-1.405
-0.536
-0.602
-0.164
-0.931
-0.139
-0.303
-0.135
0.059
-0.059
0.135
-0.643
0.227
0.401
-0.723
-0.049
-1.547
-0.724
-0.180
-0.024
1.629
0.777
0.326
0.824
1.006
-0.150
0.756
0.684
0.935
1.033
0.804
0.055
0.347
0.397
-0.125
-0.906
0.230
-0.882
0.904
0.243
-1.216
0.556
-0.194
-0.575
0.088
0.532
0.208
-0.355
0.003
-0.589
-0.960
-0.589
0.120
-0.427
-1.040
-0.356
-1.947
-0.926
-0.784
-0.105
-0.700
-1.591
-0.009
0.270
0.032
0.048
-0.176
-2.040
-0.452
-1.672
-0.536
-2.658
-1.059
-0.336
-0.216
-0.108
-0.895
-0.436
-0.335
-1.403
-1.279
-1.195
-1.519
-0.324
-0.140
-0.144
-0.171
-0.021
-0.138
0.355
-0.939
-0.466
-0.241
-0.142
-0.707
-0.017
0.024
-0.128
-0.371
-0.555
-0.521
-1.680
-1.344
-1.454
-0.089
0.683
-0.220
-0.172
-0.550
-0.497
-1.067
-0.595
-0.247
-0.087
-0.360
-1.326
-0.365
-1.378
-0.741
-1.476
-1.375
-2.983
-1.236
-1.143
-0.488
-0.571
-0.661
-0.669
0.073
-0.034
0.036
-0.150
-0.563
-0.759
-0.669
-0.694
-0.532
-0.071
-0.565
0.038
-0.271
-0.673
-0.255
-0.247
-0.421
-0.809
-0.097
0.076
-1.063
0.253
-1.576
-1.504
-0.160
0.048
-0.752
-0.328
-0.071
-1.136
-0.163
-0.226
-0.039
-0.418
-0.033
0.434
-0.353
0.092
0.395
-0.271
0.533
-0.645
-1.620
0.047
0.150
-0.586
-0.265
0.029
-0.282
-0.311
-0.140
-0.377
-0.101
-0.462
-0.827
-0.087
-1.614
-0.740
-0.755
-1.333
-1.257
0.037
-1.037
-0.651
-1.209
-1.178
-0.385
-2.624
-0.949
-0.068
0.531
-0.442
0.125
-0.125
-0.157
0.860
0.461
-0.407
-0.063
-0.852
-0.954
0.031
-1.063
-0.683
0.414
-0.535
0.349
0.244
-0.104
-0.573
0.089
-0.957
0.131
1.043
-0.585
-1.458
0.081
0.456
0.549
0.589
-1.177
-0.254
-0.831
-0.455
-0.334
0.226
-0.061
-0.004
2.347
-1.523
0.891
-0.994
0.687
