-0.221
0.140
0.099
-0.002
0.159
0.066
0.129
-0.498
0.444
0.344
0.635
0.311
0.242
0.272
0.015
-0.090
-0.867
0.085
-0.070
0.014
0.481
-0.997
0.714
0.111
-0.028
-0.135
-0.018
-0.280
0.177
0.111
0.156
0.141
0.011
0.313
0.258
2.790
0.461
2.438
0.564
0.491
2.168
4.926
0.055
-0.464
0.114
-0.246
0.179
0.442
3.130
0.867
1.916
1.709
2.243
3.746
3.709
2.098
1.270
0.041
0.877
3.659
0.398
1.219
0.992
2.154
1.052
2.214
1.252
0.976
0.037
0.881
2.063
-0.410
-0.352
-0.349
0.151
0.453
0.102
-0.316
2.577
-0.088
-0.334
0.908
0.732
0.590
-0.672
-0.234
1.455
1.603
0.399
0.319
-1.377
0.187
-0.017
0.665
0.299
0.146
-0.016
0.131
2.121
1.779
0.643
0.268
0.170
0.119
0.111
-0.802
0.169
0.160
0.025
-0.183
0.071
-0.076
-0.329
-0.148
-0.335
-0.103
0.130
-0.055
0.075
-0.846
-0.002
0.117
-0.116
-0.377
-0.246
1.674
-0.150
-1.733
-0.462
0.093
0.082
-0.037
0.805
0.318
-0.134
0.381
0.104
0.173
-1.551
0.016
-0.196
-2.588
-2.488
-0.041
0.062
0.088
0.111
0.475
0.918
2.887
0.719
0.079
0.314
2.083
0.399
3.593
2.593
3.070
2.286
0.733
0.558
2.060
3.228
0.122
-0.692
0.057
1.087
0.690
0.599
0.347
4.000
0.193
0.082
0.038
0.372
1.714
1.184
1.068
1.358
0.773
-0.236
1.600
-0.017
0.648
0.413
0.129
0.295
-1.131
-0.003
-0.020
-0.018
-0.037
-0.035
-0.754
0.394
0.031
0.361
0.194
0.107
0.205
0.128
0.099
-0.068
-0.043
0.015
0.050
1.939
4.170
0.697
-0.778
0.585
0.201
-1.251
-0.506
0.001
0.121
-0.339
-0.083
1.952
3.827
0.611
2.879
-0.446
0.570
1.781
0.111
0.889
1.189
1.700
1.099
0.111
2.087
1.939
0.494
3.424
-0.263
-0.235
0.524
-0.269
0.081
0.545
0.622
0.376
-0.263
2.619
0.010
0.774
0.240
1.037
2.084
-0.334
1.455
0.313
0.411
1.942
0.762
1.524
0.058
0.002
0.531
1.032
1.030
0.061
0.654
-1.922
0.080
-0.516
0.165
-0.692
0.644
-0.082
-0.273
-0.021
-0.274
1.532
0.111
0.543
0.754
0.416
0.015
0.580
0.343
0.144
0.976
0.746
-0.148
0.254
0.120
0.084
0.607
1.935
0.047
-0.243
-0.436
0.069
0.017
0.124
-0.032
2.129
0.126
-0.042
0.333
0.582
0.308
0.048
0.801
-0.323
-0.445
-0.331
-0.048
0.054
-0.555
0.443
-0.303
2.220
2.551
0.808
-0.954
0.303
0.210
-0.158
-0.097
-0.115
-0.418
0.295
0.145
0.691
0.166
0.243
2.345
0.981
0.406
-0.598
0.693
0.164
0.771
0.856
0.273
-0.082
-0.034
0.507
1.488
-0.714
0.211
0.143
0.221
0.207
-0.371
-0.118
2.251
1.016
0.229
0.128
1.037
0.533
0.203
1.996
1.775
1.043
0.115
0.646
-0.037
0.256
0.023
0.189
0.516
0.097
-0.106
1.917
0.125
0.064
0.245
0.402
0.486
1.359
-0.324
0.461
0.047
-0.027
-1.382
-0.616
-0.291
-1.188
0.217
-0.152
0.093
0.099
0.490
0.446
0.194
0.086
-0.249
0.066
-0.306
0.180
0.298
0.508
1.469
-0.772
0.960
0.477
0.489
0.294
0.832
0.650
1.188
0.025
1.322
2.809
-0.502
-0.239
-0.423
0.568
0.023
0.197
-0.143
0.552
0.675
-0.368
1.558
0.202
0.554
0.082
0.506
-0.340
0.031
0.460
-0.068
-0.405
0.197
0.447
-0.024
0.011
0.760
0.337
1.197
-0.278
0.505
-0.099
-1.025
-0.402
0.081
-0.333
0.063
-0.385
-1.020
-2.293
-1.697
-0.796
-0.439
0.174
-0.217
-0.348
-0.189
0.832
-1.311
0.889
-0.467
-0.038
0.617
-0.393
0.060
1.303
1.177
0.855
0.050
0.040
-0.169
0.094
0.559
0.732
-0.278
-0.143
1.199
-0.294
1.297
0.401
0.489
0.116
-0.558
0.128
-0.152
-0.699
0.146
-0.251
-0.287
1.166
-0.002
1.341
0.459
1.716
1.096
0.111
0.261
1.464
0.685
0.189
0.111
0.406
0.391
1.672
1.203
0.371
-0.007
-0.275
-0.010
-0.016
0.062
-1.024
-0.386
0.981
0.038
0.222
0.111
0.337
0.144
0.481
0.315
1.020
0.234
0.865
0.310
1.014
-0.041
-0.643
-0.099
0.148
1.122
0.007
-0.211
0.023
0.028
-0.266
1.077
0.970
0.084
1.837
0.502
0.111
0.189
2.036
0.389
0.277
0.122
0.626
0.333
1.748
0.064
-0.048
-0.488
0.277
0.405
0.292
0.502
0.111
0.217
-0.314
0.202
0.003
0.181
0.257
0.679
0.350
0.134
0.282
-0.149
-0.105
1.241
-0.603
2.016
0.183
0.253
0.196
1.472
1.391
-0.072
0.181
-0.083
0.204
0.036
0.175
0.111
-0.091
0.385
0.110
-0.129
-0.012
-0.068
-0.223
0.635
-0.022
-0.839
-0.185
0.102
0.021
0.234
0.065
0.137
0.578
0.030
0.302
0.960
0.260
1.851
0.826
0.831
0.606
0.166
-0.057
0.743
0.309
1.568
0.977
0.419
1.576
1.918
-0.250
0.173
0.124
-0.448
-0.479
0.295
-0.282
-0.415
0.140
-0.433
1.267
-0.219
0.297
0.889
-0.009
-0.327
0.640
-0.388
-0.499
-0.245
-0.138
0.077
0.432
-0.071
0.094
1.268
0.784
0.005
-0.163
-0.091
-0.632
0.485
0.235
0.647
0.551
1.375
0.630
0.161
-0.139
-0.764
0.967
0.290
0.305
-0.297
