0.099
0.026
-0.234
0.113
-0.059
-0.042
-0.076
-0.376
0.258
0.296
0.205
0.906
0.473
0.408
0.388
0.064
-0.331
-0.208
0.119
0.301
0.521
-0.354
-0.509
0.188
0.135
-0.074
0.174
-0.021
0.149
0.022
0.057
-0.053
-0.536
0.533
-0.179
2.901
3.466
3.601
0.532
2.292
2.993
3.741
-0.024
0.076
0.260
-0.238
0.542
0.127
2.366
1.489
1.874
1.931
3.081
3.251
2.656
2.240
0.627
0.073
0.422
3.016
2.063
1.608
1.510
2.088
2.134
3.741
3.302
0.350
0.351
0.870
0.971
-0.352
-0.555
0.299
1.862
2.840
0.797
-0.865
4.175
0.015
-0.601
1.864
1.175
0.106
-0.437
0.803
1.414
2.629
0.831
1.575
-0.252
-0.009
-0.009
0.434
0.324
-0.328
-0.056
-0.166
0.850
1.046
0.752
0.087
0.273
0.954
0.406
-0.257
0.117
0.126
0.154
0.023
0.087
0.050
-0.416
0.150
0.008
0.022
0.086
-0.356
0.151
-0.010
0.146
-0.026
-0.338
0.062
-0.151
1.106
-0.223
-0.596
-0.242
0.481
0.036
-0.405
-0.024
-0.004
-0.747
1.361
-0.458
-0.607
-0.547
0.078
0.213
-1.712
-1.512
0.303
0.235
0.180
0.485
0.701
0.692
2.229
0.148
-0.348
0.602
1.854
2.350
3.033
2.245
4.033
2.632
-0.453
0.698
1.893
1.901
0.577
0.049
0.027
1.163
0.605
0.211
0.580
0.752
0.077
0.030
-0.571
0.846
2.469
2.063
1.173
1.638
0.939
-0.195
2.082
0.020
0.319
0.944
0.127
0.121
-0.472
-0.430
0.405
0.134
0.240
0.086
3.367
0.355
-1.077
0.833
0.312
-0.119
0.240
0.019
0.027
-0.035
0.303
0.504
0.650
1.651
2.313
0.810
0.296
0.353
0.073
-0.352
0.006
0.209
-0.315
0.231
0.006
3.517
3.157
1.921
2.061
1.225
1.926
1.064
1.520
1.268
1.456
2.297
1.290
0.785
2.922
2.837
1.010
2.826
-0.086
-1.014
0.277
-0.527
1.214
0.392
0.707
-0.098
-0.205
3.645
0.021
1.206
-0.815
1.731
1.624
0.492
0.930
-0.040
0.023
1.097
0.676
1.068
-0.187
0.296
1.898
1.290
0.802
1.414
1.198
-0.795
0.088
-0.682
0.344
-0.158
0.925
-0.122
0.796
0.092
-0.009
0.878
0.303
0.171
0.375
0.510
0.253
-0.038
0.649
1.207
0.854
0.742
0.094
0.203
0.026
-0.190
0.112
2.991
-0.345
0.029
-0.060
0.120
0.535
0.080
-0.396
2.159
-0.199
0.064
1.238
0.017
0.281
-0.097
0.462
-0.391
-2.606
-1.723
0.148
0.364
-0.892
0.675
0.078
0.735
4.337
0.490
0.516
0.425
0.040
0.185
0.214
0.422
0.240
0.535
0.100
0.950
0.107
0.068
2.282
1.753
0.256
0.578
0.914
0.275
1.053
0.394
0.616
0.080
-0.003
0.342
0.950
-1.115
0.878
0.147
0.059
0.406
-0.345
0.058
3.402
1.611
1.146
1.522
2.225
1.003
0.227
2.118
2.245
1.614
0.182
0.648
0.088
0.725
0.695
1.209
0.334
0.591
0.180
1.737
-0.573
0.900
0.914
1.464
0.382
2.322
0.377
0.032
-0.203
-0.003
-0.009
-0.915
-1.285
-1.174
0.067
-0.099
0.238
-0.218
0.709
0.980
0.225
0.238
0.166
0.215
0.115
0.522
1.462
0.210
1.486
-0.052
2.285
1.820
2.193
1.266
1.484
1.206
0.958
0.058
2.025
3.223
0.169
0.697
0.101
0.376
0.534
0.252
0.237
0.317
0.565
-0.127
1.685
0.472
1.152
0.274
0.577
0.276
1.824
0.169
0.109
-0.302
-0.641
0.273
0.412
-0.364
0.217
-0.394
2.615
1.067
0.118
0.383
-0.829
-1.022
-0.059
-0.094
-0.602
0.888
-0.799
-0.370
-1.644
-1.458
-0.691
-0.186
-0.047
-0.592
-0.090
0.263
-0.220
3.396
-0.975
-0.299
2.277
-0.172
1.214
2.302
-0.465
0.517
0.078
0.232
-0.489
0.244
0.541
1.204
-0.116
0.332
3.094
0.644
1.844
0.713
0.673
0.073
0.718
1.580
0.153
-0.059
-0.301
0.802
0.036
2.566
0.718
1.691
0.257
2.295
1.608
0.723
0.676
0.448
1.022
0.233
0.264
0.627
2.666
1.357
1.706
0.088
0.062
-0.667
0.151
0.092
0.078
-0.110
0.190
0.297
0.210
0.017
-0.164
-0.154
0.137
0.551
0.467
1.570
0.261
1.577
1.742
1.041
0.046
0.036
-0.356
0.805
0.730
-0.040
1.746
0.181
0.045
0.033
0.818
1.426
0.616
1.510
0.732
1.376
1.146
3.851
0.972
1.214
0.095
0.738
0.525
0.782
0.627
0.071
-1.018
0.250
0.773
0.477
0.602
0.349
0.532
-0.332
0.150
0.130
-0.019
0.885
0.950
0.081
0.803
0.320
0.075
-0.088
0.933
0.036
3.131
1.298
0.126
0.007
0.123
0.292
0.047
0.304
0.071
0.172
0.126
0.183
-0.384
-0.371
-0.067
-0.074
-0.139
-0.270
-0.159
0.826
2.032
-0.161
-0.704
0.148
0.128
0.117
0.219
0.714
0.315
0.183
-0.068
0.321
0.231
0.067
1.349
0.930
0.271
0.848
0.754
0.073
1.261
0.676
1.170
1.582
0.648
4.555
1.174
0.082
0.404
0.925
-0.258
0.310
0.456
-0.755
0.297
0.554
0.625
2.382
0.083
0.298
1.466
0.431
-0.065
0.106
-1.187
-0.382
-0.131
0.627
-0.126
1.684
0.016
-0.603
1.007
0.497
0.052
0.047
-0.222
-0.453
1.135
0.196
0.925
1.151
0.459
0.237
0.007
-0.138
-0.013
0.759
0.098
-0.641
0.202
