0.368
0.055
-0.087
0.236
-0.109
-0.073
-0.061
-0.123
0.286
0.032
-0.328
0.312
-0.187
-0.003
-0.627
0.022
-0.217
-0.344
-0.548
-0.110
0.181
-1.640
-0.516
0.322
-0.033
0.512
0.092
0.149
0.115
0.014
0.087
-0.015
-0.779
-0.123
-0.087
2.126
1.694
2.570
0.466
1.259
2.505
3.563
-0.057
-0.288
1.014
-0.052
0.331
-0.087
2.388
0.929
2.811
0.746
1.579
3.505
2.358
1.025
1.268
-0.230
0.306
2.387
0.727
1.360
0.851
1.369
1.529
1.503
2.100
0.412
0.054
0.608
0.722
-0.446
0.602
0.048
0.684
1.332
0.552
-0.101
2.959
-0.234
-0.123
0.008
0.761
0.135
-1.368
-0.287
0.284
2.123
0.314
-0.086
-0.490
0.003
0.098
0.593
0.520
0.113
-0.023
-0.253
1.231
0.176
0.135
-0.106
1.345
1.574
0.196
-0.172
-0.035
-0.019
-0.083
-0.134
-0.177
-0.067
-0.220
-0.100
-0.194
-0.261
-0.059
0.169
-0.040
-0.115
-0.026
-0.046
-0.138
-0.090
-0.148
1.165
-0.947
-1.330
-0.256
-0.261
-0.015
-0.283
1.142
0.502
-1.000
0.188
-0.353
0.215
0.131
1.035
1.193
-0.397
-1.289
0.067
0.220
0.188
0.262
0.391
0.647
2.579
-0.202
0.002
0.873
2.188
2.254
2.935
1.955
4.855
1.892
-0.223
0.561
0.950
1.349
0.320
-0.113
-0.061
0.786
1.019
0.150
0.394
2.389
-0.421
-0.099
-0.160
0.861
1.450
0.876
0.698
0.860
0.724
0.009
1.703
-0.556
0.245
0.601
0.055
-0.080
-0.045
-0.013
-0.074
-0.397
0.256
-0.385
2.829
0.609
0.235
0.462
0.086
0.457
0.433
0.463
0.672
-0.050
0.064
-0.035
-0.068
4.455
3.188
0.451
-0.351
-0.648
-0.094
-0.884
0.180
0.030
-1.655
-1.440
-0.061
3.739
1.858
1.173
2.606
0.221
1.566
1.138
0.210
0.731
0.915
0.525
0.202
0.462
1.866
0.659
1.687
4.317
0.315
0.132
0.589
0.031
0.477
-0.006
0.479
-0.052
0.227
1.447
-0.068
1.930
-0.750
0.862
1.191
-0.035
0.814
0.527
-0.093
1.248
0.349
0.964
-0.020
0.131
1.882
0.122
0.263
0.287
-0.058
-2.538
0.232
-0.346
-0.240
-0.070
0.067
-0.093
0.438
-0.098
-0.283
0.073
-0.387
0.134
0.223
-0.018
-1.094
-0.333
0.198
0.664
0.339
0.898
-0.050
0.774
0.079
-0.156
-0.557
1.128
-0.091
-0.084
-0.057
0.014
-0.030
0.010
-0.588
2.602
-0.745
-0.038
0.856
0.846
0.481
-0.303
0.626
-0.664
-1.914
-1.479
-0.039
-0.147
-0.724
1.188
-0.059
0.035
2.189
1.217
-0.050
0.216
-0.169
-0.043
-0.089
1.239
0.263
0.693
-0.032
0.848
0.111
-0.046
1.410
0.444
0.705
-0.245
0.265
-0.104
0.715
0.351
0.218
0.363
0.000
0.243
0.902
-0.403
0.099
-0.185
-0.665
0.158
-0.113
-0.104
3.515
0.778
1.145
1.006
0.739
0.444
-0.106
1.021
1.387
0.888
2.076
1.896
0.054
0.329
1.035
0.267
0.941
1.058
-0.050
2.821
-0.775
0.269
0.183
0.657
0.154
0.640
-0.123
-0.054
-0.250
-0.067
0.395
-0.305
-0.628
-1.235
-0.060
-0.031
0.427
-0.119
0.411
0.628
-0.372
-0.838
-0.081
-0.085
-0.072
0.746
0.709
0.035
0.750
-0.354
2.115
1.231
1.033
0.535
0.530
0.637
0.242
-0.354
1.252
3.664
-0.035
1.530
0.244
0.542
0.455
-0.083
-0.101
0.047
0.714
0.153
0.831
0.276
0.624
0.259
0.459
0.347
0.760
0.312
-0.083
-0.080
-0.222
0.038
-0.530
0.147
0.118
-0.895
0.881
0.778
0.249
-0.550
-1.358
-0.605
-0.343
-0.127
-1.016
0.036
-0.290
-0.231
-0.856
-0.288
-0.066
-0.178
-0.963
-0.231
-0.043
0.279
-1.065
1.066
-0.604
-0.235
1.440
-0.600
-0.098
0.591
-0.522
-0.064
0.217
0.015
0.624
-0.216
0.393
1.066
-0.109
0.224
1.840
0.361
0.955
0.653
-0.048
-0.228
0.129
1.361
-0.060
-0.317
0.197
0.256
0.217
1.302
0.070
2.025
0.305
2.363
0.762
0.202
-0.018
-0.047
0.681
0.061
0.406
0.058
1.527
0.807
1.470
-0.037
0.218
-0.034
-0.207
0.144
0.192
-0.047
0.222
0.064
0.113
-0.206
0.798
0.193
0.263
0.541
-0.046
0.133
0.227
1.539
1.522
0.982
0.403
-0.439
-0.253
0.035
0.301
0.314
0.132
-0.104
0.136
-0.023
0.266
0.714
0.080
0.212
0.056
0.676
0.943
2.010
1.421
0.719
0.089
0.487
0.038
0.759
-0.058
0.069
-0.481
-0.125
0.045
0.372
0.208
0.739
-0.029
-0.080
0.581
0.068
0.057
0.190
0.209
0.108
0.633
1.483
-0.605
-0.861
0.891
-0.302
1.682
0.246
0.494
0.123
-0.362
0.618
0.346
0.442
0.169
0.552
-0.123
-0.487
-0.296
-0.046
0.224
-0.087
-0.078
-0.067
-0.087
1.437
0.670
-0.263
-0.197
0.109
0.118
-0.219
0.018
-0.427
0.275
0.719
-0.261
0.661
0.327
0.075
1.742
0.482
0.077
0.413
0.810
0.006
1.077
0.080
0.707
1.047
0.487
2.063
0.217
0.212
0.299
0.116
-0.305
-0.845
0.187
-0.944
-0.795
-0.430
-0.076
1.241
0.196
1.153
1.004
0.765
-0.831
0.167
-0.139
-0.763
-0.045
0.239
-0.686
0.911
-0.053
-1.213
0.590
0.541
-0.125
-0.135
-0.328
-0.561
0.392
0.131
0.364
0.829
0.642
0.210
-0.138
-0.063
-1.544
1.360
-0.191
-0.234
0.183
