0.171
0.166
-0.095
0.127
-0.158
0.010
0.266
0.405
0.683
0.137
0.587
0.446
0.127
0.252
0.128
-0.151
-0.039
-0.042
0.081
0.086
0.521
-2.409
-0.847
0.128
-0.080
0.246
0.264
-0.119
0.677
0.115
0.211
0.089
0.181
-0.086
0.115
2.787
2.264
2.928
0.665
2.225
2.138
3.603
-0.007
0.059
0.214
0.117
0.380
-0.042
2.814
1.584
2.625
2.190
2.056
3.590
2.705
1.578
1.402
0.109
0.818
3.049
1.275
1.307
1.613
2.166
1.500
2.525
1.894
1.039
0.524
-0.015
1.432
0.076
0.717
0.326
-0.050
0.346
-0.242
-0.482
2.871
-0.246
-0.215
1.317
0.393
0.233
-0.721
0.455
1.401
2.718
0.983
1.051
-0.203
0.171
0.139
0.881
0.186
-0.111
0.210
0.069
1.428
0.579
0.127
0.054
0.140
0.545
0.410
0.115
0.163
-0.370
0.051
0.131
-0.055
0.006
-0.258
0.058
0.021
0.017
0.172
-0.417
0.095
-0.358
0.235
0.117
-0.191
0.031
0.134
2.400
-0.226
-0.193
0.078
0.329
0.363
0.146
0.318
-0.218
-0.572
1.012
-0.217
0.855
-0.852
0.700
0.499
-1.130
-1.433
0.407
0.222
0.520
0.261
0.671
0.652
1.751
1.307
-0.430
0.880
2.688
2.121
3.846
1.853
2.848
2.751
-0.191
1.004
2.293
1.783
0.203
-0.161
-0.019
1.116
0.541
0.421
0.705
1.182
-0.091
0.130
-0.524
0.941
1.479
1.646
0.863
1.297
0.724
0.116
1.485
-0.076
0.766
0.867
1.163
0.620
-0.977
0.201
-0.116
0.328
1.086
-0.365
2.552
-0.492
-0.705
0.718
0.706
-0.109
0.204
0.267
0.108
-0.978
0.363
0.404
0.135
2.620
2.846
0.893
-0.168
-0.032
0.062
-2.617
0.527
0.406
-1.505
-3.040
-0.026
3.182
2.659
1.293
2.802
0.874
1.652
1.243
1.162
1.041
1.371
1.466
1.064
0.126
1.962
1.383
1.195
2.981
0.038
-0.881
0.549
-0.109
0.714
0.182
0.822
0.296
-0.311
1.933
0.164
1.331
-0.594
0.725
1.744
-0.469
1.256
0.171
0.261
1.421
0.475
1.787
0.144
0.321
1.282
1.053
0.329
0.693
0.552
-1.456
-0.182
-0.867
-0.116
-0.023
0.702
-0.036
1.252
0.138
0.217
0.281
0.227
1.052
0.490
0.851
-0.205
0.139
0.685
0.634
1.051
1.261
0.399
0.361
0.165
0.127
-0.441
1.470
-0.105
0.008
-0.245
0.091
-0.175
0.162
-1.035
2.281
-0.017
-0.359
0.661
0.177
1.196
0.283
0.395
-1.068
-3.101
-2.196
0.673
0.127
-1.494
0.624
-0.259
0.127
3.676
0.315
-0.356
0.333
0.037
0.003
-0.083
0.294
0.408
0.689
0.056
0.624
0.184
0.194
2.124
1.667
-0.101
1.141
0.592
0.195
1.297
0.724
0.225
0.078
-0.028
0.770
1.382
-0.244
0.381
0.187
0.118
0.283
-0.052
0.083
3.464
1.741
1.338
1.395
1.450
1.023
0.621
1.571
1.897
0.901
0.471
1.161
0.215
0.658
0.955
1.038
0.218
-0.401
0.087
2.604
-0.482
1.093
0.781
1.978
0.842
1.339
0.153
0.223
0.107
0.220
0.048
0.069
-0.231
-0.942
0.421
0.294
0.516
-0.595
-0.182
0.876
-0.374
-0.667
0.347
-0.075
-0.016
0.482
0.847
0.034
1.541
-0.012
1.241
2.084
0.095
1.268
1.264
0.258
1.038
0.687
2.399
2.440
0.414
0.733
0.127
0.271
-0.017
0.417
0.106
0.423
1.320
0.177
1.201
0.555
0.965
0.282
0.951
0.591
1.160
0.346
0.317
-0.086
-1.223
0.424
0.250
-0.168
0.538
-0.548
1.653
0.768
-0.162
-0.320
-1.106
-0.669
0.289
-0.281
-0.723
0.379
-1.247
-1.049
-1.752
-2.212
-1.130
0.469
-0.546
-0.437
-0.009
0.201
-0.599
2.398
-0.757
-0.303
2.093
-0.790
0.905
2.978
0.011
0.734
0.627
0.363
-0.937
0.163
0.328
0.567
-0.021
0.443
1.941
0.027
3.036
1.490
0.738
0.127
1.045
2.070
-0.060
-0.057
0.551
0.572
0.760
2.096
1.112
1.496
0.506
2.963
1.446
0.336
0.471
0.781
1.202
0.395
0.356
0.803
2.402
1.191
1.800
0.378
0.021
-0.265
-0.055
0.114
0.437
-0.401
0.337
0.461
0.175
0.553
0.651
0.591
0.358
0.219
0.190
0.601
0.557
1.796
2.488
0.568
0.239
-0.119
-0.039
0.127
0.629
0.379
1.061
0.343
0.185
0.280
0.343
1.171
0.549
0.907
0.532
0.564
1.175
3.322
1.284
0.761
-0.084
0.884
0.403
0.803
0.607
0.127
0.089
0.403
0.934
0.627
0.589
0.694
0.291
-0.107
0.288
0.145
-0.024
0.555
0.584
0.367
0.493
0.474
-0.345
-0.154
0.858
-0.075
3.002
0.171
0.127
0.679
-0.074
0.550
-0.385
0.405
-0.041
0.303
-0.033
0.154
0.052
-0.979
0.224
-0.077
0.031
0.130
0.030
0.840
1.120
-0.134
0.153
0.079
0.175
-0.004
0.718
-0.016
0.130
0.237
0.093
0.588
0.411
0.351
1.798
0.884
0.636
1.117
1.389
-0.193
1.778
0.779
1.097
1.033
0.485
3.423
0.776
0.149
2.121
0.810
-0.012
0.448
0.543
-1.887
0.133
0.367
0.289
1.131
-0.597
0.242
1.779
0.958
-0.112
0.329
-0.733
-1.353
-0.110
0.337
-0.333
1.125
-0.277
-0.406
1.305
0.829
0.019
-0.075
-0.066
-0.618
0.644
0.617
0.624
1.094
0.454
0.105
0.190
0.013
-1.398
1.166
0.057
-0.654
-0.197
