0.717
0.083
-0.027
0.187
-0.033
-0.022
0.057
-0.250
0.626
-0.027
0.497
1.257
0.159
0.018
-0.027
0.046
-0.034
-0.032
-0.146
-0.176
0.402
-2.813
-0.369
0.418
0.430
0.250
0.073
-0.151
-0.027
-0.070
-0.027
-0.067
-0.730
-0.083
-0.157
3.050
2.495
2.889
0.611
1.795
2.046
2.790
-0.042
-0.220
0.067
0.013
0.241
-0.027
1.730
1.659
2.453
1.844
2.132
4.079
2.380
1.414
1.427
-0.027
0.722
4.387
0.803
1.325
1.540
2.231
1.424
3.438
1.766
0.721
0.215
-0.237
0.536
-0.295
-1.183
0.188
-0.027
0.005
-0.027
-0.027
3.839
-0.269
-0.962
0.579
0.013
-0.027
-0.105
0.377
1.119
2.337
0.780
-0.072
-0.368
-0.052
0.566
0.169
0.834
-0.107
0.059
-0.035
1.063
0.257
-0.027
-0.027
0.297
0.326
0.234
-0.250
-0.052
-0.356
-0.031
-0.044
0.057
0.101
-0.114
-0.171
-0.289
-0.036
-0.039
-0.027
-0.029
-0.040
0.003
-0.037
-0.038
-0.164
-0.032
0.896
-0.119
-1.232
-0.146
0.339
0.080
0.008
0.008
-0.027
-0.780
0.552
-0.027
0.561
1.423
0.456
0.013
-0.027
-0.558
0.293
-0.027
-0.770
0.003
0.416
0.975
1.985
0.268
-0.238
0.807
2.633
1.666
3.506
2.707
0.316
1.737
-0.383
-0.027
2.543
1.496
-0.027
0.546
-0.026
0.752
0.360
-0.025
0.806
1.075
-0.189
-0.667
-0.548
1.474
1.700
1.250
0.513
0.733
0.500
-0.157
1.876
-0.086
0.962
0.481
1.201
0.643
-0.703
-0.413
-0.434
0.001
-0.010
-0.027
0.268
-0.027
-0.180
0.607
0.494
0.132
0.185
-0.027
0.303
-0.460
0.087
0.527
0.047
2.549
3.324
0.227
0.212
-0.345
-0.027
-1.722
0.309
0.660
-0.640
-3.035
-0.027
3.032
3.072
1.158
2.942
0.648
1.481
2.308
1.057
1.641
0.896
2.007
1.573
0.626
2.127
1.117
0.616
4.321
-0.007
-1.661
0.686
0.164
0.936
0.179
0.606
0.008
-0.066
3.368
-0.010
0.771
-0.824
0.392
2.269
-0.336
0.613
0.256
-0.100
0.690
0.301
1.362
-0.027
0.586
1.705
1.298
0.556
0.388
0.626
-0.960
0.169
-0.150
-0.087
-0.041
1.130
-0.084
0.127
-0.020
-0.844
1.010
-0.027
-0.528
0.229
0.271
-0.074
-0.052
0.220
2.345
1.383
0.906
0.179
0.413
0.443
-0.120
-0.329
1.767
-0.210
-0.027
-0.183
-0.215
0.488
-0.999
-0.673
4.638
-0.590
-0.027
2.175
-0.047
1.122
0.053
-0.277
-0.506
-3.444
-1.543
-0.070
-0.228
-2.042
0.752
0.002
0.315
2.084
0.201
-0.027
-0.634
-0.191
0.411
0.008
0.005
0.175
0.652
0.293
0.775
-0.027
0.113
2.959
1.171
0.097
0.206
0.765
0.237
0.891
0.280
-0.009
0.024
-0.023
0.272
2.455
-0.447
0.892
0.826
-0.307
0.485
-0.495
-0.105
3.854
1.065
0.817
1.575
2.226
-0.038
0.230
1.167
1.417
0.526
0.613
0.602
0.090
1.212
0.293
0.586
0.247
4.385
-0.027
2.386
-0.244
2.040
1.022
1.482
-0.027
1.651
0.246
0.100
0.426
-0.027
0.003
0.152
-0.618
-1.633
-0.944
-0.172
0.399
-0.027
-0.027
1.115
0.418
-0.799
0.102
-0.027
-0.027
0.499
1.525
0.628
1.307
-0.129
1.953
1.855
-0.027
0.902
1.127
-0.027
-0.099
-0.027
0.912
2.330
-0.032
2.048
-0.027
0.088
-0.228
0.262
-0.076
0.213
0.982
1.033
1.647
0.410
0.629
0.202
0.065
-0.002
1.223
-0.054
0.702
-0.532
-1.560
0.336
0.207
-0.302
0.211
-0.101
1.152
0.981
-0.027
-0.050
-1.206
-0.352
-0.646
-0.199
-0.587
-0.012
-0.549
-0.719
-0.038
-0.152
0.478
0.626
-1.227
-0.281
0.004
0.443
-0.106
2.359
-0.634
-0.366
1.215
-1.126
0.077
0.304
0.226
0.561
0.507
0.330
0.270
0.182
0.385
0.141
-0.379
0.184
1.170
-0.268
3.333
0.782
-0.016
-0.027
1.235
1.867
-0.065
-0.284
1.094
0.281
0.321
1.444
0.067
2.333
0.542
2.918
1.082
0.898
0.395
-0.027
0.974
0.241
0.199
0.631
1.479
0.701
1.153
-0.005
0.036
-0.086
-0.335
-0.016
0.355
0.015
0.840
0.241
0.082
0.346
-0.006
0.237
0.143
0.586
0.636
0.131
0.459
2.218
1.841
0.384
0.003
-0.263
-0.027
0.323
0.252
0.212
-0.204
0.334
0.283
-0.124
0.550
1.227
0.204
1.059
0.344
0.762
1.408
3.025
1.644
1.650
-0.224
0.657
0.193
0.961
1.273
0.006
-0.044
0.148
1.003
-0.080
0.482
0.438
0.194
-0.007
0.735
0.076
-0.097
0.652
0.228
0.244
0.555
0.381
-0.142
-0.267
1.327
-0.151
3.470
0.350
-0.027
0.616
0.362
0.519
-0.284
0.966
-0.081
-0.027
-0.027
0.268
-0.658
-0.463
-0.100
-0.449
-0.031
-0.055
-0.057
0.991
0.922
-0.534
0.047
-0.027
-0.027
0.115
0.147
0.746
0.238
0.324
-0.068
0.847
0.563
0.001
1.533
0.133
1.022
0.339
0.506
-0.510
0.721
0.065
1.203
0.765
0.910
4.358
0.911
-0.415
-0.816
0.449
-0.221
-0.449
0.511
-1.378
-1.078
0.383
-0.387
0.847
-0.063
0.021
1.245
0.140
-0.784
0.695
-0.616
-1.230
-0.051
0.016
-0.655
0.112
-0.393
-0.508
0.548
0.679
-0.052
0.003
-0.324
-0.681
0.618
0.236
0.745
0.665
0.690
0.489
-0.044
-0.044
-0.054
1.485
-0.548
0.464
-0.088
