0.043
-0.022
-0.000
-0.056
-0.056
-0.126
-0.196
0.033
-0.228
-0.203
0.339
-0.573
-0.460
-0.175
0.043
-0.060
0.284
0.232
-0.163
0.246
-0.138
1.178
1.094
0.061
-0.020
-0.183
-0.226
-0.284
-0.243
-0.168
0.043
-0.217
-0.313
-0.525
0.051
-2.137
-1.706
-1.988
-0.500
-1.200
-1.887
-3.019
0.077
0.067
-0.055
-0.229
-0.538
-0.239
-1.668
-1.279
-2.081
-1.388
-2.014
-2.793
-1.645
-0.732
-1.007
-0.348
-1.073
-3.248
-0.795
-1.244
-1.540
-1.969
-1.498
-2.461
-1.353
-0.361
-0.449
-0.642
-1.106
0.074
-0.547
-0.665
0.043
0.043
0.043
0.786
-1.612
0.103
0.298
-0.983
-0.110
-0.101
0.430
-0.583
-1.106
-1.807
-0.551
-0.064
0.021
-0.014
-0.187
-0.580
-0.863
-0.150
-0.075
0.275
-0.526
-0.572
0.123
0.037
0.043
-0.016
-0.043
0.329
-0.017
1.935
0.133
0.186
0.103
0.013
0.241
0.231
0.232
0.248
-0.088
0.020
0.228
0.239
-0.087
0.102
0.208
0.306
0.302
-1.442
-0.089
1.040
-0.073
-0.678
0.099
0.136
-0.031
-0.131
0.590
-1.228
-0.727
0.043
0.043
-0.282
-0.071
0.043
0.095
0.043
0.041
0.105
-0.164
-0.636
-1.037
-0.612
-0.013
0.043
-0.929
-1.868
-0.204
-1.722
-2.367
-0.216
-1.215
0.043
0.000
-1.036
-0.201
0.043
0.233
-0.082
-0.936
-0.314
-0.265
-0.721
-1.772
0.413
-0.195
-0.108
-0.641
-0.430
-1.064
-0.535
-0.287
-0.036
0.019
-1.144
0.133
-0.971
-0.282
-0.006
0.043
0.362
0.196
1.239
0.051
0.027
0.043
-1.463
0.043
0.043
-0.488
-0.420
-0.418
-0.159
-0.534
-0.083
0.631
-0.156
-0.273
-0.213
-2.333
-2.206
-0.706
-0.185
-2.066
0.154
0.692
-0.388
-0.651
0.677
0.015
-0.212
-2.834
-1.836
-1.334
-2.048
-0.641
-1.424
-1.420
-0.627
-0.890
-0.971
-1.180
-1.470
-0.872
-1.867
-1.521
-1.180
-3.397
-0.217
0.538
-0.497
-0.074
-0.227
-0.684
-0.141
-0.109
0.078
-2.437
-0.062
-0.929
0.010
-1.797
-1.298
0.030
-1.117
-0.385
0.115
-0.724
-0.584
-2.238
0.061
-0.016
-0.950
-1.154
-0.174
-1.103
-0.772
1.073
-1.138
0.862
-0.344
0.352
-0.519
0.225
-1.676
-0.044
0.736
-1.706
0.043
0.085
-0.027
-0.249
0.004
0.336
-0.565
-0.386
-1.112
-0.927
0.043
0.043
-0.271
0.223
-0.428
-2.167
0.221
0.098
0.152
-0.097
0.184
-0.965
-0.524
-3.656
-0.258
-0.428
-0.651
-1.547
-0.814
-0.013
-0.170
0.406
1.915
0.918
-0.654
-0.398
1.123
-0.333
-0.017
-1.220
-1.687
-0.119
0.659
-0.039
0.184
0.130
-0.052
-0.291
-0.332
-0.733
-0.215
-0.408
-0.194
-0.185
-1.494
-1.967
-0.515
-0.337
-0.454
-0.413
-0.931
-0.333
-0.302
-0.100
0.043
-0.344
-1.374
0.420
-0.644
-1.029
-0.548
-0.059
-0.155
-0.079
-2.558
-0.936
-1.099
-1.012
-1.414
-0.315
-0.212
-1.463
-1.436
-0.783
-0.437
-0.558
-0.052
-0.201
-0.291
-1.044
-0.920
-5.947
0.442
-3.263
-0.388
-2.448
-1.183
-1.770
-0.828
-0.824
-0.092
-0.604
-0.698
-0.196
-0.418
-0.304
0.053
0.043
-0.977
-1.498
0.006
0.212
0.002
-1.170
-2.130
-0.232
-0.180
-0.055
-0.072
-0.026
-0.239
-0.727
-2.123
-0.239
-1.062
-1.346
0.010
-0.992
-1.083
-1.242
0.152
-0.241
-1.745
-2.120
-0.128
-0.909
-0.005
-0.417
-0.130
-0.327
-0.278
-0.044
-0.567
0.086
-1.062
-0.469
-1.001
-0.024
-0.526
-0.412
-1.626
0.045
-0.195
-0.356
0.215
0.348
0.087
0.230
-0.198
0.043
-1.357
-1.367
0.065
-0.207
1.315
0.198
0.413
0.713
0.316
0.040
0.544
0.421
1.140
0.195
-0.174
-0.572
0.555
0.206
0.150
-0.162
0.155
-1.518
0.498
0.351
-0.403
0.751
-0.040
-1.504
-0.030
-1.108
-0.274
-0.341
-0.159
-0.044
-0.485
-0.334
0.132
-0.143
-1.606
-0.609
-2.658
-0.594
-1.176
-0.318
-1.095
-2.014
-0.151
0.172
-0.685
0.020
-0.303
-0.659
-0.176
-1.176
-0.600
-2.305
-1.120
-0.347
-0.465
-0.309
-1.059
-0.090
-0.319
-0.416
-0.943
-0.997
-1.830
0.044
0.078
0.043
0.023
-0.109
-0.062
0.013
-0.318
-0.307
-0.166
-0.258
0.043
0.103
-0.071
0.004
-1.131
-0.500
-0.521
-1.369
-1.258
-0.570
-0.137
0.326
0.172
-0.301
-0.060
0.098
-0.002
-0.142
-0.235
0.051
-0.353
-0.552
-0.204
-0.927
-0.051
-0.931
-0.808
-2.429
-1.198
-1.169
0.070
-0.507
-0.292
-1.399
-0.850
-0.173
-0.132
-0.065
-0.579
0.043
-0.350
-0.114
-0.451
-0.139
-0.283
0.200
-0.130
-0.350
-0.301
-0.139
-0.551
-0.642
-0.259
0.093
-0.870
0.298
-3.083
-1.350
-0.244
-0.788
-0.620
-0.722
0.043
-1.355
0.090
0.043
1.131
-0.258
0.041
0.043
0.071
-0.112
-0.017
-0.005
0.037
-0.948
-1.283
-0.389
-0.002
-0.152
-0.274
0.038
-0.050
-0.053
-0.251
-0.478
-0.169
-1.341
-0.399
-0.364
-1.721
-0.989
-0.485
-1.723
-0.153
-0.573
-0.777
-0.539
-1.148
-0.905
-1.000
-3.408
-0.910
-0.059
-2.162
-0.683
0.273
-0.294
-0.372
-0.150
0.610
-1.332
-0.434
-1.024
-0.286
0.294
-0.943
-0.669
0.402
-1.206
0.358
0.578
0.043
0.033
-0.363
-1.183
0.125
0.043
-0.764
-0.856
0.053
0.158
0.136
0.515
-1.075
-0.172
-0.561
-0.755
-0.611
-0.354
0.371
0.592
0.542
-1.451
0.382
-0.655
0.561
