-0.243
0.027
0.027
0.027
0.522
0.027
0.052
0.144
0.199
0.027
0.703
0.027
0.051
0.084
0.154
0.027
0.027
0.022
-0.037
0.314
0.427
0.027
0.317
0.027
0.013
0.294
0.422
0.384
0.208
0.027
0.239
0.023
-0.292
0.093
0.038
3.993
2.939
3.526
1.152
2.267
2.491
5.104
0.080
0.042
0.281
0.027
0.027
0.027
3.910
1.009
2.036
2.791
3.025
3.780
4.028
2.818
3.261
0.785
1.314
3.021
1.065
2.098
1.492
2.581
2.177
2.977
1.110
1.836
-0.039
0.051
2.921
-0.808
0.087
0.076
2.192
1.605
1.073
-2.256
6.434
0.036
0.027
2.252
1.388
0.625
-0.405
0.254
1.846
3.398
0.326
0.027
0.027
0.047
0.381
0.027
0.348
-0.082
0.109
0.027
1.868
1.234
-0.017
0.082
0.027
0.263
0.474
0.006
0.027
0.027
0.027
0.062
0.027
0.031
0.027
0.027
0.027
0.040
0.027
-0.094
0.027
0.027
0.069
0.027
0.027
0.027
0.027
4.624
0.027
-0.200
0.027
1.376
0.173
0.002
-0.272
0.081
-0.102
0.825
0.034
-0.674
-2.469
0.027
0.049
-1.240
-1.193
0.804
-0.014
0.027
0.034
0.338
0.531
1.905
0.186
-0.014
0.835
2.547
3.028
4.566
3.964
2.270
2.323
-0.212
1.554
4.390
1.087
0.039
0.027
0.027
0.851
0.076
0.027
0.264
0.930
-0.224
0.032
-0.209
0.104
1.354
0.983
0.054
0.403
1.246
0.136
3.449
0.027
1.290
1.644
0.027
0.027
-0.216
0.027
0.027
0.038
1.368
-0.269
3.385
2.854
-0.394
0.325
0.288
0.027
0.027
0.027
0.038
0.027
0.139
0.097
0.147
2.658
2.889
1.973
-0.069
0.971
0.027
-1.607
-0.049
0.027
-3.787
-0.423
0.027
4.244
4.284
1.658
2.623
1.282
2.304
0.433
0.642
2.083
1.458
3.135
1.514
0.993
2.430
1.750
1.362
2.365
0.073
-0.919
2.254
1.353
1.041
0.027
0.055
0.236
0.089
4.017
0.027
0.027
0.671
0.065
1.401
0.609
0.624
0.606
-0.019
1.368
0.192
1.505
-0.105
0.979
1.729
1.444
0.238
2.464
1.407
-0.991
0.030
-0.047
-1.016
-0.039
1.816
-0.045
0.853
0.311
-0.079
1.399
0.027
1.454
0.068
0.273
1.044
-0.211
0.861
0.123
0.366
1.229
0.027
0.219
0.082
0.037
0.663
2.161
0.027
0.010
1.069
0.027
-0.171
0.456
-0.247
3.512
-0.318
-0.283
2.900
0.364
4.689
0.031
1.961
-0.080
-1.027
-0.222
0.157
-0.161
-1.174
0.289
-0.099
1.517
3.353
0.878
-0.799
0.275
-0.036
0.027
0.027
0.114
0.147
0.470
-0.315
0.827
-0.018
0.027
0.027
0.772
0.294
0.027
0.030
0.091
2.028
0.644
0.010
0.027
0.027
0.514
1.414
0.016
0.406
1.131
-0.027
0.040
-0.003
0.027
5.708
3.425
2.335
1.157
1.854
1.178
0.153
1.290
3.094
0.955
0.543
1.204
0.220
1.114
0.215
0.742
1.224
2.457
0.037
3.684
0.027
3.570
3.381
2.110
0.957
2.675
0.581
0.154
0.093
1.532
1.161
0.185
0.730
-1.207
1.808
1.339
-0.687
0.055
1.411
0.887
-1.193
-1.053
0.079
0.193
0.231
0.104
1.513
0.027
0.275
0.027
2.810
2.251
1.028
0.765
0.575
0.906
-1.296
0.291
4.250
7.310
1.686
1.163
0.152
0.027
0.027
0.027
0.253
0.127
0.977
-0.134
1.647
1.306
0.791
0.173
0.789
0.368
0.720
0.027
-0.330
-0.259
-1.009
0.027
0.376
-0.078
0.252
0.565
1.608
1.087
0.444
0.027
-1.117
-0.533
-0.316
0.018
-0.133
-0.001
-0.773
-0.723
-1.078
-0.907
-0.087
0.023
-0.810
-0.304
0.008
0.344
-0.129
0.684
-0.295
0.010
3.407
-0.617
1.348
0.485
0.518
1.709
0.049
-0.190
-0.347
0.027
0.071
0.905
0.027
0.529
5.439
1.189
4.850
3.499
1.925
0.255
1.258
2.217
0.027
-0.005
1.016
0.362
0.284
1.159
0.218
0.412
0.400
2.106
2.205
0.089
0.164
0.256
1.052
1.424
0.102
0.815
2.750
1.796
3.034
0.027
0.048
0.205
0.027
0.027
-0.090
0.027
-0.139
0.183
0.027
0.027
0.027
0.162
0.027
0.186
0.169
0.148
0.230
0.419
2.662
0.495
0.049
-0.067
0.027
0.037
-1.155
0.124
0.118
0.163
0.077
0.027
0.068
1.910
0.668
1.793
1.164
0.424
2.274
4.074
0.337
0.182
0.027
0.027
0.027
0.509
0.027
0.077
0.027
0.492
1.437
1.482
0.125
0.193
0.362
0.027
0.057
0.091
0.031
0.201
0.304
0.027
0.103
0.176
0.023
0.006
0.715
0.027
5.051
0.152
0.228
-0.116
1.296
0.951
0.169
0.059
-0.234
-0.146
-0.976
0.027
0.174
-0.151
0.027
0.027
0.032
0.027
0.027
1.447
0.912
-0.410
0.189
0.249
0.443
0.057
0.502
-0.228
-0.105
0.058
0.046
0.334
0.027
0.120
2.009
0.753
0.736
0.226
1.218
0.031
3.217
0.743
2.654
1.637
0.860
2.719
1.326
0.227
1.885
0.579
-0.000
0.278
0.129
-0.771
-0.270
-0.042
0.100
0.340
0.027
0.331
1.574
0.779
-0.451
1.902
-0.104
-2.015
-0.803
0.069
-0.064
0.698
-1.380
-0.064
1.603
1.152
0.027
-0.007
-0.307
0.945
1.176
0.027
0.549
1.878
0.279
0.666
0.027
-0.688
-0.081
2.077
-0.125
-2.903
0.027
