-0.095
0.176
-0.055
-0.348
-0.046
-0.163
-0.792
-0.110
-0.533
-0.246
-0.146
-0.610
-0.153
-0.081
-0.727
-0.022
0.063
0.073
0.361
0.164
-0.746
0.963
0.189
-0.045
-0.094
-0.041
0.128
-0.036
-0.425
0.088
-0.144
0.132
0.256
0.016
0.205
-2.450
-1.740
-2.207
-0.671
-0.428
-1.773
-3.091
-0.016
-0.049
-0.020
-0.157
-0.547
0.058
-1.398
-1.189
-1.980
-1.370
-1.715
-2.801
-1.753
-1.353
-1.100
0.073
-0.691
-2.627
-0.705
-0.372
-1.265
-1.665
-1.379
-2.291
-0.992
-0.505
0.185
0.016
-0.837
0.137
0.290
-0.266
-0.076
-0.089
-0.020
0.404
-2.711
0.201
0.231
-0.789
-1.044
-0.132
0.501
-0.275
-1.040
-2.107
-0.368
-0.315
-0.004
0.302
-0.013
-0.587
-0.583
-0.026
-0.281
0.004
-1.312
-1.264
-0.020
-0.139
-0.025
-0.369
-0.006
0.041
0.062
1.695
0.182
0.197
0.070
0.128
0.203
0.146
0.216
0.208
0.076
-0.027
0.116
0.172
0.121
0.082
0.189
0.201
0.212
-1.386
-0.003
0.757
0.410
-0.101
0.053
0.123
-0.056
-0.218
0.165
-0.195
-0.042
-0.056
0.266
-0.732
-0.082
0.761
1.295
0.328
-0.040
0.135
0.048
-0.569
-0.679
-1.447
-0.464
0.398
-0.607
-1.552
-0.099
-2.208
-2.719
-0.456
-0.594
-0.020
-0.231
-2.076
-1.069
-0.037
-0.020
0.021
-0.775
-1.008
0.043
-0.607
-1.675
0.141
0.398
0.104
-0.420
-1.471
-1.122
-0.610
-0.541
-0.769
0.190
-1.395
0.052
-0.605
-0.449
-0.020
-0.025
0.042
-0.083
0.517
0.003
-0.705
0.162
-0.123
-0.020
0.093
-0.624
-0.110
-0.371
-0.121
-0.670
-0.250
0.470
-0.180
0.019
-0.040
-2.160
-1.255
-0.798
-0.027
-0.997
0.095
0.904
-0.625
-0.111
4.241
0.037
0.310
-2.874
-1.703
-1.156
-2.456
-0.678
-1.325
-1.177
-0.828
-0.470
-0.966
-1.350
-1.298
-0.328
-1.902
-1.197
-1.122
-2.531
0.032
1.092
-0.094
-0.020
-0.628
0.030
-0.187
-0.265
0.233
-2.447
0.048
-0.388
0.073
-1.361
-1.281
0.242
-1.236
-0.253
0.269
-0.735
-0.283
-1.918
0.281
0.034
-1.000
-0.893
0.608
-1.575
-0.798
1.074
-0.500
0.316
0.261
0.048
-0.689
0.113
-0.649
0.029
0.613
-1.401
-0.020
0.048
-0.256
-0.739
-0.018
0.301
-0.449
-0.048
-0.692
-1.236
0.107
-0.540
-0.004
0.363
-0.331
-1.185
0.197
-0.006
0.147
0.067
-0.019
-0.592
0.263
-2.997
0.083
0.043
-1.806
-1.518
-1.361
0.043
0.110
0.503
2.335
0.920
0.297
0.255
0.312
-0.468
0.058
-1.351
-1.849
-0.118
-0.012
0.365
0.115
-0.017
-0.083
0.000
-0.109
-0.120
-0.038
-0.385
-0.094
0.063
-1.844
-1.815
-0.100
-0.016
-0.495
-0.188
-0.956
-0.300
-0.168
0.068
-0.036
-0.692
-1.794
0.795
-0.548
-0.889
-0.387
-0.158
-0.058
0.170
-2.673
-0.871
-0.853
-0.972
-0.916
-0.432
-0.291
-1.418
-1.706
-0.846
-0.285
-0.376
-0.069
-0.628
-0.104
-0.180
-0.378
-2.512
0.092
-2.023
0.261
-1.031
-0.844
-0.538
-0.457
-0.755
-0.518
-0.183
-0.035
-0.508
-0.513
0.285
1.792
0.609
-0.723
-0.585
-0.233
-0.201
-0.364
-1.431
-1.689
0.497
0.031
0.273
-0.435
0.111
-0.257
-0.429
-1.410
0.248
-1.020
-1.866
-0.020
-1.082
-1.409
-0.270
0.451
-0.742
-1.754
-2.333
-0.006
-0.029
-0.252
-0.579
0.274
-0.125
0.240
-0.266
-0.810
-0.031
-1.185
-0.577
-1.143
0.091
-0.628
-0.835
-1.028
-0.182
0.054
0.323
0.907
-0.155
0.239
-0.069
-0.324
0.025
-1.400
-0.800
-0.020
0.228
0.636
0.439
0.254
0.023
0.229
0.179
0.549
0.507
1.023
0.977
0.330
-0.147
0.111
0.407
0.119
-0.053
0.414
-1.512
0.511
0.492
-1.305
0.722
0.537
-1.190
-0.011
0.118
0.202
-0.197
-0.129
-0.104
-0.254
-0.082
0.331
-0.134
-1.811
0.056
-1.981
-0.553
-0.020
-0.131
-0.904
-1.805
-0.018
0.120
-0.243
0.073
-0.248
-0.679
-0.731
-1.135
-0.416
-1.839
-1.030
-0.131
-0.446
-0.034
-1.204
-0.641
-0.348
-0.722
-1.596
-0.953
-1.274
0.058
0.170
0.437
0.228
-0.012
-0.072
-0.020
-0.272
-0.129
-0.144
0.051
-0.141
-0.176
0.001
-0.094
-0.393
-0.304
-0.340
-2.002
-1.288
-0.719
-0.223
0.617
0.212
-0.064
-0.324
-0.132
0.254
0.163
0.028
-0.014
-0.076
-0.957
-0.267
-1.020
-0.212
-0.395
-0.760
-2.106
-0.870
-0.861
0.511
-0.106
-0.041
-1.916
-0.199
-0.209
0.749
-0.174
-0.978
-0.411
-0.396
-0.719
-0.113
0.107
-0.163
-0.060
0.142
-0.488
-0.543
-0.053
-0.542
-0.582
0.070
0.454
-0.629
0.299
-3.283
-0.435
-1.190
-0.688
-1.160
-0.863
-0.020
-1.058
0.141
0.015
0.204
-0.107
-0.028
0.284
0.030
0.035
-0.020
0.106
0.144
-0.094
-0.575
-0.110
0.046
-0.038
-0.056
-0.155
0.087
-0.087
-0.020
-0.308
-0.013
-0.489
-0.281
-0.100
-1.582
-0.575
-0.289
-0.950
-1.263
-0.238
-1.108
-0.620
-1.237
-1.072
-1.104
-2.933
-0.749
0.178
-0.187
-0.579
0.154
-0.043
-0.344
0.310
0.645
-1.199
-0.468
-0.924
0.633
0.024
-0.922
-0.611
0.614
-1.086
0.257
0.704
0.562
-0.130
-0.007
-1.020
-0.519
0.487
-0.785
-0.929
0.057
0.234
0.146
0.647
-0.636
-0.245
-0.355
-0.466
-0.474
-0.196
0.007
0.866
0.660
-1.604
-0.069
0.514
-0.020
