1.048
-0.327
-0.914
1.334
0.111
0.036
-0.637
-0.004
0.067
-0.131
0.108
0.160
0.396
0.233
0.320
-0.420
-0.270
-0.257
-0.436
0.049
1.399
-0.152
0.178
0.169
0.105
-0.078
0.211
0.121
0.111
0.209
0.637
-0.013
0.378
-0.379
0.477
2.030
1.391
2.859
2.205
1.166
0.889
0.335
0.052
-0.912
0.111
0.063
-0.002
0.050
0.636
2.450
0.406
1.141
2.016
2.384
1.941
1.316
0.488
0.252
0.443
2.526
1.023
2.040
1.226
2.910
2.146
1.955
1.510
1.649
0.797
0.222
2.750
1.133
1.199
1.273
0.621
0.365
0.910
-0.117
0.896
-1.063
-0.246
0.594
-0.141
-0.057
0.290
-0.389
0.854
0.709
-0.077
0.028
-0.160
-0.254
-0.015
0.424
0.041
-1.286
0.044
0.111
0.086
0.105
0.207
0.346
0.321
0.394
0.274
-0.384
0.037
0.111
-0.035
-0.216
-0.127
0.306
-0.292
0.085
-0.070
-0.075
0.157
-0.460
0.104
-0.278
0.111
0.068
0.031
-0.061
-0.277
-0.248
0.427
2.628
1.827
-0.025
0.111
-0.298
0.162
0.357
-0.735
0.128
0.084
0.608
-1.882
0.454
1.429
-0.496
-0.507
-0.177
0.490
0.252
0.063
-0.267
-0.257
2.158
-0.564
0.613
0.464
1.297
0.698
3.306
2.094
0.604
0.954
-1.478
-0.450
2.201
1.051
0.165
-0.065
0.481
0.362
0.205
1.867
0.248
0.039
0.111
0.533
0.126
1.623
2.964
2.310
0.404
1.487
1.275
0.797
1.328
-0.021
0.212
0.085
0.987
0.896
0.365
0.554
1.428
0.492
1.074
1.147
0.533
1.857
-0.169
0.901
2.122
-0.058
0.424
0.237
0.062
0.111
-0.070
0.043
-0.050
2.451
2.242
2.102
-0.226
0.736
-0.021
-2.881
0.476
0.195
0.417
-0.013
0.411
2.830
1.996
1.502
3.209
1.809
0.268
0.403
0.373
1.401
1.695
0.933
1.531
0.460
3.302
1.503
1.031
2.165
0.243
-0.782
1.352
-0.281
1.245
0.211
1.654
0.637
0.587
0.843
0.111
-0.081
0.222
0.382
0.459
-0.513
1.856
1.003
0.805
0.274
-0.002
0.597
1.417
0.174
2.286
0.281
0.601
1.173
1.687
-1.166
1.959
0.161
3.602
-0.202
2.953
0.105
1.528
0.154
0.541
1.338
-1.110
-0.033
0.718
0.406
-0.479
-0.074
0.654
1.421
0.821
0.393
0.206
1.989
-0.069
-0.146
-0.825
1.672
-0.199
-0.004
-0.140
-0.959
-0.601
0.500
0.250
3.135
2.160
0.266
1.511
-0.997
2.319
-0.543
-0.832
-0.186
-1.343
-0.472
0.612
0.164
0.090
0.137
-0.460
1.237
1.933
1.290
-0.072
0.022
-0.085
0.094
0.111
-0.189
-0.132
-0.033
-0.011
0.995
-0.009
0.074
1.036
0.416
0.104
2.793
1.640
1.919
1.203
1.123
1.968
-0.378
-0.406
0.014
0.681
-0.013
1.243
1.346
0.994
-0.399
0.924
0.111
1.155
0.679
1.908
1.048
1.786
0.087
0.237
1.101
2.636
0.508
0.610
0.069
-0.147
0.357
0.686
0.121
1.377
1.603
-0.049
0.582
-0.337
0.386
1.209
1.128
1.443
2.376
0.303
0.575
0.634
0.698
1.269
0.313
0.699
-0.596
0.228
0.175
2.166
1.992
1.570
2.250
1.394
0.755
1.231
0.775
1.815
1.147
0.429
2.520
2.204
0.697
1.739
1.166
1.196
0.529
1.329
4.996
1.107
2.207
0.033
0.544
0.112
-0.012
0.079
0.088
0.111
0.235
0.066
0.134
1.158
0.032
1.600
0.441
0.634
0.476
0.020
0.861
-1.021
0.052
0.366
-0.154
-0.275
0.111
0.089
-0.396
0.564
-0.193
3.136
1.874
-0.058
-0.285
-0.601
-1.640
-0.173
-0.615
-0.888
0.149
-0.870
-0.946
-1.032
-5.423
0.575
-0.385
-3.915
-0.319
0.625
0.222
-0.177
-0.917
-0.027
-0.235
0.193
-0.536
0.216
0.106
-0.651
0.540
0.105
0.029
0.052
0.111
-0.528
0.119
0.049
-0.105
1.302
-0.117
0.865
0.007
-0.011
-0.083
1.001
0.060
0.499
0.000
0.176
0.026
0.114
1.380
0.762
1.752
1.611
1.930
1.782
1.237
0.107
-0.155
-0.057
0.328
-0.238
2.482
1.124
0.272
0.789
1.782
0.092
-0.057
1.761
-0.143
-0.021
-0.167
0.158
1.020
1.459
0.256
0.570
-0.259
0.316
0.598
0.765
0.424
0.462
0.367
0.800
-0.016
0.657
0.244
-0.026
0.031
0.240
0.305
0.841
0.307
0.470
0.170
-0.051
0.111
0.111
0.493
0.063
0.637
0.561
1.458
1.026
0.499
0.397
0.669
0.197
-0.087
-0.050
0.071
-0.109
0.311
0.479
-0.122
0.527
-0.097
-0.022
2.009
-0.194
-0.153
0.284
0.566
0.059
0.361
1.171
1.390
0.289
0.254
1.584
0.143
1.197
0.141
-0.057
2.039
0.342
0.102
-0.301
0.315
1.267
0.062
0.045
-0.422
0.067
-0.419
0.087
0.003
-0.108
0.181
-0.079
-0.054
0.210
0.290
-0.025
-0.194
0.436
0.487
0.384
0.540
0.245
0.349
-0.084
0.212
0.141
0.213
0.871
0.450
1.787
0.075
0.216
0.111
0.874
0.207
1.784
-0.002
0.377
0.581
0.928
1.005
2.536
0.149
-0.179
1.042
0.179
-0.626
0.223
0.161
-0.284
0.356
-0.199
0.423
-0.156
0.443
-0.334
0.135
1.314
0.461
-0.481
-0.151
-0.659
0.942
0.178
-0.018
0.116
0.041
-0.022
-0.071
-0.078
-0.049
-0.038
0.211
0.495
1.028
1.895
1.086
0.017
-0.314
-0.278
2.295
0.218
-0.041
0.771
