1.023
-0.002
-0.002
-0.130
-0.002
-0.002
-0.208
-0.030
-0.328
-0.029
-0.002
-0.046
-0.489
-0.420
-0.098
-0.002
0.309
0.284
-0.731
-0.905
-0.002
0.557
-0.353
0.850
0.823
-0.002
0.009
0.038
-0.151
-0.002
-0.672
-0.008
0.177
-0.002
-0.057
-2.834
-1.764
-2.632
-0.885
-1.444
-2.765
-2.238
-0.002
-0.002
-0.002
-0.006
-0.002
-0.002
-3.024
-1.836
-2.701
-2.862
-2.150
-2.614
-2.893
-1.961
-1.038
-0.302
-0.327
-1.729
-0.531
-0.495
-1.955
-2.411
-1.045
-1.892
-1.365
-1.030
0.050
-0.554
-1.523
1.086
-0.614
-1.276
-1.189
-1.477
-0.822
0.052
-2.301
0.233
-0.002
-1.864
-0.259
-0.438
0.001
0.974
0.100
-1.351
0.611
-0.925
-0.051
-0.032
-0.076
-1.827
-0.241
0.413
-0.002
-0.367
-0.425
-0.483
-0.027
-0.384
-0.139
-0.447
0.013
0.650
-0.307
-0.048
-0.203
0.327
-0.002
-0.014
-0.052
-0.002
-0.002
-0.128
-0.064
-0.272
-0.209
-0.339
-0.125
-0.024
-0.068
0.109
0.034
-1.535
0.197
0.479
0.292
0.002
-0.030
-0.002
-0.038
-0.001
0.932
0.047
-0.666
0.159
1.198
0.362
-0.127
1.392
1.131
-0.069
-0.062
-0.173
-0.002
-0.002
-0.182
-2.431
-0.238
-0.370
-0.649
-1.175
-1.622
-3.271
-2.906
-3.399
-2.769
-1.249
-1.394
-2.876
-1.525
-0.939
-0.002
-0.053
-1.749
-0.653
0.380
-0.189
-0.452
0.688
-0.984
-0.376
-0.253
-1.628
-1.307
-0.554
-1.280
-1.709
0.404
-1.297
-0.039
-0.273
-0.334
-0.017
-0.002
0.043
-0.002
0.306
-0.003
-0.581
-0.052
-1.918
-1.483
1.053
-0.300
-0.380
-0.355
-0.037
-0.525
-0.002
-0.002
-0.019
-0.002
-0.012
-2.848
-0.938
-1.353
-0.527
0.681
-0.445
1.536
-0.010
-0.002
0.467
0.317
0.145
-2.429
-2.826
-1.929
-2.637
0.181
-1.781
-0.923
-1.105
-0.871
-1.261
-1.679
-1.841
-0.833
-2.622
-2.094
-0.755
-3.224
-0.002
-0.002
-0.485
0.074
-1.326
-0.317
-0.002
-0.157
0.119
-0.470
-0.002
-0.201
-0.007
-0.261
-0.111
-0.002
-0.479
-0.702
-0.928
-2.010
-0.659
-1.239
0.237
-0.334
-1.301
-1.413
-0.350
-0.045
0.285
0.253
-0.581
-0.225
0.057
0.126
-1.154
0.152
-0.441
0.011
-0.017
-3.157
-0.108
-0.733
-0.002
0.537
-0.021
-0.163
-0.873
-1.832
-1.970
-0.002
-0.002
0.315
0.144
0.016
-0.002
-3.196
0.244
0.046
0.165
0.106
0.015
0.017
-0.294
-0.002
0.029
-0.074
-1.579
-0.236
-0.923
0.579
0.852
0.106
-0.002
0.156
0.692
-0.086
0.680
-0.529
0.385
-0.869
-0.272
-0.255
1.437
0.277
1.093
0.026
-0.002
-0.002
-0.002
-0.013
0.586
-1.646
-0.055
-0.002
-2.094
-1.000
-0.002
-0.002
-0.997
-0.266
-1.943
-0.285
-0.346
-0.002
-0.300
-0.002
-0.190
-0.002
-1.014
-0.618
-0.010
-1.839
0.113
0.001
-2.216
-2.411
-1.412
-2.794
-1.885
-0.872
0.069
-1.088
-1.921
-1.550
-0.099
-0.055
-0.002
-0.081
-0.002
-0.002
-0.275
-0.902
-0.176
-2.442
-0.023
-1.089
-0.160
-1.976
-0.213
-1.234
0.019
-0.148
-0.153
-0.037
-0.322
0.043
-0.012
0.404
0.941
0.316
-0.089
0.337
-0.694
-0.041
0.052
0.100
0.065
0.674
-0.080
0.116
-0.576
-0.475
-0.714
0.244
0.764
-2.020
-1.074
-0.771
-0.048
-1.840
-1.730
-0.106
-1.765
-3.933
0.151
-0.002
-0.002
-0.002
1.225
-0.002
0.257
-0.276
-1.484
0.055
-1.726
-0.495
-1.791
-0.002
-0.002
-1.576
-0.094
-0.011
0.072
-0.175
-0.163
-1.249
-0.004
-0.091
0.109
0.473
-1.522
-0.728
-0.206
0.056
0.762
1.853
-0.002
-0.034
0.699
-0.002
1.284
0.959
0.975
-0.146
0.696
1.269
-0.002
0.766
-0.002
0.035
0.070
-0.417
0.112
0.144
-0.002
0.084
-0.007
-0.087
1.031
-1.739
0.092
-0.186
-0.086
0.579
-0.400
-0.136
0.093
-0.002
-1.711
0.072
-0.317
-0.107
-0.354
-0.320
-0.285
-0.622
-0.025
0.144
-0.224
0.788
-0.002
-1.371
0.275
-1.922
-0.705
-1.560
-0.517
-1.466
-1.203
-0.601
-0.353
-0.586
-0.509
-0.614
-1.835
-1.167
-2.100
-0.002
0.047
-0.002
0.055
-0.045
-0.039
0.563
-0.002
-0.002
-0.064
-0.584
-0.105
-0.104
-0.336
-0.162
-0.002
-0.473
-0.457
-0.023
-0.995
-1.212
-0.246
-0.002
-0.284
-0.098
-0.002
0.612
-0.143
0.761
0.551
-0.007
0.062
-1.228
-0.410
-0.220
-0.288
-0.358
-1.008
-3.509
-1.501
-2.275
-0.111
-0.398
-0.002
-0.002
-0.002
-0.002
-0.002
-0.002
-0.087
-0.428
-0.567
-0.415
-0.093
0.739
-0.249
0.085
0.075
-0.415
-0.198
-0.203
-1.455
-0.385
-0.024
0.757
-0.531
0.796
-3.181
-1.472
-1.800
0.861
0.315
-0.002
-0.002
-0.002
0.293
-0.002
-0.002
-0.034
-0.002
-0.002
-0.209
-0.131
-0.217
-0.155
-0.298
-0.680
-0.277
0.104
0.049
0.025
-0.287
-0.002
-0.110
0.649
0.349
-1.052
-0.165
-1.689
-1.419
-0.168
-1.620
-0.019
-0.423
-1.242
-1.205
-0.105
-1.210
-0.306
-1.804
-1.045
-0.780
-0.295
-1.406
1.022
0.515
-1.240
-0.002
0.592
-0.002
0.085
-0.002
-0.002
-0.002
-1.993
-0.114
-0.002
-2.303
-1.259
0.045
-1.377
0.160
1.125
0.441
-0.002
0.080
-1.548
0.238
0.769
-0.686
-1.244
-0.002
0.413
0.044
-0.002
0.042
-0.291
-0.927
-1.719
-0.169
0.046
0.030
-0.059
-0.018
-1.988
0.165
0.921
-0.002
