-0.248
-0.358
-0.055
-0.261
-0.202
-0.161
-0.212
-0.248
-0.367
-0.274
-0.524
-0.688
-0.258
-0.349
-0.168
0.227
0.273
0.265
-0.248
0.045
-0.855
3.255
0.943
-0.163
-0.247
-0.546
-0.248
-0.231
-0.658
-0.247
-0.233
-0.297
-0.076
-0.433
0.187
-2.588
-1.620
-2.123
-0.987
-0.685
-1.987
-3.217
0.138
-0.243
-0.268
-0.191
-0.248
-0.168
-2.130
-1.066
-1.945
-1.664
-2.303
-2.651
-1.793
-1.304
-1.069
-0.224
-0.784
-3.397
-1.048
-1.165
-1.728
-1.900
-1.929
-2.521
-1.401
-0.967
-0.173
-0.335
-1.096
0.134
0.159
-0.657
0.050
-0.248
-0.010
0.773
-3.700
0.024
0.215
-1.223
-0.479
-0.415
-0.152
-0.300
-1.188
-2.296
-0.489
-0.919
-0.215
0.033
-0.178
-0.343
-0.560
-0.245
-0.638
0.279
-1.556
-0.840
-0.320
-0.162
0.471
-0.515
-0.225
0.200
0.039
2.114
0.199
-0.025
-0.105
-0.385
0.201
0.162
0.326
0.256
-0.188
-0.005
0.228
0.144
-0.218
0.276
0.230
0.406
0.209
-1.988
0.891
0.989
1.359
-0.713
0.139
-0.070
-0.248
-0.248
-0.053
-0.690
-0.405
-0.248
-0.248
-0.906
-1.627
-0.248
-0.093
-0.395
-0.225
-0.248
-0.325
-0.450
-1.340
-0.248
-0.248
-0.248
-0.896
-1.747
-0.601
-2.968
-3.022
-2.108
-0.248
-0.248
-0.248
-1.830
-1.671
-0.131
0.420
0.012
-1.552
-0.829
-0.558
-0.211
-0.571
0.220
-0.248
-0.107
-0.927
-1.928
-0.772
-0.815
-0.248
-1.163
0.372
-2.000
0.330
-1.184
-0.756
-0.527
-0.234
-0.088
-0.248
0.038
0.131
-0.248
0.335
-1.774
0.255
0.327
-0.703
-0.520
-0.371
-0.248
-0.718
-0.382
0.692
-0.248
-0.421
-0.248
-2.398
-1.893
-1.112
-0.229
-0.086
-0.457
1.703
-0.957
-1.087
-0.248
2.321
-0.140
-2.627
-2.713
-1.478
-2.411
-0.601
-1.860
-1.883
-0.461
-1.005
-1.352
-1.468
-1.492
-1.231
-1.888
-1.652
-0.935
-4.487
-0.237
0.081
-0.248
-0.126
-0.707
-0.251
-1.051
-0.416
0.423
-2.081
0.149
-0.278
-0.248
-1.546
-1.639
1.137
-0.918
-0.609
-0.190
-1.168
-0.235
-1.935
0.141
0.270
-1.118
-0.452
-0.621
-1.189
-0.849
2.334
-0.285
0.322
0.233
0.081
-0.847
0.132
-2.302
-0.065
1.073
-1.031
-0.361
-0.175
-0.373
-0.653
-0.234
-0.248
-0.409
-1.420
-1.772
-1.078
-0.336
-0.248
-0.188
-0.248
-0.417
-2.945
0.806
-0.008
0.235
-0.013
-0.175
0.253
0.527
-2.308
0.333
-0.248
-0.227
-1.471
-0.282
-0.148
-0.242
0.626
3.902
1.392
0.307
-0.312
0.002
-0.707
-0.078
-1.144
-2.703
-0.403
0.156
-0.526
0.056
-0.227
-0.227
-0.283
-0.248
-0.248
-0.437
-0.972
-0.372
-0.265
-1.855
-2.036
-0.234
-0.476
-0.629
-0.315
-0.830
-0.323
-0.147
-0.053
-0.100
-0.343
-1.312
0.646
-0.256
-0.846
0.220
-0.476
0.147
-0.061
-2.644
-1.001
-1.244
-1.192
-1.458
-0.862
-0.278
-1.330
-2.670
-0.772
-0.903
-0.947
-0.122
-0.788
-0.299
-0.705
0.166
-0.412
-0.183
-2.589
0.703
-0.886
-0.839
-1.014
-0.322
-0.774
-0.778
-0.210
-0.278
-0.073
-0.627
-0.242
-0.077
0.826
-0.825
-1.460
-0.278
0.047
-0.248
-1.181
-0.567
0.461
-0.262
-0.205
-0.307
-0.454
-0.809
-0.491
-1.678
-0.417
-1.841
-1.267
-0.213
-0.538
-1.061
-0.609
-1.204
-0.307
-1.504
-2.305
0.106
-0.101
-0.181
-0.454
0.639
-0.248
-0.123
-0.248
-0.856
0.119
-1.015
-0.477
-0.861
0.723
-0.794
-0.248
-0.974
-0.569
-1.931
-0.248
-0.248
-0.454
0.589
-0.184
-0.340
-0.193
-1.627
-0.933
-0.248
-0.254
0.942
0.181
0.075
-0.022
0.361
-0.240
1.487
0.830
0.408
0.539
-0.241
-0.248
0.602
0.236
-0.170
-0.248
-0.218
-1.873
0.574
0.252
-2.079
0.324
0.014
-2.104
0.157
-1.449
-0.960
-0.248
-0.248
-0.240
-0.566
-0.636
0.223
-0.288
-1.552
-0.876
-2.266
-1.122
-0.441
-0.253
-1.597
-2.871
-0.037
0.100
-0.618
-0.255
-0.752
-1.537
-0.569
-1.465
-0.566
-2.441
-1.355
-0.498
-0.296
-0.808
-0.889
-0.379
-0.251
-0.845
-1.879
-0.865
-1.621
-0.204
0.187
-0.202
0.383
-0.373
0.298
-0.110
-0.304
-0.541
-0.305
-0.211
-0.165
-0.120
-0.248
-0.248
-0.248
-0.662
-0.387
-2.107
-1.445
-0.431
-0.296
0.462
0.288
-0.593
-0.676
-0.124
-0.198
-0.284
-0.373
-0.244
-0.262
-0.727
-0.333
-0.621
-0.970
-0.728
-1.030
-2.592
-1.088
-1.194
0.326
-1.222
-0.291
-0.341
0.105
-0.295
-0.389
-0.248
-0.936
-0.656
-0.787
-0.999
-0.239
0.167
-0.445
-0.176
-0.202
-0.422
-0.304
-0.256
-0.633
-1.059
-0.278
-0.163
-0.879
0.566
-2.584
-1.188
-0.248
-3.360
-0.231
-0.248
0.065
-1.030
0.011
-0.215
0.467
-0.441
-0.111
0.588
-0.248
0.201
0.092
-0.172
0.083
-1.562
-1.268
-0.522
-0.139
-0.480
-0.151
-0.808
-0.678
-1.477
-0.668
-0.478
-0.248
-1.227
-0.264
-0.267
-1.464
-0.916
-0.220
-0.478
-0.441
-0.226
-1.176
-0.480
-1.294
-1.005
-1.071
-3.862
-0.741
-0.260
-1.216
-0.736
0.233
0.202
-0.333
1.619
-0.223
-1.060
-0.778
-0.689
-0.209
-0.033
-1.580
-0.900
-0.117
-0.576
0.643
0.760
-0.151
-0.951
-0.265
-1.304
-0.248
-0.114
-0.654
-0.248
0.134
0.156
0.189
0.847
-0.823
-0.294
-0.248
-0.259
-0.406
-0.166
0.028
-0.182
1.017
-2.448
0.988
0.621
-0.162
