-0.191
-0.112
-0.015
0.079
0.041
0.126
0.102
0.354
0.397
0.230
0.297
0.372
0.187
0.133
-0.564
-0.217
-0.414
-0.364
-0.009
0.053
0.594
-1.304
-0.530
0.168
-0.085
-0.088
0.270
-0.195
0.359
-0.121
0.369
0.158
-0.460
-0.147
-0.685
2.536
1.408
2.292
0.699
1.703
2.183
3.114
-0.094
-0.291
0.314
-0.064
0.247
-0.203
1.552
1.543
2.202
1.422
2.133
2.518
2.211
1.598
1.179
-0.004
0.837
2.685
1.824
1.888
1.368
1.573
1.340
2.025
1.606
0.675
-0.122
0.571
1.100
-0.476
-0.324
0.130
1.415
2.218
1.310
-1.093
2.704
-0.110
-0.190
0.989
0.307
0.363
-0.430
0.173
0.948
1.991
0.733
0.092
0.002
0.422
-0.093
0.703
0.509
0.065
0.182
-0.047
0.575
0.400
-0.068
-0.052
0.091
0.528
0.233
-0.461
-0.020
-0.046
-0.040
-0.288
-0.036
-0.062
-0.170
-0.075
-0.116
-0.059
-0.042
-0.313
-0.045
-0.035
-0.049
-0.069
-0.089
-0.224
-0.279
1.893
-0.353
-0.925
-0.496
0.540
0.041
-0.109
-0.345
0.666
-0.743
0.048
-0.138
-0.460
-1.376
-0.084
-0.106
-1.330
-1.663
0.239
0.673
0.061
0.327
0.462
0.468
2.288
0.986
0.007
0.603
1.883
1.853
2.846
2.469
2.765
2.544
-0.128
0.616
1.970
1.434
0.074
-0.136
-0.142
1.461
0.616
0.085
0.314
1.027
-0.414
-0.086
-0.273
0.665
1.467
1.492
0.277
1.181
0.840
-0.065
1.407
-0.197
0.618
0.600
-0.017
0.003
-0.417
-0.180
-0.079
-0.046
0.642
0.231
2.800
1.810
-1.403
0.514
0.468
0.163
0.157
0.659
0.173
-0.099
0.177
0.137
0.146
2.936
1.283
0.769
-0.034
0.933
0.003
-0.938
0.124
0.089
-0.194
-0.693
-0.097
2.866
2.298
0.959
2.525
0.392
1.664
1.371
0.898
0.988
1.130
1.123
1.004
1.124
2.072
1.342
1.118
3.399
-0.626
-0.726
1.239
-0.272
0.991
0.360
0.552
-0.232
-0.084
2.090
0.063
0.787
-0.163
1.051
1.236
-0.304
0.957
0.386
0.032
0.881
0.422
1.741
-0.229
-0.521
1.171
0.847
0.124
1.069
0.639
-1.146
-0.473
-0.569
-0.133
0.267
0.499
-0.141
0.970
-0.058
-0.124
1.059
0.002
0.796
0.216
0.185
0.006
0.384
0.353
0.647
0.482
0.798
0.038
-0.038
-0.283
0.174
0.741
1.292
-0.049
-0.126
-0.234
-0.060
-0.127
0.559
-0.065
1.913
-0.050
-0.094
0.794
1.347
0.800
-0.090
-0.039
-0.699
-1.455
-1.220
-0.349
0.422
-0.648
0.866
-0.679
0.218
1.743
0.494
-0.975
-0.604
-0.041
0.228
-0.093
0.227
0.056
1.200
-0.013
0.674
0.003
-0.051
1.178
1.215
0.447
0.529
0.344
0.142
1.001
0.197
0.498
0.015
0.034
0.752
0.907
-0.686
0.511
0.191
0.024
0.121
0.011
-0.167
2.751
1.176
0.896
1.219
1.010
0.740
0.365
1.731
1.997
0.857
-0.077
0.380
0.044
0.761
1.678
1.053
1.333
1.598
0.113
2.369
-0.116
1.331
0.674
0.606
-0.285
2.243
0.821
0.164
-0.047
0.429
0.482
0.269
-0.043
-1.085
1.130
0.738
-0.114
-0.166
0.647
1.049
1.027
-0.350
-0.216
-0.142
-0.235
-0.136
0.833
-0.064
1.155
-0.444
1.513
1.269
1.093
1.003
0.903
1.477
1.268
0.528
2.372
2.921
-0.065
0.500
-0.047
0.105
0.141
0.260
-0.280
0.216
0.508
-0.215
0.864
0.380
0.716
0.137
0.733
-0.270
0.372
0.284
0.005
-0.106
-0.268
0.192
-0.043
-0.469
0.408
-0.694
1.953
0.957
0.248
-0.129
-1.187
-0.307
-0.091
-0.116
-0.125
0.002
-0.495
-0.459
-0.907
-0.910
-1.254
-0.479
-0.744
-0.295
-0.159
0.287
-0.355
1.757
-0.887
-0.289
1.440
-0.899
0.698
1.434
-0.808
0.998
-0.222
0.396
-0.084
0.036
0.502
0.457
-0.139
0.336
2.114
0.706
2.195
0.862
0.609
0.377
1.269
2.187
0.042
-0.235
0.505
0.150
0.226
1.654
0.936
0.852
0.385
2.159
1.294
0.421
0.589
0.279
0.757
0.313
0.341
0.515
1.751
1.107
1.298
0.216
-0.016
0.080
-0.013
-0.143
-0.137
-0.828
0.210
0.145
0.116
0.126
-0.237
0.244
-0.283
0.266
0.450
0.712
0.380
1.708
1.671
0.376
0.036
-0.257
0.158
0.250
1.186
0.226
-0.431
0.006
0.007
-0.054
0.524
0.817
0.380
0.849
0.413
0.249
1.286
3.111
0.580
0.660
-0.298
0.136
0.348
0.585
-0.210
-0.044
-0.780
-0.039
0.700
-0.038
0.129
0.145
0.231
-0.288
0.064
-0.105
-0.354
0.401
0.350
0.054
0.476
0.109
0.013
-0.141
0.807
-0.276
2.712
1.197
0.759
0.466
0.400
0.690
0.192
0.900
-0.038
0.096
-0.112
0.225
-0.175
-0.445
0.123
0.004
-0.088
-0.048
-0.039
0.983
1.326
-0.716
-0.053
-0.020
-0.205
0.043
0.311
0.020
0.062
0.408
-0.052
-0.016
0.313
0.161
1.088
0.668
0.370
0.995
0.466
0.357
1.436
0.487
0.915
1.120
0.761
2.367
0.916
-0.158
-0.857
0.251
-0.263
0.225
0.404
-0.875
-0.043
0.335
0.493
0.990
-0.735
0.369
0.990
0.450
-0.606
0.371
-0.367
-0.772
-0.162
1.951
-1.199
0.126
-0.121
-0.891
0.717
0.550
-0.085
-0.327
-0.120
-0.744
0.308
0.187
0.501
0.787
0.717
-0.163
-0.143
-0.294
-1.110
0.982
-0.311
-0.369
0.054
