0.048
-0.024
-0.091
-0.103
-0.010
-0.073
0.467
0.042
0.589
0.062
0.022
0.186
0.040
0.009
-0.643
-0.065
-0.116
-0.116
-0.243
-0.176
-0.094
-2.471
-0.691
-0.130
-0.279
0.033
0.054
0.118
-0.007
-0.051
0.036
-0.127
-0.537
-0.156
-0.515
1.977
1.733
2.004
0.414
1.264
1.514
2.733
-0.069
-0.324
-0.072
-0.149
-0.015
-0.422
1.790
1.695
2.229
1.628
1.984
2.681
2.042
0.949
1.206
-0.067
0.326
3.067
1.250
1.607
1.056
1.347
0.866
1.785
1.419
0.323
-0.085
0.216
0.986
-0.485
-0.526
0.221
0.818
1.564
0.890
-0.933
3.574
-0.060
-0.684
1.019
-0.101
-0.064
-0.415
-0.111
0.732
2.185
0.102
-0.152
-0.652
0.108
-0.043
0.417
0.270
-0.174
-0.193
-0.252
1.493
0.899
-0.023
-0.076
0.322
0.386
-0.003
-0.303
-0.007
-0.005
-0.087
-0.258
-0.105
0.006
-0.182
-0.110
-0.253
-0.124
-0.028
-0.339
-0.091
-0.259
-0.009
-0.046
-0.152
-0.383
-0.254
0.545
-0.437
-1.385
-0.519
-0.009
-0.022
-0.070
-0.294
-0.663
-0.968
0.052
-0.156
-0.503
-1.557
0.031
-0.160
-2.288
-1.653
0.018
-0.083
-0.084
0.093
0.797
0.842
1.817
0.479
-0.326
1.030
1.504
1.566
2.552
2.086
2.559
2.209
-0.420
0.049
1.728
1.356
1.038
-0.439
-0.059
0.850
0.644
0.277
0.481
1.042
-0.210
-0.110
-0.111
0.533
1.375
0.792
0.261
0.997
0.683
-0.216
1.073
-0.153
0.332
0.549
-0.135
-0.140
-0.376
-0.259
-0.174
-0.118
0.495
-0.019
1.871
1.886
-0.749
0.800
0.856
0.435
-0.046
0.265
0.272
0.004
0.032
0.088
-0.020
1.874
2.714
0.621
-0.051
0.072
-0.015
-1.376
0.249
0.359
-1.723
-1.250
-0.045
2.191
1.696
0.844
2.099
0.291
1.574
1.586
0.684
0.921
0.702
0.893
0.671
0.756
1.650
0.944
0.731
2.723
-0.497
-1.554
0.793
-0.242
1.270
0.151
0.437
-0.394
-0.211
2.007
-0.042
0.369
0.094
0.763
1.767
-1.635
0.816
0.080
0.091
0.755
0.302
0.821
-0.067
-0.070
0.525
0.500
-0.611
0.511
0.341
-1.377
-0.617
-0.566
-0.012
0.033
0.592
-0.085
0.005
-0.062
-0.374
0.751
-0.067
0.665
0.082
0.276
-0.068
-0.207
0.145
1.136
1.413
0.326
-0.127
-0.196
-0.110
-0.058
0.479
0.878
-0.215
-0.009
-0.192
-0.084
-0.155
0.024
-0.200
1.988
-0.451
-0.137
2.021
-0.102
1.271
-0.290
0.043
-0.825
-2.326
-2.000
-0.284
-0.018
-1.027
0.915
-0.053
-0.224
1.638
0.446
-0.425
-0.228
-0.067
-0.171
-0.197
0.244
-0.220
0.240
-0.316
0.841
-0.190
-0.103
1.750
-0.039
-0.060
0.091
0.751
0.142
1.154
0.246
0.223
-0.019
-0.093
0.118
0.695
-0.797
0.146
-0.090
-0.238
0.379
-0.244
-0.140
2.509
1.038
0.927
1.355
1.730
0.444
-0.015
1.056
1.478
0.576
-0.206
-0.085
0.034
0.647
1.430
0.384
0.001
1.800
0.000
2.488
-0.369
1.722
0.634
1.811
0.493
1.136
-0.017
0.132
-0.093
-0.004
-0.630
-0.008
-0.350
-0.967
0.054
0.066
0.069
0.015
0.961
0.502
0.295
-0.748
-0.124
-0.124
-0.420
-0.011
0.406
0.216
0.791
-0.196
1.549
1.096
0.883
0.579
0.853
0.353
0.093
-0.025
1.721
1.935
-0.069
0.585
-0.091
0.743
0.022
0.138
-0.068
0.262
0.705
-0.136
0.918
0.235
0.344
-0.129
0.539
-0.044
0.507
0.348
-0.080
-0.291
-0.335
-0.113
-0.363
-0.408
0.061
-0.132
1.618
0.468
-0.086
-0.081
-1.467
-0.533
-0.453
-0.118
-0.523
0.002
-1.481
-1.366
-0.687
-1.150
-0.747
-0.812
-0.416
-0.269
-0.137
0.510
-0.535
1.285
-0.315
-0.115
0.863
-0.430
0.225
0.920
-0.469
-0.500
-0.230
-0.147
-0.371
-0.197
0.555
0.396
-0.499
0.112
1.674
-0.001
1.832
0.241
0.543
0.147
0.569
1.637
0.015
-0.081
0.001
-0.196
-0.475
1.095
0.364
1.267
0.396
1.721
0.413
0.778
0.173
0.407
0.574
0.537
0.348
1.520
1.345
1.089
0.971
0.025
-0.042
-0.117
0.021
0.012
-0.020
-0.338
-0.033
0.283
0.002
-0.010
0.185
-0.150
0.029
0.091
0.032
0.213
0.131
1.816
1.498
0.248
-0.107
-0.611
-0.134
-0.064
0.643
-0.185
-0.191
-0.018
-0.153
-0.036
0.199
0.710
0.126
0.405
0.277
1.436
1.456
2.794
1.167
0.948
0.101
0.940
0.164
0.750
-0.146
-0.057
-0.736
0.045
0.291
-0.118
0.133
-0.137
0.114
-0.459
0.337
-0.131
-0.214
0.456
0.043
0.187
0.500
0.684
-0.262
-0.430
0.586
-0.250
2.121
0.879
-0.333
-0.189
0.736
0.198
0.044
0.581
-0.018
-0.067
-0.134
0.413
-0.113
-0.404
0.017
-0.382
-0.195
-0.170
-0.141
1.460
0.320
-0.090
0.024
-0.005
-0.165
-0.661
-0.118
-0.403
-0.236
0.204
-0.175
0.973
0.116
0.112
1.710
0.592
0.116
1.071
0.122
-0.243
0.968
-0.025
0.843
0.583
0.315
1.969
0.605
-0.200
-0.306
0.474
-0.410
-0.155
-0.000
-0.880
-1.119
-0.337
-0.042
0.816
-0.208
0.548
0.562
0.234
-1.065
0.116
-0.329
-0.757
-0.304
0.623
-0.252
0.412
-0.092
-0.479
0.360
0.495
-0.020
-0.152
-0.070
-0.431
0.341
0.151
0.543
0.829
0.190
-0.009
-0.177
-0.612
-1.597
0.885
-0.170
-0.510
-0.066
