-0.196
-0.078
-0.002
0.362
-0.181
0.094
-0.206
-0.128
-0.573
-0.423
-0.335
-0.470
0.143
0.009
0.215
0.146
0.235
0.383
0.166
0.611
0.030
1.254
0.073
-0.172
0.069
0.108
-0.022
0.392
-0.698
-0.220
0.084
0.247
0.002
-0.390
0.157
-3.308
-1.954
-2.899
-0.627
-1.677
-2.370
-3.919
0.067
0.581
0.050
-0.047
-0.359
-0.154
-2.770
-1.602
-3.148
-1.626
-1.734
-3.474
-2.738
-1.489
-1.041
0.111
-0.423
-4.024
-1.004
-2.064
-1.588
-1.698
-1.670
-2.767
-2.166
-0.646
-0.468
0.207
-1.074
0.318
0.527
-0.705
-0.586
-2.177
-1.036
1.865
-4.670
-0.142
1.279
-0.823
-0.573
0.013
0.537
0.079
-1.008
-3.094
0.097
0.059
0.403
0.059
0.018
-0.715
-0.110
0.458
-0.180
0.165
-2.238
-1.031
-0.224
0.044
-0.938
-1.025
-0.089
0.185
-0.064
0.161
0.076
0.153
0.010
0.024
0.226
0.085
0.178
0.123
0.046
0.399
0.045
0.510
-0.016
0.083
0.087
0.246
0.179
-1.437
0.563
0.960
0.501
-0.533
0.034
-0.271
-0.302
0.084
1.085
-0.328
-0.015
-1.145
1.125
-1.119
-1.655
2.114
2.090
-0.315
0.158
0.394
-0.053
-0.290
-1.030
-2.934
-0.693
0.384
-1.077
-3.141
-2.049
-3.313
-3.282
-3.569
-4.317
-0.158
-1.577
-2.279
-2.802
0.084
-0.309
-0.098
-2.583
-1.465
-0.461
0.010
-1.857
-0.751
0.378
0.195
-0.962
-1.867
-1.857
-0.945
-2.283
-1.056
0.234
-1.978
0.057
-1.261
-0.951
-1.814
-0.314
0.507
0.365
-0.454
-0.175
-0.466
0.968
-1.876
-2.274
0.592
-0.586
-0.842
-1.216
-0.350
-1.662
0.105
0.252
-0.217
-0.197
0.048
-3.553
-3.221
-0.828
0.944
-0.598
0.057
1.431
-1.303
-0.621
0.397
-0.089
0.055
-2.353
-2.751
-1.272
-2.857
-0.510
-1.174
-2.123
-0.332
-0.483
-0.358
-1.278
-0.246
-0.517
-2.122
-1.264
-1.909
-5.974
-0.033
1.625
-1.214
-0.252
-0.709
-0.661
-1.041
-0.517
0.217
-3.305
-0.370
-0.633
-0.062
-1.264
-1.800
-0.303
-1.345
-0.464
-0.204
-0.845
-0.707
-1.160
0.097
0.428
-1.062
-0.885
0.055
-0.126
-0.405
1.760
0.054
0.105
0.159
-0.122
-1.147
0.123
-0.870
-0.078
0.439
-1.171
0.084
-0.968
-0.111
-0.232
1.146
-0.362
-0.309
-1.100
-2.160
-1.649
0.071
0.237
0.122
0.107
-0.314
-1.951
0.668
-0.003
0.224
0.093
-0.066
-0.730
1.307
-2.476
0.919
-0.010
-1.620
0.084
-0.786
-0.723
-1.128
1.106
2.052
1.445
-0.623
-0.124
1.113
-0.909
0.139
-0.160
-2.360
-0.035
0.169
0.154
-0.118
0.169
0.196
-0.325
-0.121
-0.693
0.236
-0.712
0.120
0.060
-3.542
-1.056
-0.492
-0.705
-0.850
-0.465
-1.284
-0.783
-0.227
-0.073
0.084
-1.089
-1.242
0.933
-0.562
-0.656
0.100
0.005
0.115
0.081
-3.012
-0.689
-1.348
-1.701
-1.568
-0.932
-0.274
-1.284
-1.638
-0.330
-0.984
-1.096
-0.263
-0.337
-0.241
-0.366
-0.088
-2.425
0.152
-3.051
0.385
-1.138
-1.055
-1.947
-0.079
-1.244
0.016
-0.226
0.155
-0.663
0.023
-0.028
0.975
1.653
-0.479
-0.403
-0.233
-0.239
0.353
-2.520
-3.131
-0.167
-0.260
-0.105
0.025
-0.041
-0.835
-0.676
-1.426
0.513
-1.425
-0.669
0.630
-0.221
-0.622
-0.263
-1.093
0.161
-1.784
-2.597
0.142
-0.882
0.132
-0.186
-0.097
-0.306
0.137
-0.366
-1.171
-0.072
-1.144
-0.623
-0.151
0.510
-0.606
0.116
-0.069
0.038
0.101
-0.176
1.221
-0.061
0.331
0.109
-0.149
0.308
-1.443
-0.939
-0.057
0.146
1.107
0.905
0.447
0.446
1.293
-0.409
0.880
0.964
0.749
1.674
1.497
-0.196
1.909
0.412
-0.066
0.104
0.502
-1.485
0.398
0.106
-0.740
0.747
-0.179
-1.344
0.500
0.441
-0.370
-0.132
0.098
-0.628
-1.110
-0.665
0.511
-0.364
-1.486
0.180
-2.649
-0.713
-0.484
0.200
-1.068
-1.923
-0.192
0.144
-0.536
-0.489
-0.659
-1.555
-0.672
-1.906
-0.360
-2.189
-0.346
-0.401
-0.631
-0.026
-1.369
-0.688
-0.189
-1.522
-1.160
-1.403
-2.384
-0.020
0.014
-0.021
0.171
-0.035
-0.208
0.928
0.046
-0.208
-0.316
-0.283
-0.049
-0.008
-0.127
0.037
-0.718
-0.338
-0.483
-2.252
-1.265
-0.335
-0.420
0.547
0.174
-0.500
-1.013
-0.343
0.074
0.040
0.051
0.228
0.155
-1.448
-0.134
-0.572
-0.963
-1.966
-1.191
-3.310
-1.784
-1.393
0.063
-0.736
-0.294
-1.063
0.332
-0.153
0.607
-0.314
-1.031
0.378
-0.449
-0.147
0.000
0.244
0.069
0.059
0.016
-0.827
-1.226
-0.273
-0.673
-0.436
0.483
0.135
-0.958
0.515
-2.303
-1.000
-0.115
-0.345
-0.586
-0.661
-0.124
-1.317
0.209
-0.682
0.285
-0.148
0.125
0.501
0.279
0.324
0.301
0.302
0.261
-0.729
-1.206
-0.001
0.301
-0.342
-0.177
-0.009
-0.295
0.590
-0.069
-0.378
0.094
-1.085
-1.075
-0.134
-2.693
-0.936
-0.618
-1.251
-0.474
0.335
-1.316
-0.016
-1.133
-0.591
-0.575
-3.235
-0.734
0.022
-0.773
-0.869
0.358
-0.062
-0.210
0.891
0.806
-0.646
-0.485
-1.685
0.026
-1.243
-1.090
-0.295
0.924
0.171
0.323
0.064
0.340
-0.217
0.550
0.083
0.472
0.401
-0.408
-0.916
-0.067
-0.011
0.141
0.817
-1.188
-0.266
-0.591
-0.933
-0.488
-0.176
-0.255
0.826
1.411
-1.872
0.000
1.140
0.296
