0.380
0.124
-0.104
-0.029
0.062
0.002
-0.058
0.026
0.026
-0.738
-0.019
-0.942
-0.027
-0.357
0.088
0.468
0.070
0.132
0.026
0.354
-1.297
1.058
2.055
0.001
0.053
0.048
-0.257
0.417
-0.372
0.042
0.016
0.239
0.538
0.184
0.050
-2.721
-1.237
-2.170
-0.948
-1.602
-1.980
-3.271
-0.246
-0.047
-0.049
0.104
-0.369
-0.046
-2.373
-1.028
-1.067
-1.199
-3.308
-3.452
-1.960
-0.655
-0.806
0.026
-0.812
-3.286
-0.270
-0.709
-1.310
-3.117
-0.595
-2.314
-1.772
-0.501
0.076
0.056
-0.687
-0.040
0.140
-0.342
-0.871
-1.830
-1.849
1.393
-2.130
0.192
0.252
-0.554
-0.166
0.058
0.551
0.371
-0.691
-3.125
-1.052
-0.269
0.113
-0.479
0.034
-1.211
-0.143
-0.100
0.026
0.086
-1.354
-0.957
-0.045
-0.129
-0.082
-0.444
0.026
0.317
-0.039
0.077
0.026
0.261
0.047
0.057
0.307
0.026
0.026
0.026
0.024
0.051
0.030
0.026
0.038
0.006
0.138
0.078
0.618
-2.716
0.154
0.751
0.190
0.171
0.170
0.188
-0.265
-0.047
0.336
0.010
-1.676
0.026
0.026
-0.913
0.002
0.026
1.950
-0.202
0.013
-0.631
-0.213
-0.353
-1.533
-2.978
-0.948
0.005
-0.631
-3.000
-0.928
-2.409
-1.676
-3.376
-0.692
0.322
0.190
-1.912
-2.265
-0.454
0.085
0.041
-1.089
-0.166
-0.052
0.002
-0.630
0.412
0.115
0.188
-1.009
-1.318
-2.599
-0.556
-2.011
-0.839
0.054
-0.362
0.236
-0.402
-0.241
-0.140
0.168
0.148
0.116
0.126
-0.160
0.071
-0.526
-2.406
-1.839
0.026
-0.716
-0.532
-0.465
0.016
-0.186
-0.228
0.005
0.004
0.012
0.026
-0.884
-1.708
0.000
0.047
-0.171
-0.165
0.455
-0.489
0.328
0.005
0.641
0.564
-1.584
-3.223
-0.558
-2.300
-1.118
-0.351
-0.420
-1.694
-0.818
-0.520
-1.748
-0.622
-0.353
-2.813
-1.043
-1.225
-2.729
0.220
1.091
-0.553
0.331
-0.146
0.026
-1.374
0.604
0.115
-2.028
-0.174
-0.667
-0.647
-2.125
-0.320
0.382
-0.619
0.026
0.662
-0.835
-0.172
-0.508
0.268
0.041
-1.696
-0.973
0.438
-0.266
-0.661
1.517
0.052
1.649
-0.346
0.074
-0.700
0.020
-0.207
0.073
-0.127
-1.629
0.026
0.026
0.000
-0.889
0.483
1.217
-0.268
-0.776
-1.063
-0.998
-0.129
-0.394
0.015
0.050
-0.091
-2.308
0.673
0.092
0.052
0.188
-0.236
0.172
0.241
-1.672
0.359
0.077
-0.682
0.026
-0.383
0.052
-0.391
0.851
2.133
1.609
1.482
0.120
1.082
-0.623
-0.344
-0.146
-2.269
-0.383
-0.277
0.180
-0.128
-0.183
-0.062
-0.020
0.026
-0.290
-0.007
-1.163
-0.179
-0.315
-1.185
-0.633
0.235
0.116
-0.067
0.090
-0.542
-0.267
-0.462
-0.011
0.026
-0.159
-0.532
0.835
-0.456
-0.437
-0.526
-0.939
0.288
0.065
-2.599
-1.311
-0.509
-0.538
-1.717
-0.650
-0.108
-0.903
-2.179
-0.588
0.026
0.026
0.171
-1.609
-0.212
-0.441
-0.019
-0.201
-0.053
-2.158
0.304
-0.220
-0.724
-1.227
-0.042
-1.166
-0.204
0.092
0.057
-0.033
-0.398
0.739
0.886
1.302
-0.371
-0.669
-0.307
0.021
0.040
-0.128
0.060
0.116
-0.034
-0.652
-0.123
0.473
-0.215
-0.134
-0.781
0.659
-1.596
-0.291
-0.117
-0.184
-0.466
-0.512
-1.297
0.084
-0.739
-1.780
1.397
-0.499
-0.138
-0.289
-0.072
0.026
0.079
-0.122
-0.263
-0.042
-1.665
-0.490
-0.741
-0.536
-0.664
0.026
-1.441
-0.197
-0.059
0.262
1.545
-0.024
0.104
0.297
-0.189
0.247
-0.984
-0.673
0.145
0.327
0.607
0.286
0.009
0.446
1.113
0.093
0.360
0.377
1.035
0.794
0.079
0.002
1.212
0.313
0.153
-0.203
0.279
-2.300
0.130
0.389
-1.273
1.643
0.251
-1.212
-0.114
-0.770
-0.033
-0.196
0.805
-0.086
-0.086
-0.244
-0.119
-0.355
-0.792
0.026
-0.431
-0.026
-0.942
0.046
-0.343
-1.752
0.385
0.551
0.055
-0.007
-0.071
-0.770
-0.413
-1.324
-0.051
-2.041
-0.807
-0.191
-0.135
0.026
-1.065
-0.283
-0.484
-0.692
-1.512
-1.241
-0.672
-0.017
0.303
0.795
-0.202
-0.086
-0.112
0.299
-0.088
-0.755
-0.045
-0.204
-0.543
-0.842
-0.038
-0.204
-0.078
-0.680
-0.614
-1.159
-0.814
-0.977
-0.038
0.385
-0.275
-0.827
-0.085
0.028
-0.108
-0.001
-0.050
0.364
-0.038
-1.147
-0.412
-0.917
-0.057
-0.037
-0.330
-2.792
-0.835
-0.202
0.143
-0.134
-0.176
-0.206
-1.539
-0.262
0.215
-0.058
-0.684
-0.389
-0.240
-0.061
-0.360
0.039
-0.602
-0.022
-0.010
-0.448
-0.313
-0.018
-0.455
-0.202
-0.330
0.276
-0.814
0.188
-1.855
-0.008
-0.066
-0.372
-0.790
-0.123
0.026
-0.509
0.210
-0.200
-0.002
0.025
0.025
0.664
-0.130
0.010
0.076
0.029
0.093
-0.736
-0.385
0.423
0.245
-0.005
0.026
-0.281
-0.136
-0.170
-0.278
-0.443
0.038
-0.681
-0.600
-0.136
-1.694
-0.121
-0.879
-0.910
-1.467
0.019
-0.158
-0.008
-1.024
-0.786
-0.931
-2.603
-0.668
-0.379
-2.014
-0.493
0.418
0.058
0.015
0.075
0.343
-0.300
-0.023
-0.744
-0.230
-0.125
-0.396
0.009
1.209
0.019
0.800
0.704
0.402
-0.772
1.036
-0.327
0.082
0.416
-0.193
-0.612
0.166
0.221
0.222
1.298
-0.955
0.024
-1.377
-0.072
-0.420
-0.106
0.258
-0.342
0.424
-0.922
-0.032
0.610
0.086
