0.198
0.353
0.155
0.274
0.031
-0.247
0.241
0.180
0.428
0.098
0.235
0.329
0.250
0.551
-0.642
-0.239
-0.187
-0.411
-0.623
-0.823
1.012
-1.761
-1.239
-0.104
-0.043
-0.010
-0.078
0.455
0.174
0.024
-0.358
-0.092
-0.206
0.206
-0.082
3.206
1.346
3.163
1.405
1.775
2.293
4.412
-0.205
-0.082
0.006
-0.175
-0.047
-0.187
3.016
1.397
2.582
1.633
3.422
2.958
2.118
1.541
1.109
0.150
0.985
3.837
1.183
1.353
1.874
2.810
1.857
3.534
1.546
0.230
0.136
-0.082
0.971
0.245
0.321
0.473
0.576
1.886
0.532
-0.082
2.439
-0.094
-0.115
1.304
0.771
-0.074
-0.503
-0.455
1.295
1.908
0.192
-0.449
-0.148
0.480
0.166
1.098
0.690
-0.274
-0.084
-0.117
1.492
0.101
0.206
-0.084
-0.059
0.673
-0.082
-0.163
0.001
0.032
0.019
-0.212
0.090
0.153
-0.083
0.018
-0.026
-0.085
0.017
-0.147
0.018
-0.091
0.047
0.014
-0.093
-0.135
-0.141
0.900
-0.748
-1.658
-1.503
0.546
0.006
-0.082
1.016
1.336
-1.884
0.196
0.215
1.692
-0.082
0.464
0.753
-1.286
-2.476
-0.025
-0.010
0.031
0.136
0.648
0.453
1.141
-0.215
0.015
0.653
1.925
1.959
3.092
2.865
0.197
2.971
-0.048
0.217
2.093
0.995
-0.082
-0.184
-0.082
0.604
0.943
0.147
-0.082
2.385
-0.767
0.000
-0.454
1.427
1.857
1.417
0.790
1.413
-0.059
-0.226
2.010
0.008
0.603
0.553
0.055
-0.136
-1.311
0.217
0.279
0.142
1.109
-0.023
2.350
1.286
-0.855
0.617
0.283
0.173
0.207
0.156
-0.022
-0.042
0.436
0.331
0.241
2.890
2.250
0.920
0.117
0.172
-0.175
-2.074
0.321
0.063
-2.280
-1.361
-0.147
3.818
4.244
1.031
2.550
0.383
1.220
0.824
0.797
0.101
0.468
2.040
0.852
1.385
2.409
2.279
0.834
3.444
0.232
-0.729
1.971
0.404
0.043
-0.094
1.605
0.682
0.200
3.029
-0.064
0.473
-0.160
1.267
1.684
0.026
2.258
0.796
-0.030
1.336
0.312
2.296
0.058
-0.953
1.146
0.546
0.280
0.922
0.565
-2.054
0.165
-0.797
0.168
-0.655
0.155
-0.246
0.346
-0.088
-0.618
0.722
-0.082
-0.306
0.215
-0.018
-0.256
0.215
0.611
-0.050
1.553
1.000
0.156
0.347
-0.163
-0.205
0.493
3.202
-1.088
-0.005
-0.214
-0.168
-0.188
-0.133
0.449
2.851
0.813
0.084
0.605
-0.499
1.311
0.170
0.260
-0.835
-2.235
-1.636
-0.113
-0.379
-1.446
0.735
0.089
0.611
2.673
-0.206
0.143
0.392
0.118
-0.053
-0.087
0.244
-0.305
0.275
0.177
0.152
0.114
-0.111
2.168
1.548
0.062
0.334
0.900
0.487
0.810
0.319
0.388
0.003
-0.087
0.443
1.503
-1.385
0.048
0.366
-1.025
0.845
-0.750
-0.206
2.937
1.534
0.689
1.727
0.934
0.644
0.032
1.550
2.093
1.541
1.173
2.653
0.090
0.332
0.211
0.633
0.481
0.206
-0.005
1.938
-0.180
2.021
1.379
1.587
1.017
2.041
0.040
-0.082
-0.125
0.617
-0.157
0.676
-1.232
-1.411
0.440
0.627
0.369
-0.189
-0.061
0.092
-1.078
-0.624
0.151
-0.067
0.468
0.196
2.189
0.044
1.125
0.145
2.776
1.087
1.256
0.559
2.206
-0.266
1.522
0.258
2.261
2.485
-0.216
0.760
-0.036
0.488
-0.302
0.224
-0.209
0.211
1.049
-0.310
1.504
0.583
0.969
0.107
0.132
-0.082
2.134
0.172
-0.128
0.225
-0.082
-0.060
-1.090
-0.348
0.098
-0.541
2.577
1.134
1.222
-0.149
-1.535
-0.899
-0.424
-0.542
-0.844
0.178
-1.333
-1.222
-1.484
-1.401
-0.082
0.368
-1.074
-0.429
0.237
0.262
-0.813
2.130
-0.842
-0.380
1.919
-0.967
0.309
2.681
-0.125
1.567
0.372
0.258
0.329
1.640
0.036
0.661
-0.175
0.260
1.667
0.122
2.689
1.131
0.683
0.330
1.089
2.228
-0.019
-0.101
0.141
-0.320
-0.426
1.674
0.441
1.299
0.664
2.467
1.723
0.479
0.169
0.230
0.659
0.073
0.234
0.896
2.940
0.935
1.181
-2.308
-0.020
-0.470
-1.290
0.210
0.047
-0.822
0.124
0.535
0.139
0.152
0.146
0.186
0.372
0.317
-0.031
0.437
0.455
1.588
1.458
0.411
-0.270
-0.722
-0.107
-0.151
-0.071
0.058
0.280
-0.114
-0.224
0.306
0.323
0.819
0.178
0.968
0.984
0.521
0.998
3.336
1.245
0.942
-0.091
0.446
0.309
0.689
0.183
1.075
0.556
0.086
0.722
1.320
0.360
0.101
0.472
-0.020
-0.100
0.161
-0.079
0.452
0.441
0.052
0.565
1.189
-0.001
-0.121
1.226
-0.307
3.243
0.551
0.189
0.276
0.526
0.254
-0.064
0.902
-0.072
-0.051
-0.370
-0.035
-0.412
-0.570
0.020
-0.374
-0.319
0.011
-0.163
3.201
0.846
0.785
0.014
-0.295
-0.071
-0.041
-0.050
0.134
-0.351
0.098
-0.329
0.329
0.356
0.044
1.384
1.462
0.288
0.292
-0.009
-0.074
1.322
0.511
1.629
0.765
1.216
3.719
0.857
0.270
3.033
0.575
-0.361
-0.367
0.305
-1.146
-0.298
-0.364
0.786
1.556
-0.356
0.866
0.625
0.339
-1.497
-0.552
-1.216
-0.761
-0.474
0.799
-0.749
0.857
0.136
-0.420
0.724
0.212
0.021
-0.156
-0.172
-1.164
1.105
0.143
0.288
0.692
0.402
0.129
-0.082
-0.241
-1.214
2.690
-0.852
0.149
-0.397
