-0.251
-0.170
-0.063
-0.436
-0.418
-0.304
-0.366
-0.188
-0.145
-0.239
-0.259
-0.792
-0.161
-0.622
-0.141
0.104
-0.131
-0.141
-0.038
-0.213
-1.020
0.394
0.598
-0.388
-0.246
0.210
-0.606
-0.608
-0.864
0.266
-0.685
-0.135
-0.440
-0.104
-0.189
-3.153
-3.005
-4.177
-1.021
-2.020
-2.867
-4.818
0.467
0.231
-0.195
0.075
-0.397
-0.149
-3.346
-1.859
-2.771
-2.643
-3.450
-3.954
-3.755
-2.539
-1.502
0.024
-0.860
-4.262
-1.212
-2.308
-1.644
-2.304
-1.789
-3.368
-3.901
-0.853
-0.218
-0.682
-0.467
0.840
1.093
-0.168
0.216
-2.614
-0.178
1.339
-4.538
-0.059
0.946
-1.922
-0.518
-0.279
0.010
-0.181
-1.235
-3.152
-0.914
-1.092
0.261
-0.220
-0.489
-0.828
-0.884
-0.286
-0.551
-0.022
-1.485
-1.906
-0.303
0.225
-0.620
-0.725
-0.175
0.065
-0.197
-0.170
-0.034
0.378
-0.096
-0.179
0.163
0.141
0.280
0.180
-0.161
0.200
0.037
0.242
-0.238
-0.371
0.182
0.372
0.304
-2.036
-0.170
0.058
0.567
-0.125
0.111
0.220
-0.613
-0.545
0.244
-1.945
-1.387
-0.794
0.980
-0.449
-0.732
1.593
1.330
-0.296
-0.479
-0.168
-0.327
-0.879
-1.863
-3.182
-0.686
0.083
-0.911
-2.271
-2.180
-4.245
-4.475
-3.712
-3.107
0.363
-0.425
-3.211
-2.672
-0.141
0.113
-0.167
-2.640
-1.014
-0.818
-0.475
-1.113
-0.273
-0.153
0.358
-1.433
-2.224
-1.276
-0.576
-1.639
-0.677
-0.212
-2.179
0.134
-1.410
-0.885
-1.433
-0.141
-0.005
-0.437
-0.124
-0.202
-0.159
-0.026
-0.176
-1.050
1.279
-1.097
-0.341
-0.238
-1.774
-1.625
-0.186
0.014
-0.364
-0.449
-0.524
-3.671
-3.219
-0.756
0.023
-0.961
-0.231
0.687
-0.406
-0.641
0.101
0.632
0.079
-3.148
-4.112
-1.788
-3.063
-1.051
-2.577
-1.943
-0.945
-1.523
-1.582
-2.645
-1.471
-0.431
-2.732
-2.144
-1.696
-3.749
-1.915
-0.025
-1.509
-0.356
-1.805
-0.393
-0.800
-0.669
-0.321
-4.438
-0.862
-0.925
0.885
-1.212
-2.095
0.912
-1.255
-0.677
0.520
-1.370
-0.964
-1.748
0.522
0.844
-1.605
-1.416
-0.486
-1.549
-1.230
1.330
0.471
0.328
-0.768
-0.194
-0.743
0.034
-1.854
0.092
-0.043
-0.459
-0.517
-0.677
-0.524
-0.780
-0.155
-2.248
-0.756
-0.889
-1.188
-1.164
-0.208
-0.270
-0.266
-0.125
-1.303
-4.006
-0.089
0.306
0.369
0.177
-0.350
-0.223
-1.275
-2.704
-0.012
-0.163
-0.786
-1.019
-1.924
-0.197
-0.366
0.578
2.660
0.242
-0.566
-0.043
1.003
-0.776
0.214
-0.526
-3.880
-0.575
0.306
0.016
-0.019
0.063
0.165
-0.633
-0.276
-0.675
-0.178
-1.082
-0.132
-0.094
-1.829
-1.341
-0.776
-1.721
-0.629
-0.205
-0.699
-0.454
-0.170
-0.026
-0.159
-0.685
-0.820
0.219
-0.534
-0.940
-0.044
-0.281
-0.040
-0.005
-3.476
-1.973
-1.125
-2.227
-3.118
-0.888
-0.274
-2.162
-2.925
-1.307
-0.629
-1.407
-0.141
-0.885
-1.374
-1.459
-0.779
-2.855
-0.047
-2.509
-0.141
-0.988
-0.576
-1.539
-0.694
-1.553
0.248
-0.505
-0.455
-0.262
-1.019
-0.041
0.483
0.515
-0.180
-0.082
-0.734
-0.203
-0.121
-1.067
-0.902
-0.596
-0.607
0.029
-0.435
-0.625
-1.069
-0.291
-1.693
-0.641
-2.048
-1.711
-0.057
-1.284
-1.102
-1.537
-0.491
-0.083
-3.311
-3.050
-0.011
-0.862
-0.084
-0.580
0.295
-0.379
-0.159
-0.468
-0.569
0.060
-2.110
-0.637
-1.071
-0.565
-0.575
-1.468
-1.234
-0.535
-0.294
-0.369
0.311
-0.430
-0.081
0.439
-0.475
0.358
-3.316
-1.202
-1.084
-0.141
0.862
0.663
-0.623
0.093
0.184
-0.131
0.677
0.316
1.125
1.560
0.480
0.111
-0.141
0.618
-0.078
-0.349
0.548
-2.143
1.227
0.291
-1.789
1.048
-0.802
-1.963
0.599
-0.280
-0.621
-0.163
0.615
-0.448
-0.771
-0.952
0.150
-0.253
-2.597
-0.765
-2.394
-1.276
-0.551
-0.148
-1.393
-2.323
-0.602
0.035
-0.398
-0.536
0.095
-2.038
-0.745
-1.943
-0.709
-3.592
-1.470
-0.941
-0.780
-0.144
-0.898
-0.505
-0.402
-0.837
-2.628
-1.026
-1.592
-0.432
-0.001
-0.373
-0.108
0.118
-0.267
0.201
-0.141
-0.637
-0.607
-0.228
-0.336
-0.400
-0.146
-0.883
-0.631
-0.306
-0.329
-1.744
-1.953
-0.250
0.297
0.604
-0.355
-0.814
-2.274
-0.529
-1.254
-0.344
-0.231
-0.066
0.066
-0.899
-0.365
-1.059
-1.014
-1.418
-1.170
-4.743
-1.018
-1.401
0.047
-1.154
-0.930
-1.539
0.062
-0.060
0.675
-0.203
-0.719
-0.764
-0.686
-0.165
-0.304
0.067
-0.452
-0.156
-0.246
-0.872
-0.881
-0.274
-0.848
-0.196
-0.145
0.037
-0.852
-0.069
-3.938
-1.708
-0.240
0.051
-1.663
-1.196
-0.117
-0.869
-0.273
-0.189
-0.044
-0.172
-0.149
0.932
-0.402
0.027
0.038
-0.137
-0.077
-3.167
-2.405
0.415
-0.448
0.668
-0.509
-0.398
-0.639
-0.548
-0.390
-0.384
-0.077
-0.415
-0.558
-0.354
-2.980
-0.445
-0.668
-2.017
-1.742
-0.738
-1.437
-1.194
-1.378
-0.744
-0.446
-4.044
-0.818
-0.457
-1.064
-0.872
0.600
-0.480
-0.774
-0.254
-0.086
-0.403
-0.628
-0.930
-0.622
-0.061
-0.925
-0.442
0.632
-1.289
0.272
0.980
0.260
-1.990
0.329
-0.204
0.585
1.055
-0.777
-1.371
0.230
0.829
0.366
0.305
-1.307
-0.026
-1.199
-1.755
-2.000
-0.087
0.154
0.424
1.131
-1.122
0.195
-0.380
0.200
