-0.198
0.126
0.386
0.330
0.111
0.111
-0.080
0.536
0.219
0.816
0.142
0.154
0.208
0.036
-0.060
-0.413
-0.472
-0.954
0.573
0.263
2.157
-1.815
-0.207
0.618
0.103
0.345
0.155
0.111
-0.323
0.053
0.181
0.039
0.034
0.126
-0.007
1.770
2.120
2.173
0.520
2.039
1.270
2.002
0.111
-0.310
0.325
-0.528
0.538
1.432
1.910
1.217
2.189
2.380
1.533
3.551
0.561
0.419
1.758
0.245
0.361
2.197
1.138
1.418
1.859
1.802
0.973
1.547
0.908
0.724
0.140
0.224
1.533
-0.876
0.808
0.456
1.525
0.825
0.728
-0.261
1.865
-0.288
-0.009
2.422
0.860
-0.244
-0.718
-0.312
0.627
1.551
0.440
0.739
-0.025
0.097
0.274
0.217
0.260
-0.437
-0.521
0.104
0.573
0.350
-0.004
0.057
1.148
0.703
0.211
-0.047
0.168
0.226
0.150
0.097
0.341
0.185
0.111
0.025
0.214
0.111
0.288
0.111
0.111
0.628
0.143
0.111
0.111
0.111
0.111
0.884
-0.135
0.025
0.173
-0.554
0.084
-0.779
0.426
0.095
-2.072
0.106
0.859
0.513
-0.258
0.617
-0.123
-0.802
-1.201
0.139
0.216
0.111
0.416
-0.451
0.999
3.059
0.299
0.460
0.763
0.615
0.933
4.643
3.931
3.583
2.955
0.056
1.068
1.946
2.074
0.572
-0.030
0.593
1.467
1.644
0.546
0.620
0.267
-0.199
-0.173
-0.219
0.111
2.435
1.224
0.458
0.873
1.084
-0.047
2.736
-0.430
-0.211
0.373
1.572
0.833
0.001
-0.076
-0.249
-0.108
0.171
0.071
0.418
2.313
-0.588
0.482
0.125
0.159
0.110
0.129
0.591
-0.173
0.111
0.111
0.111
2.066
2.108
1.972
0.242
0.172
0.249
-0.527
0.723
0.131
0.089
-0.477
-0.062
1.586
2.491
2.569
1.893
0.273
1.339
0.111
1.478
1.209
0.337
1.186
1.622
-0.709
1.411
1.636
3.946
3.074
0.111
0.111
1.376
-0.311
2.322
0.793
1.156
-1.204
-0.247
1.313
0.212
0.111
0.695
0.111
0.111
0.323
0.344
0.624
-0.186
0.470
0.054
0.793
0.104
0.297
0.564
1.007
3.170
0.270
-0.112
-1.436
-0.426
-1.405
-0.019
-0.256
0.437
-0.419
-0.746
-0.362
-0.100
0.853
1.010
-0.302
0.290
0.333
-1.108
-0.853
-0.057
1.162
1.763
0.242
0.574
0.086
0.072
0.111
0.008
1.217
0.213
-0.229
-0.121
-0.026
-0.148
0.510
0.380
0.171
-0.993
0.111
1.401
0.692
0.574
-0.334
0.099
0.217
-0.955
-0.087
0.090
0.102
-2.195
0.086
0.202
-0.024
0.359
1.332
0.110
-0.988
0.111
0.193
0.081
0.006
0.024
0.148
0.081
0.284
-0.036
0.018
2.159
0.691
-0.070
1.214
0.111
0.080
0.622
0.111
-0.155
0.079
-0.055
0.152
0.103
-0.148
0.225
1.235
-0.314
1.647
-0.999
-0.164
2.696
0.836
1.531
1.286
2.003
0.979
0.108
0.700
1.888
1.016
0.574
1.040
0.111
0.921
1.656
-0.545
0.111
-0.131
0.112
2.995
0.065
1.252
0.662
1.373
-0.424
0.886
-0.228
0.389
-0.032
0.367
-0.451
0.098
-0.023
-0.378
-0.960
-0.797
0.384
-0.209
1.300
0.204
0.986
-0.047
-0.597
-0.027
0.839
-0.569
0.948
0.605
2.620
-0.590
-0.920
2.021
1.076
0.869
0.510
0.190
-0.159
-0.388
1.749
0.843
-0.414
0.066
0.111
1.111
0.820
0.111
-0.093
1.331
0.808
0.111
0.351
0.449
1.179
0.111
0.111
0.337
0.717
0.285
1.010
-0.093
1.405
1.141
-0.194
0.372
0.830
-0.402
0.618
0.209
0.194
-0.944
-0.754
-0.753
0.536
0.111
0.056
-0.105
-1.334
-0.924
-0.828
-2.563
-1.328
0.667
-0.359
-1.118
-0.145
0.658
-0.431
-1.223
0.111
0.111
0.105
-0.343
-0.490
0.916
0.111
0.903
0.111
-0.512
-1.140
0.214
0.921
1.061
0.383
0.027
2.689
0.249
1.619
1.430
1.080
0.213
0.088
2.018
0.111
0.102
0.111
0.029
1.568
2.408
-0.331
2.570
0.342
1.501
-0.057
0.271
0.109
0.047
0.577
0.587
0.111
1.172
2.576
0.540
2.559
-0.049
0.019
0.111
-0.534
0.244
-0.481
-1.539
0.306
0.811
0.153
0.374
-0.260
-0.043
0.314
0.448
0.069
0.466
0.550
1.556
0.012
0.221
0.006
-0.389
0.111
0.112
0.130
0.118
-0.819
0.417
-0.056
0.205
-0.060
0.331
-0.052
0.491
0.287
2.020
0.208
3.031
1.374
2.631
0.231
0.162
0.077
1.182
0.083
0.111
0.090
0.452
0.429
-0.097
0.374
0.270
0.554
-0.317
0.280
0.074
0.102
0.353
0.028
0.539
0.172
0.444
-0.107
-0.248
0.715
-0.258
0.448
1.492
1.921
-0.131
-0.544
1.601
0.111
0.113
0.371
0.111
-0.240
0.111
0.111
-0.095
0.111
0.095
0.111
0.065
0.009
-0.153
-0.282
-0.872
-0.398
0.591
0.623
-0.420
0.621
0.486
-0.403
0.646
-0.073
0.613
0.111
0.587
1.920
0.466
0.754
1.181
1.665
0.595
1.255
0.444
1.232
1.451
1.241
0.335
1.438
0.731
-0.615
0.919
-0.983
-0.206
0.552
-1.014
-0.149
-0.281
0.111
0.687
0.011
-0.061
0.260
0.213
-2.107
1.380
-0.127
-0.953
-0.312
0.459
-0.089
0.804
-0.359
-1.635
1.159
0.713
0.111
0.111
0.111
-0.401
0.057
1.614
0.306
0.249
0.568
0.172
0.052
0.111
-0.238
0.615
-0.370
-0.221
-0.021
