0.006
0.099
0.136
-0.339
0.034
0.044
-0.341
-0.349
-0.713
-0.173
0.010
-0.046
0.056
-0.039
0.038
0.038
0.063
0.089
-0.028
0.100
-0.008
0.846
-0.103
-0.036
0.005
0.198
-0.358
-0.312
-0.159
-0.143
-0.005
-0.109
0.666
0.016
0.009
-2.485
-1.842
-2.532
-0.482
-2.158
-2.445
-3.715
-0.039
0.090
-0.140
0.198
-0.017
-0.220
-1.830
-1.060
-1.977
-1.371
-2.708
-2.843
-2.763
-1.648
-1.435
0.014
-0.452
-3.944
-0.856
-1.006
-1.678
-2.741
-1.886
-2.428
-1.149
-0.317
0.005
0.798
-0.710
0.003
-0.513
-0.286
-0.123
-0.583
0.261
1.667
-3.656
-0.185
0.128
-0.256
-0.103
-0.138
0.260
-0.306
-1.068
-2.887
-0.704
-0.124
0.157
-0.010
-0.052
-0.608
-0.397
0.025
-0.067
-0.051
-1.818
-0.881
-0.388
-0.155
-0.480
-0.320
-0.021
0.160
-0.135
0.830
0.023
0.079
0.011
0.033
0.099
-0.059
0.150
0.106
-0.034
0.107
-0.043
0.043
-0.080
-0.029
0.030
0.107
-0.033
-2.141
-0.042
0.864
0.290
-0.210
-0.021
-0.004
-0.186
0.409
0.620
-1.870
-0.030
-0.096
1.147
0.020
-0.082
2.150
1.173
-0.112
0.057
-0.140
-0.307
-0.205
-0.073
-2.446
-0.970
-0.182
-0.342
-1.978
-1.767
-3.099
-2.456
-0.461
-1.934
-0.498
-0.474
-2.036
-2.176
0.006
0.096
-0.037
-1.140
-0.872
-0.416
-0.652
-1.697
0.306
0.480
0.197
-0.642
-1.679
-1.034
-0.315
-0.734
-0.686
-0.336
-1.812
-0.221
-0.848
-0.525
-0.541
-0.409
0.733
0.143
0.232
-0.180
-0.110
0.020
-0.609
0.092
0.159
-0.571
-0.260
-0.412
-0.064
0.014
-0.157
0.625
-0.060
-0.041
-0.089
-3.826
-1.030
-0.682
-0.005
-0.248
0.092
0.962
-0.497
-0.138
1.111
0.321
0.005
-2.837
-2.528
-1.309
-2.238
-0.463
-1.962
-1.431
-1.291
-1.775
-0.940
-1.544
-0.533
-0.622
-2.509
-1.470
-0.961
-4.151
-0.034
4.452
-0.022
-0.114
-1.177
-0.168
-0.680
0.251
0.210
-3.266
-0.138
-1.014
-0.310
-1.072
-0.587
1.978
-0.377
-0.738
-0.187
-1.016
-0.755
-1.313
-0.270
-0.014
-1.149
-0.419
0.035
-0.990
-1.047
0.718
0.123
0.055
-0.272
0.056
-1.252
-0.114
-0.583
0.222
-0.017
-1.318
0.021
-0.721
-0.244
-0.304
0.041
0.078
-0.170
0.006
-1.243
-0.526
0.086
-0.160
0.035
0.037
-0.377
-0.560
0.004
-0.042
0.021
0.099
-0.083
-0.017
0.510
-3.291
0.585
0.459
-0.624
-0.909
-1.451
0.103
0.361
0.816
3.031
3.554
0.188
-0.080
0.738
-0.101
0.179
-0.384
-2.233
-0.240
-0.413
-0.268
-0.194
-0.014
-0.064
-0.119
-0.001
-0.731
0.104
-0.365
-0.042
-0.159
-1.022
-2.149
0.006
0.034
-0.160
-0.046
-0.980
-0.148
-0.558
0.252
0.036
-0.838
-0.586
0.277
-0.067
-0.278
0.046
0.006
0.075
0.189
-2.739
-1.461
-1.055
-1.386
-1.121
-0.563
-0.332
-1.384
-1.276
-0.799
0.004
-0.210
-0.167
-0.605
-0.520
-0.819
0.489
-1.834
0.305
-2.348
0.530
-1.017
-1.181
-0.796
-0.189
-1.353
0.085
-0.134
-0.230
-0.068
0.262
-0.191
0.693
-0.029
-0.044
0.056
-0.077
0.112
-0.233
-1.203
-0.254
0.395
-0.732
-0.336
-0.201
-0.106
-0.816
-0.690
-1.228
0.102
-0.364
-1.330
0.881
-0.766
-0.708
-0.101
-0.126
-0.091
-2.807
-2.331
-0.027
0.006
0.006
-0.829
-0.024
-0.766
0.128
-0.165
-0.445
-0.068
-0.215
-0.590
-0.231
-0.139
-0.076
0.006
-0.439
-0.040
-0.058
0.531
0.733
-0.153
-0.162
0.653
-0.159
0.312
-1.129
-0.724
-0.002
0.068
1.014
0.873
0.311
0.217
0.289
-0.218
0.760
0.774
1.606
1.095
0.752
0.292
0.896
0.006
0.080
-0.145
0.274
-1.565
0.274
0.152
-0.674
1.005
-0.114
-2.344
-0.201
-0.069
0.114
-0.181
-0.229
-0.136
-0.703
-0.572
0.032
-0.006
-1.870
0.062
-4.124
-1.254
-0.089
0.369
-0.926
-1.498
0.057
0.313
-0.294
-0.416
-0.582
-0.874
-0.327
-1.904
-0.493
-2.594
-0.458
-0.538
-0.333
0.006
-0.762
-0.879
-0.102
-0.830
-2.020
-0.778
-1.100
-0.099
-0.208
0.062
-0.260
0.019
-0.017
0.407
0.063
-0.255
-0.158
-0.189
-0.125
-0.025
0.004
-0.199
0.011
-0.552
-0.524
-0.839
-1.922
-0.475
-0.128
0.089
-0.007
-0.146
-0.865
-0.015
-0.820
-0.278
-0.125
-0.008
-0.288
-1.185
-0.478
-0.526
-0.253
-0.563
-0.924
-2.548
-0.725
-0.432
0.030
-0.320
-0.269
-1.186
-0.020
0.046
0.538
-0.077
-1.095
-0.199
-0.618
0.005
-0.282
0.282
0.006
-0.127
0.104
-0.241
-0.047
-0.402
-0.457
-0.647
-0.100
-0.004
-0.527
0.366
-3.344
-1.137
-0.561
-0.609
-0.175
-0.436
0.147
-0.954
-0.028
-0.378
-0.098
-0.056
0.014
0.002
-0.357
-0.020
-0.078
0.195
-0.044
-0.503
-0.356
0.250
0.025
-0.023
0.054
0.076
-0.566
0.307
-0.254
-0.368
-0.078
-0.192
-0.231
0.117
-1.558
-0.420
-0.173
-0.697
-0.857
0.002
-1.468
-0.436
-0.427
-0.614
-0.741
-2.928
-0.979
-0.117
-0.270
-0.708
0.084
-0.052
-0.268
-0.117
0.884
0.069
0.088
-1.354
0.109
0.213
-1.450
-0.931
0.781
-0.700
0.720
0.348
0.850
-2.497
-0.348
-0.430
0.023
0.462
-0.358
-0.577
0.078
0.479
0.345
2.995
-0.006
-0.258
-0.261
-0.691
0.006
-0.284
0.087
0.122
0.996
-0.363
-0.249
-0.809
0.019
