0.216
0.053
0.113
0.079
0.090
0.004
0.134
0.044
-0.367
-0.139
0.037
-0.199
-0.220
-0.070
0.232
0.156
0.200
0.200
-0.081
0.147
-0.087
1.484
0.319
-0.034
0.107
0.064
-0.372
-0.427
-0.251
0.071
-0.002
-0.152
0.281
-0.503
0.204
-2.911
-2.807
-3.569
-1.013
-3.202
-2.983
-3.362
0.220
0.129
0.091
0.113
-0.701
-0.358
-2.120
-1.879
-2.619
-2.751
-2.937
-3.629
-3.062
-1.904
-2.767
-0.227
-1.598
-3.764
-1.192
-1.299
-1.610
-2.069
-1.349
-2.411
-2.198
-0.560
-0.088
-0.335
-1.681
0.512
-0.057
-0.317
-1.385
-1.817
-1.333
1.780
-5.009
0.209
0.528
-0.812
-1.031
-0.109
-0.100
-0.284
-1.612
-3.789
-0.510
0.013
0.178
-0.865
0.047
-0.382
-0.064
0.143
0.046
0.130
-3.077
-1.410
-0.166
-0.424
0.073
-0.130
-0.162
0.673
-0.009
0.080
0.082
0.070
0.067
0.014
0.200
0.030
0.052
0.189
0.061
0.138
0.032
0.050
0.041
0.062
0.135
0.160
0.051
-2.530
0.240
1.159
0.171
-0.021
0.021
-0.131
1.000
-0.671
0.719
-0.963
0.443
0.043
1.058
0.161
-0.050
1.224
1.134
-0.205
-0.040
-0.260
-0.358
-0.532
-0.524
-2.451
-0.504
0.004
-0.407
-3.716
-2.877
-3.305
-3.093
-3.256
-3.855
-0.387
-1.127
-3.706
-2.227
-1.178
0.147
0.146
-1.538
-1.418
-0.157
0.116
-0.426
0.909
-0.173
0.115
-0.312
-2.424
-1.624
-0.342
-1.296
-0.889
0.542
-1.965
0.029
-0.388
-0.502
-0.304
-0.175
0.263
-0.210
0.102
0.164
-1.257
-0.433
-2.940
-1.479
0.194
-0.525
-0.917
-0.177
-0.159
-0.321
-0.024
0.108
-0.147
-0.239
-0.544
-3.234
-3.048
-2.475
0.099
-0.121
-0.053
1.755
0.059
-1.145
-1.008
-0.110
0.200
-4.492
-2.734
-2.173
-2.751
-0.833
-2.631
-1.427
-1.246
-1.736
-1.216
-1.109
-1.212
-0.665
-2.029
-1.436
-2.746
-4.428
-0.172
0.200
-1.424
-0.598
-1.306
-0.721
-0.935
-0.219
0.054
-3.180
0.106
-0.904
-0.480
-0.910
-2.229
-0.726
-0.914
-0.313
-0.349
-0.931
-1.175
-2.014
0.092
-0.168
-1.200
-0.970
-0.047
-0.969
-0.833
1.918
0.300
0.981
-0.404
0.060
-2.645
0.121
-1.159
0.068
0.089
-0.979
0.130
-1.192
0.080
0.023
-0.244
-0.216
-0.457
-1.791
-2.055
-0.949
0.135
0.258
0.038
-0.374
-0.361
-1.274
0.145
-0.029
0.154
0.106
0.099
0.105
-0.859
-3.651
-0.089
0.129
-0.873
-0.310
-1.608
0.141
-0.312
0.987
2.197
2.163
-0.166
-0.372
1.101
-0.347
-0.004
-0.664
-2.046
-0.249
0.354
0.024
0.103
0.007
0.033
-0.245
-0.080
-0.808
-0.103
-0.316
0.145
0.044
-2.473
-2.254
-0.197
-0.562
-1.049
-0.183
-1.488
-0.234
-0.357
0.023
0.198
-0.790
-1.645
0.420
-0.687
-0.824
0.104
-0.452
0.193
0.200
-2.997
-2.504
-1.749
-2.521
-1.320
-0.459
-0.020
-1.798
-1.615
-1.448
0.205
-0.334
-0.039
-0.467
-0.994
-0.880
-1.840
-0.082
-0.004
-4.427
0.340
-0.865
-0.439
-2.192
-0.477
-2.652
-0.745
-0.322
0.261
-0.175
-0.421
0.302
0.249
1.624
-0.016
0.048
0.089
0.290
-0.734
-0.338
0.115
0.782
0.195
0.257
0.211
0.304
-0.833
0.109
-1.162
-0.337
-2.719
-3.086
-2.613
-1.480
-1.719
-2.584
-2.101
-0.144
-3.742
-4.727
-0.159
-0.789
0.060
0.091
0.115
-1.073
0.099
-0.083
-0.634
-0.008
-0.624
-0.746
-1.238
-0.039
-0.515
-0.565
-0.995
-0.086
0.028
-0.058
0.871
-0.049
0.122
-0.065
-0.015
0.713
-1.397
-1.199
-0.423
0.190
0.573
0.041
0.091
0.200
0.320
-0.082
0.503
0.422
1.132
1.567
1.228
0.773
0.200
0.216
0.150
-0.506
0.269
-2.030
0.238
0.195
-2.278
0.247
-1.191
-1.631
0.008
-1.301
0.059
-0.140
0.092
-0.283
-0.437
-0.888
0.171
-0.463
-3.265
-0.252
-4.461
-1.295
-1.821
-1.041
-1.322
-2.424
-0.017
0.174
-0.617
-0.123
-1.676
-2.165
-0.769
-2.282
-0.309
-2.716
-0.972
-0.513
-0.202
-0.549
-0.783
-0.193
-0.827
-0.985
-1.878
-2.014
-2.546
0.054
0.061
0.153
0.052
0.177
-0.093
0.221
0.163
-0.005
0.048
-0.185
-0.529
-0.033
-0.081
-0.013
0.099
-0.619
-0.343
-2.684
-3.555
-0.421
0.200
-0.090
0.052
-0.353
-0.455
-0.025
-0.531
-0.020
0.141
0.095
-0.622
-1.156
-0.170
-0.893
-0.277
-0.370
-0.691
-3.606
-1.831
-1.852
0.200
-0.010
-0.106
-1.193
-0.188
0.149
0.279
0.096
-0.456
-0.036
-0.175
-0.042
-0.333
-0.103
-0.103
-0.086
0.154
-0.303
-0.428
-0.159
-0.881
0.200
0.086
0.380
-1.246
0.080
-4.172
-1.290
-1.178
-0.047
-0.036
-0.808
-0.349
-0.215
0.141
0.016
0.200
-0.662
-0.344
0.280
-0.050
-0.035
0.087
0.003
0.090
-2.240
-1.252
-0.031
-0.029
-0.014
0.127
-0.079
-0.020
0.030
0.024
-0.025
0.116
-0.856
-0.685
-0.032
-2.023
-0.446
-0.570
-2.514
-1.657
-0.531
-1.184
-0.233
-1.233
-1.129
-0.774
-3.573
-1.311
0.083
0.497
-0.742
0.098
0.043
-0.357
1.347
0.006
-0.021
-0.079
-1.531
0.314
-0.867
-3.317
-1.361
1.192
-0.399
0.283
0.900
0.200
-2.275
0.858
-1.206
0.152
1.080
-1.678
-1.718
0.094
0.148
0.200
0.243
-0.117
-0.480
-1.022
-1.642
-0.575
0.034
0.177
-0.058
0.019
-1.405
0.217
-0.116
0.171
