-0.127
-0.227
0.240
-0.120
-0.415
-0.150
-0.398
-0.280
-0.274
-0.146
-0.449
-0.145
-0.409
-0.024
-0.009
0.021
-0.234
-0.241
-0.287
0.158
-0.186
0.807
0.979
-0.252
-0.009
0.120
-0.075
0.268
-0.506
-0.066
-0.132
0.045
0.352
0.064
-0.005
-2.760
-1.815
-2.920
-0.462
-1.135
-2.240
-4.110
0.149
-0.101
-1.544
0.281
-0.409
0.303
-2.614
-1.465
-2.666
-1.572
-2.762
-2.040
-3.107
-1.475
-0.969
0.046
-0.292
-3.899
-0.822
-1.495
-1.709
-1.889
-1.416
-2.419
-1.436
-0.359
-0.299
-0.281
-1.165
0.509
0.022
-0.286
-1.620
-2.055
-0.513
1.261
-3.353
0.073
0.715
-1.747
-1.092
-0.092
0.675
0.267
-0.485
-2.790
-0.394
-0.352
0.424
0.247
-0.010
-0.851
-0.518
-0.046
-0.032
0.001
-1.790
-0.911
-0.376
-0.211
0.080
-0.441
-0.729
0.144
0.032
0.084
0.129
0.467
0.068
-0.024
0.181
0.160
0.355
0.083
0.056
0.273
0.084
0.111
0.010
0.013
0.030
0.722
0.366
-0.704
0.056
0.754
0.320
-0.065
-0.033
0.350
-0.673
-1.110
0.626
-1.683
-0.061
0.518
1.437
-0.290
-1.205
1.899
1.238
0.010
0.074
0.196
-0.029
-1.137
-1.357
-2.509
-0.878
0.548
-0.984
-2.125
-2.301
-2.813
-2.259
-3.118
-2.692
0.237
-0.215
-2.815
-1.484
-0.086
0.017
0.125
-1.057
-0.706
-0.060
-0.796
-2.215
0.305
-0.148
0.356
-0.847
-1.949
-1.730
-0.425
-1.630
-0.313
0.401
-1.455
0.001
-1.081
-0.633
-0.014
-0.009
0.435
0.674
-0.201
0.092
-0.867
0.270
-2.229
-1.324
0.258
-0.304
-0.269
-0.327
-0.080
-0.040
-0.355
-0.056
-0.270
-0.233
-0.193
-3.790
-2.384
-0.219
-0.172
-0.619
0.008
0.804
-0.468
0.086
0.056
0.670
0.151
-1.438
-2.268
-1.328
-3.505
-0.411
-1.886
-1.191
-0.381
-1.049
-1.359
-1.703
-1.014
-0.132
-2.236
-1.501
-1.040
-2.781
0.187
1.146
-0.642
0.082
-0.179
-0.442
-1.291
0.838
0.271
-2.368
0.012
-0.837
0.630
-0.749
-1.799
0.409
-1.319
0.038
0.130
-1.240
-0.366
-1.821
0.117
0.821
-0.806
-0.762
0.006
-0.870
-0.588
0.536
-0.081
-0.139
0.071
-0.253
-0.894
0.053
-0.201
0.291
0.551
-0.865
-0.009
-0.944
-0.209
-0.009
-0.313
0.359
-0.373
-0.796
-1.794
-1.131
-0.174
-1.107
0.016
0.207
-0.672
-0.878
0.002
0.026
0.046
0.023
0.270
-0.264
0.746
-2.950
0.853
0.155
-1.108
-0.002
-0.702
0.035
-0.057
0.623
1.345
0.469
0.272
-0.201
1.306
-0.847
0.354
-0.208
-2.602
-0.870
0.640
0.017
0.011
0.032
-0.069
-0.036
0.131
-0.830
-0.033
-0.949
-0.120
0.038
-1.553
-1.268
-0.070
-0.006
-0.335
-0.236
-1.032
-0.279
-0.252
-0.186
-0.132
-0.997
-1.796
1.005
-0.169
-0.266
0.032
-0.390
0.253
0.099
-2.188
-0.879
-0.795
-1.058
-1.004
-0.598
-0.106
-1.488
-1.859
-0.704
-0.657
-1.299
-0.019
-0.765
-0.802
-0.248
-0.009
-0.504
-0.046
-3.317
0.133
-1.025
-1.114
-0.693
-0.436
-1.527
0.111
-0.124
-0.247
-0.046
-0.446
-0.173
0.097
0.529
-0.227
-0.478
0.030
0.268
-0.156
-0.856
0.322
0.617
-0.125
-0.032
0.071
-0.117
-0.530
-0.322
-0.828
0.398
-1.208
-1.273
-1.016
-0.388
-0.470
-1.252
-0.097
0.225
-1.932
-2.950
0.000
-1.045
-0.012
-0.102
-0.332
-0.233
0.120
-0.587
-1.047
0.332
-1.633
-0.407
-0.796
0.069
-1.294
0.525
-0.277
-0.241
-0.199
0.218
0.436
-0.027
0.731
0.233
-0.467
1.270
-1.221
-0.846
-0.133
-0.009
1.319
0.436
-0.001
0.095
0.452
-0.207
0.752
0.781
2.088
0.997
0.885
-0.120
0.067
0.392
0.135
-0.809
1.004
-1.814
0.579
0.050
-0.836
1.000
-0.184
-1.463
0.183
-0.010
-0.326
-0.048
-0.022
0.020
-0.283
0.031
0.408
-0.311
-1.269
0.007
-2.029
-1.137
0.015
0.018
-0.198
-1.375
0.007
0.209
0.249
0.112
-0.370
-2.114
-0.546
-1.696
-0.936
-1.591
-0.477
-0.451
-0.175
-0.649
-0.387
-0.103
-0.247
-0.505
-1.439
-1.258
-1.057
0.131
-0.029
0.069
0.083
-0.034
-0.118
0.534
-0.251
-0.647
-0.047
-0.144
-0.552
0.509
-0.063
-0.694
-0.226
-0.241
-0.235
-1.170
-1.218
-0.348
-0.077
0.435
0.432
-0.364
-0.145
0.005
-0.271
-0.025
0.054
-0.300
0.176
-1.247
-0.202
-0.629
-1.155
-1.054
-1.665
-2.851
-0.735
-0.647
0.105
0.266
-0.150
-1.454
-0.533
-0.461
0.761
-0.154
-0.921
-0.488
-0.452
-0.454
-0.015
0.151
-0.407
-0.038
0.034
-0.356
-0.404
-0.287
-0.755
-0.382
0.017
0.341
-0.546
0.105
-1.760
-1.596
-1.307
0.260
-0.103
-0.734
0.033
-1.183
0.123
-0.471
-0.214
-0.375
0.180
0.400
0.017
0.063
0.031
0.072
0.064
-0.943
-0.469
0.628
0.026
0.251
-0.036
-0.023
-0.093
0.443
-0.068
-0.521
0.049
-0.685
-0.241
-0.152
-2.075
-0.766
-0.178
-0.326
-0.466
0.045
-1.244
-0.400
-1.227
-0.958
-0.499
-3.538
-0.749
0.028
-0.741
-0.224
0.264
0.388
-0.059
0.293
0.308
-0.489
-0.095
-0.957
0.981
-0.156
-0.712
-0.357
1.188
-0.385
0.473
0.772
0.326
-1.938
0.128
-0.627
-0.005
0.264
-0.676
-0.504
0.062
0.228
0.156
0.433
-0.550
-0.080
-0.415
-0.724
-0.389
-0.124
0.186
0.528
1.035
-2.120
0.142
0.681
-0.043
