0.579
0.141
0.039
-0.039
-0.146
-0.025
-0.018
-0.047
0.038
0.201
0.014
1.446
0.060
0.670
0.378
-0.025
-0.025
0.100
0.569
0.309
0.218
-0.754
0.991
0.120
0.179
-0.025
-0.025
-0.025
0.764
-0.025
0.170
-0.025
0.153
-0.092
0.371
2.088
1.533
3.333
1.580
1.173
1.417
3.377
0.089
-0.025
-0.195
0.241
0.218
-0.191
3.727
1.575
1.716
2.486
2.679
3.038
1.626
1.643
2.312
-0.025
0.687
2.213
1.604
1.454
1.669
2.202
1.045
3.634
3.055
0.247
0.332
0.637
3.221
-0.265
0.314
0.608
0.031
0.394
-1.296
-0.958
5.734
-0.080
-0.126
2.135
0.472
-0.025
-0.091
-0.078
1.849
2.410
0.470
-0.260
-0.140
0.202
0.087
0.152
0.084
-0.025
-0.205
-0.025
1.870
-0.025
0.584
-0.025
0.046
0.548
0.063
-0.025
0.073
-0.025
0.039
-0.025
-0.017
-0.025
-0.046
-0.143
-0.025
-0.025
0.006
-0.025
-0.025
-0.017
0.017
0.034
-0.056
-0.086
-0.105
1.506
-0.010
-0.935
0.341
0.114
-0.025
-0.025
-0.352
0.577
-1.060
-0.050
-0.025
-0.903
-1.150
0.107
0.209
-0.734
-0.199
0.718
0.077
-0.006
-0.025
0.422
-0.025
2.279
-0.278
-0.450
1.941
0.534
1.535
2.838
2.534
1.835
2.263
-0.069
0.148
1.695
0.304
-0.025
-0.025
0.072
0.620
2.013
0.020
1.041
0.854
-0.169
0.107
0.067
0.191
0.306
1.472
0.198
0.843
0.760
0.070
2.780
-0.025
0.768
0.321
0.969
0.936
-0.343
0.554
0.495
0.589
-0.037
-1.612
0.719
0.164
0.304
0.403
0.452
-0.163
0.145
0.246
0.096
-0.057
-0.025
-0.025
-0.025
1.941
0.296
1.878
-0.025
-0.037
0.081
-0.761
0.145
0.130
-0.132
-0.320
-0.025
3.141
2.153
1.531
1.931
0.928
2.066
0.653
0.540
2.124
1.104
0.839
1.307
0.647
2.253
1.607
2.004
2.483
0.049
0.074
0.845
-0.759
1.081
0.079
0.199
-0.135
0.168
3.562
0.176
0.200
0.783
1.004
1.221
0.032
0.830
0.723
0.335
1.140
0.494
2.945
-0.047
2.935
1.722
3.347
1.299
2.111
1.349
-1.170
0.029
-0.883
-0.127
-0.025
1.321
-0.025
0.430
-0.017
-0.192
1.524
0.065
0.437
-0.025
0.252
0.240
-1.564
0.766
0.893
-0.006
0.536
-0.001
0.221
0.183
-0.025
-0.199
2.518
-0.025
-0.055
0.220
-0.025
0.025
0.234
-0.347
2.839
-1.338
0.001
3.031
-0.278
1.573
0.167
2.017
-1.592
-1.936
-2.067
0.290
-0.322
-0.195
0.260
-0.122
2.260
1.618
0.358
-0.236
1.176
0.077
0.012
-0.025
-0.025
0.037
0.520
0.053
0.829
-0.025
0.002
0.477
0.552
0.113
0.007
2.780
0.518
2.295
0.832
0.327
-0.257
-0.067
0.485
0.673
-0.032
1.384
0.997
-0.025
0.251
-0.392
-0.045
3.786
1.659
1.293
1.169
2.108
0.389
0.570
2.590
2.781
0.679
0.139
-0.025
-0.025
0.329
0.191
-0.221
-0.031
2.001
-0.091
2.093
-0.059
1.391
0.623
1.626
0.819
0.943
1.595
-0.953
-0.114
-0.025
-0.000
-0.096
-0.292
-0.302
0.083
-0.005
-0.133
-0.158
-0.025
1.726
1.751
-1.763
-0.079
0.178
2.047
0.017
1.021
0.198
1.539
-0.903
1.941
0.834
0.779
0.132
0.740
2.062
1.758
-0.443
2.276
1.999
0.084
0.504
0.619
0.685
-0.025
-0.025
0.403
-0.025
0.649
-0.013
0.628
0.362
0.753
0.037
0.843
0.045
0.980
-0.019
0.074
-0.098
-1.367
0.029
0.176
-0.025
0.760
-0.022
1.263
1.118
0.106
-0.242
-0.440
-0.157
-0.025
-0.025
-0.433
-0.136
-0.721
-0.546
-1.839
-0.110
-1.311
-0.068
-0.653
-0.165
-0.210
0.137
0.060
3.127
-0.080
-0.137
1.776
0.143
-1.490
1.073
-1.333
3.030
1.108
-0.025
0.303
-0.157
0.006
0.576
-0.025
-0.027
2.152
-0.292
2.042
0.239
0.999
-0.150
0.214
0.347
0.156
-0.030
0.030
0.064
0.036
1.145
0.252
0.915
-0.239
2.154
0.889
0.442
-0.006
-0.175
0.740
0.005
0.570
0.422
1.663
0.932
2.457
0.184
0.068
-0.563
-0.119
-0.227
0.167
-0.578
0.487
0.096
0.646
-0.025
0.168
-0.220
-0.023
0.930
0.019
0.440
0.186
2.170
0.696
1.119
0.154
-0.054
-0.025
0.631
1.845
0.097
0.033
0.317
0.175
-0.025
-0.025
1.760
0.686
1.408
0.201
0.071
1.697
3.546
1.712
0.740
-0.133
0.094
0.440
0.292
-0.042
-0.051
-0.232
0.029
0.898
0.468
0.577
0.890
0.536
0.862
0.042
-0.025
-0.025
0.173
0.313
-0.025
0.154
0.892
0.180
-0.755
1.805
0.041
2.992
1.918
0.027
0.359
1.790
0.029
-0.025
-0.025
-0.025
0.153
-0.025
-0.025
-0.025
-0.066
0.346
-0.025
-0.204
-0.006
-0.396
1.198
-0.305
-0.049
-0.321
0.739
0.053
-0.197
-0.155
-0.664
-0.039
0.163
0.140
0.238
0.643
0.129
0.662
0.316
0.831
0.873
0.450
-0.020
0.605
-0.025
2.697
0.659
1.191
2.154
1.151
-0.276
-0.436
0.695
-0.027
-0.121
0.046
-1.913
0.471
0.932
-0.361
2.913
-0.312
2.249
1.038
0.965
-0.069
0.054
-0.594
-0.477
-0.021
-0.666
0.211
-0.025
-2.305
-0.077
1.639
0.405
-0.025
-0.017
-0.025
-0.197
1.191
-0.008
0.440
0.144
0.388
0.223
0.165
0.203
-0.081
1.216
-0.235
0.074
-0.681
