-0.154
-0.010
-0.033
-1.019
0.074
-0.332
-0.479
-0.409
-0.258
-0.446
-0.366
-0.164
0.048
-0.203
-0.055
0.327
1.196
0.440
0.180
0.192
-1.352
1.706
0.237
-0.211
-0.121
0.489
-0.238
-0.252
-0.442
0.166
-1.389
0.077
-0.169
0.040
0.039
-3.214
-2.705
-1.784
-0.188
-1.623
-1.314
-4.758
0.080
0.131
0.108
0.124
-0.570
-0.642
-2.171
-1.239
-2.954
-1.777
-2.137
-5.227
-2.380
-1.653
-1.279
-0.051
-0.998
-2.352
-1.253
-1.017
-2.487
-1.236
-1.008
-2.043
-3.487
-1.523
-0.080
-0.382
-1.964
0.145
-0.814
-0.135
-0.204
-1.628
-1.211
1.027
-4.340
0.089
0.043
-0.762
-1.649
-0.173
-0.287
-0.306
-1.080
-2.041
-0.464
-0.288
0.390
-0.167
-0.092
-0.657
-0.129
0.501
-0.054
-0.118
-0.531
-0.144
0.977
-0.035
-0.803
-1.369
-0.100
0.055
0.041
0.087
0.123
0.292
0.009
-0.117
0.121
0.091
0.300
0.109
0.060
1.196
0.092
-0.119
0.079
0.070
0.237
0.117
0.061
-2.460
-0.664
1.582
0.214
0.072
0.048
0.054
-0.285
-0.141
0.886
-0.583
0.253
0.096
1.804
0.092
-0.313
2.193
2.012
-1.049
-0.484
0.058
-0.069
-0.117
-0.089
-3.032
-0.347
-0.539
-0.466
-0.902
-2.031
-1.656
-1.645
-2.700
-2.482
0.010
-0.935
-3.656
-1.464
0.080
0.056
0.007
-1.821
-0.484
-0.224
0.065
-1.575
0.159
0.095
0.185
-0.911
-0.847
-1.726
-0.193
-2.225
-0.307
0.082
-2.385
-0.039
-0.781
-2.411
-0.289
-0.246
0.075
-0.340
0.119
0.110
-0.422
-0.029
-2.437
-0.908
0.080
-1.116
-0.765
-0.300
-0.079
-1.021
-0.162
-0.109
0.000
0.080
0.068
-1.765
-1.368
-1.086
-0.797
1.101
0.080
1.835
0.206
-0.504
0.755
1.044
0.104
-2.832
-2.822
-0.787
-2.675
-0.052
-1.307
-1.339
-1.210
-1.455
-1.126
-1.264
-0.528
-1.955
-3.126
-2.232
-1.390
-2.105
-0.620
0.327
-1.100
-0.174
-0.108
-0.141
-0.079
0.211
-0.831
-1.243
-0.057
-0.122
-1.510
-0.304
-0.348
0.029
-0.857
0.207
-0.276
-1.687
-0.072
-0.764
0.033
-0.043
-1.417
-0.969
-0.324
-0.938
-0.443
2.006
0.016
0.217
-0.018
0.490
-0.670
0.237
-1.135
0.047
0.149
-1.411
-0.078
0.543
-0.629
-0.086
-0.366
0.667
-0.256
-1.776
-0.763
-0.411
-0.172
0.858
-0.025
0.080
0.927
-2.303
0.058
0.038
-0.096
0.233
0.080
0.316
0.089
-2.823
1.490
-0.443
0.106
0.080
-0.804
0.395
-0.614
0.557
0.525
1.004
-0.353
-1.439
0.880
-1.080
0.109
-0.197
-1.201
-2.071
-0.313
-0.201
0.304
0.076
0.003
-0.059
-0.199
-0.792
0.081
-1.861
-0.066
0.034
-1.183
-0.057
0.309
0.069
-0.507
0.073
-1.122
-0.423
-0.168
0.054
0.341
-0.719
-1.148
1.603
-0.106
-0.484
0.054
0.013
0.263
0.080
-4.101
-1.172
-0.985
-1.215
-1.823
-0.744
-0.662
-1.129
-2.128
-0.927
0.981
-0.485
-0.105
-1.208
-0.622
-0.753
-0.189
-0.213
0.080
-1.817
0.422
-1.371
-0.893
-1.200
-0.243
-0.747
0.041
-0.238
-0.852
0.395
0.755
0.353
1.565
0.636
-0.099
0.045
0.058
0.483
-0.762
-0.203
-0.147
0.696
0.030
-0.256
-0.060
0.007
-0.580
-0.179
-2.405
0.020
-0.932
-0.406
-0.426
-0.235
0.025
-0.647
-0.059
-0.053
-2.413
-1.938
-0.124
-0.058
0.031
-0.920
0.148
-0.254
0.016
-0.073
-1.755
0.015
-1.517
-0.698
-0.136
0.007
-0.134
-1.282
-0.847
-0.351
0.010
0.067
0.449
-0.402
-0.064
0.233
0.035
0.246
-1.055
0.041
-0.067
0.096
1.843
0.763
0.216
0.085
0.209
-0.141
1.523
0.901
1.743
0.797
0.215
0.467
0.644
0.428
0.036
-0.809
0.454
-0.963
0.612
0.152
-2.790
0.125
0.224
-0.481
0.612
-3.008
-0.093
-0.050
-0.032
-0.233
-0.848
-0.989
0.091
0.014
-0.624
-0.187
-4.910
-0.864
-1.273
0.059
-0.252
-0.243
0.115
0.166
0.131
0.377
0.119
-1.612
-0.316
-1.336
-0.090
-2.414
-0.657
-0.407
-0.140
0.045
-0.903
0.088
-0.111
-0.345
-2.354
-0.803
-1.761
-0.147
0.084
0.028
0.410
0.043
-0.218
-0.062
-0.005
-0.279
-0.288
-0.412
0.063
0.222
-0.422
-0.047
0.020
-0.606
-0.116
-1.298
-0.473
-0.140
-0.024
0.100
-0.041
-0.161
-0.938
-0.011
0.068
-0.296
-0.161
0.018
-0.068
-0.586
-0.128
-1.263
-1.313
-0.412
-1.186
-3.288
-1.087
-1.663
0.248
-0.920
0.080
-0.015
-1.006
0.084
0.043
-0.615
-0.639
-1.046
-0.207
-0.779
0.037
-0.149
-0.389
-0.074
0.298
-0.545
0.043
0.044
-0.290
-1.162
0.531
0.290
-0.103
0.279
-3.182
-0.338
-1.272
-0.017
-0.503
0.041
-0.276
-0.571
-0.375
-0.040
-0.105
0.066
0.126
0.261
-0.672
0.892
0.938
0.362
0.681
-1.970
-1.997
-0.451
-0.216
0.000
0.034
-0.097
-0.738
0.053
-0.344
-1.063
-0.162
-0.198
-0.255
0.029
-2.255
-0.661
0.233
-0.079
0.020
0.050
-0.986
-0.932
-2.659
-1.290
-1.041
-2.003
-1.111
0.066
0.237
-0.335
0.083
0.340
-0.005
2.400
0.541
0.041
-0.050
-1.693
0.088
-0.105
-1.210
0.018
0.974
0.054
0.080
0.065
-0.404
0.080
1.020
-0.990
0.080
0.080
-0.343
-0.529
0.074
0.219
0.598
0.113
-1.154
-0.010
-0.670
-0.762
-0.190
-0.102
0.022
0.012
0.353
-0.843
-0.065
0.081
-0.104
