0.363
-0.013
-0.172
-0.123
0.063
-0.319
0.006
0.409
0.734
0.174
-0.164
-0.141
0.127
0.960
-0.772
-0.383
-0.614
-0.635
-0.109
-0.145
1.886
-1.802
-1.909
0.186
-0.223
0.345
0.076
0.214
0.061
-0.101
-0.134
0.096
-0.638
-0.021
-0.387
3.205
1.827
3.016
0.780
2.408
3.248
4.074
-0.263
-0.535
0.907
-0.141
0.279
-0.112
2.729
1.164
2.167
2.466
3.736
2.914
2.804
2.461
1.596
-0.041
1.111
3.997
1.817
1.260
1.296
1.774
1.801
3.632
3.047
0.361
0.250
0.286
0.964
-0.305
-0.841
0.603
1.008
2.230
0.712
-1.617
4.176
-0.085
-0.976
1.421
-0.002
0.161
-0.516
0.084
1.491
2.950
1.217
0.029
-0.912
-0.147
-0.118
0.424
0.147
-0.333
-0.344
-0.019
1.445
0.612
-0.356
0.205
0.425
-0.369
0.299
-0.369
-0.045
-0.145
-0.172
-0.208
-0.106
-0.141
-0.210
-0.176
-0.265
-0.239
-0.132
-0.412
-0.166
-0.708
-0.090
-0.290
-0.184
-0.162
-0.252
1.822
-0.284
-0.505
-1.403
0.271
0.159
-0.178
0.171
0.973
-0.920
0.337
0.751
1.011
-1.377
0.136
1.144
-0.946
-2.092
-0.036
0.193
0.689
0.003
0.148
0.107
1.405
0.346
-0.351
0.603
2.410
2.564
4.144
3.424
3.421
3.051
0.446
1.313
3.183
2.342
0.717
-0.149
-0.212
1.678
0.387
0.222
1.880
0.713
-0.244
-0.381
-0.354
0.700
2.161
1.542
0.775
0.976
0.769
-0.185
1.994
-0.221
1.663
0.649
0.374
-0.075
-0.926
-0.062
-0.338
-0.310
0.608
-0.235
2.294
1.078
-0.368
0.561
0.163
0.514
0.836
0.684
0.272
-0.035
-0.141
-0.034
0.158
2.246
3.545
1.000
-0.079
0.855
-0.129
-0.803
0.062
0.639
-2.424
-2.329
-0.212
3.202
3.267
1.000
2.915
0.145
1.686
1.089
1.033
0.553
1.503
2.176
0.989
0.747
2.320
2.267
1.691
4.868
-1.126
-1.061
2.714
-0.577
0.942
0.060
0.843
-0.255
-0.744
1.813
0.304
0.737
-0.774
0.961
2.931
-0.037
1.320
0.768
-0.589
0.792
0.772
1.184
-0.905
-0.341
1.453
0.865
-0.681
0.869
0.488
-1.382
-0.257
-0.282
0.507
-0.202
1.298
-0.176
1.885
0.060
-0.321
0.404
0.064
-1.207
-0.141
0.981
-0.226
0.665
0.681
1.233
0.946
1.168
0.007
1.064
0.012
0.006
-0.170
0.985
-0.174
0.273
-0.373
0.191
-0.159
-0.264
-1.548
2.694
-0.601
-0.251
1.006
-0.157
0.442
0.348
-0.543
-0.928
-2.000
-1.551
-0.250
0.227
-0.093
0.561
-0.766
0.693
4.851
0.634
-0.371
-0.047
-0.740
0.153
0.165
0.700
0.049
0.359
0.143
0.519
0.040
-0.087
2.776
0.734
0.435
1.323
1.009
0.689
1.444
0.548
0.365
-0.109
-0.422
0.951
0.889
-0.900
0.241
0.009
-0.196
0.119
-0.316
-0.198
3.808
1.560
1.124
1.918
2.187
0.540
0.236
2.518
2.934
1.428
0.183
0.704
-0.075
0.104
0.430
0.859
-0.092
0.658
0.068
3.762
-0.170
0.078
0.302
1.590
0.502
1.871
-0.865
-0.049
-0.225
0.052
-0.390
-0.188
-0.222
-0.627
-0.235
-0.248
0.186
0.552
-0.009
1.428
-0.171
-0.721
-0.560
-0.095
-1.021
-0.136
1.431
0.075
0.651
0.031
1.224
1.447
0.599
0.637
0.382
1.270
-0.322
-0.141
2.684
4.124
0.035
0.698
0.199
0.112
-0.276
0.298
-0.677
0.259
0.872
-0.228
1.395
0.587
1.128
-0.145
0.265
-0.127
-0.609
0.037
0.212
1.197
0.967
-0.001
-0.233
-0.416
0.770
-0.647
2.248
1.257
2.393
-0.537
-0.690
-1.636
-0.571
-0.468
-0.851
-0.026
-0.675
-0.748
-0.953
-0.798
-0.940
-0.113
0.342
-0.729
-0.147
0.143
-0.217
1.658
-1.623
-0.383
1.619
-0.428
-0.139
2.663
-0.563
1.777
-0.270
0.631
-0.868
0.065
0.463
0.885
-0.278
0.038
2.235
-0.094
2.543
0.591
0.200
0.131
0.748
2.759
0.193
-0.156
-0.175
0.395
-0.421
2.757
0.448
1.814
0.746
3.018
1.075
0.537
-0.041
0.630
1.616
0.514
0.607
0.619
2.530
1.779
1.374
0.143
0.212
-0.748
0.084
0.117
0.209
-0.824
-0.254
0.002
0.108
0.084
0.591
0.081
0.116
0.176
0.085
0.172
0.734
1.972
2.319
0.719
-0.005
-0.730
-0.135
0.101
0.143
-0.104
-1.283
-0.376
-0.164
0.062
-0.045
1.094
0.207
0.766
0.236
1.025
1.984
3.652
2.105
1.059
-0.615
0.430
0.713
1.828
0.107
0.139
-0.326
0.337
0.610
0.192
0.310
-0.252
0.094
-0.192
-0.141
0.005
-0.310
0.997
0.564
0.261
0.872
0.691
-0.076
-0.579
1.290
-0.330
2.749
0.770
-0.141
0.569
0.199
0.427
0.081
0.411
-0.122
0.630
-0.141
0.054
-1.260
-0.057
0.237
-0.526
-0.001
-0.193
0.121
2.247
-0.326
-0.318
-0.081
-0.266
-0.024
0.093
-0.099
-0.738
-0.174
0.881
0.298
0.792
0.465
0.315
2.840
1.519
0.253
1.001
0.527
-0.137
0.844
0.524
1.372
0.643
0.390
4.311
1.295
0.222
-1.326
0.969
-0.613
-0.450
0.595
-1.178
-0.117
-0.071
-0.227
0.572
0.272
0.395
1.292
0.464
-0.981
-0.004
-0.648
-1.542
-0.539
1.612
0.423
-0.170
-0.186
-1.351
0.582
0.592
-0.258
-0.479
-0.267
-0.467
0.899
0.029
0.993
1.392
2.006
0.253
-0.209
-0.499
-1.795
-0.141
-0.496
0.061
-0.026
