0.032
0.186
0.030
0.187
0.039
-0.285
-0.244
-0.073
-0.357
0.007
-0.395
-0.389
-0.161
-0.412
0.146
-0.039
0.079
-0.045
0.281
0.320
-0.635
0.789
0.380
-0.294
-0.070
0.199
-0.089
-0.268
-0.481
0.184
-0.157
0.029
-0.359
-0.092
0.082
-2.358
-1.500
-1.958
-0.689
-1.415
-1.774
-3.192
-0.100
0.027
0.037
-0.217
-0.398
0.027
-2.162
-1.797
-2.061
-1.634
-2.278
-3.072
-1.714
-1.056
-0.906
0.047
-0.573
-3.187
-1.065
-1.130
-1.137
-1.620
-1.174
-1.649
-1.107
-0.588
-0.048
-0.372
-0.594
-0.227
-0.064
-0.466
0.079
0.140
0.647
0.605
-2.853
-0.131
0.055
-1.062
-0.790
-0.294
-0.108
-0.372
-1.073
-1.964
-1.015
0.035
0.248
-0.144
-0.290
-0.579
-0.456
-0.216
-0.126
-0.096
-1.346
-0.985
-0.127
0.098
-0.252
-0.659
-0.299
0.164
-0.128
0.315
0.132
0.174
-0.233
-0.020
0.225
0.077
0.189
0.182
-0.005
0.208
0.076
0.246
-0.105
0.043
0.183
0.198
0.159
-1.400
-0.159
0.702
0.665
-0.263
-0.114
0.043
0.027
-0.042
0.573
-0.900
0.302
0.027
0.041
-0.505
-1.122
0.313
1.469
-0.136
-0.465
-0.051
-0.280
-0.615
-0.466
-1.648
-0.873
-0.029
-0.720
-2.130
-0.861
-2.626
-2.749
-2.489
-2.859
0.036
-0.570
-2.197
-1.750
-0.009
0.109
-0.050
-0.938
-0.855
-0.345
-0.019
-1.143
0.354
0.259
0.085
-0.980
-1.443
-1.479
-0.706
-0.651
-0.781
0.026
-1.381
0.105
-0.407
-0.490
-0.183
0.095
0.546
0.001
-0.249
0.126
0.027
0.204
-0.043
0.027
0.572
-0.656
-0.455
-0.301
-0.079
-0.408
-0.068
0.028
-0.148
-0.182
-0.224
-2.299
-1.919
-0.273
-0.243
-0.605
0.023
1.253
-0.547
-0.447
2.114
0.165
-0.004
-2.601
-1.954
-1.300
-2.968
-0.813
-1.448
-1.626
-0.718
-0.711
-0.992
-1.304
-0.945
-0.804
-1.554
-1.263
-0.591
-3.554
0.820
0.562
-1.361
-0.321
-0.924
-0.601
-1.007
-0.353
-0.008
-2.723
-0.007
-0.819
0.469
-1.091
-1.077
0.312
-1.090
-0.399
-0.150
-1.022
-0.656
-1.181
0.205
-0.075
-0.895
-0.893
-0.275
-0.909
-0.128
1.409
-0.218
-0.235
0.473
-0.024
-0.764
0.025
-0.367
-0.140
-0.107
-0.043
0.027
-0.268
-0.338
-0.072
0.035
0.033
-0.408
-0.284
-0.974
-0.502
-0.196
0.027
-0.196
0.016
-0.293
-1.100
-0.212
0.074
0.666
0.173
-0.181
0.005
0.763
-2.567
-0.331
0.113
-0.993
-1.268
-0.404
-0.374
-0.317
0.364
1.395
0.514
-0.166
0.201
0.662
-0.557
-0.018
-0.775
-1.760
-0.601
0.142
0.055
0.052
-0.242
-0.151
-0.344
-0.197
-0.625
-0.019
-0.792
-0.243
0.010
-1.205
-1.130
-0.010
-0.481
-0.559
-0.279
-0.860
-0.418
-0.403
-0.054
0.235
-0.390
-0.887
0.487
-0.508
-0.406
-0.114
-0.562
-0.004
0.102
-2.409
-0.841
-1.139
-1.390
-1.434
-0.147
-0.270
-1.144
-1.607
-0.727
-0.430
-0.988
-0.168
-0.505
-0.767
-0.718
-0.371
-2.586
0.111
-2.906
-0.134
-0.307
-0.767
-1.336
-0.422
-1.236
-0.070
-0.183
-0.106
-0.072
0.037
-0.050
0.631
0.787
-0.270
-0.677
-0.453
1.120
-0.287
-0.858
-0.734
0.418
-0.088
0.360
-0.290
-0.035
-0.798
-0.727
-1.165
-0.202
-1.484
-2.103
0.027
-0.858
-1.138
-0.013
-0.337
-0.190
-1.664
-1.276
0.086
-0.695
0.151
-0.267
-0.177
-0.289
-0.513
-0.187
-0.816
0.057
-1.315
-0.306
-0.495
-0.057
-0.422
-0.054
-0.335
-0.247
-0.111
0.067
0.960
-0.390
0.055
0.052
-0.372
0.527
-1.420
-0.823
0.027
0.086
0.837
0.200
0.186
0.053
0.277
-0.039
0.816
0.511
0.679
0.791
-0.013
-0.553
0.986
0.176
0.087
-0.749
0.589
-1.502
0.471
0.274
-0.912
0.596
-0.032
-1.192
0.075
-0.227
-0.119
-0.436
-0.128
-0.425
-0.339
-0.758
0.254
-0.439
-1.163
-0.191
-2.049
-0.485
-0.057
0.006
-1.038
-2.031
-0.214
-0.036
0.284
-0.276
-0.324
-1.404
-0.715
-1.381
-0.484
-2.072
-1.140
-0.695
-0.292
-0.084
-0.937
-0.203
-0.220
-0.735
-1.289
-0.898
-1.224
-0.063
-0.078
0.063
-0.059
-0.250
-0.383
-0.149
-0.395
-0.522
-0.191
-0.002
-0.069
-0.240
-0.248
-0.022
-0.187
-0.449
-0.397
-1.599
-1.107
-0.274
0.002
0.379
0.081
-0.663
-1.286
-0.370
0.051
-0.321
-0.225
-0.058
-0.260
-0.922
-0.371
-1.115
-0.054
-0.930
-0.776
-2.436
-0.931
-0.788
0.274
-0.095
-0.181
-1.077
-0.292
-0.359
-0.663
-0.273
-0.604
-0.023
-0.312
-0.192
-0.437
0.123
-0.509
0.146
0.038
-0.579
-0.700
-0.220
-0.441
-0.592
-0.173
0.190
-0.867
0.098
-3.481
-1.182
-0.687
-0.345
-0.380
-0.466
0.270
-0.831
0.241
-0.213
0.064
-0.216
-0.003
0.441
-0.215
0.056
0.033
-0.102
-0.040
-1.866
-0.955
0.112
-0.045
-0.175
-0.232
-0.236
-0.615
-0.418
-0.513
-0.407
-0.263
-0.604
-0.695
-0.102
-1.627
-0.743
-0.709
-0.530
-1.046
-0.501
-1.026
-0.533
-1.119
-0.860
-0.836
-3.030
-0.834
-0.238
-1.865
-0.358
0.083
0.147
-0.209
0.647
-0.101
-0.514
-0.325
-0.546
0.020
0.323
-0.833
-0.179
0.508
-0.018
0.309
0.357
0.349
-1.101
0.179
-0.791
-0.029
0.798
-0.289
-0.111
-0.047
0.149
0.170
0.734
-0.457
-0.137
-0.689
-1.193
-0.480
-0.239
0.501
-0.495
0.275
-0.931
0.575
-0.247
0.027
