-0.184
-0.077
0.185
-0.009
-0.203
-0.064
-0.227
-0.048
-0.627
-0.236
-0.171
-0.266
-0.217
-0.254
0.017
0.184
0.259
0.267
0.290
0.374
-0.346
0.759
0.867
-0.087
-0.076
-0.189
-0.012
-0.088
-0.396
0.006
-0.257
-0.192
-0.111
0.095
0.027
-2.502
-1.866
-1.982
-0.331
-1.299
-1.067
-3.649
0.242
0.706
0.055
-0.092
-0.177
0.138
-0.895
-1.525
-1.861
-1.777
-2.286
-2.960
-1.881
-1.474
-1.052
0.029
-0.646
-2.870
-0.608
-0.688
-1.358
-1.726
-1.426
-2.807
-1.877
-0.283
0.166
0.062
-0.789
0.370
0.391
-0.071
0.062
0.062
0.062
0.062
-1.316
0.042
0.231
-0.433
0.062
-0.272
0.318
0.134
-1.079
-2.677
-0.225
0.116
0.342
0.041
0.010
-0.553
-0.221
-0.090
-0.135
0.000
-0.557
-0.609
0.148
0.349
-0.030
0.146
-0.085
0.010
-0.036
0.593
-0.016
0.132
0.029
-0.016
-0.012
-0.016
0.194
0.176
-0.045
0.062
-0.016
0.189
-0.016
0.231
-0.016
0.099
0.130
-1.168
-0.052
0.352
0.168
-0.335
-0.004
0.270
-0.005
0.062
1.066
-0.419
-0.273
0.062
0.062
-0.966
-1.173
0.062
1.066
0.088
-0.143
0.331
-0.331
-0.442
-1.518
-0.998
-1.235
-0.019
-0.748
-1.809
-1.787
-2.568
-1.844
0.062
-0.002
0.337
0.086
-2.247
-1.878
0.062
0.824
-0.353
-0.679
-0.313
0.110
-0.752
-0.654
0.202
-0.200
-0.067
-0.759
-1.547
-0.562
-0.364
-2.553
-0.515
0.291
-1.291
-0.010
-0.232
-0.655
-0.870
-0.386
0.495
0.066
-0.397
0.026
0.065
0.062
0.062
0.062
0.161
-0.371
-0.321
-0.169
0.079
-0.465
-0.161
1.087
-0.192
0.062
-0.043
-2.770
-1.983
-0.642
-0.391
-1.486
0.093
1.562
-0.006
-0.284
5.504
-0.672
0.079
-2.624
-1.445
-0.728
-2.220
-0.445
-1.661
-0.651
-1.025
-0.336
-0.505
-1.553
-1.278
-1.036
-1.934
-1.054
-0.616
-1.853
0.036
0.376
-1.576
0.059
-0.284
0.008
-0.621
0.127
0.028
-1.618
-0.023
-0.360
0.354
-0.008
-1.070
-0.050
-1.093
0.033
0.024
-0.675
0.045
-0.384
0.156
-0.482
-0.567
-0.320
-0.213
-0.835
-0.881
1.127
0.078
-0.056
0.062
0.125
-1.225
0.097
0.018
-0.022
0.213
-0.700
0.062
0.239
-0.018
-0.259
0.031
-1.361
-0.505
0.062
-1.251
-0.825
-0.141
-0.195
-0.124
0.124
-0.568
-1.047
0.730
-0.010
-0.110
-0.005
-0.674
0.062
0.380
-3.245
0.511
-0.120
-1.067
-0.055
-1.328
-0.002
-0.008
0.644
0.907
0.875
0.006
-0.252
0.095
-0.633
0.429
-1.408
-1.344
-0.512
0.022
-0.201
0.052
-0.173
-0.016
0.144
0.024
-0.349
-0.220
-0.387
-0.199
-0.146
-1.938
-2.796
-0.337
0.001
-0.295
-0.234
-1.475
-0.255
0.085
-0.109
0.055
-0.517
-0.020
0.740
-0.736
-1.186
-0.355
-0.540
0.062
0.072
-2.195
-1.187
-0.769
-2.005
-1.224
-0.750
-0.135
-1.376
-1.723
-0.945
-1.390
-1.264
-0.161
0.044
0.440
-0.055
-0.275
-2.666
0.535
-1.759
0.154
-0.093
-0.562
-0.606
-0.191
-0.868
-0.313
0.095
0.078
-0.712
-0.206
-0.572
5.187
0.109
-0.499
-1.078
-0.087
0.175
0.062
-0.271
-0.042
0.062
0.348
-0.106
0.095
-0.013
-0.317
0.062
0.044
0.072
-1.757
-1.156
0.062
-0.661
-1.399
0.062
-1.199
-0.184
-1.688
-2.098
0.147
-0.055
0.017
-0.397
0.360
-0.187
-0.164
-0.200
-0.507
0.070
-1.229
-0.263
-0.447
-0.266
-0.336
0.062
-0.963
-0.342
-0.031
0.467
1.362
-0.102
-0.200
0.299
-0.059
0.425
-1.661
-0.645
0.062
-0.091
0.662
0.259
0.131
0.275
0.247
-0.007
0.839
0.679
0.726
0.841
0.062
0.015
-0.092
0.349
0.163
-0.704
-0.143
-1.348
0.429
0.218
-1.032
0.422
-0.448
-2.180
0.212
-1.309
-0.193
-0.150
-0.889
-0.060
-0.206
-0.588
0.287
-0.114
-2.168
-0.212
-2.068
-0.307
0.062
-0.240
-1.898
-3.339
-0.070
0.064
-0.199
-0.171
0.006
-0.246
0.051
-1.154
-0.470
-2.224
-1.399
-0.437
-0.315
-0.044
-1.128
0.062
-0.317
-0.533
-1.413
-0.977
-0.350
0.087
-0.015
0.340
-0.205
-0.300
0.101
0.244
-0.824
-0.399
-0.020
-0.208
0.015
0.075
-0.161
-0.127
-0.140
-0.274
-0.294
-2.127
-1.617
-0.531
0.098
0.494
-0.199
-0.116
0.062
-0.016
-0.079
-0.086
-0.403
0.031
-0.180
-1.317
-0.675
-0.383
-0.627
-0.440
-1.033
-2.489
-0.751
-0.667
0.537
-0.578
-0.385
-0.681
-0.057
-0.403
-0.023
-0.016
-0.751
-0.043
-0.382
-0.496
-0.129
0.360
-0.254
0.049
-0.012
-0.261
-0.322
-0.094
-0.506
-0.284
0.149
0.013
-0.519
-0.029
-3.319
-1.294
0.062
-0.230
-0.425
-0.528
0.062
-0.812
0.056
-0.059
0.064
-0.025
0.247
0.140
-0.054
-0.274
-0.055
-0.101
0.168
-4.345
-0.711
0.040
-0.017
-0.061
-0.161
0.029
-0.224
-0.332
0.178
-0.277
0.112
-0.044
-0.689
-0.172
-1.516
-0.877
-0.582
-0.864
-0.293
-0.087
-1.042
-0.588
-1.198
-0.745
-0.459
-4.225
-1.058
0.003
-0.594
-0.662
0.029
-0.666
-0.053
0.563
-0.150
-0.170
-0.231
-0.841
0.337
0.206
-0.824
-0.485
1.367
0.062
0.790
0.665
-0.159
-0.974
0.153
-0.030
0.334
0.591
-0.483
-0.343
-0.016
0.252
0.210
0.454
-0.535
-0.266
-0.504
-0.691
-0.477
-0.074
-0.001
-0.426
2.124
-0.937
0.038
0.050
0.254
