0.429
-0.304
-0.059
-0.122
-0.072
-0.056
0.177
-0.139
0.864
0.089
-0.360
-0.065
0.363
0.225
0.204
-0.216
-0.117
-0.017
-0.851
-0.193
0.214
-0.829
-1.207
-0.002
-0.012
0.148
0.098
0.237
0.854
-0.039
0.261
-0.030
0.145
0.016
0.023
2.979
1.826
1.447
0.503
1.273
1.646
3.090
-0.034
-0.147
0.307
0.023
0.344
-0.020
1.857
1.039
1.967
1.553
2.211
2.665
1.842
1.136
0.993
-0.020
0.670
3.029
0.827
0.721
1.436
2.600
1.226
2.498
1.575
0.460
-0.004
0.058
0.575
0.060
0.141
0.201
-0.020
0.727
-0.020
-0.150
2.890
-0.177
-0.167
0.699
-0.074
0.566
-0.057
0.239
1.076
2.166
0.593
0.306
-0.064
0.301
0.000
0.523
0.135
-0.277
-0.136
0.068
0.338
0.723
-0.453
-0.448
0.308
-0.128
0.048
-0.403
-0.001
0.001
-0.034
-1.092
0.001
-0.093
-0.043
-0.007
-0.052
-0.074
0.001
0.556
-0.012
-0.163
0.000
0.001
-0.044
-1.819
-1.026
0.552
-0.165
-0.990
-0.508
1.093
-0.093
-0.244
0.780
0.077
-0.672
0.907
0.543
0.281
0.401
0.101
0.429
-0.020
-1.004
0.051
0.179
-0.174
0.119
0.441
0.818
1.513
1.155
-0.080
1.024
2.209
1.543
2.890
2.610
1.832
1.278
0.165
0.477
2.266
0.592
-0.020
0.036
-0.002
1.002
0.280
0.121
0.637
1.069
-0.364
0.139
-0.072
0.390
1.660
1.316
0.650
0.554
0.491
-0.115
1.865
0.064
0.427
0.379
0.258
-0.024
-0.257
-0.122
0.385
0.064
0.787
-0.064
1.560
-0.020
0.081
0.382
0.377
0.371
0.043
0.329
0.028
-0.379
0.073
0.033
0.069
3.049
1.862
0.741
0.537
1.496
0.094
-1.707
0.506
0.156
-0.239
-0.552
-0.183
2.378
2.038
0.738
2.220
0.265
1.472
0.986
0.682
0.062
0.919
1.454
1.117
0.684
1.823
1.278
0.983
2.359
-0.318
-0.678
0.521
0.195
0.302
0.654
0.363
-0.114
0.132
0.629
0.136
0.331
-0.525
-0.024
1.650
0.520
0.658
0.493
-0.389
1.046
0.542
2.070
-0.166
0.263
0.997
-0.295
0.319
0.647
0.993
-1.583
-0.030
-0.414
-0.624
-0.032
0.938
-0.232
1.087
0.013
-0.226
0.807
0.081
0.334
-0.063
1.112
0.004
-0.225
0.516
-0.020
1.353
1.006
0.198
0.188
0.033
-0.151
0.620
-0.179
-0.211
0.095
-0.221
0.036
0.660
0.701
-0.520
2.744
0.552
-0.045
0.261
1.054
1.494
0.191
-0.110
-0.238
-0.559
-0.667
-0.554
-0.505
0.146
0.112
-0.456
0.496
1.724
0.038
-0.326
0.126
-0.053
-0.001
-0.038
0.251
0.029
0.329
-0.025
0.695
0.260
-0.102
1.253
1.886
0.615
0.147
0.448
0.217
1.016
0.328
-0.167
-0.006
-0.048
0.827
1.253
-1.132
0.484
0.658
0.353
0.312
-0.086
-0.255
3.220
1.596
0.848
1.209
1.194
0.485
0.377
1.449
1.276
0.976
0.306
0.790
-0.031
0.443
0.589
0.020
0.578
0.176
0.086
2.422
-0.332
1.228
0.944
1.608
0.648
0.539
-0.181
-0.183
-0.444
0.808
0.498
-0.481
-0.708
-1.301
0.994
1.580
0.620
-0.254
0.922
1.850
0.799
0.258
0.157
-0.158
0.693
0.308
0.560
0.008
1.096
-0.343
1.884
2.050
-0.020
0.811
0.785
-0.020
-1.027
0.331
1.968
2.495
-0.042
0.519
-0.341
0.727
-0.460
0.081
-0.376
0.470
0.502
0.169
0.845
0.240
0.656
0.126
0.262
0.567
-0.721
0.252
0.051
0.049
-0.168
0.053
1.171
-0.145
0.594
-0.020
1.403
1.301
-0.047
-0.290
-0.826
-0.452
-0.220
-0.074
-0.116
0.029
-0.713
-0.629
0.123
0.132
0.460
0.530
0.231
-0.486
-0.092
0.222
0.292
1.690
-0.656
-0.301
1.372
-0.663
-0.092
0.570
-0.382
1.470
0.651
0.025
-0.019
0.299
0.410
0.797
-0.198
0.302
1.484
0.033
2.116
0.595
-0.020
-0.075
1.121
2.152
-0.004
0.025
-0.072
-0.223
0.349
1.644
0.528
1.092
0.557
2.060
0.967
0.469
0.191
-0.212
1.543
0.006
0.308
0.081
1.770
1.093
1.651
-0.298
0.003
0.112
-0.035
-0.046
0.035
-0.698
0.453
0.093
-0.037
0.203
0.057
0.177
0.173
0.529
-0.093
-0.151
0.719
1.756
1.550
0.484
0.158
-0.547
0.015
0.076
0.270
0.133
-0.099
0.211
0.302
-0.061
0.230
1.219
0.656
0.977
0.954
0.666
0.985
2.546
1.419
0.736
-0.818
0.665
0.295
1.413
0.262
0.316
0.375
-0.014
0.294
-0.235
0.323
-0.063
-0.150
-0.363
0.450
-0.135
0.105
0.934
0.250
-0.008
0.693
0.520
0.068
-0.116
0.604
0.225
2.403
1.532
0.113
0.547
0.760
0.997
-0.020
0.502
-0.119
0.299
0.030
0.343
-0.442
0.099
0.005
-0.172
0.016
-0.026
0.013
1.984
1.178
0.249
-0.165
0.110
-0.026
0.229
0.273
0.270
0.107
0.424
0.112
0.698
0.758
0.179
1.292
0.774
0.797
1.038
0.928
0.353
1.116
0.745
0.865
0.865
1.008
2.451
0.975
-0.126
0.325
0.539
-0.159
0.627
0.365
0.008
-0.540
0.333
0.162
0.433
0.538
-0.020
0.266
0.015
-0.457
0.281
-0.419
-0.653
-0.139
-0.020
0.806
0.431
-0.257
-0.575
0.206
0.888
-0.127
-0.200
-0.148
-1.007
0.564
-0.179
0.700
1.333
0.530
0.273
-0.254
0.108
-0.422
0.708
0.192
-0.616
-0.081
