-0.241
-0.171
-0.235
-0.229
-0.261
0.119
0.066
0.253
0.045
0.235
0.093
0.551
-0.091
0.112
-0.095
-0.185
-0.397
-0.264
-0.426
-0.889
0.456
-1.499
-0.210
0.013
-0.056
0.285
-0.065
-0.145
-0.018
-0.129
-0.059
-0.302
-0.027
-0.180
-0.124
2.363
1.347
2.379
0.681
1.664
2.270
2.877
-0.245
-0.264
-0.194
0.027
0.244
-0.229
1.539
1.537
2.201
1.719
1.802
2.515
2.120
1.381
1.333
-0.316
0.509
2.432
0.727
0.914
1.209
2.302
1.229
3.074
1.600
0.350
0.381
-0.015
1.012
-0.395
-0.493
0.283
0.567
1.664
0.904
-0.817
2.695
-0.231
-0.467
0.578
-0.170
-0.022
-0.285
-0.038
1.034
2.192
1.032
-0.103
-0.265
-0.222
-0.096
0.628
0.159
-0.322
-0.053
-0.050
1.414
1.147
0.130
-0.191
-0.070
0.688
0.138
-0.266
0.019
-0.109
-0.128
-0.453
0.033
-0.112
-0.385
-0.176
-0.266
-0.271
-0.102
-0.259
-0.112
-0.019
-0.104
-0.102
-0.317
-0.576
-0.303
1.349
-0.242
-0.392
-0.508
0.461
-0.218
-0.247
0.092
-0.111
-0.983
0.064
-0.097
0.653
-0.260
-0.151
0.112
-0.242
-0.388
-0.009
0.112
0.080
0.217
0.387
0.950
2.128
0.821
-0.498
0.358
1.938
1.947
2.443
2.243
0.336
0.891
-0.209
-0.033
1.869
0.889
-0.132
0.297
-0.289
0.398
1.582
0.157
0.281
1.522
-0.419
0.105
0.063
0.703
1.201
1.638
0.733
0.864
1.064
-0.341
1.796
-0.014
0.760
0.215
0.927
0.296
0.077
-0.611
0.403
-0.233
0.680
0.229
1.859
1.366
-0.594
0.221
0.013
0.058
-0.011
0.231
-0.088
-0.136
0.082
-0.177
-0.173
1.921
1.978
0.875
-0.189
0.368
0.037
-0.861
-0.008
0.030
-1.470
0.018
-0.115
1.957
2.191
0.680
2.683
0.928
2.257
1.208
1.300
0.834
1.192
1.262
1.371
1.307
2.160
1.296
1.023
1.829
-0.240
-0.420
0.086
-0.108
0.572
-0.080
0.263
-0.270
-0.139
2.410
-0.183
0.160
0.050
0.312
1.212
-0.039
0.612
-0.158
-0.255
0.979
0.059
1.413
-0.394
-0.338
1.165
0.685
0.127
1.203
0.724
-1.375
-0.196
0.188
0.214
-0.135
1.175
-0.239
0.134
-0.139
-0.325
1.056
0.110
0.170
-0.101
0.443
-0.402
-0.326
0.443
0.690
1.112
0.743
-0.256
-0.258
0.057
-0.207
-0.133
1.625
-0.209
0.012
-0.229
-0.173
-0.186
-0.126
-0.443
2.364
-0.488
-0.306
2.386
-0.077
1.518
-0.202
0.190
-0.704
-1.492
-1.229
0.121
0.106
-0.245
0.309
-0.236
0.646
1.864
-0.167
-0.390
-0.170
-0.169
-0.109
-0.182
0.220
-0.098
0.566
0.118
-0.065
-0.167
-0.106
1.181
1.279
-0.071
0.108
0.530
0.248
1.033
0.261
-0.210
-0.084
-0.260
0.376
0.826
-0.898
0.560
0.484
0.245
0.118
-0.210
-0.273
2.205
0.826
0.679
1.633
1.741
0.629
-0.052
1.890
1.998
1.170
0.587
1.045
-0.023
0.730
0.781
0.148
0.457
2.981
-0.137
1.733
0.035
1.097
0.750
1.124
0.373
0.811
-0.233
-0.229
-0.200
0.435
0.095
0.401
-0.026
-0.260
0.657
0.502
-0.163
-0.109
0.435
0.285
1.024
-0.354
-0.072
-0.178
0.029
0.063
0.014
-0.025
0.663
-0.230
1.569
1.314
0.449
0.473
0.993
0.800
0.052
0.233
1.742
2.462
-0.006
0.349
-0.166
0.031
-0.116
0.134
-0.351
0.045
0.700
-0.534
0.831
0.346
0.619
-0.151
0.430
0.109
1.457
0.007
-0.152
-0.750
-1.706
0.026
0.124
-0.154
0.111
-3.843
1.050
0.997
-0.133
0.120
-1.279
-0.795
-0.314
-0.289
-0.621
0.090
-1.555
-1.197
-0.653
-1.340
-0.389
-0.132
-0.422
-0.613
-0.252
0.341
-0.216
1.918
-0.667
-0.367
0.954
-0.563
-0.244
1.016
-0.719
0.272
-0.153
-0.088
-0.597
0.099
0.597
0.829
-0.273
0.008
1.817
0.697
1.480
0.312
0.470
-0.045
0.709
2.356
-0.051
-0.223
0.070
0.365
-0.036
0.586
0.041
1.325
0.358
1.350
0.350
0.574
0.643
0.043
0.718
0.047
0.251
0.832
1.479
0.655
0.942
0.080
-0.079
-0.282
0.041
0.037
-0.049
-0.645
0.538
0.109
-0.021
0.386
-0.246
-0.002
-0.058
0.148
0.615
0.227
0.021
1.755
1.561
0.346
-0.224
-0.488
-0.172
-0.016
0.417
0.346
0.015
0.057
-0.000
-0.184
0.003
1.328
0.247
1.076
0.273
0.498
0.658
2.853
1.227
1.066
-0.305
0.292
0.282
0.535
-0.231
-0.189
-0.312
-0.019
1.119
-0.049
0.703
0.526
0.390
-0.364
-0.008
-0.075
-0.231
0.503
0.100
0.322
0.826
0.369
-0.054
-0.714
0.268
-0.510
2.062
0.268
0.635
-0.014
-0.054
0.715
0.204
0.209
-0.035
-0.273
-0.366
0.232
-0.284
-0.628
-0.173
-0.241
-0.281
-0.203
-0.216
1.343
1.039
-0.099
-0.027
0.304
-0.082
-0.420
0.400
0.347
0.246
0.065
-0.145
0.714
0.274
0.000
1.975
1.171
0.360
1.452
0.401
-0.241
1.345
0.357
1.117
1.032
0.651
2.590
0.350
-0.166
0.222
0.668
-0.945
-0.043
0.158
-0.347
-0.325
0.191
0.104
0.622
-0.285
0.493
1.600
1.067
-0.744
-0.197
-1.005
-1.126
-1.442
1.509
0.491
1.109
-0.198
-0.572
0.526
0.348
-0.055
-0.507
-0.506
-2.885
0.402
0.088
0.647
0.998
0.332
-0.106
-0.204
-0.328
-1.092
1.117
0.205
-0.711
-0.106
