-0.547
-0.311
0.052
-0.064
-0.275
0.490
-0.205
-0.461
-0.676
-0.080
-0.488
-0.607
-0.389
-0.323
0.177
0.467
-0.340
-0.080
0.291
0.182
-0.469
2.303
0.577
0.371
0.512
-0.034
-0.310
-0.329
-0.654
-0.140
-0.218
-0.310
-0.401
-0.461
-0.061
-2.664
-1.860
-2.579
-0.469
-1.715
-2.414
-3.450
0.077
0.138
-0.715
0.125
-0.389
-0.222
-1.754
-1.609
-2.289
-1.278
-2.761
-3.411
-1.969
-1.536
-1.421
-0.003
-0.781
-3.510
-0.832
-1.065
-1.607
-2.196
-1.295
-3.133
-1.957
-0.672
-0.128
-0.163
-0.802
-0.243
-0.416
-0.516
0.109
0.109
0.201
0.147
-3.522
-0.322
0.805
-0.669
-1.144
-0.467
-0.187
-0.346
-1.246
-2.434
-1.024
0.960
0.221
0.485
-0.376
-0.938
-0.960
-0.467
-0.120
-0.160
-1.767
-0.872
-0.413
-0.231
-0.042
-0.517
-0.176
0.421
-0.187
-0.083
-0.079
-0.054
-0.113
-0.106
0.344
-0.079
0.323
0.049
-0.081
0.210
-0.079
-0.068
-0.079
-0.086
0.176
0.307
0.145
-0.879
-0.445
1.222
0.537
-0.306
-0.078
-0.027
-2.766
0.109
0.812
-1.352
-0.361
0.109
0.109
-0.164
-1.850
0.109
1.571
-0.087
-0.517
0.109
-0.404
-1.048
-1.052
-4.084
-0.812
0.115
-1.034
-2.043
-1.483
-3.352
-2.416
-1.357
-2.582
-0.599
-1.511
-2.105
-1.067
0.109
0.182
-0.049
-0.584
-0.462
-0.324
-0.418
-0.797
0.342
-0.058
0.092
-1.250
-1.697
-1.909
-0.790
-1.870
-0.798
-0.003
-2.336
0.120
-0.454
-0.845
0.109
-0.292
0.677
-0.085
-0.389
-0.001
-0.690
0.109
-3.919
0.109
0.109
-0.520
-0.396
-0.426
-0.174
-0.319
-0.079
0.323
-0.293
-0.324
-0.291
-2.646
-2.149
-0.437
-0.320
-0.988
-0.252
1.122
-0.055
-0.590
1.074
1.203
-0.041
-2.928
-2.016
-1.354
-2.966
-0.882
-1.579
-1.621
-1.293
-0.928
-1.088
-1.759
-1.509
-1.969
-2.631
-2.072
-1.656
-4.085
-0.149
3.060
-1.176
-0.040
-0.995
-0.262
-0.869
-0.794
-0.055
-2.504
-0.295
-0.732
0.013
-1.065
-1.337
-0.546
-1.114
-0.310
0.282
-1.262
-0.486
-1.867
0.066
-0.412
-1.373
-1.221
-0.595
-1.414
-1.008
1.148
-0.061
0.670
0.046
0.128
-1.178
0.317
-1.768
-0.045
0.511
-0.575
0.091
-0.410
-0.366
-0.593
-0.399
-0.123
-0.488
-1.315
-1.299
-0.768
-0.187
0.031
-0.142
0.012
-1.128
-1.472
0.469
-0.301
0.389
-0.127
-0.122
0.153
0.524
-2.211
-0.531
-0.546
-1.849
-0.520
-0.527
-0.139
-0.832
1.123
1.856
1.187
0.164
0.356
2.063
-0.840
-0.079
-1.014
-2.337
-0.704
0.186
-0.318
-0.165
-0.321
-0.282
-0.439
-0.343
-0.757
-0.091
-0.580
0.110
-0.006
-1.492
-1.473
-0.241
-0.745
-0.786
-0.317
-1.004
-0.287
-0.692
-0.079
0.419
-1.125
-1.739
0.866
-0.589
-0.314
-0.365
-0.658
-0.181
0.221
-3.828
-1.409
-1.364
-1.478
-1.177
-0.877
-0.246
-1.331
-2.265
-1.156
-0.799
-0.741
-0.323
-0.561
-1.280
-1.205
-1.296
-3.005
-0.269
-2.035
0.509
-1.634
-1.427
-1.048
-0.544
-0.799
-0.517
0.402
-0.297
-0.646
-2.080
0.380
2.212
0.467
-0.331
-0.445
-0.829
-0.554
0.109
-0.952
-1.283
0.876
-0.183
0.013
0.406
0.137
-1.092
-0.915
-1.363
-0.183
-1.726
-1.490
-0.957
-0.648
-1.336
-0.841
-0.123
-1.269
-2.035
-1.995
-0.368
-0.845
0.010
-0.388
0.101
-0.253
-0.288
-0.345
-0.917
-0.060
-1.377
-0.616
-0.512
-0.255
-0.604
-0.836
-0.875
-0.372
-0.208
0.387
0.446
-0.253
0.109
0.635
-0.373
0.493
-2.099
-1.279
0.109
0.134
0.183
0.285
-0.129
0.054
0.559
-0.211
0.984
1.041
1.041
1.019
0.534
0.087
-0.326
0.473
0.149
-0.577
0.135
-2.071
0.520
0.390
-2.031
0.622
-0.546
-1.757
-0.374
-1.741
0.101
-0.354
0.163
-0.188
-0.587
-1.067
0.428
-0.271
-1.551
-0.550
-2.232
-1.182
-0.540
-0.044
-1.994
-2.563
-0.313
-0.433
-0.669
-1.073
-0.337
-1.311
-1.059
-1.450
-0.694
-2.793
-1.061
-0.517
-0.566
-0.979
-1.182
-0.374
-0.468
-0.576
-1.901
-1.087
-2.048
-0.106
0.076
0.733
-0.523
-0.011
-0.080
0.720
-0.622
-1.123
-0.350
-0.360
-0.769
-0.594
-0.416
-1.209
-0.184
-0.969
-0.644
-2.164
-1.470
-0.690
-0.387
0.471
0.058
-0.378
-1.048
-0.378
0.431
-0.245
-0.177
-0.260
-0.399
-0.984
-0.548
-1.113
-0.865
-0.466
-0.838
-3.086
-0.925
-1.018
-0.209
-1.153
-0.517
-1.113
0.155
-0.823
-2.357
-0.296
-1.053
-0.180
-0.388
-0.813
-0.319
-0.143
-1.222
-0.305
0.099
-0.366
-0.459
-0.068
-0.367
-0.222
-0.276
0.284
-1.115
0.339
-3.317
-1.053
-1.435
-0.674
0.129
-0.673
0.183
-0.695
-0.234
-0.581
-0.535
-0.398
0.537
0.674
-0.304
0.698
0.191
-0.014
0.044
-1.568
-1.377
0.152
-0.330
-0.135
-0.317
-0.421
-0.507
-0.457
-0.302
-0.437
-0.040
-0.566
-0.278
-0.359
-1.641
-0.924
-0.396
-1.169
-0.872
-0.202
-1.312
-0.930
-1.388
-1.091
-1.241
-3.740
-1.032
0.006
-0.915
-0.715
-0.079
-0.543
-0.243
1.220
0.529
-0.969
-0.749
-0.605
-0.014
-0.435
-0.362
-0.277
0.109
-0.182
0.728
1.052
0.105
-1.209
-0.190
-0.558
0.641
0.836
-0.735
-0.617
-0.079
0.197
0.182
0.847
-0.418
-0.291
-0.468
-1.040
-0.540
-0.302
0.271
-0.737
2.581
-0.909
0.509
-0.587
0.109
