-1.8
-2.69
-1.98
-1.7
-1.36
-2.05
-3.01
-0.6
-2.88
-1.36
-1.86
-2.02
-2.88
-1.97
-1.745
0.287
-0.287
-0.263
-0.7
-0.4
-0.821
-0.04
0.91
-0.46
-0.58
-0.3
-0.98
-1.52
-0.21
-0.56
0.03
0.33
-1.53
-0.34
-0.56
-3.52
-2.88
-2.22
-0.59
-3.49
-3.19
-4.28
0.05
0.01
-0.31
0.35
0.61
-0.2
-2.37
-2.33
-3.21
-0.82
-2.94
-3.56
-2.76
-3.62
-3.1
-0.13
-0.41
-3.77
-1.46
-2.36
-1.81
-1.93
-2.41
-3.25
-1.92
-2.33
-0.4
-1.23
-2.55
-0.31
-2.21
-3.7
-1.0
-2.0
1.0
-2.6
-0.455
0.6
4.0
-0.64
-1.38
-0.35
-0.11
-0.8
-1.41
-1.65
-0.85
-0.53
0.05
0.27
0.32
-0.16
-1.1
-0.4
0.6
1.0
-1.0
-0.9
-0.6
-0.5
-2.4
-1.4
0.1
-0.287
-0.263
-0.096
-0.359
-0.359
-0.669
0.048
-0.932
-0.335
-0.55
-0.502
0.072
-0.645
-0.478
-0.669
-0.287
-0.741
-1.123
-0.1669999999999999
-0.072
-3.705
0.765
-0.43
-2.032
-1.793
0.263
0.765
-1.22
-1.963
-1.951
-2.149
-0.863
0.283
-0.912
-0.08
-1.759
-0.043
-0.337
-0.706
-0.855
-0.493
0.021
-0.101
-0.591
-3.274
-1.2990000000000002
-0.7709999999999999
-0.327
-2.593
-2.5340000000000003
-3.405
-3.46
-3.803
-3.529
-1.6
-1.7
-3.2260000000000004
-1.575
-0.961
0.271
-1.14
-1.7080000000000002
-0.0819999999999999
-0.504
-0.693
0.178
1.078
-1.5730000000000002
0.581
-0.109
-3.3680000000000003
-2.251
-1.116
-1.77
-1.052
-0.8640000000000001
-1.981
-1.6
-1.936
-2.5810000000000004
-2.09
-1.99
0.4
0.6
-3.3
-5.0
1.4
0.5
-2.5
-1.9
4.299
0.1
0.1
0.8
-0.1
0.7
-0.1
-1.44
-1.162
-2.3040000000000003
-2.302
-1.6969999999999998
-0.55
-1.482
1.4
0.43
0.0
0.6
0.0
-2.5
-1.4
1.4
0.1
-1.39
-1.39
-2.79
-2.35
-1.52
-1.52
-1.11
-1.94
-2.84
-2.82
-2.83
-3.24
-3.73
-2.82
-3.1
0.06
-4.61
-0.88
-1.9
-3.3
-1.2
-0.3
0.3
-1.2
-1.2
-1.2
-1.4
0.36
-0.3
-1.42
-1.88
-0.98
-0.61
-0.43
0.42
-1.31
-1.31
-1.98
-0.97
-0.08
-0.49
-1.1
-1.08
-1.1
-2.78
-0.05
0.39
-2.25
-0.78
-1.53
-1.96
-3.53
1.82
0.07
-2.4
-0.17
-0.4
0.11
-0.3
0.06
0.19
0.03
-4.2
-0.13
-2.81
-0.24
-6.84
0.8
0.1
-2.9
-4.59
-3.22
-3.3
0.358
-0.86
-0.645
0.239
-0.645
2.87
-2.89
-8.93
-4.25
-0.7170000000000001
-4.493
-4.517
-2.103
-0.012
-1.233
0.12
2.605
-1.912
-2.629
0.89
-0.02
1.07
-0.32
-1.79
-1.55
-1.59
-0.33
-0.55
-0.22
-0.03
-0.79
-1.3
-0.38
-1.69
-0.33
-0.41
-0.68
0.07
-2.84
-1.15
0.02
-1.02
-2.05
-0.07
-1.28
0.09
-0.59
0.13
0.47
0.61
0.03
1.8
-0.73
-1.3
-0.34
-1.74
-0.44
0.21
-2.76
-1.21
-1.73
-0.84
-3.1
-1.46
-0.8
-2.33
-2.55
-1.81
2.997
2.5810000000000004
-2.075
4.247
-4.36
-1.515
0.825
-0.909
0.87
-0.165
1.536
1.241
0.974
-0.79
0.336
-4.098
-1.298
-3.397
-2.964
-0.6709999999999999
3.462
2.583
3.976
5.73
-2.25
-0.017
0.464
0.143
-0.209
-0.166
0.213
-1.463
-1.246
0.951
-1.454
0.92
-0.994
3.189
-2.9610000000000003
2.19
1.06
-1.159
-2.664
-2.573
-0.95
-0.36
2.615
0.599
-3.443
1.072
-1.853
-2.54
-0.71
-1.75
1.2
1.9
-0.8
1.5
1.0
1.4
1.0
1.0
0.2
1.26
-0.23
-1.57
-3.11
-3.34
-1.1
-0.36
1.79
-4.0
-2.0
-0.24
0.62
2.08
-0.6
-2.0
-2.3
0.44
0.5
-0.4
0.3
0.3
1.2
2.9
0.9
0.8
1.1
2.6
0.5
-0.5
0.2
1.4
0.4
-0.2
-0.7
-2.43
0.1
-0.83
-2.17
1.47
-2.54
-3.1
-1.32
-3.12
-0.49
-1.21
-2.14
-0.2
-0.59
-1.19
-1.08
-0.23
-3.12
-0.68
-4.15
-3.12
-3.08
-0.38
-3.34
-3.73
-1.52
-2.53
-2.08
-2.23
-2.04
-4.9
-0.56
-1.37
-0.47
-4.72
-1.69
-0.92
-0.88
0.16
0.58
0.35
-0.09
-0.45
-3.12
-2.44
-3.77
-1.87
-1.78
-0.34
-1.73
-0.3
0.41
-0.82
-1.63
-1.17
-1.11
-1.25
-1.09
-0.17
-0.97
-1.83
-1.22
-0.92
-1.14
-2.82
-2.46
-1.66
0.43
1.05
0.39
-5.975
-6.597
0.3
0.1
-2.2
-2.6
-0.1
-0.4
-0.9
-0.3
-0.4
-1.9
-0.3
-0.6
-0.5
-1.3
-2.0
-0.6
-2.0
0.1
-0.8
-0.6
0.1
-0.2
0.1
-0.1
-0.7
0.4
0.1
-0.5
-2.4
-0.74
0.2
-1.83
-0.41
-0.91
-0.06
-0.39
-1.66
1.369
-1.137
-1.506
0.88
0.43
1.11
1.46
0.12
0.04
-0.43
0.37
0.24
1.05
0.47
0.25
3.02
3.34
2.11
-0.65
-0.6
-1.6
-1.34
-1.41
-1.7
-2.3
-0.9
-0.3
-2.1
-0.9
-2.0
-2.3
-3.7
-1.9
-0.7
-0.4
-0.7
-1.4
-0.2
-2.7
-1.2
-0.5
-2.0
-1.9
-0.6
-1.2
-0.2
-1.5
-2.0
-2.8
-4.1
-3.2
-2.0
0.8
-0.5
0.34
-0.74
-0.17
1.32
-3.35
-1.68
5.49
-3.23
1.194
-2.866
-1.81
-1.64
-0.58
-3.25
-2.0
-0.05
-1.3
-2.5
0.096
-0.693
2.03
0.99
0.89
-1.435
-0.24
0.06
-0.46
0.574
-1.362
1.745
0.1
-2.07
-0.44
-0.71
-0.93
-1.44
-1.44
-2.99
0.413
-0.378
0.354
