-0.504
0.086
0.083
0.100
0.751
-0.205
-0.326
-0.146
-0.458
0.002
0.161
-0.909
0.002
0.039
-1.006
0.083
-0.073
0.108
0.127
0.073
-0.194
2.111
0.321
-0.098
-0.127
-0.771
-0.017
0.060
-0.976
0.105
0.129
0.021
-0.205
-0.092
-0.204
-2.786
-2.085
-2.382
-1.067
-1.626
-2.785
-5.355
-0.106
0.115
-0.184
-0.024
0.144
0.004
-1.439
-1.527
-2.015
-2.518
-2.026
-2.301
-3.594
-2.145
-1.738
0.094
-0.806
-3.447
-1.196
-2.537
-1.977
-2.852
-1.848
-3.135
-1.242
-0.767
-0.077
0.603
-1.083
0.370
-0.194
-0.246
-2.841
-2.230
-3.102
1.245
-2.541
0.177
1.566
-0.473
-0.292
0.805
0.827
0.412
-1.687
-1.790
-0.556
0.305
0.928
-0.401
0.060
-0.783
-0.133
0.433
-0.017
-0.176
-1.691
-0.912
-0.000
0.108
0.024
-0.236
-0.349
0.361
-0.038
-0.024
0.026
0.189
-0.122
-0.021
0.090
-0.055
0.050
-0.001
-0.025
0.274
-0.025
0.133
-0.036
-0.025
0.082
0.411
0.020
-2.125
1.139
1.324
0.169
-0.037
-0.129
0.107
0.246
0.190
1.022
-1.133
-0.711
0.030
2.204
-0.128
0.112
2.472
2.223
0.337
-0.449
0.575
-0.038
-0.303
-0.382
-1.066
-0.293
0.007
-1.117
-2.154
-1.195
-3.299
-1.901
-1.750
-4.382
-0.112
-0.264
-3.037
-1.208
0.285
0.498
-0.105
-1.607
-0.857
-0.111
-0.446
-1.180
0.193
0.014
0.071
-0.648
-1.320
-2.297
-0.341
-0.798
-0.897
0.577
-2.019
-0.091
-1.089
-1.004
0.021
0.211
0.490
0.392
0.279
0.248
0.092
2.184
-0.605
-2.920
0.630
-0.105
-0.086
-0.553
0.075
-0.183
-0.047
0.001
0.237
0.090
-0.261
-3.510
-1.509
-3.605
0.965
-0.445
0.148
1.161
-0.192
-0.123
-1.045
-0.499
0.447
-3.246
-1.256
-1.424
-2.708
-0.106
-0.981
-0.928
-0.751
-0.766
-1.230
-1.437
-1.499
-0.097
-2.643
-2.393
-0.507
-4.693
0.268
0.425
-0.455
0.102
-0.092
-0.063
-0.322
-0.012
-0.398
-3.379
-0.044
-0.561
0.278
-0.418
-1.915
0.142
-1.032
-0.922
-0.105
-1.681
-1.654
-1.505
-0.107
0.220
-0.940
-0.650
0.010
0.149
-0.616
1.474
0.073
0.473
-0.252
0.513
-1.386
0.356
-0.808
0.092
0.045
-2.202
0.217
-0.479
0.008
0.111
0.441
-0.068
-0.057
-2.344
-0.991
-0.872
0.122
0.221
0.616
0.154
0.149
-0.673
0.206
0.285
0.139
0.005
0.120
0.654
0.431
-0.846
0.643
-0.233
-1.553
-0.722
-0.594
0.019
-1.721
0.802
2.023
0.957
-0.426
-0.585
0.236
-0.720
1.213
-0.952
-3.920
-0.229
0.160
-0.969
-0.251
-0.159
-0.022
-0.237
-0.074
-0.877
-0.045
-0.534
-0.058
0.166
-2.001
-0.648
-0.334
0.335
-0.683
-0.093
-1.402
-0.563
-0.650
0.033
-0.034
-0.477
-1.464
0.296
-0.174
-0.586
-0.097
-0.336
0.314
-0.135
-3.977
-1.603
-1.020
-1.513
-1.262
-0.345
-0.074
-0.566
-3.379
-1.079
-0.568
-0.536
0.070
-0.420
-0.750
0.088
-0.857
-1.096
-0.019
-1.438
-0.083
-2.203
-1.174
-2.334
-0.426
-0.729
0.414
0.159
0.073
-0.163
0.394
-0.047
0.031
0.173
0.101
0.221
0.143
-0.051
-0.048
-0.665
-0.529
0.194
0.360
-0.229
-0.072
0.190
-0.132
0.230
-0.878
0.547
-2.589
-0.352
0.305
-0.834
-0.697
-1.126
-1.024
0.424
-0.785
-3.481
-0.014
-0.516
0.076
0.009
0.692
-0.358
0.447
-0.018
-1.084
-0.011
-2.367
-0.880
-0.831
-0.182
0.059
0.105
-0.553
-0.025
-0.052
-0.156
0.087
-0.063
-0.159
0.467
-0.590
0.237
-2.354
-1.584
-0.669
0.119
1.117
0.438
0.364
0.555
1.244
-0.216
0.182
0.636
0.309
0.843
1.214
0.882
1.141
-0.130
0.175
-0.596
0.621
-1.227
0.342
0.762
-2.280
1.107
-0.593
-1.494
-0.137
-1.736
-0.767
-0.138
0.747
-0.754
-0.135
-1.424
0.240
-0.297
-2.734
0.008
-2.075
-1.236
-0.211
-0.093
-1.704
-3.503
0.211
0.359
1.281
-0.053
-0.118
-1.307
-1.193
-2.441
-0.969
-3.515
-0.983
-0.204
-0.107
-1.235
-0.705
-0.861
-0.177
-0.236
-3.830
-1.168
-1.920
-0.117
0.132
-0.123
0.112
0.036
0.109
0.407
-0.373
-0.618
0.029
-0.314
-0.163
-0.220
-0.153
-0.198
-0.575
-0.642
-0.578
-2.361
-1.575
-0.160
0.151
0.098
0.263
-0.079
-1.049
-0.099
-0.497
-0.077
-0.097
-0.076
-0.268
-1.201
-0.451
-0.595
-0.934
-0.662
-0.897
-3.381
-1.810
-1.150
0.346
-0.514
0.154
-2.126
-0.099
-0.024
0.468
-0.136
-0.615
-0.231
-0.282
0.375
-0.233
0.321
0.104
0.221
-0.051
-0.317
-0.596
0.220
-0.353
-0.343
-0.156
0.332
-1.152
0.001
-5.438
-1.351
-0.074
-0.115
0.307
-0.226
-0.217
-0.482
0.270
-0.435
0.072
-0.163
0.349
0.144
-0.034
-0.212
0.072
-0.048
1.443
0.192
-0.842
-0.011
-0.370
0.125
-0.056
-0.200
-0.374
1.032
-0.465
-0.225
0.133
-0.562
-0.698
-0.170
-0.748
-0.961
-0.035
-0.643
-1.167
-0.134
-1.708
-0.893
-1.308
-0.793
-0.578
-1.353
-0.525
-0.051
-1.610
-0.553
0.515
0.238
-0.892
0.019
0.720
0.953
0.280
0.187
0.949
-0.446
-1.398
-0.173
0.229
-0.747
0.500
0.743
0.410
0.743
-0.616
-0.574
-0.057
0.213
-1.078
-0.736
-0.033
0.130
0.479
0.412
-1.224
-0.128
-0.819
-1.222
-0.867
0.074
-0.043
0.710
0.676
-0.595
0.320
-1.100
0.450
