-0.201
0.011
-0.159
-0.127
-0.162
-0.034
-0.575
-0.180
-0.669
-0.382
-0.649
-0.869
-0.701
-0.563
-0.081
-0.280
0.160
0.183
-0.109
0.342
-0.026
0.386
1.539
-0.016
-0.126
-0.187
-0.321
-0.506
-0.791
0.005
-0.162
-0.201
-0.636
-0.125
-0.183
-3.092
-2.121
-2.648
-0.649
-1.362
-2.418
-3.778
-0.323
-0.184
-0.577
0.192
-0.439
-0.201
-2.817
-1.875
-2.414
-1.316
-2.629
-3.616
-2.272
-1.453
-1.207
-0.294
-0.996
-3.088
-1.048
-0.691
-1.722
-1.404
-2.182
-3.116
-1.242
-0.673
-0.028
-0.435
-1.137
-0.084
0.030
-0.421
-0.201
-0.201
0.050
0.502
-2.835
0.231
-0.201
-0.201
-0.175
-0.204
0.534
-0.841
-1.521
-2.567
-0.517
1.068
0.597
0.233
-0.230
-0.928
-0.201
-0.202
-0.199
0.087
-0.293
-0.201
-0.243
-0.173
-0.152
-0.863
-0.198
-0.172
-0.039
4.308
0.121
0.139
-0.458
-0.345
0.117
0.180
0.136
0.166
-0.065
0.703
-0.014
0.136
-0.338
-0.048
0.095
0.154
0.130
-0.545
0.512
0.694
0.680
-0.437
-0.022
0.394
-0.201
-0.201
-0.201
-1.403
-0.117
-0.201
-0.201
-2.520
-1.024
-0.201
-0.201
-0.023
-0.324
-0.103
-0.058
-1.226
-0.676
-0.201
-1.027
-0.244
-1.456
-2.172
-2.344
-3.025
-2.929
-1.306
-0.347
-0.201
-0.201
-2.024
-0.201
-0.201
-0.269
0.051
-0.702
-0.201
-0.385
-1.441
-1.915
0.320
-0.132
0.226
-1.465
-2.024
-0.681
-0.785
-0.201
-0.758
-0.065
-1.994
0.023
-0.798
-0.852
-0.201
-0.201
0.185
-0.825
0.388
-0.162
-1.220
-0.201
-0.201
-0.201
-0.108
-0.676
-0.844
-0.822
-0.018
-0.465
-0.398
0.453
-0.085
-0.415
-0.175
-2.929
-2.185
-1.463
-0.062
-0.101
-0.201
1.153
-0.504
-1.105
1.132
0.479
0.125
-2.369
-2.634
-1.131
-2.772
-0.511
-1.436
-1.438
-0.640
-0.994
-1.126
-2.164
-0.890
-0.979
-2.202
-2.152
-1.528
-3.897
-0.253
1.416
-0.209
-0.453
-1.062
-0.239
-0.901
-0.440
-0.775
-5.080
0.015
-0.617
-0.396
-1.248
-1.581
-0.487
-1.751
-0.462
-0.042
-1.811
-0.660
-2.209
0.064
-0.478
-1.319
-1.127
-0.418
-0.775
-0.660
1.744
-0.301
0.044
-0.861
0.212
-1.551
0.221
-0.231
0.001
0.337
-0.719
-0.300
-0.145
-0.366
-0.128
-0.573
-0.090
-0.684
-0.680
-1.054
-1.240
-0.201
-0.587
0.115
0.701
-0.130
-2.921
-0.010
-0.080
0.019
-0.348
-0.201
0.638
-0.059
-2.708
-0.259
-0.639
-1.132
-0.243
-1.966
-0.776
0.074
0.278
0.605
-0.158
-0.118
-0.756
0.379
-0.612
0.179
-1.089
-1.760
-1.327
0.243
-0.224
-0.517
-0.377
-0.162
-0.133
-0.336
-0.619
-0.036
-0.892
-0.233
-0.067
-2.033
-0.846
0.450
-0.146
-0.804
-0.341
-0.475
-0.417
-0.034
-0.044
-0.253
-1.044
-1.177
0.489
-0.748
-0.519
0.329
-0.494
0.407
0.175
-3.437
-1.358
-1.092
-1.837
-1.486
-0.601
0.017
-1.662
-2.670
-1.164
-1.791
-2.340
0.065
-0.791
-0.287
-0.201
0.194
-0.651
-0.281
-1.747
-0.515
-1.200
-1.564
-1.100
-0.245
-1.324
-0.020
-0.435
-0.293
-0.475
-1.321
0.091
0.530
1.013
-0.212
-0.474
-0.334
-0.202
-0.222
-1.253
-1.640
-0.201
-0.494
-0.128
-0.235
0.153
-0.201
-0.208
-1.719
-0.651
-1.318
-1.217
-0.201
-1.077
-1.542
-0.487
-1.012
0.093
-0.711
-2.284
0.168
-0.676
-0.190
-0.818
0.758
-0.347
0.073
-0.432
-1.194
0.461
-1.881
-0.587
-0.607
0.110
-0.879
-0.201
-1.716
-0.169
-0.125
0.187
0.959
-0.180
0.471
-0.201
-0.589
0.006
-2.033
-1.168
-0.044
0.041
1.346
0.871
0.340
0.026
0.277
-0.009
1.025
0.830
1.454
1.178
-0.201
-0.201
0.741
0.309
0.087
-0.514
0.909
-2.462
0.665
0.299
-1.540
1.158
-0.912
-2.883
0.083
-1.384
-0.824
-0.144
-0.127
0.131
-0.337
-0.401
-0.033
-0.349
-1.384
0.073
-2.186
-0.503
-0.201
-0.096
-0.708
-2.138
-0.286
0.192
-0.136
-0.125
-1.222
-1.658
-1.038
-1.483
-0.562
-2.122
-1.418
-0.466
-0.370
-0.275
-0.969
-0.519
-0.427
-0.561
-2.618
-0.972
-1.610
-0.367
-0.027
-0.071
0.351
0.081
-0.425
0.135
-0.237
-0.721
-0.352
-0.058
-0.201
-0.232
-0.255
-0.264
-0.414
-0.059
-0.501
-2.116
-1.158
-0.202
-1.188
0.764
0.017
-0.392
-0.906
0.033
-0.066
-0.229
0.056
0.066
-0.320
-0.991
0.113
-0.824
-0.601
-0.869
-0.929
-2.586
-0.799
-1.258
-0.250
-1.028
-0.392
-0.816
-0.406
-0.362
-0.042
-0.264
-0.589
-0.224
-0.350
-0.244
-0.282
0.183
-0.201
-0.206
-0.541
-0.686
-0.732
-0.391
-0.348
-0.511
-0.089
0.752
-0.961
0.398
-3.479
-1.267
-1.397
0.064
-0.897
-0.290
1.135
-0.865
0.419
-0.059
0.136
-0.213
-0.043
-0.272
-0.113
0.227
0.274
-0.343
0.211
-1.715
-2.245
-1.021
-0.300
-0.285
-0.125
-0.499
0.076
-0.314
-0.162
-0.755
-0.198
-0.810
-0.262
-0.543
-1.874
-1.481
0.264
-0.445
-0.363
0.311
-1.259
-0.845
-2.122
-0.533
-0.789
-3.926
-1.312
0.074
-1.065
-0.948
0.124
0.400
-0.367
0.604
0.881
-0.367
-0.969
-1.308
-0.087
0.008
-0.912
-0.870
1.139
-0.903
0.494
1.167
-0.010
-1.203
0.835
-0.771
0.133
-0.079
-0.514
-1.101
-0.036
-0.285
-0.033
0.425
-1.307
-0.201
-1.069
-1.522
-0.464
-0.621
0.479
0.183
1.178
-1.809
0.059
-1.608
-0.201
