-0.064
-0.262
-0.207
-0.286
-0.163
-0.035
-0.077
-0.139
-0.307
-0.089
-0.220
-0.473
-0.130
-0.137
0.171
0.003
0.194
0.110
0.736
0.063
-0.104
2.703
1.191
0.102
0.064
-0.092
0.367
0.292
-0.399
-0.062
0.029
0.121
0.009
-0.002
-0.071
-2.915
-1.385
-2.611
-0.746
-1.183
-1.850
-3.355
0.080
0.512
-0.215
0.206
-0.081
1.017
-2.775
-1.712
-2.781
-1.763
-2.720
-3.001
-2.264
-1.594
-1.175
0.052
-0.440
-3.451
-0.567
-1.664
-1.120
-1.922
-1.276
-2.834
-1.441
-0.571
0.337
-0.070
-0.871
0.304
0.570
-0.584
0.417
-0.278
0.183
1.797
-3.148
-0.073
0.387
-1.353
-0.096
-0.078
0.348
-0.439
-1.789
-2.358
-0.458
0.002
0.213
-0.214
-0.240
-0.499
-0.185
0.657
0.018
0.247
-1.802
-0.652
-0.055
-0.038
0.775
-0.095
-0.130
0.268
0.006
-0.010
0.068
0.283
-0.224
-0.060
0.182
0.070
0.125
0.133
-0.017
0.079
0.059
1.419
-0.038
0.200
0.082
0.305
0.175
-1.646
0.622
0.180
0.838
-0.220
0.084
0.397
-1.929
-0.055
1.480
-0.412
0.573
-0.055
0.121
-1.449
-1.136
-0.018
1.722
-0.088
-0.055
0.011
-0.073
-0.433
-1.244
-2.069
-0.459
-0.048
-1.377
-2.049
-1.585
-2.960
-2.816
-0.283
-1.914
-0.150
-0.606
-1.904
-1.665
-0.055
0.079
0.015
-1.230
-0.946
-0.133
-0.055
-1.329
0.351
-0.189
0.121
-0.456
-1.631
-1.804
-0.629
-0.337
-0.874
0.066
-2.512
-0.125
-0.577
-0.686
-0.055
-0.338
0.865
0.034
0.071
-0.040
-0.312
0.866
-0.475
-0.055
1.501
-0.765
-0.220
-0.359
-0.004
-0.164
-0.232
1.005
-0.117
-0.362
0.208
-2.996
-2.992
-0.815
0.980
0.539
-0.055
2.817
-0.340
-0.308
2.875
2.267
0.050
-2.413
-2.232
-1.322
-2.855
-0.101
-1.576
-1.702
-0.841
-0.546
-1.171
-1.756
-0.913
-0.261
-1.838
-1.427
-1.017
-3.669
0.900
1.181
-1.032
0.022
-0.516
-0.058
-0.546
-0.339
0.266
-2.312
0.064
-0.703
0.048
-1.278
-1.465
0.130
-1.222
-0.019
-0.084
-1.332
-0.172
-2.051
0.016
0.538
-1.061
-0.728
-0.858
-0.823
-1.229
1.561
0.134
0.834
0.139
0.151
-0.325
0.339
-1.598
-0.012
0.299
-0.562
-0.055
-0.646
-0.144
-0.665
0.002
0.637
-0.919
-0.027
-0.781
-1.066
-0.106
-0.264
0.224
0.376
-0.084
-1.828
0.095
-0.010
0.408
0.147
0.479
0.231
0.789
-2.204
0.462
-0.007
-0.869
-0.055
-0.906
-0.295
-0.038
1.089
2.854
1.906
-0.036
-0.152
2.063
-0.474
0.132
-0.637
-2.092
-1.303
0.296
0.282
0.149
-0.058
0.013
0.054
-0.262
-0.145
0.129
-0.094
-0.025
0.063
-1.703
-1.715
0.265
-0.431
-0.877
-0.183
-1.021
-0.424
-0.169
0.069
0.203
-0.344
-0.477
0.888
-0.311
-0.238
0.891
-0.178
0.630
0.064
-3.236
-0.614
-0.785
-1.476
-1.623
-0.882
-0.166
-1.574
-1.988
-0.596
-0.570
-1.169
-0.105
-0.151
-0.341
-0.272
-1.355
-2.903
0.057
-3.997
0.709
-1.303
-0.751
-2.010
-1.933
-1.614
-0.033
-0.101
-0.101
-0.049
-0.002
-0.001
1.223
1.349
-0.306
-0.140
-0.098
1.227
0.609
-0.100
1.336
1.413
-0.181
-0.105
-0.067
-0.296
-0.645
0.030
-0.629
-0.183
-1.998
-0.737
1.139
-0.514
-0.431
1.589
1.250
0.088
-1.204
-2.282
0.168
-1.187
-0.055
-0.025
0.470
-0.069
-0.062
-0.158
-0.873
0.012
-1.452
-0.467
-0.653
0.301
-0.426
-0.546
-0.680
-0.333
0.088
0.314
1.473
0.025
0.243
0.955
-0.439
-0.055
-2.208
-0.934
0.017
-0.006
1.181
1.092
0.338
0.168
0.651
-0.001
1.388
1.702
1.278
1.739
-0.136
-0.055
0.997
0.295
0.108
-0.025
0.509
-1.228
0.506
0.312
-1.273
0.730
0.436
-1.930
0.303
0.373
-0.085
0.156
0.640
-0.093
-0.124
-0.995
0.331
-0.145
-1.687
0.042
-1.877
-0.857
-0.068
-0.181
-1.090
-2.408
-0.052
0.022
0.219
0.279
-0.482
-1.401
-0.238
-1.508
-0.419
-2.514
-0.848
-0.214
-0.166
0.243
-0.614
-0.290
-0.217
-0.763
-1.578
-0.960
-1.099
-0.188
0.163
0.382
0.379
-0.168
-0.180
0.472
-0.104
-0.194
-0.364
-0.215
-0.055
-0.643
-0.140
-0.338
-0.515
-0.492
-0.415
-0.981
-1.244
-1.318
-0.200
0.623
0.019
-0.032
-0.468
-0.080
-0.080
0.044
0.001
0.148
0.502
-0.713
-0.183
-0.814
-0.842
-0.980
-0.872
-2.977
-0.663
-1.084
-0.024
-1.105
-0.087
-0.415
0.104
-0.155
-0.043
-0.161
-0.637
-0.426
-0.475
-1.040
0.104
-0.093
-0.055
-0.099
-0.016
-0.907
-1.258
-0.111
-0.527
-0.266
-0.288
-0.066
-0.506
0.144
-2.682
-0.648
-0.055
-1.421
-0.514
-0.517
0.378
-0.531
0.252
-0.238
0.122
-0.201
0.265
0.291
0.044
0.199
-0.117
-0.078
-0.134
-0.539
-1.702
0.048
0.229
0.698
0.448
-0.365
-0.613
-0.315
-0.500
-0.105
-0.050
-0.736
0.062
-0.095
-1.613
-1.040
-0.018
-0.443
-0.946
0.173
-1.121
-0.380
-1.413
-0.852
-0.733
-3.350
-0.713
-0.064
-1.452
-0.578
0.312
0.458
-0.314
1.204
0.203
-0.101
-0.063
-1.122
0.515
0.763
-1.228
-0.591
0.727
-0.062
0.846
1.229
0.132
-0.384
0.280
-0.004
0.043
0.198
-0.510
-0.459
0.096
0.266
0.305
1.038
-0.800
-0.163
-0.263
-0.808
-0.412
-0.102
0.188
-0.175
1.480
-1.502
0.350
-0.550
0.640
