0.562
0.046
-0.191
-0.001
-0.138
0.012
0.097
0.380
0.327
0.608
0.225
0.525
0.038
0.317
0.503
0.023
-0.067
-0.085
0.031
0.134
1.171
-1.701
-0.853
0.029
-0.076
-0.021
0.075
-0.056
0.090
0.392
0.039
-0.143
-0.739
-0.291
0.029
2.931
2.324
4.027
0.840
1.705
1.536
3.713
-0.022
0.029
1.132
0.029
0.292
0.219
3.306
2.163
1.835
1.258
2.260
2.595
3.427
1.225
1.431
-0.343
0.575
3.163
0.241
1.326
1.662
1.814
0.838
1.901
2.135
0.607
-0.015
0.011
0.981
0.127
-0.230
0.366
0.311
0.193
-0.028
-0.112
2.850
0.057
-0.955
2.131
0.047
0.029
-1.052
-0.481
0.429
3.020
0.279
-0.123
-0.089
-0.084
0.274
1.565
0.384
0.156
0.133
-0.425
1.199
0.330
0.222
-0.102
-0.001
0.029
0.037
-0.614
0.095
-1.673
0.026
-0.270
0.029
-0.016
-0.251
-0.237
-0.222
0.005
0.010
-0.403
0.108
0.024
-0.407
-0.222
-0.089
-0.065
-0.293
0.419
-1.579
-0.480
-0.174
0.206
-0.007
0.029
1.903
0.593
-0.684
1.033
-1.106
0.092
0.029
1.813
0.029
0.029
0.029
0.515
0.109
-0.359
0.122
0.238
1.456
2.896
-0.312
-0.394
0.368
2.643
2.160
3.801
1.536
5.556
0.615
0.029
0.210
2.154
0.208
-0.182
-0.315
-0.028
0.397
0.618
0.317
0.252
0.998
-0.536
-0.108
-0.227
0.653
1.309
4.971
0.207
7.413
0.457
-0.206
1.715
-0.065
1.147
0.916
0.572
0.717
-2.026
-0.030
-0.080
-0.175
-0.003
0.029
0.029
0.048
-0.167
0.542
0.548
-0.119
0.073
0.784
0.068
-0.635
0.255
0.177
-0.018
2.899
1.723
0.301
-0.325
0.100
0.476
-1.362
0.848
-0.012
-1.694
-0.132
-0.338
0.914
2.497
2.047
2.750
1.862
1.243
1.063
0.597
0.564
1.442
0.491
1.327
0.047
2.461
1.954
1.863
3.033
-0.398
-2.325
1.432
0.029
0.346
0.055
0.510
0.029
-0.910
2.404
-0.098
2.026
-0.687
1.263
1.270
-1.288
1.617
0.174
-0.371
0.963
0.350
0.490
-0.319
0.113
1.656
0.644
0.621
0.301
0.244
-2.147
-0.092
-0.666
-0.276
0.029
1.306
0.029
0.821
-0.147
0.060
0.427
0.440
0.109
0.029
0.055
-0.239
-0.515
0.843
0.029
2.358
1.546
0.030
0.270
-0.096
-0.102
0.029
2.011
-0.717
0.067
-0.133
0.011
-0.410
0.029
-0.130
2.521
-0.404
-0.341
1.217
0.035
0.512
-0.142
1.318
-0.746
-2.317
-2.678
0.033
0.145
-0.663
0.183
0.083
-0.097
3.701
-1.263
-0.064
-0.390
-0.167
0.315
0.064
0.084
-0.089
0.121
-0.073
1.449
0.012
0.072
2.266
1.392
-0.004
0.196
0.453
0.097
0.390
0.053
0.785
-0.038
0.029
0.587
0.770
0.001
0.822
0.537
-0.187
0.524
-0.018
-0.017
3.166
1.425
0.816
1.616
1.433
0.029
0.327
1.973
2.198
0.827
0.737
1.131
0.241
0.318
0.631
0.029
0.341
3.376
0.017
3.310
0.001
0.205
0.160
1.024
0.029
0.559
-0.087
0.290
-0.061
0.098
0.058
0.061
-0.235
-0.945
0.054
0.047
0.029
0.029
0.029
2.230
0.890
-0.598
0.351
-0.187
0.331
-0.206
0.128
0.029
0.029
-1.433
2.881
1.182
-0.510
0.342
0.540
0.343
0.309
0.023
2.404
3.852
0.968
1.349
0.029
0.567
-0.517
0.244
-0.288
0.475
1.156
-0.198
0.989
0.406
0.336
0.404
0.402
0.060
0.286
0.227
0.044
-0.123
-0.679
0.175
-0.324
-0.264
0.279
0.029
1.305
0.938
0.035
-0.045
-1.262
-0.776
-0.164
-0.062
-1.523
-0.041
-0.642
-0.416
-1.752
-0.791
-0.333
-0.779
-0.776
0.007
0.026
0.212
-0.761
2.457
-0.628
-0.204
2.006
-1.279
0.227
1.048
-0.087
0.198
-0.011
0.127
0.718
0.117
0.391
0.453
-0.407
0.072
1.434
-0.012
2.413
1.176
0.983
0.096
1.038
2.168
0.070
-0.266
0.079
0.083
-0.355
1.040
0.428
2.358
0.859
3.449
0.734
0.181
0.029
0.185
1.194
0.549
0.096
0.569
1.334
1.170
1.475
-0.026
-0.047
-0.061
-0.052
0.061
0.029
-0.119
0.804
0.135
0.059
0.074
0.659
0.012
0.200
0.383
-0.101
0.792
0.290
1.072
1.167
1.670
0.383
-0.375
-0.125
0.168
0.851
0.199
0.094
0.135
0.029
-0.037
1.332
1.743
0.175
1.045
0.606
1.083
1.102
2.921
0.820
0.831
-0.083
0.099
0.029
0.459
0.124
0.204
-0.465
0.185
0.947
0.394
0.368
0.029
0.109
-0.317
0.045
0.068
0.005
0.063
0.551
0.192
1.428
0.735
0.009
-0.116
0.296
-0.035
2.390
0.284
0.339
0.119
0.210
1.854
-0.514
1.111
-0.718
0.086
0.025
0.029
-0.063
-0.496
0.287
0.010
0.029
0.004
0.029
0.632
1.207
-0.461
-0.245
-1.135
-0.643
0.050
0.029
-0.049
0.029
0.407
-0.190
0.261
0.955
0.029
1.536
0.164
0.711
0.779
1.078
-0.102
1.187
0.507
0.840
1.319
0.234
2.950
0.057
0.170
2.643
0.085
-0.303
0.071
0.032
-0.408
-0.698
-0.241
0.226
0.858
0.029
-0.067
0.593
0.077
-3.069
0.276
-0.412
-0.784
-0.366
0.029
-1.111
0.599
0.073
-0.490
0.447
0.834
0.200
0.107
-0.169
-0.336
0.605
0.047
0.882
1.289
1.227
0.646
-0.356
0.134
-0.090
1.750
-0.322
-0.266
-0.022
