0.078
-0.171
-0.144
0.038
-0.368
0.200
0.150
0.063
0.576
0.263
0.051
0.146
-0.184
0.091
1.346
-0.245
-0.192
-0.126
0.248
-0.190
1.033
-0.651
-1.423
-0.100
0.104
0.436
-0.044
0.234
0.473
-0.011
0.058
0.118
-0.023
-0.146
0.003
2.230
1.959
2.120
0.531
0.882
1.418
2.825
0.042
-0.092
0.071
-0.063
0.085
0.024
1.601
1.562
1.680
1.706
2.035
2.625
1.893
1.407
1.340
0.043
0.666
2.839
0.819
1.557
1.274
1.719
1.214
2.239
0.800
0.333
-0.013
0.067
0.873
0.112
-0.053
0.473
1.386
2.457
0.497
-1.154
3.350
-0.421
-0.088
1.067
-0.227
0.208
-0.357
-0.207
0.356
1.988
0.128
-0.207
-0.107
-0.336
0.106
0.473
0.179
0.051
0.088
-0.137
1.586
0.711
0.330
0.193
0.347
0.625
0.096
-0.151
-0.126
-0.409
-0.126
-0.232
0.177
-0.131
-0.206
-0.197
-0.229
-0.182
-0.126
0.829
-0.125
-0.263
0.096
-0.146
-0.200
-0.383
-0.281
1.134
0.069
-0.589
-0.253
0.505
-0.146
-0.218
0.051
0.051
0.575
-0.129
0.333
0.228
0.026
1.553
0.251
0.051
-0.072
0.130
0.488
0.118
0.414
0.443
0.993
0.848
0.826
-0.310
1.147
1.783
1.382
2.407
1.881
0.564
0.684
0.051
0.051
2.593
1.009
0.006
0.133
-0.117
1.698
1.234
0.320
0.815
1.425
-0.241
0.078
-0.161
1.385
2.643
0.671
0.789
0.172
0.389
-0.079
1.250
-0.109
0.843
0.529
0.051
0.051
-1.010
-0.087
-0.120
-0.109
0.069
0.050
1.965
0.051
-0.085
0.658
0.311
0.990
0.216
0.597
0.191
-0.120
0.119
0.063
0.032
2.963
2.063
1.338
0.388
0.884
0.109
-1.019
0.619
0.114
-2.072
-1.214
-0.113
3.244
2.250
1.229
2.049
0.223
1.522
1.011
0.242
0.301
0.067
1.391
1.181
-0.136
1.481
1.115
1.056
3.232
0.149
-0.879
1.138
0.100
0.353
0.349
0.947
-0.276
-0.072
2.939
0.106
0.494
-0.182
1.287
1.385
-0.026
1.068
0.056
-0.203
1.342
0.408
1.647
-0.055
-0.220
1.198
1.045
0.417
0.968
0.296
-1.654
-0.315
-0.294
0.196
-0.070
0.858
-0.173
0.873
-0.167
-0.440
0.929
0.051
0.343
0.051
0.743
0.255
-0.104
0.395
0.921
1.051
1.110
0.134
0.102
-0.142
-0.004
0.878
2.210
-0.300
0.015
-0.095
-0.350
0.105
1.211
0.617
3.505
0.322
0.321
1.241
0.471
1.614
0.147
0.395
-0.571
-1.996
-0.681
0.571
-0.179
-0.044
0.559
-0.370
0.588
1.851
-0.353
-0.571
-0.455
-0.159
0.137
0.124
0.403
0.414
0.081
0.100
0.881
0.266
-0.131
1.469
1.037
0.031
-0.139
0.420
0.126
0.986
0.307
0.037
0.112
0.042
0.237
0.939
-0.237
0.721
0.424
0.128
0.134
-0.159
-0.072
2.339
0.891
0.711
1.240
1.126
0.235
0.304
1.359
1.380
0.486
0.433
0.260
0.089
0.407
1.054
0.915
1.083
2.001
0.130
1.981
-0.224
1.446
1.031
0.967
0.515
0.766
0.047
0.166
0.161
0.146
0.151
-0.370
-1.276
-0.976
0.669
1.141
0.187
-0.236
0.295
1.406
2.065
0.141
0.741
0.145
0.479
0.556
0.472
0.463
1.459
0.560
2.231
1.389
0.051
0.848
1.646
-0.072
0.265
0.838
0.917
2.123
0.033
0.193
0.166
0.484
0.043
0.136
-0.176
0.482
0.811
-0.262
0.854
0.364
0.959
0.165
1.489
0.438
1.379
0.077
-0.078
-0.392
-1.418
0.136
0.730
-0.122
0.400
0.051
1.066
0.385
0.051
-0.022
-1.519
-0.627
-0.132
-0.297
-0.243
-0.302
-0.640
-0.452
0.051
0.051
0.353
0.066
-1.510
-0.239
-0.134
0.669
-0.220
0.746
-0.649
-0.179
1.265
-0.508
0.129
1.247
-0.581
-0.493
-0.246
0.894
0.799
0.232
0.496
1.206
0.053
0.052
2.048
0.009
1.552
1.052
0.216
0.225
0.860
1.577
-0.106
-0.115
0.207
0.244
-0.186
1.722
0.551
1.431
0.609
1.858
0.843
0.528
0.436
0.180
1.185
0.064
0.347
0.940
2.054
1.152
0.611
-0.046
-0.048
0.068
0.119
0.147
0.155
-0.022
0.259
0.276
0.204
-0.072
0.243
0.141
0.104
0.051
0.128
0.088
0.368
1.271
1.310
0.180
-0.113
-0.363
-0.007
0.231
0.511
0.393
0.644
0.309
0.168
0.030
-0.027
0.624
0.268
0.614
1.008
0.394
0.812
1.986
0.903
0.800
0.076
0.457
0.291
1.388
0.288
0.103
0.252
0.197
0.979
0.282
0.546
0.243
0.280
-0.095
0.711
-0.060
0.025
0.817
0.177
0.201
0.465
0.701
-0.080
-0.002
0.731
-0.115
2.873
1.043
0.465
0.466
1.351
0.780
0.051
1.149
-0.136
0.287
-0.245
0.071
-0.033
-0.169
0.052
0.069
0.037
0.051
0.019
1.668
1.293
0.019
-0.055
-0.180
0.153
0.509
0.437
0.811
0.577
0.370
0.021
0.472
0.443
0.113
0.742
0.722
0.696
1.450
1.111
0.062
0.876
0.277
0.962
0.818
0.679
3.017
0.568
-0.288
0.642
0.539
-0.343
0.130
0.148
-0.276
-0.231
1.246
0.195
1.061
-0.681
0.101
0.823
0.432
-0.691
0.602
-0.881
-0.863
0.290
0.051
0.013
0.223
-0.085
-0.647
0.622
0.506
-0.126
-0.245
-0.201
-0.763
0.468
0.225
0.178
0.918
0.840
0.301
-0.037
-0.227
-0.683
0.139
-0.057
0.194
0.053
