0.159
-0.327
-0.177
-0.288
-0.250
-0.242
-0.291
-0.236
-0.634
-0.413
-0.740
-0.622
-0.509
-0.285
0.264
0.259
0.586
0.457
0.585
0.616
-0.477
1.808
-0.285
-0.163
0.158
-0.042
-0.092
-0.054
-0.471
0.013
-0.449
-0.122
0.188
0.088
0.157
-3.370
-2.685
-2.432
-0.741
-1.746
-2.554
-3.266
-0.013
0.008
-0.095
0.129
-0.429
0.053
-2.079
-1.594
-2.209
-2.298
-2.711
-3.376
-2.125
-1.605
-1.084
-0.023
-0.798
-3.211
-0.823
-1.392
-2.180
-2.938
-1.927
-3.332
-2.060
-1.226
-0.273
-0.320
-1.290
0.342
0.237
-0.551
-0.553
-1.449
-0.816
0.704
-3.447
0.128
0.410
-1.099
-0.874
-0.758
0.422
0.016
-1.449
-2.844
-0.614
-0.086
0.068
-0.169
-0.215
-0.937
-0.818
-0.190
-0.373
-0.152
-1.968
-0.976
-0.406
-0.263
-0.458
-1.268
-0.035
0.130
-0.133
-0.006
0.151
0.354
0.350
-0.383
0.288
0.160
0.362
0.216
-0.187
0.598
0.121
0.211
-0.005
0.035
0.253
0.341
0.349
-1.359
-0.162
1.467
0.436
0.009
-0.223
0.445
-0.428
0.255
1.263
-1.857
-0.467
-0.160
1.791
-0.576
-0.427
1.930
1.558
-0.169
-0.551
-0.031
-0.242
-0.235
-0.875
-2.177
-0.894
0.014
-0.898
-2.111
-1.644
-3.322
-2.890
-1.998
-2.413
0.725
-0.678
-2.749
-2.085
-0.264
0.347
0.009
-1.446
-0.661
-0.684
-0.780
-1.374
0.571
0.337
0.308
-1.165
-1.886
-1.729
-1.203
-1.333
-0.980
0.227
-2.237
-0.053
-1.275
-0.888
-0.359
-0.087
0.795
0.102
0.078
-0.058
-0.622
1.324
-0.373
-0.841
1.168
-0.666
-0.108
-0.585
-0.520
-0.540
-0.539
0.529
-0.036
-0.277
-0.059
-3.299
-2.320
-1.033
-0.494
0.307
-0.109
1.171
0.191
-0.079
2.138
0.701
0.037
-3.357
-3.059
-1.514
-3.269
-0.474
-1.857
-1.738
-1.323
-1.609
-1.664
-1.832
-1.757
-1.529
-2.619
-1.552
-0.990
-2.915
0.067
1.059
-0.437
0.453
-0.707
-0.657
-0.764
1.016
0.154
-3.273
-0.159
-1.214
1.157
-1.549
-1.259
0.394
-1.363
-0.376
0.085
-1.080
-0.575
-1.417
0.304
-0.293
-1.250
-0.851
-0.447
-1.192
-0.730
1.561
-0.214
0.914
0.153
0.147
-0.398
0.191
-0.103
-0.005
0.084
-1.046
-0.165
-0.540
-0.913
-0.860
-0.181
0.003
-0.809
-0.875
-1.232
-1.218
-0.004
-0.333
-0.104
0.103
-0.877
-2.504
0.151
-0.020
0.307
0.055
0.384
-0.444
0.948
-2.686
0.646
0.221
-2.021
-0.074
-1.065
0.022
-0.039
0.577
2.196
1.005
0.294
-0.156
0.676
-0.759
0.283
-0.838
-1.937
-0.548
-0.182
-0.090
-0.071
-0.080
0.042
-0.312
-0.056
-0.842
0.010
-0.648
-0.212
0.196
-1.569
-0.905
0.152
-0.307
-0.877
-0.338
-1.434
-0.409
-0.337
-0.061
-0.023
-0.640
-1.621
1.083
-0.290
-0.292
0.269
-0.389
0.349
0.151
-3.186
-1.497
-1.402
-1.644
-1.576
-0.795
-0.235
-1.808
-2.155
-1.244
-0.034
-0.735
0.043
-0.859
-1.007
-0.937
1.076
-0.743
0.026
-2.084
0.232
-1.268
-0.625
-1.020
-0.525
-1.011
-0.058
0.057
0.097
-0.275
-0.261
-0.316
0.289
0.743
-0.129
-0.247
-0.251
0.024
-0.302
-0.437
-0.438
0.894
0.095
0.299
0.133
-0.139
-0.642
0.113
-1.916
0.683
-1.629
-1.551
0.244
-0.609
-0.895
-0.684
-0.834
0.060
-1.032
-3.252
0.241
-0.459
-0.018
-0.508
-0.293
-0.204
0.294
-0.268
-0.745
0.079
-1.436
-0.435
-0.701
0.072
-0.472
0.030
-1.363
-0.331
-0.268
0.200
0.451
-0.332
0.295
0.400
-0.638
-0.023
-2.193
-0.799
-0.724
0.034
1.657
0.692
0.340
0.304
0.839
-0.083
0.882
0.833
1.520
1.526
0.452
0.241
0.377
0.261
0.139
-0.609
0.738
-1.494
0.717
0.304
-1.696
0.843
-0.489
-2.120
0.252
-1.520
-0.338
-0.023
0.260
-0.334
-0.519
-0.607
0.481
-0.635
-2.084
0.058
-2.507
-1.142
-0.126
-0.155
-0.740
-2.615
0.230
0.465
-0.120
0.203
0.150
-1.814
-0.810
-1.319
-0.765
-3.065
-1.440
-0.621
-0.496
-0.121
-0.869
-0.203
-0.279
-0.822
-1.801
-1.037
-1.393
-0.010
0.041
0.577
0.178
0.120
0.041
0.822
-0.152
-0.718
-0.137
0.036
0.092
-0.153
-0.111
-0.524
-0.599
-0.506
-0.581
-1.556
-1.648
-0.203
-0.010
0.488
0.328
-0.867
-1.692
-0.203
0.125
-0.247
-0.222
-0.094
-0.721
-1.043
-0.292
-1.200
-1.106
-0.945
-1.174
-2.824
-1.104
-1.576
-0.118
-0.845
-0.395
-1.883
0.216
-0.124
0.206
-0.157
-1.066
-0.967
-0.596
-0.664
-0.409
0.300
-0.271
0.071
-0.035
-0.548
-0.522
-0.293
-0.590
-0.330
0.191
0.033
-1.102
0.399
-2.182
-1.015
-0.505
-0.071
-0.855
-0.729
0.232
-1.308
0.143
-0.159
0.020
-0.050
0.834
0.613
-0.350
0.097
0.266
0.268
0.217
-2.898
-1.378
0.251
-0.270
-0.264
-0.191
0.320
-0.383
-0.698
-0.183
-0.260
-0.092
-0.561
-0.152
-0.370
-1.781
-0.972
-0.556
-0.738
-0.314
-0.320
-0.948
-0.544
-1.762
-1.544
-1.562
-3.353
-1.529
0.037
-0.956
-0.940
0.290
0.192
-0.211
0.596
0.389
-0.365
-0.213
-0.828
-0.056
-0.405
-1.280
-0.534
0.862
-0.852
0.657
0.895
0.055
-0.857
-0.106
-0.783
0.069
1.223
-0.852
-0.694
-0.002
-0.010
0.138
0.794
-0.856
-0.278
-0.952
-1.316
-0.799
-0.264
0.123
0.621
1.524
-1.877
0.765
0.832
-0.054
