-0.120
-0.048
-0.242
-0.049
-0.057
-0.015
-0.052
-0.084
-0.689
-0.162
-0.007
-0.049
-0.153
-0.063
-0.045
-0.049
-0.040
-0.049
-0.178
-0.257
0.017
0.587
0.166
-0.046
-0.045
0.132
-0.079
0.013
-0.436
-0.056
0.124
-0.032
-0.019
-0.030
-0.126
-2.426
-1.501
-2.247
-0.850
-1.926
-2.047
-2.687
0.017
0.289
-0.294
0.104
-0.482
-0.287
-1.914
-1.460
-2.494
-1.858
-2.197
-2.971
-2.194
-1.241
-1.120
0.021
-0.397
-3.934
-0.931
-1.144
-1.466
-1.598
-1.287
-1.821
-1.535
-0.531
0.091
0.121
-1.186
0.619
0.635
-0.122
-0.944
-1.559
-0.880
1.169
-2.678
-0.081
0.005
-0.980
-0.959
-0.353
0.865
0.101
-0.685
-2.482
-0.549
0.445
0.383
-0.218
-0.086
-0.641
-0.187
0.195
-0.045
-0.010
-1.146
-0.606
-0.013
-0.058
-0.149
-0.153
-0.311
0.745
-0.049
-0.048
-0.049
-0.051
-0.061
-0.049
0.094
-0.043
-0.037
-0.036
-0.049
0.079
-0.045
-0.037
-0.049
-0.049
-0.038
0.249
-0.060
-1.136
0.208
0.645
0.227
-0.212
-0.024
0.062
-0.002
0.142
1.199
0.197
0.268
0.039
1.455
-0.084
-0.159
1.103
0.628
-0.049
-0.142
-0.068
-0.054
-0.394
-0.557
-2.896
-0.679
-0.290
-0.678
-1.894
-2.180
-3.390
-2.895
-2.373
-2.385
0.064
-0.202
-2.481
-1.819
-0.907
0.308
-0.086
-1.709
-0.847
-0.249
-0.011
-0.961
0.116
-0.059
0.086
-0.773
-1.682
-1.823
-0.342
-1.252
-1.110
0.422
-1.602
0.011
-0.252
-0.351
-0.148
-0.146
0.775
-0.432
-0.149
-0.137
-0.400
-0.164
-1.710
-1.462
0.611
-0.694
-0.599
-0.097
-0.069
-0.161
0.007
-0.044
-0.062
-0.047
0.003
-1.712
-1.777
-0.222
0.020
0.044
-0.068
1.257
-0.028
0.056
-0.085
-0.100
0.000
-1.879
-2.205
-1.435
-2.188
-0.360
-1.901
-1.587
-0.753
-1.315
-0.219
-0.952
-1.046
-0.504
-1.711
-1.289
-1.235
-3.527
-0.061
0.696
-0.737
-0.558
-0.865
-0.606
-0.791
-0.317
-0.056
-1.876
-0.058
-0.431
0.129
-0.529
-1.356
0.004
-0.984
-0.513
-0.615
-1.250
-0.613
-1.218
-0.102
0.476
-1.209
-0.682
-0.460
-0.395
-0.787
1.351
-0.322
0.682
-0.185
0.088
-0.795
0.138
-0.523
-0.044
-0.091
-0.704
0.502
-0.468
-0.092
-0.316
-0.243
0.011
-0.309
-2.093
-1.343
-0.576
-0.157
0.130
-0.032
0.197
-0.206
-0.542
-0.072
-0.041
-0.136
-0.111
-0.146
0.040
-0.395
-1.118
-0.469
-0.123
-0.428
-0.767
0.038
-0.094
0.079
0.547
0.861
0.488
-0.018
-0.234
0.865
-0.269
0.242
-0.565
-0.751
-0.689
0.300
0.066
-0.042
-0.011
-0.013
-0.040
-0.040
-0.216
-0.074
-0.704
-0.142
-0.062
-1.488
-0.892
-0.344
-0.173
-0.567
-0.247
-1.192
-0.450
-0.444
-0.055
-0.111
-0.688
-0.735
0.397
-0.271
-0.327
-0.060
-0.297
-0.022
0.009
-2.659
-1.845
-1.094
-2.017
-1.553
-0.976
-0.121
-1.294
-1.876
-0.725
-0.113
-0.227
0.024
-0.136
-0.872
-0.600
-0.901
-0.118
-0.130
-2.826
0.090
-0.329
-0.426
-1.639
-0.486
-1.097
-0.037
-0.100
-0.101
-0.123
-0.087
-0.108
0.192
0.813
-0.274
-0.259
-0.020
-0.033
-0.622
-0.429
-0.237
0.487
-0.140
-0.163
-0.139
-0.134
-0.619
-0.153
-1.214
-0.429
-1.261
-0.828
-0.707
-0.482
-0.407
-1.360
-0.672
-0.457
-1.802
-2.420
-0.171
-0.131
0.011
-0.188
0.090
-0.098
-0.182
-0.247
-1.049
0.024
-0.899
-0.515
-0.626
-0.055
-0.373
-0.488
-0.577
-0.333
-0.135
0.006
0.841
-0.009
-0.048
0.030
-0.204
0.648
-1.144
-0.936
-0.104
-0.049
1.246
0.415
-0.051
0.084
0.654
-0.054
0.156
0.079
0.441
0.905
0.205
-0.112
0.450
0.346
-0.005
-0.185
0.540
-0.936
0.783
0.055
-0.666
0.419
-0.336
-1.258
0.070
-0.782
-0.063
-0.023
0.253
-0.035
-0.284
-0.098
0.430
0.011
-1.374
-0.349
-1.602
-0.371
-0.772
-0.222
-0.662
-1.199
-0.089
-0.031
-0.834
0.175
0.011
-1.884
-0.641
-1.701
-0.437
-2.685
-1.030
-0.623
-0.410
-0.744
-1.070
-0.546
-0.380
-0.938
-1.768
-1.523
-2.086
-0.056
-0.123
0.036
-0.039
-0.092
0.047
0.559
0.010
-0.137
-0.117
-0.151
-0.165
-0.340
-0.129
-0.130
-0.222
-0.553
-0.176
-1.238
-1.287
-0.648
0.251
0.019
-0.064
-0.156
-0.454
-0.061
-0.015
-0.060
-0.058
-0.100
-0.318
-1.078
-0.400
-1.178
-0.371
-0.681
-0.906
-3.008
-1.999
-1.920
0.251
0.068
-0.322
-0.169
-0.008
-0.122
0.561
-0.091
-0.447
0.500
-0.229
-0.258
-0.441
-0.000
-0.270
-0.018
-0.152
-0.462
-0.584
-0.194
-0.789
0.297
-0.040
0.232
-1.102
-0.135
-1.412
-0.966
-0.891
-0.180
0.140
-0.470
-0.032
-0.297
-0.060
-0.129
-0.123
-0.210
-0.110
0.158
-0.237
-0.100
-0.093
-0.113
-0.121
-0.744
-0.254
0.059
-0.037
-0.081
-0.140
-0.038
0.040
0.276
0.031
-0.128
-0.096
-0.793
-0.621
-0.078
-1.850
-0.771
-0.752
-1.486
-1.658
-0.174
-1.083
-0.267
-0.884
-1.010
-0.548
-2.255
-0.884
-0.126
-0.159
-0.371
-0.040
-0.134
-0.367
0.356
-0.081
-0.119
0.005
-0.455
1.075
-0.348
-0.662
-0.093
0.867
-0.636
0.401
0.432
0.840
-0.163
0.298
-0.606
-0.030
0.580
-0.371
-1.254
-0.042
0.060
0.294
0.444
-0.056
-0.256
-0.588
-0.933
-0.312
-0.060
-0.111
0.014
-0.009
-0.447
0.016
0.199
-0.142
