0.193
0.180
0.126
0.042
-0.083
-0.107
0.265
-0.154
0.536
0.013
0.019
0.211
0.230
-0.205
-0.063
-0.122
-0.235
-0.199
-0.146
-0.556
0.167
-0.722
-0.572
0.378
-0.108
0.195
0.267
0.421
0.476
0.124
0.166
0.279
-0.214
0.047
-0.110
3.106
1.891
1.823
0.566
1.766
1.868
3.531
-0.172
-0.002
0.053
-0.323
0.938
0.144
2.944
2.005
2.053
2.011
2.948
3.259
1.588
1.081
1.169
-0.015
0.525
3.216
1.072
0.668
1.050
1.439
1.224
2.313
1.355
0.464
0.003
0.274
0.603
-0.322
-0.509
0.388
-0.524
0.291
-1.301
0.005
2.787
-0.272
-0.230
0.739
0.192
0.132
-0.451
-0.138
0.640
2.001
0.551
-0.561
-0.520
0.079
-0.069
0.544
0.628
0.517
0.631
-0.197
1.362
0.593
0.230
0.186
0.865
0.980
0.502
-0.342
0.167
0.168
0.053
-0.178
0.325
0.010
-0.183
-0.071
-0.142
-0.169
0.065
0.013
-0.074
-0.165
0.193
0.065
-0.174
-0.210
-0.150
1.782
-0.521
-1.218
0.003
0.343
-0.090
0.060
0.653
0.027
-1.362
-0.137
0.478
0.823
-0.018
0.319
0.375
0.027
-1.490
-0.165
-0.021
-0.023
-0.013
0.839
0.749
2.448
0.697
-0.478
0.966
2.033
1.081
3.168
3.136
3.055
2.519
0.086
0.312
2.633
1.917
0.351
-0.162
-0.158
1.102
0.787
0.427
0.636
0.944
-0.262
0.286
-0.278
0.615
1.371
0.873
0.484
0.828
0.573
-0.316
1.890
0.128
0.791
0.764
0.181
0.070
-0.449
-0.256
0.019
0.140
0.017
-0.203
3.431
0.027
-0.412
0.666
0.386
0.271
0.318
0.608
0.247
-0.137
0.199
0.376
0.196
3.558
2.295
0.771
0.054
0.604
0.176
-0.582
0.601
0.389
-2.083
-1.444
-0.239
2.261
2.418
1.269
2.871
0.391
1.554
1.363
0.941
0.848
0.540
1.816
0.282
0.042
1.993
1.392
0.889
3.629
-0.524
-0.742
0.671
-0.417
0.580
0.118
1.183
0.162
-0.143
2.879
-0.043
0.749
-0.493
1.481
0.831
0.157
0.971
0.023
0.029
1.023
0.558
1.119
-0.343
-0.310
1.061
0.976
0.152
0.822
0.142
-0.815
-0.455
-0.734
-0.106
-0.099
0.754
-0.306
0.740
-0.116
-0.249
1.154
0.027
-0.219
0.618
0.202
-0.039
0.303
0.345
0.534
0.899
0.870
-0.120
0.188
-0.183
-0.247
0.369
1.043
-0.475
-0.045
-0.209
0.348
0.277
0.049
-0.694
2.749
-0.376
-0.173
0.722
0.724
0.628
-0.206
-0.017
-0.341
-1.239
-0.828
0.804
0.436
-0.091
0.567
-0.040
0.282
2.037
0.463
-0.417
-0.249
-0.400
-0.116
-0.029
0.219
0.254
0.498
-0.273
0.079
-0.176
0.068
2.110
1.024
0.388
0.230
0.528
0.174
0.787
0.423
0.200
-0.046
-0.118
0.556
1.220
-0.638
0.354
0.629
-0.031
0.277
-0.352
-0.118
3.678
1.075
1.166
1.426
1.377
0.600
0.305
1.265
2.068
0.808
0.138
0.046
0.190
1.014
0.834
0.815
1.373
2.306
0.027
1.785
-0.469
0.210
0.557
1.056
0.396
1.193
0.274
0.051
-0.118
0.026
0.936
-0.332
-0.284
-0.391
-0.217
0.412
0.081
-1.311
0.294
1.915
-0.053
-0.640
-0.156
0.251
-0.167
0.720
1.180
0.895
1.660
-0.012
1.308
0.779
-0.388
0.173
0.808
0.029
-0.672
0.344
1.521
2.078
0.053
0.314
0.347
0.904
-0.121
0.245
-0.032
0.151
0.741
0.096
1.527
0.254
0.377
0.079
0.148
0.103
0.286
-0.063
0.168
-0.285
-1.031
0.366
0.084
-0.276
0.229
-0.662
1.702
0.151
-0.300
-0.238
-0.647
-0.323
-0.020
-0.219
-0.271
0.091
-0.769
-0.736
-0.867
-0.635
0.076
0.325
-0.554
-0.310
-0.156
0.737
-0.112
1.164
-0.640
-0.383
1.150
-0.615
-0.386
1.519
-0.238
-0.505
0.240
0.211
0.531
0.301
0.356
0.731
-0.116
0.413
1.545
0.090
2.777
0.169
0.147
0.452
1.076
1.865
0.204
-0.167
-0.004
0.491
0.083
1.696
0.995
1.596
0.547
2.460
1.000
0.425
0.335
0.571
0.777
-0.044
0.499
0.481
1.346
0.882
1.185
0.115
-0.032
0.058
0.192
0.192
0.270
-0.212
0.063
0.442
0.193
0.227
0.077
0.422
0.299
0.299
0.438
0.056
0.376
1.506
1.056
0.850
-0.112
-0.420
-0.065
0.371
0.539
0.407
0.478
-0.028
0.282
0.063
0.490
0.736
0.397
0.778
0.534
0.587
1.107
2.405
0.745
0.745
0.008
0.482
0.353
1.195
0.813
0.190
0.392
0.016
0.447
0.420
0.382
0.234
-0.040
-0.452
0.654
-0.028
0.104
0.433
0.272
0.206
0.435
0.573
-0.093
-0.584
0.843
-0.048
3.095
0.881
0.409
0.197
0.390
0.456
-0.131
1.036
-0.210
0.083
0.037
0.173
-0.431
-0.008
0.122
-0.216
0.068
0.051
0.056
1.732
1.200
-0.087
-0.211
-0.242
-0.242
-0.593
0.000
0.170
0.222
0.260
-0.317
0.546
0.589
0.130
1.897
0.879
0.098
0.793
0.457
0.027
0.791
0.227
0.978
0.572
0.981
3.007
0.570
-0.170
0.434
0.530
-0.196
0.254
0.453
-0.125
-0.408
1.273
0.487
0.550
0.027
0.268
0.937
0.278
-0.539
0.683
-0.534
-0.821
0.000
0.901
-0.254
0.817
-0.146
-0.856
0.406
0.538
-0.175
-0.240
-0.219
-0.535
0.690
0.221
0.689
0.807
0.652
0.391
-0.214
0.317
-1.221
0.778
-0.359
0.299
0.153
