0.534
-0.111
-0.090
-0.348
0.039
-0.095
0.233
-0.049
-0.196
-0.857
-0.196
-0.028
0.197
0.160
-0.524
0.975
0.357
1.302
-0.226
-0.100
-0.778
0.803
-0.158
-0.251
-0.246
-0.225
-0.297
-0.297
-0.240
0.024
0.058
-0.179
-0.679
0.970
-0.052
-2.215
-1.968
-2.486
-0.820
-1.492
-2.293
-3.419
-0.115
-0.201
-0.271
0.137
-0.337
-0.073
-3.012
-2.302
-1.745
-1.543
-2.633
-2.883
-1.765
-1.292
-1.400
-0.302
-0.933
-3.152
-0.800
-1.389
-1.595
-1.803
-1.014
-1.648
-2.623
-0.840
-0.444
-0.679
-1.332
0.470
-0.600
-0.617
-0.196
-0.835
-0.088
0.712
-3.334
-0.045
0.041
-1.077
-1.408
-0.448
-0.306
1.430
-0.399
-1.974
-0.088
0.664
0.791
-0.115
-0.196
-0.253
-0.230
-0.004
-0.022
-0.200
-1.074
-0.630
-0.220
-0.153
-0.913
-0.774
-0.563
-0.115
-0.684
0.035
-0.232
0.572
-0.319
-0.353
-0.040
0.112
0.361
0.196
-0.197
-0.326
-0.514
-0.211
-0.714
-0.046
-0.253
1.268
0.426
-1.057
-0.441
0.025
0.254
0.065
-0.126
0.072
-1.913
-0.203
0.033
-0.690
-0.261
-0.844
1.297
-0.196
-0.255
0.573
-0.026
-0.317
0.107
-0.258
0.382
-0.191
-0.182
-3.009
-0.388
0.063
-0.349
-1.075
-2.506
-2.492
-2.679
-4.153
-3.670
-1.523
-2.420
-2.364
-1.934
0.136
-0.042
-0.390
-1.698
-0.724
-0.211
-2.207
-1.237
-0.095
-0.072
0.310
-0.920
-1.610
-2.046
-0.456
-0.890
-1.151
-0.262
-1.024
-0.132
-0.374
-0.788
-2.051
-0.197
0.253
0.040
0.939
-0.175
-2.069
0.141
-1.478
-0.689
0.702
-0.903
-0.505
-0.316
-0.380
-0.464
-0.161
-0.062
-0.357
-0.421
-0.232
-3.210
-1.909
-1.363
0.023
-0.476
-0.196
-0.136
-0.340
-0.672
1.137
0.078
0.488
-3.658
-2.116
-1.571
-2.648
-0.194
-1.608
-1.163
-1.176
-0.825
-0.275
-1.024
-1.085
-1.089
-1.915
-1.117
-1.064
-3.664
0.255
1.191
-0.547
-0.230
-0.182
-0.343
-0.341
-0.288
-0.148
-1.887
-0.040
-0.961
0.111
-1.292
-0.492
-0.044
-0.850
-0.390
-0.506
-0.379
-0.629
-1.364
0.254
0.781
-0.534
-1.056
-0.145
-1.690
-0.719
0.945
-0.096
0.283
-0.510
0.498
-0.375
0.007
0.233
-0.104
0.529
-1.714
-0.175
-1.845
0.256
-0.725
-0.812
1.075
-0.188
-0.810
-1.286
-0.380
-0.061
-0.499
0.444
-0.196
-0.809
-0.674
0.004
-0.162
0.114
-0.074
0.412
0.121
-0.294
-2.874
-0.233
0.832
-0.400
-0.086
-0.928
-0.768
0.077
1.023
2.352
0.529
-0.380
-0.162
-0.012
0.383
0.057
-1.027
-2.281
-2.118
-0.184
-0.651
-0.209
-0.116
-0.105
-0.180
-0.075
-0.592
-0.432
-0.266
-0.079
-0.216
-1.423
-0.468
-0.113
-0.253
-0.501
-0.175
-0.886
-0.271
-0.030
-0.224
0.056
-0.169
-0.283
0.545
-0.470
-0.295
-0.171
-0.104
0.711
-0.149
-2.820
-2.085
-1.912
-1.325
-1.821
-0.300
-0.198
-1.920
-2.383
-0.294
0.375
-0.175
-0.172
-0.206
-0.099
-0.180
0.087
-1.254
-0.068
-2.779
-0.052
-1.331
-0.481
-1.288
-0.120
-1.306
0.024
0.037
-0.030
-0.341
-0.244
-0.174
-0.159
0.333
-0.096
-0.007
0.127
-0.015
-0.624
-1.858
-1.589
0.026
-0.308
-0.591
0.127
-0.599
-0.903
0.048
-0.890
0.578
0.270
-0.611
0.594
-0.002
-0.135
0.311
-0.304
-0.324
-3.637
-1.860
-0.125
-1.324
-0.143
-0.338
-1.482
-0.249
0.022
-0.296
-0.734
0.010
-0.905
-0.248
-0.307
0.280
-0.155
-0.999
-0.473
-0.232
-0.163
-0.359
-0.357
-0.003
-0.202
0.713
-0.282
-0.199
-1.858
-0.705
0.260
-0.337
1.749
1.429
-0.153
0.021
-0.146
0.237
-0.572
-0.222
0.443
2.660
-0.379
-0.040
1.775
0.185
0.213
-0.533
-0.056
-1.256
0.270
0.125
-0.754
0.040
-0.192
-0.493
0.020
-1.339
-0.004
-0.283
-0.335
-0.181
-0.279
-0.233
0.410
-0.491
-0.975
0.364
-1.965
-0.951
-0.580
-0.468
0.598
-0.271
-0.259
-0.209
-0.410
0.437
-0.248
-1.289
-0.728
-0.754
-0.167
-1.933
-0.914
-0.560
-0.240
-0.196
-0.856
-0.466
-0.352
-1.038
-1.219
-0.541
-1.419
-0.400
-0.130
0.317
-0.024
-0.224
-0.196
0.000
-0.039
-0.863
-0.739
-0.276
-0.212
-0.190
0.277
-0.932
-0.384
-0.584
-0.388
-3.581
-1.118
-0.822
-0.227
0.524
-0.000
-0.196
-0.058
-0.196
0.540
0.005
0.323
-0.124
-0.108
-0.599
-0.167
-0.680
-0.134
-0.739
-0.347
-2.485
-0.926
-0.758
0.084
-0.581
-0.293
-0.700
0.039
-0.196
-0.495
-0.067
-0.434
-0.196
-0.305
-0.343
-0.335
-0.118
-0.194
0.281
-0.074
-0.196
-0.261
-0.453
-0.756
-0.239
-0.222
0.060
-0.766
0.489
-2.722
-1.151
-1.012
-0.058
0.146
-0.158
-0.069
-0.162
0.205
-0.229
0.024
0.368
-0.611
0.049
-0.181
0.131
0.032
0.184
0.015
0.108
-0.405
0.118
-0.164
0.197
0.554
-0.173
-0.083
0.438
-0.090
-0.184
0.049
-0.383
-0.288
-0.089
-2.246
-0.727
-0.257
-1.364
-0.452
-0.403
-0.533
-0.241
-0.906
-0.595
-1.098
-3.131
-0.944
0.682
-0.446
-0.268
-0.278
0.356
-0.208
0.707
-0.166
-0.193
-0.025
-0.285
-0.142
0.112
-1.072
-0.173
0.124
-0.988
1.295
0.027
0.226
-0.159
-0.708
-0.879
0.190
0.385
-0.286
-1.084
0.659
-0.047
0.319
-0.207
-0.439
-0.200
-1.415
-0.346
-0.794
0.525
-0.879
-0.265
0.131
-1.955
0.056
-0.364
-0.036
