0.231
-0.165
-0.245
0.075
0.419
-0.016
0.579
0.042
0.457
0.288
-0.007
0.127
-0.210
0.131
-0.215
-0.117
-0.327
-0.275
-0.392
-0.186
6.224
-1.907
-0.536
0.080
-0.049
0.466
0.018
0.560
0.225
-0.113
0.298
-0.054
-0.179
-0.016
-0.128
2.191
1.435
2.092
0.782
0.724
1.716
3.086
-0.081
-0.057
0.226
-0.108
0.127
0.127
2.677
1.699
2.301
1.516
2.133
3.180
2.338
1.493
0.615
-0.171
0.826
3.005
1.232
1.152
1.941
1.841
1.691
2.353
1.337
0.845
0.063
0.461
0.569
-0.052
0.405
0.333
0.029
0.039
-0.589
0.080
3.222
0.163
-0.039
1.412
0.127
0.759
-0.069
0.947
1.324
1.807
0.558
0.096
-0.897
0.350
-0.072
0.954
0.049
-0.346
0.022
-0.281
0.646
0.189
0.037
-0.065
0.379
-0.031
0.482
-0.116
-0.027
0.071
-0.003
0.029
0.038
0.296
0.064
-0.004
-0.003
-0.000
-0.050
-0.215
-0.003
-0.284
0.048
0.064
0.065
0.024
-0.006
0.657
0.050
-0.407
-0.530
0.575
0.384
-0.313
0.758
0.127
-0.918
0.810
0.588
0.278
0.398
0.377
0.418
0.127
-0.117
0.167
0.121
-0.056
-0.006
-0.000
0.418
1.869
0.140
0.127
1.468
1.766
0.692
2.760
1.846
3.167
1.640
0.071
1.193
1.445
0.663
0.127
-0.230
0.221
0.500
0.884
0.211
1.035
1.207
-0.279
0.381
-0.122
1.237
1.949
1.219
0.632
0.891
0.566
0.117
2.044
-0.190
0.716
0.665
0.764
0.127
-0.151
-0.127
0.278
0.013
0.059
-0.308
3.812
-0.280
-0.252
0.624
0.542
0.241
-0.116
0.902
0.320
0.012
0.127
0.127
0.120
1.650
1.921
0.624
0.365
0.700
-0.130
-1.191
1.649
0.739
-1.944
2.581
-0.353
2.405
2.200
1.342
2.245
0.573
1.305
1.325
0.868
1.264
1.310
1.700
1.588
0.826
1.778
1.223
0.785
3.285
0.404
-0.249
1.268
0.141
0.640
0.579
1.661
0.786
0.255
2.215
-0.216
0.292
0.441
0.550
1.846
-0.098
1.072
0.362
0.083
1.158
0.469
2.069
0.214
0.282
1.107
0.822
0.687
1.278
0.728
-1.329
0.303
-0.230
-0.751
-0.008
0.975
-0.181
0.109
0.143
-0.360
0.871
0.127
-0.047
-0.170
2.130
0.122
0.127
0.384
0.127
1.167
0.616
-0.010
1.614
0.078
0.088
1.689
2.944
-0.468
0.150
-0.268
0.036
0.028
-1.069
-0.060
3.151
0.267
-0.014
1.021
0.147
1.517
0.072
-0.046
-0.559
-2.150
-1.105
-0.086
-0.535
-0.859
0.283
-0.054
0.955
1.340
1.008
-0.348
0.271
0.221
0.032
-0.110
0.212
0.328
0.134
0.121
0.891
-0.016
-0.039
1.527
1.906
0.035
0.007
0.566
0.354
1.088
0.492
0.613
-0.103
0.032
0.509
0.817
-0.724
0.245
1.435
-0.013
0.879
0.150
-0.052
2.900
0.733
0.930
1.549
1.052
0.870
0.127
1.662
1.496
1.277
1.427
0.495
-0.015
0.659
1.565
0.785
0.569
1.190
-0.103
2.275
-0.508
1.864
1.202
1.796
1.234
1.086
-0.260
0.349
0.277
-0.262
2.437
-0.304
-1.113
-0.692
1.332
1.828
1.661
-0.316
0.100
1.449
-0.490
-1.026
0.257
0.127
0.604
0.863
0.938
0.767
0.336
0.401
2.623
2.379
2.211
1.291
1.973
0.455
-0.619
-0.051
2.765
2.822
0.125
1.171
0.127
1.373
-0.111
0.272
-0.301
0.216
0.815
0.057
1.579
0.627
0.917
0.184
0.057
0.062
0.275
0.446
0.534
-0.176
-0.245
-0.085
-0.168
0.040
0.408
0.067
1.478
0.430
0.127
-0.354
-0.652
-0.086
-0.225
-0.258
-0.579
0.096
-1.231
-1.243
-1.158
-1.370
0.127
0.289
-0.523
-0.454
-0.056
0.159
-0.406
1.978
-0.537
-0.165
1.550
-0.453
0.330
1.252
-0.512
0.237
0.583
-0.051
0.243
-0.045
0.489
0.783
-0.254
0.065
1.682
0.062
2.443
0.748
0.127
0.179
1.172
2.108
-0.101
-0.189
0.148
0.600
0.751
1.576
0.516
1.478
0.664
2.299
1.089
0.468
0.151
0.286
1.301
0.345
0.256
0.492
1.890
0.735
1.710
0.074
0.053
-0.027
0.030
-0.081
0.011
-0.567
0.828
0.366
0.271
0.702
0.195
0.435
0.132
0.546
0.161
-0.082
0.405
1.693
1.071
0.478
0.045
-0.171
-0.271
-0.134
0.689
-0.058
-1.903
0.439
0.557
0.042
0.282
1.443
0.701
0.827
1.127
1.187
0.836
2.864
1.164
0.981
0.293
1.787
0.389
1.439
-0.339
1.307
0.695
0.131
0.557
0.204
0.558
0.704
0.212
-0.007
0.230
-0.120
-0.079
0.550
0.305
0.267
0.662
0.944
0.146
-0.041
0.956
0.111
1.990
1.285
0.127
1.615
1.499
0.610
0.127
0.493
-0.125
0.256
-0.017
0.120
-0.006
0.009
0.016
-0.032
0.106
0.012
0.093
2.818
1.776
0.249
0.045
0.037
0.198
0.000
0.298
1.087
0.175
0.279
0.144
0.317
0.101
0.276
1.739
1.151
0.758
0.127
0.954
0.102
1.011
0.700
1.535
1.304
1.110
2.484
1.243
-0.036
4.640
0.588
0.005
-0.059
0.369
-0.592
-0.410
0.281
0.166
1.034
0.158
1.311
0.661
0.631
-0.141
0.028
-0.414
-0.336
0.207
1.184
-0.862
-1.439
0.107
-0.773
0.548
0.799
-0.126
0.023
-0.131
-0.830
1.046
0.127
0.663
0.812
0.360
0.295
-0.376
0.171
-0.835
1.362
-0.561
0.588
-0.009
