0.714
0.942
0.760
-0.643
0.002
-1.202
-0.427
-0.277
-0.705
-0.059
-0.216
-0.230
-0.589
-0.056
-0.109
0.941
0.654
0.296
0.249
0.384
0.076
-0.169
0.683
-0.098
-0.153
1.079
-0.000
-0.021
-0.332
-0.389
-0.300
0.185
-1.014
0.479
-0.847
-3.583
-3.238
-2.655
-0.202
-1.093
-2.863
-2.473
-0.069
0.055
0.126
0.966
-0.146
0.681
-3.182
-1.361
-2.146
-2.241
-3.014
-2.922
-1.850
-1.715
-3.485
-0.321
-1.395
-2.321
-1.250
-2.001
-1.887
-2.599
-1.714
-2.386
-2.842
-1.759
0.453
-0.851
-2.029
0.741
-1.571
-0.359
-0.509
0.218
-1.311
0.134
-1.405
-0.163
-0.316
-1.709
-0.497
0.526
0.158
0.373
-0.233
-0.672
-0.048
0.522
0.104
0.813
-0.437
-0.752
-0.361
0.223
-0.197
0.090
-0.674
-0.236
-0.350
-0.266
-1.298
-0.605
-0.440
-0.108
-0.277
-0.164
-0.006
0.988
-0.160
-0.574
1.006
0.278
0.420
0.050
-0.204
0.626
-0.089
0.903
-0.255
0.264
0.554
0.354
1.820
-1.395
-0.429
0.742
0.654
-0.076
-0.294
1.120
-0.075
0.520
0.070
-0.337
0.411
-1.332
0.214
0.333
-0.089
1.519
0.556
0.642
-1.387
-0.408
-0.888
1.069
-0.297
-2.769
-1.160
-0.444
-1.632
-1.981
-1.414
-4.040
-4.220
-1.051
-3.358
0.043
-0.921
-1.951
-2.311
-0.334
-0.399
-0.033
-1.347
-3.264
0.057
-0.635
-1.221
1.222
-0.076
-0.037
-0.233
-0.893
-1.366
-0.244
-1.136
-1.372
0.191
-3.136
-0.118
-0.159
-0.105
-0.650
-0.913
-0.275
0.143
-0.622
-0.488
-0.804
1.058
-0.428
-0.230
-0.084
-0.613
-1.412
-0.134
-0.906
-0.946
-0.075
2.375
-0.087
0.174
0.474
-1.610
0.224
-1.926
-0.195
1.012
0.112
2.498
-1.528
-1.512
1.753
0.156
0.228
-4.010
-2.263
-1.387
-1.898
-0.306
-0.156
-2.552
-0.827
-1.642
0.536
-0.631
-0.750
-1.576
-3.393
-2.182
-4.031
-3.999
0.061
0.364
-0.801
-0.089
-1.753
-1.588
-0.280
0.640
0.123
-1.470
-0.402
0.121
-0.166
-1.765
-0.256
-0.132
-0.595
-0.656
-0.714
-2.702
-0.997
-2.019
0.009
-1.094
-0.243
-1.444
-0.123
-1.334
-0.423
0.979
-0.897
2.059
-0.304
1.429
-0.960
0.008
-0.582
0.069
0.293
-2.130
-1.168
-1.234
-0.035
-0.146
-1.921
0.706
-0.676
-0.774
-1.042
-0.645
0.244
0.440
0.021
-0.727
1.429
1.050
0.052
0.005
0.016
0.050
0.198
0.084
-0.232
-0.360
0.130
-0.064
-1.101
0.951
0.237
-0.060
0.545
0.074
1.200
1.008
-1.160
-0.491
-0.516
-0.553
-0.732
0.525
-1.287
-3.222
0.292
0.307
0.150
0.109
0.073
0.201
0.133
-0.545
-0.413
-2.445
0.060
-0.002
-1.547
-0.877
-0.719
-0.197
-1.013
-0.257
-1.325
-0.179
-1.354
-0.054
-0.104
-1.579
-0.489
1.239
-0.177
-1.141
0.408
-0.742
0.540
0.304
-3.520
-2.049
-1.956
-3.503
-2.212
-0.419
-0.038
-2.283
-2.569
-2.014
-0.421
-0.907
0.005
-0.287
-1.134
-0.991
-0.347
-0.086
-0.149
-2.970
-0.082
-0.331
-0.746
-2.015
-0.026
-0.828
0.340
-0.473
-0.467
0.235
-1.192
0.520
0.653
1.303
-0.088
-0.023
-0.537
0.255
-1.116
-1.028
-0.042
-0.276
-0.042
-0.294
0.588
0.144
-1.082
-0.120
-1.223
0.322
-0.707
-2.316
-1.348
-0.879
-0.203
-0.793
0.180
1.200
-1.526
-2.943
-1.739
1.298
1.651
0.122
1.105
0.234
0.118
-0.148
-0.871
-0.145
-1.330
-0.132
-0.412
-0.306
-0.518
-0.061
-0.819
-0.615
-0.209
-0.423
-0.227
-0.107
-0.491
0.109
-2.130
-3.028
-0.068
-0.799
0.582
0.184
1.806
0.214
0.270
0.021
0.174
0.244
1.533
1.555
1.050
2.385
0.405
-0.225
1.130
0.456
0.228
-0.241
0.143
0.126
0.395
0.856
-1.078
1.081
-0.695
0.037
-0.051
-1.782
0.053
-0.773
-0.619
0.407
-0.895
0.401
0.061
0.087
-1.579
0.581
-2.448
-1.445
-1.164
-0.225
-0.022
-0.389
0.430
0.796
-0.019
3.270
0.051
-1.384
-0.328
-2.214
-0.622
-2.544
-0.955
-0.106
-0.207
-0.895
-0.871
-0.261
-0.715
-1.383
-2.583
-1.023
-2.392
0.160
0.284
-0.645
0.047
0.008
0.069
0.122
0.431
-0.850
-0.599
0.015
-0.427
0.493
-1.168
-0.362
-1.037
-1.161
-0.177
-2.602
-0.421
-1.075
-0.006
1.317
-0.085
0.034
-0.710
-0.109
-0.475
0.330
0.087
-0.447
0.096
-0.349
-0.389
-0.791
-0.136
-0.422
0.004
-1.968
-1.296
-1.897
-0.393
-0.145
-0.601
-0.319
-1.127
-0.248
0.147
-0.191
-0.376
-0.586
-1.009
-1.147
-0.499
0.973
-0.381
-0.012
0.465
-0.118
-0.611
-0.577
-0.106
-1.246
0.580
-0.258
-1.132
-0.335
-1.517
-1.016
-1.525
0.376
-0.186
-0.532
0.104
0.363
0.414
-0.334
-0.669
0.008
0.332
0.049
-0.487
0.008
-0.507
-0.450
-0.984
-0.024
-0.396
-0.058
-0.041
-0.123
0.586
0.023
0.070
-0.255
-0.078
-0.531
0.277
-1.622
-0.564
-0.178
-2.217
-0.639
-0.169
-1.859
-2.638
-0.768
-0.632
-1.552
-2.353
-1.407
0.068
-1.196
-0.807
-0.028
0.347
-1.176
0.466
-1.555
-0.271
0.498
-0.049
0.213
0.280
-0.177
0.506
-0.595
-1.805
-1.435
1.193
-1.446
0.085
2.074
0.645
0.055
0.029
0.696
-0.193
0.709
-1.871
-1.261
0.060
0.063
0.029
0.117
-0.011
0.350
-1.888
-1.795
-0.101
-0.856
0.006
-1.059
-0.056
-0.465
0.426
-0.043
0.280
