-0.035
0.099
0.056
0.172
0.204
0.312
0.526
0.428
0.588
0.195
0.254
0.723
0.264
0.056
-0.216
-0.005
-0.115
-0.092
0.130
-0.048
0.493
-2.237
-0.334
0.015
-0.022
0.687
0.078
-0.066
0.413
0.031
0.335
0.082
-0.381
-0.079
0.192
2.980
2.018
2.328
0.861
2.135
2.046
3.642
0.000
-0.076
0.238
-0.071
0.093
-0.276
1.890
1.487
2.187
1.720
2.399
3.537
2.238
1.285
0.950
-0.045
0.668
4.444
1.204
1.805
1.309
1.470
1.412
2.510
1.552
1.094
-0.007
0.562
0.929
0.123
-0.524
0.497
-0.238
1.959
-0.162
-0.345
3.411
-0.084
-0.520
0.689
-0.048
0.258
0.012
0.359
1.446
2.496
0.821
-0.242
-0.390
-0.032
0.136
0.684
0.880
0.154
0.378
0.055
1.461
0.645
0.257
-0.032
0.948
0.711
0.180
-0.263
0.054
-0.033
0.012
-0.422
0.068
0.055
-0.159
0.013
-0.201
-0.101
-0.000
-0.082
0.019
-0.145
0.002
-0.025
-0.023
-0.575
-0.211
2.133
-0.606
-1.061
-0.627
0.752
-0.006
-0.100
0.055
0.133
-0.850
0.194
-0.384
-0.002
-0.391
0.415
1.141
-1.780
-1.595
0.220
0.654
-0.048
0.352
0.935
0.678
2.186
0.855
-0.144
0.692
2.083
1.532
2.836
2.799
2.506
2.559
-0.054
0.685
1.516
1.376
-0.033
-0.119
-0.073
0.517
0.908
0.481
0.188
1.714
-0.057
0.191
-0.252
1.268
1.872
2.175
0.722
0.950
0.927
-0.097
2.537
-0.329
0.421
0.544
-0.048
0.050
-0.597
-0.013
-0.030
-0.056
0.262
-0.050
1.471
0.202
-0.188
0.664
0.386
0.357
0.035
1.465
0.019
-0.297
0.080
0.073
0.147
3.257
2.637
0.647
0.520
0.150
-0.188
-1.476
0.645
0.449
-0.135
-0.398
-0.273
2.300
2.634
1.600
3.075
0.306
2.190
1.833
0.785
0.831
0.978
1.157
1.158
1.097
2.031
1.642
1.117
3.110
0.169
-2.414
3.129
0.228
0.458
0.711
0.709
-0.034
-0.241
2.846
0.028
0.987
-0.233
0.489
1.466
0.033
0.748
0.129
0.076
1.329
0.214
1.088
-0.086
0.371
0.849
0.702
0.500
0.497
0.989
-1.241
0.125
-0.409
-0.095
0.025
1.559
-0.033
0.061
-0.117
-0.267
0.514
0.032
0.487
0.687
0.606
0.014
-0.150
0.397
1.526
2.230
1.082
-0.022
0.041
-0.010
-0.231
0.480
1.969
-0.127
-0.002
-0.426
-0.027
0.001
0.359
-0.430
2.650
-0.043
-0.056
-0.179
0.780
0.217
0.071
1.042
-1.057
-2.795
-2.427
0.107
0.175
-1.142
1.403
-0.121
0.703
1.864
-0.052
-0.313
-0.619
-0.172
0.259
0.140
0.387
0.220
0.660
0.140
0.716
0.155
-0.068
1.565
1.306
0.524
0.059
0.576
0.188
1.443
0.195
-0.020
-0.088
-0.301
0.565
0.946
-0.566
0.554
0.912
0.208
0.651
-0.191
-0.059
3.462
1.223
0.857
1.099
1.391
0.687
0.150
1.562
2.037
1.294
0.126
0.482
-0.084
1.411
1.293
1.424
1.352
2.433
-0.244
2.495
0.125
1.429
1.742
1.165
0.655
0.542
-0.228
0.640
0.594
0.359
1.327
0.246
-0.217
-0.684
0.636
1.135
0.727
-0.899
0.185
1.578
0.805
-0.597
-0.069
-0.102
-0.024
1.208
0.208
0.178
0.368
0.053
0.967
1.375
-0.299
0.693
1.356
-0.224
-0.289
0.943
2.998
2.473
0.108
0.051
-0.198
0.362
-0.114
0.242
-0.073
0.260
0.865
-0.082
0.909
0.141
0.499
0.165
1.022
-0.014
0.866
0.010
0.200
-0.229
-0.404
0.196
-0.056
-0.152
0.330
-0.315
1.608
1.603
-0.050
0.051
-0.873
-0.442
-0.094
-0.176
-0.620
-0.424
-0.661
-0.616
-1.246
-0.626
-0.014
-0.048
-0.329
-0.382
-0.093
0.156
-0.133
2.195
-0.678
-0.394
0.954
-0.570
0.246
0.662
-0.664
0.548
0.077
0.309
0.179
0.553
0.857
0.993
-0.080
0.117
1.641
-0.020
2.866
1.165
-0.022
-0.022
1.227
2.363
0.120
0.119
0.488
0.038
0.081
1.486
0.650
1.699
0.675
3.053
1.398
0.849
0.424
0.424
0.795
0.167
0.263
0.878
2.127
1.296
1.194
0.007
-0.018
-0.024
0.170
0.136
-0.020
-0.537
-0.021
0.498
0.145
-0.055
0.021
0.071
0.034
-0.020
0.907
0.435
0.432
1.697
1.592
0.448
-0.026
-0.867
-0.289
0.969
1.237
0.244
0.192
0.182
0.172
0.091
0.287
0.912
0.144
1.120
1.305
1.082
0.854
3.253
1.500
1.169
-0.208
0.593
0.216
1.157
0.331
0.347
0.472
0.017
0.893
0.827
0.447
0.718
0.453
-0.253
0.457
-0.043
-0.131
0.362
0.178
0.229
0.514
0.922
0.647
-0.161
0.903
-0.439
3.197
1.097
0.876
0.056
0.779
0.300
0.110
1.410
0.048
0.681
0.061
0.103
-0.170
-0.699
0.180
-0.182
-0.055
0.050
-0.049
2.181
0.950
-0.055
-0.132
0.391
0.327
0.307
0.468
0.996
0.419
0.285
0.082
0.933
0.651
0.140
1.974
0.941
0.132
0.665
0.637
0.002
1.256
0.631
1.569
1.067
1.413
3.337
1.186
-0.177
1.357
0.855
-0.344
-0.117
0.147
-0.564
-0.254
0.278
0.347
1.349
0.491
-0.244
1.123
0.502
-0.686
0.843
-0.545
-0.575
0.223
1.038
0.189
1.068
-0.047
-0.509
0.190
0.521
0.036
-0.172
-0.094
-0.513
0.840
0.095
0.475
0.511
0.246
0.298
-0.323
-0.148
-1.238
2.478
-0.127
-0.149
0.005
