0.426
1.374
-0.002
0.217
0.013
0.200
0.095
-0.076
0.685
0.592
0.127
-0.108
0.221
-0.185
0.035
-0.124
-0.209
-0.209
-0.751
-1.094
1.301
-0.825
0.063
0.289
-0.033
-0.307
0.386
0.194
-0.006
-0.066
0.098
-0.306
-0.194
-0.135
-0.040
2.526
2.025
2.381
0.538
0.957
1.540
2.476
-0.021
-1.164
-0.240
-0.015
0.161
0.168
2.707
2.493
1.196
1.326
1.859
1.223
0.952
0.870
2.074
0.221
0.493
2.878
0.715
1.335
1.280
1.687
1.995
0.795
1.375
1.368
-0.051
0.155
1.510
-0.282
0.548
-0.419
0.630
0.883
-0.107
-0.400
3.111
0.013
-1.025
0.670
-0.277
0.262
-0.181
-0.564
0.933
1.502
1.024
0.108
-0.230
-0.677
0.095
0.312
0.138
-1.224
-0.045
0.058
0.111
0.049
-0.002
0.084
0.796
0.555
-0.004
-1.035
0.123
-0.026
0.097
-1.061
0.227
0.105
0.057
0.081
-0.014
0.029
0.062
0.076
0.142
0.231
0.064
0.113
0.135
-0.055
-0.123
1.661
-0.138
-0.631
-0.695
-0.060
-0.025
-0.491
-0.110
0.213
-1.542
0.195
0.147
1.445
-0.744
0.370
0.412
0.238
-1.242
0.062
0.369
-0.968
0.351
-1.480
0.101
2.096
-0.281
-0.325
0.123
2.054
1.805
3.001
1.812
4.218
1.063
-0.280
0.255
1.716
0.720
-0.058
0.094
0.050
0.753
0.644
0.039
0.499
0.034
-0.515
0.064
0.051
-0.066
1.212
0.299
0.606
0.642
0.607
-0.160
2.084
0.418
0.058
0.190
1.502
0.369
-0.121
-0.150
0.121
-0.078
0.174
-0.188
3.176
1.056
-1.677
0.362
-0.035
0.234
-0.173
0.309
0.036
-0.518
0.389
0.002
0.016
1.481
1.421
1.082
-0.146
0.250
-0.361
-1.248
0.177
0.675
-1.741
-0.341
-0.109
3.753
1.289
2.746
1.743
-0.130
2.351
-0.089
1.140
0.428
1.094
0.574
0.433
-0.606
1.988
2.599
4.468
4.160
0.719
-0.069
0.245
0.075
1.482
0.630
0.610
-0.115
-0.929
1.655
0.236
-0.115
0.375
1.753
0.392
0.297
0.043
0.247
0.800
0.784
0.292
1.209
0.319
1.429
0.669
1.106
1.436
1.553
0.778
-1.220
1.529
0.480
0.131
-1.358
1.038
-0.090
0.020
0.354
-0.721
1.542
0.070
0.225
0.154
-0.432
-0.527
-0.032
-0.179
2.223
0.646
0.262
0.027
-0.069
0.015
-0.342
-0.239
1.184
0.170
-0.060
-0.029
-0.064
-0.075
1.397
-0.032
0.522
-0.286
-0.035
1.042
1.053
2.213
-0.732
-1.197
-0.160
-0.369
-0.163
1.016
0.494
-0.552
0.021
-0.524
0.321
0.749
1.124
-0.840
0.539
-0.281
0.056
0.108
0.112
-0.001
-0.181
-0.237
1.099
-0.109
-0.046
2.930
-1.451
0.254
0.087
1.197
0.137
0.652
-0.016
0.363
0.189
0.493
-0.455
0.984
-1.070
0.747
1.398
-0.028
0.162
-0.239
-0.196
1.844
3.081
1.323
1.336
2.221
0.142
0.162
1.053
1.219
0.815
-0.183
-0.613
0.265
-0.148
0.469
-0.001
-0.296
1.565
0.025
2.809
-0.322
0.035
0.265
0.072
-0.247
0.304
-0.355
-1.101
-1.253
0.201
1.059
1.076
0.909
-0.796
-0.211
-0.198
-0.205
-0.959
-0.610
0.653
-0.210
-0.036
-0.463
-0.687
-0.283
-0.185
0.136
0.431
0.590
-0.152
0.444
0.480
0.326
0.693
-0.545
0.863
-0.442
0.138
1.231
2.437
-0.030
-0.071
-0.610
0.689
0.306
-0.002
0.235
0.046
0.117
-0.323
0.597
0.526
-0.125
0.370
-0.038
0.609
0.630
-0.429
0.531
-0.279
-1.149
-0.035
0.093
-0.187
0.978
-0.206
1.127
0.367
0.216
0.453
-0.178
-0.345
0.118
-0.035
-0.044
-0.419
-1.348
-1.111
-2.868
-3.983
-0.870
1.021
-1.209
-1.046
-0.604
0.186
-0.333
-1.192
0.155
-0.486
0.043
-0.779
-0.343
-0.533
0.310
1.185
1.114
-0.154
0.901
0.101
0.263
0.714
0.366
-0.147
0.993
0.315
-0.074
-2.786
1.335
0.042
0.965
0.545
0.735
-0.077
0.304
0.041
0.358
2.868
0.349
1.084
0.135
2.049
0.193
0.069
0.010
0.074
0.672
0.363
0.086
0.140
0.643
0.605
0.694
-0.059
0.098
0.139
-0.035
0.144
0.278
-0.198
-0.445
0.125
0.282
0.373
-0.078
0.001
0.219
-0.032
-0.699
0.817
0.071
2.594
-0.001
0.755
-0.262
-0.569
-0.681
0.382
-0.453
0.007
-0.487
0.109
-0.068
0.104
-0.198
0.601
0.165
0.580
-0.155
0.797
0.057
1.819
0.594
0.514
0.391
-0.188
0.228
-0.142
0.350
-0.009
0.154
-0.035
0.128
0.010
0.694
0.743
0.590
-0.164
-0.035
-0.471
-0.044
-0.020
-0.048
-0.396
0.323
0.698
-0.101
0.410
0.667
-0.362
0.856
-0.104
0.321
0.041
1.496
0.557
-0.068
-0.041
0.120
0.786
0.459
-0.302
-0.882
-0.035
-0.001
-0.190
-0.131
-0.439
-0.127
-0.199
0.395
-0.610
-0.103
0.006
-0.157
-0.195
-0.184
0.112
-0.059
0.082
-0.140
0.609
0.449
0.022
1.368
0.469
-0.314
1.331
0.199
0.259
0.285
0.088
1.690
0.556
-0.615
1.204
1.215
-0.145
-0.201
0.164
-0.269
0.039
-0.622
-0.151
-0.091
-0.001
0.222
1.741
-0.321
0.848
-0.160
-0.335
0.035
0.588
-0.008
-0.911
-1.173
-0.794
0.557
0.178
-0.333
-1.366
0.646
1.976
-0.059
-0.016
-0.200
-1.032
-0.167
0.008
-0.139
2.081
-0.048
0.206
-0.031
0.132
-0.628
1.091
-0.025
0.512
0.003
