-0.487
-0.167
0.087
-0.172
-0.044
0.094
-0.186
-0.347
-0.492
-0.170
-0.524
-0.409
-0.427
-0.377
-0.269
-0.040
0.223
0.225
0.213
-0.044
-1.245
0.978
0.955
-0.097
0.104
-0.212
-0.276
-0.236
0.035
0.063
0.098
-0.052
-0.025
-0.174
-0.024
-2.888
-1.682
-2.822
-0.994
-2.224
-2.285
-3.595
0.014
0.134
-0.560
-0.252
-0.387
0.140
-2.461
-1.372
-2.431
-1.654
-2.481
-3.657
-2.779
-1.486
-1.004
0.119
-0.669
-4.512
-0.965
-1.053
-1.706
-2.008
-1.408
-2.434
-1.945
-0.339
0.096
-0.764
-1.030
0.243
0.155
-0.353
0.120
-2.472
0.130
1.271
-4.258
-0.246
0.314
-1.380
-0.889
0.044
0.635
0.036
-1.136
-2.902
-0.286
0.189
0.499
-0.273
0.122
-0.483
-0.482
0.140
0.217
0.019
-1.386
-0.744
0.088
0.046
-0.013
-0.431
0.045
0.192
-0.123
0.271
0.131
0.451
-0.054
-0.156
0.206
0.128
0.153
0.161
-0.090
0.179
0.046
0.087
-0.070
0.030
0.138
0.345
0.319
-1.381
-0.271
0.993
0.619
-0.434
-0.136
0.134
-0.539
0.134
0.895
-1.035
-0.348
-0.088
1.186
-0.493
-0.659
2.809
1.838
-0.013
-0.017
0.119
-0.276
-1.319
-0.735
-2.514
-1.574
-0.043
-0.944
-2.515
-2.030
-3.744
-3.279
-1.706
-2.978
-0.050
-1.141
-1.924
-2.148
-0.041
-0.708
-0.137
-1.358
-0.392
-0.034
-0.610
-1.329
0.100
0.110
0.208
-1.396
-1.968
-2.381
-0.793
-0.873
-1.073
0.381
-2.377
-0.388
-0.661
-0.562
-0.411
-0.589
0.351
0.236
-0.484
0.004
-0.374
0.134
0.134
0.034
0.338
-0.422
-0.546
-0.312
-0.222
-0.761
-0.135
0.405
-0.335
-0.334
-0.468
-2.933
-1.936
-0.476
0.109
-0.909
0.134
0.134
-0.384
-0.580
0.672
0.331
0.098
-2.627
-2.439
-1.131
-2.976
-0.702
-1.901
-1.964
-1.262
-1.573
-1.107
-1.469
-0.598
-0.703
-1.669
-1.255
-1.559
-3.860
-0.045
0.970
-0.601
0.132
-1.020
-0.685
-0.674
0.202
-0.139
-3.306
-0.233
-1.640
-0.023
-1.413
-0.919
-0.213
-0.799
-0.521
-0.316
-1.102
-0.255
-1.539
0.061
-0.191
-0.823
-1.513
-0.479
-1.152
-0.380
0.812
-0.154
0.214
-0.352
0.013
-0.622
0.144
-1.008
-0.142
0.134
-0.819
-0.027
-0.396
-0.196
-0.978
0.134
0.123
-0.678
-0.092
-1.212
-1.464
-0.070
-0.265
-0.098
0.359
-0.536
-2.450
0.417
-0.010
0.336
-0.139
0.146
-0.145
0.358
-2.146
0.368
-0.157
-1.607
-0.330
-0.726
-0.028
-0.994
0.978
1.942
0.604
-0.209
-0.204
0.793
-1.022
-0.119
-0.518
-2.596
-0.848
0.049
-0.174
-0.107
-0.025
0.028
-0.626
-0.240
-0.997
0.071
-0.612
0.029
-0.029
-1.149
-1.060
-0.706
-0.536
-0.693
-0.309
-1.103
-0.295
-0.423
-0.053
0.165
-0.196
-1.066
0.553
-0.530
-0.611
-0.101
-0.027
0.044
-0.110
-4.085
-1.220
-0.947
-1.130
-1.840
-0.164
0.075
-1.624
-2.199
-0.735
-0.495
-0.520
-0.154
-0.938
-0.589
-1.038
-0.408
-1.596
0.011
-2.283
0.060
-2.137
-1.281
-1.322
-0.404
-1.341
0.313
-0.040
-0.395
0.066
-0.145
-0.093
0.296
0.587
-0.459
-0.747
0.081
0.134
-0.402
-1.247
-1.460
0.399
-0.679
0.061
-0.277
-0.132
-1.433
-0.613
-1.789
-0.008
-1.240
-1.155
0.134
-0.682
-0.883
0.134
-0.630
0.056
-3.114
-2.584
-0.346
-0.288
0.058
-0.311
-0.261
-0.217
0.141
0.002
-0.699
-0.350
-1.104
-0.626
-0.554
-0.005
-0.265
0.121
-1.669
-0.111
-0.055
0.159
0.279
-0.478
0.480
0.152
-0.380
0.154
-1.460
-1.482
0.125
0.163
1.228
0.335
0.268
0.118
0.240
-0.202
0.333
0.395
1.369
0.979
0.175
-1.341
0.253
0.410
-0.003
-0.189
0.245
-1.926
0.980
0.410
-1.368
0.637
-0.488
-1.276
0.041
-0.950
-0.169
-0.190
0.086
-0.276
-0.495
-1.228
0.445
-0.373
-2.309
-0.159
-3.080
-1.019
-0.042
0.126
-1.231
-2.861
-0.325
0.087
-0.026
-0.449
-0.281
-1.469
-0.778
-2.093
-0.927
-2.972
-1.263
-0.632
-0.153
0.015
-0.734
-0.215
-0.296
-0.802
-1.876
-1.478
-2.162
-0.154
-0.008
-0.852
-0.135
-0.392
-0.125
0.282
-0.149
-0.419
-0.003
-0.035
-0.075
0.005
-0.035
-0.218
-0.262
-0.748
-0.532
-1.671
-1.777
-0.692
0.080
0.827
0.102
-0.454
-1.057
-0.208
-0.415
-0.261
0.136
-0.018
-0.715
-1.210
-0.106
-1.556
-1.407
-1.371
-1.707
-3.302
-0.603
-0.809
-0.494
-1.891
-0.212
-0.609
-0.421
-0.074
0.664
-0.050
-1.152
-0.275
-0.400
-0.029
-0.550
-0.500
-0.307
-0.080
0.016
-0.621
-0.165
-0.165
-0.547
-0.452
0.027
0.258
-0.615
0.448
-3.003
-1.222
-0.323
-0.034
-0.482
-0.502
0.204
-1.511
0.178
-0.092
0.134
-0.025
0.353
0.448
-0.138
0.238
0.180
0.134
0.176
-1.297
-1.184
0.342
0.006
-0.654
-0.133
0.116
-0.423
-0.500
-0.385
-0.433
0.073
-0.604
-0.207
0.024
-1.737
-0.753
-0.568
-1.596
-1.543
0.146
-1.007
-0.520
-1.570
-1.454
-1.103
-3.063
-0.656
-0.168
-1.052
-0.313
0.161
0.377
-0.309
0.750
0.569
-0.671
-0.887
-0.703
-0.104
0.210
-1.372
-0.971
0.356
-0.392
0.415
0.242
0.572
-1.000
-0.223
-1.009
0.056
0.561
-0.510
-0.766
0.027
0.294
0.142
0.578
-0.786
-0.084
-0.486
-1.326
-0.734
-0.372
0.027
0.243
0.755
-1.887
0.134
0.383
0.134
