0.110
0.242
-0.038
0.366
-0.040
-0.052
0.429
0.221
0.484
-0.019
0.444
0.584
0.746
0.301
-0.572
0.001
-0.247
0.010
0.337
-0.372
0.851
-1.511
-0.935
0.350
0.267
0.051
0.099
0.653
1.074
0.029
0.516
0.325
0.042
1.038
-0.250
2.631
1.742
1.972
0.565
1.245
1.640
2.738
0.095
-0.175
0.404
-0.294
0.293
0.451
2.014
1.398
1.958
1.072
2.041
2.254
1.996
1.071
1.213
0.063
0.869
2.892
0.998
0.946
1.355
1.726
1.396
1.994
1.113
0.665
0.084
0.063
1.221
-0.051
-0.195
0.398
0.159
1.904
0.063
-1.289
2.393
-0.202
-0.768
0.624
0.394
0.464
-0.170
0.263
1.050
2.050
0.547
0.221
0.067
0.437
0.065
0.659
0.721
0.265
0.429
0.003
1.019
0.645
-0.155
-0.111
-0.022
0.623
0.272
-0.169
-0.016
-0.056
-0.016
-0.291
0.141
-0.016
-0.151
-0.035
-0.107
-0.040
-0.016
0.209
-0.037
-0.271
-0.016
-0.016
-0.074
-0.310
-0.239
1.358
0.039
-1.597
-0.110
0.545
0.112
-0.370
0.179
0.063
-0.456
1.617
0.846
0.063
0.014
-0.016
0.421
0.180
-1.331
0.281
0.419
-0.282
0.386
0.767
1.260
2.354
0.693
0.297
0.880
2.034
1.699
1.978
1.724
0.230
1.895
0.064
0.301
1.523
1.123
0.562
0.035
0.166
1.586
1.342
0.347
0.526
0.668
-0.373
-0.218
0.007
-0.038
1.426
1.026
0.724
0.590
1.023
-0.286
1.733
-0.092
0.406
0.668
0.476
-0.063
-0.590
0.161
0.574
0.115
0.803
0.031
1.586
0.063
-0.036
0.489
0.680
0.454
0.259
0.049
-0.019
0.008
0.439
0.421
0.417
2.408
1.413
0.315
0.438
0.794
0.086
-0.817
0.182
0.725
-3.825
-4.925
-0.081
2.638
2.193
1.158
2.237
0.499
1.428
0.957
0.916
1.361
1.152
1.216
1.335
1.074
1.597
1.487
0.815
2.012
-0.237
-1.429
0.392
-0.046
0.745
0.258
0.526
0.630
0.469
3.519
-0.096
0.777
0.088
0.609
1.286
-0.475
0.966
0.570
-0.037
1.404
0.593
1.872
0.168
0.568
1.047
0.237
0.723
0.985
0.536
-1.216
0.148
-0.875
-0.240
-0.077
0.716
-0.248
0.858
0.004
0.213
-0.193
0.063
0.287
0.340
0.453
0.063
0.326
0.561
1.091
1.279
0.936
0.004
0.168
0.018
-0.093
1.693
2.077
-0.908
-0.177
-0.359
-0.017
-0.537
0.065
0.104
2.479
0.061
1.986
0.747
0.566
0.793
0.120
-0.021
-0.647
-2.378
-0.837
0.123
0.269
-0.808
0.666
0.374
1.493
2.371
1.112
0.681
0.638
0.449
0.281
0.001
0.349
0.261
0.523
0.211
0.778
0.257
-0.010
1.144
1.245
0.543
0.452
0.616
0.219
1.575
0.418
0.499
0.204
0.063
0.501
1.275
-0.847
0.592
0.768
0.265
0.931
0.121
-0.159
2.182
1.244
1.070
1.438
1.067
1.215
0.079
1.463
1.638
1.227
0.422
0.189
0.298
0.870
0.463
1.272
0.439
1.693
0.353
1.258
0.065
1.724
1.457
1.334
1.213
1.199
0.326
-0.254
0.115
2.005
0.345
2.675
-0.209
0.112
0.882
0.745
0.029
-0.352
-0.254
0.715
0.752
-0.234
-0.017
-0.309
-0.121
-0.127
0.412
0.382
0.949
-0.083
1.466
0.590
0.134
0.779
1.200
0.088
-1.519
0.902
1.577
1.399
0.004
0.200
-0.045
0.148
0.069
0.373
-0.357
0.386
0.865
-0.121
1.092
0.625
0.659
0.195
0.516
1.099
1.073
0.508
0.223
0.015
-1.419
0.295
-0.021
-0.387
0.297
-0.401
1.658
1.019
-0.301
0.438
-0.623
-0.433
0.264
-0.020
-0.718
0.126
-1.178
-0.723
-0.590
-0.465
-0.640
-0.366
0.099
-0.423
0.006
0.067
-0.273
2.302
-0.423
-0.417
2.339
-0.529
0.897
2.080
-0.344
1.585
0.757
0.352
0.929
0.466
0.407
0.983
0.050
0.242
1.312
0.182
2.343
1.197
1.002
0.397
1.237
1.794
-0.054
-0.259
0.484
0.343
0.235
1.126
0.583
1.109
0.557
2.107
1.100
0.446
0.367
0.442
0.393
0.340
0.366
0.644
1.888
1.290
1.145
0.107
0.096
-0.188
0.279
0.239
-0.029
-0.548
0.381
0.277
-0.021
0.016
0.067
-0.116
0.184
0.181
0.592
0.549
0.652
1.031
1.430
0.332
0.114
-0.340
0.408
0.342
0.640
0.384
0.106
0.421
0.267
0.229
0.792
1.172
0.457
0.649
1.123
0.721
0.965
2.359
0.743
0.958
0.086
1.264
0.444
0.548
-0.222
0.276
0.171
0.276
0.746
0.103
0.508
0.471
0.433
-0.037
0.569
0.228
0.024
0.601
0.425
0.328
0.716
0.372
0.361
-0.258
0.668
0.049
2.578
0.894
0.521
0.230
0.514
0.781
-0.263
0.711
-0.027
0.254
0.063
0.222
0.068
-0.122
0.338
0.176
-0.102
0.227
0.072
2.564
1.574
0.410
0.263
0.179
0.398
0.367
0.648
0.984
0.501
0.454
0.042
0.385
0.462
0.269
1.330
0.777
0.686
1.215
1.237
0.896
1.261
0.887
1.363
1.323
1.186
3.124
1.078
0.030
0.547
0.574
-0.228
0.515
0.632
-0.438
-0.139
0.839
0.299
1.452
-0.297
-0.094
1.079
0.586
-0.632
0.165
-0.401
-1.066
-0.128
1.225
0.420
0.448
-0.040
-0.517
0.572
0.303
-0.020
0.101
-0.167
-1.161
0.744
0.349
0.623
0.398
0.415
0.309
-0.009
-0.203
-1.724
1.843
-0.170
0.139
0.030
