-0.181
0.043
-0.155
-0.087
0.223
0.001
-0.145
0.097
-0.340
-0.068
-0.161
-0.337
0.007
-0.023
-0.191
0.068
0.239
0.156
0.395
0.608
-0.471
1.588
1.460
-0.100
-0.044
-0.022
-0.185
-0.179
-0.460
0.136
-0.005
-0.067
0.525
0.043
0.409
-1.960
-1.517
-1.852
-0.335
-1.190
-1.361
-2.724
0.097
0.224
0.070
-0.076
-0.194
-0.107
-1.585
-1.472
-1.575
-1.015
-1.946
-2.677
-1.862
-1.160
-1.449
0.214
-0.617
-3.268
-0.778
-0.676
-0.794
-1.045
-0.564
-2.121
-1.103
-0.322
-0.204
0.190
-0.047
0.075
0.512
-0.184
-1.164
-1.664
-0.506
0.952
-4.344
0.009
0.469
-1.049
0.172
-0.203
0.542
0.050
-0.637
-2.538
-0.872
0.562
0.505
-0.278
-0.129
-0.513
-0.309
0.024
-0.015
0.066
-2.629
-1.350
-0.783
-0.307
0.226
-0.297
-0.206
0.248
0.002
0.013
0.010
0.182
-0.059
0.006
0.121
0.040
0.056
0.047
0.002
0.250
0.010
0.137
0.012
0.003
0.037
0.166
0.170
-1.550
0.233
0.614
-0.007
-0.063
0.022
0.132
-0.033
0.832
1.007
-0.373
-0.285
0.453
1.255
0.026
-0.177
1.503
0.828
-0.093
-0.019
-0.004
-0.184
-0.410
-0.727
-1.266
0.122
0.173
-0.645
-1.633
-1.033
-2.014
-2.293
-2.136
-2.192
0.305
-0.203
-1.681
-1.429
-0.831
0.242
0.185
-0.610
-0.587
-0.018
-0.296
-0.677
0.322
-0.187
-0.168
-0.334
-1.087
-0.476
-0.199
-0.631
-0.211
0.089
-1.004
-0.117
-0.291
-0.431
-0.226
-0.282
0.549
0.658
0.301
-0.096
-0.509
0.003
-2.735
-0.977
0.993
-0.444
-0.161
-0.136
-0.107
-0.026
-0.111
0.068
-0.148
-0.203
-0.240
-3.181
-2.561
-0.872
0.178
-0.587
0.246
1.509
0.149
0.061
2.172
1.335
-0.141
-2.370
-1.533
-0.593
-2.390
-0.557
-1.413
-1.316
-0.751
-0.570
-0.662
-1.126
-0.244
0.270
-1.239
-0.935
-1.378
-3.989
0.227
1.321
-0.320
-0.157
-0.394
-0.148
-0.508
-0.441
0.115
-2.194
-0.052
-0.577
0.672
-1.358
-1.475
0.503
-0.942
-0.153
0.272
-0.837
-0.212
-1.161
0.121
0.359
-0.747
-0.742
-0.099
-0.630
-0.447
0.791
0.551
0.952
-0.095
0.006
-0.451
0.100
-1.708
0.014
0.210
-0.512
-0.032
-1.090
-0.096
-0.190
0.026
0.205
-0.314
-1.096
-0.751
-0.740
-0.179
-0.093
0.058
0.381
-0.283
-1.196
0.159
-0.024
0.292
-0.036
-0.194
-0.071
0.403
-2.877
-0.018
0.015
-0.587
-0.263
-1.252
-0.220
-1.218
0.996
2.260
1.277
0.199
-0.206
1.287
-0.742
0.211
0.485
-2.039
0.172
-0.158
-0.142
0.190
-0.026
0.001
-0.262
-0.153
-0.329
0.015
-0.274
-0.020
0.066
-1.978
-1.261
-0.342
-0.130
-0.448
-0.195
-0.561
-0.285
-0.184
-0.030
0.090
-0.308
-1.208
0.554
-0.247
-0.097
-0.059
-0.251
0.202
0.048
-2.596
-1.098
-0.611
-1.048
-0.900
-0.280
-0.109
-0.673
-1.250
-0.403
-0.055
-0.825
-0.045
-0.553
-0.646
-0.550
-1.257
-2.183
-0.077
-2.281
0.494
-0.514
-0.335
-0.873
-0.272
-1.288
-0.154
-0.207
-0.163
-0.190
-0.810
-0.155
-0.123
0.993
-0.379
-0.340
0.108
0.162
-0.477
-0.302
-0.199
0.396
-0.040
-0.159
-0.121
0.077
-0.369
-0.245
-1.121
-0.126
-2.486
-1.083
-0.942
-1.423
-1.095
-1.405
-0.672
-0.378
-1.922
-2.757
-0.280
-0.485
-0.062
-0.220
0.213
-0.253
-0.071
-0.053
-0.323
-0.177
-0.744
-0.303
-0.523
-0.011
-0.237
0.095
-0.433
-0.169
0.038
0.333
1.678
-0.099
0.148
0.434
-0.159
0.620
-1.032
-0.457
-0.234
0.039
1.423
0.347
-0.025
0.326
0.619
-0.144
0.680
0.553
1.247
1.273
0.844
0.290
0.552
0.355
0.030
-0.592
0.560
-1.424
0.473
0.232
-1.174
0.406
-0.138
-0.402
-0.241
-0.093
-0.262
-0.349
0.093
-0.110
-0.150
-0.539
0.218
-0.119
-1.452
-0.482
-2.327
-1.116
-0.708
-0.692
-1.027
-1.931
-0.020
0.171
-0.111
-0.376
-0.175
-0.995
-0.448
-1.090
-0.361
-2.039
-0.747
-0.493
-0.123
-0.287
-0.849
0.022
-0.134
-0.495
-1.415
-0.470
-1.103
-0.043
-0.031
0.106
-0.056
-0.036
-0.114
0.258
0.465
-0.176
-0.066
0.002
0.317
0.074
0.111
-0.186
-0.064
-0.188
-0.234
-2.985
-1.106
-0.654
0.086
0.088
0.101
-0.299
-0.533
0.095
-0.069
-0.048
-0.001
-0.028
-0.252
-0.420
-0.195
-0.569
-0.074
-0.484
-0.593
-1.927
-0.509
-0.731
0.296
-0.349
-0.192
-0.359
0.411
-0.062
-0.221
-0.017
-0.270
-0.001
-0.125
-0.119
-0.164
0.290
-0.052
-0.045
-0.022
-0.348
-0.260
-0.055
-0.146
-0.182
-0.119
-0.087
-0.612
0.237
-2.135
-1.120
0.046
-0.631
-0.523
-0.208
0.031
-0.351
0.039
0.057
0.236
-0.158
0.185
0.246
-0.190
-0.103
0.109
-0.139
-0.047
-1.696
-0.869
0.264
0.066
-0.115
-0.054
-0.124
-0.231
-0.053
-0.092
-0.213
-0.049
-0.383
-0.334
-0.199
-1.412
-0.479
-0.458
-0.904
-0.450
-0.308
-0.760
-0.284
-0.614
-0.358
-0.379
-2.589
-0.507
0.074
-0.410
-0.456
0.259
-0.117
-0.268
0.689
0.122
-0.365
-0.040
-0.823
1.005
-0.887
-1.193
-0.710
1.028
-0.375
0.330
0.747
0.330
-1.313
0.552
0.494
0.152
0.382
-0.444
-0.418
0.008
0.200
0.166
1.338
-0.503
-0.075
-0.481
-0.408
-0.375
-0.012
-0.091
0.872
2.005
-2.496
0.289
-0.092
0.184
