0.030
-0.090
-0.013
0.024
-0.233
-0.703
-0.241
0.011
-0.181
-0.211
-0.326
-0.822
-0.284
-0.398
0.418
0.094
0.144
0.104
0.255
0.551
-0.329
0.838
1.580
-0.095
-0.075
-0.153
-0.265
-0.445
-0.130
-0.001
0.075
-0.319
0.005
-0.292
-0.066
-3.287
-2.496
-2.904
-0.625
-2.373
-3.069
-4.944
0.029
1.074
-0.141
-0.230
-0.411
0.001
-3.079
-2.098
-2.670
-2.241
-3.019
-4.064
-2.237
-1.785
-1.779
0.112
-0.989
-3.988
-1.447
-1.472
-1.628
-2.329
-1.717
-3.532
-2.028
-0.520
-0.705
0.064
-0.841
0.011
-1.152
-0.610
-0.841
-1.802
-0.778
0.327
-4.596
0.274
0.528
-1.616
-0.392
-0.723
-0.182
-1.065
-1.379
-2.965
-0.786
-0.547
0.067
-0.301
-0.042
-0.640
-0.196
0.053
0.047
0.004
-2.496
-1.593
0.004
-0.253
-0.166
-0.561
0.139
0.138
0.073
0.096
0.090
0.174
0.006
-0.091
-0.001
0.183
0.320
0.083
0.077
0.125
0.090
0.025
0.089
-0.014
-0.002
0.201
0.136
-1.415
0.077
0.484
-0.316
-0.638
0.124
0.374
-0.327
0.004
0.426
-0.915
0.203
-1.043
-0.018
-0.017
-0.365
0.081
0.101
-0.052
-0.444
0.218
-0.393
-0.861
-1.741
-2.953
-1.118
0.170
-1.405
-2.510
-1.766
-3.841
-2.939
-1.260
-3.024
-0.360
-2.534
-2.215
-0.439
0.197
0.032
0.088
-1.506
-1.147
-0.267
-0.529
-1.750
0.115
-0.110
0.299
-0.705
-1.792
-1.317
-0.718
0.284
-0.603
0.131
-1.555
0.244
-0.725
-0.910
-0.851
0.064
0.670
-0.396
0.053
-0.082
-0.416
-0.250
-2.318
0.081
1.280
-0.512
-0.374
-0.358
0.036
-0.670
0.007
0.015
-0.519
-0.362
-0.227
-3.044
-3.125
-0.551
-0.134
-0.388
-0.060
1.760
-0.584
-0.017
1.029
0.043
-0.161
-2.506
-2.258
-1.137
-4.176
-0.853
-1.161
-1.728
-0.927
-0.886
-1.576
-1.579
-0.918
-0.027
-2.648
-1.680
-1.180
-3.811
-0.265
0.392
-0.369
-0.159
-1.046
-0.330
-1.183
-0.798
-0.097
-3.803
0.052
-1.082
0.698
-1.012
-1.250
-0.766
-1.320
-0.333
-0.574
-1.667
-0.736
-2.523
0.077
-0.231
-1.406
-1.012
-0.487
-1.257
-0.859
1.417
-0.447
0.341
-0.717
-0.187
-0.687
0.394
-1.824
0.060
0.453
-1.131
0.081
0.313
-0.118
-0.487
0.444
0.393
-0.814
-1.573
-0.878
-1.885
0.081
-0.575
-0.331
-0.269
-0.107
-1.576
0.375
0.002
0.274
-0.092
-0.210
-0.165
0.538
-3.782
-0.185
-0.385
-1.203
-0.765
-1.429
-0.550
-0.383
0.741
1.255
0.854
0.297
0.464
0.583
0.033
-0.014
-1.573
-2.652
0.351
-0.412
0.264
-0.061
0.040
-0.142
-0.590
-0.291
0.081
-0.238
-0.509
0.059
-0.119
-1.801
-1.400
-1.326
-0.028
-0.707
-0.360
-1.280
-0.295
-0.206
0.081
0.256
-0.840
-1.824
0.747
-0.508
-2.409
-0.348
-0.245
-0.097
0.129
-4.238
-1.354
-1.237
-1.254
-1.155
-1.299
-0.235
-1.457
-2.573
-1.182
-0.428
-0.487
-0.217
0.081
0.081
0.081
-1.373
-6.213
0.084
-2.850
0.436
-1.325
-1.332
-0.881
-0.301
-1.249
-0.590
-0.140
-0.008
-0.074
-0.575
-0.304
0.229
0.812
-0.692
-0.727
0.069
0.073
-0.357
-1.028
-3.027
-0.418
-0.615
0.141
-0.481
-0.322
-1.104
-0.811
-1.507
-0.397
-2.220
-2.125
-1.933
-1.088
-2.099
-2.038
0.059
-1.032
-0.879
-3.120
-0.232
-0.454
0.048
-0.607
-0.052
-0.523
0.060
-0.151
-0.686
-0.728
-1.229
-0.762
-1.561
-0.363
-0.602
-1.213
-1.478
0.268
0.085
0.176
1.436
0.053
-0.598
-0.046
-0.383
0.624
-1.949
-1.296
-0.677
0.096
1.030
0.177
-0.100
0.070
0.919
-0.109
0.772
0.656
0.759
0.907
0.089
0.033
1.099
0.393
-0.144
0.055
-0.352
-1.573
0.879
0.700
-1.457
0.761
-0.260
-1.621
1.007
-0.197
-0.866
-0.478
-0.279
-0.312
-0.047
-0.873
0.082
-0.821
-1.514
0.367
-1.845
-1.179
-1.284
-0.504
-1.515
-1.859
0.028
0.034
-1.009
-0.267
-0.720
-1.775
-0.514
-1.739
-0.772
-3.118
-1.330
-0.296
-0.227
-0.271
-1.782
-0.035
-0.223
-0.925
-2.193
-0.862
-2.161
-0.111
-0.110
-0.348
-0.567
-0.049
0.048
0.548
0.036
-0.233
-0.105
0.040
-0.589
0.304
0.038
-0.274
-0.209
-0.632
-0.805
-2.573
-1.624
-0.506
-0.112
0.483
0.220
-0.961
-0.463
-0.022
-0.172
-0.277
-0.312
-0.252
-0.179
-1.368
-0.556
-1.325
-1.228
-1.010
-1.581
-3.687
-1.170
-0.679
0.317
-1.307
-0.408
-0.743
-0.198
-0.114
0.137
-0.198
-0.759
-0.686
-0.588
-0.231
-0.248
0.371
-0.354
-0.080
-0.219
-0.723
-0.280
-0.192
-0.435
-0.336
-0.102
0.465
-1.101
0.095
-2.316
-1.274
-0.572
-0.248
0.662
-1.064
-0.250
-1.731
-0.077
-0.419
-0.180
-0.082
-0.469
0.615
0.010
0.104
0.087
-0.208
0.081
-1.874
-1.813
0.183
-0.182
0.320
-0.219
-0.838
-0.258
-0.053
0.036
-0.357
-0.122
-1.579
-0.820
-0.226
-2.155
-1.008
-0.581
-1.381
-1.289
-0.282
-1.323
-0.990
-1.372
-0.378
-0.807
-5.198
-0.871
-0.169
-1.567
-0.793
0.293
-0.450
-0.360
0.209
0.031
0.060
-1.409
-0.972
0.055
-0.698
-1.206
-0.811
0.649
-0.299
0.439
0.737
0.029
-0.019
0.480
-1.359
-0.064
0.302
-1.025
-0.125
0.094
0.443
0.290
0.699
-1.141
-0.186
-0.811
-1.006
-0.276
0.066
0.356
-0.004
0.323
-2.459
-0.198
0.086
-0.196
