-1.384
-0.618
-0.172
1.005
-0.018
0.132
-0.070
-0.018
0.152
0.024
0.071
0.380
0.762
0.114
1.086
-1.188
-0.719
-0.760
1.278
0.751
3.302
-0.447
0.972
0.291
0.092
0.757
0.491
0.146
-0.029
-0.344
0.046
0.008
0.300
-0.212
0.906
2.356
1.325
1.141
-0.108
1.341
1.795
3.159
0.002
0.086
-0.038
0.394
1.114
0.628
3.781
1.582
2.241
0.563
2.552
5.172
0.846
0.211
2.434
0.276
0.358
3.918
0.587
1.466
0.902
1.162
0.813
2.388
2.791
0.947
0.100
0.448
1.397
-0.358
0.981
0.879
2.213
1.941
-0.288
-0.219
3.507
-0.175
-0.455
0.472
0.339
-0.244
0.285
-0.233
0.149
0.937
0.938
-0.567
-1.235
0.011
0.018
1.187
0.039
0.272
-0.199
-0.030
2.295
1.592
0.784
0.242
2.127
1.614
0.644
-0.554
-0.131
-0.047
0.007
-0.252
-0.263
-0.030
-0.276
-0.076
-0.019
-0.030
-0.014
-0.203
-0.083
-0.096
-0.115
-0.086
-0.188
-0.598
-0.363
1.167
-0.122
-0.863
-0.756
0.587
-0.032
-0.033
0.201
-1.076
-1.246
0.380
0.250
-1.199
-1.238
-0.007
-0.021
0.088
0.551
0.371
0.098
0.544
0.732
0.207
0.175
3.888
0.096
0.130
0.495
2.065
2.901
5.093
3.032
2.756
2.296
-0.405
0.689
2.283
0.299
0.519
-0.423
-0.074
2.779
0.594
0.425
1.464
1.104
0.387
-0.334
-0.507
0.449
1.828
1.652
-0.014
0.788
1.359
-0.719
2.872
-0.573
0.109
0.434
0.641
0.106
-0.030
-0.118
-0.072
0.137
0.196
-0.575
4.219
1.086
0.028
0.316
0.168
-0.030
0.018
0.106
0.232
-0.643
-0.074
-0.054
0.131
2.918
2.531
4.591
-0.118
-0.855
0.044
-0.943
0.657
-0.690
-0.423
1.603
-0.305
4.073
2.524
1.656
1.557
0.164
1.819
2.535
0.970
1.306
2.098
1.322
0.715
-0.230
2.731
1.737
3.838
6.471
-0.004
-0.645
0.190
-0.358
1.876
0.839
0.549
-0.797
0.082
1.358
0.000
0.066
0.719
1.138
0.597
-0.064
0.473
0.619
0.336
0.789
0.554
2.828
-0.123
0.052
0.942
1.473
-0.039
2.453
1.266
-2.279
0.973
0.414
-1.093
-0.436
0.210
-0.016
-0.385
-0.153
-0.057
0.979
0.500
0.959
0.124
-0.379
-1.533
-0.020
-0.045
0.321
1.229
0.002
0.138
-0.090
0.268
0.540
0.094
3.204
-0.016
0.013
0.003
-0.447
-0.373
-0.145
0.243
2.466
-0.085
-0.255
0.610
0.224
1.673
1.352
0.728
0.238
0.036
-1.206
0.329
0.193
-1.641
0.020
-0.101
-0.098
0.938
4.044
-0.348
-0.259
-0.770
0.079
-0.003
-0.176
-0.446
0.711
-0.186
1.700
0.452
0.087
0.982
0.239
0.124
-0.030
1.373
0.171
0.590
0.608
0.437
-0.108
0.338
0.371
0.425
-0.010
0.931
1.465
0.791
0.376
-0.098
-0.049
4.120
1.749
2.135
1.606
2.652
-0.014
-0.030
3.064
2.777
1.669
0.105
1.796
0.191
-0.030
0.433
0.869
2.072
0.753
-0.030
3.969
-0.350
0.327
1.050
-0.507
-0.548
-0.122
-0.907
-0.442
-0.320
0.008
0.027
-0.057
-0.653
-0.560
-0.021
-0.107
0.094
-0.061
-0.572
0.657
0.293
0.188
-0.214
-0.607
-0.068
0.164
0.649
0.381
0.309
1.338
1.918
0.471
-0.017
0.966
-0.250
1.296
1.793
0.982
0.771
1.340
-0.003
-0.065
0.250
0.064
-1.016
0.272
-0.020
-0.010
0.433
0.254
0.613
0.074
1.626
-0.033
0.114
0.319
1.049
0.028
-0.350
0.254
0.192
-0.007
0.408
-0.028
2.646
2.516
1.406
-0.568
0.610
-0.120
-0.938
-2.013
0.245
-0.031
-0.224
-0.237
-1.835
-1.649
-1.561
-2.106
0.372
-0.241
-1.029
-1.130
-0.777
0.775
-0.225
0.466
0.032
-0.665
0.021
-0.051
0.335
0.300
-0.845
0.899
-0.221
-0.375
-0.212
-0.279
0.003
0.117
0.106
0.167
0.161
-0.035
1.918
0.710
0.594
0.965
-0.146
0.347
1.199
0.887
0.091
-0.462
0.699
3.120
0.713
1.351
0.076
1.858
0.497
-0.030
-0.010
-0.127
1.096
0.832
-0.030
1.222
2.378
1.373
2.790
0.215
-0.271
0.111
0.312
-0.030
-0.249
-0.513
0.468
0.361
0.414
-0.033
0.062
0.551
0.748
0.021
0.707
0.878
-0.071
0.793
0.067
1.486
0.192
-0.286
0.050
-0.092
1.533
-0.136
-0.067
0.657
-0.089
0.182
-0.465
0.177
0.258
1.501
0.926
0.035
0.209
2.440
1.089
0.417
-0.030
0.371
0.076
0.537
-0.190
0.171
0.147
0.217
0.545
0.865
0.537
1.206
0.320
0.424
-0.056
0.191
-0.194
-0.010
0.098
0.238
0.644
1.144
0.034
0.042
0.556
0.016
0.967
0.853
-0.312
0.602
3.776
-0.675
-0.019
0.325
0.210
0.575
0.463
-0.153
-0.036
-0.095
0.189
-0.245
0.941
-0.093
0.671
0.967
0.824
-0.653
-0.031
0.212
0.091
-0.326
0.326
-0.030
-0.273
0.092
-0.374
0.719
0.315
0.267
1.459
0.221
0.857
0.292
0.509
0.184
0.595
0.151
1.125
1.004
0.900
1.183
1.271
0.923
-0.698
0.116
-0.196
0.612
0.398
-1.190
-0.766
-1.106
-0.107
0.502
-0.603
2.372
0.419
-0.039
0.205
0.805
0.365
0.350
-1.960
-0.041
-0.793
0.859
-0.896
-0.569
0.889
1.178
-0.090
0.939
-0.428
-0.334
0.781
-0.207
0.303
1.907
1.895
1.391
-0.014
0.426
-0.012
2.250
-0.307
-0.103
-0.531
