0.071
0.083
0.053
0.411
0.126
0.146
0.144
0.340
0.045
0.089
0.111
0.483
0.199
0.083
0.383
-0.419
0.069
-0.094
0.277
0.674
0.545
-0.771
0.010
0.243
0.084
0.517
0.177
0.328
0.117
0.044
0.213
0.263
0.091
-0.157
-0.004
2.456
1.185
3.549
1.137
2.086
2.101
3.559
0.083
-0.438
0.141
0.171
0.213
0.439
1.999
1.085
1.713
1.926
2.399
3.791
1.271
0.318
2.016
0.114
0.850
3.158
1.211
1.864
1.347
1.599
1.202
1.860
0.740
0.226
0.031
0.417
0.756
-0.145
0.082
0.220
1.247
2.486
0.626
-0.693
3.677
-0.052
-0.261
1.074
0.499
0.127
-0.571
-0.170
0.554
3.280
0.590
-0.244
-0.039
0.449
0.114
0.596
0.110
0.017
0.084
0.060
0.636
0.098
0.096
-0.023
-0.034
0.457
0.224
-0.285
0.193
0.138
0.095
-0.156
0.125
0.167
-0.051
0.029
-0.024
-0.024
0.102
-0.294
0.087
0.028
0.126
0.099
0.026
-0.232
-0.148
0.365
0.444
-0.892
0.009
0.106
0.294
0.017
-0.015
-0.803
-1.100
0.951
-0.521
0.204
-1.370
0.120
-0.169
-2.223
-1.825
0.535
0.078
0.212
0.092
0.862
0.894
1.829
0.599
0.146
1.350
2.326
2.537
3.595
3.404
2.670
2.709
-0.215
0.862
2.263
1.343
1.068
0.074
0.079
1.652
1.270
0.083
0.116
0.706
-0.175
0.175
-0.163
0.912
1.361
1.144
0.404
0.939
0.820
-0.044
1.856
0.080
1.152
0.397
0.185
0.247
-0.258
0.552
-0.011
0.060
0.684
0.502
4.034
1.466
0.499
0.568
1.006
0.300
0.192
0.093
0.122
0.190
0.158
0.258
0.132
4.585
1.452
1.766
0.075
-0.109
0.095
-0.863
0.409
0.811
-1.622
-0.596
-0.193
2.612
1.865
1.062
2.322
0.762
2.875
1.482
0.147
0.960
0.518
1.230
1.090
0.253
2.066
1.524
1.310
2.814
0.107
-1.733
0.986
0.271
0.237
0.262
0.131
0.035
0.203
2.581
0.086
1.098
0.684
1.234
0.450
0.073
0.812
0.401
0.352
1.562
0.530
2.280
0.085
0.890
0.545
1.093
0.284
1.500
0.349
-1.101
0.145
0.013
-0.014
0.034
0.250
0.086
0.214
0.005
0.011
0.296
0.419
0.743
0.202
0.209
0.932
0.043
0.730
2.122
1.066
0.914
0.172
0.054
0.137
0.218
0.773
2.160
0.269
0.148
0.094
-0.001
-0.870
0.158
0.286
3.250
-0.535
-0.108
0.852
0.149
1.119
0.029
1.435
-0.281
-1.268
-1.011
-0.021
0.232
-0.378
0.271
0.109
0.955
1.483
1.278
-0.157
0.334
-0.147
0.034
0.047
0.226
0.172
1.008
0.248
0.708
0.082
0.002
1.189
1.201
0.157
0.018
0.989
0.484
1.276
0.357
0.374
0.201
0.078
0.677
0.986
-0.895
0.366
0.782
-0.006
-0.018
-0.006
0.054
3.833
1.376
1.275
1.628
2.059
0.182
0.217
1.286
1.366
0.582
0.228
0.700
0.095
0.429
0.262
0.600
1.684
2.150
0.102
2.757
0.056
0.249
0.315
1.071
0.529
0.757
0.161
0.249
0.189
0.455
1.281
0.342
0.209
-0.150
0.395
0.408
0.168
0.229
0.076
0.201
0.168
-0.305
0.209
-0.089
-0.114
0.289
0.576
0.786
0.684
-0.317
1.481
2.314
2.101
0.965
1.617
1.471
0.821
0.350
3.009
2.061
0.041
0.128
0.216
0.455
0.682
0.773
0.092
0.226
0.667
0.193
0.339
0.632
0.266
-0.035
1.064
0.545
1.380
0.432
-0.009
0.031
-0.315
0.187
0.047
0.084
0.087
-0.516
1.856
0.769
0.086
-0.016
-0.585
-0.495
-0.123
-0.578
-0.328
0.115
-0.076
-0.091
-0.705
-0.760
-0.758
-0.207
-0.836
-0.383
-0.050
0.884
-0.355
0.868
-0.058
0.026
1.171
-0.465
-0.479
-0.271
-0.903
1.110
0.212
0.880
-0.044
0.142
0.344
0.351
-0.232
0.604
1.217
-0.244
1.812
0.737
1.011
0.061
0.355
0.685
0.287
0.047
0.243
-0.174
-0.736
1.038
0.200
1.378
0.329
3.033
1.272
0.214
0.086
0.153
1.020
0.179
0.418
0.942
1.829
1.934
1.816
0.150
0.116
0.182
0.131
0.066
0.022
-0.302
-0.299
0.084
0.176
0.105
0.156
0.640
0.273
0.131
0.165
0.370
0.224
1.794
1.629
0.660
0.073
-0.329
-0.010
0.615
1.651
0.119
0.505
0.170
0.122
0.002
0.727
0.617
0.146
1.107
1.321
0.460
0.776
2.780
0.364
0.407
0.076
0.135
0.292
0.327
0.532
0.121
0.075
0.083
0.576
1.064
0.509
0.959
0.328
0.214
-0.007
0.355
0.074
0.115
0.765
0.428
0.499
-0.103
0.075
0.033
0.658
0.083
2.006
0.197
0.904
0.133
0.261
0.637
0.087
0.361
0.070
0.207
-0.274
0.084
0.015
-0.501
0.159
0.039
0.015
0.117
0.043
0.979
1.621
0.518
0.089
0.073
0.066
0.290
0.345
0.003
0.217
0.279
0.147
0.580
0.480
0.081
2.021
0.644
0.503
1.740
1.873
-0.190
1.076
0.215
1.340
0.378
0.712
1.958
0.776
0.343
0.525
0.605
-0.557
0.308
0.267
-0.733
-0.029
0.005
0.170
1.789
-0.839
0.564
0.214
-0.197
-0.710
0.801
-0.622
-0.607
-0.139
0.072
-0.201
1.208
0.109
-0.681
0.188
0.257
-0.065
0.123
-0.054
-0.274
1.901
0.121
0.594
1.385
0.674
0.078
-0.002
0.130
-0.719
1.729
-0.062
-0.376
0.106
