-0.190
-0.325
-0.063
-0.228
-0.065
0.283
0.095
-0.308
-0.283
-0.035
-0.110
-1.295
-0.671
-0.216
0.361
0.142
0.159
0.246
-0.042
-0.051
-0.251
1.174
-0.010
-0.250
-0.043
-0.137
0.161
0.368
0.098
0.031
-0.249
0.166
0.294
-0.103
0.485
-2.491
-1.538
-2.106
-0.539
-1.162
-1.481
-3.581
0.172
-0.020
-0.109
0.405
-0.288
0.007
-2.006
-1.348
-1.976
-1.520
-1.787
-2.876
-2.461
-1.087
-1.173
-0.045
-0.607
-2.934
-1.431
-1.244
-1.016
-1.293
-0.902
-2.436
-1.167
-0.460
-0.045
-0.103
-0.174
0.150
0.464
-0.164
-0.004
-2.195
-0.014
1.543
-2.908
-0.017
0.404
-0.456
-0.063
-0.312
0.269
0.191
-0.918
-2.176
-0.195
-0.093
-0.063
-0.538
-0.115
-0.510
-0.066
0.074
-0.066
0.039
-0.908
-0.180
-0.279
0.084
0.163
-0.712
-0.109
0.025
0.019
0.305
0.071
0.176
-0.202
-0.255
0.151
0.126
0.176
0.171
0.068
0.047
0.070
0.083
-0.128
0.059
0.110
0.230
0.162
-1.777
0.240
0.712
0.269
-0.076
-0.054
0.378
-0.155
-0.024
0.791
-0.889
0.593
-1.308
1.139
-0.086
-0.793
2.167
1.557
-0.047
-0.138
0.046
-0.219
-0.398
-0.279
-1.802
-0.525
0.008
-0.860
-1.951
-1.924
-3.148
-2.433
-3.217
-2.389
-0.061
-0.348
-2.075
-1.255
-0.055
0.104
-0.118
-1.299
-0.754
-0.063
-0.212
-0.235
0.445
0.385
0.724
-0.983
-1.618
-1.662
-0.408
-1.730
-0.367
0.141
-1.748
0.253
-0.782
-0.728
-0.436
-0.252
0.217
0.278
0.271
-0.018
-0.017
0.191
-3.785
0.038
0.980
-0.273
-0.914
-0.091
-0.144
-0.353
-0.148
0.142
-0.006
-0.162
0.037
-2.881
-2.204
-0.734
-0.131
-0.619
-0.063
1.105
-0.117
-0.286
1.288
0.919
0.114
-2.403
-2.531
-0.943
-2.163
-0.373
-1.570
-1.259
-0.836
-0.019
-0.670
-1.343
-0.889
-0.271
-1.822
-1.054
-0.350
-2.283
0.153
1.351
-0.981
0.550
-0.971
-0.063
-0.588
-0.285
0.064
-3.970
-0.021
-0.450
1.105
-0.103
-2.735
0.444
-1.131
-0.274
0.672
-0.777
-0.345
-1.609
0.218
-0.074
-0.957
-0.324
-0.179
-1.183
-0.259
1.071
-0.055
0.677
0.210
0.169
-0.818
0.124
-1.169
0.037
-0.020
-0.324
-0.063
-0.491
-0.561
-0.243
-0.063
-0.073
-0.294
-0.921
-1.689
-0.690
-0.025
-0.929
0.103
0.089
-0.879
-1.834
0.572
0.104
0.355
-0.051
-0.269
-0.304
1.264
-2.396
0.120
-0.271
-0.573
-0.097
-1.387
0.035
-0.841
1.076
2.324
1.088
0.146
0.178
1.154
-1.003
1.022
-0.289
-1.800
-0.317
0.208
-0.062
0.130
0.049
-0.093
-0.183
-0.245
-0.100
-0.042
-0.433
-0.068
-0.020
-2.069
-1.178
-0.177
-0.265
-0.356
0.208
-1.129
-0.354
-0.122
0.006
-0.040
-0.453
-1.396
0.961
-0.328
-0.093
-0.028
-0.116
0.168
0.220
-2.885
-1.049
-0.576
-1.291
-1.830
-0.912
-0.297
-1.073
-2.002
-1.119
-0.110
-0.253
0.013
-0.714
-1.459
-0.723
0.008
-0.553
0.018
-1.538
0.099
-1.380
-0.389
-0.993
-0.408
-0.701
-0.790
0.072
-0.125
0.038
-0.199
1.193
0.353
1.335
-0.123
0.111
0.239
-0.232
-0.063
-0.505
0.051
0.281
0.068
0.048
0.460
-0.093
-0.572
-0.063
-0.925
-0.111
-1.993
-0.405
-0.140
-0.461
-0.452
-0.063
-0.078
-0.101
-2.025
-1.615
0.040
-1.091
-0.039
-0.137
0.046
-0.175
-0.007
-0.208
-0.473
0.050
-1.245
-0.079
-0.889
0.012
-0.290
-0.063
-0.453
-0.253
-0.109
-0.207
-0.146
-0.266
0.341
0.125
-0.188
-0.035
-1.527
-0.427
-0.070
0.128
1.734
1.313
0.129
0.357
0.667
-0.032
0.696
0.505
1.387
1.098
0.589
-0.416
0.525
0.090
0.121
-0.209
0.454
-2.527
0.750
0.398
-2.429
0.382
-0.214
-1.809
0.897
-1.078
0.173
-0.169
-0.348
-0.064
-0.511
-0.504
0.112
-0.189
-1.587
0.142
-1.763
-0.495
-0.188
-0.063
-0.109
-1.865
0.062
0.347
0.576
0.073
-0.002
-1.736
-0.330
-1.481
-0.416
-1.892
-0.936
-0.806
-0.813
-0.093
-0.692
-0.200
-0.233
-0.620
-2.167
-0.808
-1.419
-0.197
-0.066
0.332
0.600
-0.170
-0.147
-0.084
-0.234
-0.287
-0.402
-0.033
-0.247
0.040
-0.153
-0.290
-0.129
-0.203
-0.259
-1.500
-1.511
-0.402
0.315
0.623
0.085
-0.293
-0.793
-0.121
-0.063
-0.240
-0.261
0.089
-0.383
-0.765
-0.079
-0.650
-0.390
-0.491
-1.460
-2.674
-0.877
-1.554
0.404
-0.860
-0.091
-0.516
0.207
-0.153
0.120
-0.306
-0.630
-0.869
-0.303
-0.376
-0.060
0.121
-0.063
-0.183
0.253
-0.365
-0.138
-0.108
-0.334
-0.243
0.122
0.534
-0.512
0.176
-3.159
-1.010
-0.157
-2.542
-1.449
-0.364
-0.166
-1.013
0.212
-0.134
0.087
-0.262
-0.063
0.742
-0.147
0.136
0.130
-0.133
0.145
-1.058
-1.030
0.013
0.217
0.310
0.023
-0.230
-0.281
-0.601
-0.167
-0.187
0.135
-0.423
-0.411
-0.088
-1.424
-0.426
-0.074
-1.021
-0.478
-0.046
-0.599
-0.063
-0.736
-0.406
-0.691
-3.927
-0.378
0.328
-0.350
-0.576
0.188
0.046
-0.206
0.562
0.171
-0.455
-0.297
-1.099
0.050
-0.703
-0.522
-0.086
0.534
-0.039
0.430
0.747
0.185
-1.790
-0.106
-1.096
0.473
0.445
-0.137
-0.438
0.011
0.199
0.185
0.788
-1.126
-0.204
-0.535
-1.114
-0.577
-0.112
0.030
0.646
1.519
-1.531
-0.001
0.128
-0.052
