-0.057
0.191
0.137
0.217
-0.112
0.253
0.341
0.329
0.589
0.505
0.478
0.548
0.235
-0.032
0.464
0.052
0.026
0.001
0.211
0.210
2.264
-1.004
-0.637
0.273
0.069
0.135
0.168
-0.238
0.532
0.103
0.205
0.175
-0.079
0.304
0.209
2.788
1.062
3.047
0.770
1.458
2.140
3.470
0.127
0.266
0.246
-0.705
0.205
0.538
2.849
1.266
1.919
1.529
1.425
3.012
2.309
1.380
1.756
0.228
0.856
2.501
0.417
0.745
1.447
1.987
1.051
2.164
1.621
0.696
-0.089
0.682
0.941
-0.085
-0.118
0.256
0.458
2.835
0.851
-1.437
2.613
-0.138
-1.034
1.262
1.121
0.289
-0.576
0.122
1.470
2.246
1.000
0.293
0.247
1.024
-0.219
0.660
0.434
0.221
0.221
0.135
1.030
0.932
0.034
0.245
0.247
0.402
0.443
-0.351
0.047
0.026
0.021
0.016
0.029
0.275
-0.269
0.020
-0.057
-0.034
-0.008
-0.147
-0.003
-0.093
0.026
-0.004
-0.054
-0.181
-0.081
1.409
-0.558
-1.294
-0.339
0.020
-0.025
-0.006
0.248
0.223
-1.142
0.848
-0.263
-0.241
-1.215
0.192
0.108
-1.142
-0.999
0.129
0.343
0.168
0.399
0.345
0.764
1.906
1.153
0.005
1.389
2.795
1.554
2.578
1.517
2.137
1.605
0.109
0.782
2.541
1.001
0.552
0.264
-0.056
1.296
0.482
0.247
0.614
0.552
0.041
-0.258
-0.305
0.483
0.945
1.317
0.631
1.082
0.721
0.100
1.328
-0.186
0.473
0.420
0.329
0.115
-1.127
0.313
0.310
-0.037
0.774
0.212
1.039
1.139
0.291
0.339
0.380
0.235
0.036
0.444
0.064
0.091
0.327
-0.141
0.135
2.613
3.122
0.853
-0.770
0.989
0.257
-0.129
0.198
0.182
0.542
-0.325
0.036
4.604
2.696
1.722
1.503
0.889
1.082
1.045
0.432
0.671
0.876
1.381
0.671
1.141
2.148
1.465
1.208
3.291
-0.469
-0.253
1.242
-0.330
0.440
0.298
0.926
0.114
-0.555
3.071
-0.048
0.526
0.503
0.579
2.000
0.309
1.117
0.689
-0.748
1.000
0.231
1.614
0.232
1.386
1.448
0.578
1.087
0.294
0.559
-1.601
0.218
-0.108
-0.126
0.247
0.722
0.070
0.763
0.120
-0.131
1.522
0.247
1.364
0.809
0.462
0.078
0.267
0.705
1.549
1.168
1.084
-0.162
0.001
-0.046
0.247
0.326
1.431
-0.045
0.227
-0.170
-0.000
-0.090
0.468
0.274
1.283
-0.598
-0.180
1.273
0.701
0.937
0.060
0.548
-0.648
-1.566
-0.464
0.528
-0.391
-1.815
0.367
0.317
0.272
1.947
1.066
-0.160
0.250
0.015
0.067
0.039
0.887
0.367
0.774
0.016
0.555
0.240
-0.070
1.342
1.074
0.331
-0.219
0.344
0.242
1.082
0.457
0.590
0.037
0.111
0.611
0.874
-0.737
0.244
0.106
-0.209
0.527
-0.084
-0.003
2.227
0.679
1.546
0.963
1.913
0.657
0.343
1.321
2.287
0.836
0.012
0.285
0.022
0.148
0.758
1.044
-0.135
0.307
0.028
2.446
0.028
0.430
0.657
0.647
0.398
1.308
0.099
-0.419
-0.479
0.364
0.022
0.145
-0.010
-1.230
0.321
-0.431
-0.224
-0.183
0.532
0.429
0.325
-0.590
-0.230
0.179
-0.434
-0.119
0.429
0.086
0.905
-1.111
1.601
1.350
1.192
0.397
0.653
2.742
1.244
-0.150
1.576
1.989
0.255
0.247
0.137
0.694
0.332
0.273
0.085
0.146
0.437
-0.388
0.842
0.387
0.668
-0.084
0.823
0.823
0.818
0.464
0.131
-0.103
0.176
-0.100
0.150
0.021
0.125
-0.058
1.200
0.874
1.487
0.021
-1.834
-0.716
-0.224
0.032
-0.327
0.073
-0.790
-0.855
-2.610
-1.853
-0.650
0.353
-1.064
-0.230
0.089
0.872
-0.602
1.118
-0.769
0.027
0.926
-0.974
0.667
1.917
0.288
0.651
-0.090
0.382
-0.853
0.243
0.325
1.222
-0.003
0.153
0.786
0.467
1.366
1.530
0.836
0.245
1.114
3.345
-0.083
-0.170
0.296
-0.257
0.788
1.476
0.762
0.891
0.480
1.540
1.109
0.639
0.094
1.000
1.076
0.106
0.295
0.599
1.826
1.180
1.137
0.091
0.026
0.316
-0.438
0.007
0.158
-0.375
0.144
0.478
-0.052
0.046
-0.274
-0.035
0.256
0.234
0.259
0.799
0.772
1.289
1.753
0.151
-0.003
-0.219
0.163
0.188
0.416
0.247
0.237
0.207
0.118
-0.036
0.601
1.112
-0.387
0.741
0.354
0.744
1.604
1.771
1.269
0.399
0.266
1.164
-0.232
0.838
0.025
0.079
-0.429
0.145
0.574
0.650
0.416
0.338
0.255
-0.694
0.247
-0.155
-0.481
0.863
0.436
0.069
0.365
1.150
-0.932
-0.463
1.227
-0.466
2.469
1.064
0.805
0.173
1.135
2.061
0.023
0.311
-0.053
0.148
0.149
-0.161
-0.424
-0.164
0.141
-0.023
0.027
0.151
0.078
1.672
0.737
0.272
0.167
0.292
-0.029
0.096
1.069
0.696
0.487
0.257
-0.122
0.718
0.347
0.304
1.636
0.884
0.231
0.714
0.258
0.201
1.021
0.153
0.971
0.748
0.701
1.562
1.033
-0.533
-0.338
0.255
-0.410
-0.390
0.177
-0.046
-0.244
-0.002
-0.013
1.719
0.521
1.188
0.692
0.049
-0.804
1.140
-0.354
-0.246
-0.003
0.906
0.315
0.989
0.030
-0.618
0.597
0.538
0.035
-0.060
-0.103
-0.423
1.010
0.404
1.248
1.727
0.779
0.384
-0.072
0.230
-0.679
0.654
-0.224
-1.166
0.199
