0.173
-0.081
-0.046
-1.008
-0.102
-1.840
-0.383
-0.483
-1.605
-0.018
-0.144
-1.333
0.098
0.098
-0.212
0.078
1.219
0.113
-0.157
-0.008
-0.129
0.194
-0.238
0.066
0.060
0.076
0.093
-0.087
-0.283
-0.089
-0.239
0.081
-0.106
-0.033
0.131
-2.123
-1.022
-1.725
-0.525
-0.561
-1.831
-4.734
-0.105
0.136
-0.099
0.114
-0.524
-0.182
-2.807
-1.907
-2.346
-2.238
-3.572
-2.797
-2.839
-1.517
-1.825
-0.238
-0.158
-4.212
-2.243
-1.877
-2.476
-1.347
-0.910
-1.413
-0.915
-0.554
-0.345
-0.800
-2.153
0.261
-1.412
-0.141
-1.506
-0.665
-0.456
0.735
-3.212
0.369
-0.087
-1.277
-1.318
-0.113
0.609
-0.022
-0.273
-1.616
-0.205
0.129
1.035
-0.417
-0.029
-0.928
0.147
0.322
0.047
-0.039
-1.263
-0.786
0.360
-0.126
-0.498
-0.765
-0.141
-0.155
-0.040
0.013
-0.002
-0.038
0.052
-0.046
0.090
-0.081
0.027
0.003
-0.073
0.082
-0.023
1.271
-0.002
-0.010
0.037
-0.329
0.066
-0.579
0.858
0.704
0.789
-0.075
0.371
-0.130
-1.846
-2.189
0.755
-0.135
-0.386
0.352
2.257
-0.863
-3.093
0.047
-0.033
-0.177
-0.107
-0.302
-0.888
0.164
-0.110
-3.574
-0.490
-0.647
-0.939
-2.697
-1.887
-3.780
-2.425
-3.657
-3.524
-0.092
-0.328
-1.688
-3.127
-0.071
0.428
-0.026
-1.249
-2.969
-0.275
-0.787
-2.173
-0.112
0.188
0.133
-0.276
-2.292
-1.132
-1.117
-1.184
-0.921
1.421
-1.801
0.008
-0.308
-0.228
0.260
0.074
-1.138
-0.314
1.644
0.655
-0.594
-0.086
-1.364
-2.138
0.165
-0.693
0.102
-0.043
-0.220
-0.309
0.181
0.027
-0.259
-0.440
-0.047
-4.370
-3.193
-1.066
-1.177
-0.665
-0.050
1.658
-0.145
-0.304
0.675
1.244
0.004
-1.889
-1.725
-0.847
-2.816
-0.123
-3.095
-1.020
-2.345
-1.402
-0.630
-1.423
-1.134
-1.021
-3.156
-1.604
-4.330
-4.204
-0.481
0.152
0.054
-0.592
-0.378
-0.620
-2.930
0.158
-0.184
-2.948
-0.018
-0.722
-0.427
-0.892
-0.574
-0.126
0.107
-0.080
-0.633
-1.029
-0.797
-0.435
-0.064
0.017
-1.669
-0.455
-1.214
-1.524
-0.984
1.171
-0.335
0.989
0.339
-0.067
-1.742
-0.022
-1.017
0.080
0.316
-2.147
-1.641
-0.226
-0.923
-0.225
0.260
-1.011
-0.037
-0.513
-1.793
-0.154
-0.598
-1.849
0.154
-0.097
-0.603
-1.264
0.030
0.145
-0.749
-0.126
0.383
-0.151
-0.121
-1.293
0.637
-0.098
-0.743
-1.123
-0.570
0.126
-1.632
0.323
0.783
0.707
0.125
-0.460
0.118
-0.098
-1.036
-0.155
-0.709
-0.705
0.232
0.250
0.437
-0.241
-0.048
-0.846
-0.556
-0.182
0.623
-0.718
0.009
0.033
-0.141
-0.961
-0.120
0.114
-1.298
-0.257
-1.030
-0.094
-0.030
-0.014
-0.090
-0.294
-0.353
0.206
-0.489
-0.486
0.037
-0.092
0.117
0.117
-2.985
-2.097
-1.510
-1.263
-1.816
-0.625
-0.098
-2.161
-1.938
-1.072
-1.845
-2.753
0.088
-1.888
-0.507
-0.618
-0.947
0.106
0.074
-5.690
-0.236
-1.003
-1.234
-1.131
0.333
-0.758
-0.959
-0.547
-0.712
0.799
-0.157
-0.013
0.085
0.457
-0.257
0.239
-0.109
-0.078
-1.019
-1.062
-0.552
-0.025
0.461
0.353
0.288
-0.224
-1.347
-0.303
-0.527
-0.540
-0.540
-0.681
-1.351
-0.834
0.899
-0.898
1.003
-0.118
-5.708
-2.406
-0.154
0.734
0.216
-0.491
-0.272
-0.114
0.141
-0.168
-0.953
-0.083
-1.500
-0.357
-0.661
-0.214
0.027
-0.722
-1.370
0.080
0.053
-0.076
-0.115
-0.043
-0.689
0.309
-0.625
-0.018
-1.850
-1.881
-0.342
-0.118
0.879
-0.139
-0.175
-0.005
0.215
0.541
1.339
1.048
0.968
1.612
0.988
-0.158
-0.269
0.184
0.174
-0.133
0.007
0.017
0.753
0.254
-0.522
0.218
0.489
0.346
0.337
0.288
0.433
-0.018
-0.024
-0.035
-0.490
-0.892
0.080
-0.489
-0.407
-0.196
-1.900
-0.165
-0.368
-0.036
-1.096
-0.296
-0.113
0.238
0.665
0.247
-0.352
-3.729
-0.821
-2.496
-0.944
-3.275
-0.759
-0.198
-0.184
-0.049
-0.766
-0.393
-0.116
-0.503
-2.457
-0.728
-1.505
-0.217
0.265
2.057
0.147
1.002
0.043
0.946
0.032
-0.445
0.010
-0.107
-5.371
-0.043
-0.110
-0.184
-0.532
-0.131
-0.170
-2.810
-0.651
-1.300
0.394
0.090
-0.137
-0.667
-0.018
-0.194
-0.117
-0.086
-0.257
0.049
-0.285
-0.583
-0.301
-1.518
-2.094
-0.803
-0.543
-3.884
-1.160
-1.114
-0.052
-0.049
0.066
-0.528
-0.353
0.062
0.852
-0.151
-1.704
-1.652
-0.268
-0.318
-0.083
-0.061
-0.160
-0.063
-0.325
-0.501
-0.342
0.157
-0.411
-0.327
0.100
0.492
-1.453
-0.065
-0.877
-1.606
-1.685
-0.265
-1.336
-1.282
0.085
-1.721
0.007
-0.018
0.083
-0.080
0.070
0.027
-0.062
-0.095
-0.093
-0.056
-0.067
-0.341
-1.030
0.027
0.189
-0.491
-0.168
-0.035
-0.094
-0.226
-0.013
-0.366
-0.066
-0.384
-0.719
-0.083
-0.997
-0.061
-0.633
-1.527
-1.794
-0.131
-1.799
-1.140
-0.961
-1.405
-1.164
-2.163
-1.771
0.298
0.852
-0.168
0.221
0.378
-0.208
0.530
0.900
0.632
0.143
-0.681
0.078
-0.812
-0.647
-1.183
0.199
-0.639
-0.075
1.055
-0.018
0.660
-0.001
-0.145
-0.779
0.811
-0.018
-0.762
0.121
0.018
0.099
1.141
-0.157
-0.112
-0.347
-0.865
-0.874
-0.903
1.079
-0.018
0.247
-0.588
-0.018
-0.129
-0.058
