0.020
0.116
0.014
-0.141
0.220
0.066
0.318
0.138
0.064
0.066
0.083
0.099
0.426
0.162
-0.468
0.066
0.066
0.066
-0.051
-0.241
0.372
-1.387
-1.575
0.066
0.066
0.516
0.094
0.291
0.418
0.066
0.081
0.263
0.173
0.024
0.032
2.865
2.001
2.043
0.386
1.174
1.994
2.967
-0.100
-1.034
-0.048
0.062
0.124
-0.171
1.423
1.380
1.705
1.498
2.000
3.564
1.448
1.031
1.277
0.012
0.512
3.971
0.863
0.781
1.622
1.622
1.317
2.598
1.387
0.340
0.038
1.266
0.753
0.222
0.281
0.492
1.690
1.679
0.472
-0.723
2.534
0.066
-0.498
0.628
0.042
0.293
-0.605
0.320
0.742
2.395
0.652
-0.627
-0.200
0.136
0.067
0.615
0.500
0.135
0.207
0.022
1.134
0.583
-0.032
0.003
0.083
0.341
0.041
-0.741
0.164
0.102
0.093
-0.229
0.191
0.122
0.066
-0.249
0.085
0.084
0.066
-0.255
0.091
-0.504
0.135
0.129
0.069
-0.834
0.058
0.479
-0.266
-1.183
-0.767
0.476
0.066
-0.393
0.267
0.451
-0.290
0.825
0.560
0.022
-0.577
0.089
1.248
-0.304
-1.504
0.101
0.180
-0.278
0.279
2.202
3.039
1.009
0.836
0.108
0.597
2.055
1.833
3.178
2.120
1.992
2.237
-0.681
0.557
2.161
0.991
0.350
-0.055
0.066
0.873
0.572
0.077
0.380
1.475
-0.575
-0.087
0.195
0.663
1.521
0.993
0.374
-0.334
0.686
0.123
1.518
0.073
0.373
0.594
0.211
0.122
-0.233
0.370
0.138
0.010
0.481
-0.353
-0.276
2.339
0.283
0.112
0.426
-0.177
0.101
0.075
0.054
-0.468
0.146
0.169
0.074
2.577
1.250
0.650
0.619
0.234
-0.282
-1.332
0.277
0.895
-2.191
1.323
-0.228
2.286
1.726
1.258
2.396
0.152
1.390
1.282
0.754
0.753
0.821
1.122
0.760
-0.057
1.686
2.342
0.885
3.199
-0.325
-2.290
0.384
0.082
0.261
0.157
0.726
0.453
0.602
3.722
0.146
1.025
-0.198
0.870
1.380
0.058
1.126
0.295
0.252
0.924
0.250
1.863
-0.275
0.703
0.904
0.939
0.968
0.672
0.528
-1.752
-0.014
-0.403
0.753
-0.468
0.991
-0.434
0.442
0.066
-0.726
0.839
-0.350
0.077
0.175
-0.027
-0.466
0.046
0.412
0.841
1.487
0.928
0.074
0.156
0.136
-0.066
0.367
0.766
-0.412
0.066
-0.422
0.066
-0.307
-0.112
-0.072
1.721
0.678
-0.470
0.980
-0.291
1.171
0.080
0.319
-0.941
-1.567
-1.115
-0.190
0.125
-1.350
0.365
-0.625
1.718
1.447
0.778
0.206
0.242
0.344
0.066
0.066
0.239
0.066
0.263
0.110
0.236
0.147
0.144
0.931
1.066
0.158
0.419
0.744
0.319
0.714
0.293
0.373
0.066
-0.008
0.526
1.101
-0.789
0.738
0.889
0.127
0.628
0.019
0.113
2.370
0.819
1.455
1.415
1.333
0.474
0.068
1.507
1.314
0.941
2.617
1.105
0.064
0.982
-0.031
0.434
1.396
2.801
0.064
2.084
0.206
2.411
0.881
0.844
0.429
0.828
0.394
0.081
0.044
0.339
0.794
0.419
-0.558
-0.081
0.390
0.471
0.053
-0.461
-0.350
0.240
0.175
-0.389
0.086
0.239
-0.171
0.328
0.205
0.359
0.960
-0.117
1.261
1.195
1.769
0.923
1.321
15.719
1.727
0.820
2.149
1.757
0.042
0.738
0.154
0.167
-0.568
0.084
-0.023
0.140
0.479
0.106
1.165
0.376
0.482
0.133
0.509
-0.310
0.554
0.256
0.063
0.097
-1.489
0.085
-0.150
-0.029
0.066
-0.822
2.017
0.912
0.140
0.074
-0.675
-0.448
-0.015
-0.064
-0.798
0.316
-0.441
-0.330
-0.432
-0.788
0.004
-0.236
-0.177
-0.462
-0.055
1.089
-0.182
2.018
-0.789
-0.454
1.186
-0.038
0.629
2.288
-0.058
1.372
0.420
0.145
1.071
0.162
0.230
0.837
-0.381
0.173
1.301
0.390
1.769
0.857
1.094
0.550
0.774
2.105
0.067
-0.299
0.425
0.384
0.272
1.668
0.658
1.900
0.697
2.255
0.999
0.115
0.103
0.170
0.519
0.097
0.181
0.563
1.463
0.880
1.685
-0.134
0.066
0.103
0.116
-0.172
0.068
-0.157
0.072
0.346
0.444
0.115
0.110
0.268
0.066
0.273
0.614
0.488
0.438
1.225
1.077
0.553
0.030
-0.659
-0.312
0.229
0.079
0.106
0.010
0.158
0.301
0.103
0.249
0.688
0.250
0.192
0.577
0.483
0.666
2.690
1.049
1.108
-0.866
0.921
0.290
0.350
0.307
0.066
-0.145
0.069
0.195
0.306
0.390
1.611
0.237
-0.123
0.510
0.065
0.232
0.217
0.185
0.066
0.383
-0.045
0.189
-0.237
0.696
-0.012
1.685
-0.174
-0.350
0.313
-0.127
0.646
-0.331
0.632
0.113
0.018
-0.012
0.112
-0.783
-0.358
0.105
-0.062
-0.295
0.093
-0.476
3.150
0.740
0.319
0.300
-0.505
0.104
0.295
0.414
0.807
0.945
0.193
0.120
0.770
0.580
0.197
1.439
0.939
0.660
1.111
-0.009
0.349
1.233
0.561
0.937
0.596
0.939
4.396
0.865
0.098
0.886
0.735
-0.647
0.176
0.481
-0.950
-0.371
0.962
0.643
0.814
-0.238
1.102
0.860
0.502
-0.983
-0.240
-0.618
-0.808
-0.186
0.878
0.004
-0.142
-0.140
-0.699
0.687
0.909
0.066
-0.238
-0.476
-0.698
0.949
0.223
0.295
0.653
0.161
0.289
-0.517
-1.160
-0.880
0.926
-0.543
0.862
0.259
