-0.125
0.127
-0.131
0.114
0.014
-0.047
0.194
0.114
0.496
0.148
-0.115
0.204
0.023
0.106
0.952
-0.198
-0.208
-0.146
-0.061
0.039
0.133
-0.773
-0.925
0.283
-0.234
0.172
0.130
0.111
0.176
0.084
-0.168
0.151
0.336
0.079
-0.146
3.173
1.727
2.725
0.307
1.691
2.196
4.828
-0.118
-0.405
-0.044
-0.078
0.052
-0.034
2.885
0.987
1.278
2.151
3.151
2.619
2.026
1.310
1.645
-0.009
0.925
2.997
0.566
0.946
1.001
1.001
1.563
3.368
1.660
0.426
0.409
0.253
0.335
0.139
0.087
0.171
1.073
1.945
-0.113
-0.257
3.580
-0.130
-0.496
0.856
-0.146
-0.146
-0.575
0.009
-0.024
2.203
0.861
-0.845
-0.189
-0.230
0.082
0.805
-0.061
-0.296
-0.148
0.012
1.148
0.879
0.636
0.122
-0.042
0.305
-0.106
-0.230
0.056
0.092
-0.100
-0.177
0.162
0.068
-0.223
-0.005
-0.159
-0.136
0.095
-0.116
0.150
-0.082
0.075
0.101
-0.014
-0.126
-0.162
1.906
-0.560
-0.777
-0.431
0.043
0.112
-0.146
-0.146
-0.146
-0.160
0.069
-0.746
-0.146
-0.208
0.408
-0.051
-0.792
-1.660
0.404
0.246
-0.121
0.005
0.975
0.462
1.370
1.876
0.097
1.122
1.998
2.274
2.463
2.395
0.270
1.100
-0.263
-0.094
2.630
1.654
0.092
-0.711
-0.104
1.476
0.804
0.092
0.516
0.550
-0.272
-0.152
-0.270
1.183
1.913
1.462
0.327
1.421
0.857
-0.118
2.492
-0.276
0.403
0.566
-0.146
-0.146
0.103
0.162
-0.110
-0.114
-0.084
-0.677
0.903
0.060
-0.531
0.141
1.204
0.363
0.213
0.790
0.209
-0.153
0.289
0.251
-0.046
2.720
3.013
1.476
-0.023
0.560
-0.146
-1.445
0.201
0.765
-1.127
-1.747
-0.419
2.991
1.959
1.121
3.043
0.074
1.236
1.168
1.350
0.561
-0.089
1.510
0.514
0.980
1.821
2.252
1.440
4.386
0.067
-0.327
0.583
-0.113
0.527
0.219
0.458
0.316
0.067
2.935
0.168
1.579
-0.180
0.676
1.019
0.367
0.872
0.650
-0.475
0.591
0.439
1.748
-0.071
0.261
0.938
0.716
0.395
1.437
0.586
-1.687
0.191
-0.585
0.333
-0.146
0.074
-0.151
1.512
0.179
-0.157
0.596
-0.136
-0.121
0.019
0.654
-0.491
-0.114
0.833
0.201
0.588
1.676
-0.128
0.288
-0.054
0.142
0.758
0.405
-0.146
-0.071
-0.162
-0.181
0.529
-0.441
-0.204
2.183
0.170
0.625
0.762
-0.006
0.992
0.446
0.061
-0.586
-2.213
-0.903
0.422
-0.100
-0.302
0.195
0.118
-0.067
1.539
0.472
0.004
0.128
0.021
0.113
0.205
0.113
-0.291
0.361
-0.029
0.648
-0.092
-0.146
1.019
1.083
0.228
-0.092
0.549
0.168
1.178
0.625
0.298
0.050
-0.167
0.328
0.275
-0.685
-0.033
-0.137
-0.213
0.118
-0.411
0.011
4.028
1.218
1.425
1.150
1.266
-0.146
0.027
0.703
2.617
0.854
0.922
1.220
0.006
0.640
0.964
0.614
0.179
0.280
-0.151
2.853
-0.152
0.990
-0.076
0.959
-0.057
1.468
-0.400
-0.146
-0.146
0.330
0.020
0.263
-0.416
-0.198
0.018
0.361
-0.146
-0.146
-0.045
0.964
-0.141
-0.146
0.145
-0.134
-0.169
0.272
0.339
0.083
1.275
0.001
0.597
2.522
1.134
0.795
1.765
0.296
-0.640
0.436
-0.048
2.386
-0.270
0.166
-0.146
0.905
-0.331
0.322
-0.146
0.200
0.580
-0.464
1.644
-0.038
0.853
0.068
0.320
-0.134
1.690
-0.067
0.091
-0.003
-1.508
-0.072
0.296
-0.202
0.571
-1.107
1.702
0.391
-0.285
-0.310
-1.276
-0.724
-0.124
-0.183
-0.725
0.076
-0.784
-0.609
-0.696
-0.858
-0.173
-0.146
-0.146
-0.430
-0.107
0.744
-0.745
1.184
-0.686
-0.387
0.875
-0.184
0.115
2.755
-0.605
-0.224
-0.026
0.133
-0.247
-0.071
0.769
0.215
-0.146
0.360
1.795
0.418
2.189
0.529
0.773
0.545
1.597
2.279
-0.128
-0.146
0.228
0.324
0.167
0.606
0.357
1.455
0.613
2.998
1.183
0.275
0.149
0.496
0.956
0.225
0.519
0.547
1.097
0.349
1.021
-0.014
-0.060
-0.138
-0.266
0.057
0.141
-0.987
-0.115
0.152
0.115
0.042
-0.098
0.008
-0.079
-0.142
0.149
0.288
0.256
1.553
1.782
0.160
-0.146
-0.569
-0.702
0.190
0.074
0.000
-0.560
-0.208
-0.176
-0.129
0.246
1.017
0.447
0.866
0.338
0.669
1.200
3.080
0.934
0.959
-0.767
0.725
0.597
0.684
0.191
0.197
0.052
0.071
0.474
0.381
0.286
0.362
0.168
-0.202
0.168
-0.318
-0.300
0.758
0.685
0.355
1.043
0.489
-0.270
-0.097
1.318
-0.204
2.120
1.494
-0.129
0.108
0.980
0.374
-0.152
0.946
0.204
-0.476
-0.766
-0.061
-0.197
-0.401
0.184
-0.182
-0.110
0.023
-0.077
1.210
1.781
-0.115
-0.016
0.749
-0.220
0.036
0.131
0.038
-0.046
0.041
-0.061
0.591
1.017
0.232
2.211
0.677
-0.194
-0.095
-0.021
-0.547
0.493
0.507
1.181
1.096
0.619
4.055
1.148
-0.017
0.153
0.487
-0.684
0.004
0.761
-0.317
-0.749
-0.146
0.451
0.170
-0.144
0.271
1.101
0.830
-0.146
-0.107
-0.322
-0.448
-0.339
0.393
-0.390
0.587
0.021
-0.502
0.556
0.212
-0.399
-0.197
-0.386
-0.146
0.885
0.105
1.146
0.448
0.363
0.224
-0.151
-0.146
-1.659
1.299
-0.432
0.022
0.240
