-0.399
0.018
-0.025
0.192
-0.233
0.438
-0.612
-0.157
-0.289
-0.060
-0.074
-0.237
0.357
0.211
0.280
0.003
0.261
0.108
0.032
0.130
-0.461
0.417
1.058
-0.046
0.117
0.168
0.015
-0.128
-0.989
-0.029
-0.421
-0.136
-1.020
-0.282
0.086
-2.571
-1.689
-2.166
-0.446
-1.600
-2.245
-4.466
-0.272
-0.060
-0.074
0.176
-0.420
-0.108
-1.253
-1.471
-2.024
-1.940
-2.899
-2.235
-1.864
-1.166
-1.247
0.091
-0.468
-3.338
-0.975
-1.190
-1.647
-1.812
-1.570
-3.166
-1.447
-0.678
-0.213
-0.124
-0.521
-0.086
0.275
-0.471
-0.060
-0.060
0.817
0.749
-2.681
0.312
0.214
-1.180
-0.096
-0.083
0.210
-0.529
-0.835
-2.116
-0.662
-0.615
0.055
-0.400
-0.377
-0.671
-0.617
-0.063
-0.210
0.050
-1.568
-0.951
-0.373
-0.288
-0.407
-1.046
-0.287
-0.001
-0.005
1.253
-0.006
0.270
0.116
-0.119
0.196
-0.006
0.019
-0.004
-0.006
0.177
-0.006
0.238
-0.006
0.031
0.074
0.120
0.165
-1.191
0.102
0.391
0.485
-0.528
0.025
-0.392
-0.060
-0.060
0.677
-1.926
-0.193
-0.541
1.174
0.095
-0.730
1.833
0.709
-0.260
-0.497
0.089
-0.276
-0.858
-0.782
-3.267
-1.497
0.337
-0.936
-1.657
-1.187
-2.880
-2.454
-0.770
-0.792
-0.060
-0.060
-1.637
-1.742
-0.198
0.575
0.004
-1.144
-1.265
-0.458
-0.512
-1.436
0.315
-0.230
0.378
-1.414
-1.404
-2.127
-1.316
-0.295
-0.951
-0.045
-1.695
-0.317
-0.601
-1.112
-1.422
-0.357
0.027
-0.897
-0.377
-0.019
-0.454
0.018
-0.023
-0.060
-0.068
-1.074
-0.562
-0.581
-0.313
-0.891
-0.593
1.129
-0.017
-0.130
-0.081
-2.386
-3.107
-0.508
-0.338
-1.039
-0.028
1.160
-0.461
-0.280
0.777
1.340
0.119
-2.527
-2.273
-1.222
-2.523
0.097
-1.525
-1.731
-1.311
-0.727
-0.354
-1.665
-0.756
-0.330
-2.074
-1.407
-0.756
-3.138
0.066
0.903
-1.677
-0.147
-0.562
-0.205
-1.057
-0.208
0.058
-2.726
-0.006
-0.428
0.215
-1.948
-1.440
0.401
-1.400
-0.301
0.119
-1.215
-0.513
-1.857
0.248
0.064
-0.749
-0.948
-0.846
-1.300
-0.833
0.968
-0.047
0.794
0.200
-0.292
-0.268
0.208
-0.246
0.156
-0.053
-0.967
-0.191
0.815
-0.381
-1.325
-0.069
0.359
-0.426
-0.429
-1.202
-0.712
-0.027
-0.486
-0.368
-0.051
-0.637
-2.030
-0.115
-0.365
0.075
0.191
0.246
-0.110
-0.107
-2.976
-1.119
-2.936
-0.192
-1.241
-0.583
-0.083
0.266
0.578
1.138
0.548
-0.870
1.352
1.110
-0.763
0.397
-1.243
-1.892
-0.259
0.344
-0.484
-0.014
-0.368
-0.048
-0.310
-0.043
-0.598
0.021
-0.730
-0.185
-0.023
-1.959
-1.435
-0.790
-0.301
-0.562
-0.331
-0.899
-0.489
-0.094
-0.040
-0.034
-0.687
-1.223
0.992
-0.357
-0.196
-0.050
-0.486
-0.006
0.194
-2.682
-0.981
-1.103
-1.535
-1.651
-0.662
-0.457
-1.240
-2.153
-0.953
-0.060
-0.370
-0.215
-0.668
-1.125
-0.167
-0.890
-1.351
0.176
-2.935
0.239
-1.411
-0.884
-1.034
-0.588
-0.870
-0.335
0.034
0.130
-0.076
-0.201
0.683
0.442
1.225
0.427
-0.378
-0.087
-0.164
-0.178
-2.023
-0.555
0.198
-0.239
0.040
-0.323
-0.094
-0.717
-0.334
-1.471
-0.287
-1.169
-1.110
0.782
-0.911
-0.702
-0.281
-1.088
-0.265
-0.708
-1.564
0.545
-0.067
-0.060
-0.966
0.061
-0.018
0.138
-0.664
-1.320
-0.018
-1.612
-0.491
-0.613
-0.188
-0.920
-0.196
-0.500
-0.371
-0.329
-0.147
-0.059
-0.436
-0.379
1.011
-0.952
-0.056
-1.933
-0.922
-0.060
0.280
1.567
0.517
0.028
-0.003
0.332
-0.054
0.793
0.823
0.489
0.776
0.686
-0.055
0.182
0.507
0.247
-1.071
0.381
-1.589
0.748
0.320
-0.842
0.432
0.072
-2.063
0.723
-1.550
-0.106
-0.231
-0.088
-0.345
-0.483
-0.545
0.008
-0.415
-1.523
0.026
-1.693
-0.559
-0.648
-0.170
-1.184
-2.400
-0.389
-0.118
-0.121
-0.577
-0.137
-1.168
-0.732
-1.757
-0.752
-2.252
-1.186
-0.484
-0.474
-0.287
-0.855
-0.532
-0.414
-1.108
-1.175
-0.951
-1.421
-0.370
-0.168
0.414
-0.120
-0.096
-0.032
0.549
-0.469
-0.468
0.005
0.038
0.401
-0.175
-0.221
-0.321
-0.346
-0.390
-0.366
-1.192
-1.175
-0.225
-0.025
0.304
-0.013
-0.422
-0.630
-0.296
-0.298
-0.157
-0.306
0.009
-0.115
-0.989
-0.516
-0.966
-0.583
-0.827
-0.830
-3.011
-1.194
-0.873
0.533
-1.043
-0.363
-1.191
0.209
-0.225
0.455
-0.317
-0.896
-0.528
-0.665
-0.434
-0.094
0.268
-0.604
-0.035
-0.226
-0.786
-0.385
-0.282
-0.741
-0.508
0.245
0.075
-1.131
0.092
-2.345
-0.724
-0.208
-1.132
-0.873
-0.672
0.073
-1.140
0.263
-0.380
-0.007
-0.227
-0.288
0.515
-0.008
-0.055
-0.093
0.026
-0.003
-1.824
-0.657
0.077
0.082
-0.314
-0.323
-0.215
-0.151
-0.132
0.105
-0.587
-0.289
-0.824
-0.887
-0.563
-1.739
-1.029
-0.166
-1.240
-0.971
-0.045
-1.204
-0.988
-1.272
-0.614
-0.406
-2.895
-0.910
-0.474
-0.977
-0.731
0.318
-0.277
-0.499
0.503
-0.096
-0.522
-0.421
-0.304
-0.148
-0.311
-0.447
-0.281
1.269
-0.526
0.412
0.444
0.025
-0.260
0.141
-0.611
-0.032
0.471
-0.642
-0.274
-0.050
0.035
0.196
0.543
-0.844
-0.148
-0.721
-0.721
-0.397
-0.438
0.297
2.067
1.371
-0.939
0.066
-0.946
0.034
