0.138
0.109
0.087
0.154
0.317
0.443
0.324
0.095
0.571
0.295
0.568
0.406
0.205
0.339
-1.052
-0.018
-0.059
0.006
-0.044
0.067
0.502
-0.924
-0.692
0.324
-0.044
-0.022
0.334
0.197
0.592
0.089
0.091
0.195
-0.787
-0.373
-0.260
2.748
1.844
2.145
0.780
1.797
2.060
3.222
-0.262
-0.800
0.467
0.008
0.279
-0.055
1.927
1.110
2.805
1.985
2.838
2.840
2.143
1.766
0.808
0.026
0.744
3.394
1.653
1.566
1.775
2.046
1.139
2.591
2.189
0.885
0.189
0.338
1.395
-0.429
-0.067
0.615
0.320
1.621
0.387
-1.329
3.285
0.283
-0.899
1.374
0.953
0.275
-0.677
-0.628
0.357
2.042
0.579
-0.194
-0.122
0.148
0.029
0.745
0.599
0.048
-0.072
0.065
1.235
0.405
0.113
0.189
0.292
0.915
0.293
-0.194
0.135
0.092
0.114
-0.074
0.125
0.149
0.084
0.069
0.066
0.053
0.112
-0.040
0.109
0.073
0.116
0.119
0.086
-0.183
-0.038
1.168
-0.046
-1.659
-0.271
0.248
-0.125
-0.288
-0.490
-0.742
-1.481
0.376
0.244
-0.255
-1.056
0.248
0.284
-1.852
-2.125
0.474
0.358
0.141
0.586
0.490
1.101
2.476
1.007
0.119
1.206
1.440
1.298
3.517
2.823
3.079
2.251
-0.220
0.044
2.170
1.363
0.324
-0.260
-0.030
1.468
0.629
0.353
0.453
1.897
-0.369
-0.136
-0.343
0.918
1.814
1.645
0.669
1.397
1.096
-0.023
1.724
-0.114
0.936
0.677
0.515
0.531
-0.260
0.486
0.060
0.005
0.108
-0.294
1.492
1.259
-0.811
0.670
0.982
0.289
0.501
0.308
0.387
-0.442
0.255
0.020
0.474
3.764
2.654
1.090
0.099
0.004
-0.051
-1.032
0.406
0.196
-1.019
-0.981
-0.350
2.288
2.383
1.120
2.354
0.837
1.482
1.370
1.155
1.528
1.177
1.493
1.404
0.319
2.240
1.542
1.242
2.731
-1.042
-1.712
1.351
0.258
1.055
0.509
0.803
-0.178
-0.042
3.450
0.200
0.759
-0.009
1.464
1.982
-0.157
0.882
0.237
0.323
0.820
0.703
1.974
0.106
-0.128
1.399
1.224
0.650
1.070
0.731
-0.862
-0.160
-0.545
-0.048
0.098
1.405
0.058
0.802
0.130
-0.208
1.337
0.080
1.118
0.399
0.959
0.081
-0.427
0.651
0.991
1.234
1.235
0.061
-0.152
-0.353
0.092
-0.108
2.567
-0.132
0.077
-0.109
0.076
-0.312
0.190
0.015
2.326
-0.161
-0.760
0.641
0.130
1.187
0.319
1.001
-0.804
-1.523
-1.079
-0.661
0.610
-1.449
0.806
-0.170
0.978
2.922
0.559
-0.451
-0.039
-0.190
0.213
0.278
0.780
0.530
0.805
0.185
0.837
0.124
-0.205
1.718
1.601
0.700
0.738
0.653
0.315
1.120
0.486
0.138
0.046
0.030
0.558
1.477
-0.743
0.628
0.344
-0.098
0.236
-0.317
-0.272
3.065
1.606
1.009
1.607
1.661
1.347
0.073
1.811
2.225
1.140
-0.250
0.743
0.062
0.896
1.441
1.595
1.123
0.436
-0.058
2.153
-0.623
1.089
1.382
1.517
0.451
1.740
0.270
1.066
0.564
0.457
0.109
0.516
0.198
-0.857
0.600
0.477
0.125
-0.072
0.809
1.553
0.269
-0.304
0.297
0.124
-0.149
0.238
1.246
0.824
1.171
-0.131
2.311
1.354
0.726
1.055
1.305
1.111
1.379
0.643
2.945
3.146
0.241
0.763
0.127
0.572
-0.068
0.333
0.111
0.341
0.583
-0.144
1.369
0.508
0.697
0.247
0.769
0.075
0.710
0.480
0.050
-0.369
-0.005
0.324
0.058
-0.707
0.551
0.001
2.172
1.411
0.026
-0.208
-0.916
-1.180
-0.011
-0.256
-0.334
0.038
-0.898
-0.759
-1.029
-1.552
-0.983
-0.406
0.009
-0.465
-0.276
0.175
-0.210
2.047
-0.566
-0.385
1.713
-0.888
1.173
1.581
-0.843
1.327
0.082
0.353
-0.740
0.273
0.456
0.463
-0.127
0.352
2.446
0.442
2.171
0.562
0.177
0.095
1.651
2.741
0.167
-0.012
0.475
0.730
0.383
1.950
0.612
1.205
0.678
2.036
0.692
0.647
0.433
0.228
0.782
0.341
0.421
0.653
1.893
1.084
1.794
0.225
0.025
0.171
0.308
-0.069
0.088
-0.896
0.116
0.369
0.376
0.360
0.473
-0.300
0.038
0.429
0.106
0.550
0.199
0.985
1.758
0.263
0.171
-0.538
0.259
0.345
1.073
0.172
-0.552
0.165
0.099
0.227
0.714
1.124
0.463
0.978
0.359
0.771
1.182
3.292
0.842
1.071
-0.309
0.608
0.334
1.485
-0.317
0.186
-1.093
0.291
0.965
0.524
0.357
0.273
0.319
-0.156
0.342
0.324
0.061
0.369
0.542
0.261
0.517
0.354
0.050
0.002
0.740
0.179
3.135
0.495
0.454
0.043
0.363
1.580
-0.109
0.780
-0.120
0.282
0.093
0.124
-0.603
-0.656
0.322
-0.157
-0.367
-0.102
-0.352
1.183
0.632
-0.293
0.314
0.177
0.211
0.353
0.389
-0.031
-0.199
0.520
0.025
0.839
0.577
0.283
1.433
0.641
0.835
0.650
0.822
-0.027
1.374
0.448
0.955
1.203
0.659
2.714
1.118
0.228
0.192
0.777
-0.247
0.198
0.385
-0.398
0.078
0.438
0.681
1.561
-0.120
0.284
1.553
0.725
-1.304
0.439
-0.571
-0.669
-0.507
1.581
0.144
0.714
-0.100
-1.024
1.197
0.935
0.075
-0.451
-0.065
-0.604
0.753
0.230
0.991
1.075
0.655
0.163
0.013
-0.474
-0.761
1.660
0.419
0.060
-0.158
