-0.401
-0.484
0.067
-0.026
0.064
0.211
-0.036
0.024
-0.523
-0.330
-0.006
-0.542
-0.646
0.051
-0.079
0.106
0.089
0.122
0.064
-0.165
-0.479
2.096
0.417
-0.111
0.080
-0.269
-0.213
0.064
-0.851
-0.036
0.166
-0.236
0.156
-0.202
0.064
-3.310
-1.927
-2.792
-0.620
-1.475
-2.725
-3.896
0.270
0.064
-0.217
0.466
-0.082
-0.002
-2.086
-1.866
-2.127
-1.272
-2.766
-3.832
-2.313
-1.771
-1.077
0.064
-1.023
-3.416
-1.257
-1.842
-1.649
-1.953
-1.463
-2.410
-1.529
-0.855
-0.149
-0.433
-0.933
-0.038
0.270
-0.513
0.064
-1.636
0.294
1.188
-2.001
0.274
0.113
-1.661
-0.394
-0.229
0.690
-0.263
-1.483
-2.169
-1.387
0.082
0.221
0.067
0.021
-0.998
-1.293
-0.571
-0.397
-0.172
-0.664
-0.588
0.064
0.075
-0.110
-0.737
0.027
0.103
-0.048
1.364
-0.159
-0.062
0.127
0.014
0.079
-0.158
0.018
0.194
-0.015
0.143
-0.106
0.043
-0.064
-0.016
0.051
0.071
-0.048
-1.458
0.079
0.095
0.321
-1.401
-0.035
0.173
-0.233
0.064
0.372
-0.516
1.718
-0.990
0.328
-0.173
-1.148
-0.589
1.199
0.018
0.678
0.425
0.027
-2.163
-1.197
-0.736
0.064
0.064
-1.170
-2.082
-2.601
-2.942
-2.867
-1.621
-2.567
1.280
-2.117
-2.374
-1.018
0.064
0.137
0.000
-1.559
-0.226
-0.358
-0.300
-1.377
0.688
-0.354
0.064
-0.991
-1.679
-1.050
-0.048
-0.440
-1.269
0.011
-3.109
0.064
-1.079
-0.771
-0.650
0.080
0.205
-0.113
0.047
-0.112
0.064
0.064
0.064
0.064
-0.297
-0.434
-0.498
-0.484
-0.338
-0.084
-0.383
0.293
-0.317
-0.287
-0.357
-2.835
-3.034
-0.936
0.064
-1.483
-0.583
0.556
-0.012
-0.515
0.064
0.258
0.064
-2.506
-1.886
-1.700
-2.485
0.134
-1.782
-1.535
-0.972
-1.286
-0.471
-1.775
-1.442
-1.546
-2.013
-1.622
-1.351
-2.878
-0.071
0.976
-0.083
-0.034
-1.057
-0.617
-1.310
-0.064
-0.135
-1.592
0.262
-0.762
-0.234
-0.290
-1.632
0.059
-1.242
-0.591
0.113
-1.326
-0.417
-2.373
-0.178
-0.179
-1.252
-0.842
-0.940
-1.593
-0.338
1.353
0.046
0.213
0.449
0.064
-0.059
0.093
-0.877
0.014
0.064
-0.307
0.064
-1.595
-0.191
-0.863
0.001
0.140
-0.383
-0.656
-1.705
-1.535
-0.216
-0.604
-0.068
-0.027
-0.814
-2.688
0.411
0.260
0.132
-0.106
0.168
0.026
-0.023
-2.789
-0.213
-0.628
-1.872
-1.146
-1.643
-0.329
-0.907
0.906
2.295
1.293
0.064
-0.272
0.324
-0.456
0.031
-1.369
-1.880
-0.988
0.245
-0.592
-0.166
-0.200
0.023
-0.311
-0.348
0.064
-0.042
-0.497
-0.087
0.036
-2.137
-1.303
-0.234
-0.555
-0.695
-0.032
-0.978
-0.380
-0.694
0.014
0.048
-1.441
-0.310
0.080
-0.633
-0.794
0.485
-0.883
0.214
0.126
-3.523
-1.569
-1.099
-1.584
-1.386
-0.881
-0.441
-1.104
-2.346
-0.571
-1.944
-1.668
-0.141
-0.938
0.064
0.102
-0.671
-1.528
0.247
-2.580
0.129
-1.658
-1.058
-2.336
-0.808
-0.657
0.064
-0.079
-0.804
0.064
-0.622
-0.017
0.064
0.725
-0.979
-1.367
-0.570
1.043
0.007
-0.459
-0.631
-0.205
-0.007
-0.027
-0.733
-0.437
-0.624
-0.510
-1.504
-0.140
-1.761
-2.130
0.064
-1.477
-0.996
0.064
-1.565
-0.328
-1.699
-2.128
0.218
-0.638
0.024
-0.699
0.287
-0.321
-0.006
-0.259
-0.953
-0.082
-1.663
-0.340
-0.507
-0.198
-0.253
-0.222
0.506
-0.144
-0.019
0.441
0.461
-0.117
0.079
0.315
-0.564
0.064
-2.256
-0.802
0.276
-0.037
1.176
1.376
0.028
0.217
0.640
0.684
0.256
0.064
1.148
0.094
-0.151
-0.025
0.127
0.446
0.064
-0.004
0.626
-1.866
0.448
0.360
-1.926
1.649
0.186
-2.034
0.892
-0.390
0.051
0.064
-0.027
-0.087
-0.458
-0.762
0.272
-0.163
-1.670
0.083
-2.877
-1.685
0.064
-0.007
-0.484
-1.746
0.064
0.073
-0.543
-0.279
-0.489
-2.297
-0.867
-1.404
-0.477
-2.672
-1.378
-0.292
-0.303
-0.120
-0.782
-0.124
-0.332
-1.316
-2.617
-1.532
-2.106
0.064
-0.174
-0.039
0.022
0.007
0.167
0.966
-0.472
0.048
-0.059
-0.244
-0.634
-0.199
-0.094
-0.059
-0.467
-0.135
-0.209
-1.275
-1.753
-0.220
-0.040
0.248
-0.110
-0.615
-0.273
-0.060
-0.173
0.063
0.000
0.167
-1.648
-1.363
-0.357
-0.823
-0.885
-1.138
-0.922
-2.842
-1.075
-1.283
-0.006
-1.201
-0.873
-0.932
-0.103
0.041
0.054
-0.175
-1.096
0.064
-0.197
-0.455
-0.379
-0.215
-0.467
-0.128
-0.359
-0.759
-1.369
-0.240
-0.410
-0.413
0.047
0.005
-0.604
0.064
-2.826
-1.389
0.064
-0.463
-1.038
-1.615
0.282
-1.067
0.050
-0.074
0.169
-0.342
0.175
0.053
-0.442
0.578
0.176
0.254
0.282
-1.978
-1.543
0.767
-0.096
-0.450
-0.446
-0.506
-0.256
0.100
-0.002
-0.361
0.063
-1.202
-1.020
-0.780
-2.325
-0.818
-0.129
-1.235
-1.696
0.924
-1.029
-0.037
-1.279
-0.497
-0.804
-0.330
-1.165
-0.184
-0.993
-0.397
0.431
-0.166
-0.638
0.436
1.318
-0.790
-0.539
-1.260
0.130
0.443
-1.792
-0.618
1.785
-0.007
0.647
1.079
0.350
-0.821
0.056
0.171
-0.311
0.527
-1.133
-0.835
-0.172
0.177
-0.192
0.394
-0.843
-0.043
-0.642
-1.316
-0.215
-0.295
-0.369
-0.079
0.233
-2.332
0.189
-1.446
0.471
