0.030
-0.213
0.064
0.097
0.058
0.357
0.350
0.058
0.081
0.377
0.115
0.605
-0.206
0.064
0.056
-0.099
0.037
-0.183
-1.013
0.143
0.441
-1.384
0.006
0.223
-0.021
-0.180
-0.158
0.175
0.828
-0.007
0.098
0.082
-0.008
0.058
0.063
2.591
1.550
1.783
0.330
0.509
1.572
4.678
0.070
-0.345
0.473
0.018
0.040
-0.035
0.675
1.344
1.535
0.382
1.298
2.525
2.048
1.585
0.929
0.015
0.868
3.761
0.332
0.839
1.610
1.872
1.214
2.451
1.478
0.693
-0.089
0.077
0.955
-0.565
-1.482
0.103
0.910
1.565
0.446
0.132
3.488
0.016
-0.068
0.697
0.239
0.091
-0.503
-0.117
0.913
1.390
0.538
0.008
-0.405
-0.001
0.042
0.215
0.072
0.112
0.125
0.054
0.510
0.945
0.184
-0.021
0.757
0.088
0.688
-0.016
0.058
-0.189
0.054
0.036
-0.080
0.054
0.058
0.058
0.041
0.058
0.059
-0.476
0.058
0.025
0.058
0.058
0.058
0.046
-0.124
1.284
-1.443
-0.624
-0.315
0.149
0.061
0.055
0.005
0.089
-0.491
0.116
0.063
0.593
-0.817
0.054
0.058
-1.886
-1.357
0.019
0.102
0.079
0.466
0.489
0.418
2.002
0.120
-0.226
0.147
2.413
1.553
2.977
1.112
2.724
2.811
-0.194
0.407
3.438
1.586
0.051
-0.231
0.060
0.198
0.444
0.167
1.229
0.934
-0.175
0.168
-0.228
0.880
1.224
0.839
0.449
0.940
0.885
-0.587
0.406
0.053
0.116
0.373
0.184
0.108
-0.726
-0.320
-0.129
0.020
-0.120
-0.023
1.930
0.878
-0.593
0.171
0.081
2.029
0.071
1.350
-0.008
-0.755
0.048
0.221
0.058
3.548
2.508
1.209
-0.486
-0.186
-0.088
-1.397
-0.114
-0.083
-0.083
-0.182
-0.114
1.666
1.913
1.125
2.043
0.650
0.799
1.071
0.507
1.000
1.105
1.081
0.767
1.060
1.682
0.970
0.897
3.208
-0.028
-0.272
1.537
-0.048
0.740
0.218
0.119
0.060
0.233
2.860
0.066
0.100
0.212
0.911
1.439
-0.958
0.528
0.022
0.355
0.211
0.224
0.595
0.058
-0.154
0.405
0.697
0.044
1.527
0.260
-1.587
0.001
-0.265
0.048
0.249
0.251
-0.155
0.614
0.119
0.025
1.479
0.058
0.424
0.966
0.076
-0.338
0.965
0.466
1.145
1.501
0.812
0.031
-0.023
0.177
0.173
0.290
0.419
-0.036
0.027
0.058
0.033
0.116
-0.103
-0.712
1.520
-0.959
0.058
1.053
0.250
0.936
-0.235
-0.790
-0.858
-2.787
-1.003
-0.074
0.043
-0.909
0.118
-0.510
0.485
2.692
-0.072
-0.044
0.035
-0.217
0.058
-0.072
0.083
0.062
0.089
-0.261
0.106
0.058
0.023
1.724
2.125
0.243
0.403
0.343
0.069
1.433
0.664
0.084
0.022
-0.053
0.358
0.354
-0.237
0.067
0.830
-0.299
0.011
-0.094
-0.451
2.666
0.804
0.621
0.914
1.385
0.958
0.058
1.060
2.895
1.090
0.272
-0.001
0.210
0.061
0.787
0.544
-0.146
3.002
0.040
1.812
0.058
0.138
0.159
1.312
0.235
1.802
0.282
0.058
0.067
0.058
-0.282
0.389
-0.206
-1.611
0.062
0.064
0.021
-0.044
0.139
0.127
0.309
-1.192
0.011
0.125
0.403
-0.157
0.277
0.365
0.349
0.058
1.233
0.367
0.254
0.137
0.393
0.329
0.058
-0.513
0.737
1.469
-0.052
0.813
0.058
0.426
-0.343
0.131
0.096
0.441
1.059
-0.021
1.021
0.216
0.415
0.304
0.400
0.608
1.130
0.155
0.082
-0.542
-1.370
0.075
-0.109
-0.835
0.664
0.058
1.131
0.568
0.458
0.058
-0.388
-0.382
-0.247
-0.034
-0.398
0.329
-0.257
-0.138
-0.171
-0.141
-0.473
-0.004
-0.308
-0.247
-0.056
0.207
-0.407
0.171
-0.366
-0.094
2.039
-1.143
-0.677
0.008
-0.499
-0.256
-0.320
0.179
-0.842
0.058
0.587
1.370
-0.819
0.097
1.611
0.088
2.222
2.955
0.100
-0.230
1.044
1.558
0.071
0.017
0.092
0.480
-0.209
0.686
0.235
0.645
0.161
2.322
1.204
0.183
0.097
0.095
1.118
0.089
0.337
0.694
0.576
1.099
1.005
0.058
-0.092
-0.122
0.058
-0.144
-0.072
-0.483
0.036
0.058
0.008
0.144
-0.145
-0.036
0.054
0.021
1.233
0.601
0.205
2.255
0.658
0.454
0.139
-1.421
-0.244
0.181
0.876
0.058
-0.692
0.086
0.069
-0.045
1.183
0.451
-0.026
0.510
0.343
0.753
1.102
2.490
0.387
0.573
0.152
1.018
0.311
0.635
-0.123
0.096
-0.651
0.090
0.335
0.517
0.326
0.496
0.345
0.685
0.176
0.066
0.050
0.202
-0.045
-0.072
0.132
0.801
0.121
0.036
0.384
0.000
2.451
1.254
0.058
0.890
0.120
0.408
0.736
0.771
-0.275
0.181
0.029
0.126
0.032
-0.120
0.063
-0.442
0.001
-0.036
0.030
0.482
-0.187
0.115
-0.133
-0.111
-0.281
0.196
0.087
0.077
-0.143
0.211
0.070
0.654
0.475
-0.081
1.638
1.070
0.501
1.049
0.317
0.086
0.539
0.225
0.635
1.195
0.615
1.528
0.495
0.004
-0.371
0.776
-0.001
0.121
0.097
-0.377
-0.872
0.036
-0.088
1.847
0.058
0.201
1.931
0.261
0.005
0.716
-0.848
-0.810
-0.599
0.862
-0.067
0.817
0.058
-0.623
0.405
0.277
0.049
-0.023
-0.152
-0.329
1.206
0.104
0.617
0.814
0.330
0.033
0.035
-0.639
-0.762
0.446
-0.187
-1.386
-0.010
