0.047
-0.551
-0.125
-0.161
0.094
-0.125
-0.320
-0.224
-0.262
-0.134
-0.141
-0.455
-0.210
-0.143
0.583
-0.065
-0.009
-0.029
-0.093
-0.308
-0.734
1.171
0.692
-0.198
-0.015
-0.096
-0.120
-0.004
-0.755
-0.193
-0.145
-0.215
-0.125
-0.094
-0.152
-2.057
-1.717
-1.870
-0.511
-1.123
-1.549
-2.652
0.051
-0.035
-0.125
-0.408
-0.129
-0.106
-1.822
-1.186
-2.522
-1.388
-1.912
-2.557
-2.089
-1.463
-1.186
-0.100
-1.139
-3.251
-1.006
-0.891
-1.244
-1.441
-1.023
-2.127
-1.184
-0.485
-0.110
-0.539
-0.379
0.055
0.284
-0.399
-0.097
-0.109
-0.125
1.073
-3.808
0.197
-0.055
-1.011
-0.165
-0.390
0.161
-0.675
-1.437
-2.469
-0.771
0.261
0.245
-0.125
-0.032
-0.637
-0.187
-0.125
-0.005
-0.055
-1.047
-0.971
-0.165
-0.205
0.023
-1.227
-0.373
0.127
-0.200
1.339
-0.026
0.178
-0.011
-0.182
0.046
-0.030
0.077
0.047
-0.182
0.218
-0.057
0.203
0.617
0.057
0.059
0.217
0.227
-2.175
-0.065
0.553
-0.179
-0.661
-0.179
-0.016
-0.228
-0.292
0.160
-0.588
-0.907
-0.315
0.547
-0.203
-0.397
1.208
1.322
-0.268
-0.130
-0.255
-0.512
-0.125
-1.325
-0.876
-0.769
-0.125
-0.446
-1.102
-0.960
-3.096
-2.477
-1.815
-2.136
0.347
-0.986
-1.535
-1.133
-0.110
0.059
-0.078
-0.911
-1.320
-0.342
-0.207
-1.364
-0.062
-0.122
-0.114
-0.910
-1.711
-1.059
-0.421
-0.504
-0.597
-0.196
-1.366
0.068
-0.476
-0.553
-0.370
-0.184
0.232
-0.085
-0.009
-0.059
0.202
0.213
-0.054
-0.094
-0.094
-0.299
-0.255
0.053
-0.182
-0.134
-0.191
0.305
-0.125
-0.125
-0.125
-3.183
-1.899
-0.781
-0.125
-0.663
-0.183
1.184
-0.672
-0.254
3.882
-0.616
0.001
-1.617
-1.889
-1.032
-2.243
-0.850
-1.744
-1.078
-0.618
-1.303
-0.864
-0.838
-0.645
-1.306
-1.256
-1.219
-1.030
-2.494
0.341
0.488
-0.674
-0.231
-0.816
-0.611
-1.252
-0.163
-0.187
-2.774
-0.143
-0.607
0.368
-0.868
-1.393
-0.377
-1.014
-0.393
-0.117
-1.146
-0.359
-1.679
-0.050
-0.593
-1.461
-0.696
-0.154
-0.660
-0.440
0.253
-0.125
-0.144
0.182
-0.259
-0.869
-0.023
-0.924
0.107
-0.081
-0.782
-0.125
-0.509
-0.227
-0.302
0.592
-0.172
-0.618
-1.199
-1.224
-1.039
-0.101
-0.429
-0.057
-0.086
-0.125
-1.388
5.340
-0.293
0.188
-0.038
0.299
-0.577
-0.083
-1.840
0.312
0.032
-1.336
-0.934
-1.409
-0.187
-0.347
0.679
1.925
1.123
-0.324
0.126
0.782
-0.979
-0.149
-0.041
-1.795
-0.533
-0.061
-0.052
0.008
-0.147
-0.061
-0.386
-0.271
-0.535
-0.121
-0.567
-0.101
-0.140
-1.477
-1.640
-0.420
-0.210
-0.639
-0.303
-0.959
-0.142
-0.501
-0.035
0.159
-0.345
-1.490
0.646
-0.125
-0.125
0.080
-0.162
0.031
-0.084
-2.715
-1.066
-0.633
-0.961
-1.470
-1.268
-0.322
-1.753
-1.949
-0.601
0.061
-0.445
-0.124
-0.411
-0.467
-0.224
-0.641
-2.006
0.071
-2.861
-0.030
-1.385
-1.342
-0.684
-0.246
-0.786
-0.008
0.335
0.350
-0.541
-1.032
-0.048
3.741
1.098
-0.158
-0.616
-0.103
0.209
-0.196
-0.491
-1.242
0.887
-0.020
-0.273
0.035
-0.303
-0.739
-0.333
-0.958
-0.790
-1.687
-1.006
0.700
-0.305
-0.489
-0.125
0.045
-0.349
-1.833
-2.083
-0.280
-0.686
-0.203
-0.399
0.464
-0.275
0.223
-0.318
-0.594
-0.354
-0.979
-0.421
-0.236
-0.190
-0.125
-0.377
-0.318
-0.353
-0.065
0.107
0.082
-0.342
-0.125
-0.125
-0.372
1.182
-0.908
-1.163
0.465
-0.048
0.603
0.476
0.256
0.048
0.128
-0.233
0.550
0.231
0.510
0.640
0.800
0.132
0.146
0.025
-0.189
-0.600
-0.115
-1.631
0.426
-0.067
-2.125
0.492
0.264
-1.220
0.305
-0.236
-0.510
-0.273
0.150
-0.290
-0.432
-0.640
-0.044
-0.209
-2.015
-0.371
-2.212
-1.289
-0.125
-0.202
-1.492
-2.663
-0.059
0.106
-0.194
-0.261
-0.756
-1.181
-0.534
-1.629
-0.687
-2.649
-1.315
-0.483
-0.330
-0.132
-1.059
-0.148
-0.250
-0.702
-1.953
-0.654
-1.477
-0.238
-0.085
-0.048
-0.036
-0.025
-0.194
0.019
-0.136
-0.288
-0.245
-0.123
-0.270
-0.129
-0.155
-0.372
-0.180
-0.253
-0.493
-1.643
-2.373
-0.713
-0.178
0.492
-0.009
-0.518
-1.320
-0.261
-0.054
-0.188
-0.150
-0.027
-0.170
-1.043
-0.473
-0.575
-0.245
-0.506
-0.613
-2.593
-1.092
-0.682
-0.088
-0.205
-0.425
-0.451
-0.137
-0.138
0.088
-0.282
-0.309
-0.125
-0.284
-0.136
-0.131
0.060
-0.429
-0.138
-0.010
-0.501
-0.515
-0.286
-0.151
-0.634
-0.012
0.187
-0.649
0.174
-2.585
-1.605
-1.125
-0.532
0.301
-0.393
-0.106
-0.660
0.167
-0.125
-0.103
-0.172
-0.109
0.417
-0.125
-0.042
-0.047
-0.044
-0.087
-2.191
-1.019
-0.185
-0.054
0.059
-0.047
-0.228
-0.252
-0.344
-0.202
-0.348
-0.078
-0.960
-0.281
-0.227
-1.539
-0.354
-0.209
-0.286
-0.847
-0.070
-0.994
-0.215
-1.080
-0.489
-0.574
-3.108
-0.529
-0.540
-1.333
-0.793
0.161
-0.355
-0.409
0.989
0.011
-0.628
-0.161
-1.141
-0.065
0.126
-0.734
-0.199
0.393
-0.528
0.413
0.300
0.606
-1.299
-0.070
-0.141
0.089
0.050
-0.647
-1.016
-0.015
-0.096
-0.079
1.163
-0.811
0.114
-0.538
-0.229
-0.102
-0.125
-0.064
0.095
0.021
-0.512
0.165
-0.216
0.066
