-0.214
0.210
-0.085
-0.090
-0.258
-0.005
-0.055
0.003
-0.158
-0.119
0.003
-0.483
0.282
-0.396
0.014
0.173
0.290
0.020
0.453
0.911
-0.619
0.485
-0.491
0.023
0.026
0.026
0.363
0.003
-0.132
-0.026
-0.189
0.277
0.425
0.016
0.524
-2.176
-1.904
-2.968
-0.390
-2.319
-2.864
-4.101
0.059
0.096
0.012
0.001
-0.930
0.381
-2.309
-2.198
-1.808
-2.098
-1.977
-1.900
-2.730
-2.354
-0.892
0.165
-0.960
-3.530
-0.396
-1.252
-2.091
-2.248
-1.933
-2.832
-1.321
-0.329
-0.263
-0.132
-0.607
0.301
-0.099
-0.811
-0.234
-1.499
-0.410
0.733
-3.218
0.055
0.157
-1.003
-0.782
0.338
0.033
0.044
-0.481
-2.656
-1.979
0.997
0.346
-0.591
-0.156
-0.521
-0.120
0.081
-0.108
-0.009
-1.655
-0.210
-0.036
0.003
-0.040
-0.245
-0.218
0.436
0.036
0.698
0.057
0.196
0.119
0.040
0.162
-0.040
0.303
0.102
-0.003
0.582
0.097
0.116
-0.006
0.006
0.301
0.102
-0.279
-1.377
0.703
0.626
0.053
0.126
-0.350
0.350
-0.289
-1.376
1.884
0.003
0.003
-0.196
0.294
-2.474
0.282
0.775
0.586
-0.185
0.966
0.097
-0.052
-0.204
0.105
-0.110
-0.237
-0.033
-0.695
-3.014
-2.131
-2.474
-1.039
-1.157
-2.431
0.370
-0.690
-2.554
-1.349
-0.386
0.038
0.116
-0.317
-0.531
0.144
-0.071
-0.020
0.221
-0.204
0.300
-1.401
-1.933
-0.283
-0.461
-1.577
-0.451
0.414
-1.393
0.002
-0.266
-0.374
-2.205
-0.211
0.403
0.122
0.485
0.123
-0.009
-0.244
-1.810
0.003
0.026
-0.122
-0.141
-0.738
-0.147
-0.007
-0.427
0.432
-0.083
-0.145
0.527
-1.631
-1.848
-0.507
1.251
-0.789
0.007
0.748
-0.720
-0.308
1.796
-0.228
0.099
-2.522
-2.183
-0.402
-2.292
-1.046
-1.144
-0.180
-0.502
-1.392
-1.915
-1.619
-0.282
0.061
-0.996
-2.054
-0.311
-3.564
0.341
0.302
0.003
-0.537
-0.441
0.347
-1.155
0.926
-0.286
-3.186
-0.093
-1.597
0.003
-2.566
-0.262
0.540
-0.851
-1.315
0.131
-0.743
-0.445
-1.834
0.152
0.058
-0.973
-0.215
0.003
-1.022
-0.320
0.832
0.100
0.003
-0.143
0.410
-0.069
0.043
-0.704
-0.234
0.110
-0.066
0.003
-0.251
-0.037
-0.348
-0.035
0.082
0.005
-0.089
-0.734
-1.725
-0.077
-0.163
-0.252
0.031
-0.169
-2.262
-0.027
0.010
0.003
0.216
0.088
-0.227
0.055
-1.919
0.261
0.200
-0.427
-0.605
-0.270
-0.343
0.207
1.367
1.521
0.626
0.034
-0.174
0.445
-0.085
0.083
-0.098
-1.199
-0.218
0.296
-1.540
0.174
0.001
0.046
-0.047
-0.017
-1.457
-0.158
0.003
0.046
0.102
-1.260
-1.040
-0.557
0.052
-0.691
-0.498
-1.086
-0.465
-0.353
-0.053
0.058
-1.080
-0.480
0.212
-1.397
-1.873
-0.883
-0.677
0.260
0.239
-2.053
-0.752
-1.513
-1.187
-1.712
-0.004
-0.075
-1.288
-2.448
-0.795
-0.174
-0.328
-0.069
-2.326
-0.445
-0.630
0.259
-0.319
0.320
-3.499
0.045
-0.862
-0.806
-2.460
-0.742
-0.687
0.003
-0.046
-0.213
-0.369
0.231
0.064
0.489
1.156
0.016
0.021
-0.073
0.793
-0.296
-0.023
-0.149
0.699
-0.132
0.343
-0.190
0.752
-0.909
-0.008
-1.788
0.247
-1.558
-0.431
0.927
-0.295
0.008
0.003
-0.021
0.078
-1.384
-1.540
0.090
0.058
0.036
-0.912
-1.134
-0.262
0.187
-0.194
-0.587
0.163
-1.086
-0.291
-0.305
0.264
-0.717
0.177
-1.655
0.003
0.013
1.232
1.558
-0.048
0.106
0.708
-0.038
0.003
-0.556
-1.666
-0.115
0.010
0.782
0.193
0.134
0.104
1.298
-0.119
0.084
0.018
0.566
0.914
0.083
0.096
0.234
-0.039
0.005
-0.175
0.080
-1.107
0.627
0.360
-0.689
0.024
-0.203
-1.374
-0.094
-1.168
0.031
-0.139
0.032
-0.036
-0.609
-0.112
0.237
-0.719
-2.217
-0.355
-0.375
-0.701
-0.541
0.003
-0.566
-0.915
-0.151
0.655
-0.313
-0.163
-0.128
-1.452
-1.329
-1.627
-0.237
-2.348
-0.887
-0.600
-0.007
-0.101
-0.638
-0.404
0.108
-0.066
-1.317
-0.612
-1.754
-0.032
-0.564
0.055
-0.030
-0.145
-0.038
0.063
-0.414
-0.205
-0.281
-0.076
0.003
0.004
-0.116
-0.661
-1.346
-0.553
-0.373
-1.817
-1.486
-0.186
0.196
0.394
0.435
-0.212
-0.958
-0.230
0.014
0.066
-0.133
-0.279
-0.860
-1.274
-0.155
-0.396
-0.069
-0.473
-1.933
-2.489
-1.428
-0.195
0.161
-0.473
-0.022
-0.837
-0.485
-0.065
0.999
-0.299
-0.991
-0.259
-0.053
-0.091
-0.516
0.396
-0.499
0.199
-0.147
-0.230
-0.821
-0.359
-0.358
-0.769
0.169
0.258
-0.848
0.751
-3.572
-1.633
-0.337
-0.000
0.169
0.588
0.192
-0.619
0.946
-0.226
0.024
0.024
0.727
0.270
0.003
0.293
0.318
0.089
0.224
-0.507
-1.496
0.069
0.030
-0.166
-0.057
0.145
0.160
0.151
0.135
-0.123
-0.115
-0.349
-0.212
-0.297
-2.465
-0.760
-0.121
-0.292
-0.041
0.100
-1.739
-0.450
-1.266
-1.146
-0.041
-2.343
-0.074
-0.069
-1.133
-0.450
-0.007
0.222
-0.137
0.305
0.301
-0.007
0.003
-0.442
0.280
-0.389
-0.272
-1.066
0.800
-0.049
0.626
-0.113
0.341
0.871
0.108
0.105
0.026
0.349
-0.438
-0.103
-0.073
-0.041
0.296
0.160
-0.222
0.003
-0.692
-0.664
-0.077
-0.028
0.591
0.418
3.393
-1.169
0.325
0.617
0.213
