0.381
0.039
0.008
0.133
0.103
0.167
0.338
-0.014
0.470
-0.006
0.761
0.479
0.115
0.103
-0.387
-0.014
-0.011
-0.011
0.024
-0.091
0.225
-1.229
-0.689
0.003
0.108
0.072
0.001
-0.041
0.322
-0.006
-0.128
0.026
-0.003
0.274
-0.057
2.863
1.883
1.969
0.383
1.366
1.770
3.355
0.082
-0.013
0.064
-0.123
0.158
-0.013
1.805
1.592
2.218
1.681
1.908
3.320
2.136
1.294
1.342
-0.013
0.531
3.419
0.326
0.401
1.056
1.554
1.210
2.386
1.258
0.325
0.033
0.306
0.823
-0.147
-0.165
0.349
0.673
1.700
0.482
-0.487
3.909
-0.003
-0.595
0.418
-0.013
0.143
-0.091
-0.013
1.173
2.865
0.568
-0.081
-0.013
0.356
0.117
0.546
0.271
-0.000
-0.057
0.038
1.038
0.407
-0.005
-0.188
-0.043
0.798
0.159
-0.213
0.043
-0.006
0.040
-0.041
0.096
0.065
-0.006
0.039
0.034
0.053
0.012
-0.080
0.041
-0.023
0.022
-0.006
-0.006
-0.055
-0.148
0.547
-0.117
-1.074
-0.251
0.100
-0.007
-0.133
0.767
0.040
-1.210
0.950
-0.210
0.442
-0.213
0.343
0.331
-0.995
-1.353
0.016
-0.113
-0.031
0.186
0.633
2.007
1.525
0.975
0.057
0.572
2.310
1.619
2.612
2.963
1.528
1.511
-0.013
0.220
1.115
1.424
0.353
0.063
-0.010
0.800
0.942
0.117
0.301
1.253
-0.622
-0.194
-0.325
0.998
1.531
1.226
0.763
0.187
1.053
-0.138
1.196
-0.002
0.701
0.324
0.282
-0.034
-0.455
-0.039
-0.088
0.089
0.445
-0.149
2.574
1.563
-0.313
0.421
0.247
0.150
0.126
0.372
-0.026
0.003
0.120
0.303
0.056
1.957
0.649
0.211
-0.377
-0.014
-0.013
-0.053
0.116
0.075
-1.907
0.271
-0.109
2.199
3.022
1.177
2.933
0.512
1.606
1.385
0.604
0.289
0.312
1.086
0.651
0.648
1.704
1.033
1.007
3.397
0.147
-1.284
0.237
-0.017
0.275
0.335
0.291
-0.220
-0.022
2.294
-0.047
0.111
-0.144
0.644
0.851
0.054
1.237
0.168
0.150
1.478
0.197
1.504
-0.065
0.676
1.059
0.570
0.423
0.658
0.457
-1.216
0.660
-0.613
-0.169
0.038
0.352
-0.134
0.015
-0.006
-0.353
0.360
-0.013
0.016
0.152
0.379
-0.248
0.430
0.360
1.517
1.329
0.915
-0.066
0.903
0.313
-0.120
0.346
1.900
-0.377
0.002
0.046
-0.006
-0.061
0.110
-1.121
3.367
-0.212
0.181
1.172
-0.013
1.695
0.152
-0.002
-0.653
-1.926
-1.248
-0.125
-0.001
-0.909
0.339
-0.317
0.797
1.764
0.513
0.020
-0.326
-0.065
-0.006
-0.006
0.104
0.138
0.436
0.137
0.216
0.012
0.029
1.346
1.805
-0.013
0.067
0.624
0.227
1.035
0.286
0.259
-0.004
-0.092
0.593
1.387
-0.617
0.189
0.204
0.007
0.051
-0.162
-0.143
2.539
0.961
0.967
0.854
0.975
0.610
0.135
1.139
1.267
0.715
0.229
0.318
0.120
0.575
0.085
0.216
0.651
1.904
-0.006
1.617
-0.262
1.446
1.158
0.936
0.736
0.528
0.130
0.019
0.133
0.299
0.447
0.296
-1.482
-0.176
0.110
0.317
0.160
0.236
0.027
0.339
0.435
-0.191
0.098
-0.074
0.035
0.127
0.372
0.005
0.542
-0.247
1.664
1.158
0.719
0.343
1.239
1.604
0.079
0.152
1.414
1.227
-0.010
0.641
-0.001
0.037
-0.004
0.161
0.128
0.110
1.104
0.238
0.957
0.372
0.252
-0.142
0.472
-0.013
0.637
0.221
1.044
-0.009
-0.287
0.032
-0.046
-0.063
0.518
-0.020
1.392
0.767
0.590
0.133
-1.580
-0.192
-0.067
-0.150
-0.916
0.132
-0.912
-0.761
-0.900
-0.497
0.309
0.200
-0.245
-0.200
0.017
0.547
-0.667
1.231
-0.288
-0.339
0.602
-0.515
-0.083
0.793
-0.187
0.649
0.075
-0.088
0.130
-0.006
0.179
0.069
-0.048
0.032
0.810
-0.023
2.153
0.394
0.296
0.404
0.488
1.349
-0.097
-0.132
0.357
0.370
0.213
1.177
0.403
1.220
0.369
2.297
1.110
0.250
0.361
0.554
0.547
0.110
0.287
0.594
1.797
0.640
1.687
0.022
0.044
0.024
0.017
0.192
0.153
-0.030
0.113
0.187
0.073
-0.213
0.423
0.163
0.141
0.144
-0.013
0.443
0.391
1.145
0.978
0.534
-0.039
-0.408
0.030
0.147
0.111
0.031
0.436
0.055
0.001
0.007
0.948
0.720
0.216
0.312
0.387
0.541
0.712
2.075
0.789
0.726
-0.221
0.438
0.300
0.590
0.025
-0.019
0.149
0.059
0.615
0.765
0.316
0.231
0.105
-0.138
0.183
0.194
0.093
0.326
0.184
-0.001
0.372
0.036
0.123
-0.293
0.644
-0.207
2.066
1.462
0.183
4.875
0.026
0.314
-0.079
2.210
-0.168
0.049
-0.110
-0.011
-0.390
-0.311
-0.002
-0.140
-0.218
0.003
-0.114
1.764
0.933
-0.024
-0.081
0.053
0.186
0.035
0.458
0.470
0.644
0.242
0.100
1.117
0.585
0.138
1.672
0.943
0.429
0.770
0.151
0.116
1.170
0.601
0.670
0.501
0.378
2.708
0.630
-0.001
0.760
0.991
-0.267
-0.046
0.208
-1.342
-0.920
0.535
0.852
0.766
-0.102
0.264
0.689
0.358
-0.765
-0.013
-0.358
-0.803
-0.353
1.243
-0.651
0.745
-0.020
-0.733
0.439
0.748
-0.006
-0.167
-0.159
-0.902
0.843
0.344
0.191
0.887
0.467
-0.010
-0.098
-0.131
-0.929
1.533
0.059
0.459
0.073
