0.283
0.059
0.059
0.073
0.059
0.076
0.251
0.595
0.515
0.059
0.153
0.252
0.078
0.059
0.262
0.059
-0.185
-0.102
0.255
0.537
0.046
-0.587
0.120
0.170
0.050
-0.016
0.123
0.067
0.115
-0.149
0.240
0.059
0.030
0.023
-0.144
1.980
1.932
3.060
0.919
1.466
2.228
3.778
0.032
0.059
0.998
-0.146
0.349
0.901
2.852
0.719
1.999
1.424
1.744
3.341
3.825
2.490
1.804
-0.024
1.124
3.557
0.422
1.072
2.191
2.213
1.456
2.336
2.082
0.976
0.241
0.142
1.405
0.171
0.344
0.127
1.839
2.488
0.759
-1.138
1.787
0.059
-0.453
0.692
0.757
0.187
0.015
0.097
1.267
1.778
0.509
0.002
-0.193
0.117
-0.060
0.706
0.110
0.118
0.059
0.015
1.236
0.586
0.066
0.018
0.111
0.159
0.071
0.029
0.037
0.055
0.025
-0.097
0.059
0.045
-0.157
-0.361
-0.252
0.057
0.011
-0.035
-0.024
-0.683
0.007
0.053
-0.000
-0.160
-0.013
1.718
-0.265
-0.505
0.024
0.903
0.047
0.021
-0.144
0.466
-0.991
0.677
-0.276
0.001
-1.204
0.035
0.105
-1.628
-1.969
0.004
0.059
-0.008
0.064
0.266
0.904
2.040
0.772
0.385
0.586
2.335
2.355
2.956
1.945
3.598
2.808
0.940
1.188
3.098
1.155
0.362
0.059
0.038
0.291
0.714
0.059
0.747
1.987
-0.316
0.070
0.059
0.483
1.805
1.800
0.483
0.614
1.242
-0.000
1.699
-0.307
1.064
0.363
0.197
-0.044
0.071
0.024
0.080
0.059
0.957
0.617
2.850
2.256
-0.064
0.786
0.106
1.419
0.589
0.920
0.125
-0.003
0.131
0.022
0.114
3.182
2.122
1.138
0.088
0.433
0.123
-0.972
0.299
0.090
-0.032
-0.137
-0.229
2.078
2.538
1.964
2.470
0.611
1.912
1.053
0.429
0.970
1.376
0.442
1.333
0.390
1.944
1.369
1.966
3.776
0.233
-0.402
1.187
0.081
1.031
0.313
0.715
0.837
0.024
3.249
0.126
0.472
0.292
0.517
0.747
0.169
1.364
0.263
0.293
0.796
0.146
1.990
0.044
-0.526
1.747
1.070
0.141
1.066
1.141
-1.418
0.150
-0.178
0.372
0.135
1.587
-0.090
0.421
0.056
0.044
1.026
0.059
0.552
0.060
0.670
-0.261
0.059
0.403
1.106
1.343
0.855
0.059
0.040
0.094
0.002
0.349
2.187
-0.145
0.059
-0.022
0.022
-0.359
0.090
0.169
2.543
0.471
-0.014
2.338
1.188
0.124
0.004
0.905
-0.577
-1.347
-0.204
-0.059
0.538
-0.469
0.788
0.234
1.243
2.782
0.798
-0.111
0.127
-0.060
0.070
0.020
0.059
0.060
0.415
-0.127
0.498
0.070
0.059
0.903
1.322
0.181
-0.189
0.059
-0.160
1.371
0.600
0.269
0.059
0.059
0.925
0.430
-0.326
0.343
0.353
0.066
0.247
-0.044
-0.151
2.632
1.488
0.110
1.087
1.770
0.970
0.163
1.409
2.128
1.285
-0.198
0.293
0.089
0.377
1.492
1.621
0.494
2.916
0.059
3.974
0.080
2.042
1.002
1.426
0.533
1.359
0.131
0.217
0.059
0.281
0.124
0.243
0.183
-0.576
0.373
0.552
0.028
-0.035
0.221
2.201
3.252
-0.860
0.044
0.007
0.245
-0.074
0.486
0.457
1.041
0.084
2.746
1.323
1.046
0.754
0.959
2.091
1.633
0.086
2.432
3.288
0.039
0.070
0.056
1.412
0.327
0.069
-0.121
0.383
0.780
0.025
0.862
0.545
0.783
-0.087
0.279
0.746
0.634
0.075
0.181
0.380
0.207
0.120
0.317
0.003
0.769
-0.065
1.459
1.224
1.168
0.059
-0.627
-0.540
-0.019
0.014
-0.462
0.073
-0.538
-0.280
-0.268
-0.358
-1.527
-0.089
-0.166
-0.200
-0.008
0.157
0.036
0.236
-0.562
0.037
0.669
-0.257
0.352
1.996
-0.993
0.601
0.059
0.085
-0.444
0.059
0.990
0.452
-0.849
0.270
2.980
-0.141
2.994
1.480
0.390
0.068
0.924
2.730
-0.009
-0.166
0.422
0.184
0.613
1.105
0.307
0.746
0.059
3.027
1.389
0.114
1.020
0.325
0.703
0.537
0.727
0.681
1.501
1.506
1.696
0.059
0.016
0.098
0.034
-0.023
0.059
-0.107
0.189
0.063
0.062
0.077
0.138
0.353
0.076
0.062
0.249
0.446
0.107
1.421
1.962
0.551
-0.019
-0.276
-0.020
0.111
0.922
-0.030
0.017
0.059
0.009
-0.024
0.368
1.381
0.191
0.897
0.804
0.698
0.639
4.024
0.752
0.836
0.065
0.509
0.319
1.252
0.163
0.047
-0.216
0.059
1.300
0.922
0.258
0.905
0.405
-0.191
0.223
0.116
-0.007
1.169
1.588
0.138
0.837
0.558
0.055
-0.142
0.693
0.040
2.924
1.290
0.813
0.248
1.039
0.639
0.229
0.527
-0.004
0.246
0.033
0.059
-0.341
-0.325
0.066
0.059
-0.010
0.059
0.003
1.031
1.269
-0.295
-0.128
0.020
-0.345
-0.023
0.121
0.082
0.059
0.388
0.067
0.241
0.239
0.059
1.485
0.535
0.652
1.529
1.001
0.126
1.625
0.258
1.355
1.157
0.403
2.940
0.695
-0.051
0.834
0.066
-0.237
0.444
0.649
-0.171
-0.467
0.035
0.093
1.771
0.368
0.308
1.629
1.010
-1.210
0.473
-0.037
-0.316
0.038
0.593
0.264
0.943
-0.030
-0.647
0.938
0.892
0.035
-0.157
-0.192
-0.164
0.609
0.059
0.679
0.614
0.951
0.247
0.026
0.038
0.046
1.459
-0.542
1.238
0.296
