0.051
-0.224
0.235
0.040
0.350
-0.191
-0.300
-0.077
-0.155
-0.111
-0.170
-0.459
0.102
-0.164
0.924
0.255
0.380
0.357
0.094
0.024
-0.067
2.900
0.823
-0.201
-0.121
-0.073
-0.384
-0.216
0.192
-0.128
-0.658
0.022
0.734
0.164
0.251
-2.048
-1.415
-2.484
-0.739
-1.334
-1.609
-2.418
-0.098
0.157
-0.434
0.411
-0.271
0.114
-1.048
-1.387
-1.731
-0.824
-1.880
-1.779
-1.769
-1.013
-0.499
0.189
-0.587
-2.290
-0.823
-0.950
-1.259
-1.814
-1.035
-3.102
-2.151
-0.427
0.268
-0.214
-0.319
-0.000
0.736
-0.733
0.570
0.271
3.627
0.528
-2.815
0.189
1.173
-0.876
-0.030
0.108
0.712
-0.738
-1.346
-1.703
-0.628
-0.090
0.659
0.161
-0.286
-0.628
-0.843
0.252
-0.099
-0.123
-0.548
-0.116
0.106
0.178
-0.011
-0.638
-0.095
0.331
-0.070
1.818
-0.070
-0.356
0.092
-0.047
0.245
-0.070
0.152
-0.078
-0.078
-0.089
-0.070
0.389
-0.075
-0.057
0.170
-0.144
-0.060
0.189
0.086
0.218
0.781
0.206
-0.190
0.438
-2.379
-0.043
1.085
-1.016
0.014
-0.197
0.109
-0.655
-0.525
0.078
1.215
-0.428
-0.445
0.090
-0.278
-0.204
-0.680
-1.907
-0.960
0.180
-0.568
-1.843
-1.572
-2.241
-1.676
-2.038
-1.144
0.417
-0.067
-1.531
-0.971
0.159
-0.085
-0.144
-0.557
-1.301
-0.319
-0.362
-1.925
0.283
0.207
0.739
-1.278
-1.926
-1.269
-0.483
-2.509
-0.637
-0.004
-1.460
0.231
-0.192
-0.407
-0.035
0.091
1.193
-0.485
0.174
-0.085
0.189
0.308
-2.526
0.189
-0.108
-0.538
-0.501
0.013
-0.099
-0.689
-0.067
2.506
-0.072
-0.413
-0.348
-1.995
-1.447
-0.507
-0.391
-0.065
0.124
1.340
-0.625
-0.900
0.189
2.465
0.105
-1.871
-1.292
-1.296
-1.745
-0.075
-0.712
-1.117
-1.076
-0.948
0.299
-1.425
-0.819
-0.853
-1.761
-1.553
-0.783
-1.930
0.042
0.666
-1.004
-0.281
-0.753
0.048
-1.311
-0.313
0.032
-2.226
-0.102
-0.611
0.112
-0.412
-0.855
1.142
-1.156
-0.044
-0.028
-0.988
-0.879
-1.627
0.050
0.223
-0.998
-0.397
-0.990
-0.638
-1.464
1.194
-0.133
0.448
0.432
0.189
-0.325
0.234
0.038
-0.093
0.146
-0.091
-0.088
0.468
0.113
-0.714
0.259
-0.282
-0.786
-0.127
-1.077
-0.796
-0.104
-0.542
-0.242
0.633
0.778
-1.573
0.279
-0.041
0.137
-1.442
-0.700
0.206
0.577
-1.098
0.436
0.189
-0.886
0.134
0.247
0.004
0.111
0.826
2.535
2.258
-0.538
0.641
1.094
-0.237
-0.032
-0.514
-1.422
0.602
-0.807
-0.413
-0.095
-0.188
-0.112
-0.387
-0.332
-0.349
0.010
-0.725
-0.073
-0.062
-1.621
-0.375
-0.328
-0.570
-0.828
-0.183
-0.551
-0.183
-0.057
-0.086
0.020
-0.399
-0.794
0.542
-0.582
-1.445
0.262
-0.600
0.345
0.209
-1.693
-0.650
-0.811
-0.869
-1.019
-0.366
-0.184
-1.136
-1.906
-0.947
-1.189
-0.363
-0.080
-0.121
-0.525
-0.818
-0.768
-2.501
-0.157
-1.260
0.501
-0.406
-0.773
-1.012
-0.656
-0.846
0.145
0.176
0.924
-0.203
-0.602
0.300
0.336
0.690
-0.023
0.042
-0.246
1.821
0.282
-1.352
-0.724
0.517
-0.061
0.384
0.189
0.064
-0.816
0.108
-1.042
0.170
-0.875
-0.855
-0.867
0.027
-0.855
-0.340
0.248
0.167
-1.142
-2.026
0.035
-0.845
0.193
-0.321
0.063
-0.321
-0.142
-0.167
-0.594
0.065
-1.515
-0.515
-0.424
-0.235
-0.253
0.189
-0.924
0.178
-0.192
0.669
0.175
-0.327
0.189
0.189
-0.356
0.189
-1.451
-0.667
0.295
0.068
1.069
0.563
0.005
0.249
0.266
0.227
0.958
0.529
0.433
0.548
0.520
-0.627
-0.045
0.372
0.189
0.163
0.842
-0.818
0.716
0.217
-0.519
1.910
-0.415
-1.357
0.082
-0.218
-0.706
-0.304
-0.576
-0.463
-0.217
-0.385
0.503
-0.286
-1.717
0.271
-0.665
-0.624
0.146
0.260
-0.477
-1.033
-0.118
0.234
0.044
0.227
-0.082
-1.774
-0.189
-1.442
-0.773
-1.952
-1.204
-0.391
-0.154
-0.484
-0.813
-0.239
-0.374
-0.560
-1.821
-0.436
-1.369
0.038
-0.028
-0.562
0.407
-0.013
-0.109
0.303
-0.191
-0.081
-0.476
-0.221
-0.094
-0.051
0.109
-0.337
-0.728
-0.393
-0.643
-1.146
-0.836
-0.277
0.227
0.205
0.230
-0.516
-0.312
-0.237
-0.116
-0.144
-0.149
-0.005
-0.200
-0.416
-0.366
-0.438
-1.006
-0.708
-0.874
-2.191
-0.856
-0.812
0.247
-1.206
-0.004
-0.787
-0.192
-0.425
-0.036
-0.182
-0.398
-0.676
-0.500
-0.370
-0.337
0.761
-0.209
-0.074
0.003
-0.485
-0.509
-0.187
-0.097
-0.868
-0.134
0.760
-0.783
-0.100
-1.796
-0.800
0.141
-1.382
-1.548
-0.595
0.261
-0.276
0.176
-0.730
0.189
0.154
0.187
0.244
-0.031
0.265
-0.095
0.136
-0.117
-0.866
-1.177
-0.164
0.114
-0.335
-0.290
-0.150
0.041
-0.127
-0.435
-0.360
-0.032
-0.664
-1.011
-0.179
-1.198
-0.776
-0.219
-0.719
-0.768
0.189
-0.708
-0.173
-1.298
-0.670
-0.876
-2.717
-1.100
-0.852
1.199
-0.379
-0.191
-0.136
-0.145
0.885
0.141
-0.699
0.055
-1.010
-0.019
-0.000
-0.686
-0.191
0.191
-0.013
1.311
1.077
0.332
0.189
-0.491
-0.430
0.523
0.892
0.029
-0.511
-0.058
0.080
0.243
0.733
-0.969
-0.050
-0.902
-0.757
-1.591
-0.011
0.284
-1.338
0.203
-0.058
0.157
0.807
0.189
