-0.238
0.038
0.062
0.102
-0.021
0.154
0.250
0.237
0.251
0.242
0.125
0.468
0.364
1.216
0.032
-0.035
0.008
-0.023
0.234
-0.588
0.960
-2.572
-0.776
0.317
0.234
-0.032
0.320
0.045
0.611
0.032
0.041
0.032
-0.182
0.062
-0.550
2.584
2.102
2.686
0.801
1.714
2.465
3.622
-0.075
-0.300
0.096
0.046
0.402
-0.649
3.068
1.675
2.093
2.001
2.433
3.546
3.149
1.741
1.271
0.062
0.649
3.586
1.561
2.070
1.843
2.028
1.316
2.474
1.546
0.543
0.468
0.439
1.400
0.222
-0.270
0.566
-0.521
-0.238
-0.513
-1.791
2.778
0.043
-0.135
1.124
0.137
0.061
-0.381
0.033
0.702
2.392
0.257
0.044
-0.308
0.197
-0.008
0.586
0.062
-0.076
-0.164
-0.011
1.234
0.429
0.123
0.062
0.165
0.141
0.062
0.062
0.092
-0.613
0.061
0.023
0.029
0.158
-0.028
0.062
0.020
0.016
0.106
0.038
0.061
-0.012
-0.004
-0.131
0.018
-0.155
0.026
1.640
0.963
-0.579
-0.089
0.501
0.271
-0.088
0.460
0.179
-0.629
1.412
-0.204
0.421
-0.447
0.210
1.784
-2.524
-2.207
0.160
0.230
0.112
0.245
0.353
0.913
2.633
1.304
-0.330
1.103
2.543
1.479
3.544
2.273
2.951
2.188
-0.539
0.043
3.118
2.395
0.062
-0.412
0.025
1.733
0.877
0.383
0.416
0.502
0.043
-0.173
0.047
1.255
2.289
1.440
0.519
1.570
0.978
0.057
2.374
-0.092
0.489
0.924
0.221
0.332
-0.356
-0.091
-0.196
0.271
0.201
-0.151
-0.047
-1.312
-0.442
0.501
0.606
0.321
0.291
0.287
0.182
-1.013
0.402
0.496
0.360
2.982
2.657
0.617
0.009
-0.090
-0.036
-0.083
0.222
0.265
-3.461
-2.853
0.008
3.520
1.835
0.899
2.955
0.791
1.825
1.399
1.050
0.861
1.256
1.589
1.135
0.792
1.985
1.060
1.479
3.078
-0.353
-0.694
0.637
-0.085
1.249
0.188
0.654
0.060
-0.242
3.863
0.218
1.188
-0.383
0.791
2.204
0.019
1.050
0.473
-0.101
1.074
0.194
2.205
0.014
0.445
0.988
1.130
0.277
0.809
0.608
-1.097
0.174
-1.206
-0.357
0.007
0.750
-0.043
1.485
0.067
-0.028
0.243
0.131
0.237
0.082
0.062
-0.546
-0.365
0.344
0.062
0.204
0.648
0.100
1.010
0.021
0.062
-0.431
2.519
-0.636
0.152
-0.351
0.009
-0.250
0.181
-0.787
2.507
-0.837
0.164
0.518
-0.052
1.680
0.319
1.183
-0.894
-3.612
-1.494
0.293
0.723
-1.691
0.796
-0.124
0.234
2.567
0.462
-0.000
-0.015
-0.004
0.213
0.123
0.484
0.419
0.690
0.062
1.142
0.069
0.069
1.825
0.844
0.070
0.633
0.805
0.388
1.153
0.401
0.735
0.125
0.062
0.437
0.931
-1.008
0.315
0.066
-0.286
0.685
-0.121
0.049
2.822
1.397
1.548
1.299
1.581
0.484
0.320
2.056
2.029
1.474
0.055
0.252
0.146
0.519
0.327
0.616
1.030
0.062
-0.242
1.436
-0.151
1.738
1.047
1.988
0.908
1.693
0.269
-1.111
0.048
0.070
0.239
0.611
-0.946
-1.263
0.066
0.061
0.628
0.342
0.666
0.450
-0.344
-0.622
0.056
0.059
-1.006
0.070
1.806
0.081
1.455
-0.628
2.755
2.011
-0.257
1.467
1.529
-0.024
0.403
0.062
1.971
3.255
0.701
0.495
0.058
0.257
-0.066
0.293
0.107
0.260
0.834
0.276
1.459
0.702
0.876
-0.047
0.985
1.016
1.213
0.152
0.056
0.036
-0.202
0.213
-0.547
-1.186
0.320
-0.302
1.813
1.608
-0.728
-0.157
-1.112
-0.797
-0.200
0.010
-0.324
0.267
-0.970
-0.985
-1.276
-1.531
-1.375
0.229
-0.070
-0.027
0.018
0.117
-0.386
2.595
-0.933
-0.211
2.178
-0.825
0.074
1.143
-0.743
0.957
0.330
0.251
-0.778
0.590
0.669
0.504
-0.328
0.116
1.902
-0.059
2.681
1.355
0.062
0.159
1.090
2.047
0.315
0.028
0.775
0.377
0.331
1.779
1.119
1.704
0.564
2.000
1.296
0.889
0.210
0.414
0.692
0.337
0.272
0.827
2.020
0.770
1.245
0.242
0.062
0.009
-0.046
0.039
0.326
-0.246
0.233
0.480
0.370
0.342
0.253
-0.358
0.126
0.176
0.129
0.792
0.467
1.621
0.905
0.179
0.185
-1.171
0.043
0.401
0.408
0.170
0.556
0.165
0.120
0.055
0.635
1.630
0.335
1.145
1.192
1.042
1.660
3.023
0.923
1.250
0.262
1.754
0.504
0.614
0.331
0.078
0.088
0.062
0.461
1.550
0.339
0.183
0.197
-0.366
0.062
0.119
-0.044
0.533
0.309
0.154
0.559
0.723
0.180
-0.488
0.790
-0.141
1.900
0.751
0.092
-0.035
-0.240
0.441
-0.348
1.651
-0.154
0.045
-0.036
0.255
-0.524
-0.663
0.163
0.002
0.015
0.082
0.031
0.295
0.789
0.029
0.047
0.218
0.144
0.374
0.254
0.484
0.290
0.201
0.048
0.880
0.436
0.129
1.661
0.759
-0.683
1.162
0.562
-0.276
0.705
0.146
1.020
0.416
0.572
4.195
0.241
0.035
0.706
0.841
-0.154
-0.383
0.412
-1.128
-0.069
0.175
0.596
1.415
-0.093
-0.093
0.397
0.124
-0.050
0.062
-0.449
-0.565
-0.086
0.702
0.374
0.643
-0.128
-0.669
0.179
0.557
0.062
0.049
0.057
-0.438
1.244
-0.053
0.455
0.418
0.290
0.006
-0.006
0.000
-1.055
1.070
-0.555
-0.727
-0.073
