-0.080
-0.040
0.103
0.156
-0.132
-0.226
-0.648
-0.073
-0.109
-0.533
0.096
-0.810
-0.311
-0.004
-0.514
0.080
0.188
0.040
0.261
-0.006
-0.379
0.762
-0.435
-0.329
-0.184
0.449
0.022
-0.269
0.118
0.057
0.003
-0.158
-0.097
-0.017
0.103
-3.226
-2.113
-2.638
-0.771
-1.774
-2.457
-5.766
0.170
0.103
-0.038
-0.110
-1.193
0.103
-3.305
-1.678
-2.256
-1.403
-3.505
-2.647
-3.761
-2.131
-1.704
0.103
-1.059
-4.766
-1.301
-2.058
-1.493
-2.610
-2.366
-2.267
-1.838
-1.193
-0.439
-1.133
-1.733
-0.027
-0.391
-0.160
-0.723
-2.599
-0.332
0.866
-4.000
0.103
0.142
-1.946
-0.988
-0.023
0.199
0.511
-1.379
-2.907
-1.059
-0.036
0.701
-0.548
0.034
-1.510
-0.876
0.340
0.085
0.194
-2.900
-1.603
-0.055
0.040
-0.071
-0.355
0.072
0.168
-0.064
0.238
0.061
0.115
-0.345
-0.164
0.295
0.217
0.213
0.140
-0.097
0.539
0.210
-0.053
-0.063
-0.051
0.184
0.101
0.063
-1.433
0.341
0.229
0.060
-0.201
-0.054
0.185
0.048
-0.109
0.452
-0.805
0.048
0.020
1.020
-0.020
0.111
1.945
2.007
-0.182
-0.439
-0.403
-0.210
-0.333
-0.003
-2.876
-2.254
-0.492
-1.505
-3.270
-1.995
-4.108
-1.956
-4.385
-4.503
0.158
-2.496
-2.619
-1.058
-0.135
0.058
0.079
-0.569
-1.260
-0.077
-0.614
-1.571
0.091
0.100
-0.044
-0.357
-1.703
-2.080
-0.489
-1.166
-0.635
0.298
-2.249
0.277
-0.567
-0.355
-0.345
-0.001
1.030
-0.311
0.081
-0.029
-1.105
0.362
-2.042
-1.427
0.468
-0.923
-0.066
-1.044
-0.135
-0.354
0.005
0.149
-0.250
-0.263
0.067
-4.317
-1.773
-1.343
-0.961
-2.099
-0.500
1.110
-0.030
-0.323
-0.275
-0.321
0.148
-1.239
-3.819
-2.099
-2.976
-1.023
-1.606
-1.429
-0.574
-1.259
-1.107
-2.193
-1.227
-0.626
-2.803
-2.226
-2.704
-3.952
0.389
0.536
-0.379
0.218
-0.505
-0.325
-0.452
-0.380
0.141
-4.177
-0.091
-1.316
-0.733
-1.196
-1.546
-0.600
-1.816
-0.275
-0.515
-1.886
-0.618
-1.888
-0.716
-0.481
-1.388
-0.676
-0.873
-1.608
-1.185
1.704
0.189
0.334
-0.092
1.150
-1.060
0.071
-0.706
-0.123
0.092
-2.018
0.103
-1.754
0.042
-0.572
0.295
0.164
-0.761
-1.440
-1.303
-2.088
0.127
0.397
-0.192
0.106
-0.944
-2.194
0.300
-0.080
0.129
0.048
0.142
0.280
0.459
-2.741
0.234
-0.298
-1.120
-0.242
-0.356
-0.399
-1.705
0.239
0.905
0.394
-0.580
-0.004
1.028
0.012
0.219
-0.740
-5.171
-0.528
-0.421
-0.413
-0.013
-0.195
-0.186
-0.524
-0.130
-0.863
0.039
-0.780
-0.225
0.364
-1.740
-2.798
-1.045
0.639
-1.573
-0.289
-1.121
-0.528
-0.136
-0.000
-0.017
-1.524
-1.330
0.814
-0.269
-0.161
0.011
-1.126
0.055
0.144
-2.682
-1.295
-1.913
-1.052
-1.170
-1.477
-0.419
-1.789
-2.317
-1.246
-0.217
-1.287
-0.164
-0.743
-0.807
-1.927
-0.450
-0.429
0.075
-1.745
0.875
-1.663
-0.721
-1.812
-0.908
-2.550
-0.028
-0.046
-0.316
-0.321
0.763
0.333
0.279
0.524
-0.441
-0.152
0.028
0.085
-0.328
-0.726
-0.693
0.111
-0.101
0.206
0.008
0.060
-0.703
-0.091
-1.250
0.286
-0.551
-1.042
0.002
-0.003
-0.207
-2.306
-2.304
-0.477
-2.492
-1.131
-0.042
-0.249
-0.228
-0.696
-0.432
-0.100
0.065
-0.156
-1.323
-0.181
-1.433
-0.684
-1.288
-0.156
-0.209
-0.888
-0.481
-0.528
-0.272
0.125
0.642
-0.493
0.103
0.107
-0.790
0.421
-1.401
-0.901
0.103
0.145
1.683
0.519
0.255
-0.035
0.244
-0.165
0.750
0.132
0.630
0.954
0.942
0.182
0.426
0.109
0.072
-0.689
0.310
-2.178
0.587
0.534
-2.064
0.753
-0.504
-1.323
0.991
-1.148
-0.719
-0.105
0.283
-0.534
-0.581
-0.788
0.632
-0.378
-1.698
-0.556
-4.170
-1.780
0.049
0.026
-0.900
-2.777
-0.273
0.334
-1.010
-0.195
-0.130
-2.433
-0.555
-2.206
-0.104
-2.214
-1.009
-0.815
-0.419
-0.118
-0.921
-0.231
-0.018
-1.189
-2.492
-1.500
-1.457
0.014
-0.033
0.359
-0.072
-0.104
0.128
1.209
0.028
-0.371
-0.153
-0.327
0.192
0.195
0.056
-0.116
-0.306
-1.089
-0.432
-0.678
-1.613
-1.434
0.101
0.762
-0.847
-0.209
-0.991
-0.157
-0.237
-0.160
-0.176
-0.110
-1.117
-2.069
-0.409
-1.760
-0.392
-1.938
-1.265
-4.335
-1.770
-1.647
0.286
-0.848
-0.166
-2.240
-0.362
0.024
0.657
0.093
-1.118
-1.497
-0.781
-0.130
-0.250
0.812
-0.099
0.059
0.016
-0.911
-0.199
-0.230
-0.461
-0.396
0.144
0.214
-1.347
0.446
-1.671
-1.155
-1.196
0.012
-0.843
-2.137
0.021
-0.767
0.383
-0.880
-0.095
-0.093
-0.240
0.198
-0.129
0.138
0.140
-0.005
0.133
-2.543
-2.254
0.524
0.320
0.068
0.018
0.233
-0.320
0.453
-0.175
-0.320
0.090
-0.869
-0.528
-0.415
-1.715
-0.816
-0.808
-1.225
-2.439
-0.751
-1.365
-0.360
-1.160
-1.207
-1.082
-2.734
-1.653
0.098
-1.210
-0.518
0.165
-0.471
-0.257
-0.441
-0.035
0.184
-0.490
-0.886
0.849
-0.255
-1.504
-1.140
0.199
-1.006
0.467
0.790
0.296
-1.424
-0.678
-0.343
0.164
0.658
-0.391
-0.992
-0.233
0.120
0.394
0.727
-0.552
-0.106
-1.188
-0.880
-1.068
-0.331
-0.071
-0.285
0.926
-2.456
0.056
-2.030
0.112
