0.158
-0.097
-0.015
-0.137
-0.040
-0.402
-0.079
-0.322
-0.539
-0.589
-1.005
-0.331
-0.275
-0.108
0.386
0.211
0.801
0.478
0.078
0.369
-0.192
1.583
0.200
-0.049
0.012
0.126
-0.032
0.051
-0.492
-0.015
-0.335
-0.049
0.494
0.547
0.330
-2.204
-2.354
-3.053
-1.145
-2.283
-1.787
-2.731
0.020
0.139
-0.107
0.176
-0.196
-0.427
-2.637
-2.043
-2.356
-1.440
-1.640
-2.915
-2.533
-1.827
-2.124
0.043
-0.741
-4.320
-1.250
-1.460
-1.830
-1.652
-1.281
-2.697
-2.345
-0.833
0.012
-0.019
-1.857
0.388
-0.222
-0.310
-0.732
-1.493
-0.425
1.700
-2.346
0.041
0.134
-1.429
-0.817
-0.357
0.084
0.204
-0.879
-2.341
-0.168
-0.016
0.445
0.005
0.035
-0.420
-0.122
0.407
0.041
-0.012
-1.497
-0.432
-0.139
-0.150
0.277
-0.230
-0.206
0.498
0.091
0.083
0.071
-0.107
0.327
0.010
0.429
0.092
0.063
0.061
0.066
0.419
0.078
0.063
0.062
0.107
0.160
0.501
0.032
-0.468
0.297
0.896
0.128
-0.080
0.051
0.391
0.727
0.422
1.340
-0.779
0.704
-0.036
0.965
0.081
-0.018
1.509
1.042
-0.009
0.024
-0.084
-0.132
-0.650
-0.288
-2.890
-0.954
-0.498
-1.185
-1.127
-1.824
-3.327
-2.969
-2.420
-1.816
0.630
0.021
-2.422
-1.595
-0.152
0.061
0.004
-1.571
-0.536
-0.544
0.030
-0.599
0.573
0.078
0.308
-0.833
-1.873
-1.628
-0.826
-1.643
-1.133
0.227
-1.068
0.020
-0.715
-1.241
-0.203
-0.191
0.806
-0.119
0.215
-0.016
-1.232
0.594
-1.874
-1.445
0.769
-0.603
-1.208
-0.115
-0.037
-0.107
-0.007
0.333
0.062
0.027
0.011
-1.558
-0.951
-0.942
0.133
0.061
-0.045
1.386
0.143
0.165
0.891
0.161
0.106
-2.353
-1.948
-1.510
-1.880
-0.658
-2.030
-1.693
-0.590
-1.927
-0.760
-0.546
-0.878
-0.763
-2.301
-1.408
-1.343
-3.455
-0.205
1.130
-0.715
-0.154
-0.984
-0.681
-0.551
-0.243
-0.212
-1.252
0.011
-0.359
0.504
-0.713
-1.253
0.551
-1.291
-0.393
-0.449
-1.544
-0.818
-0.772
0.149
-0.078
-2.028
-0.724
-0.536
-1.025
-0.605
2.298
0.044
0.506
-0.509
0.067
-0.972
0.148
0.120
-0.044
-0.007
-0.393
0.356
-0.518
-0.022
-0.136
-0.253
0.184
-0.293
-1.767
-1.535
-0.354
0.123
-0.030
0.001
-0.024
0.001
-0.736
0.020
0.031
0.007
0.055
0.014
0.085
-0.447
-1.523
0.589
0.309
-1.105
-0.226
-0.436
-0.172
-0.040
1.607
2.525
0.657
0.358
-0.221
1.270
-0.336
0.246
-0.658
-1.086
-1.157
0.788
0.200
0.237
-0.038
-0.012
-0.073
-0.080
-0.213
-0.087
-1.225
0.041
0.005
-1.670
-0.619
-0.408
-0.133
-0.775
-0.226
-1.759
-0.450
-0.665
0.057
-0.115
-0.429
-1.149
0.930
-0.747
-0.565
0.020
-0.033
0.279
0.206
-2.831
-1.791
-1.301
-1.721
-1.915
-0.469
-0.425
-1.655
-1.644
-0.703
-0.109
0.244
-0.005
-0.351
-0.808
-0.782
-0.845
-0.182
-0.035
-3.107
0.117
-0.538
-0.857
-1.961
-0.421
-1.004
0.626
-0.044
-0.016
0.214
-0.260
0.132
0.421
1.529
-0.082
-0.066
0.111
0.352
-1.209
-0.897
-0.094
0.510
-0.263
-0.148
-0.079
-0.144
-0.823
-0.730
-0.976
0.516
-0.866
-1.093
-0.757
-0.592
-0.345
-0.885
-0.575
-0.277
-3.164
-1.958
-0.007
-0.446
0.077
-0.294
0.135
-0.056
0.064
-0.664
-1.506
-0.061
-1.012
-0.224
-0.383
-0.034
-0.424
-0.228
-1.323
-0.086
0.035
0.471
1.784
-0.298
0.050
0.461
-0.250
0.322
-1.407
-1.313
-0.028
0.339
2.383
0.744
0.153
0.431
0.770
0.105
0.872
0.640
1.061
1.669
0.794
0.197
0.436
0.658
0.196
-0.114
0.483
-1.160
0.622
0.380
-0.742
0.781
0.410
0.157
0.500
-0.748
0.068
-0.076
0.059
-0.127
-0.181
-0.095
0.240
-0.163
-1.890
0.067
-1.412
-0.201
-0.668
0.081
-0.699
-1.331
-0.299
0.075
-1.747
0.175
-0.395
-1.684
-0.423
-2.143
-0.710
-2.423
-0.907
-1.095
-0.253
-0.315
-0.732
-0.294
-0.456
-1.454
-1.931
-1.609
-2.333
-0.070
-0.013
0.042
0.103
-0.016
-0.010
0.536
0.456
-0.146
-0.134
-0.117
-0.073
-0.066
-0.069
-0.341
-0.009
-0.861
-0.286
-1.486
-1.832
-1.279
0.211
0.089
0.256
-0.215
-0.242
-0.217
-0.181
-0.070
0.044
-0.022
-0.219
-1.226
-0.472
-0.732
-0.468
-0.528
-1.705
-3.356
-1.675
-1.640
0.148
0.016
-0.097
-0.293
-0.011
0.100
1.152
-0.337
-0.733
-0.198
-0.577
-0.790
-0.425
-0.317
-0.286
-0.029
-0.009
-0.506
-0.609
-0.340
-0.609
-0.050
-0.048
0.382
-0.965
-0.045
-1.619
-1.131
-1.375
0.115
0.185
-0.309
0.030
-0.104
0.342
-0.141
0.135
0.010
-0.009
0.876
-0.036
-0.005
0.070
0.011
0.124
-0.709
-1.076
0.597
0.085
-0.122
0.045
-0.069
-0.445
0.185
-0.074
-0.111
-0.056
-0.635
-0.363
-0.015
-2.433
-0.707
-0.969
-1.697
-1.309
-0.541
-1.839
-0.453
-1.171
-0.964
-0.630
-1.649
-0.748
-0.023
-0.509
-0.857
0.046
-0.219
-0.181
1.058
0.025
-0.093
-0.208
-0.788
0.641
-0.267
-0.985
-0.574
2.174
-0.475
0.921
0.833
0.715
-0.654
0.944
-0.498
0.428
0.650
-1.069
-0.996
0.009
0.434
0.095
0.688
-0.139
-0.060
-1.039
-0.994
-0.208
0.033
0.019
0.015
-0.075
-1.469
0.323
-0.462
-0.352
