0.140
-0.097
0.048
0.028
-0.011
0.021
0.031
0.123
0.262
0.176
0.473
0.584
0.063
0.087
0.021
-0.063
-0.743
-0.749
0.043
0.244
2.196
-1.790
-0.007
-0.163
-0.185
-0.243
0.021
0.021
0.786
-0.029
0.296
0.043
-0.642
-0.019
-0.148
3.244
2.276
3.463
1.766
2.073
2.063
2.607
-0.178
-0.034
0.169
0.424
0.944
0.283
3.060
1.166
2.073
1.763
2.652
3.781
3.442
2.124
1.936
0.021
0.910
3.529
1.482
1.716
1.419
1.451
2.227
3.209
2.313
0.497
0.069
0.044
1.713
-0.242
0.065
0.071
0.586
1.048
0.410
-0.588
2.066
-0.154
-0.780
1.349
1.926
0.417
-0.385
-0.355
0.827
1.698
0.115
0.069
-0.313
0.219
0.088
0.041
0.795
0.197
-0.079
-0.077
1.674
0.500
-0.251
0.048
0.027
0.276
0.243
-0.212
0.017
0.077
0.005
-0.061
0.028
0.017
-0.052
0.014
-0.065
0.021
-0.007
-0.218
-0.047
-0.260
0.024
-0.030
-0.191
-0.015
-0.133
0.697
-0.533
-0.961
-0.575
-0.241
0.057
-0.390
-0.069
-0.046
-0.200
0.814
-0.708
-0.184
-0.536
-0.043
0.021
-0.846
-0.278
0.462
0.012
0.289
1.242
0.379
0.302
2.968
1.467
0.296
0.986
1.345
0.564
2.836
2.770
3.684
3.661
-0.172
0.258
2.938
2.722
0.575
0.152
0.061
1.438
0.479
0.061
0.141
1.086
-0.423
0.001
-0.035
0.067
2.443
2.268
0.083
1.305
0.858
0.080
2.436
0.021
0.479
0.352
0.226
0.238
-0.130
-0.032
-0.206
0.088
1.393
0.246
2.788
1.294
-0.867
0.710
0.897
0.224
0.170
-0.099
0.021
-0.117
0.291
-0.116
0.479
3.515
3.319
1.678
-0.088
0.984
0.092
-1.669
0.032
0.227
-1.519
-2.556
-0.084
3.207
2.000
1.570
2.665
0.510
2.136
1.477
0.122
1.632
1.781
1.188
0.828
0.200
2.063
2.522
2.464
2.512
-0.091
-0.722
0.511
-0.115
0.289
0.137
1.171
0.091
-0.124
2.210
0.082
0.582
-0.008
1.661
1.762
0.021
1.505
0.684
0.339
1.677
0.159
0.978
-0.250
-1.100
1.518
0.765
0.772
1.562
1.792
-0.330
0.036
-0.228
0.425
0.118
1.289
0.021
-0.431
0.021
0.021
0.597
0.021
1.397
0.818
0.056
0.660
-0.660
0.358
0.450
1.389
0.836
-0.240
-0.137
-0.077
0.006
0.223
1.351
-0.107
-0.228
0.021
-0.028
-0.237
0.658
0.296
3.829
-0.119
-0.436
1.906
0.046
1.710
0.352
0.710
0.003
-1.915
-1.365
-0.454
-0.089
-1.121
0.081
0.310
0.403
2.115
1.377
-1.195
-0.508
-0.713
0.296
0.029
0.916
0.363
0.079
0.021
1.003
0.050
0.069
2.443
0.749
0.557
0.171
0.590
-0.236
1.139
0.313
0.628
0.024
-0.032
0.269
0.835
-0.148
0.046
0.274
0.021
0.632
-0.212
0.021
3.320
0.527
0.276
2.189
0.905
1.385
0.592
1.899
2.906
0.298
0.417
0.145
0.065
0.638
0.870
0.449
0.467
0.863
0.041
1.459
-0.302
1.418
1.489
0.729
0.150
1.370
0.072
0.078
0.109
0.294
-0.566
0.221
-0.349
-0.720
-0.421
-0.136
0.024
0.072
1.341
0.362
0.242
-0.224
-0.272
0.021
-0.011
-0.084
1.081
0.496
1.416
-0.494
1.135
1.753
1.543
0.799
1.273
0.847
-0.420
0.216
1.663
2.831
0.013
0.021
0.006
0.554
0.101
0.021
0.021
0.469
0.918
0.214
0.863
1.228
0.418
0.065
0.602
1.962
0.769
0.248
0.062
-0.082
-0.617
0.021
0.196
-0.213
0.027
0.021
1.150
0.925
0.021
-0.053
-0.876
-0.638
-0.012
0.021
-0.289
0.011
-0.128
-0.236
-0.946
-2.928
-0.211
0.015
-0.819
-0.760
0.063
0.078
0.021
0.531
-0.042
0.019
0.429
-0.713
0.021
0.073
-0.162
0.088
-0.612
0.088
-0.939
0.257
0.126
0.021
-0.077
-0.065
2.496
0.437
3.526
1.620
2.299
0.176
0.565
0.941
0.102
-0.051
0.861
0.526
0.794
2.145
0.954
1.306
0.374
3.251
1.269
0.085
0.056
0.055
1.695
0.104
0.023
0.202
2.488
1.946
2.434
0.048
0.031
0.245
-0.190
0.323
0.155
-0.300
0.184
0.213
0.021
0.137
0.024
-0.562
0.029
0.333
0.226
0.665
0.099
1.662
1.760
1.011
-0.136
-0.309
0.077
0.074
-0.408
0.101
0.021
0.017
0.037
0.132
-0.045
0.982
0.360
1.285
1.850
0.257
1.641
3.973
0.544
1.126
-0.000
0.430
0.051
0.075
0.021
0.039
-0.054
0.067
0.416
1.519
0.429
0.832
0.115
0.419
0.178
0.021
0.117
0.203
0.323
0.086
0.071
0.586
-0.011
-0.202
1.225
-0.322
3.345
1.101
0.807
0.273
1.101
0.021
0.021
0.045
0.106
0.046
0.003
0.040
-0.190
-0.282
0.128
0.000
0.021
0.081
0.021
2.575
0.193
0.043
0.021
-0.058
-0.144
0.013
-0.304
-1.844
-0.026
0.466
0.103
0.499
0.387
0.074
2.361
0.745
1.033
1.312
0.640
-0.448
1.951
0.268
1.200
0.981
0.316
2.950
0.839
0.312
-1.197
0.576
-0.065
0.384
0.119
-0.375
0.021
0.021
0.555
1.116
-1.966
0.249
1.101
0.083
-0.799
0.511
-0.806
-0.605
-0.085
-0.278
0.189
1.143
0.021
0.021
1.037
0.766
0.196
0.191
-0.026
-0.271
0.048
0.079
0.587
0.944
0.036
-0.009
0.154
0.021
-2.173
1.937
-0.030
1.384
0.482
