0.117
0.008
-0.028
0.109
0.113
0.075
0.486
0.114
0.413
0.331
0.501
0.534
0.164
0.207
-0.883
-0.105
-0.519
-0.244
-0.082
-0.436
0.109
-0.840
-0.140
0.111
0.061
0.129
-0.016
-0.007
0.437
-0.049
0.029
-0.067
-0.110
0.110
-0.050
2.817
2.192
2.682
0.756
1.463
2.219
4.300
-0.050
-0.103
0.210
0.220
0.107
-0.044
2.238
1.717
2.552
2.173
2.909
3.052
2.901
1.134
1.522
0.043
1.026
3.962
0.819
1.323
1.707
2.023
1.112
2.212
1.321
0.468
0.087
0.192
1.333
-0.074
-0.455
0.297
-0.535
-0.395
-0.509
-1.151
3.591
-0.003
-0.263
0.791
0.689
0.048
-0.170
-0.031
1.084
2.493
0.532
-0.064
-0.265
0.347
0.081
0.508
0.427
0.105
0.179
-0.067
1.373
0.789
0.172
0.165
-0.005
0.028
0.153
-0.111
0.032
-1.364
-0.077
-0.390
-0.051
0.040
-0.221
-0.082
-0.230
-0.163
-0.008
-0.153
-0.054
-0.017
-0.037
-0.105
-0.093
-0.418
-0.379
1.435
-0.719
-0.605
-0.446
0.349
0.048
0.094
0.418
-0.153
-1.364
0.695
-0.381
0.343
-1.095
0.562
0.335
-1.209
-1.791
0.108
0.087
-0.000
0.247
0.498
1.500
1.541
0.519
0.043
0.554
2.083
2.163
3.293
2.948
2.147
3.146
-0.075
0.399
2.232
1.530
-0.065
-0.465
0.056
1.112
1.040
0.191
1.911
1.241
0.004
-0.070
-0.168
0.899
1.148
1.628
0.401
0.591
0.840
-0.078
1.867
-0.088
0.561
0.446
0.576
0.284
-0.413
-0.253
-0.467
0.001
-0.030
-0.167
-0.938
-0.662
-0.098
0.493
0.630
1.179
0.698
0.829
0.321
-0.236
-0.016
-0.004
-0.016
3.142
1.489
0.640
0.244
-0.456
-0.021
-1.693
0.260
0.504
-0.915
-0.528
-0.102
2.686
2.671
1.137
2.992
0.474
1.801
1.336
0.711
1.249
0.846
0.940
0.599
0.483
2.096
1.450
1.802
3.342
-0.625
-2.526
1.061
0.157
0.912
0.113
0.754
0.076
-0.239
3.447
0.024
0.805
-0.187
0.391
1.581
-0.596
1.023
0.290
0.058
1.290
0.836
1.682
0.054
-0.105
1.376
0.868
-0.041
1.091
0.411
-1.217
0.030
-0.665
0.240
-0.236
0.862
-0.016
0.716
-0.016
-0.044
0.963
0.431
0.361
0.259
0.272
0.208
-0.232
0.630
0.161
0.464
1.026
0.025
0.307
0.048
-0.016
0.071
1.971
-0.088
-0.086
-0.127
0.001
-0.288
-0.118
-0.658
2.582
-0.937
-0.307
1.529
0.327
1.631
0.048
0.343
-0.597
-1.387
-0.763
-0.015
-0.011
-0.241
0.853
-0.100
0.995
2.043
0.579
-0.124
0.022
-0.127
0.128
-0.026
0.247
0.048
0.743
-0.024
0.597
0.034
-0.014
1.101
1.002
0.172
0.099
0.460
0.127
0.970
0.150
0.302
0.028
-0.038
0.548
1.664
-0.241
0.259
0.243
-0.071
0.034
-0.341
-0.087
3.118
1.800
1.453
1.758
1.869
0.129
0.128
1.326
2.073
0.736
0.655
0.963
0.035
0.552
0.693
1.009
0.520
1.259
-0.073
3.112
-0.107
2.212
1.290
0.852
0.376
1.113
-0.068
0.019
-0.055
0.039
-0.232
0.044
-0.292
-1.013
0.077
0.008
-0.025
-0.013
0.194
1.286
1.653
-0.230
-0.001
-0.087
0.038
0.084
0.506
0.382
0.916
-0.380
1.201
1.511
-1.675
0.923
1.163
-0.021
1.406
-0.302
1.877
2.598
0.011
0.228
0.060
1.257
0.081
0.196
0.039
0.054
0.729
-0.049
0.794
0.495
0.462
-0.029
0.216
0.127
1.182
0.036
0.134
0.021
-0.382
0.309
-0.199
-0.421
0.834
-0.016
2.035
1.088
-0.001
-0.102
-0.781
-0.677
-0.954
-0.348
-0.906
0.047
-1.229
-1.096
-0.854
-1.711
-0.192
-0.903
-0.710
-0.575
-0.080
0.254
-0.327
0.574
-0.240
-0.062
0.704
-0.301
0.185
1.652
-0.386
-0.001
-0.057
0.335
-0.468
0.399
0.445
1.450
-0.412
0.373
1.774
0.128
1.829
0.401
0.084
-0.047
0.878
2.695
0.058
-0.111
0.072
-0.151
0.516
1.300
0.252
1.370
0.352
2.480
1.183
0.232
0.126
0.148
0.528
0.291
0.258
0.649
1.354
0.940
1.619
0.064
0.037
0.022
0.069
-0.003
0.031
-0.160
0.490
0.530
0.318
0.134
0.302
0.031
0.193
-0.004
-0.061
0.075
0.373
1.784
1.754
0.375
-0.119
-0.587
-0.208
0.456
0.702
0.255
0.160
-0.011
-0.107
-0.066
0.438
0.739
0.186
0.832
0.436
1.144
0.955
3.713
1.316
1.135
-0.095
0.166
0.223
1.079
0.387
0.276
-0.307
0.088
0.394
0.060
0.466
0.309
0.181
-0.044
0.200
-0.036
-0.066
0.465
0.804
0.297
0.670
0.530
-0.043
-0.072
0.692
-0.353
2.980
0.478
0.650
0.036
0.216
0.330
-0.077
1.067
-0.182
0.063
-0.138
-0.016
-0.016
-0.177
-0.013
-0.332
-0.156
-0.136
-0.273
1.235
0.750
-0.198
0.106
0.201
-0.073
-0.065
0.038
-0.184
-0.018
0.345
-0.004
0.490
0.130
0.065
1.343
0.232
0.346
0.716
0.524
-0.067
1.048
0.299
1.383
0.568
0.758
2.904
0.312
0.084
-0.146
0.746
-0.297
-0.547
0.171
-0.310
-0.848
0.170
0.156
1.375
0.451
-0.718
1.060
0.447
-1.080
0.173
-0.465
-0.674
-0.257
0.100
-0.685
0.703
-0.142
-0.683
0.532
0.493
-0.013
-0.072
-0.175
-0.382
0.920
-0.094
0.642
0.989
0.484
-0.210
0.030
-0.213
-1.226
2.132
0.017
0.038
-0.047
