0.088
0.079
0.121
-0.039
-0.042
-0.054
-0.091
-0.271
-0.202
-0.286
-0.016
-0.307
-0.285
-0.157
0.070
0.117
0.233
0.044
-0.326
-0.065
0.088
0.651
-0.075
0.042
0.055
0.187
-0.100
-0.297
-0.145
-0.028
0.283
0.017
0.495
0.080
0.262
-2.381
-1.342
-1.524
-0.806
-1.589
-1.510
-2.786
0.148
0.776
-0.282
0.140
-0.316
-0.478
-2.034
-1.673
-2.680
-1.223
-1.659
-3.703
-1.950
-0.963
-0.972
-0.175
-0.563
-2.981
-1.595
-1.487
-1.286
-1.982
-0.909
-2.011
-1.532
-0.756
0.032
-0.422
-1.487
0.663
-0.425
-0.202
-1.401
-1.774
-0.927
1.630
-2.659
0.058
0.479
-1.063
-0.610
-0.292
0.497
-0.415
-1.168
-2.360
-0.132
-0.306
0.016
-0.407
0.055
-0.473
-0.215
0.078
0.045
0.035
-1.348
-0.908
-0.278
-0.098
-0.056
-0.312
-0.051
0.246
0.026
0.013
0.022
0.304
0.038
-0.066
0.131
0.034
0.145
0.153
0.016
0.152
0.032
0.090
0.017
0.035
0.048
0.434
0.274
-0.939
0.314
0.699
-0.094
0.028
-0.006
0.088
0.146
0.210
1.656
-0.459
0.287
0.159
1.380
0.026
0.150
1.900
1.618
-0.153
-0.052
-0.050
-0.211
-0.223
-0.393
-2.543
-0.752
-0.451
-0.613
-1.408
-2.322
-2.943
-2.952
-3.052
-2.443
-0.163
-0.740
-1.932
-1.769
-0.325
0.354
0.021
-1.217
-0.932
-0.050
-0.492
-0.729
0.677
0.041
0.022
-0.693
-1.810
-1.757
-0.341
-1.496
-0.922
0.566
-1.915
0.108
-0.324
-0.541
0.055
0.044
0.296
-0.725
0.042
0.012
-0.862
-0.184
-2.720
-1.808
0.420
-0.440
-0.517
-0.163
-0.093
-0.191
-0.203
0.051
-0.016
-0.031
-0.289
-2.455
-2.372
-0.865
0.594
-0.317
-0.110
1.154
-0.004
-0.507
0.384
0.080
0.262
-1.319
-2.188
-0.935
-2.207
-0.513
-1.567
-1.819
-1.087
-1.538
-1.121
-1.318
-1.240
-0.459
-2.083
-1.225
-0.860
-3.313
0.019
1.410
-0.517
-0.279
-0.468
-0.361
-0.330
-0.088
0.106
-3.029
0.036
-0.483
-0.001
-1.356
-1.003
-0.074
-1.135
-0.499
-0.375
-0.770
-0.403
-1.514
0.139
0.445
-0.802
-1.072
-0.007
-0.566
-0.464
1.257
0.078
0.797
-0.301
0.053
-1.013
0.123
-0.240
0.064
0.168
-1.149
0.081
-0.753
-0.215
-0.329
0.008
0.061
-0.279
-1.114
-1.319
-0.673
0.018
0.063
0.022
0.009
0.073
-1.712
0.125
-0.010
0.112
0.037
0.461
-0.178
-0.743
-1.860
-0.328
0.435
-1.048
-0.933
-1.441
0.121
-0.385
0.953
1.303
0.770
0.050
-0.451
1.278
-0.325
-0.024
-0.732
-1.768
-1.319
0.609
0.259
0.260
0.005
0.005
0.027
-0.018
-0.553
0.069
-0.309
0.034
0.038
-1.677
-1.114
0.087
-0.087
-1.086
-0.343
-1.090
-0.400
-0.443
0.010
-0.053
-0.338
-0.816
0.551
-0.436
-0.256
0.051
-0.701
0.368
0.145
-2.892
-1.244
-1.355
-1.054
-1.161
-0.533
-0.086
-1.369
-1.952
-0.889
-0.057
-0.643
0.031
-0.353
-0.581
-0.730
-0.916
-0.480
-0.006
-2.396
0.711
-0.644
-0.631
-1.560
-0.629
-1.552
-0.296
0.000
0.236
-0.038
0.404
-0.014
0.081
1.196
-0.075
0.086
0.023
-0.003
-0.414
-0.786
-0.047
0.648
0.018
0.001
0.068
0.115
-0.540
-0.210
-1.389
-0.578
-1.853
-1.115
-0.787
-0.801
-0.775
-1.050
-0.685
-0.716
-2.106
-1.735
0.035
-0.589
0.073
-0.407
-0.126
-0.316
-0.045
-0.206
-0.873
0.131
-1.048
-0.491
-0.505
-0.091
-0.322
-0.391
-0.764
-0.292
-0.000
0.084
0.708
-0.046
0.105
0.142
-0.230
0.729
-1.415
-0.677
-0.495
0.220
0.961
0.438
0.365
0.272
0.791
0.138
0.722
0.644
1.107
1.592
0.704
0.287
0.956
0.676
0.176
-0.656
0.780
-1.086
0.515
-0.041
-0.860
0.632
-0.223
-0.829
0.673
-0.332
-0.125
0.076
0.530
-0.126
-0.291
-0.709
0.434
-0.187
-1.594
-0.396
-1.298
-0.466
-0.934
-0.421
-0.536
-0.898
-0.014
0.088
-0.255
0.290
-0.642
-1.466
-0.351
-1.258
-0.658
-2.072
-1.361
-0.510
-0.432
-0.457
-0.747
-0.339
-0.259
-0.868
-1.964
-1.139
-1.184
-0.013
-0.015
-0.011
0.014
0.044
0.109
0.571
-0.237
-0.285
0.002
-0.056
-0.374
-0.435
0.057
-0.139
-0.401
-0.319
-0.305
-1.507
-1.315
-0.780
-0.073
0.192
-0.042
-0.251
-0.820
-0.014
-0.195
-0.039
0.009
-0.001
-0.203
-0.867
-0.305
-0.592
-0.533
-0.931
-0.811
-3.314
-1.213
-1.068
0.579
0.327
-0.295
-0.550
-0.223
0.025
0.505
-0.004
-0.552
-0.384
-0.133
0.213
-0.289
0.003
0.089
0.097
-0.005
-0.664
-0.412
-0.287
-0.524
-0.221
0.038
0.103
-0.796
0.046
-2.008
-1.618
-0.860
0.119
-0.037
-0.272
-0.105
-0.562
0.101
0.140
0.124
-0.338
-0.195
0.227
0.018
0.071
0.079
0.030
0.061
-1.208
-0.652
0.206
-0.042
0.057
0.063
0.112
0.118
0.180
0.107
-0.186
0.006
-0.527
-0.396
-0.106
-2.044
-0.842
-0.700
-1.180
-1.105
-0.431
-0.820
-0.190
-0.880
-0.994
-0.749
-1.868
-1.119
-0.013
-0.282
-0.379
-0.016
0.012
-0.644
0.753
-0.280
-0.142
-0.120
-1.537
-0.028
-0.284
-0.897
-0.557
0.745
-1.667
0.446
0.508
1.153
-0.524
-0.036
-0.637
0.040
0.658
-0.797
-0.754
0.018
0.045
0.202
0.496
-0.681
-0.187
-0.602
-0.739
-0.315
0.029
0.031
0.083
1.088
-1.679
0.453
-0.583
-0.092
