-0.348
-0.131
-0.021
0.021
-0.063
-0.064
-0.187
-0.052
-0.044
-0.148
-0.166
-0.086
-0.420
-0.275
0.174
-0.003
0.141
0.183
0.187
0.335
-0.461
0.912
1.220
-0.180
-0.037
-0.508
-0.156
-0.185
-0.637
0.084
-0.005
0.011
0.541
-0.168
0.324
-3.099
-2.083
-2.412
-0.698
-2.055
-2.271
-4.076
-0.146
0.263
-0.060
-0.016
-0.217
0.042
-2.536
-1.313
-2.848
-2.247
-2.575
-3.337
-2.772
-1.894
-1.124
-0.228
-0.852
-3.829
-1.455
-0.907
-1.997
-1.947
-1.592
-2.484
-1.728
-0.777
-0.270
-0.474
-0.900
0.165
-0.005
-0.562
-1.349
-2.445
-1.432
1.207
-3.489
-0.076
0.280
-1.068
-1.423
-0.341
-0.127
-0.628
-1.098
-2.060
-0.396
-0.606
0.258
-0.516
-0.220
-0.869
-0.599
-0.234
-0.358
-0.125
-1.060
-1.110
-0.069
-0.272
-0.290
-0.687
-0.250
0.315
-0.029
-0.013
0.084
0.226
0.177
-0.149
0.203
0.138
0.230
0.184
-0.148
0.416
-0.010
0.115
-0.009
0.013
0.177
0.375
0.255
-1.753
0.839
0.718
0.253
-0.449
-0.032
-0.059
-0.468
-0.382
0.442
0.278
0.031
-0.287
1.570
-0.175
-0.704
2.135
1.160
-0.175
-0.534
-0.094
-0.146
-0.446
-0.833
-2.638
-2.404
0.232
-1.951
-2.567
-1.832
-3.673
-2.933
-2.843
-2.389
0.279
-0.531
-1.728
-1.865
-0.093
0.112
-0.262
-0.675
-0.514
-0.363
-0.461
-1.354
0.082
0.164
0.092
-0.561
-2.048
-1.570
-0.584
-0.743
-1.306
0.028
-2.482
-0.076
-0.527
-0.596
-0.064
-0.050
0.117
-0.256
-0.064
-0.050
-0.233
0.528
-2.094
-1.378
0.292
-0.422
-0.329
-0.384
-0.339
-0.020
-0.064
0.635
-0.177
-0.235
-0.185
-2.836
-2.140
-0.572
0.042
-0.324
-0.183
0.518
-0.235
-0.092
2.547
0.411
-0.000
-2.398
-2.479
-1.303
-3.449
-1.174
-2.158
-1.669
-0.951
-1.180
-0.703
-1.540
-1.579
-1.027
-2.885
-1.388
-1.124
-3.275
0.072
1.315
-0.465
-0.320
-0.752
-0.434
-1.495
-0.131
-0.013
-3.118
-0.303
-0.413
1.393
-1.764
-1.178
-0.380
-1.505
-0.012
-0.015
-1.095
-0.234
-1.244
0.239
0.251
-1.644
-1.139
-0.113
-1.422
-0.482
1.110
0.008
-0.133
-0.007
-0.350
-1.180
0.063
-0.950
0.047
0.261
-0.766
-0.043
-0.915
-0.185
-0.306
0.237
0.017
-0.442
-0.381
-0.785
-0.706
0.273
-0.441
-0.179
0.052
-0.330
-1.908
0.172
-0.031
0.154
0.038
0.360
-0.257
0.147
-1.530
0.045
0.195
-1.814
-0.190
-1.150
0.109
-0.385
0.919
1.485
0.763
-0.086
0.053
1.104
-0.808
-0.062
-1.257
-2.733
-0.967
0.025
-0.010
-0.071
-0.345
-0.185
-0.129
0.141
-0.755
0.203
-0.299
0.022
0.044
-1.422
-1.386
-0.838
-0.275
-0.457
-0.239
-1.050
-0.248
-0.437
-0.065
0.418
-0.432
-0.796
0.808
-0.448
-0.719
-0.128
-0.230
0.118
0.148
-3.184
-1.199
-1.294
-1.193
-1.968
-0.994
-0.119
-1.817
-2.352
-0.941
-0.405
-0.868
-0.160
-1.132
-0.875
-0.693
-0.487
-3.065
0.058
-2.296
0.222
-1.312
-1.169
-0.883
-0.235
-0.986
-0.231
-0.095
0.004
-0.328
-0.650
-0.514
0.151
0.416
-0.418
-0.606
-0.153
0.026
-0.903
-1.344
-0.873
0.840
0.054
-0.041
0.150
-0.222
-0.739
-1.140
-1.002
0.049
-1.823
-1.180
-0.560
-0.937
-1.019
-0.803
-0.799
-0.483
-1.594
-1.506
-0.165
-0.799
0.146
-0.226
0.010
-0.329
-0.285
-0.274
-0.930
0.009
-1.349
-0.484
-0.527
0.113
-0.085
-0.794
-1.016
-0.202
-0.066
0.362
1.385
-0.268
0.024
0.432
-0.288
0.530
-2.294
-1.047
-0.033
-0.019
0.652
0.873
0.239
0.195
1.253
-0.308
1.511
1.452
1.472
1.263
0.135
0.467
-0.237
0.356
0.116
-0.583
-0.210
-1.316
0.546
0.142
-1.242
0.552
-0.138
-2.314
0.490
-1.107
-0.347
-0.269
-0.036
-0.050
-0.751
-0.179
0.222
-0.267
-2.412
-0.833
-2.221
-0.057
-0.115
-0.107
-1.183
-2.111
-0.046
-0.009
-0.499
-0.099
-0.459
-1.687
-0.738
-0.788
-0.394
-2.652
-1.372
-0.330
-0.270
-0.030
-0.776
-0.551
-0.346
-0.757
-2.406
-1.491
-1.809
-0.332
-0.132
-0.215
-0.113
-0.052
-0.054
0.598
0.033
-0.248
-0.329
-0.222
-0.032
0.035
-0.188
-0.292
-1.070
-0.363
-0.439
-1.521
-1.467
-0.458
-0.187
0.927
-0.119
-0.128
-0.988
-0.137
0.136
-0.176
-0.120
0.040
-0.726
-1.067
-0.392
-0.828
-0.467
-0.155
-1.228
-4.735
-0.696
-0.487
-0.075
-1.063
-0.440
-0.363
0.040
-0.211
0.439
-0.212
-0.814
-0.069
-0.386
-0.170
-0.418
0.111
-0.533
-0.056
-0.034
-0.444
-0.190
-0.187
-0.712
-0.219
-0.212
0.310
-0.773
0.208
-3.126
-0.850
-0.414
-0.726
-0.354
-0.819
0.046
-1.144
0.072
-0.229
-0.323
-0.590
0.225
0.337
0.138
0.219
0.189
0.203
0.141
-1.893
-0.600
0.089
-0.174
-0.246
0.011
-0.109
-0.316
-0.227
-0.091
-0.379
-0.001
-0.882
-0.535
-0.157
-1.525
-0.914
-0.866
-1.181
-0.517
-0.271
-0.930
-0.197
-1.173
-1.203
-0.879
-3.910
-1.066
-0.049
-0.777
-0.815
0.339
-0.003
-0.256
0.726
0.850
-0.680
-0.697
-0.980
0.114
-0.411
-1.487
-0.808
0.898
-0.531
0.413
0.657
0.351
-1.907
0.297
-1.172
0.036
0.269
-0.376
-0.493
-0.121
0.155
0.106
1.010
-0.940
-0.039
-0.656
-0.992
-0.274
-0.210
0.001
0.867
2.171
-1.394
0.270
-1.103
0.064
