-0.061
0.028
0.098
0.005
-0.079
-0.118
0.046
-0.181
-0.851
-0.224
-0.301
-0.141
-0.232
-0.102
-0.053
0.006
0.222
0.154
0.041
0.388
-0.111
0.702
0.398
0.014
0.039
0.289
-0.055
-0.102
-0.403
0.101
-0.154
-0.039
0.018
0.182
-0.006
-2.103
-1.865
-2.419
-0.627
-1.963
-1.815
-2.924
0.212
0.264
-0.495
0.187
-0.358
-0.298
-2.215
-1.780
-1.807
-1.749
-1.886
-2.686
-2.737
-1.392
-1.338
0.075
-0.769
-2.832
-0.730
-1.070
-1.356
-1.533
-1.055
-1.987
-1.586
-0.753
0.085
0.287
-1.114
0.288
0.431
-0.304
-1.217
-1.528
-1.140
1.825
-1.751
-0.115
0.588
-0.892
-0.412
0.101
0.434
0.504
-0.695
-2.347
-0.002
0.322
0.360
0.044
-0.043
-0.524
-0.232
0.385
-0.046
0.005
-1.256
-0.439
0.223
0.048
0.175
0.144
-0.034
0.618
0.066
0.065
0.102
0.147
0.086
0.060
0.183
0.067
0.112
0.082
0.053
0.268
0.094
0.051
0.069
0.109
0.071
0.380
0.101
-0.355
0.252
1.141
0.420
-0.107
0.026
0.325
0.040
-0.214
1.123
-0.805
0.466
0.061
1.665
-0.063
-0.206
1.283
0.839
0.051
-0.184
-0.024
-0.114
-0.696
-0.535
-2.252
0.066
0.065
-1.143
-2.275
-1.464
-2.563
-2.433
-2.798
-2.642
0.853
-0.222
-2.547
-2.086
-0.302
0.260
-0.025
-1.104
-0.468
-0.386
-0.170
-1.212
0.400
0.113
0.214
-0.686
-1.511
-1.126
-0.484
-0.985
-0.998
0.609
-1.303
-0.046
-0.564
-0.461
-0.240
-0.281
1.039
0.111
-0.008
-0.090
-1.059
0.121
-1.622
-1.328
0.717
-1.173
-1.127
-0.296
-0.043
-0.149
-0.085
0.155
0.059
0.077
0.011
-1.834
-1.444
-0.896
-0.014
0.101
0.136
0.798
-0.203
0.060
-0.082
-0.055
0.519
-1.634
-2.199
-1.118
-2.142
-0.695
-1.551
-1.340
-0.861
-1.298
-0.798
-0.719
-1.124
-0.403
-1.640
-1.123
-0.822
-2.129
-0.049
1.170
-0.531
-0.160
-0.609
-0.222
-0.959
-0.122
0.078
-1.550
-0.059
-0.338
0.174
-0.652
-1.739
0.130
-0.981
-0.424
-0.318
-1.185
-0.401
-0.974
0.053
0.153
-1.038
-0.690
-0.139
-0.688
-0.508
0.875
-0.376
0.645
-0.278
0.182
-0.543
0.213
-0.427
-0.067
0.033
-0.879
0.565
0.746
-0.054
-0.407
0.217
0.336
-0.275
-1.694
-1.263
-0.589
-0.030
-0.156
0.074
0.350
-0.158
-1.052
0.107
0.194
0.345
0.263
0.629
0.126
0.013
-1.807
0.067
0.015
-0.763
-0.754
-0.466
-0.166
0.298
1.233
1.355
0.702
0.012
-0.309
0.707
-0.522
-0.018
-0.175
-1.059
-0.116
0.268
0.006
-0.032
-0.063
-0.041
0.001
0.036
-0.021
0.089
-0.709
-0.064
0.064
-1.304
-0.466
-0.116
-0.343
-0.437
-0.102
-1.542
-0.492
-0.518
-0.081
0.008
-0.500
-1.253
0.503
-0.266
-0.167
0.107
-0.261
0.216
0.047
-2.213
-1.661
-1.163
-2.085
-1.833
-0.335
-0.085
-1.254
-1.710
-0.708
-0.087
0.225
0.098
-0.366
-0.716
-0.596
-0.463
-0.093
-0.036
-1.921
0.592
-0.713
-0.789
-1.476
-0.702
-1.101
0.085
-0.349
-0.226
0.061
-0.291
0.148
0.303
1.160
-0.166
-0.167
-0.116
0.097
-0.128
-0.623
-0.164
0.350
-0.196
0.185
0.020
-0.090
-0.478
-0.425
-0.898
0.245
-0.922
-1.477
-1.050
-0.758
-0.811
-1.299
-0.753
-0.041
-1.451
-1.356
-0.097
-0.155
-0.016
-0.428
-0.162
-0.016
0.151
-0.368
-1.330
0.146
-1.117
-0.343
-0.767
-0.012
-0.287
0.440
-1.014
-0.016
-0.038
0.312
1.579
0.109
-0.021
0.305
-0.192
0.868
-0.977
-0.860
-0.095
0.070
1.155
0.291
0.009
0.182
0.428
0.187
0.526
0.390
0.722
0.944
0.462
0.176
0.414
0.410
0.013
-0.143
0.625
-1.183
0.731
0.293
-0.854
0.718
-0.357
-0.464
0.193
-0.433
-0.167
-0.054
-0.193
0.042
-0.231
0.004
0.710
-0.051
-1.073
0.169
-2.042
-0.510
-0.176
-0.133
-0.026
-0.023
-0.150
0.173
-0.221
0.053
-0.212
-1.210
-0.246
-1.652
-0.664
-2.054
-0.822
-0.603
-0.431
-0.418
-0.919
-0.574
-0.365
-0.973
-1.334
-0.892
-1.689
0.022
0.051
0.118
0.037
0.085
0.064
0.169
0.343
-0.195
0.008
-0.130
-0.249
0.032
-0.159
-0.182
-0.004
-0.378
-0.267
-1.274
-1.459
-0.215
-0.053
0.229
0.033
-0.057
-0.112
-0.004
0.006
0.052
0.037
0.077
0.024
-1.304
-0.427
-1.102
0.046
-0.776
-1.463
-2.174
-1.512
-1.324
0.226
0.087
-0.084
-0.245
0.034
0.095
0.212
-0.173
-0.939
-0.041
-0.399
-0.282
-0.424
-0.150
-0.195
0.001
-0.079
-0.718
-0.465
-0.381
-0.595
-0.039
-0.081
0.266
-1.189
0.018
-1.682
-0.910
-0.970
-0.109
0.404
-0.208
-0.021
-0.216
0.055
0.009
0.202
-0.057
0.376
0.383
-0.050
0.020
-0.078
-0.042
-0.096
-1.199
-0.439
0.301
-0.006
0.008
-0.056
-0.066
-0.046
0.353
-0.040
-0.226
-0.094
-0.560
-0.593
-0.069
-1.626
-0.471
-0.763
-1.269
-1.256
-0.207
-1.479
-0.412
-0.922
-1.090
-0.593
-1.640
-0.962
-0.097
-0.203
-0.336
0.104
-0.021
-0.489
0.196
0.359
0.030
0.034
-0.739
0.790
-0.308
-0.748
-0.092
1.384
0.157
0.211
0.444
0.712
0.383
0.766
-1.087
0.064
0.825
-0.853
-0.847
0.142
0.151
0.321
0.394
-0.319
-0.077
-0.673
-0.711
-0.261
0.074
0.219
0.115
0.818
-0.790
0.063
-0.191
-0.153
