0.214
0.026
-0.091
0.058
0.066
-0.050
0.251
0.743
0.584
0.144
0.237
0.233
0.234
0.186
-1.345
-0.097
-0.139
-0.228
-0.142
-0.005
0.587
-2.617
-0.468
0.037
-0.076
-0.072
0.057
-0.075
0.174
0.065
-0.049
-0.233
-0.216
0.277
-0.086
2.711
1.988
3.053
0.394
1.619
1.975
3.875
0.004
-0.440
0.015
-0.185
-0.080
-0.107
3.275
1.072
1.729
1.870
2.225
2.386
2.887
1.661
1.264
-0.087
1.100
2.983
1.194
0.933
1.639
1.321
1.719
3.226
2.267
0.458
0.223
0.034
1.342
-0.099
-0.563
-0.079
0.644
1.955
0.512
-0.689
3.387
-0.140
-0.352
0.979
0.199
-0.057
-0.611
-0.071
1.282
1.978
0.498
-0.077
-0.084
0.299
-0.061
0.808
0.122
-0.151
-0.084
-0.483
0.050
-0.034
-0.084
-0.084
-0.074
-0.084
-0.058
-0.096
-0.009
-0.020
-0.138
-0.158
-0.033
0.018
-0.123
-0.115
-0.184
-0.123
0.017
-0.215
-0.080
-0.108
0.008
-0.024
-0.136
-0.125
-0.210
1.460
-0.127
-0.812
-0.084
-0.047
-0.117
-0.138
0.149
0.116
-1.095
-0.188
-0.094
1.170
-0.805
0.850
0.298
-0.103
-1.728
-0.071
0.370
-0.054
0.151
0.312
0.468
3.075
0.686
-0.002
0.665
1.855
1.917
3.367
2.312
1.059
3.051
0.075
0.846
2.316
1.589
-0.077
-0.475
-0.034
1.865
0.892
-0.084
0.776
0.986
-0.084
-0.037
-0.080
0.666
1.905
2.910
0.054
1.963
1.217
-0.280
2.097
-0.057
0.477
0.583
0.467
0.217
-0.580
-0.566
-0.077
-0.191
-0.084
-0.051
3.419
2.141
-0.645
0.104
0.435
0.551
0.032
0.016
0.619
-0.054
-0.028
-0.034
0.070
2.532
1.714
0.661
-0.295
0.110
-0.076
-1.185
0.368
0.485
-0.626
-0.332
-0.132
2.428
2.843
0.737
2.969
0.451
1.881
1.326
0.537
1.426
1.314
1.434
1.460
1.283
2.085
2.299
1.614
2.641
-0.422
-1.970
0.238
-0.225
0.075
0.001
0.705
0.010
-0.447
2.314
-0.006
0.443
-0.408
1.076
1.112
0.088
0.849
0.387
0.076
1.219
0.005
1.829
0.170
-0.819
0.996
0.028
0.101
0.886
0.254
-1.059
0.317
-0.719
-0.025
-0.220
0.627
-0.114
1.188
-0.024
-0.148
0.261
-0.057
1.187
0.117
0.364
-0.046
-0.098
0.226
0.519
0.898
0.907
-0.047
1.373
-0.163
-0.119
0.520
0.745
-0.085
-0.135
-0.131
0.062
0.463
-0.040
-0.411
2.306
0.152
-0.105
1.396
0.939
0.865
-0.157
-0.166
-0.830
-2.783
-1.818
0.248
-0.043
-1.373
1.137
-0.069
-0.271
2.004
1.023
-0.390
-0.344
-0.356
0.223
0.114
0.178
0.040
0.609
-0.116
0.563
0.106
-0.081
1.589
1.956
0.212
0.387
0.796
0.212
0.831
0.156
0.057
-0.074
-0.084
0.551
0.691
-0.204
0.360
0.632
-0.185
0.090
-0.101
-0.086
2.952
1.153
0.734
1.564
1.984
0.799
0.085
1.566
2.889
1.321
0.467
0.752
-0.014
0.311
0.659
0.339
-0.086
1.471
0.024
1.654
-0.341
0.491
0.271
1.166
0.349
1.968
0.060
-0.030
-0.041
0.291
0.787
0.056
-0.153
-0.870
0.051
-0.031
0.039
-0.082
0.322
1.393
-0.025
-0.311
-0.140
-0.084
-0.138
-0.070
0.447
0.265
0.380
-0.173
1.626
1.449
1.329
0.820
1.211
0.973
0.678
-0.068
1.557
2.482
-0.482
1.050
-0.005
0.464
0.287
0.368
-0.110
-0.046
0.747
-0.300
0.956
0.666
0.719
-0.248
0.683
0.003
0.363
-0.018
-0.133
-0.084
-0.370
0.027
-0.071
-0.434
0.054
-0.287
1.639
0.927
-0.054
-0.276
-1.677
-0.283
-0.235
-0.201
-0.516
-0.105
-0.873
-0.725
-1.073
-1.581
0.131
0.145
-0.988
-0.427
-0.092
0.067
-0.324
1.471
-0.924
-0.465
1.348
-0.624
0.611
-0.011
-0.538
-0.340
0.073
0.279
0.236
-0.078
0.352
0.577
-0.366
-0.028
1.203
0.208
3.058
1.037
0.020
-0.048
1.288
2.177
0.018
-0.084
-0.086
-0.143
-0.209
0.296
0.100
1.112
0.001
2.440
1.151
0.127
0.104
0.032
0.767
0.046
0.149
0.792
1.515
0.686
0.822
0.082
-0.033
0.003
-0.042
-0.009
0.083
-0.603
-0.036
0.061
0.015
0.061
-0.012
0.535
0.026
0.019
0.016
0.484
0.263
1.641
1.287
0.278
-0.122
-0.488
-0.084
0.204
0.650
-0.004
-0.108
-0.026
-0.083
-0.219
0.370
0.962
0.135
0.977
0.552
0.759
1.181
2.667
0.658
1.289
-0.031
0.460
0.182
0.478
-0.061
-0.045
-0.258
-0.059
1.097
1.192
-0.001
0.321
0.513
-0.249
-0.068
-0.238
-0.344
0.397
0.180
-0.048
0.451
0.480
-0.314
-0.037
0.664
-0.118
2.777
1.345
0.848
-0.163
0.048
0.708
-0.070
0.855
-0.196
0.202
-0.084
0.154
-0.082
-0.466
0.036
-0.226
-0.182
-0.063
-0.161
1.511
1.413
0.129
-0.178
0.200
-0.079
0.366
0.365
0.464
0.275
-0.008
-0.073
0.025
0.119
-0.090
2.128
0.849
0.305
1.267
0.226
0.014
1.265
0.522
1.094
0.955
0.941
2.948
1.202
0.030
-0.009
0.949
-0.122
0.150
0.354
-0.713
-0.243
0.354
0.355
0.420
-0.065
0.583
1.445
0.681
-0.403
0.260
-0.441
-0.801
-0.084
0.523
-0.071
0.642
-0.104
-0.561
-0.014
0.677
-0.087
-0.263
-0.132
-0.629
0.432
-0.054
0.569
0.528
0.298
0.099
-0.161
-0.741
-1.382
1.295
-0.323
0.815
0.256
