-0.051
-0.003
-0.004
0.270
-0.011
0.050
-0.210
-0.025
-0.601
-0.187
-0.366
-0.337
-0.156
-0.081
0.216
0.055
0.397
0.428
0.305
0.030
-0.365
2.147
0.263
-0.086
0.361
0.171
0.177
-0.140
-0.067
0.172
-0.094
-0.061
0.319
0.323
0.413
-2.470
-2.452
-3.330
-0.831
-2.571
-2.716
-4.209
-0.042
0.120
-0.732
0.249
-0.560
-0.486
-2.961
-1.198
-2.650
-1.941
-2.702
-3.253
-3.822
-1.844
-1.706
-0.014
-0.284
-5.246
-1.156
-1.808
-1.558
-1.911
-1.901
-1.832
-1.883
-1.253
-0.301
-0.701
-1.813
0.691
0.107
-0.190
-0.951
-1.755
-0.104
1.079
-4.832
0.061
0.686
-0.628
-0.976
-0.019
0.333
0.335
-1.498
-3.500
-0.323
-0.092
0.485
-0.396
-0.110
-0.903
-0.066
0.146
-0.079
0.141
-2.220
-0.431
-0.058
-0.089
-0.092
-0.219
-0.230
0.171
-0.154
0.331
0.034
0.420
0.018
-0.066
0.239
0.024
0.179
0.201
-0.077
0.206
0.036
0.034
0.087
-0.047
0.130
0.547
0.418
-0.876
0.452
1.390
0.718
-0.103
0.078
0.225
-0.027
0.284
1.464
0.129
0.475
0.207
2.364
-0.076
0.063
2.591
2.293
-0.232
0.550
0.062
-0.171
-0.696
-0.499
-3.411
-1.126
-0.665
-1.041
-3.885
-2.354
-3.349
-3.061
-3.699
-3.576
0.456
-1.608
-2.399
-1.956
-0.176
0.380
-0.075
-1.665
-1.167
-0.374
-0.128
-0.973
0.338
0.145
0.233
-0.960
-1.680
-1.860
-0.638
-1.579
-1.742
0.149
-2.295
0.141
-0.545
-0.795
-0.372
-0.334
0.517
0.424
-0.371
-0.098
-0.568
1.299
-1.346
-1.989
0.532
-0.498
-0.494
-0.349
-0.121
-0.249
-0.041
0.240
0.076
-0.034
-0.100
-3.340
-2.459
-1.166
0.379
-0.344
-0.235
0.920
-0.727
0.008
1.482
-0.009
0.129
-3.244
-2.129
-1.700
-2.865
-0.891
-1.550
-2.072
-0.904
-1.679
-0.787
-1.888
-1.128
-0.421
-2.520
-1.675
-2.011
-4.561
-0.127
2.067
-0.684
-0.080
-0.730
-0.266
-1.012
1.016
0.352
-2.629
-0.242
-0.020
0.114
-0.837
-1.475
0.247
-1.822
-0.621
-0.403
-1.467
-0.336
-1.053
0.108
0.301
-1.562
-1.655
-0.640
-1.143
-0.463
1.155
-0.119
0.501
0.038
0.203
-0.342
0.227
0.225
0.007
0.305
-1.308
0.024
-1.168
-0.248
-0.417
-0.070
1.122
-0.924
-1.419
-1.366
-0.998
0.066
0.121
0.276
0.011
-0.047
-2.124
0.206
0.086
0.202
0.157
0.364
0.101
1.246
-2.397
1.058
0.423
-1.059
-1.388
-0.689
-0.083
-0.656
0.592
1.687
1.798
-0.012
-0.200
1.049
-0.840
0.279
0.028
-2.953
-0.630
-0.388
0.712
-0.024
0.046
0.105
-0.117
-0.018
-0.281
0.319
-0.731
-0.184
0.065
-2.525
-1.198
-0.187
0.151
-1.006
-0.227
-1.364
-0.660
-1.466
-0.005
0.073
-0.945
-0.813
0.303
-0.280
-0.028
0.333
-1.001
0.396
0.107
-3.441
-2.160
-1.343
-1.335
-1.428
-0.803
-0.188
-2.558
-2.538
-1.952
0.446
-0.473
0.047
-1.524
-0.695
-0.234
0.344
0.345
0.106
-3.073
0.251
-1.114
-0.717
-1.402
-0.465
-2.109
-0.042
-0.352
0.024
-0.068
0.995
0.172
0.514
1.286
0.098
-0.400
-0.403
-0.099
0.260
-1.074
0.505
0.888
0.308
0.222
0.539
-0.702
-0.810
-0.543
-1.436
0.674
-2.747
-1.227
-0.147
-0.524
-1.457
-0.966
-1.288
-0.176
-2.643
-3.113
-0.101
-0.027
-0.009
-0.446
0.090
-0.289
-0.219
-0.287
-1.041
0.165
-1.890
-0.346
-0.865
0.942
-0.199
0.119
-0.371
-0.682
-0.060
0.328
0.901
-0.219
0.217
0.447
-0.760
-0.216
-1.870
-1.092
0.012
0.132
1.231
0.839
0.277
0.503
0.631
0.189
0.707
0.657
1.359
1.145
0.754
0.725
0.593
0.304
-0.038
-0.696
0.965
-1.543
0.957
0.389
-1.446
1.163
0.007
-0.218
0.128
0.090
-0.490
-0.009
0.654
-0.281
-0.411
-1.705
0.276
-0.381
-2.559
0.134
-2.337
-0.994
-1.090
0.212
-0.380
-1.412
-0.187
0.202
-0.627
-0.258
-0.171
-1.596
-0.641
-1.824
-0.662
-3.215
-1.036
-0.199
-0.606
-0.468
-1.082
-0.507
-0.507
-0.842
-2.597
-1.872
-2.143
-0.299
0.010
-0.134
-0.176
0.034
0.101
1.138
-0.074
-0.823
-0.222
-0.249
-0.000
-0.046
-0.224
-0.191
-0.374
-0.776
-0.540
-1.853
-1.248
-1.598
0.171
0.394
0.091
-0.129
-0.628
-0.125
-0.166
-0.395
-0.386
0.123
-0.454
-1.761
-0.652
-0.872
-0.246
-0.568
-2.060
-3.400
-1.042
-1.057
-0.584
-1.535
-0.641
-0.294
0.297
0.009
0.793
-0.243
-0.756
-0.451
-0.467
-0.415
-0.438
-0.082
-0.199
0.294
0.146
-0.606
-0.358
-0.204
-0.645
-0.402
0.258
0.221
-1.334
0.338
-2.763
-1.628
-1.648
-0.402
-0.729
-0.937
0.047
-1.160
-0.088
-0.149
0.069
-0.168
0.393
0.576
0.074
0.173
0.133
0.114
0.122
-0.880
-1.277
0.752
0.398
-0.279
-0.046
0.045
-0.202
0.230
0.047
-0.340
-0.029
-0.690
-0.554
-0.139
-1.454
-0.769
-0.619
-1.273
-1.772
-0.009
-1.736
-0.568
-1.064
-1.493
-0.595
-2.320
-1.388
-0.091
-0.738
-1.068
0.301
-0.044
-0.369
0.497
0.734
0.039
0.125
-1.085
1.169
-0.255
-1.304
-0.406
0.812
-0.110
0.408
0.448
0.372
-0.263
0.880
-1.030
0.175
0.929
-0.493
-1.373
0.022
0.142
0.028
0.297
-0.870
-0.690
-0.520
-0.705
-0.632
-0.324
0.151
0.462
1.201
-1.365
0.343
0.196
0.604
