-0.039
-0.778
-0.050
-0.064
-0.129
-0.095
-0.259
-0.360
-0.349
-0.308
-0.093
-0.135
0.080
0.037
-0.071
-0.371
0.220
0.245
-0.212
-0.397
-0.842
0.289
-0.162
-0.191
0.082
0.141
-0.133
-0.049
-0.232
-0.024
-0.472
-0.116
0.185
0.194
0.272
-2.141
-1.776
-2.418
-0.962
-1.589
-2.005
-2.414
0.182
0.235
0.054
0.113
-0.780
-0.686
-2.481
-2.369
-2.495
-2.278
-2.474
-3.259
-2.753
-1.652
-1.676
-0.349
-0.707
-3.536
-1.936
-1.322
-1.819
-1.778
-1.218
-2.166
-1.942
-0.865
-0.242
-1.155
-1.157
-0.013
-0.569
-0.494
-1.517
-1.873
-1.549
1.214
-2.494
0.156
0.453
-1.940
-0.314
-0.210
-0.096
-0.029
-0.951
-2.681
0.598
-0.961
0.693
-0.501
-0.031
-0.974
-0.388
0.258
0.008
0.109
-1.198
-0.780
0.641
0.022
-0.088
-0.486
-0.182
0.160
-0.018
0.083
0.028
0.152
0.298
0.007
0.344
0.024
0.050
0.156
-0.081
0.381
0.004
0.042
0.041
-0.066
0.147
0.339
0.369
-1.139
0.164
1.108
0.191
-0.474
-0.252
0.095
0.085
-0.638
0.608
-0.427
-0.283
-0.510
0.536
-0.388
-0.802
1.024
0.747
-0.092
-0.049
-0.186
-0.702
-0.121
-0.710
-2.830
-0.739
-0.384
-0.784
-2.274
-1.746
-3.291
-3.407
-2.889
-2.177
-0.248
-0.783
-2.236
-2.248
-1.145
0.204
-0.318
-1.441
-1.106
-0.251
-0.255
-1.302
0.098
-0.383
-0.407
-1.003
-1.926
-1.284
-0.886
-1.440
-1.521
0.266
-1.800
-0.031
-1.308
-1.046
-0.064
0.019
-0.619
-0.695
0.261
0.002
-0.125
0.207
-2.016
-1.707
-0.389
-0.960
-0.571
-0.396
-0.114
-0.597
-0.132
1.262
-0.094
-0.141
-0.151
-2.701
-2.451
-0.789
-0.177
-0.303
-0.497
1.447
-0.557
-0.940
0.347
-0.057
0.078
-2.286
-2.582
-1.857
-2.515
-0.384
-3.355
-2.031
-0.909
-2.053
-1.313
-1.070
-1.477
-1.181
-1.768
-1.383
-1.702
-3.489
-0.004
1.446
-0.725
-0.097
-1.086
-0.562
-0.742
0.038
0.112
-1.840
-0.100
-0.930
-1.290
-1.594
-0.780
0.627
-0.794
-0.427
-0.425
-1.370
-0.425
-1.480
-0.395
-0.107
-1.447
-1.055
-1.029
-0.871
-0.716
0.545
-0.559
0.132
0.436
0.709
-1.762
0.018
-0.720
-0.026
0.045
-1.399
-0.664
-0.999
-0.139
-0.320
0.483
0.300
-0.517
-1.218
-1.425
-0.706
-0.374
-0.400
-0.042
-0.411
-0.268
-1.310
-0.052
-0.059
0.042
0.004
0.018
-0.139
-0.569
-2.105
0.369
-0.040
-0.833
-0.839
-0.877
0.058
-0.056
1.179
0.797
1.065
0.015
-0.248
0.493
-0.243
0.013
-0.324
-1.452
-0.845
0.787
0.364
0.258
-0.108
-0.089
-0.217
-0.275
-0.730
-0.071
-1.674
-0.210
-0.032
-1.260
-0.583
-0.075
-0.144
-0.995
-0.482
-1.561
-0.275
-0.490
-0.051
0.290
-0.388
-0.953
0.410
-0.563
-0.495
0.048
-1.108
0.192
0.038
-3.164
-1.804
-1.622
-1.778
-2.034
-1.369
-0.117
-1.530
-1.854
-1.076
-0.653
-0.822
-0.126
-0.601
-1.166
-0.930
-0.931
-0.370
-0.106
-3.590
0.571
-1.183
-0.727
-1.802
-0.951
-2.873
-1.178
-0.131
-0.258
-0.221
-0.396
-0.291
0.120
1.047
-0.110
0.036
-0.393
-0.413
-0.988
-0.263
-0.092
0.155
0.041
0.112
-0.323
0.085
-1.354
-0.521
-1.173
-0.637
-1.524
-0.796
-0.665
-0.486
-0.340
-1.149
-0.651
-0.210
-2.211
-4.170
-0.031
0.048
-0.192
-0.271
-0.664
-0.390
-0.352
-0.420
-1.352
-0.042
-0.765
-0.446
-0.777
0.010
-0.718
-0.484
-0.593
-0.405
-0.050
0.046
0.306
-0.236
-0.026
0.301
-0.175
0.595
-1.853
-1.536
-0.171
0.280
0.810
1.244
-0.228
0.031
0.299
0.133
0.537
0.210
0.762
1.368
0.972
0.111
0.247
0.680
0.077
-1.163
0.133
-1.135
0.087
0.077
-0.857
0.396
0.730
-0.637
0.789
-0.656
0.039
-0.175
-0.937
-0.183
-1.028
-0.417
0.063
-0.159
-2.251
-0.489
-1.875
-0.796
-1.088
-0.302
-0.630
-1.308
0.118
0.342
-0.297
0.205
-0.622
-2.105
-0.619
-2.318
-0.906
-2.580
-0.838
-0.395
-0.286
-0.361
-1.228
-0.535
-0.675
-1.104
-2.571
-1.597
-1.896
-0.044
-0.105
-0.086
-0.213
-0.066
-0.181
0.395
-0.385
-0.293
-0.280
-0.263
-0.456
-0.073
-0.737
-0.506
-0.197
-0.561
-0.526
-0.848
-1.298
-1.415
-0.146
0.442
-0.181
-0.666
-0.508
-0.001
-0.197
-0.229
-0.115
-0.094
-0.612
-1.402
-0.384
-1.095
-1.127
-0.853
-1.151
-3.364
-1.812
-2.099
0.088
-0.115
-0.180
-0.172
-0.023
0.028
0.437
-0.260
-0.659
-0.784
-0.585
-0.886
-0.149
0.019
-0.156
0.007
-0.009
-0.847
-0.886
-0.379
-0.882
-0.729
-0.111
0.090
-1.064
-0.085
-2.013
-1.514
-1.290
-0.059
-0.806
-0.233
-0.306
-0.150
-0.035
-0.147
0.196
-0.531
-0.085
0.239
-0.116
-0.017
0.006
-0.028
-0.009
-0.646
-0.556
0.370
0.428
-0.568
-0.376
-0.517
-0.252
-0.178
-0.072
-0.685
-0.104
-1.073
-0.563
-0.090
-2.292
-0.781
-0.572
-1.981
-2.038
-0.413
-1.669
-0.589
-1.251
-1.504
-0.663
-2.393
-1.294
0.166
-0.116
-0.871
0.035
-0.072
-0.270
0.476
0.071
-0.020
-0.107
-1.659
0.514
-0.990
-0.992
-0.236
1.035
-2.205
0.600
0.712
0.065
-0.509
-0.543
-1.092
0.077
0.282
-0.712
-0.765
-0.008
0.124
0.195
0.184
-0.832
-0.658
-0.803
-1.207
-0.375
-0.229
-0.008
-0.077
0.153
-1.572
0.162
-0.407
-0.369
