-0.189
-0.143
-0.045
0.015
1.951
0.048
-0.351
-0.141
-0.623
-0.118
-0.082
-0.143
-0.072
-0.234
1.215
0.005
-0.048
0.066
-0.192
0.580
-0.256
1.183
1.552
-0.176
-0.117
-0.163
-0.136
-0.188
-0.225
-0.039
-0.132
-0.059
0.020
0.157
0.146
-3.377
-1.760
-2.553
-0.680
-1.411
-2.413
-3.685
0.004
0.499
-0.168
-0.077
-0.410
-0.147
-1.363
-1.595
-1.902
-1.941
-2.771
-2.898
-1.995
-1.490
-1.170
-0.170
-0.687
-2.727
-1.237
-1.632
-1.700
-2.093
-1.532
-3.069
-2.217
-0.328
-0.357
-0.243
0.079
0.149
0.233
-0.289
-0.137
-0.302
-0.129
0.185
-3.220
0.152
2.912
-0.232
-1.099
-0.170
-0.072
-0.323
-0.743
-2.468
-0.648
-0.173
0.536
0.112
-0.197
-0.447
-0.245
-0.170
-0.047
0.138
-1.874
-1.647
-0.487
-0.190
0.085
-0.121
-0.170
0.249
-0.175
3.608
0.106
0.157
-0.032
-0.183
0.225
0.045
0.095
0.089
0.082
0.164
0.066
0.517
0.224
0.153
0.146
0.172
0.154
-1.322
0.261
0.799
0.227
-0.203
-0.083
0.049
-0.356
-0.457
1.444
-2.259
-0.056
-0.171
0.859
-0.170
-0.319
2.692
2.601
-0.282
0.132
-0.148
-0.379
-0.490
-0.967
-2.119
-0.747
-0.007
-1.065
-2.561
-0.853
-3.687
-2.474
-2.210
-2.199
0.307
-1.319
-2.234
-1.789
-0.170
-0.033
-0.148
-1.213
-0.849
-0.235
-0.496
-0.616
0.376
-0.072
0.240
-0.219
-1.575
-0.761
-0.285
-1.751
-0.399
-0.038
-1.871
-0.003
-0.891
-0.788
-0.508
-0.171
1.083
0.152
0.156
0.040
-0.181
-0.064
0.326
1.174
0.650
-0.694
-0.170
-0.637
-0.185
-0.187
-0.170
0.694
-0.184
-0.301
-0.296
-2.139
-2.152
-0.579
-0.054
-0.334
0.028
1.826
-0.190
-0.424
0.789
0.067
-0.001
-2.633
-2.907
-1.433
-2.544
-0.678
-1.375
-1.680
-0.851
-1.497
-0.559
-1.108
-0.396
-0.642
-1.942
-1.329
-0.936
-3.372
0.560
1.548
-0.536
-0.169
-0.794
-0.016
-0.582
-0.046
0.283
-2.401
0.036
-0.278
-0.210
-0.551
-1.060
0.465
-0.564
-0.002
-0.008
-0.301
-0.393
-2.151
0.902
0.023
-0.984
-0.393
-0.136
-0.541
-0.257
1.807
0.102
0.270
-0.211
-0.241
-0.453
0.046
-0.502
0.058
0.338
-0.942
-0.170
-0.558
-0.162
-0.124
-0.294
0.515
-0.482
-1.774
-1.173
-0.746
-0.027
-0.639
-0.097
-0.170
0.391
-2.000
0.081
0.179
0.423
0.309
0.012
-0.294
0.443
-2.456
0.872
0.752
-1.297
-0.656
-1.690
0.013
0.187
1.190
2.582
2.356
-0.047
0.132
0.317
-0.373
0.088
-0.306
-3.065
0.258
0.564
0.531
0.702
-0.204
-0.141
-0.485
-0.273
-0.518
-0.050
-0.992
-0.152
0.038
-2.236
-0.639
-0.051
-0.139
-0.494
-0.225
-0.947
-0.332
-0.055
-0.048
-0.114
-0.762
-1.143
0.737
-0.270
-0.351
0.286
-0.340
0.363
-0.061
-3.623
-0.925
-1.140
-1.641
-1.525
-0.338
-0.221
-0.815
-2.482
-0.327
-0.367
-0.385
-0.043
-0.460
-1.234
-0.406
0.703
-1.365
-0.226
-1.002
-0.007
-0.858
-1.166
-0.912
-0.399
-1.013
-0.345
-0.007
0.096
0.173
-0.162
0.717
0.900
1.187
-0.335
-0.805
-0.170
-0.004
-0.507
-1.119
-2.391
0.583
0.003
-0.359
0.406
-0.080
-0.538
-0.190
-1.339
0.283
-1.179
-1.781
-0.237
-0.592
-1.745
-1.238
-0.883
-0.170
-0.705
-2.688
-0.254
-0.811
-0.045
-0.189
0.687
-0.203
-0.051
-0.160
-0.645
0.013
-1.315
-0.377
-0.532
0.606
-0.327
-0.379
-0.730
-0.120
-0.197
-0.155
1.212
-0.145
-0.226
-0.067
-0.217
-0.103
-1.912
-0.533
3.328
0.439
1.246
0.464
0.536
0.234
-0.105
0.332
1.081
0.933
1.238
0.908
0.759
-0.087
0.094
0.717
0.131
-0.520
0.414
-1.461
0.693
0.113
-1.701
0.537
0.292
-3.154
0.412
-0.410
0.053
-0.102
0.475
-0.177
-0.173
-0.491
0.152
-0.178
-1.398
0.016
-2.545
-0.559
-0.358
-0.144
-0.312
-1.062
-0.136
0.069
0.004
-0.086
-0.071
-0.918
-0.413
-2.052
-0.499
-2.002
-0.241
-0.235
-0.170
-0.208
-0.515
-0.221
-0.632
-0.779
-1.374
-1.106
-1.666
-0.200
0.010
1.284
-0.211
-0.150
-0.014
0.393
-0.211
-0.229
-0.236
0.005
-0.647
-0.084
-0.133
-0.192
-0.462
-0.235
-0.383
-1.417
-1.806
-1.177
-0.031
0.391
0.243
-0.170
-0.263
-0.148
-0.011
-0.143
0.110
-0.073
-0.459
-1.142
-0.416
-1.251
-0.332
-1.075
-0.799
-2.794
-1.125
-1.060
0.013
-0.260
-0.283
-0.338
-0.024
-0.326
-0.422
-0.170
-0.457
-0.202
-0.389
-0.770
-0.146
-0.178
-0.300
-0.167
0.065
-0.705
-0.304
-0.210
-0.555
-0.225
0.052
0.334
-1.098
0.414
-3.372
-0.971
-1.296
-0.304
-0.462
-0.320
1.513
-0.840
0.274
-0.201
-0.176
-0.161
0.417
0.801
-0.156
0.583
-0.082
-0.040
-0.072
-2.448
-0.631
0.304
-0.031
-0.236
0.272
-0.192
-0.421
-0.060
-0.170
-0.316
-0.075
-1.157
-0.677
-0.304
-2.584
-0.786
-0.540
-0.660
-0.336
-0.170
-0.603
-0.407
-0.967
-0.504
-0.394
-3.864
-0.783
-0.282
-0.113
-0.654
0.310
-0.031
-0.424
0.602
0.688
-0.048
-0.402
-0.759
0.046
-0.029
-1.731
-0.580
0.476
-0.352
0.372
0.218
0.426
0.025
0.083
-1.292
0.140
0.411
-0.260
-0.362
0.118
0.493
0.128
0.809
-0.666
-0.170
-0.624
-0.539
-0.226
-0.131
0.645
0.581
1.555
-1.144
-0.170
0.680
0.032
