0.026
-0.109
0.097
-0.082
0.014
-0.188
-0.080
0.051
0.002
-0.038
-0.068
0.790
0.117
0.069
-0.275
-0.281
-0.190
-0.437
0.067
0.210
2.834
-1.321
0.342
0.037
0.254
-1.023
0.169
-0.008
0.972
0.055
0.798
0.200
-0.149
-0.295
-0.082
3.393
1.786
3.413
1.136
1.915
2.046
1.897
0.280
-0.096
0.092
0.184
1.349
2.036
1.500
1.432
0.886
2.749
2.691
1.831
1.180
0.957
1.737
0.249
0.975
1.809
0.492
1.132
1.843
2.565
1.103
2.084
1.483
0.555
-0.063
0.050
1.722
0.643
0.871
1.070
1.448
1.027
0.780
-0.624
3.616
0.004
-0.507
0.968
0.227
0.313
-0.761
-0.340
0.392
1.705
0.206
0.213
-0.915
-0.213
-0.042
0.547
0.149
-0.389
-0.010
-0.046
2.468
1.375
-0.354
0.223
0.600
0.064
0.317
0.062
0.313
0.256
-0.028
-0.410
0.032
0.704
-0.186
-0.068
-0.106
-0.186
0.254
-0.057
-0.001
-0.208
0.410
0.018
-0.043
0.050
-0.252
1.019
0.051
0.025
-0.280
-0.044
0.002
-0.519
0.341
0.765
0.377
-0.359
0.294
0.428
-0.677
-0.212
0.346
-1.176
-1.488
0.230
0.086
0.094
0.824
0.013
-0.050
2.179
0.014
-0.435
1.100
1.892
1.494
3.381
2.569
1.386
2.169
-0.595
0.495
2.046
1.670
0.249
-0.081
0.020
1.375
1.495
0.425
0.106
1.240
-0.193
0.162
-0.053
0.169
1.732
1.832
0.261
1.301
1.556
0.184
1.707
-0.077
-0.005
0.029
0.429
0.583
-1.095
-0.341
0.575
0.037
0.466
-0.358
1.222
0.364
-0.130
1.111
3.861
0.113
0.719
0.618
0.109
-0.101
0.014
0.033
0.039
2.955
0.797
1.816
0.112
-0.436
-0.136
-2.160
0.132
0.499
0.517
0.267
-0.176
2.341
2.168
2.957
2.075
0.600
1.809
0.401
1.293
0.444
0.682
1.452
1.172
0.594
1.691
2.268
1.223
3.207
-0.303
-0.905
2.057
0.206
0.408
0.693
0.556
0.619
0.083
1.849
0.130
0.004
-0.632
1.099
0.241
-0.691
0.995
1.120
0.446
1.736
1.137
2.355
0.099
0.144
1.617
1.603
0.845
0.070
1.661
-1.611
0.229
-1.029
0.875
-0.078
0.558
-0.038
1.015
-0.059
0.517
2.383
0.477
-0.076
0.178
-0.549
-0.963
-0.275
0.134
1.703
1.835
-0.058
0.045
-0.291
0.246
-0.266
-0.301
0.811
-0.076
0.260
-0.108
-0.258
-0.636
0.822
1.230
1.718
0.565
0.275
1.297
0.311
1.807
0.183
-0.158
-0.491
-1.422
-1.301
0.994
0.075
-0.413
0.475
-0.214
-0.108
1.349
1.277
0.136
-0.253
-0.076
-0.417
-0.138
0.403
0.243
0.469
0.077
0.173
0.020
-0.106
1.810
0.671
0.347
0.335
0.733
0.481
1.311
0.241
0.860
-0.125
-0.594
1.499
1.173
-0.469
0.410
0.385
0.027
0.505
-0.376
-0.313
2.425
2.174
1.002
2.699
2.492
0.675
0.546
1.028
2.353
1.122
0.000
-0.339
-0.366
0.171
0.356
0.128
1.112
1.398
0.183
2.633
-0.030
0.288
0.927
1.131
0.055
0.730
-0.225
-0.049
-0.027
-0.163
-0.317
-0.351
-0.016
-1.439
1.038
1.091
0.933
0.814
0.968
2.043
0.675
0.186
0.527
-1.010
0.411
0.358
1.022
0.650
2.001
-0.070
-0.006
2.765
2.016
2.120
1.041
0.410
0.862
0.346
1.680
2.756
0.314
0.843
0.130
0.177
1.327
-0.031
-0.068
0.364
0.758
0.023
1.180
0.428
0.969
-0.246
0.721
1.032
-0.411
-0.188
0.443
0.216
0.298
0.050
0.014
-0.559
0.384
0.047
1.224
1.223
0.377
0.216
-1.045
-1.147
0.228
-0.443
-0.435
-0.546
-1.917
-1.382
-1.700
-2.501
-1.195
0.928
-0.811
-0.267
-0.271
1.030
-0.828
0.150
-0.069
-0.194
0.330
-0.577
0.615
0.530
-0.043
1.998
0.163
-0.220
-0.019
0.323
0.097
0.371
0.380
-0.196
1.787
0.112
1.247
0.546
-0.131
0.670
0.374
0.994
0.307
-0.188
-0.003
-0.192
0.949
1.916
0.746
2.312
1.430
2.058
1.046
0.518
0.310
-0.463
0.841
0.756
0.378
1.194
2.595
0.839
2.814
0.233
0.034
0.028
0.197
-0.030
-0.065
-0.423
-0.462
0.893
0.422
-0.056
0.552
-0.190
0.097
-0.096
0.305
0.781
-0.068
1.463
0.776
0.753
0.177
-0.480
0.162
-0.664
0.276
0.026
0.029
0.407
0.206
-0.036
-0.874
0.280
0.085
2.136
0.716
1.462
1.390
1.651
1.214
0.883
1.016
0.869
0.030
0.481
-0.263
-0.028
0.049
0.136
0.387
-0.060
0.633
0.265
0.154
0.265
0.134
0.244
-0.075
0.421
0.620
0.303
1.017
0.878
-0.033
-0.200
1.188
-0.114
2.080
0.432
-0.383
0.753
-1.355
-0.621
-0.097
0.104
0.386
0.264
-0.088
-0.074
-0.016
-0.100
-0.040
-0.036
0.096
0.007
-0.051
0.601
0.404
-0.119
0.068
-0.799
0.255
-0.124
0.580
0.356
0.602
0.207
-0.037
0.296
0.519
0.079
0.843
0.369
0.498
1.365
0.827
0.559
0.722
0.059
2.511
0.601
0.137
1.301
1.078
0.275
0.828
0.392
-1.163
0.090
0.445
-0.829
-0.034
0.159
-0.031
-0.071
-0.199
1.149
1.419
0.105
-0.624
0.412
-0.515
-2.344
-0.410
0.037
1.018
-0.673
-0.364
-0.618
1.226
1.408
-0.035
0.034
0.298
0.023
0.360
1.291
1.626
3.203
0.454
0.117
-0.116
1.290
0.257
0.847
0.238
0.243
-0.094
