0.265
-0.064
-0.074
0.085
-0.119
-0.178
0.423
0.273
0.518
0.248
0.205
0.582
0.633
0.232
-1.229
-0.189
-0.281
-0.303
0.210
-0.115
-0.057
-1.343
-0.792
-0.034
-0.029
-0.046
0.001
0.005
0.684
0.230
0.554
0.269
0.679
0.746
0.429
2.867
2.334
2.316
0.578
1.072
2.449
3.692
-0.171
-0.425
0.204
-0.223
0.374
-0.023
1.546
1.616
2.304
1.677
2.395
3.208
2.374
1.408
1.646
0.002
0.877
2.837
1.016
1.239
1.534
1.854
1.631
1.787
1.144
0.559
0.086
-0.063
0.940
-0.084
0.208
0.936
-0.072
0.800
-0.081
-0.135
2.322
-0.319
-0.579
1.081
0.439
0.213
-0.031
0.504
1.141
2.023
0.538
0.247
-0.195
-0.276
-0.049
0.880
0.265
-0.072
0.049
-0.125
1.263
1.547
0.503
0.315
0.630
1.139
0.314
-0.509
0.164
-2.583
-0.129
-0.308
0.098
0.134
-0.377
-0.264
-0.324
-0.335
0.162
-0.029
-0.136
-0.296
-0.122
-0.077
-0.361
-0.347
-0.290
1.779
-0.291
-0.604
-0.249
0.402
-0.069
-0.181
-0.072
-0.070
-0.614
1.671
0.086
-0.024
-0.034
-0.072
-0.072
-0.072
-1.056
0.470
0.261
-0.072
0.485
0.373
0.928
0.599
0.751
-0.056
1.203
1.782
1.345
2.435
3.159
1.644
0.179
-0.072
-0.027
2.851
1.615
0.070
-0.184
0.133
1.367
1.373
0.254
0.567
1.693
0.187
0.136
-0.282
1.144
1.820
1.066
0.675
0.416
1.025
-0.078
1.552
-0.260
0.953
0.859
0.131
0.483
-0.772
0.474
-0.210
-0.046
0.101
-0.072
-0.072
0.311
0.261
0.702
0.476
0.486
0.271
0.456
0.014
-0.681
-0.054
0.113
0.180
2.858
1.631
0.432
-0.179
0.213
-0.361
-1.047
0.042
0.377
-1.126
0.026
-0.268
3.081
1.882
1.280
1.932
0.466
2.183
1.433
1.083
0.239
-0.290
1.816
0.968
-0.024
1.675
1.578
1.235
3.228
0.487
-0.694
1.062
0.871
0.650
0.507
1.328
0.455
-0.338
2.702
0.051
0.570
0.000
1.029
1.876
-0.715
1.163
0.381
-0.106
1.705
0.739
2.198
-0.072
0.467
1.033
0.702
0.662
1.296
-0.011
-0.895
0.422
-0.630
-0.770
0.231
0.741
-0.296
0.438
-0.272
-0.219
0.532
-0.010
0.560
0.666
0.225
-0.150
0.076
0.552
-0.060
1.980
0.889
0.128
-0.008
0.227
-0.032
0.185
2.034
-0.076
-0.201
-0.418
0.099
-0.524
0.888
0.061
2.880
0.285
0.857
-0.505
0.451
0.690
-0.162
-0.148
-0.682
-0.935
-0.808
0.289
-0.068
-0.267
0.741
0.018
0.058
1.682
-0.377
-0.000
-0.151
0.119
-0.182
0.028
0.226
0.076
0.621
0.169
1.022
0.473
0.015
2.180
1.734
0.451
0.154
0.758
0.236
1.496
0.433
0.300
-0.090
-0.016
0.719
1.696
-0.471
0.090
0.472
-0.411
0.599
-0.422
-0.173
2.560
1.120
1.111
1.777
1.276
-0.049
0.258
1.212
1.961
0.763
-0.072
0.167
-0.133
0.366
0.875
0.751
1.524
4.064
-0.198
1.731
-0.419
0.464
0.904
1.161
0.548
1.256
0.580
0.911
0.164
-0.016
-0.249
-0.129
-0.723
-0.853
-0.217
0.320
0.288
-0.072
-0.072
1.192
0.702
-0.036
0.196
-0.098
0.062
0.162
0.368
0.205
1.890
0.518
1.397
0.859
-0.345
0.189
1.234
-0.072
0.040
1.239
1.661
2.148
0.116
-0.072
0.003
0.531
-0.039
0.210
0.349
0.360
1.124
-0.013
1.358
0.371
0.801
0.089
0.761
0.695
0.357
0.231
0.952
0.065
0.003
0.293
-0.138
-0.065
0.323
-0.081
1.834
0.902
0.288
-0.157
-0.895
-0.663
-0.193
-0.228
-0.338
0.066
-0.330
-0.316
-0.598
-0.749
-0.026
1.135
-0.606
-0.254
-0.066
1.224
-0.185
1.952
-0.747
-0.269
2.021
-1.102
-0.020
3.437
-0.391
0.114
0.270
0.086
-0.042
0.289
0.244
0.522
-0.506
0.376
2.150
1.023
1.849
0.650
-0.018
-0.000
1.511
3.078
0.032
-0.272
0.240
0.149
0.495
1.859
0.593
1.244
0.647
2.857
1.012
0.418
0.416
0.587
0.778
0.605
0.295
1.001
1.770
0.847
1.468
0.081
-0.186
-0.065
0.089
0.430
-0.276
-0.214
0.068
0.421
0.307
0.292
0.574
-0.020
0.214
0.050
0.267
0.175
0.387
1.408
1.888
0.389
0.025
-0.557
-0.308
0.258
1.408
0.095
0.098
0.253
0.129
0.229
0.559
0.844
0.390
0.922
0.433
0.921
1.073
2.594
0.802
0.927
-0.363
0.528
0.295
0.813
-0.029
0.354
0.254
0.197
1.091
0.669
0.440
0.309
0.305
-0.219
0.521
0.255
0.080
0.487
0.753
0.192
0.593
0.241
-0.242
-0.020
0.736
-0.207
3.669
0.262
0.755
21.307
1.803
0.669
-0.087
0.693
-0.071
0.130
-0.209
-0.112
0.065
-0.459
0.252
-0.249
-0.180
0.204
0.005
2.503
1.361
-0.104
0.128
-0.481
0.361
0.526
0.303
0.074
0.429
0.624
0.009
0.735
0.132
0.209
1.360
0.854
0.177
1.240
0.943
0.427
1.362
0.656
1.540
0.958
0.431
3.009
0.975
-0.107
-0.544
0.676
-0.524
0.159
0.378
-0.870
-0.205
0.700
0.213
1.161
-0.017
-1.928
0.744
0.173
-0.514
0.611
-0.381
-0.523
0.219
0.700
0.072
0.610
0.268
-0.410
0.267
0.310
-0.207
0.123
-0.207
-0.560
1.068
0.217
0.687
1.150
0.516
0.130
-0.528
0.082
-0.644
1.181
-0.025
0.092
-0.072
