-0.019
-0.308
-0.351
0.518
-0.020
-0.023
-0.020
-0.020
0.439
-0.020
-1.505
0.035
1.016
0.706
0.080
-0.020
-0.460
-0.733
0.370
0.151
0.088
-0.066
0.214
0.013
0.005
0.256
-0.173
-0.042
0.148
-0.020
-0.113
-0.073
-0.020
-0.547
-0.020
2.259
2.426
3.045
0.892
0.928
0.685
1.146
-0.020
-0.122
-0.116
-0.229
0.082
-0.064
2.754
1.603
1.603
1.224
1.648
3.783
1.198
1.950
2.941
0.003
0.872
1.787
1.201
2.397
1.813
2.613
1.761
2.680
2.965
2.479
0.473
0.452
1.651
-1.246
-0.700
-0.192
1.017
-0.440
0.062
-1.931
2.602
0.120
-0.250
0.515
0.602
0.120
0.918
0.119
0.462
1.500
0.029
0.426
0.077
-0.619
-0.002
1.455
-0.020
-0.020
0.123
-0.051
1.342
1.755
0.559
0.069
0.089
-0.017
0.241
-0.555
-0.020
-0.020
-0.020
-0.333
0.048
0.026
-0.813
-0.069
-0.020
-0.020
-0.020
-0.351
-0.020
-0.230
-0.020
-0.020
-0.329
-0.464
-0.026
0.584
-0.072
-0.572
-0.176
0.403
-0.093
-0.156
0.345
-0.000
-2.053
0.599
0.456
0.957
-1.019
-0.112
0.281
-1.139
-0.262
-0.335
0.077
-0.085
0.151
-0.126
-0.020
2.027
-0.529
0.185
0.318
0.702
2.164
4.243
2.423
3.042
0.611
-1.471
0.009
1.678
1.546
0.576
-0.516
-0.004
1.843
0.897
1.082
0.905
0.752
-0.020
-0.544
-0.719
0.172
1.798
1.743
-0.002
0.988
2.232
-0.928
2.196
-0.064
0.007
1.217
1.020
0.693
-0.055
-0.265
0.143
0.178
0.119
-0.144
1.858
0.789
-0.928
0.212
0.134
0.662
-0.107
0.996
0.315
-0.020
-0.057
-0.111
-0.182
2.160
0.419
2.488
0.105
-0.356
-0.022
-1.137
0.441
-0.070
-1.437
-0.332
-0.372
2.278
2.908
0.765
2.023
0.976
0.860
2.588
0.184
1.835
0.867
1.630
1.821
0.215
3.927
2.723
3.043
3.279
0.186
-0.610
1.227
-0.219
0.920
0.041
0.767
-0.475
0.347
1.068
0.070
-0.196
0.543
2.036
0.570
0.574
0.828
1.213
-0.093
0.460
0.509
0.537
0.009
0.072
1.478
1.269
0.568
2.193
1.085
-1.025
0.631
0.177
0.258
-0.439
0.535
-0.004
0.078
-0.020
-0.084
1.918
0.318
1.398
0.042
-0.196
-0.367
0.372
-0.020
1.524
1.931
0.036
0.740
0.138
0.045
-0.811
-0.173
1.018
-0.384
-0.110
-0.102
-0.692
-0.214
0.339
0.046
1.868
-1.143
-1.519
1.186
-1.467
2.402
-1.077
-1.418
-0.538
-0.623
-0.025
0.030
0.038
-0.512
0.238
-0.020
0.186
1.088
0.506
-0.269
-0.880
-0.066
-0.020
-0.020
0.272
0.202
0.053
-0.020
0.249
0.082
-0.090
1.698
3.228
-0.025
-0.116
2.674
1.294
1.126
0.362
2.099
-0.349
-0.329
-0.199
0.461
-0.724
0.209
-0.098
-0.250
1.067
-0.170
-0.348
1.769
2.060
2.790
0.457
1.122
0.323
0.620
1.298
1.519
2.538
-0.030
-0.571
-0.024
0.793
0.694
-0.300
0.801
2.067
0.150
1.439
-0.730
-0.062
-0.101
2.038
1.664
0.598
-1.113
0.122
0.153
0.029
-0.257
0.037
-0.118
-2.142
0.512
0.523
-0.174
0.100
1.383
1.203
-0.237
-0.148
0.748
-0.121
0.657
0.726
0.784
0.208
0.630
-0.485
-0.157
0.172
-0.145
0.121
0.306
0.773
0.960
-0.859
0.476
3.283
0.591
1.025
0.027
0.537
0.363
0.079
0.565
0.186
0.328
0.109
3.048
1.485
0.633
0.304
-0.061
-0.026
0.127
-0.336
-0.035
0.126
-0.152
0.092
-0.283
-0.708
0.110
-0.487
0.687
1.757
0.120
-0.020
-1.205
-1.305
-0.028
-0.274
-1.477
-0.599
-0.719
-1.132
-0.679
-1.845
-0.505
-0.261
-1.305
-0.266
-0.205
0.531
0.252
0.386
-0.151
-1.225
-0.097
-0.301
0.011
0.700
-1.760
0.840
1.311
-0.046
0.167
-0.076
0.187
0.584
-0.525
-0.124
1.962
0.024
0.710
-0.125
0.769
0.808
0.508
1.920
0.068
-0.035
-0.020
-0.171
0.622
1.887
0.095
2.749
0.684
1.075
0.209
0.085
0.323
0.028
0.617
0.086
0.265
2.127
1.602
1.224
1.012
0.163
-0.020
0.068
-0.044
-0.236
-0.218
-1.147
-0.105
0.070
0.009
1.297
0.101
-0.258
0.175
0.702
0.965
-0.023
0.046
1.098
0.952
0.340
0.065
-0.383
0.164
0.242
-0.091
0.462
0.339
-0.020
-0.027
-0.020
-0.648
1.916
0.653
0.045
0.788
2.288
0.083
2.062
2.717
0.623
0.014
0.747
0.028
0.382
0.022
-0.020
-0.549
0.221
0.790
0.842
0.636
0.563
0.077
-0.013
0.132
-0.279
0.063
0.394
0.397
-0.020
0.942
1.104
-0.070
0.169
1.093
-0.211
1.708
0.031
0.033
-0.903
-0.681
-0.417
0.089
0.112
0.057
0.887
0.002
0.088
0.175
-0.074
0.029
-0.142
-0.412
-0.011
-0.282
-0.068
0.512
-0.863
0.087
0.290
0.981
-0.104
-0.074
-0.016
-0.020
0.246
0.142
1.095
0.236
0.162
3.336
1.037
-0.081
1.182
1.584
0.211
1.291
0.342
0.963
1.733
0.352
0.319
0.981
-0.625
0.878
0.410
-0.589
-0.364
-0.020
-0.261
-0.447
-0.608
0.259
0.488
-1.066
0.485
0.861
1.877
-1.039
0.240
-0.664
-1.207
-1.499
-0.892
-0.040
0.476
-0.122
-0.534
0.159
0.770
-0.020
-0.057
-0.020
-0.190
0.591
0.188
1.274
1.954
0.867
0.122
-0.020
-0.465
-1.316
0.809
-0.285
-0.292
0.343
