0.026
0.396
-0.066
0.273
0.088
0.099
0.353
0.092
0.719
0.329
0.533
0.700
0.301
0.300
-0.470
-0.035
-0.189
-0.080
0.170
0.097
0.599
-1.791
0.413
0.220
0.067
0.074
0.026
-0.026
0.739
-0.073
0.058
0.040
-0.346
0.211
-0.306
2.848
2.603
3.426
1.065
1.928
2.887
3.219
-0.002
0.021
0.209
-0.200
0.395
0.081
2.879
1.745
2.511
2.129
3.528
3.447
2.415
1.949
1.094
0.083
0.859
3.159
0.835
1.600
2.200
2.475
1.415
2.726
2.409
1.103
-0.065
1.358
1.886
-0.486
-0.568
0.448
0.948
1.912
0.405
-0.814
4.294
0.038
-0.404
2.146
0.344
0.345
-0.009
0.048
1.159
3.682
1.052
0.346
-0.121
0.190
-0.087
0.226
0.730
0.147
0.093
-0.092
1.195
0.450
0.251
0.086
0.181
0.735
0.185
-0.208
-0.033
-0.052
-0.064
-0.096
0.044
0.086
-0.158
-0.068
-0.070
-0.108
-0.036
-0.281
-0.063
-0.136
-0.050
-0.044
-0.080
-0.099
-0.077
1.474
0.165
-0.204
-0.001
0.312
0.107
0.125
-0.069
1.322
-0.652
1.255
0.759
-0.050
-0.997
-0.097
0.159
-1.866
-0.818
0.309
0.119
0.081
0.578
1.021
0.927
3.029
0.742
0.066
1.298
2.462
2.321
3.640
2.892
3.833
3.015
0.130
0.680
1.654
2.335
1.219
-0.093
0.147
0.903
1.049
0.258
0.544
0.591
-1.009
-0.186
-0.198
0.944
1.942
2.090
0.339
1.202
0.878
-0.062
2.034
0.014
0.814
0.682
0.062
0.041
-0.340
0.127
-0.124
0.083
0.595
0.153
2.387
1.761
-0.565
0.452
0.508
0.418
0.293
0.639
0.564
0.050
0.176
0.150
0.291
2.491
2.062
0.707
0.029
0.114
0.338
-0.299
0.170
0.100
-0.810
-0.753
0.020
3.225
3.401
1.411
2.443
0.963
1.933
1.520
0.780
1.470
1.130
2.022
1.347
1.121
2.486
1.912
1.636
4.029
-0.060
-0.619
1.111
-0.025
0.950
0.591
1.230
0.177
-0.296
3.208
0.231
0.568
0.123
0.915
1.039
-0.069
0.447
0.402
0.331
0.673
0.033
1.768
0.105
0.325
1.018
0.708
0.872
0.933
0.817
-0.486
0.110
-0.139
0.526
0.290
0.802
0.038
0.680
0.004
0.046
0.542
0.275
0.253
0.879
0.073
-0.074
0.084
0.271
1.241
1.086
1.418
0.067
0.099
0.149
0.066
0.419
2.221
-0.254
0.168
-0.177
-0.016
0.567
0.073
-0.441
2.100
-0.150
-0.145
1.871
1.567
1.128
0.141
0.696
-0.637
-3.463
-1.545
-0.515
0.043
-0.633
0.451
-0.001
1.109
2.769
0.466
0.032
0.607
0.354
0.162
-0.015
0.145
0.018
0.724
0.073
0.782
0.063
0.082
1.166
0.958
0.879
1.036
0.815
0.206
1.434
0.391
0.086
-0.000
0.073
0.513
0.942
-0.398
0.570
0.516
0.044
0.356
-0.070
0.008
3.582
1.710
1.253
1.485
2.707
0.676
0.138
1.604
2.814
0.945
-0.171
1.015
0.097
1.070
0.843
0.909
0.857
3.523
0.154
2.780
0.077
1.160
0.896
2.009
0.397
2.337
0.487
0.303
0.187
0.560
0.739
0.033
-0.199
-1.259
0.549
0.378
0.566
0.429
0.271
1.318
0.545
-0.497
0.156
0.014
-0.312
-0.120
0.565
0.132
1.054
-0.159
2.342
0.919
0.874
0.415
1.085
0.465
1.214
0.174
2.896
3.079
0.036
1.258
0.012
0.462
0.197
0.144
-0.037
0.221
0.480
-0.031
1.255
0.865
0.847
0.115
0.615
0.258
0.848
0.362
0.111
0.033
0.073
0.275
-0.065
-0.228
0.259
0.073
2.382
1.040
0.156
-0.107
-1.079
-0.605
-0.116
-0.087
-0.188
0.052
-0.872
-0.781
-0.532
-0.569
-0.098
-0.363
0.069
-0.246
-0.084
0.478
-0.321
1.943
-0.650
-0.230
2.381
-0.463
0.867
2.118
-0.360
1.929
0.211
0.183
-0.976
0.236
0.340
0.864
0.073
0.305
2.309
0.514
2.110
0.264
1.058
0.079
0.903
1.986
0.126
-0.105
0.462
-0.105
0.339
1.779
0.469
1.552
0.476
2.534
1.370
0.331
0.538
0.204
0.635
0.295
0.285
1.196
2.581
0.921
1.370
0.170
0.085
0.060
0.130
0.094
-0.102
-0.942
0.137
0.261
0.167
0.124
0.213
0.105
0.083
0.252
0.374
0.371
0.287
0.943
1.070
1.197
0.145
-0.235
-0.011
0.679
0.910
0.127
0.206
0.303
0.211
0.102
0.329
1.138
0.631
1.500
0.757
0.760
1.892
3.025
0.917
1.206
0.182
1.251
0.197
0.043
-0.008
0.066
-0.165
0.070
0.635
1.070
0.198
0.577
0.203
-0.140
0.073
0.004
0.087
0.850
0.073
0.073
0.587
0.902
0.170
-0.482
0.763
-0.045
2.641
1.630
0.551
0.097
0.687
1.139
0.201
2.070
-0.048
0.147
-0.027
0.156
-0.040
-0.334
0.151
0.030
0.061
-0.054
0.063
2.310
1.246
-0.026
0.032
-0.135
0.044
0.369
0.108
-0.311
0.145
0.241
-0.008
0.100
0.343
0.097
2.672
1.120
0.496
1.299
1.170
0.449
0.959
0.073
1.545
1.053
1.096
3.218
1.653
0.076
1.688
0.828
-0.076
0.215
0.269
-0.554
0.003
0.124
0.304
1.163
0.365
0.598
1.693
0.554
-0.108
0.641
-0.325
-0.379
0.058
2.147
0.259
1.030
0.091
-0.502
0.910
1.292
-0.049
-0.105
-0.147
-0.196
0.576
0.225
0.607
0.676
0.290
0.176
-0.050
-0.458
-0.230
2.473
-0.413
-0.090
0.134
