0.026
-0.076
-0.019
-0.086
-0.005
0.010
-0.010
-0.217
-0.641
-0.481
-0.622
-0.341
-0.491
-0.284
-0.130
0.184
0.188
0.694
-0.269
0.077
-0.113
0.445
-0.320
-0.005
-0.007
0.002
-0.237
-0.070
-0.569
-0.011
0.118
-0.075
0.236
-0.086
0.103
-3.328
-3.034
-3.982
-1.635
-2.681
-3.082
-3.478
0.055
0.461
0.283
0.294
-0.463
-0.763
-2.792
-1.625
-2.140
-2.964
-2.906
-3.516
-2.581
-1.662
-2.041
0.081
-0.864
-3.605
-1.769
-1.644
-1.911
-2.089
-1.962
-2.648
-2.157
-1.090
0.218
-0.322
-1.274
0.694
0.740
-0.430
-0.673
-2.126
-1.383
1.509
-3.114
0.145
0.077
-1.691
-0.912
0.068
0.458
0.003
-1.751
-3.688
-0.287
0.016
0.648
0.114
-0.060
-1.059
-0.208
0.845
0.035
0.019
-2.096
-1.291
-0.047
-0.355
-0.229
-0.813
-0.340
0.590
-0.004
-0.019
-0.013
-0.018
-0.366
-0.011
0.276
-0.013
-0.009
0.050
-0.005
0.161
-0.012
-0.043
-0.012
-0.001
0.030
0.103
-0.017
0.405
0.176
0.673
0.252
-0.081
-0.098
0.499
0.058
0.654
1.448
-0.293
1.371
0.031
0.947
-0.012
-0.046
1.633
1.299
-0.069
-0.069
-0.057
0.013
-0.412
-0.502
-2.779
-0.691
-0.114
-2.002
-2.788
-2.039
-3.546
-3.300
-3.529
-3.440
0.201
-0.582
-2.809
-2.966
-1.229
1.121
-0.002
-1.584
-1.532
-0.308
-0.577
-0.898
0.496
-0.172
0.360
-0.742
-2.653
-1.644
-0.604
-1.442
-1.336
0.536
-2.297
0.085
-0.958
-0.914
-0.553
-0.569
0.677
-0.315
0.202
-0.212
-1.297
-0.105
-2.163
-1.695
1.120
-1.265
-1.577
-0.767
-0.200
-0.097
-0.204
0.008
-0.245
-0.266
-0.398
-2.636
-1.409
-1.523
0.482
0.277
-0.145
1.223
0.058
0.544
-0.052
-0.066
0.175
-2.397
-2.803
-1.845
-3.046
-1.076
-2.378
-2.285
-1.255
-2.041
-1.570
-1.666
-1.447
-1.287
-2.187
-1.920
-1.810
-3.582
-0.196
0.762
-0.663
-0.206
-1.159
-0.762
-1.018
-0.113
0.058
-2.421
-0.073
-0.720
0.484
-1.292
-1.189
0.457
-1.136
-0.588
-0.576
-1.860
-0.842
-1.179
0.294
0.060
-1.338
-0.965
-0.308
-1.136
-0.623
1.723
0.077
0.792
-0.497
-0.140
-1.312
0.315
0.517
-0.078
0.050
-1.047
0.244
-1.039
-0.268
-0.547
-0.367
-0.095
-0.546
-2.685
-2.120
-0.972
-0.125
0.149
-0.055
0.569
-0.074
-1.630
-0.020
-0.124
0.022
0.044
0.314
0.029
-0.792
-3.037
-0.091
-0.105
-0.919
-1.511
-0.262
-0.206
0.114
0.292
1.082
0.518
-0.018
-0.308
0.299
-0.009
-0.420
-0.474
-1.371
-0.545
0.494
0.164
0.236
-0.023
-0.015
-0.152
-0.118
-0.417
-0.103
-0.622
-0.033
0.025
-2.232
-0.624
-0.830
-0.155
-0.799
-0.321
-1.913
-0.422
-0.396
-0.026
0.151
-0.951
-1.316
1.824
-0.447
-0.187
-0.138
-0.363
0.177
0.228
-3.305
-2.142
-1.727
-2.744
-2.430
-1.144
-0.465
-1.610
-2.085
-1.195
-0.124
-0.210
-0.013
0.028
-0.403
-0.518
-0.513
-0.098
-0.022
-2.947
0.482
-0.938
-0.982
-1.740
-0.581
-2.433
-1.004
-0.490
-0.229
0.026
-0.256
0.323
0.490
1.101
-0.424
-0.132
-0.419
-0.476
-0.962
-0.957
0.005
0.334
-0.126
-0.076
-0.030
-0.198
-1.124
-0.375
-1.591
-0.595
-1.978
-1.618
-1.283
-0.926
-0.350
-0.010
0.379
-0.615
-1.835
-2.878
0.095
-0.097
-0.010
-0.658
-0.117
-0.148
0.063
-0.229
-1.608
-0.052
-1.065
-0.989
-1.095
-0.025
-1.060
-0.566
-1.149
-0.858
-0.016
0.279
1.549
-0.018
-0.061
0.031
-0.554
0.871
-1.808
-1.363
-0.171
-0.015
2.208
0.749
-0.103
0.158
0.380
-0.229
0.467
0.246
0.534
1.058
1.119
0.308
0.491
0.358
0.095
-0.372
1.140
-0.797
0.528
0.343
-1.003
0.814
-0.377
-0.899
0.565
-2.011
0.022
-0.044
0.366
0.001
0.168
-0.047
0.726
-0.194
-1.270
0.758
-2.539
-0.801
-1.207
-0.415
0.053
-0.628
-0.111
-0.047
-1.306
0.147
-0.403
-1.668
-0.650
-1.310
-0.532
-2.652
-1.226
-0.654
-0.427
-0.304
-1.559
-0.555
-0.370
-0.933
-2.003
-1.548
-2.662
-0.119
-0.009
0.253
-0.047
0.018
-0.009
1.327
0.375
-0.260
-0.201
-0.213
-0.360
-0.177
-0.191
-0.138
-0.378
-0.989
-0.372
-2.441
-1.524
-1.149
0.021
0.190
0.158
-0.146
-0.408
-0.020
-0.129
-0.003
-0.004
0.002
-0.015
-1.291
-0.561
-1.313
-1.150
-0.976
-1.854
-2.768
-1.388
-1.257
-0.151
-0.406
-0.677
-0.501
-0.028
-0.053
0.847
-0.045
-1.658
-0.845
-0.405
-0.097
-0.661
-0.045
0.160
-0.085
-0.013
-0.451
-0.606
-0.552
-0.727
-0.213
-0.051
0.667
-1.424
0.053
-1.000
-2.437
-1.728
-0.060
0.178
-0.101
-0.068
-0.301
-0.039
-0.149
0.094
-0.356
0.110
0.468
0.036
0.003
0.117
0.033
0.041
-1.431
-0.871
0.540
0.007
-0.031
-0.046
-0.200
-0.075
1.754
-0.070
0.001
0.138
-1.068
-0.779
-0.266
-2.638
-1.313
-0.856
-1.778
-2.094
-0.618
-1.927
-0.185
-1.096
-1.448
-1.113
-3.429
-1.443
0.059
-0.206
-0.643
0.117
-0.052
-0.658
0.690
0.246
-0.031
-0.159
-1.255
1.342
-1.160
-1.006
-0.159
1.318
-1.265
0.469
1.216
1.350
-1.195
0.255
-1.153
0.223
1.123
-1.415
-1.262
0.013
0.622
0.280
1.868
-0.391
-0.607
-1.118
-1.692
-0.335
-0.239
-0.067
0.098
0.205
-1.485
-0.087
-0.854
-0.147
