0.123
0.092
0.104
0.202
0.136
0.451
0.151
0.130
0.292
0.114
0.133
0.513
0.131
0.245
-0.347
-0.056
-0.130
-0.185
0.218
-0.108
0.369
-1.318
0.671
0.461
0.140
-0.106
0.066
-0.052
0.563
0.127
0.313
-0.159
0.202
0.181
-0.501
2.899
2.406
3.690
1.307
2.079
2.585
4.207
0.070
-0.623
0.114
0.035
0.356
0.001
2.220
1.616
1.999
0.820
2.542
3.094
2.675
1.988
1.353
0.114
0.854
2.882
1.367
1.035
1.443
2.015
1.654
3.162
2.114
0.732
0.148
0.477
0.926
-0.267
-1.020
0.255
0.489
1.763
0.739
-1.508
4.896
0.045
-0.288
0.927
0.119
0.146
-0.052
0.378
1.102
2.502
0.849
0.693
-0.063
-0.065
0.192
0.358
0.194
-0.024
0.069
-0.378
1.131
0.590
0.154
0.136
0.075
0.262
0.137
0.048
0.134
0.106
0.032
-0.090
0.013
0.132
-0.065
-0.031
-0.048
-0.062
0.114
-0.354
-0.003
0.046
0.114
0.072
-0.064
-0.125
-0.091
1.730
-0.176
-0.583
-0.524
-0.120
0.137
-0.334
1.354
1.290
-0.888
0.846
-0.041
0.349
0.114
1.348
1.832
0.964
-0.816
0.361
0.145
1.004
0.623
0.638
0.973
3.192
0.648
0.135
0.417
2.105
1.785
2.752
2.955
3.569
2.280
-0.295
0.264
2.771
2.112
0.557
-0.243
0.136
1.271
0.801
0.159
0.131
0.828
-0.220
0.114
-0.231
0.562
1.864
1.714
0.446
1.345
1.225
-0.105
1.754
-0.035
0.733
0.568
0.576
0.253
-1.163
-0.100
-0.444
-0.157
0.096
0.053
2.511
1.017
0.275
0.761
0.491
0.102
0.163
0.119
0.090
0.086
0.391
0.427
0.365
2.719
2.923
0.746
0.012
-0.235
0.040
-0.502
0.620
0.450
-0.831
-0.618
0.042
2.876
3.296
1.791
1.765
0.272
2.484
1.353
0.755
1.476
0.771
0.551
0.770
1.533
2.502
1.292
1.617
4.475
-0.759
-1.171
0.462
0.500
0.272
0.286
1.292
0.107
-0.206
2.041
0.078
1.078
0.123
0.405
1.094
0.230
0.856
0.078
0.096
1.188
0.147
1.744
0.134
-0.580
0.906
0.636
0.447
0.881
0.918
-0.566
0.923
-0.592
-0.043
0.223
0.637
0.078
1.336
0.000
0.023
0.162
0.365
0.706
0.279
0.103
-0.186
-0.501
0.676
1.583
1.625
1.158
0.181
1.451
-0.094
-0.361
0.066
2.122
0.033
0.045
0.114
1.170
0.720
0.171
-0.221
3.126
-0.077
0.114
1.609
0.673
1.304
-0.142
0.132
-0.225
-1.969
-0.587
-0.226
-0.104
-0.071
0.522
-0.084
0.115
1.927
0.070
-0.275
-0.513
-0.245
0.186
0.114
0.157
0.114
0.726
0.066
0.691
-0.024
0.062
1.879
1.148
0.199
0.510
0.886
0.337
1.394
0.385
0.244
0.103
0.049
0.174
0.846
-0.781
0.305
0.308
0.215
0.212
-0.208
-0.434
2.661
1.320
1.225
1.141
1.660
0.400
0.275
2.067
2.496
1.177
0.847
0.923
0.105
0.483
1.085
0.660
1.517
6.220
0.033
3.180
0.236
1.209
0.551
0.912
0.161
1.815
0.140
0.108
-0.142
0.165
0.436
0.099
0.025
-0.320
0.082
0.184
0.577
-0.595
0.991
-0.097
0.563
-0.517
-0.008
-0.086
-0.063
-0.265
1.091
0.188
0.800
-0.228
1.391
1.373
0.885
0.587
0.959
0.926
1.060
0.433
2.599
3.128
-0.144
0.424
0.114
0.144
0.038
0.310
0.234
0.289
0.681
0.135
1.773
0.511
0.546
0.031
0.221
-0.037
0.591
0.180
-0.229
-0.322
-1.396
0.260
0.114
0.103
0.498
0.043
1.648
0.400
0.001
-0.386
-1.908
-1.523
-0.031
0.099
-0.290
0.080
-0.342
-0.534
-1.419
-1.048
-0.361
0.243
1.157
-0.394
0.005
0.134
-0.280
1.930
-1.411
-0.390
0.924
-0.467
0.418
1.689
-1.207
-0.072
0.475
0.155
-0.108
0.204
0.325
0.865
-0.567
0.269
1.951
0.120
1.570
0.304
0.253
0.433
1.278
2.224
0.378
-0.423
0.086
0.580
0.569
2.026
1.301
1.544
0.726
1.691
0.957
0.162
0.206
0.189
0.720
0.159
0.152
0.587
1.907
1.447
0.585
0.170
0.173
0.134
-0.002
0.257
0.235
-1.361
0.114
0.966
0.723
-0.122
0.377
0.325
0.146
0.518
0.384
0.646
0.221
2.676
1.193
0.586
-0.017
-0.712
-0.450
0.520
0.730
0.200
0.119
0.121
0.016
-0.789
0.100
0.518
0.087
1.307
0.419
0.842
1.098
4.599
0.592
1.572
0.216
0.529
0.605
0.385
-0.082
1.427
0.793
0.129
0.878
1.255
1.007
0.234
0.187
-0.340
0.479
0.111
0.116
0.449
0.073
0.196
0.344
0.125
-0.167
-0.433
1.249
-1.298
3.031
1.174
0.212
0.337
0.162
0.264
0.074
1.003
0.100
0.180
0.114
0.267
0.114
-0.131
0.138
-0.070
-0.032
0.095
0.056
1.641
0.650
-0.168
-0.121
0.532
0.156
0.195
0.387
0.184
0.107
0.272
0.171
0.779
0.550
0.246
2.249
0.706
0.295
1.678
0.320
0.256
0.780
0.249
1.448
0.652
0.665
2.811
1.020
0.063
1.123
0.481
-0.187
-0.212
0.057
-0.380
-0.869
0.176
0.186
1.152
-0.043
0.250
1.131
0.706
-0.170
0.496
-0.752
-1.230
-0.031
1.640
0.155
0.979
-0.014
-0.678
0.409
0.450
0.043
-0.068
0.041
-0.143
0.557
0.243
0.472
0.303
0.198
0.356
0.148
-0.820
-1.625
1.742
-0.044
0.037
0.151
