-0.108
-0.108
-0.083
-0.108
-0.108
0.253
-0.108
-0.126
-0.486
-0.108
-0.108
-0.108
-0.308
-0.108
0.283
0.137
-0.108
0.461
0.299
0.312
-0.052
1.740
0.284
-0.108
-0.056
0.192
-0.101
-0.108
-0.257
0.059
-0.108
0.059
-0.130
-0.497
0.228
-1.710
-2.109
-2.764
-1.014
-1.246
-2.026
-2.645
-0.108
-0.108
-0.108
0.023
-0.108
-0.107
-2.065
-1.390
-1.697
-1.237
-2.690
-2.921
-2.044
-1.442
-1.749
0.071
-1.217
-3.732
-0.856
-2.338
-1.721
-1.871
-1.229
-2.240
-1.360
-0.382
0.113
-0.108
-1.248
0.494
0.311
-0.560
-0.108
-0.108
0.081
1.770
-1.929
0.211
-0.013
-0.869
-0.544
-0.374
0.149
0.102
-1.279
-2.319
-0.726
0.163
-0.108
-0.452
-0.015
-0.659
-0.108
0.366
-0.027
0.152
-0.339
-0.153
-0.108
-0.108
-0.311
-0.108
-0.108
0.096
-0.108
1.309
-0.045
-0.061
0.161
-0.108
-0.108
0.039
0.067
-0.079
-0.108
0.417
-0.031
0.361
-0.119
-0.074
-0.108
-0.073
-0.043
-1.708
0.038
0.746
0.284
0.248
-0.119
0.407
-0.108
-0.108
0.225
-0.441
0.189
-0.108
1.846
-0.108
-0.108
-0.108
-0.108
-0.019
-0.108
-0.108
-0.235
-0.129
-0.824
-0.108
-0.181
-0.970
-0.768
-2.254
-0.108
-3.162
-2.709
-0.123
-0.108
-0.108
-0.108
-2.633
-0.117
-0.108
-0.085
-0.016
-0.517
-0.159
-0.128
-0.549
-1.085
0.996
-0.084
0.131
-0.285
-1.459
-0.863
-0.670
-0.108
-0.839
-0.136
-1.565
-0.045
-0.408
-1.268
-0.200
-0.108
0.485
-0.085
-0.646
0.091
-0.108
0.444
-0.108
-0.081
-0.108
-0.981
-0.776
-0.512
-0.108
-0.108
-0.192
2.043
-0.108
-0.234
-0.108
-3.360
-2.539
-0.889
-0.121
0.196
-0.108
0.859
-0.183
-0.864
1.771
0.813
0.241
-2.684
-2.581
-1.959
-2.447
-0.341
-2.197
-1.259
-0.406
-1.039
-1.194
-0.935
-0.754
-0.475
-1.539
-1.777
-1.387
-3.053
0.440
1.848
-0.276
-0.030
-0.128
-0.108
-0.108
-0.941
-0.328
-3.003
-0.114
-0.531
-0.491
-0.432
-1.406
-0.108
-1.298
-0.501
-0.202
-1.512
-0.537
-1.594
0.054
-0.034
-1.407
-0.697
-0.328
-0.356
-0.515
1.093
-1.794
0.810
0.299
0.420
-0.445
0.056
-0.108
-0.053
0.230
-1.705
-0.108
0.203
-0.108
-0.510
-0.091
-0.053
-0.623
-0.108
-0.908
-1.417
-0.108
-0.108
0.008
-0.096
-0.217
-1.097
4.354
-0.087
0.322
-0.045
0.812
-0.416
-0.168
-2.942
-0.185
-0.125
-2.410
-0.339
-1.561
-0.010
-0.137
1.320
3.066
1.856
-0.108
0.546
1.167
-0.137
-0.056
-1.447
-2.076
-0.392
-0.121
0.103
-0.211
-0.015
-0.108
-0.252
-0.095
-0.609
0.128
-1.071
-0.107
-0.068
-2.131
-1.885
-0.020
0.119
-0.627
-0.215
-1.449
-0.376
0.061
-0.108
-0.108
-0.467
-0.358
0.287
-0.503
-0.753
0.055
-0.593
0.383
-0.086
-2.537
-1.440
-1.241
-1.904
-1.546
-0.108
-0.298
-1.245
-2.174
-0.812
-0.108
-0.108
-0.108
-0.128
-0.108
-0.310
0.175
-1.224
-0.108
-0.801
0.588
-1.809
-1.475
-2.534
-0.367
-0.853
0.010
-0.307
-0.108
-0.089
-0.108
1.174
6.239
0.316
-0.107
-0.108
-0.108
-0.108
-0.108
-1.039
-0.748
0.188
-0.108
-0.108
-0.093
-0.114
-0.128
-0.108
-0.108
-0.046
-1.621
-0.171
-0.077
-0.227
-0.108
-0.108
-1.271
-0.059
-0.404
-0.363
-0.200
-0.108
-0.108
-0.086
-0.108
-0.221
0.129
-0.296
-0.891
-0.169
-1.058
-0.658
-1.009
-0.108
-0.245
-0.108
-2.555
-0.070
-0.010
0.191
0.845
-0.108
-0.108
-0.108
-0.339
-0.106
-1.452
-1.415
0.184
-0.108
1.322
0.670
0.329
-0.108
0.214
-0.063
1.729
0.251
2.388
1.115
-0.407
-0.108
1.192
0.535
0.187
-0.108
0.476
-1.690
0.309
0.310
-1.723
0.468
-1.108
-2.550
0.553
-0.684
0.301
-0.114
0.357
-0.108
-0.604
-0.836
0.165
-0.108
-1.674
-0.329
-2.592
-0.947
-0.108
-0.108
-1.584
-2.185
-0.095
0.243
0.206
-0.062
-1.119
-1.786
-0.675
-2.430
-0.599
-3.078
-1.765
-0.522
-0.397
-0.811
-0.990
-0.174
-0.525
-0.818
-2.155
-0.923
-2.332
-0.051
-0.033
-0.046
0.336
-0.092
-0.044
0.626
-0.088
-0.170
-0.107
-0.232
-0.522
-0.166
-0.108
-0.200
-0.390
-0.230
-0.724
-1.011
-1.537
-0.108
-0.101
0.692
-0.108
-0.205
-0.644
0.053
-0.046
-0.108
-0.132
-0.108
-0.216
-1.077
-0.359
-1.248
-0.907
-0.716
-1.011
-2.800
-1.386
-1.888
-0.412
-0.144
-0.258
-0.683
-0.060
-0.075
0.379
-0.108
-1.131
-0.108
-0.108
-1.126
-0.615
-0.108
-0.108
0.153
-0.028
-0.841
-0.522
-0.219
-0.650
-0.655
0.049
-0.108
-1.068
-0.079
-3.944
-0.370
-0.108
0.102
0.018
-1.121
-0.108
-0.108
-0.108
-0.108
0.320
-0.158
-0.108
0.432
0.189
0.409
0.795
-0.054
0.789
-1.353
-1.674
-0.330
-0.009
-0.144
0.152
-0.073
-0.108
0.205
-0.109
-0.375
0.031
-0.672
-0.721
-0.130
-1.182
-0.321
-0.453
-1.376
-1.361
-0.034
-1.343
-0.108
-1.402
-0.917
-0.684
-4.025
-0.739
-0.193
0.398
-0.190
-0.050
0.674
-0.311
1.250
0.793
-0.176
-0.124
-0.222
-0.092
-0.132
-1.002
-0.565
-0.108
-0.150
0.464
0.712
0.761
0.047
1.049
-0.299
0.642
1.423
-0.586
-0.411
-0.100
-0.141
0.257
0.370
-1.002
-0.108
-0.746
-0.835
-0.195
-0.562
-0.108
-0.108
1.761
-0.108
-0.083
-0.054
-0.108
