0.339
0.129
-0.020
0.516
0.167
0.574
0.385
0.186
0.785
0.217
0.321
0.593
0.347
0.339
-0.271
-0.239
-0.282
-0.194
0.107
-0.232
0.931
-1.265
-0.822
0.087
0.134
0.186
-0.035
0.007
0.403
0.163
0.366
-0.098
0.027
0.119
0.021
3.532
2.584
3.342
1.008
1.693
2.431
4.595
0.023
0.127
0.103
0.164
0.382
0.073
2.101
1.121
2.750
2.236
3.408
3.677
3.049
1.539
2.283
0.184
1.317
3.446
1.090
1.643
1.463
2.261
1.314
2.701
1.644
0.401
0.052
0.317
0.414
0.120
-0.044
0.477
-0.268
0.846
-0.062
0.127
4.269
-0.071
-0.654
1.626
0.139
0.283
-0.232
0.209
0.857
2.693
0.650
0.470
-0.192
0.560
0.646
1.004
0.765
0.129
0.088
-0.195
1.875
0.881
0.140
0.156
0.289
0.546
0.363
-0.269
0.206
-0.232
0.021
-0.159
-0.060
0.174
-0.220
0.038
-0.205
-0.103
0.228
0.040
0.242
-0.251
0.068
-0.221
-0.096
-0.204
-0.211
2.251
-0.302
0.788
-0.678
-0.021
-0.038
0.083
0.139
0.177
-0.878
0.175
0.127
1.075
0.672
0.503
0.731
0.127
-1.139
0.226
0.053
0.440
0.852
0.411
1.843
3.328
0.131
0.102
1.051
2.769
1.839
3.247
3.382
3.160
0.227
0.127
0.242
3.426
2.871
0.127
-0.139
-0.235
2.805
2.183
0.317
0.187
0.824
-1.230
0.127
-0.398
1.799
2.758
1.699
0.596
0.900
1.077
-0.214
1.991
-0.117
0.855
0.602
2.496
2.169
-0.404
0.239
0.047
-0.112
0.178
-0.186
-0.217
1.261
-0.070
0.828
0.269
0.248
0.273
0.666
0.230
-0.351
0.141
0.245
0.239
3.380
2.573
0.989
0.208
-0.445
-0.355
-0.295
0.842
0.389
-0.751
-0.605
-0.067
2.660
2.500
2.038
3.050
0.291
2.587
1.380
0.975
0.795
1.021
1.942
1.133
0.152
2.405
1.571
1.029
5.282
0.110
-2.231
1.162
0.255
1.270
0.605
0.746
0.225
-0.315
2.936
0.174
0.662
0.180
1.826
1.445
-0.146
1.499
0.019
0.002
1.591
1.349
2.580
-0.144
0.514
1.199
0.914
0.350
1.601
1.234
-0.174
0.109
-0.159
-0.028
0.334
1.122
-0.230
0.600
-0.192
-0.266
1.171
0.726
1.007
0.173
1.108
-0.681
0.021
0.768
0.127
1.951
1.005
0.633
0.292
0.115
0.099
0.254
1.261
-0.452
-0.117
-0.291
0.166
0.293
0.846
-0.408
3.125
-0.167
-0.540
0.214
0.285
1.849
-0.088
0.407
-1.486
-1.904
-1.195
-0.488
-0.308
-1.473
0.604
-0.133
1.040
2.271
0.918
0.319
0.237
-0.109
0.354
0.129
0.264
0.063
0.452
0.107
1.009
0.001
0.177
1.766
1.940
0.497
0.124
0.778
0.320
1.300
0.389
0.591
-0.202
0.127
0.506
1.749
-0.650
0.606
0.248
-0.111
0.613
-0.333
0.027
2.850
1.535
1.925
1.967
2.211
1.026
0.216
1.895
2.234
1.141
0.721
0.672
0.209
0.769
0.369
0.295
0.824
2.754
0.097
2.543
-0.430
1.562
1.688
1.212
0.544
1.914
1.359
0.243
0.223
0.197
0.229
0.086
-0.547
-1.352
0.559
0.026
0.328
-0.157
0.232
0.226
-0.219
-1.065
0.314
0.298
0.370
0.280
1.060
0.692
0.557
0.081
1.833
2.465
-0.586
0.886
2.372
2.155
2.280
0.295
2.389
3.343
-0.225
0.859
-0.098
0.118
0.132
0.383
0.530
0.453
1.058
0.334
1.568
0.849
1.177
0.224
1.460
0.127
0.932
0.218
0.163
0.650
0.157
0.206
-1.224
-0.026
0.234
0.051
1.867
0.728
0.127
-0.095
-0.303
-1.071
-0.207
-0.262
-0.139
0.097
-0.729
-0.706
-0.972
0.030
0.338
0.155
0.529
-0.350
0.022
1.209
-0.047
2.377
-0.612
-0.360
1.749
-0.373
0.003
2.350
-0.552
0.580
0.154
0.414
0.386
0.265
0.241
0.785
0.043
0.316
1.542
0.301
2.166
1.104
0.127
0.145
1.078
2.454
-0.232
-0.230
-0.101
0.405
0.820
1.548
0.543
2.365
0.788
2.874
1.495
0.646
0.337
0.179
0.717
0.429
0.547
0.677
1.951
1.105
1.754
0.208
0.011
0.182
0.196
0.133
0.141
-0.620
0.387
0.538
0.429
0.722
0.881
-0.155
0.373
0.806
0.342
-0.034
0.437
1.908
1.179
0.290
0.102
-1.177
-0.122
0.415
0.937
0.380
0.190
0.269
0.107
-0.017
0.131
1.037
0.177
1.028
1.231
0.974
2.151
2.490
1.134
1.542
-0.164
0.894
0.635
1.049
0.047
0.273
0.288
0.230
1.405
0.339
0.542
0.291
0.307
-0.486
0.127
0.227
0.254
0.881
0.340
0.452
0.485
0.604
0.382
-0.505
1.059
-0.334
2.505
1.201
0.290
1.237
0.001
0.944
0.419
1.425
-0.093
1.198
0.109
0.074
0.077
-0.272
0.543
-0.647
-0.255
-0.047
-0.209
2.816
1.328
-0.305
-0.009
-0.020
-0.040
0.594
0.756
1.301
0.328
0.765
-0.023
0.324
0.836
0.094
2.261
0.817
0.392
1.345
1.744
0.701
1.437
0.233
1.244
0.254
0.799
4.502
1.188
-0.120
0.070
1.117
-0.392
0.201
-0.204
-2.320
-0.175
0.813
1.095
1.141
0.517
0.096
1.405
0.962
-1.558
0.259
-0.543
0.020
0.224
2.145
0.123
1.817
0.226
-1.011
0.998
0.645
-0.046
-0.120
-0.180
-1.155
0.918
0.166
1.200
1.252
0.401
0.074
0.083
0.157
-0.667
1.602
-0.126
1.159
0.047
