0.768
-0.067
-0.002
-0.173
0.081
-0.846
0.413
0.157
-0.002
0.044
0.200
0.316
0.114
0.052
-0.035
-0.300
-0.135
-0.187
-0.272
-0.316
0.352
-1.444
-0.820
0.111
0.096
0.203
-0.056
0.031
0.277
-0.002
0.058
0.035
-0.288
0.110
-0.278
2.662
1.313
2.166
0.594
0.924
1.753
3.009
-0.001
-0.022
0.088
-0.433
0.287
-0.159
2.467
1.491
2.229
1.138
1.812
2.772
2.016
1.151
0.836
0.027
0.452
3.059
0.611
1.257
1.283
1.705
1.400
1.701
0.979
0.683
0.303
0.111
1.287
-0.255
-0.327
0.296
0.195
0.225
-0.045
-0.058
2.398
-0.069
-0.447
1.242
0.914
-0.000
-0.103
-0.035
0.589
1.672
0.519
-0.695
-0.145
0.868
0.560
0.579
0.419
0.200
-0.186
-0.062
0.932
0.443
-0.018
-0.011
0.295
0.490
0.045
-0.011
0.003
-0.739
-0.002
-0.066
0.006
-0.002
-0.002
-0.012
-0.068
-0.010
0.029
-0.002
-0.044
-0.002
0.104
-0.045
-0.002
-0.141
-0.116
1.476
0.086
-0.612
-0.084
0.344
0.216
0.102
0.363
0.350
-0.575
0.486
0.086
0.833
-0.069
0.016
1.111
-0.004
-1.483
0.307
0.002
0.093
0.424
0.122
1.005
1.893
0.439
0.056
0.520
1.755
1.615
2.647
2.731
2.590
3.294
0.281
1.769
2.116
2.309
-0.002
-0.028
0.068
1.667
1.074
0.299
0.676
0.742
-0.078
0.028
-0.391
1.127
2.147
1.464
0.323
1.578
1.072
-0.596
1.642
-0.037
0.731
0.255
0.872
0.151
0.003
-0.633
-0.234
-0.116
0.452
-0.030
0.503
0.867
-0.211
0.732
0.385
0.081
0.076
0.174
0.104
-0.768
0.173
0.348
0.048
2.764
2.081
0.821
-0.098
0.766
0.258
-0.275
1.209
0.632
-2.880
-0.542
-0.170
2.154
2.558
1.194
2.425
0.266
1.699
0.858
0.726
0.673
1.379
1.105
0.917
0.421
1.398
1.269
1.553
2.497
-0.718
-1.320
0.094
0.025
1.026
0.271
1.303
0.275
0.021
3.834
0.015
0.570
0.781
1.005
1.777
-0.711
1.122
0.387
0.166
0.660
0.672
1.927
-0.051
-0.477
0.994
0.915
-0.022
0.895
0.019
-1.001
0.011
-0.173
-0.396
-0.162
1.055
0.005
0.636
0.019
-0.302
1.435
-0.002
1.205
0.011
0.057
-0.182
0.241
0.508
0.003
1.034
1.059
0.364
0.523
0.192
-0.197
0.073
1.144
-2.598
0.106
-0.032
-0.059
0.087
-0.335
-0.110
2.269
-0.801
0.104
2.554
0.020
1.859
-0.156
-0.122
-1.121
-2.671
-2.272
-0.551
-1.037
-1.283
0.257
-0.131
1.078
1.837
0.843
-0.274
-0.217
-0.052
0.039
-0.009
0.624
0.244
0.813
0.091
0.737
-0.002
0.150
1.512
1.490
0.468
0.361
0.592
0.194
0.711
0.388
0.305
0.033
-0.002
0.424
1.063
-0.042
0.391
0.742
-0.002
0.611
-0.081
-0.058
2.285
1.017
0.716
1.641
1.531
0.519
0.162
1.424
1.756
0.366
0.831
1.096
0.036
0.696
0.809
0.570
0.292
1.904
-0.002
2.134
-0.158
0.757
0.647
1.335
0.120
0.930
-0.140
0.774
0.783
-0.002
-0.868
-0.951
-3.240
-0.670
0.474
0.948
0.320
0.088
0.281
1.037
1.021
-0.842
0.657
-0.002
0.581
0.374
1.563
0.794
1.900
-0.347
0.915
1.144
-0.406
0.461
1.351
0.628
0.843
-0.495
2.205
1.431
0.059
0.995
0.156
0.601
-0.022
0.066
0.060
0.045
1.052
0.120
1.309
0.101
0.465
0.135
0.456
0.992
0.831
-0.026
0.038
-0.056
-0.101
0.142
-0.011
-0.738
0.228
-0.014
1.669
1.121
0.542
-0.092
-1.487
-0.666
-0.002
-0.344
-0.523
0.144
-0.356
-0.241
-1.045
-0.280
0.598
0.034
0.164
-0.510
0.106
0.527
-0.070
1.518
-0.566
-0.038
1.240
-0.609
0.296
1.582
-0.865
-0.034
0.277
0.155
-0.114
-0.002
0.758
0.241
-0.236
0.181
2.269
0.014
2.214
0.681
0.207
0.062
0.977
1.866
-0.018
-0.034
0.151
-0.018
0.609
1.552
0.339
1.415
0.619
1.980
0.541
0.276
0.243
0.105
1.015
0.195
0.366
0.331
1.333
0.623
1.881
0.019
0.219
0.428
0.149
0.357
0.019
-0.970
0.155
0.169
0.226
0.611
0.427
-0.218
0.373
0.356
-0.002
0.464
0.102
1.282
1.009
0.359
0.088
-0.488
-0.002
0.582
0.846
0.037
0.073
0.152
0.106
-0.015
0.219
0.859
0.283
1.403
1.000
0.645
0.609
2.665
1.177
1.150
0.020
0.218
0.388
0.831
1.421
0.387
0.236
0.143
0.767
0.395
0.265
0.208
0.025
0.074
0.048
0.322
-0.074
0.445
0.236
0.185
1.021
0.149
-0.006
-0.002
0.629
-0.438
3.241
0.034
-0.106
0.296
0.308
0.697
0.175
1.234
-0.322
0.295
-0.113
-0.089
-0.011
-0.007
0.013
-0.344
-0.269
-0.029
-0.472
1.416
1.396
-0.001
0.149
0.043
0.001
0.047
0.136
0.655
0.176
0.275
0.049
0.400
0.251
0.037
1.426
0.348
0.437
1.283
2.019
0.319
0.889
0.143
1.229
0.733
1.138
2.839
0.448
-0.188
0.279
0.725
-0.031
0.034
0.378
-0.908
-1.184
0.069
0.300
0.786
0.029
-0.023
1.630
1.262
-0.696
0.108
-0.565
-0.372
0.040
-0.037
-0.420
0.658
-0.059
-0.848
0.822
0.380
0.017
-0.025
-0.208
-0.876
0.649
0.128
0.505
1.387
0.573
0.332
-0.475
-0.061
-1.855
0.650
-0.047
0.587
0.040
