0.878
0.076
0.104
0.330
0.110
-0.413
0.148
0.097
0.063
0.110
0.068
-0.132
-0.124
-0.309
0.244
0.139
0.246
0.353
0.110
0.110
-0.122
0.110
0.970
0.174
0.183
0.054
0.104
0.082
-0.052
0.348
-0.025
0.439
0.599
0.253
0.077
-3.214
-2.309
-3.969
-0.601
-2.523
-2.652
-4.758
0.110
0.110
-0.035
0.110
-0.042
-0.098
-2.286
-2.138
-2.240
-1.733
-1.959
-2.914
-3.201
-1.493
-0.793
0.110
0.110
-3.609
-1.075
-0.997
-1.853
-1.465
-0.741
-2.987
-1.872
-0.872
0.278
-0.172
-1.535
0.744
-0.352
-0.500
-1.530
-2.188
-0.965
1.085
-2.423
0.141
0.197
-1.554
-1.507
0.025
0.185
-0.239
-0.859
-2.120
0.024
-0.271
0.047
0.198
0.205
-0.036
0.110
0.584
0.218
0.558
-1.484
-0.802
-0.199
0.110
0.098
-0.368
-0.188
0.334
0.041
0.084
0.121
0.772
0.058
-0.165
0.335
0.165
0.484
0.194
0.131
0.014
0.085
0.061
0.067
0.120
0.172
0.426
0.497
-1.370
0.047
-0.028
-0.000
-0.823
-0.215
0.260
0.307
0.119
2.130
0.007
-0.166
0.096
0.157
0.051
-0.603
0.185
0.107
-0.113
0.103
0.223
-0.108
0.025
-0.540
-2.139
-1.055
0.054
-0.195
-1.267
-1.102
-3.100
-2.697
-4.019
-3.545
-1.000
-1.267
-2.735
-1.178
-0.072
0.110
0.109
-1.100
-0.957
-0.125
0.041
-0.659
0.180
0.017
0.151
-0.288
-0.676
-1.472
-0.380
-1.238
-0.483
0.364
-1.876
0.110
-0.478
-0.612
0.217
0.542
0.490
0.352
0.925
0.201
-0.738
-0.533
-2.815
-2.039
0.254
-0.597
-0.790
0.033
-0.043
-0.291
0.089
0.073
0.045
0.076
-0.014
-4.746
-2.384
-0.885
0.106
0.689
-0.004
-0.032
-0.244
-0.351
0.239
0.682
0.195
-2.741
-1.858
-1.355
-2.419
-0.276
-1.624
-0.967
-1.132
-1.541
-0.493
-1.150
-0.685
-0.924
-2.707
-1.373
-2.380
-4.117
0.269
0.860
-0.966
-0.319
-0.569
0.008
-0.139
0.171
0.281
-2.628
-0.073
0.061
-0.392
-1.564
-0.706
0.262
-0.822
0.027
-0.316
-0.624
-0.209
-0.832
-0.072
0.116
-1.246
-1.022
-0.543
-0.484
-0.662
0.423
0.006
0.648
0.759
0.123
-0.793
0.081
-0.311
0.147
0.113
-0.023
-0.402
-0.397
-0.075
-0.092
-0.277
0.105
0.026
-1.316
-0.909
-0.078
-0.090
-0.732
0.140
0.110
-0.359
-4.034
0.110
0.110
0.150
0.172
0.091
-0.020
-0.061
-1.760
0.450
0.350
-2.046
-1.299
-0.653
1.032
-0.832
0.110
0.695
0.101
0.442
-0.311
0.475
-0.609
0.208
-1.065
-0.835
-0.822
1.002
1.374
0.398
0.040
0.026
-0.257
-0.179
-0.238
0.110
-0.751
0.503
0.110
-1.387
-0.301
0.386
-0.222
-0.610
-0.078
-1.361
-0.178
-0.379
0.110
0.071
-0.130
-0.819
0.504
-0.953
-0.242
0.110
0.047
0.095
0.110
-3.052
-2.061
-1.188
-3.293
-1.087
-1.456
-0.303
-0.918
-1.866
-1.128
-0.370
-0.531
0.110
0.145
-1.338
-2.132
-0.959
-2.671
0.105
-4.896
0.183
-1.456
-1.174
-0.426
-0.007
-1.594
-2.018
-0.264
-0.129
-0.910
-0.863
-0.403
0.052
-0.077
-0.775
-0.550
0.083
0.062
-0.776
-0.107
-0.723
0.572
0.434
-0.091
-0.075
0.239
-1.581
0.224
-0.436
-0.142
-2.338
-0.984
-0.425
0.005
-0.249
-1.017
-1.534
-0.359
-4.300
-2.561
0.317
0.100
0.196
-0.055
0.029
0.110
0.110
-0.086
-1.275
0.094
-0.626
-0.069
0.078
0.110
0.061
-1.578
-0.626
-0.001
0.110
0.590
0.480
0.053
0.167
0.236
0.009
0.612
-1.831
-0.130
-0.254
0.447
0.466
1.403
0.129
0.110
0.198
0.667
0.899
0.804
0.853
2.296
1.380
0.036
0.088
1.586
0.232
-0.486
0.352
-1.403
0.410
0.162
-1.326
0.569
-0.295
-1.329
0.389
-2.159
0.883
0.057
0.145
-0.176
0.016
-0.114
0.110
0.110
-3.469
-0.012
-2.178
-0.328
-1.261
0.110
-0.423
-1.391
0.027
0.157
0.890
-0.185
-0.100
-1.659
-0.602
-0.693
-0.083
-2.439
-0.114
-0.145
-0.315
-0.038
-0.175
0.101
0.060
-0.532
-3.066
-0.880
-1.693
0.071
0.110
-0.567
-0.051
0.104
0.016
0.098
-0.455
-0.183
-0.181
0.082
-1.177
-0.052
-0.231
0.006
0.468
-1.066
0.110
-1.032
-1.631
-0.611
0.103
0.110
0.138
-0.073
-0.570
0.036
0.110
-0.065
-0.076
0.141
-0.083
-0.152
0.067
-1.069
-1.402
-0.240
-1.206
-3.334
-0.215
-0.385
-0.094
-0.118
0.053
0.082
0.110
-0.550
0.427
-0.094
-0.901
-1.321
-0.177
-0.580
-0.207
0.522
-0.220
0.149
0.113
-0.084
-0.450
0.006
0.055
-0.455
0.295
0.303
-0.705
0.209
-2.864
-1.501
-0.723
0.805
0.502
0.059
-0.224
-0.141
-0.075
-0.227
0.091
0.110
-0.335
-0.006
0.152
0.110
0.130
0.110
0.188
-0.954
-0.201
0.248
0.271
-0.378
-0.197
0.145
-0.081
0.234
-0.002
-0.173
0.184
-0.176
-0.413
0.030
-2.440
-0.437
-0.514
-0.605
-1.324
-0.007
-1.904
-0.246
-0.814
-0.489
-0.968
-1.758
-1.427
-0.115
0.134
-0.840
0.190
0.836
0.082
1.136
0.689
0.020
0.110
-0.590
0.215
-0.307
-1.264
-0.134
0.190
-2.181
0.156
0.235
1.181
0.289
-0.275
-0.250
0.310
1.003
-0.740
-0.495
0.110
0.110
0.110
1.375
-0.449
0.030
-1.210
-0.772
0.150
-0.150
0.060
0.219
0.225
-2.535
0.268
-0.038
-0.032
