0.612
0.186
0.064
0.194
0.240
0.186
0.358
0.231
0.699
0.302
0.360
0.683
0.213
0.284
0.122
0.095
0.040
0.018
0.108
-0.181
0.451
-1.413
-0.689
0.347
0.066
0.243
0.201
-0.263
0.867
0.030
0.413
0.024
0.096
0.016
-0.051
2.386
2.072
2.138
0.579
2.293
2.185
3.621
0.033
0.106
0.236
0.029
0.252
0.046
1.814
1.566
2.553
1.908
2.530
3.395
2.195
1.769
1.166
0.165
0.479
3.171
1.054
1.060
1.169
1.693
1.725
2.704
1.386
0.126
0.118
0.175
0.259
-0.133
-0.179
0.333
-0.113
0.145
0.165
-0.785
3.539
-0.064
-0.378
0.987
0.490
0.386
-0.551
0.290
0.805
2.356
0.498
0.072
0.125
0.315
0.064
0.506
0.494
0.165
-0.046
-0.048
1.023
0.906
-0.039
0.040
0.401
0.537
0.025
-0.574
0.060
0.028
0.028
-0.050
0.176
0.026
-0.091
-0.129
-0.198
0.065
0.029
-0.021
0.028
-0.217
0.026
0.029
-0.007
-0.136
-0.164
0.716
-0.402
-0.853
-0.138
0.037
0.068
0.063
0.599
-0.021
-0.858
1.253
-0.546
1.024
-1.428
0.224
0.094
-0.964
-0.232
-0.062
0.096
0.159
0.245
0.951
2.059
0.567
0.985
-0.004
1.189
2.298
1.870
2.874
2.599
2.904
2.419
-0.028
1.352
2.549
1.728
0.131
0.077
0.063
1.078
0.801
0.440
1.247
2.044
-0.225
0.583
-0.110
1.233
1.459
1.514
0.569
1.052
0.560
-0.317
1.706
0.059
0.908
0.671
0.342
0.236
-0.411
0.056
-0.162
-0.029
0.098
-0.348
-0.489
0.151
-0.507
1.228
0.566
1.215
0.142
0.409
0.027
-0.015
0.213
0.266
0.165
2.803
2.341
0.803
0.192
0.176
0.153
-1.057
0.401
0.563
-1.856
0.073
0.045
2.082
1.900
0.891
2.436
0.343
2.082
1.668
0.587
0.794
0.234
1.111
0.743
0.236
1.711
1.223
1.080
2.919
-0.020
-1.327
0.949
0.280
1.042
0.075
0.529
0.032
-0.118
2.656
0.027
0.610
-0.541
1.104
1.478
0.160
1.041
0.159
-0.056
1.230
0.310
2.039
-0.015
-0.442
1.290
0.858
-0.061
1.118
0.305
-1.640
0.470
-0.548
0.453
-0.044
0.797
-0.004
0.540
0.092
-0.515
0.829
0.226
0.070
0.438
0.393
-0.566
-0.146
0.276
0.926
1.262
0.804
0.145
0.590
0.099
0.159
0.352
1.658
-0.209
-0.040
-0.037
0.007
-0.316
-0.834
-0.608
2.907
-0.524
-0.093
1.253
0.165
0.682
-0.124
-0.103
-0.953
-2.103
-1.545
-1.096
-0.013
-0.281
0.972
-0.358
-0.399
2.034
0.169
-0.447
-0.009
0.023
0.019
0.047
0.425
0.050
0.523
0.001
0.681
-0.021
0.001
1.514
0.699
0.018
0.072
0.655
0.111
0.819
0.489
0.363
0.022
0.154
0.893
1.843
-0.616
0.145
0.208
-0.379
0.250
-0.564
0.028
2.593
1.367
1.015
1.809
1.376
0.370
0.365
1.313
1.510
0.789
0.275
0.530
0.106
1.347
0.834
0.576
0.512
3.785
-0.025
2.842
-0.337
1.904
1.065
0.763
0.441
1.060
0.423
-0.175
-0.167
0.112
0.440
0.053
-1.752
-0.182
-0.550
-0.219
0.438
0.086
0.029
1.053
0.895
0.207
0.064
0.019
0.748
0.058
0.729
0.382
1.032
-0.169
1.384
1.777
-0.038
1.328
1.793
0.151
0.390
-0.300
2.088
2.689
-0.091
0.091
0.155
0.300
0.356
0.400
-0.175
0.222
0.969
0.196
1.164
0.509
0.790
0.259
0.849
0.233
1.349
0.242
0.209
-0.220
-1.388
0.177
0.173
-0.172
0.536
0.149
1.362
1.212
-0.272
-0.156
-1.333
-0.583
-0.256
-0.197
-0.221
-0.057
-0.551
-0.413
-0.238
-0.771
0.587
0.038
-0.146
-0.463
-0.002
0.550
-0.597
1.006
-0.544
-0.134
1.303
-0.677
-0.204
1.523
-0.064
0.291
-0.029
0.225
0.203
0.119
0.671
0.585
-0.234
0.455
1.864
-0.090
3.026
0.988
0.159
0.092
0.538
1.993
0.084
-0.065
0.367
0.030
-0.038
1.275
0.531
1.679
0.906
2.906
1.067
0.671
0.643
0.243
1.283
0.527
0.239
1.087
1.731
1.054
1.456
0.220
0.068
0.119
-0.101
0.047
0.098
-0.446
0.392
0.221
0.265
-0.055
0.366
0.380
-0.125
-0.091
0.189
0.057
0.336
2.294
1.503
0.624
0.070
-0.318
-0.620
0.642
1.628
0.133
0.503
0.235
0.124
-0.035
0.193
0.759
0.375
1.029
0.760
0.854
1.513
2.808
1.302
1.269
-0.165
0.773
0.340
1.040
0.127
0.056
-0.452
0.271
1.066
0.162
0.374
0.476
-0.043
-0.158
0.581
0.009
0.036
0.785
0.468
0.237
0.694
0.490
-0.175
-0.303
1.283
-1.032
2.482
0.818
0.165
0.095
0.853
0.312
-0.123
1.882
0.081
0.165
-0.203
0.041
-0.163
-0.217
-0.027
-0.305
-0.481
-0.084
-0.322
2.167
0.460
-0.069
-0.059
0.474
0.193
-0.346
0.224
0.691
0.129
0.642
-0.082
0.876
0.304
0.546
1.710
0.916
-0.406
0.861
0.555
-0.173
1.392
0.762
0.719
0.290
0.740
3.942
0.547
0.309
1.905
0.784
-0.126
0.003
0.532
-0.660
-0.960
0.015
1.094
1.142
-0.663
-0.062
0.858
0.404
-0.812
0.626
-0.331
-0.135
0.077
0.219
0.209
0.477
-0.009
-0.462
0.729
0.718
0.086
-0.005
-0.151
-0.522
0.925
0.064
0.838
0.745
0.469
0.103
-0.020
-0.761
-0.889
0.941
-0.135
-1.059
-0.046
