0.027
-0.095
0.074
0.014
0.067
0.137
-0.123
0.084
-0.271
0.025
0.073
-0.017
-0.011
0.028
0.074
0.149
0.218
0.146
0.126
0.081
-0.146
1.259
1.017
-0.135
0.156
-0.142
0.049
0.031
-0.096
0.147
-0.574
0.097
0.078
-0.151
0.145
-2.566
-1.479
-2.090
-0.626
-1.430
-1.821
-3.211
0.073
0.134
-0.207
-0.145
-0.021
0.169
-1.732
-1.311
-1.875
-1.082
-2.285
-2.475
-1.750
-1.255
-1.187
-0.020
-0.562
-2.177
-1.441
-1.145
-1.214
-1.726
-1.170
-2.414
-1.257
-0.572
-0.232
-0.858
-1.069
0.116
0.133
-0.081
0.105
0.042
0.123
0.584
-3.348
0.050
0.373
-0.972
-0.268
-0.189
0.284
0.038
-0.753
-2.237
0.007
-0.738
0.217
-0.384
0.091
-0.394
-1.042
0.001
-0.215
0.188
-0.903
-0.705
0.029
-0.018
0.062
-0.367
-0.446
0.100
-0.050
2.146
0.135
0.412
0.103
-0.051
0.231
0.229
0.395
0.285
0.110
0.082
0.196
0.026
-0.038
0.244
0.210
0.378
0.472
-1.544
0.247
0.984
0.581
-0.146
0.013
0.110
-0.142
0.074
0.155
-0.563
-0.007
-0.496
-0.166
-1.029
-0.162
0.471
0.329
0.234
0.127
-0.278
-0.160
-0.117
-0.786
0.074
-1.240
0.323
-0.519
-1.485
-1.634
-2.412
-2.545
-0.828
-2.127
-0.746
-0.956
-1.518
-1.492
-0.014
0.440
0.102
-1.563
-0.256
-0.163
-0.296
-1.104
0.684
-0.040
-0.024
-0.561
-2.063
-1.208
-0.441
-0.023
-0.681
0.123
-1.843
-0.056
-0.567
-0.579
-0.419
-0.282
0.179
0.196
0.155
-0.005
-0.053
0.059
0.113
0.196
-0.183
-0.386
-0.372
-0.900
-0.009
-0.234
-0.185
1.795
-0.447
-0.365
-0.619
-2.239
-2.046
-0.469
0.067
-0.346
0.112
1.182
-0.359
-0.901
0.793
-0.451
0.096
-2.326
-2.189
-1.311
-2.442
-0.430
-1.497
-0.951
-0.577
-0.675
-0.767
-1.117
-1.204
-0.720
-2.368
-1.303
-1.605
-2.868
0.098
1.221
-0.197
0.085
-0.786
-0.181
-0.774
-0.494
-0.162
-1.557
0.067
-0.350
0.483
-1.174
-0.913
-1.054
-0.566
-0.218
0.106
-1.536
-0.263
-1.703
0.500
0.068
-0.978
-0.882
-0.645
-1.094
-0.607
1.667
0.335
0.115
-0.110
0.157
-0.823
0.082
-0.944
0.052
0.352
-1.275
0.135
-0.375
-0.039
-0.440
0.086
0.017
-0.395
-0.011
-1.510
-0.560
0.051
-0.120
-0.099
0.043
-0.094
-1.189
0.100
0.058
0.129
0.049
0.023
-0.121
0.652
-2.098
0.146
0.069
-1.564
-0.361
-1.003
0.150
0.311
0.600
2.019
0.434
-0.780
-0.208
0.451
-0.288
0.375
-0.719
-2.214
-0.580
-0.318
-0.117
-0.096
0.079
0.167
-0.256
0.176
-0.847
0.326
-0.635
0.054
0.163
-1.754
-1.100
-0.156
-0.029
-0.513
-0.153
-1.383
-0.209
-0.422
-0.044
0.075
-0.324
-1.092
0.346
-0.335
-0.369
-0.269
0.054
0.101
-0.084
-2.562
-0.842
-0.778
-1.270
-0.947
-0.057
-0.465
-1.362
-2.047
-0.731
-0.854
-0.795
-0.131
-0.865
-0.900
-0.518
-0.898
-1.223
0.074
-2.193
-0.540
-1.285
-0.676
-1.043
-0.091
-1.026
-0.159
-0.116
-0.279
0.044
-0.078
-0.195
0.159
0.326
-0.486
-1.120
-0.073
0.352
-0.195
-0.740
-1.304
0.159
-0.236
-0.074
-0.024
-0.208
-1.693
-1.028
-2.642
0.204
-0.550
-1.618
0.074
-0.664
-1.184
-0.641
-0.558
-0.274
-1.068
-1.817
0.118
-0.807
-0.377
-0.207
0.238
-0.122
0.087
-0.051
-0.609
-0.313
-1.492
-0.272
-0.711
0.076
-1.112
-0.065
-1.522
-0.241
0.028
-1.120
-0.066
0.012
0.206
0.169
-0.559
0.074
-1.253
-0.340
1.134
0.219
0.310
0.427
0.185
0.184
0.686
-0.124
1.351
0.980
0.709
0.612
0.074
-0.706
0.399
0.302
0.104
-0.812
0.096
-1.129
0.650
0.205
-0.691
0.498
-0.211
-1.652
0.778
-0.674
-0.021
-0.095
0.152
0.078
-0.179
-0.861
0.163
-0.119
-1.235
-0.191
-2.247
-0.424
0.070
0.084
-1.028
-2.275
-0.019
0.082
-0.197
-0.094
0.233
-1.634
-0.386
-1.447
-0.619
-1.921
-0.817
0.030
-0.322
-0.046
-0.999
-0.061
-0.192
-0.549
-0.880
-0.839
-1.075
0.074
0.051
0.261
0.075
0.063
-0.207
0.088
-0.539
-0.187
-0.015
-0.157
-0.071
-0.257
-0.441
-0.070
-0.293
-0.031
-0.306
-1.730
-1.197
-0.481
0.022
0.521
0.012
0.067
-0.631
0.055
0.034
-0.222
0.074
0.194
-0.073
-0.715
-0.224
-0.680
-0.702
-0.229
-1.094
-2.718
-0.523
-1.017
0.022
-0.894
-0.527
-1.016
-0.087
-0.195
-0.005
-0.105
-0.474
-0.231
-0.399
-0.271
-0.061
0.035
-0.024
0.307
0.054
-0.324
-0.229
-0.106
-0.277
-0.527
0.315
0.450
-0.723
0.040
-2.247
-0.984
-0.811
0.499
0.048
-0.200
0.107
-1.219
-0.002
-0.305
0.109
-0.045
0.074
0.493
0.033
0.096
0.228
0.087
0.177
-1.810
-1.044
-0.020
0.168
0.045
0.303
0.434
-0.056
-0.090
0.031
-0.467
-0.023
-0.926
-0.243
-0.023
-0.829
-0.599
-0.369
-0.832
-0.119
-0.011
-0.904
-0.300
-1.483
-1.065
-0.443
-3.156
-0.775
0.284
0.053
-0.621
0.507
-0.481
-0.197
0.226
0.496
-0.193
-0.386
-0.722
0.131
-0.396
-0.843
-0.722
0.730
-0.327
0.213
0.767
0.204
0.150
0.756
-0.861
0.059
0.237
-0.374
-1.136
0.076
0.230
0.154
0.386
-0.496
0.101
-0.125
-0.273
-0.414
0.166
-0.185
0.152
2.617
-1.251
0.446
-0.169
0.698
