0.280
0.318
-0.091
-0.212
0.163
0.052
0.403
0.112
1.004
0.180
0.290
0.526
0.080
0.227
-0.323
-0.178
-0.484
-0.393
-0.462
-0.279
0.583
-1.167
-0.641
0.133
-0.158
-0.226
0.148
0.353
0.361
0.149
0.047
-0.219
-0.414
-0.327
-0.426
3.046
2.027
2.319
0.428
1.576
2.350
3.187
-0.212
-0.655
0.341
-0.319
0.462
0.036
1.451
1.850
2.551
2.317
2.550
3.307
2.180
1.815
1.506
0.004
0.636
3.299
1.213
1.406
1.750
2.689
1.792
2.682
1.132
0.610
0.190
0.222
1.162
-0.022
-0.715
0.496
0.333
2.087
0.755
-0.759
3.020
-0.210
-0.702
0.571
0.030
0.414
-0.502
0.750
1.153
2.602
0.892
-0.196
-0.044
-0.128
0.166
0.728
0.815
0.229
-0.421
-0.087
0.978
0.688
0.159
-0.505
-0.662
0.560
0.370
-0.354
0.151
-0.072
-0.104
-0.261
-0.016
0.297
-0.166
-0.099
-0.338
-0.268
-0.063
-0.421
-0.096
-0.168
-0.066
0.078
-0.218
-0.272
-0.272
1.274
-0.412
-0.799
-0.381
0.207
-0.193
0.051
0.277
-0.006
-0.904
-0.041
0.280
0.614
0.028
0.339
0.239
-0.941
-0.781
-0.016
0.146
0.232
0.209
0.834
1.219
2.489
1.778
-0.562
0.925
2.017
1.856
3.458
2.972
3.066
1.332
0.003
0.270
2.136
1.731
0.036
-0.632
0.009
1.767
0.832
0.035
0.439
0.928
0.018
0.562
0.081
0.992
1.481
3.524
0.794
0.404
1.163
-0.089
1.621
-0.015
0.808
1.045
0.437
0.237
-0.315
0.001
0.069
0.090
0.095
-0.006
-0.354
0.053
0.772
0.629
0.656
0.598
0.075
0.832
0.288
-0.248
0.645
0.256
0.491
3.400
2.334
1.074
0.364
0.367
0.292
-0.851
0.057
0.059
-3.235
-0.290
-0.248
2.334
2.001
1.671
2.990
0.359
1.781
1.382
0.980
1.460
0.951
1.746
0.828
0.001
2.071
1.338
0.786
3.211
0.270
-0.602
1.387
0.200
0.813
0.497
0.896
0.197
-0.421
2.443
-0.104
0.367
-0.846
1.275
1.718
0.031
1.183
0.174
-0.153
1.255
0.489
0.854
-0.025
0.453
1.504
1.070
0.075
0.404
1.130
-1.372
-0.024
-0.073
-0.010
0.115
0.876
-0.214
0.367
-0.143
-0.494
0.964
-0.006
0.472
0.635
0.497
0.109
0.841
0.406
0.432
2.215
1.119
-0.148
0.088
0.059
-0.240
0.569
2.749
-0.366
0.196
-0.289
-0.081
0.112
0.102
-0.889
2.701
-0.274
-0.330
0.266
0.049
0.300
0.033
0.485
-0.732
-1.587
-0.747
-0.127
-0.013
-0.626
0.769
-0.445
0.202
2.336
0.455
0.239
-0.094
-0.087
0.034
-0.198
0.225
-0.155
0.419
0.008
0.483
-0.096
0.051
1.782
1.951
-0.018
0.216
0.951
0.272
1.460
0.468
0.223
-0.054
-0.225
0.743
1.514
-0.809
0.440
0.370
-0.045
0.485
-0.261
-0.115
2.945
1.367
1.087
1.515
1.406
0.588
0.172
1.576
2.015
1.203
1.330
1.161
0.181
0.795
0.840
2.076
0.994
0.583
-0.049
2.340
-0.304
1.215
1.300
1.673
0.076
0.501
-0.139
-0.091
-0.107
-0.030
0.858
-0.004
-0.214
-0.278
-0.619
0.215
0.449
0.415
0.162
1.554
2.069
-0.349
0.092
0.092
0.025
0.144
0.820
0.094
1.294
0.359
1.209
0.232
-0.399
0.112
0.531
0.539
0.374
0.142
3.349
2.191
-0.387
0.092
-0.087
0.300
-0.349
0.298
-0.505
0.736
0.713
0.124
1.189
0.372
0.737
-0.209
0.565
1.078
0.477
0.392
0.025
-0.187
0.001
0.110
0.027
-0.550
0.482
-0.006
1.740
0.746
-0.029
-0.236
-0.642
-0.387
0.228
-0.062
-0.318
-0.286
-0.412
-0.415
-0.238
-0.931
-0.006
0.179
-0.056
-0.490
-0.069
0.260
0.149
0.988
-0.711
-0.318
2.390
-0.270
0.062
1.413
-0.545
0.147
-0.007
0.677
0.125
0.154
0.667
0.234
-0.006
0.068
2.903
0.318
1.993
0.595
0.372
0.344
0.818
2.634
-0.147
-0.106
-0.093
-0.314
-0.218
1.578
0.272
2.064
0.461
2.396
0.867
0.415
0.770
0.258
1.303
0.231
0.458
0.834
1.502
1.573
1.643
-0.161
0.176
-0.243
0.160
0.119
0.227
-0.921
0.361
0.500
0.304
0.057
0.425
0.202
0.358
0.617
0.658
0.474
0.265
1.674
2.225
0.643
-0.285
-0.623
-0.051
0.521
0.515
0.006
-0.205
-0.100
-0.419
-0.135
0.160
1.427
0.507
0.799
0.572
0.475
1.133
2.751
1.633
1.240
-0.569
0.708
0.348
0.977
0.111
0.803
0.615
0.333
0.964
0.088
0.579
0.359
0.050
-0.432
0.421
-0.127
0.250
0.535
0.381
0.039
0.612
0.329
-0.411
-0.378
0.816
-0.270
3.579
1.409
-0.006
0.093
0.009
1.347
0.294
2.459
0.117
-0.126
-0.233
0.179
-0.445
-0.463
0.206
-0.099
-0.180
-0.106
-0.388
2.538
0.088
-0.281
-0.131
0.331
0.462
0.081
0.472
-0.086
-0.573
0.494
-0.134
0.851
0.592
0.277
2.095
0.620
0.019
1.547
0.358
0.585
1.061
0.726
1.415
0.806
0.585
3.109
0.790
-0.163
-1.115
1.006
-0.256
0.610
0.160
-1.263
-0.181
-0.006
0.922
2.185
0.019
-0.083
0.941
0.068
-0.795
0.345
-0.554
-0.827
-0.253
0.102
-0.362
0.213
-0.398
-0.731
0.921
1.010
-0.068
-0.188
-0.323
-0.722
0.875
0.310
0.877
0.340
0.767
0.316
-0.256
-0.503
-1.039
1.716
0.020
-0.957
0.148
