-0.355
0.505
-0.146
0.518
-0.225
-0.005
-0.156
-0.019
0.583
0.516
2.817
1.740
0.062
0.673
0.146
-0.184
-0.138
-0.184
0.050
0.024
1.284
-0.466
-0.132
-0.147
-0.204
-0.101
0.095
0.415
-0.182
-0.432
-0.184
-0.161
-0.340
-0.131
-0.223
1.306
1.739
2.110
0.104
1.143
1.416
1.864
-0.119
0.104
0.043
-1.073
0.239
1.096
0.619
0.152
1.105
2.205
1.418
3.163
2.003
0.785
0.570
-0.192
0.271
3.626
0.497
1.442
2.096
2.743
0.313
3.382
3.169
1.263
0.118
0.342
1.233
-0.601
-2.048
0.057
1.814
2.811
0.507
-0.840
4.529
-0.308
-0.184
-0.058
0.727
-0.123
-0.589
-0.366
-0.046
2.121
0.143
-0.199
0.160
-0.017
-0.126
0.743
0.029
-0.184
-0.055
-0.136
0.539
-0.146
-0.108
-0.184
-0.143
0.127
0.128
-0.591
-0.163
-0.167
-0.168
-0.184
-0.172
0.206
-0.184
-0.184
-0.184
-0.184
-0.029
-0.159
-0.184
-0.176
-0.171
-0.178
-0.184
-0.246
-0.184
0.919
0.022
-0.868
-0.447
-0.177
0.193
-0.319
0.407
0.794
-0.613
0.903
-0.047
-0.033
-0.235
-0.017
0.224
-0.263
-0.355
0.015
-0.184
-0.345
0.159
0.695
0.356
1.533
0.877
-0.002
1.070
2.015
1.335
2.339
1.557
1.988
1.631
1.153
0.582
0.852
0.945
0.416
-0.127
-0.036
0.201
1.766
-0.082
-0.151
1.731
-0.322
-0.533
-0.785
1.134
0.936
2.901
0.380
1.950
1.338
-0.615
1.311
-0.184
-0.031
0.728
1.217
0.392
-0.158
-0.184
-1.313
-0.279
0.722
0.366
1.941
1.400
-0.184
0.602
0.698
-0.058
0.211
-0.106
0.342
-0.227
-0.013
-0.136
-0.163
3.851
3.059
2.080
-0.156
-0.933
0.459
-0.245
0.343
-0.078
0.135
-0.314
-0.710
3.064
1.431
0.628
2.076
0.645
0.755
1.178
0.539
0.711
0.105
1.903
0.719
0.964
2.178
1.285
1.248
3.205
0.035
-0.417
0.022
0.299
0.275
-0.122
0.997
-0.179
-0.184
2.302
-0.131
1.170
-0.106
0.254
1.243
-1.004
1.440
0.025
-0.174
1.186
0.092
0.478
-0.244
0.272
1.716
0.062
1.570
-0.152
0.077
-0.541
-0.162
-0.911
-0.082
-0.187
0.678
-0.184
-0.625
-0.222
-0.141
0.103
0.368
-0.076
1.186
1.455
0.010
-0.272
0.153
0.812
0.445
0.415
0.068
0.563
-0.123
-0.184
-0.078
3.708
-0.260
0.018
-0.184
-0.278
-0.222
-0.490
-0.387
2.140
-0.388
-0.638
0.957
0.458
0.125
-1.601
0.378
-0.380
-1.093
-1.201
-0.771
-0.673
-0.260
0.765
-0.194
1.176
2.466
0.166
0.021
0.007
-0.256
0.198
0.031
-0.153
-0.100
-0.087
-0.207
0.635
-0.184
-0.181
0.545
0.146
-0.320
-0.198
-0.137
-0.179
0.739
-0.145
-0.252
-0.184
-0.055
-0.142
0.978
-0.827
0.620
0.392
-0.421
0.382
-0.659
-0.665
2.600
1.305
1.011
1.416
1.349
0.240
0.232
1.636
3.063
1.950
0.109
0.215
-0.184
0.132
-0.147
0.365
-0.133
0.210
-0.162
2.176
-0.222
0.766
0.151
0.182
-0.147
1.073
-0.173
-0.158
-0.307
-0.062
0.347
-0.158
-0.250
-0.663
-0.061
-0.105
-0.165
-0.183
-0.159
0.125
1.520
-1.185
-0.619
-0.435
-0.222
-0.052
0.011
-0.094
1.066
-0.309
3.278
1.189
0.898
0.293
0.988
0.971
0.978
-0.688
0.652
1.996
-0.688
0.067
-0.184
0.751
-0.117
-0.184
-0.504
0.103
1.098
-0.184
1.889
0.214
1.134
-0.184
-0.086
0.690
0.911
-0.164
-0.154
0.170
-0.161
-0.184
-0.204
-0.221
1.214
-0.090
0.962
-0.009
-0.070
-0.184
-0.645
-1.029
-0.598
-0.224
-0.519
-0.184
-0.893
-0.759
-1.178
-1.451
-2.068
-0.721
-0.163
-0.647
-0.221
-0.264
-0.881
0.627
-0.309
-0.348
1.425
-0.346
0.567
0.590
-0.174
0.935
0.237
-0.174
-0.797
-0.182
-0.101
-0.085
-0.736
-0.151
1.258
-0.129
2.026
0.357
1.014
-0.089
0.142
2.020
-0.175
-0.184
-0.247
-0.178
0.423
1.534
0.196
1.084
0.118
3.388
0.140
0.532
0.110
-0.179
0.571
-0.001
0.217
0.439
0.964
0.460
1.059
0.006
-0.174
-0.182
-0.174
-0.069
-0.077
-0.236
0.104
0.276
0.177
-0.127
0.120
0.336
0.168
0.150
0.956
-0.112
0.319
1.342
0.851
0.382
-0.042
-0.344
-0.089
-0.090
-0.140
0.082
-0.316
-0.054
-0.095
-0.174
0.063
1.538
0.094
0.845
0.369
0.097
0.603
1.943
0.300
0.065
0.266
1.220
-0.022
1.898
-0.101
-0.141
-0.156
0.045
0.572
0.422
0.953
0.394
0.393
-0.572
0.088
-0.194
-0.221
0.165
0.592
0.270
0.491
0.875
-0.199
-0.709
0.366
-0.017
2.766
0.313
0.422
-0.141
-0.184
0.354
-0.010
0.576
-0.255
-0.135
-0.497
-0.249
-0.090
-0.306
-0.157
-0.166
-0.184
-0.146
-0.184
2.686
1.186
-0.184
-0.184
-0.135
-0.184
-0.414
0.032
-0.166
0.212
0.102
-0.089
0.463
0.102
-0.169
2.039
0.224
0.014
0.605
0.601
-0.190
0.207
-0.161
1.375
0.426
1.386
1.414
0.847
-0.281
1.471
-0.036
-0.486
-0.336
0.080
-0.456
-0.722
-0.606
0.005
2.712
0.212
0.484
0.518
-0.150
-0.399
0.446
-0.540
-0.436
-0.240
0.770
0.172
1.008
-0.202
-0.659
0.121
0.184
-0.184
-0.089
-0.431
-0.222
0.718
0.027
0.319
1.644
0.485
0.014
-0.173
-0.184
-0.184
2.121
-0.184
-1.110
-0.041
