-0.236
-0.039
0.163
-0.022
0.156
-0.147
-0.092
-0.063
-0.335
-0.207
-0.210
-0.433
-0.180
0.053
0.323
0.109
0.121
0.106
0.183
0.291
-0.601
0.899
0.151
-0.236
-0.052
0.024
-0.102
-0.226
-0.289
0.153
-0.269
-0.072
0.402
0.081
0.370
-2.575
-1.594
-2.134
-0.383
-0.991
-2.031
-3.543
0.088
0.543
-0.156
0.166
-0.152
-0.041
-1.631
-1.262
-2.172
-1.604
-2.370
-2.816
-2.218
-1.281
-1.054
-0.061
-0.447
-3.044
-0.908
-1.294
-1.377
-1.172
-1.190
-2.010
-1.254
-0.448
0.035
-0.065
-0.531
0.158
0.069
-0.266
0.106
-0.671
-0.171
0.816
-2.552
0.210
0.380
-1.290
-0.186
-0.122
0.577
-0.075
-0.923
-1.741
-0.225
0.587
0.005
0.303
0.067
-0.554
-0.102
-0.066
-0.143
0.177
-1.582
-0.612
-0.054
0.020
-0.068
-0.623
-0.257
0.262
0.069
0.119
0.150
0.264
0.108
-0.121
0.147
0.156
0.221
0.209
0.113
0.179
0.127
0.009
0.060
0.133
0.130
0.250
0.241
-1.317
0.261
1.247
0.250
-0.096
0.167
0.132
-0.655
-0.204
0.654
-0.416
0.538
-0.861
-0.266
-1.331
-0.631
-0.163
0.789
0.155
-0.736
0.013
-0.343
-0.968
-1.193
-1.793
-0.175
0.179
-0.865
-2.191
-1.805
-2.450
-2.622
-2.705
-1.774
0.128
-0.637
-2.282
-1.614
-0.134
0.312
0.065
-1.486
-1.037
-0.222
-0.370
-1.447
0.332
-0.013
0.297
-0.827
-1.579
-1.257
-0.561
-1.060
-0.555
0.158
-1.257
0.166
-0.747
-0.496
-0.902
-0.866
0.554
-0.091
0.533
0.214
-0.289
0.861
-1.498
-0.188
0.584
-0.530
-0.289
-0.133
0.053
-0.337
-0.152
0.004
-0.196
-0.262
-0.170
-2.580
-2.295
-1.155
-0.023
-0.176
-0.109
1.078
-0.047
-0.506
1.498
0.106
0.239
-2.173
-2.093
-1.096
-2.875
-0.009
-1.586
-0.770
-0.882
-0.716
-0.380
-1.342
-0.953
-1.107
-1.713
-1.323
-1.030
-2.386
0.608
1.093
-1.272
-0.212
-0.411
-0.226
-0.644
-0.092
0.286
-1.608
-0.033
-0.676
-0.208
-0.737
-1.236
1.834
-0.767
-0.052
0.166
-0.926
-0.469
-1.431
-0.063
0.068
-0.882
-0.016
-0.127
-0.930
-0.229
1.003
-0.317
0.366
0.449
0.013
-0.687
0.167
-0.747
0.155
0.400
-0.279
-0.077
-0.428
-0.242
-0.741
0.320
0.283
-0.473
-0.244
-0.837
-0.882
-0.039
-0.212
0.029
-0.066
-0.457
-1.878
0.046
0.074
0.027
0.088
0.097
-0.150
-0.289
-1.992
0.443
0.499
-0.557
-0.548
-1.086
0.176
0.297
0.801
1.016
1.024
1.600
0.016
1.121
-0.758
0.211
-0.439
-1.061
0.005
0.257
0.383
0.234
0.118
0.053
-0.523
-0.136
-0.587
0.056
-0.651
0.056
0.162
-1.918
-1.436
-0.257
-0.065
-0.608
-0.150
-1.065
-0.226
-0.128
0.078
0.121
-0.667
-1.097
0.711
-0.456
-0.484
0.066
-0.191
0.232
0.177
-2.937
-1.158
-0.774
-1.054
-0.962
-0.467
-0.061
-1.132
-1.490
-0.822
-1.144
-1.385
-0.094
-0.684
-1.047
-0.998
-0.213
-1.491
0.033
-2.265
0.360
-0.651
-0.544
-0.924
-0.219
-1.212
-0.051
0.086
0.102
-0.453
-0.338
-0.350
0.199
0.505
-0.221
-0.278
-0.498
-0.159
-0.004
-0.387
0.070
0.723
0.237
0.085
-0.217
-0.188
-0.667
-0.314
-0.894
-0.091
-1.458
-1.119
-0.563
-0.526
-1.619
-0.637
-1.451
-0.194
-1.896
-1.487
0.030
-1.145
-0.055
-0.372
-0.038
-0.249
0.259
-0.137
-0.580
-0.350
-1.059
-0.279
-0.539
0.161
-0.492
-0.088
-0.877
-0.226
0.014
0.396
1.128
-0.385
0.522
0.142
-0.554
0.074
-1.452
-0.611
-0.138
0.228
0.398
0.705
0.243
0.127
0.282
0.018
0.683
0.497
0.749
0.756
-0.034
-0.158
0.975
0.272
0.177
-0.440
0.288
-1.064
0.572
0.217
-1.294
0.344
0.499
-1.115
0.531
-0.200
-0.335
-0.283
-0.173
-0.416
-0.519
-0.426
0.258
-0.285
-1.542
-0.124
-2.146
-0.709
-0.392
-0.381
-0.651
-1.833
0.008
0.047
-0.248
0.206
-0.336
-0.847
-0.241
-1.223
-0.431
-2.191
-0.829
-0.249
-0.325
-0.133
-0.993
-0.217
-0.191
-0.660
-1.022
-0.862
-1.167
0.071
0.092
0.082
-0.352
-0.127
0.078
0.599
-0.116
-0.257
-0.171
-0.157
-0.149
-0.023
-0.162
-0.219
-0.153
-0.279
-0.354
-1.583
-1.465
-0.376
0.003
0.349
0.502
-0.520
-1.147
-0.243
-0.328
-0.196
0.053
0.163
-0.239
-0.750
-0.216
-0.760
-0.406
-0.561
-0.908
-2.612
-0.776
-0.906
0.601
-0.348
-0.153
-0.431
-0.514
-0.156
0.063
-0.040
-0.884
-0.551
-0.397
-0.140
-0.063
0.336
-0.066
0.155
0.201
-0.446
0.120
-0.123
-0.449
-0.344
0.227
0.315
-0.701
0.526
-2.619
-0.506
-0.134
0.074
0.046
-0.553
0.011
-0.247
0.197
-0.172
0.289
-0.067
0.439
0.405
-0.190
0.224
0.200
0.218
-0.096
-1.206
-0.782
0.331
0.059
-0.559
0.088
-0.234
-0.229
-0.342
-0.112
-0.258
0.031
-0.973
-0.431
-0.112
-1.549
-0.459
-0.093
-0.817
-0.186
-0.035
-0.973
-0.360
-0.845
-0.721
-0.874
-2.991
-0.785
0.132
0.839
-0.494
0.280
-0.052
-0.245
0.801
0.473
-0.371
-0.526
-0.904
0.759
-0.334
-1.056
-0.532
0.660
-0.565
0.323
0.733
-0.081
-0.133
0.056
-1.038
0.221
0.586
-0.699
-0.498
0.179
0.202
0.183
1.210
-0.655
-0.114
-0.467
-0.750
-0.158
0.083
-0.141
0.071
1.056
-1.407
0.241
-0.056
0.323
