0.195
0.298
-0.074
0.034
-0.114
-0.044
0.063
-0.054
0.510
0.357
0.200
0.439
0.348
0.292
0.085
-0.140
-0.394
-0.288
0.329
0.273
0.379
-3.031
-0.360
-0.119
-0.023
-1.672
0.114
0.524
0.252
0.037
-0.034
-0.096
-0.553
-0.314
-0.195
2.026
1.651
2.261
0.404
2.053
1.781
2.498
0.137
-0.182
0.092
0.519
-0.082
-0.552
2.190
1.629
2.300
2.310
2.440
2.345
2.594
1.950
0.824
0.109
0.568
2.453
0.655
0.714
1.583
1.633
1.635
1.847
1.610
0.566
0.107
0.014
1.394
-0.384
0.109
0.201
1.406
0.924
0.350
-2.184
4.338
-0.024
-0.382
1.963
1.448
0.045
-0.032
-0.130
1.130
2.214
0.498
0.196
-0.650
0.139
-0.212
0.194
0.125
-0.291
-0.052
-0.044
2.072
1.009
0.661
0.412
0.250
0.204
0.153
-0.161
-0.056
-0.048
-0.090
-0.193
-0.153
-0.170
-0.253
-0.091
-0.231
-0.196
-0.013
-0.573
-0.077
-0.183
-0.068
-0.024
-0.176
-0.781
-0.345
1.019
-0.174
-0.154
-0.292
-0.236
-0.063
0.116
0.026
0.694
-0.274
0.843
-0.523
2.639
-0.427
0.398
0.980
-0.457
-0.216
-0.042
0.145
0.485
-0.124
0.969
0.510
3.507
1.248
0.268
0.664
1.612
2.246
3.542
2.989
1.539
2.713
0.439
1.822
2.043
1.686
0.440
-0.180
-0.037
1.068
0.639
0.143
0.445
0.512
-0.231
-0.004
-0.197
0.625
1.901
1.472
0.089
1.490
0.787
-0.377
2.306
-0.180
0.875
0.569
1.879
0.418
-0.459
-0.102
0.180
-0.135
0.918
0.148
1.805
1.571
-0.781
0.971
0.883
0.266
0.500
0.346
0.112
0.070
0.030
0.217
0.254
2.034
1.132
0.255
-0.147
0.403
0.459
-1.306
0.171
0.280
0.723
0.378
-0.435
2.108
2.190
1.247
2.793
0.164
1.673
0.899
0.872
1.425
0.900
0.882
1.472
1.188
1.790
1.686
3.541
3.987
-0.222
-1.123
1.015
0.036
0.308
0.235
0.860
-0.396
-0.125
2.048
0.082
0.355
-0.747
0.992
0.775
-0.033
1.237
0.124
0.710
0.622
0.388
1.079
0.245
-0.110
1.130
0.975
0.068
1.164
-0.008
-0.753
0.311
-0.184
-0.168
-0.310
0.845
-0.180
0.246
-0.109
-0.227
1.775
-0.138
1.672
0.878
0.311
-0.128
-0.449
-0.016
1.176
0.252
0.277
-0.100
-0.372
0.161
-0.241
0.212
1.878
-0.015
-0.012
-0.150
-0.103
-0.323
0.228
0.084
0.415
-0.714
-0.256
0.715
0.171
2.670
-0.599
-0.295
-1.589
-3.431
-2.028
-0.031
0.363
-0.697
-0.382
-0.241
-0.087
1.139
1.021
0.139
-0.074
-0.039
-0.008
-0.196
0.008
-0.004
0.726
0.106
0.365
-0.200
-0.132
1.466
0.669
-0.227
-0.210
0.464
0.047
1.211
0.172
0.422
-0.136
0.046
0.545
0.879
-0.648
1.191
1.038
0.010
1.369
-0.100
0.080
2.408
2.049
2.025
1.644
2.362
0.393
0.294
1.883
2.235
0.608
1.208
1.129
-0.161
-0.002
0.267
0.299
0.691
1.150
0.021
1.207
-0.393
1.295
1.082
1.806
0.232
1.197
-0.355
-0.149
-0.212
0.311
0.707
0.637
0.129
-1.241
-0.085
-0.054
0.435
0.465
0.928
1.529
0.855
-0.351
0.415
-0.739
0.278
-0.242
0.877
0.099
0.670
0.081
1.933
0.677
0.122
0.400
0.151
0.064
0.243
-0.178
1.442
2.567
0.478
1.590
0.033
0.006
0.453
0.149
0.058
-0.064
0.790
0.047
0.581
0.305
0.424
-0.178
0.081
0.866
0.657
-0.155
-0.144
0.384
-0.075
-0.075
0.351
-0.200
0.221
-0.518
2.065
0.852
0.322
-0.105
-1.288
-0.143
-0.075
-0.276
-0.741
-0.613
-0.974
-0.899
-0.991
-1.043
-0.622
0.509
-0.339
-0.342
-0.028
0.071
-0.287
1.168
-0.817
-0.514
1.578
-0.352
0.383
-0.037
-0.900
0.765
0.019
-0.072
-0.091
-0.135
-0.036
0.705
-0.400
-0.096
1.218
-0.079
0.968
0.082
1.619
0.880
-0.776
0.473
0.227
-0.059
0.285
-0.783
-0.021
1.601
0.487
1.307
0.238
1.220
0.318
0.981
-0.099
0.199
0.499
-0.025
0.349
0.679
2.275
1.569
1.872
-0.067
-0.038
0.023
0.099
-0.087
-0.158
-0.480
-0.102
0.131
-0.073
0.051
0.366
-0.192
-0.161
0.127
-0.112
0.376
0.495
3.178
1.646
2.085
0.823
-0.228
-0.044
-0.021
0.336
-0.136
0.206
-0.185
-0.053
-0.134
0.093
0.854
-0.007
0.835
0.589
1.247
1.873
3.026
0.784
0.961
-0.429
0.054
-0.187
0.918
0.689
-0.015
-0.342
0.055
0.534
0.348
-0.145
-0.006
0.243
1.331
-0.011
-0.062
-0.168
0.584
0.065
0.165
0.566
1.106
-0.037
0.028
0.424
-0.163
2.049
0.990
0.649
-0.089
-0.432
-0.067
0.079
1.050
-0.023
0.236
0.008
0.236
0.193
-0.665
-0.173
-0.080
-0.070
-0.159
-0.083
1.490
-0.204
-0.226
-0.079
0.268
-0.118
-0.070
0.073
-0.488
-0.041
-0.237
-0.187
0.408
0.648
-0.106
1.279
0.405
0.227
1.166
1.749
0.061
0.742
0.089
0.602
0.669
0.477
2.107
0.807
-0.317
0.262
0.222
-0.656
-0.041
0.340
-0.468
0.030
0.551
0.117
2.188
-0.709
0.297
1.150
0.414
-0.883
0.031
0.093
-0.084
-0.895
1.678
0.209
0.881
-0.084
-0.738
0.307
3.121
-0.119
-0.245
-0.213
-0.332
0.766
0.295
1.109
0.988
0.577
-0.108
-0.054
-0.050
-0.214
1.945
0.099
0.750
-0.087
