0.189
0.189
0.182
0.667
0.067
0.181
0.184
0.322
0.375
0.189
0.369
1.055
0.309
0.315
-0.280
-0.040
-0.092
-0.263
0.039
0.046
0.322
-2.773
0.011
0.189
-0.017
0.139
0.507
0.358
0.755
0.112
0.040
0.016
0.034
1.390
0.189
2.956
1.469
2.487
1.027
2.115
2.099
3.500
0.154
0.189
0.189
-0.316
0.503
0.189
1.338
1.071
1.492
0.919
2.179
2.210
1.568
1.441
0.934
0.189
0.643
3.518
1.018
1.244
1.454
2.295
1.551
2.617
1.439
0.987
0.016
0.588
1.470
-0.037
0.022
0.515
-1.061
-0.125
-2.928
-0.077
3.076
-0.247
-0.450
0.848
0.228
0.732
-0.139
0.275
1.715
2.059
0.916
0.276
-0.011
0.482
0.267
0.741
0.189
-0.279
0.170
-0.153
0.884
1.072
0.189
0.106
0.611
0.754
0.908
-0.321
-0.080
-0.616
-0.040
-0.070
0.058
0.199
-0.073
-0.040
-0.188
-0.170
-0.068
-0.208
-0.043
-0.300
-0.035
-0.054
-0.058
-0.044
-0.099
0.192
-0.155
-0.348
-1.046
0.171
-0.158
-0.158
1.120
0.189
-0.481
1.061
0.111
0.189
0.189
0.298
1.441
0.189
-1.064
-0.097
0.360
0.004
0.464
1.030
1.019
2.510
1.984
0.253
0.944
1.750
1.541
2.642
1.341
2.783
2.123
0.694
0.898
1.788
1.478
0.189
-0.102
-0.258
0.866
0.554
0.242
0.598
1.310
-0.261
0.919
-0.124
1.653
2.228
1.671
0.495
1.470
0.393
0.001
2.381
-0.115
0.350
1.168
0.189
0.266
-0.866
0.150
0.066
-0.007
0.267
-0.668
-0.410
-0.589
-0.168
0.624
0.493
0.534
0.510
0.904
0.317
-0.137
0.154
0.122
0.216
2.833
1.944
0.559
-0.018
0.823
0.188
-0.056
0.249
0.248
-0.003
-2.240
-0.040
1.927
2.499
1.200
1.569
0.407
2.168
0.632
0.935
1.172
0.557
2.905
1.564
0.237
2.587
1.904
1.557
3.431
-0.005
-0.012
0.578
0.216
0.444
0.236
3.106
0.705
-0.211
2.457
-0.134
1.455
-0.169
0.792
1.190
0.256
0.952
0.370
0.283
1.109
0.958
2.298
0.189
1.100
1.166
0.182
0.290
0.549
1.077
-0.800
0.193
-0.252
-0.228
0.198
0.557
-0.059
0.872
-0.099
0.107
0.414
0.181
0.165
0.804
0.821
0.189
0.189
0.733
0.265
1.431
1.086
0.018
0.549
-0.030
-0.212
-0.041
2.121
-0.108
-0.257
-0.309
0.065
0.547
0.161
0.661
2.102
0.303
0.224
0.692
0.484
0.379
0.010
0.171
-0.492
-3.017
-1.131
0.838
-0.153
-0.376
0.291
-0.170
1.144
2.415
0.254
-0.063
-0.027
-0.041
0.270
-0.005
0.150
0.323
0.714
0.129
1.117
0.183
0.052
1.359
0.954
0.299
-0.094
0.512
0.200
0.900
0.319
0.189
-0.075
0.075
0.491
2.051
-0.220
0.765
0.275
0.104
0.189
-0.214
-0.109
2.736
1.551
0.547
0.921
0.866
0.855
0.240
1.075
3.115
0.797
0.764
0.344
-0.055
0.314
0.466
0.820
1.559
3.019
0.236
1.295
0.087
1.322
0.989
0.903
0.288
1.147
0.334
0.573
0.299
0.182
0.189
-0.113
-0.407
-0.479
0.128
0.152
0.292
-1.211
-0.262
1.576
0.540
-0.405
-0.311
0.417
0.700
0.258
1.108
0.355
1.408
-0.043
2.041
1.539
0.072
1.044
1.937
1.043
0.311
1.245
1.276
3.834
0.315
0.500
0.352
2.129
0.517
0.562
0.079
0.266
0.826
0.154
2.174
0.296
1.004
0.189
0.445
0.189
1.127
0.097
0.310
0.225
0.368
0.201
0.096
-0.792
0.497
0.189
1.477
1.006
-1.680
-0.162
-0.633
-0.382
-0.045
-0.167
-0.158
-0.155
-0.903
-0.837
-0.024
-0.830
-0.791
0.705
-0.017
-0.269
-0.246
0.142
0.029
1.380
-0.551
0.006
1.624
-0.586
0.058
2.567
-0.288
2.206
-0.014
0.246
-0.635
0.277
0.019
0.764
0.106
0.166
2.010
-0.050
2.012
1.339
0.269
0.353
0.523
1.575
0.230
-0.059
0.088
0.029
0.601
1.775
0.860
1.365
0.824
2.507
1.448
0.362
0.209
0.328
1.181
0.209
0.374
0.481
2.225
0.550
1.267
0.142
-0.143
-0.702
-0.114
0.014
-0.005
-0.474
-0.163
0.410
0.295
0.315
0.212
0.509
-0.094
0.961
0.368
0.237
0.650
1.664
1.574
0.920
0.031
-0.218
-0.539
0.250
0.828
0.187
0.244
0.231
0.169
-0.016
0.590
0.913
0.586
0.715
0.434
0.426
1.293
3.053
0.633
0.872
-0.146
0.411
0.374
2.003
0.203
1.547
2.301
0.201
0.920
0.882
0.822
0.299
0.324
-0.061
0.148
-0.015
0.188
0.225
0.432
0.189
0.602
1.009
0.340
-0.113
1.367
-0.176
2.927
1.388
0.112
0.105
1.261
1.423
-0.020
1.734
-0.075
0.162
-0.243
0.256
-0.521
-0.453
0.016
-0.039
-0.189
-0.150
-0.463
1.214
1.852
0.071
0.145
-0.169
0.250
0.234
0.406
0.140
0.337
0.120
-0.083
0.309
0.568
0.271
1.558
1.012
0.788
1.008
0.303
0.283
1.265
0.958
1.054
0.486
1.586
3.189
1.390
0.392
1.520
0.824
-0.203
-0.040
0.579
-0.852
0.230
0.175
0.384
1.145
0.196
-0.260
0.404
0.238
0.189
0.627
-0.638
-0.333
0.073
0.203
0.545
0.474
-0.209
-0.336
0.730
0.424
-0.056
0.128
-0.104
-0.548
0.393
0.146
0.689
0.542
1.084
0.150
0.188
2.388
-0.384
1.980
-0.193
-0.695
-0.557
