-0.333
-0.141
0.095
0.002
0.246
0.144
-0.356
-0.159
-0.072
-0.267
-0.398
-0.788
-0.131
-0.467
-0.276
-0.006
0.286
0.030
-0.030
-0.097
-2.301
1.164
0.966
-0.321
-0.009
-0.221
-0.038
0.014
-0.016
-0.019
0.128
-0.119
0.339
-0.132
0.096
-2.576
-1.965
-2.327
-0.874
-1.722
-1.326
-3.362
-0.002
-0.016
0.025
0.009
-0.039
-0.016
-2.736
-1.249
-2.448
-1.870
-2.400
-2.973
-1.694
-1.670
-0.864
-0.095
-0.919
-3.551
-0.316
-0.336
-2.067
-1.558
-1.803
-2.667
-2.293
-0.806
0.040
-0.708
-1.542
0.087
0.139
-0.337
-0.016
-0.303
0.330
2.231
-2.645
0.001
0.111
-0.944
-0.611
-0.674
0.313
-0.850
-1.572
-2.238
-0.765
0.039
0.246
-0.329
-0.056
-0.308
-0.228
0.232
-0.022
0.200
-0.191
-0.016
0.031
-0.016
0.075
-0.016
-0.167
0.132
-0.016
2.015
0.128
0.097
0.031
-0.016
0.197
0.035
0.056
0.290
0.017
0.032
0.084
0.192
-0.040
0.032
0.065
0.009
-0.008
-2.233
0.139
1.087
0.493
-0.058
0.042
0.148
-0.771
-0.016
0.434
-1.113
-0.100
-0.016
0.508
-0.953
-0.026
0.217
0.102
-0.097
-0.311
0.451
-0.016
-1.026
-0.683
-1.211
-0.627
-0.277
-1.260
-1.453
-2.372
-2.788
-2.024
-1.081
-1.667
0.346
-0.261
-1.211
-1.652
0.052
-0.073
-0.025
-0.787
-0.400
-0.113
-0.918
-1.055
0.197
0.448
0.168
-1.175
-1.941
-1.343
-0.178
-0.244
-1.035
0.536
-2.615
0.084
-0.794
-0.417
-0.687
-0.215
0.628
-0.005
-0.054
-0.225
-0.016
0.756
-0.016
-0.016
0.397
-0.053
-0.315
-0.416
-0.332
-0.087
-0.033
0.637
-0.271
-0.081
-0.036
-3.070
-1.696
-1.211
-0.295
-1.622
0.080
0.682
-0.595
-0.211
0.540
0.464
0.127
-2.237
-2.693
-1.844
-2.930
-0.209
-1.706
-1.155
-0.485
-1.266
-1.203
-1.670
-1.473
-0.684
-2.196
-1.600
-1.542
-4.463
-0.045
1.099
-0.527
-0.055
-0.447
-0.964
-0.779
-0.037
-0.385
-3.541
0.051
-0.060
-0.017
-0.757
-1.007
-0.158
-0.660
-0.640
-0.353
-0.657
-0.739
-2.302
-0.070
1.416
-0.701
-0.742
0.312
-1.159
-0.502
0.787
-0.768
0.438
-0.726
0.293
-0.856
0.105
-0.551
-0.028
0.002
-2.114
0.033
-0.016
-0.115
0.013
-1.510
-0.016
-0.396
-0.071
-1.406
-0.524
-0.358
-0.077
0.102
0.143
-0.367
-2.367
0.651
-0.316
0.067
0.124
0.291
-0.446
0.620
-2.389
0.521
-0.250
-1.711
-0.386
-1.160
0.157
-0.309
0.209
1.152
0.708
-0.062
-0.291
1.367
-0.284
-0.171
-1.190
-1.945
-0.043
0.577
-0.167
-0.235
-0.028
-0.007
-0.622
-0.179
-0.001
-0.034
-0.572
-0.028
-0.046
-1.544
-3.002
-0.178
-1.118
-0.181
-0.097
-1.213
-0.599
-0.208
0.012
0.032
-0.923
-1.215
0.261
-0.721
-0.171
-0.555
0.003
-0.012
0.196
-2.750
-1.489
-0.557
-1.504
-0.815
-0.430
-0.200
-1.373
-2.440
-1.673
-0.439
-0.393
0.006
-1.154
-0.060
-0.105
-0.422
-2.115
0.200
-2.113
-0.052
-1.890
-2.011
-1.171
-0.418
-1.068
-0.429
0.052
0.010
-0.158
-0.265
-0.179
0.239
0.517
-0.071
-1.137
-0.038
0.419
0.032
-1.758
-2.155
0.500
0.316
0.168
-0.016
-0.477
-0.092
-0.214
-1.051
-0.065
-1.739
-1.099
0.384
-0.982
-0.664
-0.047
-1.109
0.053
-1.060
-1.533
-0.016
-1.571
-0.237
-0.208
-0.184
-0.027
-0.016
-0.310
-0.255
-0.038
-1.990
-0.104
-0.751
0.011
-0.060
0.600
-1.340
0.177
-0.026
0.087
1.005
0.107
0.003
-0.010
-0.183
-0.016
-2.308
-1.129
0.723
-0.008
1.295
0.481
0.076
0.215
0.031
0.191
0.355
0.103
0.914
0.430
-0.165
-0.071
1.085
0.491
-0.010
-0.187
0.481
-0.952
0.349
0.381
-0.958
0.654
-0.089
0.352
-0.024
-2.065
-0.096
-0.054
-0.447
-0.026
-0.405
-0.029
0.076
0.173
-2.023
0.173
-2.759
-1.242
-0.016
-0.125
-2.273
-3.525
-0.120
0.451
-0.004
0.003
-0.622
-2.421
-0.692
-1.447
-0.411
-1.949
-1.112
-0.563
-0.117
-0.117
-0.850
-0.077
-0.808
-0.575
-1.560
-1.049
-1.474
-0.083
-0.056
0.060
0.040
-0.076
-0.096
-0.094
-0.272
-0.215
-0.047
-0.061
-0.213
-0.467
-0.257
-0.206
-1.110
-0.795
-0.336
-1.782
-0.884
-0.341
-0.105
0.455
-0.007
-1.187
-0.633
-0.016
-0.509
-0.209
-0.088
-0.020
-0.083
-1.390
-0.581
-0.964
-0.725
-0.498
-1.731
-3.244
-0.583
-1.396
-0.002
-0.151
-0.562
-1.049
-0.779
-0.154
-0.848
-0.139
-0.758
-1.052
-0.351
0.062
-0.175
0.182
-0.028
-0.048
0.034
-0.297
-0.465
-0.055
-0.249
-0.550
-0.120
0.590
-0.983
0.279
-4.704
-0.675
-0.189
-0.328
-0.522
-1.113
1.180
-0.798
0.055
-0.618
-0.101
0.045
-0.048
0.841
-0.085
0.344
0.212
-0.041
0.243
-0.604
-1.063
-0.111
0.063
-0.183
-0.077
-0.196
0.593
0.587
-0.244
-0.031
-0.016
0.013
-0.746
-0.036
-1.503
-0.653
-1.165
-1.178
-1.824
-0.175
-0.814
-0.102
-1.515
-0.588
-0.868
-2.808
-1.529
0.052
-0.782
-0.986
0.244
-0.106
-0.316
0.544
-0.016
-0.641
-1.182
-1.215
0.044
0.718
-0.794
-0.126
0.377
-0.259
0.391
0.545
0.543
-0.523
-0.261
-1.410
0.025
0.151
-0.699
-0.707
0.213
0.006
0.252
0.854
-1.074
0.016
-0.519
-1.039
-0.491
-0.506
0.503
0.207
0.286
-2.111
0.148
0.525
-0.038
