0.268
0.030
-0.119
0.256
0.087
0.179
0.616
0.250
0.576
0.273
0.566
0.558
0.203
0.158
-0.097
-0.223
-0.281
-0.260
-0.357
-0.692
0.872
-0.995
-0.322
0.178
0.022
-0.111
0.214
0.010
0.323
0.086
-0.006
-0.099
-0.194
-0.102
-0.264
2.662
2.331
3.061
0.790
2.231
2.532
3.244
-0.162
-0.480
-0.165
-0.273
0.069
-0.160
2.915
1.623
2.820
2.131
3.250
3.322
2.113
1.259
1.425
-0.158
1.042
3.891
1.155
0.995
1.771
1.936
1.770
2.553
2.669
0.634
0.020
-0.163
0.971
-0.779
-0.780
0.464
0.868
0.982
0.630
-0.719
4.324
0.024
-0.212
1.291
0.421
0.634
-0.845
0.019
1.024
2.485
0.460
0.080
-0.471
0.877
0.313
0.874
-0.113
-0.296
-0.083
-0.085
1.136
0.653
-0.144
-0.234
0.814
0.552
-0.259
-0.169
0.026
-1.934
-0.232
-0.215
-0.026
-0.016
-0.296
-0.246
-0.297
-0.279
-0.114
-0.244
-0.228
-0.203
-0.055
-0.193
-0.259
-0.239
-0.231
2.474
0.033
-0.667
-0.269
0.670
0.053
-0.351
1.270
0.622
-1.273
1.059
-0.118
1.655
-0.190
1.194
0.890
-1.424
-1.905
0.354
0.170
0.292
0.510
0.951
0.416
1.914
0.619
-0.144
0.754
1.724
2.046
3.223
2.582
2.928
2.823
0.767
1.292
2.286
2.654
-0.179
-0.331
0.024
1.538
1.259
0.363
0.612
1.640
-0.043
0.042
-0.345
1.291
2.057
1.524
0.973
1.058
0.700
-0.209
2.503
-0.495
0.744
0.674
1.300
0.339
-0.251
-0.069
-0.035
0.220
0.828
-0.213
2.100
0.994
-0.739
0.613
0.344
0.247
0.097
0.145
0.224
-1.736
0.346
0.323
0.284
3.031
2.008
0.135
-0.403
0.250
-0.173
-1.415
0.307
0.501
-0.146
-0.353
-0.198
3.813
2.339
1.162
2.449
0.844
1.949
1.479
1.085
1.609
0.998
1.505
0.864
1.586
2.289
1.322
1.282
4.105
-1.011
-1.187
0.660
0.307
1.309
0.504
1.469
0.869
-0.194
3.537
0.212
0.499
-0.076
1.569
1.406
-0.164
0.932
0.548
-0.078
0.437
0.232
2.135
0.259
-0.551
1.039
0.940
-0.195
0.763
0.401
-1.666
0.290
-0.532
-0.238
-0.159
0.421
-0.205
0.282
-0.048
-0.339
0.618
-0.128
0.641
0.088
0.361
-0.675
-0.459
0.505
1.161
1.110
0.974
-0.024
1.554
0.254
-0.124
0.898
1.411
-0.222
0.021
-0.246
-0.194
-0.375
-0.397
-0.569
1.557
-0.159
0.069
0.608
-0.171
2.200
0.312
0.161
-1.004
-1.926
-1.348
0.183
-0.271
-1.270
0.266
-0.158
0.671
1.874
0.877
-0.187
-0.270
0.034
0.186
0.120
0.124
0.023
0.889
-0.089
0.407
-0.057
0.244
1.789
1.086
0.458
0.628
1.067
0.311
1.247
0.606
0.351
0.058
-0.201
0.451
1.956
-0.510
0.396
0.215
-0.251
0.197
-0.222
-0.174
3.259
1.320
0.751
1.876
1.509
0.683
0.111
2.072
2.589
1.442
0.543
0.605
0.083
0.514
0.793
0.530
0.837
2.565
-0.071
2.489
-0.203
0.472
0.266
1.552
0.345
1.601
-0.086
-0.171
-0.220
-0.059
-0.054
0.099
-0.360
-1.495
0.120
0.140
0.982
-0.158
0.471
0.552
0.317
-0.222
-0.375
-0.099
-0.031
0.400
1.279
0.394
0.681
0.247
1.393
1.737
-0.147
0.424
0.873
0.809
-0.015
-0.132
2.185
2.683
-0.011
0.943
-0.203
0.053
0.297
0.258
0.149
-0.146
0.503
0.257
1.146
0.701
0.589
-0.141
0.268
-0.085
1.403
-0.077
-0.165
-0.286
-0.598
0.518
-0.264
-0.371
0.642
-0.181
2.249
0.761
-0.030
-0.283
-1.988
-0.691
-0.255
-0.351
-0.367
0.454
-0.516
-0.556
-0.747
-0.801
-0.208
0.539
-0.593
-0.275
-0.119
0.210
-0.377
1.567
-0.701
-0.445
1.223
-0.203
0.298
1.182
-0.598
-0.728
0.326
0.216
-0.637
0.248
0.565
0.240
-0.258
0.149
1.622
-0.248
3.143
0.802
-0.150
0.158
-0.014
1.612
0.222
-0.202
0.913
-0.304
0.153
1.862
0.985
1.884
0.722
2.626
0.828
0.511
0.193
0.044
0.976
0.328
0.401
0.813
1.783
1.261
1.419
0.042
0.070
0.631
0.176
0.056
0.173
0.044
-0.052
0.412
0.242
0.141
0.618
0.359
0.362
0.702
0.403
0.278
0.221
1.817
1.719
0.512
0.096
-0.521
-0.206
0.318
1.596
0.207
0.037
0.257
0.004
-0.120
1.101
0.522
-0.112
0.931
0.687
0.760
1.594
3.095
1.488
1.383
-0.173
0.222
0.420
0.877
0.459
0.720
0.457
0.094
0.827
0.762
0.449
0.112
0.425
-0.634
0.143
-0.133
-0.208
0.241
0.099
0.061
0.473
0.503
0.001
-0.474
0.746
-0.410
3.335
1.275
0.477
0.500
0.231
0.832
-0.256
2.183
-0.252
-0.158
-0.363
0.143
-0.221
-0.398
0.102
-0.564
-0.279
0.003
-0.189
2.446
1.539
-0.194
-0.109
0.219
-0.245
0.134
0.222
0.279
0.132
0.197
-0.220
0.990
0.795
0.372
2.074
0.559
0.009
1.398
1.147
0.156
0.982
-0.136
1.233
0.352
0.938
3.513
0.819
-0.011
-0.923
0.766
-0.232
-0.301
0.176
-1.041
-0.543
0.446
0.823
0.726
-0.223
0.153
1.368
0.833
-0.233
0.621
-0.285
-0.280
-0.235
0.779
-0.075
0.965
-0.159
-0.736
0.254
0.572
-0.213
-0.166
-0.240
-0.448
0.714
0.230
0.439
1.127
0.166
0.570
-0.151
-0.925
-1.125
1.892
-0.303
0.195
-0.133
