0.026
0.008
0.028
0.008
0.029
0.279
0.188
0.256
0.799
0.214
0.098
0.117
0.137
0.047
-0.273
0.105
0.004
-0.002
0.514
0.595
1.748
-0.155
1.328
0.008
0.099
-0.091
-0.103
0.078
0.050
-0.017
0.424
-0.293
0.367
-0.121
-0.001
2.599
2.346
3.022
0.732
1.969
1.925
4.362
0.006
-0.915
0.096
-0.245
0.079
0.334
2.791
1.439
1.503
1.794
2.750
2.077
2.197
1.492
1.932
0.111
0.591
2.645
3.067
1.796
1.923
1.353
1.835
2.326
1.624
0.918
0.016
0.687
0.685
-0.227
0.035
0.054
1.240
0.874
0.406
-0.159
2.420
-0.221
-0.238
1.567
0.073
0.084
0.328
0.005
1.401
2.205
0.025
0.278
-0.053
-0.392
0.130
0.100
0.351
-0.896
-0.055
0.020
2.998
1.402
0.254
0.258
0.366
0.411
0.024
-0.302
0.035
0.074
0.031
0.001
-0.057
0.007
0.061
0.022
-0.004
0.000
0.019
-0.432
0.039
-0.074
0.085
0.044
0.050
-0.008
0.007
1.040
-0.214
-0.696
-0.274
0.683
0.238
-0.336
-0.230
-0.936
-1.217
1.867
-1.150
-0.013
-0.548
-0.051
0.048
-1.038
-0.800
0.021
0.712
0.008
0.226
0.091
0.451
2.071
0.773
0.271
1.010
1.283
1.350
4.049
2.487
2.444
2.694
0.100
0.242
1.962
2.557
0.476
-0.030
0.047
0.378
1.338
0.045
0.229
0.877
-0.409
-0.334
-0.687
0.667
1.446
3.210
0.344
0.840
0.669
-0.149
2.938
-0.094
0.391
0.377
0.110
0.350
-0.329
0.627
0.239
-0.072
0.692
0.035
2.998
2.478
-0.107
0.226
0.437
-0.036
0.356
0.537
0.819
-0.001
0.133
0.120
0.102
3.050
2.014
2.268
-0.876
0.069
-0.059
-1.292
-0.238
0.008
-0.063
1.068
-0.147
2.133
2.646
1.735
1.929
0.658
0.910
1.125
0.410
0.936
1.546
1.604
1.069
0.434
1.902
1.332
2.232
3.508
0.052
-0.150
0.103
0.190
0.134
0.005
0.676
-0.083
0.045
0.802
0.009
0.050
0.008
1.246
1.763
0.004
0.276
0.516
-0.100
0.956
0.112
1.338
-0.005
0.513
1.125
0.179
1.471
1.025
0.078
-1.016
0.008
-1.610
0.575
-0.714
0.926
-0.022
0.622
0.012
0.008
1.022
0.463
1.310
0.060
0.370
0.666
-0.227
0.689
1.049
0.431
0.459
-0.027
0.143
-0.293
-0.096
-2.492
2.276
0.008
-0.011
0.086
0.142
0.350
-0.035
0.095
3.281
-0.325
0.063
1.222
1.023
1.701
-0.033
0.452
-0.254
-1.423
-0.552
0.159
0.649
-0.876
0.117
-1.317
0.167
0.885
1.342
-0.409
0.530
-1.178
0.057
-0.012
0.000
0.128
0.300
0.019
0.930
0.011
-0.022
0.842
1.075
0.039
0.091
1.508
0.105
1.124
0.492
0.160
0.203
0.267
0.258
1.239
-0.025
0.307
0.706
0.008
0.028
-0.004
-0.020
3.195
1.711
1.649
1.856
2.420
0.570
0.214
1.374
2.021
1.134
0.120
0.310
-0.034
0.424
0.045
0.286
0.804
0.274
0.024
2.114
-0.143
0.724
0.307
1.187
0.015
2.057
0.333
0.525
0.330
0.313
0.449
0.746
0.312
-0.428
0.197
0.015
0.138
0.214
0.434
0.486
0.008
-0.238
-0.253
0.008
0.098
0.086
1.674
0.830
1.126
0.116
1.957
1.363
0.871
0.455
0.582
2.178
1.100
0.363
0.945
3.103
0.277
1.020
0.189
0.436
0.193
0.131
0.008
0.420
0.246
0.037
1.142
0.578
0.989
-0.014
0.269
0.460
0.730
0.070
0.128
-0.250
-1.001
0.082
-0.016
-0.017
0.159
0.085
1.405
0.652
0.090
-0.080
-0.716
-0.614
-0.040
-0.038
-0.110
0.070
-0.170
-0.195
-0.938
-1.913
-0.269
-0.471
0.075
-0.215
-0.005
0.267
-0.299
1.173
-0.397
-0.138
0.685
-0.163
0.689
1.168
0.061
0.917
-0.236
0.016
-0.182
-0.971
0.229
0.211
-0.239
0.058
0.622
0.008
3.069
1.204
1.149
0.008
1.007
2.286
0.008
0.004
-0.019
-0.122
0.930
1.629
0.693
0.866
0.352
1.657
0.616
0.656
0.092
0.071
0.260
0.216
0.349
0.663
2.013
0.571
3.100
-0.080
0.719
-0.002
0.026
0.003
0.062
-0.828
-0.012
0.066
0.061
0.034
0.089
0.572
0.650
0.008
0.315
0.225
0.135
1.247
1.301
1.122
0.314
-0.091
-0.039
0.008
1.010
-0.006
0.558
0.019
-0.157
0.008
0.008
1.037
0.461
0.903
0.465
0.692
0.785
3.790
1.240
0.690
-0.156
1.314
0.235
0.958
-0.275
0.008
-1.308
0.012
0.222
0.401
0.148
0.111
0.153
0.065
0.087
-0.269
0.210
0.434
0.503
0.008
0.399
1.193
0.008
-0.038
0.354
-0.151
3.091
1.519
0.230
-0.349
0.190
-0.122
-0.037
0.248
0.205
0.032
-0.101
0.008
0.200
-0.106
0.004
-0.121
-0.060
0.002
-0.038
1.406
1.225
-0.433
-0.186
0.037
0.082
-0.055
-0.046
-0.075
-0.196
0.383
0.007
0.105
0.532
0.008
1.590
0.742
0.857
0.863
1.768
0.141
2.151
1.120
1.426
0.502
1.336
1.545
0.652
-0.489
0.853
0.035
0.005
0.002
0.183
-0.476
0.104
0.229
-0.159
2.159
-0.278
1.001
1.960
0.751
-0.833
0.008
-0.202
-0.574
-0.180
0.083
-0.761
1.483
0.008
-0.461
1.547
0.291
-0.070
-0.245
-0.124
-0.795
-0.077
0.008
0.450
0.478
0.363
-0.147
0.095
-0.023
-1.468
1.301
-0.627
0.411
0.292
