-0.026
0.158
0.182
0.168
0.168
-0.084
0.074
0.059
-0.071
0.084
-0.030
-0.332
0.077
0.038
0.787
0.177
0.103
0.161
0.179
0.277
-0.494
1.830
0.235
0.096
0.064
0.151
-0.031
0.027
-0.183
0.280
0.094
0.146
0.348
-0.753
0.102
-2.144
-1.196
-2.355
-0.599
-1.896
-1.850
-3.093
0.243
0.253
0.141
0.026
-0.229
0.111
-1.780
-1.737
-2.341
-1.102
-2.033
-2.374
-2.107
-1.119
-0.743
0.076
-0.699
-2.406
-0.831
-0.891
-1.389
-1.893
-0.937
-2.088
-0.984
-0.281
0.173
0.054
-1.284
0.615
-0.074
-0.153
-0.699
-1.679
-1.266
1.092
-2.030
0.135
0.441
-0.414
-0.225
0.026
0.534
-0.251
-0.881
-1.723
-0.355
0.022
0.189
-0.164
0.045
-0.752
-0.092
0.154
0.005
0.158
-0.733
-0.440
0.094
0.000
-0.151
-0.430
0.057
0.177
0.030
0.116
0.101
0.213
-0.001
0.107
0.096
0.163
0.229
0.198
0.063
0.096
0.126
0.096
0.116
0.089
0.096
0.196
0.210
-0.410
0.648
1.256
0.514
-0.068
0.038
0.130
0.028
0.425
1.339
-0.379
0.080
-0.360
1.542
-0.416
-0.025
2.203
2.597
0.188
0.114
0.071
0.076
-0.238
-0.656
-1.518
-0.473
-0.022
-0.376
-2.248
-1.913
-2.871
-2.400
-0.973
-1.379
0.030
-0.576
-1.775
-1.245
-0.268
0.440
0.028
-0.744
-0.245
0.030
-0.398
-0.737
0.192
0.264
0.281
-0.504
-1.207
-1.620
-0.578
-0.593
-0.635
0.326
-1.259
0.098
-0.274
-0.240
-0.319
0.127
0.216
0.332
0.324
0.139
-0.757
0.149
-0.786
-1.477
0.237
-0.513
-0.516
-0.800
-0.156
-0.129
-0.296
0.112
-0.078
-0.083
0.026
-2.187
-1.042
-1.264
0.094
0.094
0.507
1.274
0.149
-0.557
0.056
1.489
0.310
-2.336
-1.974
-1.287
-2.536
-0.365
-1.715
-1.430
-1.287
-0.938
-1.091
-1.152
-1.070
-0.898
-2.042
-1.030
-1.429
-2.793
0.461
0.568
-0.341
0.146
-0.597
-0.092
-0.776
0.380
-0.187
-1.889
0.044
-0.220
0.594
-0.533
-1.180
0.083
-0.417
-0.192
-0.141
-1.190
-0.147
-1.074
0.309
0.137
-1.009
-0.647
-0.078
-0.813
-0.586
1.431
0.542
0.208
0.020
0.070
-0.314
0.112
0.047
0.089
0.498
-0.677
0.088
-0.296
-0.067
-0.118
0.191
0.264
-0.109
-0.590
-0.791
-0.773
0.098
-0.200
0.094
0.096
0.007
-1.185
0.133
0.063
0.224
0.258
0.690
0.014
0.885
-1.849
0.456
-0.048
-2.862
-0.114
-1.855
0.089
0.363
1.265
2.040
1.428
0.011
-0.111
0.935
-0.175
0.296
-0.324
-1.384
-0.539
-0.092
-0.055
-0.003
0.075
0.305
0.027
0.302
-0.188
0.481
-0.344
0.125
0.236
-1.058
-1.176
-0.046
-0.365
-0.268
0.030
-0.970
-0.120
-0.190
0.058
0.552
-0.363
-1.098
1.244
-0.260
-0.287
0.625
0.040
0.498
0.275
-2.960
-1.093
-1.163
-0.949
-0.784
-0.309
-0.151
-1.832
-1.869
-0.952
0.134
0.103
-0.018
-0.212
-0.780
-0.526
-0.022
-1.510
0.112
-1.752
0.186
-2.062
-0.528
-0.685
-0.141
-0.853
-0.113
-0.278
-0.186
-0.262
0.244
-0.161
0.244
0.754
0.007
-0.108
-0.080
0.042
-0.306
-0.721
-1.406
0.497
0.040
0.509
0.301
0.163
-0.450
-0.067
-0.470
0.136
-1.183
-1.051
-0.381
-0.625
-0.762
-0.447
-0.041
0.122
-0.584
-1.406
0.185
-0.486
-0.016
-0.337
0.589
-0.134
0.114
0.051
-0.965
-0.039
-1.210
-0.331
-0.390
0.464
-0.398
-0.791
-0.869
0.040
-0.071
0.068
0.641
0.051
0.260
0.308
-0.434
0.063
-1.321
-0.671
-0.131
0.071
1.876
0.879
0.675
0.205
1.041
0.081
1.164
0.974
1.358
1.331
0.734
0.581
0.149
0.491
0.131
-0.782
0.793
-0.695
0.663
0.345
-0.458
0.749
-0.323
-0.184
1.146
0.400
0.192
0.204
0.634
0.069
-0.094
0.039
0.436
-0.225
-1.236
0.138
-1.418
-0.361
-0.175
-0.021
-0.324
-1.180
0.039
0.114
-0.477
-0.028
-0.735
-1.250
-0.628
-0.636
-0.174
-1.661
-0.712
-0.248
-0.114
-0.064
-0.714
-0.085
-0.172
-0.495
-1.306
-0.366
-1.519
0.093
0.065
0.357
0.224
-0.017
-0.331
0.199
-0.037
0.024
0.062
0.001
-0.317
0.370
-0.068
0.096
-0.091
-0.081
-0.350
-1.058
-0.873
0.013
0.039
1.008
0.096
0.153
-0.204
-0.029
0.229
-0.070
0.023
0.146
-0.228
-0.323
-0.034
-1.040
-0.128
-0.522
-0.457
-2.875
-0.362
-0.404
0.404
-0.099
-0.076
-0.532
-0.649
0.021
1.061
0.093
-0.619
-0.167
-0.222
-0.148
-0.027
0.245
0.083
0.223
0.307
-0.056
-0.078
-0.020
-0.604
-0.396
0.436
0.515
-0.741
0.487
-2.095
-0.373
-1.123
0.059
-0.086
-0.900
-0.006
-0.464
-0.024
0.214
0.318
-0.338
0.270
0.524
0.041
0.377
0.126
0.258
0.133
-0.639
-0.909
0.370
-0.125
0.022
0.321
0.143
0.075
-0.041
0.072
-0.129
0.129
-0.135
-0.277
0.085
-1.004
-0.540
-0.310
-0.767
-0.670
0.170
-0.872
-0.123
-0.553
-1.425
-0.546
-1.571
-0.213
0.106
0.102
-0.477
0.203
0.132
-0.247
0.761
1.097
0.039
0.061
-0.243
0.003
0.122
-0.535
-0.145
0.850
-0.058
0.451
0.997
0.149
-0.031
0.729
-0.436
0.068
0.933
-0.808
-1.102
0.117
0.449
0.181
0.444
-0.110
-0.122
-0.482
-0.768
-0.386
0.077
0.120
0.662
2.635
-1.241
0.395
0.360
0.181
