-0.230
-0.259
-0.211
-0.044
-0.992
-0.264
-0.605
-0.183
-0.307
0.044
-0.399
-0.159
-0.793
-0.154
1.077
0.924
0.028
0.029
0.299
-0.159
0.045
0.391
0.472
-0.204
-0.256
0.176
-0.082
-0.114
-0.708
0.053
0.048
-0.005
-1.121
-0.311
-0.409
-3.123
-1.626
-2.355
-0.559
-2.013
-2.059
-3.353
0.171
0.174
-0.300
0.034
-0.134
-0.125
-2.282
-2.062
-2.007
-1.322
-2.390
-2.700
-2.115
-1.598
-1.140
-0.209
-0.546
-3.063
-1.099
-1.488
-2.035
-2.251
-1.176
-2.979
-1.610
-0.524
-0.091
-0.305
-0.702
-0.013
0.047
-0.539
-1.204
-1.898
-1.047
0.385
-2.523
-0.056
0.266
-1.155
-0.443
-0.344
-0.121
-0.070
-1.060
-2.318
-0.548
0.041
0.010
-0.202
-0.082
-0.637
-0.443
-0.337
-0.102
0.146
-0.941
-0.477
-0.353
-0.075
-0.081
-0.180
-0.500
0.532
0.036
0.033
0.036
0.283
0.164
-0.512
0.293
0.224
0.335
0.097
0.038
0.310
0.036
0.226
0.029
0.039
0.063
0.435
0.242
-1.597
-0.044
0.628
0.287
-0.475
0.014
0.242
-0.525
-0.622
0.288
-0.305
0.076
-1.029
0.602
-1.021
-1.220
-0.044
0.998
-0.073
-0.230
-0.741
-0.268
-0.388
-0.029
-3.469
-0.679
-0.268
-0.808
-1.969
-2.493
-3.215
-3.163
-3.659
-2.243
-0.364
-1.838
-2.206
-1.594
-1.931
-0.105
-0.213
-1.076
-1.109
-0.647
-0.552
-0.616
-0.035
-0.160
-0.192
-0.306
-1.674
-1.592
-0.243
-2.004
-0.805
0.028
-2.503
0.087
-0.202
-0.579
-0.428
-0.039
0.732
-0.344
-0.570
0.029
-0.524
-1.929
-2.307
-1.334
-0.132
-1.110
-0.460
-0.302
-0.121
-0.450
0.107
-0.020
-0.140
-0.281
-0.217
-2.857
-1.700
-0.473
0.213
-0.153
-0.015
0.775
-0.272
-0.330
1.316
2.144
0.036
-2.678
-2.360
-0.967
-2.923
-0.504
-1.778
-1.190
-0.390
-1.341
-0.502
-1.155
-0.903
-0.332
-1.858
-2.118
-0.945
-4.037
0.318
0.869
-0.603
-0.649
-0.727
0.071
-0.778
-0.524
0.302
-2.154
0.014
-0.521
-0.449
-1.360
-1.428
0.219
-1.895
-0.489
-0.228
-0.968
-0.565
-2.154
-0.066
-0.415
-1.230
-0.894
-0.636
-1.082
-0.699
1.012
0.253
0.061
0.102
-0.149
-0.733
0.232
-0.590
0.037
0.162
-1.216
-0.030
-1.333
-0.427
-0.751
-0.211
-0.580
-0.361
-1.340
-0.997
-0.847
-0.291
-1.187
-0.012
0.112
0.122
-1.560
0.299
0.027
0.348
0.014
-0.036
0.183
-0.033
-2.955
-0.753
-0.841
-2.450
-0.412
-1.888
-0.037
-0.126
0.236
1.332
0.132
-0.147
-0.767
1.235
-1.062
-0.272
-0.332
-1.882
-0.989
-0.062
-0.222
0.095
-0.372
0.026
-0.071
-0.072
-0.360
-0.096
-0.488
0.010
0.018
-1.785
-1.292
-0.465
0.069
-0.703
-0.421
-1.336
-0.446
0.007
-0.005
-0.123
-0.570
-0.738
0.918
-0.355
-1.867
-0.004
-0.276
0.293
0.208
-2.794
-1.411
-0.747
-1.014
-1.387
-0.609
0.042
-1.786
-1.597
-1.169
-0.821
-0.830
0.025
-0.175
-0.211
-0.430
-1.259
-3.031
0.020
-2.276
0.697
-0.324
-0.982
-1.506
-0.165
-1.098
-0.134
-0.416
-0.100
-0.151
0.599
-0.341
0.450
0.848
-0.314
-0.313
-0.728
-0.044
-1.403
-0.327
-0.620
-0.053
-0.279
-0.371
-0.888
-0.632
-0.537
-0.621
-1.360
-0.658
-2.555
-0.715
-0.474
-0.312
-0.421
-0.942
-0.793
-0.829
-3.164
-1.969
-0.607
-0.044
0.078
-0.373
-0.134
-0.359
0.072
-0.307
-1.133
-0.556
-1.290
-0.375
-0.654
0.151
-0.041
-0.107
-1.045
-0.496
-0.011
-0.018
0.394
-0.063
-0.044
0.092
-0.399
0.041
-1.586
-1.432
-0.417
-0.040
0.636
0.776
0.262
0.021
0.554
0.209
0.531
0.302
0.748
0.112
0.274
-0.769
0.526
0.554
-0.013
-0.911
0.583
-1.201
0.418
0.383
-1.501
0.661
-0.091
-1.034
0.234
0.141
-0.290
-0.018
-0.373
0.040
-0.466
-0.461
0.553
-0.044
-1.190
-0.248
-2.228
-0.734
-0.421
-0.546
-1.088
-2.214
-0.225
0.046
-0.162
0.535
-0.647
-1.345
-0.290
-1.820
-0.593
-2.708
-1.338
-0.508
-0.524
-0.192
-1.679
-0.382
-0.430
-1.004
-2.056
-0.995
-1.705
-0.107
0.082
-0.508
0.009
-0.065
-0.040
0.488
-0.419
-0.499
-0.252
-0.222
-0.265
-0.134
-0.227
-0.127
-0.696
-0.475
-0.381
-1.267
-0.728
-0.162
-0.013
0.412
0.191
-0.285
-0.731
0.176
0.671
0.051
0.093
0.076
-0.199
-1.213
-0.543
-0.940
-1.110
-0.838
-1.114
-3.294
-1.083
-1.213
0.354
-0.506
-0.423
-0.861
-0.189
-0.236
0.023
-0.160
-0.361
-1.032
-0.316
-0.294
0.035
0.526
0.175
-0.172
0.228
-0.478
-0.227
0.032
-0.619
-0.199
-0.013
-0.172
-0.785
0.111
-2.972
-0.549
-0.062
-0.171
-0.534
-0.415
0.010
-0.077
-0.018
0.085
0.104
-0.398
0.184
0.245
0.041
0.215
0.153
0.042
0.085
-2.355
-0.992
0.183
0.244
-0.129
0.021
-0.015
-0.187
0.359
-0.169
-0.256
0.202
-0.810
-0.339
-0.465
-1.407
-1.100
-0.383
-1.122
-1.300
0.010
-1.811
-0.933
-1.083
-1.043
-1.007
-3.722
-1.190
0.078
0.775
-0.739
0.194
-0.055
-0.370
0.528
0.601
-0.670
-0.180
-1.394
0.622
-0.699
-1.033
-1.161
0.792
-0.112
0.705
0.207
0.385
-0.744
-0.113
-0.089
0.228
0.052
-0.286
-0.531
0.007
0.160
0.099
1.058
-0.607
-0.414
-0.529
-0.434
-0.464
-0.364
0.053
0.382
0.686
-1.074
-0.107
-0.833
-0.160
