0.147
0.045
0.109
0.223
-0.059
0.210
0.217
-0.014
0.210
0.069
0.250
0.279
0.130
0.194
-0.290
-0.040
-0.179
-0.027
0.104
0.073
0.446
-0.901
-0.688
0.349
0.032
-0.040
0.146
0.306
0.265
-0.062
0.248
-0.057
-0.747
-0.308
-0.470
2.542
1.986
2.333
0.885
1.721
1.560
2.707
-0.012
0.037
0.255
-0.078
0.275
0.546
1.864
1.035
1.834
2.004
2.141
2.217
2.377
1.469
1.139
-0.020
0.275
2.910
0.635
0.787
1.608
2.090
1.273
1.437
1.659
0.743
0.222
0.597
1.052
-0.326
0.071
0.094
1.057
1.442
0.468
-1.240
2.906
-0.362
-0.643
1.225
0.828
0.219
-0.407
0.301
1.322
2.155
0.778
-0.039
-0.550
0.206
-0.014
0.691
0.547
0.095
-0.116
-0.007
1.095
0.682
0.222
0.125
0.121
0.220
0.194
-0.126
0.033
0.033
0.003
0.003
0.087
0.033
0.005
0.016
0.009
0.126
0.034
-0.008
0.019
-0.087
0.033
0.036
0.013
0.054
0.043
0.894
-0.545
-0.843
-0.147
-0.161
-0.052
-0.126
0.011
0.917
-1.335
0.322
-0.838
0.576
-2.246
0.410
1.784
-2.594
-1.563
0.195
0.333
0.222
0.244
0.826
0.359
2.127
0.781
0.329
0.744
1.968
1.514
2.722
1.709
2.277
2.131
0.583
1.321
1.873
1.032
0.464
-0.267
0.006
0.684
0.644
0.227
0.610
1.213
-0.284
0.205
0.357
0.874
1.583
1.672
0.241
1.015
0.794
-0.421
1.542
-0.142
0.432
0.370
0.714
0.084
-0.079
0.265
-0.029
-0.215
0.699
0.070
1.935
1.158
-0.220
0.308
0.491
0.203
0.072
0.166
0.087
0.018
0.261
0.197
0.098
1.754
1.728
0.593
-0.051
0.163
0.238
-1.272
0.070
0.334
-1.016
-1.783
-0.118
1.679
1.789
0.794
2.442
0.463
1.568
0.683
0.718
1.245
1.000
0.921
1.039
0.475
1.660
1.689
0.853
3.065
-0.096
-1.149
0.774
0.021
0.333
0.219
0.653
-0.075
0.058
2.137
-0.003
0.032
0.398
0.728
1.045
-0.689
0.896
0.045
0.021
1.019
0.213
1.343
-0.002
0.365
1.328
0.330
-0.545
0.220
0.418
-1.824
0.148
-0.314
0.200
-0.046
0.313
-0.077
-0.296
-0.050
-0.392
0.882
-0.020
-0.079
0.288
-0.661
-0.481
-0.484
0.304
1.204
0.706
0.524
0.045
0.515
-0.120
0.065
0.375
1.407
-0.198
0.005
-0.384
0.017
-0.493
0.561
-0.331
1.680
-0.901
-0.241
1.160
0.857
0.702
-0.214
0.440
-1.194
-2.254
-0.904
-0.115
-0.299
-0.521
0.473
0.125
0.344
2.111
1.680
-0.053
-0.083
-0.266
0.097
0.038
0.146
0.004
0.459
-0.410
0.848
-0.047
0.050
2.216
-0.179
-0.526
-0.134
0.278
0.083
1.187
0.302
0.522
0.053
-0.130
1.029
1.012
-0.833
0.331
0.408
-0.128
0.681
0.065
0.023
2.201
1.687
0.794
1.237
1.563
0.836
0.193
1.685
2.309
1.012
1.217
0.567
0.161
0.620
1.019
0.379
0.695
2.519
0.012
1.466
-0.462
0.904
0.555
0.912
0.293
1.386
0.422
0.179
-0.116
0.495
-0.442
0.436
-0.172
-0.889
0.261
0.030
0.234
0.160
0.979
0.632
0.329
-0.552
0.012
-0.015
0.076
0.015
0.664
0.762
0.426
-0.208
1.749
0.800
0.891
0.408
0.563
0.963
0.432
0.303
1.419
2.203
0.285
0.538
0.061
0.332
0.052
0.182
-0.407
0.263
0.802
-0.179
0.839
0.469
0.404
0.069
0.086
0.127
0.580
0.409
-0.029
-0.442
-1.506
0.448
-0.361
-0.198
0.299
-0.460
1.681
0.706
0.323
-0.081
-1.642
-1.020
-0.003
-0.074
-0.267
0.042
-0.137
-0.051
0.000
-0.241
-0.761
-0.174
-1.238
-0.310
-0.246
0.684
0.143
0.449
-0.779
0.021
1.196
-0.825
0.357
0.976
-0.688
0.439
0.087
-0.034
-0.212
0.182
0.719
0.997
-0.263
0.680
1.842
-0.143
2.244
0.806
0.552
0.287
-0.181
0.987
-0.137
-0.314
0.192
0.163
0.533
1.511
0.599
1.372
0.677
2.160
0.758
0.684
0.071
0.053
0.777
0.320
0.148
0.478
2.026
1.069
1.503
0.005
0.053
-0.120
-0.023
-0.045
0.035
-0.403
0.302
0.178
-0.008
0.172
0.454
0.305
0.056
0.047
0.523
0.484
0.291
1.571
1.938
0.833
-0.014
-0.500
0.156
0.199
0.854
0.039
-0.118
-0.010
-0.090
0.171
0.064
0.687
0.069
0.613
0.552
0.760
1.192
2.441
1.001
0.449
-0.457
-0.047
-0.023
0.489
0.492
0.008
-1.240
0.042
0.441
0.756
0.299
-0.147
0.338
-0.065
0.298
0.033
-0.009
0.386
0.306
-0.055
0.330
0.021
0.070
-0.182
0.626
-0.304
1.643
1.263
1.032
-0.045
-0.499
0.611
0.491
1.409
0.206
0.184
0.157
0.159
-0.007
-0.172
0.033
-0.059
-0.099
-0.003
0.023
1.355
0.937
-0.554
0.107
0.453
-0.002
-0.277
0.336
0.326
-0.468
0.091
-0.061
0.754
0.291
0.141
1.568
0.694
0.554
0.658
0.944
0.393
1.239
0.513
0.579
1.178
0.734
2.304
0.582
-0.258
-0.473
0.425
0.029
0.158
0.504
-0.419
-1.026
-0.018
0.075
0.677
0.006
0.559
0.727
0.312
-0.901
0.535
-0.075
-0.945
-0.268
0.878
0.214
0.778
-0.194
-0.763
0.196
0.769
0.015
-0.359
-0.239
-0.633
0.588
-0.014
0.641
0.647
0.259
0.040
-0.250
0.039
-0.502
0.860
-0.491
0.783
0.180
