-0.159
0.160
0.320
0.268
-0.334
-0.254
-0.329
-0.153
0.175
-0.133
-0.034
-0.196
-0.720
0.315
0.270
0.221
0.338
0.332
0.682
0.274
-0.884
1.084
1.231
0.103
0.270
-0.289
-0.202
-0.252
-0.698
-0.027
0.308
-0.014
0.842
0.323
0.432
-2.229
-1.557
-2.062
-0.284
-0.669
-1.199
-2.796
0.034
0.366
0.323
0.380
-0.273
0.302
-1.789
-1.402
-1.540
-1.490
-2.129
-3.712
-2.640
-1.883
-1.110
0.323
-0.662
-2.577
-0.984
-1.283
-0.922
-1.240
-1.046
-2.526
-1.302
-0.407
-0.005
0.143
-1.064
0.058
-0.076
-0.382
0.323
0.323
0.323
1.984
-3.405
0.160
0.518
-0.856
0.300
0.195
0.787
0.371
-0.781
-1.113
-0.427
-0.548
0.327
0.195
-0.130
-0.534
-0.718
0.323
0.347
0.174
-0.329
-0.519
0.241
0.230
-0.104
-0.174
0.165
0.388
-0.443
0.962
0.029
0.161
-0.564
-0.228
0.245
-0.083
0.323
0.166
-0.271
0.504
-0.089
-0.053
-0.212
-0.140
0.096
0.354
0.335
-1.270
0.195
0.323
1.061
-0.147
-0.081
0.502
0.151
0.272
0.486
0.401
0.419
-0.041
0.696
0.057
-0.353
2.314
1.749
-0.611
-0.269
0.323
-0.492
-0.858
0.132
-0.561
0.169
0.272
-1.241
-1.702
-0.997
-3.286
-3.023
-2.327
-2.386
0.409
-0.729
-1.627
-0.201
0.323
-0.133
-0.127
-0.618
0.182
-0.214
-0.339
-0.988
0.632
0.164
0.329
-0.700
-1.328
-0.211
-0.651
-0.266
0.205
0.308
-2.015
0.393
-0.525
-0.942
-0.242
-0.317
1.002
0.312
-0.272
0.249
-0.048
0.323
0.323
-0.156
0.495
-0.052
-0.323
-1.217
0.026
-0.411
-0.142
0.323
-0.195
-0.292
-0.199
-2.516
-1.810
-0.230
0.413
-0.817
0.323
1.642
-0.762
-0.581
1.887
1.291
0.239
-1.986
-1.624
-1.193
-1.748
0.126
-0.789
-1.441
-0.041
-0.102
-0.859
-1.165
-0.542
0.299
-1.778
-2.160
-2.028
-3.909
0.434
0.801
-1.536
-0.092
-1.387
0.202
-0.994
0.239
-0.493
-1.142
0.146
-1.562
0.001
-0.731
-1.097
0.296
-0.677
0.197
0.227
-1.108
0.323
-1.271
0.016
1.142
-0.851
-1.056
-0.634
-0.664
-0.598
1.988
-0.172
1.176
0.323
0.323
-0.172
0.367
-1.132
0.185
0.555
-1.082
0.323
-0.904
0.417
-1.411
0.576
0.472
-0.215
0.323
-0.554
-0.873
-0.153
0.309
0.353
0.323
-0.025
-1.611
0.647
0.266
0.384
0.189
0.088
0.323
1.197
-2.198
2.002
0.046
-0.729
0.228
-0.999
-0.262
0.131
1.181
1.672
1.585
0.296
0.507
1.010
-0.836
0.272
0.088
-1.930
-0.333
0.323
0.176
0.548
-0.171
0.085
-0.653
-0.152
-0.613
0.117
-0.379
0.157
0.010
-2.457
-1.808
0.684
-0.761
-0.348
-0.033
-1.024
-0.319
-0.321
-0.065
0.323
-0.544
0.157
1.305
-0.469
-0.384
-0.101
0.212
0.281
0.319
-2.450
-1.059
-0.665
-1.100
-0.928
-0.611
-0.419
-0.466
-1.975
-0.827
-0.457
-1.071
0.095
-1.221
0.323
-0.408
0.164
-0.177
0.323
-2.644
0.618
-1.209
-1.231
-0.835
0.218
-0.957
0.115
0.323
0.323
-0.514
-0.213
0.323
-0.193
1.577
-0.749
-1.568
-0.204
0.323
0.323
-1.389
-1.796
1.699
0.398
0.248
0.300
0.773
-0.350
0.152
0.062
0.523
-1.044
-1.050
0.323
0.168
-0.761
0.323
0.020
0.496
-1.298
-1.293
0.518
-0.128
0.255
0.044
-0.381
-0.569
-0.357
-0.566
-0.533
0.336
-1.577
-0.756
-0.829
-0.156
0.157
0.640
-0.293
-0.241
-0.166
0.298
0.290
-0.347
0.323
0.789
-0.252
0.392
-1.898
0.076
0.262
0.155
1.201
0.927
0.393
-0.092
0.682
-0.039
1.108
0.740
2.701
1.701
1.100
0.322
1.188
0.467
0.322
-0.561
0.065
-2.208
1.290
0.675
-1.362
0.419
-0.576
-2.388
0.628
0.736
-0.027
-0.156
0.104
-0.400
-0.100
-0.590
0.293
-0.344
-1.856
-0.065
-1.800
-1.111
-0.445
0.124
-1.252
-1.608
-0.145
0.031
0.251
0.323
-0.287
-1.184
0.290
-1.877
-0.385
-2.490
-1.196
-0.750
0.286
0.355
-1.397
0.171
-0.684
-0.838
-2.438
-0.385
-1.689
0.103
-0.113
0.046
0.407
0.188
0.067
0.146
-0.311
-0.439
-0.225
0.177
-0.956
0.067
0.079
-0.103
-0.460
0.279
-0.543
-1.770
-0.916
-1.136
-0.026
0.441
0.196
-0.328
-0.310
-0.258
-0.589
-0.522
0.023
0.107
-0.467
-1.251
-0.289
-0.226
0.155
-0.394
-1.236
-2.460
-1.019
-0.341
-0.017
-0.057
-0.346
-2.816
-0.032
0.175
0.565
-0.144
-0.885
0.173
-0.196
0.323
0.311
0.260
-0.598
-0.075
0.035
-0.622
-0.235
-0.245
-0.287
0.325
-0.001
0.214
-0.133
0.498
-3.469
-0.504
0.323
0.201
-0.805
-0.159
0.323
-0.411
0.323
-0.384
0.294
0.113
0.383
0.384
0.234
0.368
0.322
0.065
0.359
-0.211
-0.484
0.351
0.333
0.287
-0.162
0.318
0.007
-0.036
0.027
-0.193
0.134
-0.532
-0.476
-0.101
-1.890
-0.747
-0.276
-1.129
-0.628
0.051
-0.585
-0.054
-0.889
-0.415
-0.837
-2.901
-1.742
0.124
0.113
-0.520
0.241
0.345
-0.395
0.310
0.341
-0.574
-0.622
-1.189
0.184
1.961
-1.330
-0.425
0.323
0.308
0.703
0.551
0.337
0.015
0.080
0.309
0.323
0.323
-0.912
-0.633
-0.224
0.333
0.114
1.404
-0.442
0.174
-0.859
-0.772
-0.919
-0.151
0.477
0.625
0.365
-1.056
0.792
0.059
0.323
