-0.396
-0.031
0.254
-0.514
0.101
0.272
-0.493
0.001
0.427
-0.038
0.030
0.870
0.066
0.313
-0.335
-0.300
-0.356
-0.056
0.023
-0.025
0.707
-0.833
-0.087
0.015
-0.055
-0.677
0.011
0.046
0.185
-0.211
0.129
0.231
-0.037
-0.866
-0.184
1.968
1.807
2.589
0.640
1.432
1.773
1.911
0.011
-0.679
-0.027
-0.055
1.697
0.507
1.135
1.365
1.143
2.663
2.740
2.934
1.240
0.761
0.834
0.013
0.987
4.067
1.469
2.240
1.581
1.869
0.862
1.613
1.280
0.770
0.087
0.331
1.481
-0.670
0.970
0.351
2.009
1.256
0.886
-1.948
3.167
0.115
-0.333
0.389
0.885
1.450
-0.050
-0.299
0.045
0.964
0.011
0.012
-0.369
0.376
0.059
0.324
-0.054
-0.320
-0.148
0.025
1.293
0.805
-0.082
0.109
0.143
0.096
0.616
-0.159
0.035
0.004
-0.088
-1.116
-0.168
0.329
-1.477
-0.200
-0.290
-0.497
-0.122
-1.032
-0.054
-0.747
0.008
0.042
-0.696
-1.884
-0.677
2.032
0.857
-0.356
-0.579
0.725
0.113
-1.290
-0.434
-0.327
-1.584
0.475
1.159
-0.069
-1.753
0.010
0.413
-1.500
-0.660
0.424
0.246
1.094
0.383
0.013
1.103
3.787
1.122
0.193
0.596
1.231
1.050
3.624
3.647
2.129
2.573
-0.074
0.540
2.488
2.158
0.430
-0.299
-0.042
2.343
0.717
0.550
0.215
0.945
-0.466
-0.048
-0.660
0.963
1.774
1.995
0.775
1.542
1.714
-0.351
1.350
0.015
0.291
1.429
0.104
0.001
-0.725
0.390
0.492
0.203
0.674
0.085
1.119
1.103
-0.513
1.783
0.990
0.797
0.621
1.032
0.217
-0.157
0.249
-0.189
-0.328
0.904
1.232
1.346
0.350
0.440
-0.411
-2.424
2.037
0.531
0.156
0.276
-0.208
2.841
2.572
1.476
0.892
0.801
1.040
2.910
1.217
1.657
0.667
2.415
1.390
-0.038
2.154
2.633
2.837
3.253
0.633
-3.150
1.111
0.076
2.444
0.831
1.490
0.569
-0.057
1.236
0.189
0.629
1.492
1.423
1.994
-0.827
0.383
1.786
0.505
1.008
1.010
1.839
-0.087
0.760
0.457
0.746
1.064
2.368
0.066
-1.886
-0.136
-0.805
-0.052
-0.958
0.814
-0.160
0.057
-0.031
0.590
0.934
-0.080
0.186
-0.297
0.250
0.970
0.102
0.809
0.386
0.913
0.419
0.052
0.027
-0.293
-0.257
0.753
0.713
0.001
-0.099
-0.033
-0.350
-0.358
0.200
0.134
1.843
-0.102
0.469
0.536
-0.004
3.019
0.123
-0.136
-0.011
-1.052
-1.741
-0.688
0.306
-1.650
0.325
0.054
1.384
1.173
2.230
-0.143
-0.201
-0.144
0.064
-0.003
0.324
0.435
1.549
0.037
0.911
0.282
0.100
1.152
2.352
0.673
0.228
0.839
0.430
0.754
0.084
0.351
0.072
-0.322
-0.036
1.479
-0.213
1.158
2.165
-0.072
1.350
-0.288
-0.204
3.528
2.659
2.893
2.489
1.479
0.260
0.502
0.567
2.303
0.835
0.189
-0.184
0.275
0.109
1.708
1.617
0.944
0.396
0.396
2.616
-0.049
1.220
0.644
0.398
-0.849
1.239
-0.604
0.040
-0.058
-0.078
0.790
0.206
-0.140
-1.510
0.485
0.440
0.300
0.193
0.943
0.809
0.296
-0.309
0.067
0.943
0.759
0.328
0.084
0.268
0.821
0.410
0.416
1.609
0.536
0.303
0.021
0.830
0.340
0.200
1.764
2.986
-0.034
1.089
0.012
0.870
-0.669
0.406
-0.304
0.158
1.763
-0.060
1.824
0.063
1.006
0.551
0.812
1.575
0.011
0.149
0.168
0.720
-0.044
0.211
0.692
-0.569
0.473
0.246
2.078
1.020
0.617
-0.030
-1.542
-0.965
0.243
0.492
-1.415
-0.335
-2.187
-1.727
-1.397
-2.560
-0.571
-0.113
-1.355
-0.933
-0.238
0.274
-0.397
1.478
-0.411
-0.974
0.274
-0.460
0.229
0.651
-0.013
1.039
0.254
0.006
0.013
-0.804
0.415
0.060
-0.296
0.022
1.207
0.379
0.866
0.257
1.908
0.230
1.705
2.819
0.799
-0.212
0.444
-0.003
0.271
3.902
1.458
1.205
0.614
3.267
1.330
1.305
0.126
0.186
0.343
0.292
0.879
0.794
2.933
0.697
3.292
-0.010
0.036
0.199
0.121
-0.015
0.038
0.013
0.384
0.556
0.154
0.108
0.196
-0.327
0.259
0.443
-0.240
1.578
0.619
2.414
0.523
1.106
0.440
-0.995
0.187
0.086
0.734
0.237
-0.395
-0.001
0.229
0.008
-0.255
0.533
0.213
1.068
0.612
0.806
0.388
2.027
2.264
1.568
-0.028
-0.361
0.283
0.374
0.201
0.055
-0.080
0.281
0.457
0.404
0.625
0.232
0.078
0.192
-0.125
0.002
0.209
0.309
0.923
0.473
0.330
0.660
-0.059
-0.178
0.550
-0.158
1.870
1.272
1.509
0.959
0.399
0.395
0.310
-0.100
0.005
0.088
-0.255
-0.096
0.369
-0.352
0.042
0.125
0.205
0.209
0.174
0.637
1.255
-0.067
0.303
0.720
-0.990
-0.173
0.234
0.893
0.305
0.269
0.146
0.824
1.308
0.216
1.364
0.345
0.231
0.866
0.374
0.314
0.501
0.022
1.763
1.109
0.932
1.688
1.599
0.197
0.989
0.268
-1.061
0.487
-0.015
-0.310
0.030
0.082
0.020
0.266
0.013
0.374
1.127
0.733
-1.674
1.854
-0.614
0.130
-0.826
0.058
0.096
0.643
-0.013
-0.831
0.451
1.163
-0.019
-0.228
-0.034
-0.641
0.433
0.367
1.268
1.252
0.813
0.199
-0.213
-0.224
-0.284
0.822
0.103
0.301
0.254
