0.179
0.306
0.089
0.383
0.149
0.160
0.205
0.621
0.745
0.411
0.548
0.652
0.734
0.358
-0.171
-0.136
-0.326
-0.215
-0.445
-0.030
0.260
-1.242
-0.975
-0.023
-0.256
0.183
0.244
0.228
0.131
0.115
-0.124
-0.037
-0.543
0.432
-0.348
2.807
1.789
2.463
0.601
0.967
1.945
3.029
-0.152
0.092
0.269
0.280
0.225
0.101
1.783
1.343
1.855
1.781
1.968
3.114
1.987
1.584
1.262
-0.126
0.917
3.271
1.171
1.309
1.428
2.116
1.151
1.994
0.995
0.295
-0.116
0.102
0.532
0.096
-0.318
0.355
0.069
0.211
0.138
-0.962
3.994
0.016
-0.859
0.973
0.138
0.261
-0.496
0.929
1.119
2.332
0.796
0.289
0.119
-0.111
0.093
0.839
0.463
-0.141
0.260
0.056
1.913
1.802
0.180
-0.141
0.311
0.551
0.283
-0.430
0.015
0.015
-0.067
-0.180
-0.157
0.408
-0.182
-0.135
-0.327
-0.171
0.013
-0.294
-0.072
-0.300
0.015
-0.123
-0.164
-0.260
-0.182
1.414
-0.801
-0.630
-0.180
0.012
-0.030
0.088
0.138
0.138
-0.336
1.002
0.160
0.138
0.152
0.339
0.801
0.138
-1.598
-0.000
0.029
-0.008
0.016
1.008
1.789
0.216
1.197
-0.273
0.731
1.845
1.787
2.533
2.345
0.138
0.138
0.138
0.138
2.386
1.357
0.138
-0.402
-0.082
1.047
0.750
0.295
0.510
1.470
0.138
0.116
-0.308
0.890
1.661
1.207
0.771
0.166
1.272
-0.184
1.920
-0.019
0.597
0.639
0.138
0.138
-1.058
0.187
-0.354
-0.108
0.530
-0.086
0.633
0.138
-0.657
0.497
0.537
-0.317
0.029
0.371
0.160
-0.431
0.254
0.374
0.152
2.679
3.163
0.501
0.390
-0.227
0.015
-3.561
0.231
0.579
-4.526
-1.123
-0.195
3.323
2.010
1.202
2.818
0.491
2.035
1.261
1.343
0.880
0.230
1.204
1.125
0.610
1.879
1.480
0.648
3.030
-0.281
-0.987
0.533
-0.057
0.657
-0.070
0.666
0.135
-0.392
2.136
-0.057
0.600
-0.437
0.593
1.112
-0.454
0.786
0.061
-0.538
1.552
0.164
1.518
-0.473
0.734
1.045
0.766
0.496
1.502
0.613
-1.753
0.271
-0.699
-0.956
0.180
0.725
-0.191
0.911
-0.059
-0.565
1.185
0.134
0.425
0.504
0.502
0.054
0.138
0.404
1.410
1.075
0.868
-0.167
0.138
0.155
0.095
0.428
1.897
-0.350
-0.052
-0.230
-0.124
0.048
-0.343
-0.429
3.126
-0.359
0.185
0.610
0.138
0.658
0.053
-0.244
-0.615
-1.218
-1.372
0.288
0.264
-2.092
0.984
-0.226
0.923
2.296
-0.384
-0.440
0.115
0.109
0.055
-0.119
0.332
0.056
0.470
0.067
0.554
0.222
0.081
2.013
2.337
-0.179
0.148
0.536
0.145
1.233
0.415
0.354
0.015
-0.331
0.588
1.266
-0.730
0.499
0.499
-0.282
0.393
0.116
-0.360
2.464
1.246
0.995
1.378
1.396
0.941
0.387
1.579
1.842
1.306
0.356
0.516
0.172
0.169
0.547
1.049
0.398
2.209
0.264
2.202
-0.772
0.867
0.374
1.400
0.204
0.744
0.380
0.134
0.122
0.200
0.138
0.349
-0.420
-0.297
0.067
-0.388
0.208
-0.753
0.138
0.638
-0.358
-0.188
-0.406
-0.635
-0.175
0.017
0.194
0.167
0.728
0.235
1.783
1.418
0.034
0.957
0.980
-0.278
-0.928
0.117
0.980
2.724
-0.660
0.669
0.048
0.151
-0.706
0.488
-0.196
0.328
0.738
-0.057
1.498
0.588
0.776
0.276
0.279
0.138
1.304
0.602
-0.001
0.138
-0.703
0.118
-0.201
-0.574
0.354
0.067
1.674
0.553
0.067
-0.317
-0.965
-0.523
0.133
-0.250
-0.864
-0.193
-1.251
-1.358
-1.619
-0.613
0.112
0.138
-0.472
-0.240
-0.141
0.131
-0.081
2.083
-0.557
-0.168
1.381
-0.807
0.725
2.711
-0.639
0.611
-0.296
0.235
1.217
-0.054
0.373
0.642
-0.370
0.271
1.578
0.881
2.286
0.721
0.138
0.158
1.298
2.001
-0.007
-0.222
-0.200
0.073
0.294
1.741
0.143
1.172
0.464
2.387
1.031
0.358
0.269
0.175
0.609
0.276
0.242
0.532
2.002
0.985
1.198
0.093
-0.149
-0.692
0.176
0.184
0.114
-0.589
-0.128
0.402
0.265
-0.094
0.010
-0.003
0.320
0.250
0.542
0.415
0.362
1.251
1.711
0.659
-0.368
-0.781
-0.068
0.285
0.713
0.100
-0.329
-0.046
0.290
-0.057
0.464
0.626
0.022
0.597
0.726
0.489
1.167
2.525
0.953
1.100
-0.631
1.255
0.114
1.008
0.163
0.187
-0.239
0.200
1.048
0.438
0.587
0.697
0.028
-0.097
0.350
0.060
0.313
0.347
0.327
0.195
0.407
0.191
0.425
-0.211
0.742
-0.156
2.216
0.816
0.940
4.511
0.592
0.486
0.138
0.686
0.118
0.124
-0.255
0.209
-0.283
-0.683
-0.062
-0.188
-0.244
-0.239
-0.250
1.424
1.466
-0.333
-0.179
0.337
-0.134
-0.310
0.666
1.306
0.303
0.340
-0.068
0.577
0.138
0.396
1.137
0.853
0.023
0.456
0.247
-0.767
1.287
0.274
1.132
0.753
0.933
3.285
1.063
-0.348
-0.712
0.836
-0.198
0.287
0.069
-1.450
-0.444
0.856
0.423
1.029
-0.361
-0.320
0.835
0.624
-1.427
0.542
-0.662
-1.569
-0.874
0.784
0.157
0.565
-0.431
-0.287
0.389
0.427
-0.013
-0.392
-0.101
-1.888
1.089
0.280
0.410
0.499
0.420
0.356
-0.258
-0.352
-2.118
1.512
-0.332
-0.777
-0.165
