0.184
0.006
-0.782
-0.412
0.471
-0.646
0.096
-0.987
-0.783
-0.111
-0.286
-0.465
-0.346
-0.329
0.568
-0.086
0.433
0.492
-0.024
0.573
-0.095
1.247
0.821
-0.039
-0.045
0.008
-0.090
-0.192
-0.725
0.103
0.080
0.182
0.773
0.139
0.238
-2.985
-2.363
-2.451
-0.121
-1.935
-1.984
-4.907
0.211
0.111
-0.377
0.356
-0.072
-0.419
-1.931
-1.321
-2.406
-1.655
-1.937
-3.641
-3.181
-2.006
-1.111
0.045
-0.715
-4.935
-0.913
-1.412
-1.936
-1.689
-1.515
-3.727
-2.449
-0.778
-0.172
0.983
-0.572
0.233
0.122
-1.029
-1.946
-1.299
-0.591
0.966
-4.592
0.359
1.099
-0.676
-1.911
-0.469
0.766
-0.322
-0.672
-2.425
-0.800
0.109
0.114
0.265
0.180
-1.049
-0.604
0.204
0.114
0.049
-1.444
-0.967
-0.267
0.140
-0.444
-1.571
0.073
0.410
-0.030
0.279
0.336
0.410
-0.073
0.176
0.479
0.347
0.496
0.342
0.078
0.430
0.333
0.336
0.269
0.282
0.518
0.635
0.383
-1.775
-0.417
0.621
0.504
-0.188
0.083
0.355
-1.440
-0.198
0.305
-0.963
0.006
-0.154
0.320
-1.066
-1.723
0.114
1.518
-0.209
-0.421
0.125
-0.086
-0.219
-0.465
-3.202
-1.484
-0.132
-0.799
-1.655
-2.566
-3.780
-2.681
-2.007
-2.277
0.023
-0.519
-3.482
-2.192
-0.910
0.378
0.084
-2.147
-1.941
-0.594
-0.788
-1.711
0.496
0.244
0.477
-0.451
-1.431
-1.663
-1.062
-1.620
-0.857
0.411
-1.354
0.031
-0.782
-0.598
-0.149
-0.600
0.362
-0.696
0.719
-0.009
-0.610
0.177
-2.460
-0.740
0.341
-0.717
-0.470
-0.554
-0.225
-1.185
-0.165
0.147
-0.462
-0.196
0.119
-2.546
-1.698
-0.676
-0.320
-0.426
-0.412
0.141
-0.026
-0.289
0.646
1.520
0.495
-2.543
-1.642
-1.326
-4.296
0.214
-2.164
-1.422
-1.290
-0.188
-0.396
-1.027
-0.802
-0.378
-2.734
-2.183
-1.554
-4.270
0.103
0.358
-1.023
0.131
-1.703
-0.430
-0.871
-0.349
0.279
-2.855
-0.268
-0.241
0.174
-0.193
-1.194
0.410
-2.433
0.420
-0.137
-0.995
-0.962
-1.730
0.348
-0.728
-1.537
-1.105
-1.210
-1.791
-1.078
1.539
-0.076
1.092
0.349
-0.042
-0.490
0.315
-0.641
0.311
0.376
-0.183
-0.275
-0.513
-0.810
-1.748
0.114
0.091
-0.738
-1.401
-1.579
-1.085
0.178
-0.373
0.264
-0.100
-0.218
-1.567
0.437
0.192
0.356
0.227
0.606
-0.123
0.268
-2.322
-0.093
0.212
-0.522
0.102
-1.189
0.286
-0.267
0.864
1.906
0.937
0.379
-0.194
-0.156
-0.565
0.049
-0.667
-2.297
-0.114
-0.212
-0.543
-0.027
0.091
0.257
-0.310
-0.307
-0.230
0.101
-0.549
0.056
0.193
-1.757
-2.426
-0.171
0.415
-0.144
0.076
-0.797
-0.392
-0.228
0.189
0.156
-0.928
-1.493
0.996
-0.454
-0.495
0.086
-0.549
0.546
0.197
-2.892
-1.631
-0.576
-1.894
-1.352
-0.894
-0.129
-1.424
-2.324
-1.453
-2.008
-1.264
-0.223
0.112
-0.896
-2.194
0.915
0.064
-0.160
-3.312
0.829
-1.736
-1.627
-2.107
-0.566
-1.535
-0.021
0.418
0.773
0.478
-0.923
0.249
1.175
1.410
0.290
0.205
1.182
0.926
-0.655
-1.041
-1.490
0.211
0.590
0.797
0.061
1.359
-0.545
-0.309
-1.097
0.005
-1.758
-2.566
-1.406
-0.387
-1.452
-1.474
0.596
-0.355
-2.692
-4.225
0.441
-0.990
0.215
-0.487
0.621
-0.309
0.474
-0.477
-0.789
0.377
-1.819
-0.370
-1.175
-0.232
-0.778
-0.395
-0.439
-0.086
0.126
-0.305
-0.534
0.153
0.056
0.361
-0.758
0.114
-2.541
-1.001
-0.489
-0.004
1.712
0.123
0.271
0.372
0.388
0.471
1.641
1.409
1.052
1.856
1.220
0.344
0.135
0.667
0.165
-0.560
-0.078
-1.871
0.905
0.470
-2.716
0.783
-1.014
-3.590
0.547
-2.668
-0.470
0.133
0.670
-0.223
-0.070
-0.456
0.109
-0.535
-3.077
-0.802
-2.529
-1.524
-1.197
-0.292
-2.426
-3.592
0.325
0.370
-0.593
-0.231
0.353
-2.264
-0.712
-1.823
-0.314
-3.180
-0.848
-0.570
-0.570
-0.426
-1.219
-0.291
-0.298
-0.672
-2.178
-1.772
-1.683
0.003
-0.037
0.479
0.002
0.130
0.395
1.143
0.084
-0.179
-0.088
-0.353
0.118
0.663
0.017
-0.943
-0.456
-0.795
-0.401
-1.906
-2.178
-0.505
0.395
0.762
0.025
-0.171
-0.822
-0.199
1.629
-0.190
-0.172
0.161
-0.673
-1.489
-0.507
-0.953
-0.725
-0.684
-1.016
-4.048
-1.303
-1.331
1.058
0.050
-0.449
-1.123
0.473
-0.102
0.923
-0.217
-1.328
-1.426
-0.665
-0.818
-0.112
0.341
-0.137
-0.218
0.094
-0.642
-0.589
-0.249
-0.552
-0.373
-0.016
0.429
-1.184
0.108
-1.912
-0.220
-1.397
-0.082
-1.289
-1.058
-0.082
-1.558
0.118
-0.448
-0.087
-0.207
-0.648
0.691
-0.109
0.353
0.276
0.103
0.251
-1.904
-1.661
0.430
-0.099
-0.056
-0.273
-0.043
-0.029
0.252
-0.075
-0.273
0.066
-0.900
-0.604
0.184
-1.276
-0.539
0.245
-1.170
-1.588
-1.092
-1.168
-0.741
-0.852
-0.628
-0.840
-4.499
-1.352
-0.217
1.548
-0.785
0.486
0.167
-0.179
0.221
0.322
-0.324
-0.173
-0.452
0.004
-0.650
-0.373
-0.608
0.919
-1.086
0.567
0.974
0.859
-1.477
-0.177
-0.216
0.309
0.778
-1.082
-1.049
0.203
0.366
0.424
1.176
-0.897
-0.331
-1.326
-1.816
-1.809
-0.202
-0.101
0.750
0.838
-1.840
-0.067
0.424
-0.131
