-0.111
-0.141
0.210
-2.111
0.046
-0.023
-0.098
0.011
-0.396
-1.048
-0.667
-1.242
-0.537
-0.399
-0.173
-0.023
-0.023
0.142
-0.211
-0.426
-0.334
0.325
-0.079
-0.462
-0.497
-0.173
-0.181
-0.336
-0.516
-0.042
-0.274
-0.116
0.079
0.121
0.038
-2.550
-1.332
-2.466
-0.787
-2.154
-2.003
-3.084
0.062
0.572
-0.049
-0.200
-0.429
-0.604
-1.704
-1.925
-2.196
-2.586
-3.383
-2.347
-2.369
-2.456
-1.518
-0.727
-0.373
-2.852
-0.777
-1.994
-2.140
-2.354
-1.717
-2.623
-1.794
-0.755
0.056
-0.754
-1.754
0.216
-0.558
-0.229
-0.427
-1.853
-0.290
0.343
-2.379
-0.021
-0.068
-0.579
-0.091
0.157
0.298
0.851
-0.479
-2.067
0.251
-0.514
1.315
0.036
0.006
-0.312
-0.165
0.083
0.203
-0.121
-1.271
-1.335
0.732
-0.876
-0.465
-1.385
-0.181
0.394
-0.041
-0.076
-0.010
1.169
-0.145
-0.058
0.149
-0.023
-0.014
-0.023
-0.025
-0.030
-0.023
-0.042
-0.023
-0.087
-0.023
0.920
0.323
-1.803
-0.219
-0.056
-0.147
-0.479
-0.023
-0.099
-0.318
-1.192
0.993
0.425
0.105
-0.439
1.673
-0.185
0.081
0.982
0.707
-0.536
0.123
-0.237
-0.530
-0.207
-0.023
-3.057
-0.033
0.359
-1.491
-1.260
-0.771
-3.556
-2.502
-2.267
-2.918
-0.182
-0.166
-2.206
-1.757
-1.014
0.148
-0.044
-2.036
-1.214
0.044
-0.791
-1.764
-0.300
-0.205
-0.120
-0.690
-2.714
-2.243
-0.193
-1.187
-1.589
0.201
-3.232
-0.059
-0.137
-0.820
-0.548
0.288
0.360
0.397
0.127
-0.003
-0.613
0.366
-2.226
-1.626
0.624
-0.316
-0.648
-0.531
-0.231
-0.063
-0.023
-0.018
-0.023
-0.042
-0.122
-3.742
-3.735
-1.810
-0.152
0.279
0.011
2.473
0.317
-0.373
-2.007
-0.283
-0.003
-2.638
-2.064
-2.261
-1.921
-0.541
-1.213
-2.121
-0.521
-0.966
-0.789
-1.373
-2.244
-0.826
-1.391
-1.956
-1.684
-2.799
-0.164
0.849
-2.125
0.154
-1.065
0.208
-0.052
0.354
-0.120
-2.731
-0.446
-0.091
-1.022
-1.265
-0.329
-0.036
-0.426
-0.762
-0.681
-0.851
-0.403
-1.811
-0.043
-0.115
-0.600
-0.791
-1.291
-0.583
0.523
1.001
-0.499
0.140
-0.847
0.249
-1.054
-0.105
-0.739
-0.023
0.701
-1.178
-0.362
-0.450
-3.251
-0.060
-0.284
0.801
0.032
-1.087
-1.749
-0.163
0.038
-0.011
-0.615
-0.002
-0.023
-1.023
0.106
-0.006
0.149
-0.016
0.233
-1.238
-0.448
-1.990
0.106
0.547
-2.046
-1.397
-0.787
-0.018
0.564
0.023
1.257
1.093
0.404
-1.818
0.593
-0.129
-0.404
-1.430
-0.486
-1.585
0.421
0.173
0.332
-0.031
-0.023
-0.508
-0.153
-0.339
0.081
-1.053
0.060
-0.204
-1.027
-1.186
-0.039
-0.344
-1.553
-0.211
-1.267
-0.034
-0.233
-0.077
-0.006
-0.502
-0.459
0.605
-0.401
-0.693
-0.156
-0.811
0.358
0.034
-2.609
-1.675
-1.466
-2.912
-1.897
-0.666
-0.763
-0.666
-2.896
-1.029
0.182
0.193
0.003
0.187
-0.551
-0.312
-1.680
-1.219
-0.051
-1.330
0.087
-0.317
-0.830
-1.918
-0.157
-2.198
0.474
0.142
0.001
-0.492
-1.339
-0.199
0.879
0.351
-0.118
-0.185
-1.425
-1.100
-1.057
-0.973
-0.077
0.115
0.376
0.502
-0.112
0.260
-1.072
-0.213
-1.143
0.353
0.949
-2.334
-1.738
-2.082
-0.971
-0.465
0.058
-0.646
-1.832
-1.500
0.074
-0.068
0.014
-1.171
-0.390
-0.033
-0.024
-0.159
-1.029
-0.362
-0.715
-0.399
-0.460
-0.052
0.179
-0.764
-0.577
0.037
-0.207
-0.348
0.308
-0.107
-0.173
-0.388
-0.506
-0.061
-1.380
-1.410
-0.083
-0.077
0.204
1.958
0.308
-0.023
0.108
0.977
0.344
0.246
1.219
3.194
1.575
0.317
0.196
0.698
0.117
0.207
0.024
-1.467
-0.027
0.041
-0.203
0.121
1.786
-1.114
-0.030
-1.629
-0.085
-0.687
-0.116
-0.041
-0.023
-0.081
-0.269
-0.091
-1.607
0.051
-0.507
0.157
-1.765
0.207
-0.043
-0.924
-0.023
-0.023
0.361
-0.021
0.203
-2.364
-0.181
-1.812
-0.694
-2.015
-1.142
-0.890
-0.248
-0.313
-0.084
-0.203
-0.330
-1.841
-3.346
-0.406
-3.013
-0.494
-0.014
-0.046
-0.322
-0.047
-0.183
-0.167
0.060
-0.123
-0.447
-0.257
-0.120
0.080
-0.536
0.020
-0.948
-0.664
-0.049
-1.570
-0.319
-1.569
-0.211
0.409
-0.242
-0.363
-0.406
-0.034
-0.303
-0.051
-0.125
-0.114
0.030
-0.739
-0.335
-1.195
-0.421
-0.997
-1.302
-2.576
-1.560
-1.715
-0.735
-2.630
-0.132
-0.230
-0.172
-0.088
0.134
-0.023
-0.099
-0.651
-0.297
-0.124
-0.603
-0.172
-0.023
-0.067
0.008
-0.625
-0.301
-0.262
-0.383
-0.269
-0.037
0.008
-0.570
0.796
-1.621
-1.763
-1.098
0.028
-1.013
-0.305
-0.096
-0.053
0.440
-0.457
-0.063
-0.135
-0.122
-0.019
-0.024
-0.023
-0.023
-0.023
-0.023
0.846
0.373
0.679
-0.099
-0.212
-0.381
-0.108
-0.038
0.186
0.076
-0.023
-0.063
-2.162
-1.505
-0.146
-2.213
-0.311
-0.451
-1.700
-3.021
-1.335
-1.032
-0.549
-2.116
-1.614
-0.118
-2.232
-1.370
0.422
-0.208
-0.843
-0.018
0.284
0.010
0.005
0.060
-0.244
0.292
-2.199
0.469
-0.997
-0.436
-0.197
0.457
-1.548
-0.098
0.423
1.046
0.058
-0.339
-0.723
-0.004
0.078
-1.615
-0.655
0.094
0.013
-0.023
0.033
-0.444
-0.096
-1.283
-1.667
-0.245
0.060
0.227
-0.160
0.431
-1.786
1.072
1.818
-0.594
