-0.182
0.339
-0.167
0.121
-0.205
0.309
0.227
0.157
0.017
0.352
0.352
0.240
0.102
0.181
-0.239
-0.275
-0.365
-0.361
-0.025
0.009
0.602
-0.992
-0.304
0.089
-0.049
-0.168
-0.032
-0.010
0.306
-0.161
0.377
0.042
-0.410
-0.185
-0.009
1.857
1.842
1.168
0.370
0.950
1.204
2.959
-0.094
-0.926
-0.146
-0.202
0.400
0.461
1.602
0.983
1.290
1.196
2.070
1.938
1.503
0.192
1.141
-0.532
0.745
2.948
1.603
1.692
0.827
1.280
0.981
1.259
1.161
0.644
-0.255
0.179
1.284
-0.198
-0.096
0.281
1.097
0.478
0.592
-1.733
3.005
-0.324
-0.841
1.198
1.123
0.113
-0.842
-0.935
0.301
1.208
-0.699
-0.168
-0.362
0.279
-0.159
0.190
0.192
-0.055
-0.193
-0.043
1.039
0.035
0.386
0.106
0.081
0.657
0.011
-0.071
0.043
-0.024
-0.084
-0.287
0.031
0.114
-0.515
-0.393
-0.340
-0.287
-0.021
-0.564
-0.039
-0.302
0.062
-0.068
-0.256
-0.336
-0.094
-0.240
0.131
-0.669
-0.432
0.788
0.022
-0.317
-0.313
-0.685
-0.916
0.227
-0.812
-0.146
-0.982
0.153
-0.107
-1.212
-0.794
0.508
-0.150
-0.055
0.041
0.151
1.247
1.859
0.835
-0.233
0.895
1.585
1.288
2.093
2.278
2.071
0.889
-1.525
-0.443
1.865
1.758
0.194
-0.362
-0.054
0.966
0.199
0.634
-0.069
0.192
-0.421
-0.342
-0.523
0.295
0.738
0.275
-0.036
0.766
0.250
-0.163
2.407
-0.068
0.138
0.484
-0.105
-0.164
-0.396
0.250
-0.300
-0.097
0.020
0.241
2.082
0.527
-0.896
0.511
0.588
-0.103
0.203
-0.038
0.361
-0.005
-0.055
-0.055
-0.014
2.319
0.892
0.715
0.015
0.396
-0.077
-2.361
0.179
0.378
-1.363
-0.115
-0.296
2.578
1.499
0.588
1.556
0.446
1.338
1.093
0.315
1.028
0.754
1.178
1.006
-0.225
1.262
1.000
1.113
3.624
0.171
-1.182
-0.059
0.697
0.610
0.456
0.323
-0.111
0.181
2.626
0.110
0.517
-0.262
-0.255
0.489
-0.183
0.790
0.056
-0.302
0.525
0.054
0.561
-0.140
0.092
1.145
0.623
0.204
0.917
0.476
-1.185
-0.491
-1.083
0.461
-0.258
1.271
-0.159
0.220
0.087
-0.348
0.033
-0.681
0.465
0.138
-0.005
-0.886
-0.332
0.101
0.808
1.387
0.327
-0.049
-0.270
-0.050
-0.023
0.115
1.278
-0.138
-0.260
-0.121
0.000
-0.146
-0.679
0.505
1.611
-0.343
-0.303
0.668
-0.190
1.306
-0.066
-0.063
-0.160
-0.704
-0.760
-0.297
0.093
-1.134
0.212
-0.050
0.896
1.894
-0.105
-0.036
-0.110
-0.261
0.008
0.013
0.179
0.221
0.277
-0.264
1.337
0.195
-0.086
1.076
0.192
0.150
0.107
0.667
0.013
0.672
0.355
0.579
0.025
-0.043
-0.082
1.386
-0.676
0.333
0.290
0.016
0.108
-0.215
-0.038
2.392
1.513
0.884
1.041
1.186
0.516
0.087
1.165
1.315
0.258
0.165
0.294
-0.055
1.399
0.673
0.716
0.946
-0.050
0.112
2.892
-0.133
0.674
0.662
0.588
0.299
1.521
0.097
0.701
0.543
0.105
0.095
0.079
-0.137
-1.626
0.311
0.238
0.329
-0.107
1.095
0.561
-0.050
-0.214
0.033
0.146
0.074
-0.032
0.584
0.086
1.419
0.193
1.927
0.300
0.406
0.080
-0.163
0.498
0.205
0.710
2.053
1.915
0.159
0.532
0.007
0.466
-0.007
0.236
-0.121
0.021
0.238
-0.147
0.405
0.147
0.129
-0.077
0.441
-0.795
0.937
0.030
-0.064
-0.058
-1.458
0.013
-0.144
-0.878
0.032
-0.040
0.996
0.634
0.207
-0.347
-1.034
-0.746
-0.135
-0.263
-0.342
0.054
-0.856
-0.318
-0.809
-1.197
-1.087
-0.152
-0.437
-0.325
-0.324
-0.124
-1.000
0.405
-0.478
-0.294
1.424
-0.597
-0.152
1.111
-0.460
0.381
-0.215
0.016
0.585
-0.010
0.319
0.408
-0.242
-0.024
1.087
0.150
1.265
0.090
0.594
0.048
1.757
2.078
0.027
-0.081
0.205
0.229
0.010
0.651
0.018
0.961
0.300
2.462
0.634
0.372
0.047
0.318
0.389
0.014
0.063
0.012
1.377
1.040
1.160
-0.039
0.071
0.092
0.017
-0.086
0.187
-0.160
0.122
0.137
0.188
0.001
0.358
0.282
-0.166
0.484
-0.431
0.225
0.069
0.338
0.709
0.542
-0.001
-0.364
0.068
0.279
0.790
0.104
0.457
-0.075
-0.152
-0.055
0.005
1.187
0.215
1.064
0.161
0.727
0.792
2.544
0.871
0.634
-0.332
-0.127
0.281
0.295
0.103
0.162
-0.565
0.131
0.412
-0.084
0.164
-0.002
0.051
0.129
-0.003
-0.313
-0.056
0.271
0.521
0.012
0.231
0.083
-0.327
-0.468
0.558
-0.232
1.877
0.401
0.630
-0.051
0.558
0.510
-0.075
0.080
-0.123
0.173
-0.225
-0.000
-0.192
-0.678
-0.079
-0.105
-0.578
-0.046
-0.328
0.599
1.173
-0.514
-0.122
0.220
0.017
-0.132
0.047
-0.728
-0.172
0.087
-0.037
0.563
0.461
-0.019
0.990
0.454
0.057
0.947
0.749
-0.465
0.521
-0.062
0.981
0.080
0.283
2.220
0.686
-0.125
1.127
0.225
-0.502
-0.054
-0.018
-0.656
-0.445
-0.059
-0.188
1.687
-0.805
0.245
-0.187
-0.053
-1.024
-0.046
-0.331
-0.806
-0.084
0.674
-0.845
0.045
-0.161
-0.615
0.314
0.373
-0.158
-0.343
-0.405
-0.843
0.366
-0.042
0.123
0.154
0.044
0.361
-0.132
-0.158
-0.091
1.563
-0.455
0.529
0.027
