0.146
-0.225
-0.225
0.187
0.262
-0.062
-0.092
-0.045
-0.508
-0.014
-0.153
-0.190
-0.167
-0.084
0.163
-0.003
0.211
0.069
-0.359
-0.694
-0.259
2.099
-0.147
-0.090
0.006
-0.010
-0.102
-0.031
-0.031
0.029
0.221
0.040
0.296
0.130
0.056
-3.329
-1.512
-2.266
-0.447
-1.266
-1.627
-3.337
-0.075
-0.159
-0.254
0.047
-0.206
-0.857
-1.934
-1.494
-1.985
-1.011
-2.259
-2.847
-2.242
-1.446
-1.418
0.024
-0.335
-4.728
-0.546
-1.455
-1.579
-2.332
-0.961
-1.427
-1.384
-0.467
0.099
-0.576
-1.405
0.204
0.403
-0.365
-0.000
-1.064
-0.157
1.129
-3.714
-0.092
0.441
-0.544
-0.433
-0.413
0.115
0.054
-0.826
-2.363
-0.449
-0.007
-0.060
-0.416
-0.107
-0.891
-0.763
-0.346
-0.079
0.236
-1.428
-0.418
-0.877
-0.122
0.407
-0.599
-0.049
0.314
-0.004
0.007
-0.010
0.157
0.139
0.070
0.138
0.009
0.023
0.102
-0.008
-0.012
-0.009
0.060
-0.021
0.095
0.107
-0.047
0.166
-2.026
-0.238
0.076
-0.030
-0.194
0.134
0.160
-0.783
0.009
0.296
0.148
0.496
-0.131
0.040
0.069
-0.175
1.560
0.766
-0.224
0.184
-0.238
-0.229
-0.159
-0.097
-2.559
-0.282
0.068
-0.088
-1.586
-1.211
-3.077
-1.981
-2.075
-1.461
0.650
0.365
-2.229
-1.302
0.104
0.046
-0.245
-1.337
-0.210
-0.112
-0.088
-1.679
0.646
-0.022
0.248
-0.576
-1.780
-1.128
-0.339
-2.277
-0.808
-0.001
-1.210
0.094
-0.385
-0.585
0.283
0.304
0.674
0.480
0.066
-0.049
0.376
0.604
-0.473
-1.068
0.264
-0.255
-0.010
0.074
0.033
-0.233
-0.339
-0.022
0.127
0.371
0.179
-2.921
-2.592
-0.668
-0.395
-0.342
-0.078
1.376
0.211
-0.123
1.674
0.609
0.108
-1.506
-1.935
-1.426
-2.432
-0.413
-0.963
-0.660
-0.383
-1.022
0.033
-0.959
-1.020
-0.868
-2.047
-1.787
-1.644
-3.901
-0.206
1.118
-0.332
0.055
-0.537
-0.733
-0.452
0.071
-0.023
-2.391
0.124
-0.962
0.111
-0.247
-1.189
-0.083
-0.450
-0.169
0.070
-1.314
-0.423
-1.423
0.219
-0.304
-1.152
-0.360
-1.048
-0.454
-0.524
2.009
-0.607
0.607
-0.007
0.061
-0.407
-0.027
-0.797
0.033
0.162
-0.817
-0.600
-1.277
0.099
-0.223
-0.258
0.488
-0.612
-0.095
-1.680
-1.950
0.127
-0.055
0.650
-0.010
-0.228
-1.284
0.193
0.052
0.240
0.046
0.143
0.447
1.470
-2.725
-0.109
0.284
-0.429
-0.285
-0.709
0.091
-0.493
1.018
2.894
0.922
0.305
-0.090
0.453
-0.156
-0.265
-1.678
-1.391
-0.381
-0.099
-0.011
-0.349
-0.107
0.010
-0.045
0.295
-0.450
-0.068
-0.771
0.029
-0.111
-1.409
-0.870
0.035
-0.036
-0.300
-0.006
-1.078
-0.797
-0.118
0.007
0.153
-0.755
-0.789
0.150
-0.379
-0.228
0.024
-0.288
0.203
-0.101
-3.170
-1.542
-0.512
-1.149
-1.020
-0.574
-0.367
-1.543
-1.642
-0.405
0.164
0.136
0.064
-0.104
-1.094
-1.170
-1.216
-2.652
0.074
-1.930
-0.008
-1.208
-0.803
-1.356
-2.171
-1.174
0.769
-0.089
-0.154
-0.471
-0.157
-0.297
-0.344
0.818
-0.139
-0.107
-0.213
-0.139
-0.316
-1.145
-0.378
0.828
0.108
-0.056
0.915
0.030
-0.488
-0.326
-0.395
0.580
-1.101
-1.250
-0.308
-1.127
-0.877
-0.181
-0.568
-0.438
-1.656
-2.957
-0.082
-0.102
-0.072
-0.038
0.062
-0.115
-0.016
-0.180
-0.120
-0.038
-1.309
-0.477
-0.315
-0.312
-0.448
-1.136
0.237
-0.237
0.217
-0.117
0.207
-0.141
0.148
-0.281
-0.126
0.904
-1.359
-0.905
-0.308
0.071
2.190
0.507
0.292
0.140
0.563
-0.093
0.864
1.046
0.401
0.043
0.953
-0.385
0.692
0.224
0.180
-0.983
0.111
-0.214
0.654
0.298
-0.543
0.654
-0.101
-1.160
-0.101
-0.646
0.286
-0.217
0.037
-0.191
-0.629
-0.651
-0.016
-0.715
-1.205
-0.067
-2.373
-0.951
-0.049
0.037
-0.206
-2.105
-0.257
-0.073
0.130
-0.578
0.158
-0.487
0.379
-1.896
-0.369
-2.821
-0.590
-0.239
-0.177
-0.423
-1.359
-0.135
-0.258
-0.825
-1.920
-0.941
-0.828
0.202
0.029
-0.158
-0.093
-0.251
0.019
0.601
-0.609
-0.330
-0.372
-0.219
-0.073
-0.321
-0.373
-0.637
-0.243
-0.151
-0.496
-0.870
-1.348
-0.310
0.251
0.075
-0.664
-0.112
-0.723
-0.141
-0.216
-0.154
0.283
-0.051
-0.868
-0.542
-0.107
-0.748
-0.634
-0.382
-0.890
-2.423
-0.923
-0.671
-0.017
-0.521
-0.241
-0.922
0.079
-0.183
0.049
-0.174
-0.204
-0.365
-0.546
-0.086
-0.067
0.250
-0.361
-0.183
0.296
-0.415
-0.579
-0.179
-0.918
-0.274
0.238
-0.081
-0.770
0.458
-2.392
-1.378
-1.082
-0.012
-0.276
-0.665
-0.004
-0.743
-0.142
-0.452
-0.358
0.243
-0.178
0.315
-0.963
-0.055
-0.445
-0.057
-0.458
-0.790
-1.056
0.458
0.176
-0.064
0.211
0.155
-0.568
-1.221
-0.007
-0.220
0.044
-0.156
-0.074
-0.080
-1.834
-0.422
-0.390
-0.786
-0.713
0.339
-0.485
-0.437
-1.624
-0.927
-0.230
-2.642
-0.968
-0.158
-0.025
-0.409
0.213
0.126
-0.196
0.518
1.030
-0.118
-0.024
-1.818
1.436
-0.172
-0.220
-0.790
0.596
-0.622
0.102
0.292
0.782
0.735
-0.031
-0.231
0.624
0.104
-0.088
-0.684
0.131
0.084
0.264
0.515
-0.011
-0.131
-0.088
-0.384
-1.064
-0.052
0.045
0.350
-0.188
-1.581
0.391
0.068
0.599
