-0.541
-0.182
-0.381
0.044
-0.017
0.336
-0.519
0.713
0.579
0.028
-0.056
-0.159
0.129
1.154
-0.227
-0.069
-4.060
-0.094
0.248
0.012
2.585
-0.695
-0.270
0.425
0.231
-1.164
0.087
0.023
-0.733
-0.081
0.114
0.129
0.161
-0.449
0.687
3.359
1.356
4.903
0.338
3.546
2.200
3.965
0.422
0.369
0.082
0.012
1.285
0.630
3.103
2.392
1.280
3.433
3.062
1.995
3.526
2.463
2.208
0.286
0.217
3.333
1.613
2.423
1.873
3.711
1.565
2.370
0.661
0.882
-0.309
0.789
0.883
-1.226
0.094
0.759
1.147
2.783
1.743
-0.651
0.763
-0.034
-0.933
2.123
0.593
0.827
-0.909
-0.041
0.738
1.444
0.646
-1.168
-0.449
0.873
-0.086
0.854
0.559
-1.206
0.510
-0.138
1.115
0.329
-0.091
0.197
0.161
0.233
0.624
-0.416
-0.153
-0.326
-0.138
-0.905
-0.142
-0.133
-0.897
-0.592
-0.559
-0.180
-0.128
-0.291
-0.346
-0.369
-0.236
-0.211
-0.309
-0.859
-0.696
0.830
-0.210
-0.195
-0.814
-0.662
-0.107
-0.258
-0.666
0.077
-1.032
0.797
0.804
0.089
-1.128
-0.023
0.039
-0.075
0.193
-0.412
-0.502
0.863
0.021
-0.014
0.335
2.921
-0.183
-0.045
0.948
2.601
0.241
4.092
4.407
3.400
2.860
-0.946
0.366
2.066
2.023
0.041
0.152
-0.298
2.291
0.447
0.782
0.737
1.581
-0.563
-0.325
-0.437
0.048
2.149
0.101
0.063
1.038
1.210
-0.229
2.247
0.030
-0.097
0.494
0.230
0.383
-0.155
-0.046
-0.265
-0.415
0.684
-1.101
2.298
0.191
-0.812
2.031
0.112
0.099
0.634
0.608
0.152
-0.154
-0.105
-0.159
-0.110
2.138
1.866
1.096
0.406
0.268
-0.143
-3.035
0.001
-0.089
-0.951
-1.080
-0.401
1.601
2.695
1.758
2.558
0.912
1.558
1.286
1.171
1.478
-0.045
1.713
0.512
0.289
4.103
1.980
1.974
2.836
0.289
-1.381
2.022
-0.060
0.991
0.688
1.761
-0.398
-0.347
1.362
-0.060
0.588
-0.108
0.575
1.002
-0.971
-0.349
1.018
0.559
2.047
1.201
1.561
-0.795
0.005
0.677
0.345
0.262
2.476
0.563
-1.931
0.054
-0.538
0.891
-0.423
0.939
-0.141
0.073
0.000
0.141
2.004
-0.075
-0.398
2.744
0.038
-0.474
-0.209
0.006
1.894
1.480
0.142
-0.121
-0.191
0.257
-0.063
-0.159
1.605
-0.038
0.096
0.039
-0.106
-0.085
1.466
-1.091
1.284
-0.410
-0.104
0.174
1.472
1.676
-0.680
-1.140
-0.470
-0.883
0.079
0.669
2.454
-2.699
0.619
-0.337
-0.508
-0.434
0.202
-2.108
1.100
-0.032
0.273
-0.062
0.084
0.011
-0.067
-0.159
0.377
-1.131
-0.159
3.498
0.040
-0.036
0.344
1.280
0.023
2.340
-0.279
-0.313
0.237
-0.250
-0.030
0.414
-0.285
0.317
0.589
-0.163
1.116
-0.380
-0.280
1.627
1.985
2.491
3.459
3.228
0.355
-0.282
0.826
2.385
0.329
-0.207
-0.837
-0.230
-0.370
1.526
1.186
1.201
1.515
-0.157
3.492
0.256
0.624
0.556
0.151
-1.533
1.885
-0.308
0.857
0.600
1.529
0.806
1.092
1.059
-0.144
-0.075
0.018
0.618
0.667
1.537
1.204
0.613
-0.016
0.350
0.493
-0.874
-0.519
0.295
-0.556
1.445
-0.207
0.273
1.463
0.840
1.121
-0.286
-0.641
-0.077
0.441
0.206
2.950
-0.395
0.738
-0.032
1.811
0.357
0.194
-0.349
0.549
1.404
-0.000
2.332
-0.134
0.480
-0.233
-0.234
0.092
1.007
-0.267
-0.072
-0.229
-0.512
-0.120
-0.986
-1.585
0.393
-0.244
0.679
0.296
-0.199
-0.209
-0.973
-1.668
-0.736
-0.365
-0.077
-0.570
-1.723
-1.985
-2.579
-2.949
-1.134
0.066
-0.629
-0.227
0.002
0.497
-0.159
0.023
-0.089
-0.519
0.087
-1.035
0.171
0.084
0.683
1.865
0.407
-0.087
0.978
-0.194
0.042
-0.134
-0.148
0.027
1.048
-0.064
1.876
-0.208
2.009
0.541
0.074
0.055
0.508
0.180
-0.159
-0.284
0.529
2.306
-0.192
4.038
1.181
2.388
0.565
1.422
0.118
0.365
0.033
0.155
0.960
1.089
2.585
2.313
2.027
-0.078
-0.031
-0.056
1.065
-0.159
-0.059
-0.413
0.741
0.857
0.138
0.012
0.023
0.162
0.121
0.241
0.588
-0.147
-0.132
0.164
1.631
-0.379
-0.290
-0.585
-0.237
-0.162
1.161
-0.159
-0.140
-0.519
-0.932
-0.021
0.008
1.756
0.558
1.510
1.344
0.393
1.262
3.084
1.556
2.557
0.598
-0.496
-0.012
0.637
-0.123
-0.616
-0.684
0.039
0.991
-0.104
1.407
0.065
0.464
-0.883
0.295
0.134
-0.161
0.491
1.213
0.069
0.912
1.620
0.118
-0.060
0.974
-0.269
1.997
0.521
0.609
-0.527
0.363
1.242
-0.326
-0.421
0.064
0.285
0.080
-0.159
0.110
-0.305
0.357
0.029
-0.046
0.067
-0.062
-0.003
-0.025
0.077
-0.153
-0.142
0.043
-0.057
0.417
0.342
-0.059
0.297
-0.220
0.481
1.474
0.087
1.522
0.653
0.052
0.538
-0.099
0.413
1.450
0.548
2.305
0.859
-0.313
1.278
0.874
-0.467
-0.460
1.739
-0.308
0.866
-0.041
0.233
-0.239
-0.164
-0.610
0.911
-0.563
0.252
0.196
-0.857
-1.369
1.194
-0.796
-0.714
-0.602
0.703
-0.242
-0.107
0.039
-2.510
0.135
0.162
-0.128
0.017
-0.487
-0.322
0.713
0.441
1.292
3.348
0.241
0.422
0.230
-0.002
-0.702
0.802
-0.442
-2.728
-0.359
