0.171
-0.124
-0.081
-0.211
-0.143
-0.230
-0.249
-0.467
-0.610
-0.322
-0.548
-0.353
-0.498
-0.265
0.317
-0.061
0.044
0.030
0.210
0.362
-0.288
0.893
0.008
-0.020
-0.008
0.305
0.148
0.140
-0.591
-0.028
-0.112
-0.006
0.126
0.180
0.151
-1.820
-1.157
-1.668
-0.262
-1.587
-1.287
-2.045
-0.139
0.113
-0.227
-0.063
-0.453
-0.624
-1.712
-1.360
-1.376
-1.531
-1.693
-2.315
-1.734
-1.030
-1.072
-0.084
-0.848
-2.617
-0.931
-1.321
-0.895
-0.895
-0.738
-1.270
-1.151
-0.316
0.001
-0.463
-0.817
0.337
0.355
0.041
-0.881
-1.181
-0.487
1.607
-2.430
0.069
0.125
-0.878
-0.932
-0.359
0.435
0.671
-0.407
-1.640
-0.065
0.293
0.361
-0.196
-0.073
-0.432
-0.441
0.587
0.049
-0.038
-1.823
-0.619
0.305
0.120
-0.090
-0.579
-0.036
0.389
-0.060
-0.067
-0.015
0.094
0.020
-0.073
0.129
-0.009
0.058
0.026
-0.060
0.228
-0.036
-0.028
-0.064
-0.068
0.061
0.176
0.076
-1.248
0.278
0.508
0.144
0.010
-0.055
0.061
0.424
0.821
1.257
-0.144
0.661
0.380
1.733
-0.007
0.124
1.137
0.897
-0.035
0.210
0.055
-0.240
0.183
-0.356
-1.556
-0.582
0.338
-0.539
-1.283
-1.093
-1.902
-2.035
-2.233
-2.146
0.385
-0.011
-1.835
-1.536
-0.314
0.289
-0.080
-0.911
-0.759
-0.266
0.204
-0.720
0.254
0.240
0.396
-0.637
-0.963
-0.860
-0.460
-0.814
-0.541
0.158
-1.074
0.072
-0.378
-0.455
0.101
0.078
0.439
-0.409
0.412
0.008
-0.752
0.204
-1.987
-0.934
0.447
-0.617
-0.518
0.023
-0.226
-0.184
-0.088
-0.082
0.071
-0.040
0.048
-2.081
-1.591
-1.126
0.132
-0.567
0.289
0.962
-0.343
0.134
0.873
0.954
0.095
-2.150
-1.228
-1.094
-1.938
0.069
-1.313
-1.439
-0.574
-0.796
-0.578
-0.858
-0.821
-0.604
-1.246
-0.920
-1.246
-2.492
0.122
0.961
-0.467
0.100
-0.450
-0.412
-0.530
-0.163
0.151
-1.406
-0.064
-0.430
0.393
-0.784
-1.745
0.193
-0.693
-0.350
0.167
-0.943
-0.421
-1.064
0.158
0.277
-0.871
-0.520
0.018
-0.580
-0.530
0.855
0.267
0.468
0.062
-0.234
-0.364
0.029
-0.727
-0.047
0.382
-0.627
0.043
-0.609
-0.251
0.461
-0.603
0.336
-0.413
-1.425
-1.100
-0.441
-0.001
0.133
-0.032
-0.041
0.048
-1.302
0.221
-0.036
0.119
-0.016
0.410
0.345
-0.306
-1.726
-0.118
0.073
-0.476
-0.352
-1.086
0.122
0.237
0.181
1.285
0.467
0.202
-0.167
0.584
-0.213
0.218
-0.523
-1.043
-0.526
0.579
0.062
0.215
-0.022
0.036
0.061
0.049
-0.311
0.042
-0.518
0.169
-0.049
-1.088
-0.867
-0.058
-0.211
-0.455
-0.182
-0.707
-0.260
-0.296
-0.054
-0.181
-0.693
-0.808
0.624
-0.379
-0.199
0.072
-0.121
0.345
0.163
-2.151
-1.016
-0.848
-1.488
-1.079
-0.396
-0.253
-1.061
-1.442
-0.608
0.119
-0.167
-0.069
-0.406
-0.708
-0.451
-0.620
0.295
-0.207
-2.431
0.560
-0.687
-0.522
-0.883
-0.078
-0.921
0.141
0.197
0.272
0.049
0.004
-0.466
0.240
0.746
0.045
0.045
0.195
0.167
-0.657
-0.661
0.136
0.356
0.128
0.011
-0.165
0.225
-0.416
0.034
-0.823
0.193
-1.038
-1.368
-0.960
-1.142
-0.731
-0.643
-0.513
-0.639
-1.600
-1.734
0.038
-0.051
0.079
-0.201
0.047
-0.132
-0.056
-0.191
-0.506
-0.006
-0.604
-0.346
-0.457
0.090
-0.143
-0.550
0.357
-0.019
-0.006
0.297
1.062
-0.081
0.127
0.339
-0.335
1.220
-0.961
-0.745
0.389
0.041
1.083
0.641
0.266
0.066
0.315
-0.009
0.304
0.350
1.079
1.082
0.963
0.148
0.645
0.425
0.069
-0.489
0.638
-0.944
0.489
0.097
-0.579
0.454
0.062
-0.374
0.187
-0.356
0.138
0.100
0.516
-0.002
-0.309
0.086
0.202
-0.180
-1.469
-0.225
-1.590
-0.427
-0.413
-0.272
-0.426
-1.165
-0.185
-0.080
-0.476
0.176
-0.526
-1.132
-0.458
-1.074
-0.327
-1.891
-0.513
-0.538
-0.198
-0.196
-0.654
-0.174
-0.343
-0.695
-1.308
-0.843
-1.445
0.041
-0.061
0.153
0.116
0.011
0.133
0.467
-0.092
-0.216
-0.081
0.090
0.103
-0.070
-0.171
-0.401
-0.168
-0.213
-0.241
-1.557
-0.738
-0.566
-0.111
0.432
0.243
-0.075
-0.262
-0.035
0.525
-0.124
-0.118
-0.012
-0.187
-0.875
-0.179
-1.028
-0.878
-0.763
-0.756
-2.003
-1.161
-0.997
0.251
-0.212
-0.116
-0.389
0.530
-0.013
0.346
-0.072
-0.581
-0.157
-0.364
-0.268
-0.241
-0.325
-0.147
0.026
0.076
-0.504
-0.420
-0.122
-0.542
0.196
0.169
-0.004
-0.512
0.454
-1.694
-0.936
-0.517
0.027
0.204
-0.039
0.033
-0.400
0.097
-0.023
0.066
-0.156
-0.310
0.020
0.017
0.086
0.056
0.026
0.036
-0.905
-0.798
0.352
0.079
-0.073
0.031
0.250
0.037
0.997
0.129
-0.214
0.015
-0.730
-0.672
-0.292
-1.264
-0.455
-0.041
-1.134
-1.092
0.132
-1.013
-0.337
-0.780
-0.672
-0.575
-1.642
-0.569
0.120
-0.498
-0.283
0.242
0.264
0.070
0.445
0.269
0.146
0.225
-1.095
0.551
-0.613
-0.726
-0.266
0.778
-0.635
0.511
0.636
1.545
-0.475
0.071
-0.732
0.025
0.753
-0.839
-0.660
-0.095
-0.029
-0.068
1.319
-0.119
-0.316
-0.791
-0.788
-0.072
-0.056
0.183
-0.008
0.644
-1.176
0.267
0.127
-0.028
