-0.749
0.287
-0.066
1.220
-0.018
-0.018
-0.018
-0.154
0.385
-0.018
1.062
0.508
1.080
-0.018
0.064
0.004
-0.340
-0.026
0.150
0.055
0.001
-1.403
-0.541
-0.144
0.015
0.282
-0.149
-0.479
-0.890
0.046
0.054
-0.020
-0.169
-0.652
-0.026
4.083
1.344
2.507
0.634
1.711
2.239
1.750
-0.049
-0.146
0.039
0.094
0.015
1.197
2.704
2.107
3.807
2.893
3.133
3.422
2.095
1.523
1.892
0.527
0.759
3.568
0.238
0.891
2.478
2.594
0.460
2.725
2.084
0.218
-0.305
1.297
0.651
-0.190
0.267
0.252
2.705
1.784
0.867
-1.180
3.775
-0.045
-0.089
1.416
0.288
0.644
-0.091
-0.721
0.058
2.196
-0.772
0.467
-0.293
-0.021
-0.018
0.207
-0.005
-0.246
-0.201
-0.018
0.967
0.630
-0.195
0.247
0.487
0.346
0.230
-0.066
-0.041
-0.018
-0.086
-2.457
-0.024
0.065
-0.018
-0.268
-0.283
-0.225
-0.018
-0.019
-0.018
-0.087
-0.018
-0.018
-0.044
-0.958
-1.576
-0.646
-0.229
-0.589
-0.836
-0.204
0.037
-0.401
-0.490
0.103
-0.567
-0.036
-0.707
-0.334
-0.937
-0.019
-0.191
-2.001
-1.031
-0.020
-0.117
0.111
-0.018
-0.400
0.707
4.898
0.838
0.043
1.366
1.381
0.661
5.638
3.991
3.247
2.758
-0.104
0.666
2.178
2.109
0.625
0.273
-0.018
3.558
1.561
0.244
0.550
1.746
-0.004
0.375
-0.203
0.625
1.981
1.868
0.455
1.036
1.340
-0.083
3.173
0.013
0.251
0.219
-0.154
0.089
-0.757
-1.057
-0.924
-0.013
0.225
0.265
4.722
1.715
-0.603
0.103
0.241
0.070
0.298
0.051
0.200
-0.010
0.088
0.019
0.179
1.790
2.600
1.304
0.457
-1.145
0.299
-1.534
0.616
0.173
-1.240
-0.571
-0.018
2.456
2.671
1.508
2.574
0.175
0.406
0.752
0.984
1.574
0.275
2.294
1.601
-0.074
2.014
1.874
5.620
5.108
0.386
0.001
-0.635
-0.155
1.096
0.292
1.167
-0.122
0.226
1.913
0.144
0.128
0.845
1.936
0.704
-0.153
0.225
0.161
0.562
1.516
0.120
2.340
-0.550
0.414
0.554
0.947
-0.698
0.380
0.838
-2.054
0.229
-0.711
-0.640
-1.155
0.969
-0.050
1.650
0.013
-0.664
0.013
-0.193
1.582
0.239
-0.018
-0.237
-0.198
0.961
0.875
0.950
0.887
0.004
-0.146
-0.018
0.072
0.051
0.227
-0.156
-0.016
-0.050
-0.018
0.007
2.474
0.742
1.601
0.027
-0.755
0.927
0.761
2.692
-0.354
-1.212
-0.217
-1.311
-0.599
-0.256
0.489
-2.068
0.128
0.679
0.394
0.939
1.579
0.525
-0.334
-0.268
-0.018
-0.018
0.073
0.050
0.362
-0.171
1.368
0.018
0.045
2.153
0.047
-0.018
0.072
0.600
0.104
1.266
0.305
-0.192
-0.018
0.074
0.194
0.379
-0.028
0.261
1.834
-0.121
1.504
0.071
-0.022
4.338
1.420
2.892
1.908
3.001
0.107
0.208
1.443
2.517
0.673
0.258
0.180
-0.018
-0.018
-0.288
-0.204
-0.352
1.368
-0.018
4.497
0.011
-0.118
-0.187
2.576
1.387
0.907
-0.925
-0.458
-0.447
0.564
0.295
0.530
0.210
-0.962
-0.126
-0.076
0.186
0.076
1.481
-0.012
0.426
0.108
-0.745
0.132
-0.184
-0.944
0.853
0.319
1.358
0.305
0.982
0.860
0.813
0.890
-0.135
2.738
1.610
-0.558
1.079
4.138
0.476
-0.748
0.011
0.196
0.461
0.092
-0.053
0.252
1.699
0.062
0.763
0.371
0.850
-0.026
0.046
-0.100
0.077
-0.018
-0.238
-0.351
-0.425
-0.018
-0.004
-1.151
0.282
0.283
2.601
1.563
0.371
-0.039
-1.743
-0.699
0.101
-0.004
-1.394
-0.354
-1.031
-1.090
-1.987
-4.123
-0.506
-0.698
-1.028
-0.975
-0.038
-0.839
0.009
1.157
-0.038
-0.121
0.014
-0.076
-1.398
-0.059
-0.051
2.347
-0.032
0.015
-1.005
-0.473
0.009
-0.070
-0.033
0.043
1.873
0.263
0.578
-0.174
1.911
0.494
1.038
2.213
0.021
-0.073
-0.046
-0.109
1.013
4.441
0.243
1.744
0.737
4.396
1.259
0.344
0.164
0.086
0.541
0.243
0.390
0.611
4.560
0.789
4.604
-0.508
0.020
-0.386
-0.542
-0.006
-0.018
-0.009
-0.535
0.403
0.029
0.040
0.565
0.129
1.165
0.626
-0.474
0.729
0.363
1.669
0.337
1.721
-0.018
-0.033
-0.018
0.425
0.479
-0.255
-0.085
0.186
0.122
0.106
-0.868
0.708
0.072
0.698
0.043
1.794
0.270
2.423
1.780
2.531
-0.057
0.836
0.044
0.092
-0.241
-0.018
-0.129
-0.018
0.238
0.237
0.318
0.303
0.515
0.585
-0.018
-0.395
0.184
0.208
0.134
0.725
0.192
0.694
-0.113
-0.215
0.773
-0.259
2.776
1.630
2.247
0.122
-0.089
-0.230
0.223
0.450
0.069
0.295
-0.047
0.024
0.106
-0.038
-0.018
-0.104
-0.125
-0.105
-0.005
0.133
0.073
-0.081
0.028
-0.168
-0.018
-0.258
0.290
0.347
0.035
0.016
-0.439
0.926
0.841
0.056
2.223
0.189
-0.046
1.035
0.975
0.669
0.529
0.084
3.018
0.821
1.046
0.832
0.638
-0.078
0.185
0.718
-0.486
-0.539
0.324
-0.514
-0.072
-0.162
-0.042
2.550
-0.145
1.255
-1.122
-0.349
-0.465
2.699
-0.758
-0.851
-0.964
-0.021
-1.389
0.055
-1.441
0.008
0.669
1.057
-0.018
0.001
-0.606
-0.305
0.029
0.146
0.004
2.003
-0.376
0.153
-0.257
-0.056
-1.468
2.805
0.018
0.303
-0.024
