-0.460
-0.006
-0.028
-0.142
-0.118
-0.145
-0.124
-0.028
-0.269
-0.149
-0.160
-0.647
-0.200
-0.119
0.023
0.048
0.386
0.351
-0.306
-0.272
-0.280
1.832
0.580
-0.211
-0.081
-0.913
-0.178
-0.278
-0.096
-0.141
0.025
-0.123
-0.066
-0.549
-0.140
-3.821
-2.402
-3.259
-1.179
-2.842
-3.345
-4.229
-0.040
0.283
-0.138
-0.316
-0.124
-0.124
-3.040
-1.573
-2.155
-2.356
-3.174
-3.158
-2.710
-1.856
-0.964
-0.186
-1.293
-3.860
-0.570
-0.621
-2.175
-2.802
-1.400
-4.178
-2.448
-0.664
-0.470
-1.361
-1.113
-0.231
0.106
-0.364
-0.124
-1.665
-0.212
1.142
-4.069
0.118
0.089
-1.414
-1.337
-0.146
-0.297
0.024
-1.936
-3.334
-0.898
-0.326
0.248
-0.674
-0.520
-0.327
-0.607
-0.080
-0.124
-0.034
-1.727
-0.878
-0.084
-0.081
-0.342
-0.212
-0.263
0.204
-0.202
-0.124
-0.107
-0.037
-0.124
-0.124
-0.082
-0.124
-0.124
-0.124
-0.208
-0.079
-0.113
-0.121
-0.183
-0.162
-0.126
-0.101
-0.039
-1.703
0.876
1.187
1.118
-0.543
-0.058
-0.134
-1.521
-1.497
1.460
-0.998
-1.108
-1.113
-0.295
-0.706
-0.547
-0.277
0.981
-0.124
-0.105
-0.124
-0.165
-0.124
-0.937
-1.581
-1.131
-0.128
-0.980
-2.810
-2.477
-3.595
-2.851
-4.089
-3.849
-0.682
-1.564
-2.363
-1.658
-0.114
0.016
-0.142
-1.830
-1.735
-0.567
-0.273
-1.377
0.024
-0.469
0.136
-0.768
-2.747
-1.911
-0.646
-0.987
-1.038
0.234
-2.100
0.043
-0.604
-1.007
-1.707
-0.275
0.332
-0.245
-0.178
-0.066
-0.218
0.605
0.178
-0.236
-0.132
-0.587
-0.497
-0.565
-0.243
-0.153
-0.245
1.095
-0.017
-0.217
0.043
-3.193
-2.111
-1.267
-0.316
-0.072
-0.234
0.133
-1.099
-0.165
0.377
0.606
-0.012
-1.908
-2.896
-1.407
-2.901
-1.242
-2.273
-0.281
-1.079
-1.478
-0.427
-1.514
-0.679
-0.651
-2.622
-1.530
-1.401
-2.659
-0.005
1.055
-0.124
-1.021
-0.884
-0.600
-0.984
-0.678
-0.141
-3.441
-0.124
-0.376
-0.240
-0.621
-1.030
0.032
-1.602
-0.603
-0.095
-0.749
-0.843
-2.445
-0.125
-0.048
-1.929
-1.473
-0.165
-0.665
-0.601
1.926
-0.489
0.790
-0.485
-0.165
-1.238
0.045
-1.912
-0.097
-0.091
-1.300
-0.124
-0.276
-0.134
-0.263
-0.131
-0.013
-0.681
-0.056
-0.876
-1.423
-0.313
-1.182
-0.310
-0.117
-0.255
-1.103
0.986
0.015
0.288
-0.043
-0.101
-0.423
0.095
-2.536
-0.308
-0.184
-1.493
-0.621
-1.655
-0.368
-0.152
0.751
1.341
0.975
-0.448
-0.272
0.674
-0.634
-0.133
-0.453
-2.620
0.346
1.370
-0.064
-0.116
0.051
0.129
-0.167
-0.124
-0.136
-0.148
-0.124
-0.124
-0.124
-1.823
-0.991
-0.175
-0.011
-0.772
-0.214
-1.390
-0.507
-0.581
-0.128
-0.138
-0.753
-1.226
0.617
-0.167
-0.962
0.364
-0.585
-0.094
-0.276
-3.338
-1.834
-0.875
-1.615
-1.380
-0.325
-0.266
-2.241
-2.486
-1.285
-1.241
-0.856
-0.124
-1.211
-0.599
-0.393
-0.559
-1.976
-0.130
-2.367
0.105
-2.349
-1.166
-1.424
-0.692
-1.344
-0.502
-0.193
-0.234
-0.153
-0.070
-0.213
0.725
0.697
-0.072
-0.700
-0.360
-0.144
-0.225
-0.987
-0.577
0.247
-0.817
-0.306
-1.007
-0.800
-1.336
-1.055
-2.378
0.085
-1.881
-1.614
0.348
-1.227
-1.733
-0.337
-0.251
-1.131
-0.824
-2.621
-0.325
-0.261
-0.124
-0.449
-0.177
-0.253
-0.308
-0.143
-1.012
-0.473
-1.271
-1.419
-1.278
-0.124
-0.135
-0.272
-2.514
-0.744
-0.273
-0.742
-0.479
-0.122
-0.077
0.528
-0.384
-0.230
-1.842
-1.781
-0.124
0.092
1.297
0.230
0.030
0.156
0.178
-0.337
0.372
0.471
0.127
0.462
-0.307
-0.787
1.132
0.445
-0.176
-0.655
-0.054
-2.277
0.847
0.239
-1.758
0.686
-0.282
-3.059
0.264
-0.868
-0.305
-0.067
-0.182
-0.311
-0.269
-0.660
0.194
-0.230
-1.950
-0.121
-2.659
-1.151
-0.293
-0.341
-0.751
-2.121
-0.085
0.048
-0.422
-0.310
-0.350
-2.058
-0.933
-1.519
-0.798
-2.755
-1.370
-0.238
-0.175
-0.151
-0.836
-0.482
-0.339
-0.632
-2.528
-1.747
-2.305
-0.091
-0.109
0.070
-0.298
-0.168
-0.797
-0.447
-0.744
-0.633
-0.317
-0.095
-0.737
-0.095
-0.228
-0.477
-0.245
-0.590
-0.741
-2.351
-2.272
-0.821
-0.476
0.581
0.272
-0.124
-0.124
-0.107
-0.118
-0.341
-0.182
-0.145
-0.456
-1.541
-0.271
-1.004
-0.457
-0.350
-1.324
-3.350
-0.779
-0.979
0.227
-0.873
-0.713
-2.426
-0.487
-0.106
1.026
-0.216
-0.971
-0.011
-0.559
-0.562
-0.126
-0.102
-0.203
-0.124
-0.124
-0.298
-0.349
-0.161
-0.872
-0.329
0.390
0.356
-1.321
0.052
-2.188
-1.651
-0.165
-1.776
-2.206
-0.593
-0.124
-0.711
-0.175
-0.297
0.314
-0.063
0.228
-0.042
-0.124
-0.068
0.141
-0.124
0.011
-1.509
-0.935
0.023
-0.124
-0.044
-0.124
0.034
-0.259
-0.376
-0.124
-0.315
-0.133
-0.837
-0.315
-0.252
-1.901
-1.436
-0.712
-0.304
-0.370
-0.111
-0.402
-0.140
-1.967
-0.838
-1.200
-3.816
-0.760
-0.005
-2.374
-0.908
0.448
-0.101
-0.462
1.174
0.794
0.093
-0.323
-1.047
-0.201
0.105
-1.913
-0.715
0.730
-0.405
0.308
0.694
0.100
-0.115
-0.998
-0.866
-0.009
0.201
-0.720
-0.818
-0.025
-0.091
0.182
0.209
-0.797
-0.133
-1.453
-1.308
-1.137
-0.419
-0.347
-0.124
0.414
-2.660
-0.163
-0.322
0.465
