0.491
-0.079
0.005
-0.384
0.120
0.178
0.610
0.496
0.953
0.415
0.499
0.209
0.295
0.326
-0.526
0.051
-0.665
-0.484
0.075
0.042
0.341
-1.221
-0.456
0.156
-0.060
-0.636
0.029
-0.159
0.321
-0.231
0.481
-0.070
-0.461
-0.142
-0.413
2.362
1.958
1.986
0.417
1.181
1.730
3.304
-0.100
-0.257
0.382
-0.008
0.262
-0.016
2.299
1.495
3.097
2.092
2.371
2.889
2.070
1.187
1.152
0.174
0.954
3.154
1.263
1.519
1.182
1.322
1.112
1.485
0.978
0.465
-0.193
0.321
1.227
-0.392
-0.421
0.297
1.535
2.352
1.308
-0.775
3.515
-0.263
-1.211
0.890
0.633
0.127
-0.483
-0.267
0.535
1.858
0.254
-0.221
-0.585
0.450
0.325
0.676
0.462
-0.407
-0.183
-0.385
1.554
0.596
0.436
-0.002
1.799
1.509
0.577
-0.496
0.002
-0.074
-0.312
-0.780
-0.065
0.102
-0.979
-0.418
-0.853
-0.619
-0.216
0.050
-0.328
-0.418
-0.069
-0.253
-0.468
-0.835
-0.630
1.966
-0.058
-0.479
-0.138
0.439
0.048
0.200
1.052
0.845
-0.868
0.000
0.456
0.931
-0.698
0.666
0.953
-1.325
-1.201
0.295
0.064
0.182
0.356
0.168
0.822
1.859
0.665
0.118
0.929
2.086
1.758
3.177
2.229
2.851
2.909
0.805
1.229
2.471
1.680
0.504
-0.082
0.414
1.063
0.618
0.304
0.232
0.913
-0.191
0.136
-0.435
0.527
1.534
1.038
0.680
1.394
0.557
-0.204
0.981
-0.073
0.561
1.063
1.429
0.255
-0.272
0.412
-0.199
-0.174
0.761
-0.048
2.748
2.085
-0.033
0.583
0.671
0.028
0.330
0.466
0.788
-0.161
0.305
0.497
0.222
2.179
2.653
0.849
0.087
0.376
0.001
-0.817
0.511
0.063
-0.813
-0.545
-0.286
4.077
2.033
1.072
2.610
0.279
1.773
0.972
0.755
0.843
0.543
1.202
0.682
0.024
1.611
1.359
1.518
3.036
0.107
-0.535
1.164
0.593
1.065
0.381
0.946
0.258
0.042
2.463
0.129
0.700
-0.188
1.170
1.841
-0.014
0.715
0.265
0.116
1.232
0.447
1.235
0.108
0.766
0.786
0.419
0.550
0.642
0.479
-1.153
-0.757
-0.441
-0.028
0.013
1.225
-0.197
1.119
-0.141
-0.046
1.098
0.007
0.855
0.494
0.541
0.015
0.326
0.519
1.229
0.954
0.976
0.149
0.933
-0.335
-0.231
0.582
1.840
-0.317
-0.075
-0.439
-0.294
-0.472
0.296
-0.373
1.308
-0.607
-0.141
0.617
0.114
1.068
0.019
0.378
-0.760
-1.996
-1.114
-0.077
0.052
-0.790
0.732
-0.557
0.841
1.683
0.557
-0.721
-0.151
-0.109
0.226
0.160
0.142
0.113
0.718
-0.021
0.326
-0.185
-0.071
1.745
1.597
0.303
-0.124
0.319
-0.014
1.132
0.249
0.100
-0.090
-0.047
0.615
1.767
-0.599
0.649
0.347
0.003
0.355
-0.240
-0.249
2.442
1.557
1.225
1.459
1.724
1.163
0.349
0.758
1.377
0.724
0.601
1.060
0.133
0.877
1.053
1.081
0.317
0.965
0.239
2.946
-0.666
1.422
0.559
1.401
0.388
1.532
0.807
0.527
-0.064
0.185
-0.031
0.164
-0.408
-1.031
0.030
-0.023
0.596
0.115
0.596
1.529
1.260
0.315
0.367
0.417
-0.098
0.204
0.324
0.359
0.814
0.282
3.137
1.293
1.208
0.876
0.767
1.868
0.814
0.782
3.689
2.161
0.160
0.992
0.341
0.714
-0.023
0.340
0.042
0.395
1.489
0.391
1.028
0.383
0.535
-0.100
0.293
0.716
0.020
0.216
0.194
0.102
-0.308
0.384
0.012
-0.342
-0.120
-0.571
1.620
0.721
0.605
-0.135
-1.572
-0.697
-0.335
-0.710
-0.606
0.265
-0.611
-0.388
-0.771
-0.520
-0.197
0.334
-0.115
-0.561
-0.105
0.610
-0.204
0.941
-0.766
-0.320
1.711
-0.683
0.477
1.128
-0.147
0.030
0.756
0.190
-0.427
0.310
0.371
0.758
-0.488
0.680
2.186
0.145
3.248
1.351
0.223
-0.204
0.889
2.467
0.101
-0.068
0.376
-0.012
1.127
1.972
0.508
1.739
0.386
1.972
0.682
0.428
0.488
0.429
0.559
0.161
0.135
0.484
1.352
0.745
1.360
0.420
0.195
0.507
0.574
0.407
-0.098
-0.295
0.570
0.227
0.295
0.095
0.616
0.222
0.096
0.603
0.824
0.533
0.341
2.204
1.677
0.775
-0.127
-0.649
-0.352
0.218
0.814
0.237
0.183
0.189
-0.135
-0.138
0.085
0.897
0.262
0.772
0.551
0.921
1.372
3.174
1.140
1.011
0.053
0.169
0.731
0.342
-0.867
0.545
-0.096
-0.013
0.886
0.541
0.500
0.304
0.150
0.151
0.029
-0.185
-0.242
0.777
0.328
0.378
0.399
0.495
0.004
-0.269
0.498
-0.242
3.704
0.917
0.206
-0.018
0.863
0.156
0.232
0.420
-0.148
0.260
-0.217
0.049
0.036
-0.158
0.024
-0.281
-0.456
-0.142
-0.332
1.228
0.795
-0.295
-0.551
-0.457
-0.293
-0.077
0.379
-0.037
-0.120
0.277
0.020
0.778
0.596
0.108
1.929
0.480
0.233
0.950
0.834
0.111
2.060
0.377
0.514
0.478
0.519
2.639
0.564
-0.090
-0.493
0.747
-0.466
-0.184
0.240
-0.271
-0.318
0.162
0.258
1.383
-0.143
0.906
1.338
0.593
-1.325
0.269
-0.541
-0.293
-1.128
1.998
-0.524
0.625
-0.483
-0.967
1.241
1.202
-0.117
-0.409
-0.807
-1.293
0.829
0.455
0.788
0.750
0.118
-0.058
-0.065
-0.051
-1.458
2.585
-0.122
-0.041
0.236
