0.335
-0.032
0.003
0.068
0.045
-0.069
0.114
0.172
0.196
-0.022
0.384
0.554
0.408
0.207
-0.186
-0.082
-0.125
-0.125
-0.096
-0.032
0.813
-0.783
-0.622
0.173
0.009
0.262
0.144
0.210
0.294
0.054
0.062
0.209
-0.054
0.312
-0.025
2.223
1.676
1.915
0.664
1.368
1.380
2.649
-0.035
-0.655
-0.001
-0.092
0.431
0.342
1.680
0.815
1.794
0.811
1.557
2.554
2.085
1.171
1.641
0.512
1.074
2.541
1.185
0.706
1.275
1.329
0.583
2.158
1.407
0.326
0.382
0.632
0.613
0.207
-0.567
0.292
0.538
1.605
0.605
-0.870
2.768
0.024
-0.215
1.274
0.627
0.289
-0.207
0.002
0.793
2.570
0.803
0.094
-0.381
-0.048
0.273
0.642
-0.050
-0.099
0.020
0.014
0.655
0.180
-0.100
0.029
-0.264
0.493
0.418
-0.463
0.001
-0.524
0.023
-0.129
-0.165
0.016
-0.204
-0.025
-0.161
-0.131
-0.012
-0.192
-0.039
-0.184
0.003
-0.069
-0.141
-0.134
-0.118
0.799
0.071
-0.790
-0.386
0.532
-0.053
-0.102
0.550
0.619
-0.980
0.520
-0.181
0.528
-0.901
0.394
0.486
-0.822
-0.760
1.028
0.205
0.119
0.487
0.346
1.613
1.346
1.189
-0.366
0.800
1.415
1.755
2.355
2.273
1.921
1.766
-0.411
0.841
1.156
1.322
0.080
-0.273
0.007
0.833
1.247
0.179
0.381
1.097
-0.125
0.064
0.122
0.642
1.692
0.893
0.644
1.064
1.135
-0.102
1.304
-0.133
0.661
0.448
0.367
0.187
-0.329
0.434
0.121
0.194
0.186
-0.245
1.319
0.721
-0.385
0.382
0.877
0.286
0.095
0.408
0.088
-0.529
0.269
0.394
0.762
1.718
1.229
0.431
-0.059
0.559
0.564
-1.002
0.400
0.953
-0.308
-1.083
-0.046
1.231
1.607
1.013
2.071
0.850
1.358
1.164
0.666
1.150
1.153
1.021
0.609
0.529
1.720
0.821
0.740
2.035
-0.038
-0.410
0.693
0.214
0.546
0.272
0.815
0.262
0.080
2.354
-0.047
1.247
0.525
0.708
0.646
0.138
1.123
0.183
0.169
1.133
0.395
1.041
-0.185
-0.081
1.286
1.119
0.270
0.693
0.645
-1.441
-0.132
-0.618
0.635
-0.005
0.825
-0.105
0.426
-0.071
-0.097
0.450
-0.125
0.035
0.163
0.660
-0.742
0.544
0.583
0.341
1.100
1.553
0.108
0.528
0.013
-0.064
0.023
1.488
-0.049
-0.020
-0.237
-0.098
0.019
0.348
-0.240
1.799
0.190
-0.098
0.995
0.177
0.531
0.241
0.127
-0.563
-1.089
-1.135
0.256
0.168
-0.260
0.693
0.047
0.268
1.646
0.512
-0.121
0.089
-0.058
0.230
0.079
0.400
0.095
0.466
0.007
0.635
0.212
0.083
1.171
0.727
0.436
0.086
0.802
0.342
1.129
0.583
0.598
-0.003
-0.244
0.140
0.778
-0.630
0.579
0.454
0.019
0.429
-0.004
-0.024
2.346
1.290
1.043
1.337
1.359
0.938
0.232
1.463
1.385
1.140
0.327
0.693
-0.020
0.572
0.789
0.652
1.096
2.704
-0.125
1.341
-0.125
1.495
0.725
1.357
0.380
1.600
0.672
0.603
0.788
0.246
0.480
0.207
-0.357
-0.761
0.372
0.510
0.112
0.259
0.274
0.131
0.408
-0.575
0.224
0.050
0.181
0.278
1.008
0.376
1.642
0.139
1.489
0.658
-0.065
0.592
0.769
0.917
0.791
0.551
1.245
1.553
0.157
0.284
0.250
0.253
-0.191
0.334
0.094
0.061
0.382
0.038
0.826
0.422
0.749
0.312
0.530
-0.254
0.545
0.279
0.113
-0.261
-1.254
0.327
0.134
-0.210
0.134
-0.532
1.030
1.347
0.251
-0.055
-0.759
-0.622
0.179
-0.136
-0.400
0.222
-0.632
-0.464
-0.637
-1.064
-0.656
0.163
-0.336
-0.389
-0.058
0.827
-0.128
1.479
-0.637
-0.195
0.880
-0.459
0.657
1.238
-0.343
0.894
0.342
0.171
-0.116
0.226
0.646
0.678
-0.165
0.316
1.091
-0.043
1.463
0.776
0.164
0.008
0.626
1.523
-0.036
-0.196
0.724
0.521
0.416
1.165
0.718
1.388
0.563
2.438
1.119
0.268
0.251
-0.042
0.650
0.653
0.207
0.817
1.650
0.870
1.720
0.041
0.292
0.100
0.199
0.018
0.203
-0.046
0.004
0.238
0.169
0.175
0.629
0.287
0.166
0.076
0.656
0.446
0.532
0.966
0.852
0.402
0.265
-0.379
-0.072
0.498
0.936
0.314
-0.096
0.291
0.106
-0.102
0.337
0.792
0.181
0.594
0.302
0.470
0.944
2.484
1.017
1.167
0.163
0.556
0.380
0.567
0.020
0.202
0.190
0.264
0.715
0.095
0.374
0.283
0.379
-0.084
0.245
0.184
-0.151
0.398
0.256
0.292
0.688
0.441
0.006
-0.282
0.801
-0.111
1.493
1.833
0.253
1.022
0.866
0.673
0.476
0.662
0.136
0.460
-0.319
-0.010
-0.191
-0.342
0.419
-0.161
-0.145
0.027
-0.051
0.328
1.426
0.072
-0.120
-0.125
0.087
0.331
0.832
-0.150
0.337
0.456
0.075
0.595
0.655
0.154
1.761
0.556
0.845
1.230
0.792
0.712
1.261
0.501
0.843
0.631
0.444
2.460
1.150
0.110
0.567
0.266
-0.208
0.019
0.395
-0.249
0.095
0.671
0.688
0.870
-0.181
0.163
1.342
0.703
-0.828
0.400
-0.212
-0.476
-0.589
0.779
-0.328
0.820
-0.125
-0.287
0.299
0.454
-0.132
-0.173
-0.218
-0.512
0.782
0.377
0.507
0.803
0.734
0.337
-0.074
-0.250
-0.993
0.830
-0.153
-0.230
-0.187
