0.023
-0.060
0.017
-0.121
-0.152
0.156
-0.249
-0.186
-0.549
-0.120
-0.296
-0.347
-0.298
-0.698
-0.010
0.113
0.312
0.235
0.365
0.934
-0.556
1.353
0.767
-0.095
0.012
-0.285
-0.467
-0.094
-0.555
-0.045
-0.128
-0.187
0.010
0.069
0.059
-2.796
-2.722
-2.024
-0.538
-2.038
-2.127
-4.621
0.009
0.339
-0.137
0.106
-0.221
0.696
-2.198
-2.119
-2.737
-1.821
-2.300
-3.281
-2.828
-2.024
-1.258
-0.107
-0.460
-4.827
-1.338
-1.293
-1.855
-2.232
-1.427
-3.728
-2.203
-0.739
0.393
-0.185
-1.426
0.131
-0.314
-0.177
-1.408
-2.434
-0.502
2.246
-3.446
0.189
1.812
-1.758
-0.138
-0.734
0.337
-0.466
-2.116
-2.568
-0.602
0.305
-0.082
0.048
0.127
-0.996
-0.629
0.008
0.105
0.056
-0.877
-0.426
0.470
-0.090
-0.448
-0.977
-0.102
0.075
0.011
0.035
0.038
0.044
0.508
-0.297
0.122
0.198
0.316
0.079
0.011
0.241
0.129
0.093
0.039
0.019
-0.006
0.366
0.037
-1.212
0.511
0.180
0.027
-0.225
0.072
-0.107
-0.619
-0.192
0.797
-0.353
0.503
-0.287
1.086
-0.212
-0.121
2.030
-0.028
-0.339
-0.328
0.055
-0.232
-0.121
-0.202
-3.644
-0.128
-0.096
-1.399
-2.365
-2.759
-3.285
-2.300
-1.769
-3.952
-0.943
-2.525
-3.029
-1.149
-0.442
0.813
-0.088
-1.620
-1.067
-0.659
-0.479
-1.856
-0.162
0.936
0.212
-1.518
-2.411
-2.619
-0.398
-3.050
-1.554
-0.127
-2.539
0.048
-0.763
-0.644
-0.972
-0.691
1.316
0.173
0.093
-0.098
-0.994
0.771
-2.958
-2.326
0.531
-0.708
-0.580
-0.570
0.006
-0.106
-0.428
0.314
0.028
-0.161
-0.364
-2.541
-1.846
-0.898
0.534
-0.965
-0.160
-0.096
0.210
-0.593
1.974
2.537
0.205
-1.591
-2.023
-0.904
-3.355
-0.436
-2.640
-1.639
-0.960
-1.173
-1.093
-1.611
-1.741
-1.495
-2.618
-1.681
-1.213
-3.764
1.649
2.681
-1.177
-0.285
-0.269
-0.837
-0.654
0.587
0.095
-3.706
0.077
-0.714
0.907
-0.587
-2.153
0.200
-0.789
-0.111
0.296
-1.388
-0.543
-3.209
-0.407
-0.240
-1.900
-0.798
-0.179
-0.293
-0.498
1.952
-0.120
0.878
0.134
0.189
-1.069
0.341
-0.711
-0.081
0.110
-0.999
-0.081
-1.124
-0.896
-0.474
0.189
0.023
-0.951
-0.946
-1.902
-0.983
-0.007
-0.310
-0.006
-0.018
-1.039
-2.090
0.967
0.078
0.311
0.227
0.060
0.734
1.238
-2.573
0.407
0.321
-1.239
-1.619
-1.935
-0.024
0.183
1.298
2.409
0.390
-0.670
0.544
0.921
-0.644
0.302
-1.068
-1.813
-1.544
0.951
-0.217
0.039
-0.011
0.237
-0.415
-0.229
-0.358
0.126
-0.602
0.076
0.011
-1.184
-0.058
-0.382
-0.573
-1.083
-0.632
-1.636
-0.399
-0.380
-0.057
-0.276
-0.542
-1.128
0.024
-0.429
-0.387
0.161
-0.478
0.221
0.088
-2.935
-1.775
-0.919
-2.565
-1.074
-0.665
-0.359
-2.519
-2.863
-1.348
-0.847
-0.617
-0.008
-0.874
-1.017
-0.129
-0.245
-0.115
-0.028
-1.946
1.739
-1.421
-0.635
-2.186
-0.931
-0.832
-0.187
0.142
0.311
-0.383
0.265
0.455
0.073
2.349
-1.035
-0.696
-0.121
0.259
-0.771
-1.705
-1.614
0.572
-0.150
-0.163
-0.102
0.636
-1.390
-0.293
-0.121
0.233
-1.908
-0.881
-0.624
-0.899
-0.945
-1.519
-1.330
-0.893
-1.351
-2.945
-0.303
-1.280
-0.067
-0.618
0.799
-0.237
-0.340
-0.331
-0.792
-0.180
-1.791
-0.402
-0.502
-0.120
-0.519
-0.790
-0.632
-0.205
0.175
-0.492
1.075
-0.139
-0.301
-0.239
-1.033
-0.119
-1.410
-0.816
0.148
0.119
2.457
0.493
0.163
0.235
0.160
0.150
0.916
1.892
1.838
0.999
0.371
-0.415
0.603
0.514
0.059
-0.690
1.350
-1.358
0.770
0.385
-0.870
0.655
-0.036
-1.664
0.822
-0.803
0.238
-0.863
-0.623
0.143
-0.871
-1.200
0.297
-0.404
-1.847
0.272
-2.997
-0.832
-0.328
-0.092
-0.642
-2.257
0.056
0.139
-0.040
0.201
-0.436
-1.474
-0.372
-1.525
-1.011
-2.608
-1.109
-0.327
-0.381
-0.131
-0.757
-0.285
-0.340
-1.361
-2.630
-1.464
-1.528
0.138
-0.261
-0.206
-0.125
-0.131
0.034
0.713
-0.318
-0.425
-0.099
-0.374
-0.386
-0.577
-0.264
-0.162
-0.330
-0.184
-0.335
-2.349
-1.512
-0.186
-0.138
0.439
-0.256
-0.177
-1.061
-0.245
-0.727
-0.118
0.134
0.282
-1.009
-1.433
-0.433
-0.713
-0.383
-1.296
-1.599
-3.394
-1.103
-1.275
0.418
-1.158
-0.417
-0.900
-0.367
-0.101
0.994
-0.052
-0.583
-0.717
-0.592
-0.266
-0.266
-0.202
-0.109
-0.089
-0.074
-0.747
-0.378
-0.140
-0.719
-0.766
0.277
0.302
-1.079
0.087
-1.856
-1.149
-0.938
0.365
-0.444
-0.543
0.214
-0.747
-0.100
-0.293
-0.026
-0.036
-0.102
0.361
-0.139
0.404
0.623
0.299
1.049
-4.569
-1.345
0.224
-0.050
-0.194
-0.105
-0.077
-0.457
0.137
-0.156
-0.405
-0.084
-0.879
-0.441
-0.409
-1.471
-0.899
-0.623
-1.223
-0.755
-0.239
-0.923
-0.438
-1.359
-0.486
-1.044
-3.114
-1.278
-0.389
0.642
-0.754
0.322
0.298
-0.771
0.783
1.063
0.081
-0.202
-1.996
-0.219
-0.279
-1.422
-0.587
1.305
-0.821
0.479
1.976
0.512
-1.439
-0.052
-0.158
0.010
0.999
-0.607
-0.625
0.084
0.180
0.224
1.947
-1.401
-0.175
-0.831
-0.968
-0.237
0.041
0.122
0.051
0.462
-1.842
0.047
-0.111
-0.547
