-0.275
-0.612
-0.182
-0.135
0.030
0.119
-0.034
-0.118
-0.034
-0.284
-0.409
-0.169
-0.073
-0.536
0.342
0.260
0.270
0.169
-0.116
-0.236
-1.505
2.016
1.000
-0.061
-0.044
0.299
-0.034
0.082
-0.034
-0.009
0.083
0.041
0.551
-0.093
-0.025
-2.501
-2.567
-2.732
-1.033
-2.317
-0.981
-3.811
-0.002
-0.034
-0.014
0.362
-0.223
-0.613
-2.766
-1.395
-1.927
-1.110
-1.405
-3.813
-2.446
-1.568
-1.275
0.083
-0.607
-1.463
-1.586
-0.869
-0.747
-1.660
-0.504
-2.956
-1.631
-0.542
0.236
-0.391
-1.000
0.107
0.683
-0.034
-0.172
-0.721
-0.017
1.066
-3.589
-0.277
0.352
-1.524
0.015
0.102
0.807
0.031
-1.548
-2.338
-0.691
0.262
0.041
-0.120
-0.009
-0.242
-0.024
0.071
-0.152
-0.243
-1.791
-0.079
-0.034
-0.034
-0.060
-0.242
-0.144
0.151
-0.034
0.351
-0.006
0.155
0.089
-0.034
0.430
1.069
0.188
0.008
0.002
0.395
0.207
0.058
-0.007
-0.005
0.128
0.265
0.019
-0.384
0.173
0.922
0.190
0.149
0.074
-0.170
-0.373
-0.018
0.825
-0.377
-0.156
-0.190
2.093
-0.361
-0.302
1.292
1.538
-0.406
0.168
0.118
-0.232
0.013
0.005
-1.417
0.448
0.043
-0.909
-1.280
-1.197
-4.587
-1.536
-3.680
-2.661
0.385
-0.113
-1.494
-1.577
-0.386
0.116
-0.223
-1.174
-1.931
-0.029
-0.453
-0.034
0.995
-0.467
0.026
-0.044
-1.893
-1.589
-0.065
-0.157
-0.592
0.023
-2.967
-0.093
-0.224
-0.669
-0.433
-0.400
0.221
-0.250
0.052
-0.109
-0.680
0.722
-2.631
-0.944
0.664
-0.223
-1.057
-0.034
-0.178
-1.863
-0.053
0.356
0.012
0.045
0.005
-3.629
-0.377
-1.345
0.047
0.295
-0.489
1.807
-0.750
-0.300
1.971
0.722
0.049
-3.441
-2.690
-0.913
-2.559
-0.750
-1.249
-1.126
-0.211
-0.343
-0.747
-1.123
-0.169
-0.211
-1.133
-1.412
-1.221
-2.869
0.324
0.792
-1.291
-0.282
-0.491
-0.172
-0.941
-0.338
0.121
-2.552
-0.087
-0.111
-0.554
-0.294
-0.679
0.048
-0.526
-1.105
-0.070
-0.193
-0.737
-1.404
-0.175
-2.505
-0.062
-0.422
-0.271
-0.179
-0.246
0.850
-0.244
0.695
-0.139
0.249
-0.716
-0.020
0.469
-0.034
-0.046
-0.655
-0.429
0.507
-1.968
-1.073
0.087
-0.377
-0.369
-0.544
-1.312
-1.423
-0.028
-1.333
-0.507
-0.034
-0.166
-1.770
0.148
0.068
0.168
0.125
0.820
-0.388
-0.332
-2.818
-0.417
0.159
-2.996
-0.649
-1.296
0.011
-0.794
1.360
2.550
0.945
-0.014
-0.175
0.667
-0.373
-0.075
-0.202
-2.300
0.368
-0.331
-0.632
-0.159
-0.152
-0.224
0.016
0.006
-0.219
0.110
-0.307
-0.052
-0.042
-2.013
-0.964
-0.291
-0.038
-0.770
-0.428
-0.914
-0.239
-0.175
-0.153
-0.476
-0.034
-0.034
0.105
-0.350
-0.098
-0.037
-0.129
-0.036
-0.036
-4.679
-1.131
-0.437
-1.717
-2.069
-0.221
-0.057
-1.168
-1.856
-0.194
-0.605
-0.143
-0.069
-0.080
0.469
0.406
1.458
-1.530
0.221
-1.900
0.246
-0.787
-1.261
-1.071
-0.611
-2.103
0.009
-0.363
-0.152
-0.043
0.005
-0.034
0.325
1.433
0.115
0.207
-1.200
-1.601
-0.071
-0.076
0.169
0.717
-0.324
-0.112
0.211
-0.078
-1.017
-0.284
-1.295
0.518
-1.933
-1.198
-0.268
-0.182
-1.213
-0.093
-0.118
-0.160
-1.977
-3.638
-0.125
-0.009
0.085
0.499
-0.711
-0.034
0.166
-0.986
-0.558
-0.034
-0.950
-0.351
-0.432
0.117
-0.127
-0.403
-0.282
-0.034
-0.328
-0.294
-0.051
-0.266
0.080
-0.006
-0.689
-0.298
-1.545
-1.336
-0.314
0.241
1.333
0.824
0.336
0.646
1.128
0.146
0.540
0.427
1.184
1.205
0.999
0.117
0.016
0.262
0.055
-0.034
0.458
-0.135
0.126
-0.032
-0.366
1.068
0.315
-0.231
0.480
-0.014
-0.087
-0.087
0.421
-0.074
-0.038
0.096
0.400
-0.220
-1.102
-0.289
-3.595
-0.979
-1.063
0.026
0.092
-0.536
-0.243
0.246
-0.272
0.314
0.217
-1.680
-0.168
-0.432
-0.128
-2.009
-0.925
-0.052
-0.100
-0.037
-1.276
-0.215
-0.489
-0.431
-1.989
-0.716
-1.611
-0.089
-0.538
0.013
-0.303
-0.034
-0.086
0.232
-0.165
-0.567
-0.167
-0.135
-0.191
-0.019
-0.499
-0.038
-0.308
-0.369
0.018
-1.952
-1.423
-0.090
0.436
0.464
-0.034
-0.397
-0.215
-0.119
-0.115
-0.129
-0.295
-0.158
-0.034
-0.653
-0.102
-0.919
-0.490
-0.129
-0.597
-2.858
-0.142
-0.426
-0.221
-0.155
-0.034
-0.861
-0.266
-0.034
-0.034
-0.011
-0.167
-1.376
-0.170
-0.954
-0.921
-0.002
0.048
0.104
0.492
-0.393
-0.727
-0.092
-0.133
-0.613
0.036
0.534
-1.367
-0.034
-2.627
-0.551
-0.567
0.134
-0.375
-1.759
-0.355
-0.666
-0.326
-0.104
0.135
0.035
0.101
0.613
-0.034
0.541
0.919
-0.034
0.737
-1.658
-0.616
0.058
0.353
-0.802
-0.511
-0.029
-0.771
-0.186
-0.124
-0.034
0.028
-0.093
-0.034
-0.034
-1.128
-0.277
-0.550
-0.950
-0.935
0.375
-1.973
-0.105
-0.701
-0.359
-0.996
-3.211
-0.841
-0.028
-0.313
-1.239
0.322
-0.434
-0.232
1.442
0.760
0.281
-0.068
-0.559
-0.006
-0.557
-1.493
-0.541
0.625
-0.168
0.437
0.597
0.383
0.192
0.091
-1.697
0.289
0.533
-0.286
-0.670
0.243
-0.264
0.161
-0.028
-0.296
0.042
-0.695
-1.463
-0.983
-0.067
-0.003
0.675
0.215
-1.294
0.172
0.062
-0.400
