0.081
-0.093
-0.087
-0.191
-0.078
-0.024
-0.305
-0.149
-0.302
-0.087
-0.785
-0.395
-0.156
-0.216
-0.228
0.126
0.085
0.106
-0.322
-0.914
-0.164
1.009
-0.405
-0.420
-0.049
0.209
-0.127
-0.162
-0.539
-0.102
-0.252
-0.142
-0.154
-0.114
0.163
-2.609
-2.589
-3.277
-0.988
-1.232
-1.769
-3.719
-0.052
0.119
-0.067
0.023
-0.455
-0.480
-3.258
-0.832
-2.655
-0.681
-2.320
-3.406
-2.871
-2.122
-0.882
-0.064
-0.228
-3.968
-1.007
-1.190
-1.041
-2.142
-1.988
-1.789
-1.843
-0.611
-0.213
-0.962
-1.282
0.402
-0.558
-0.480
0.266
-0.051
0.415
0.958
-3.520
-0.160
0.203
-1.031
-0.407
-0.471
0.191
-0.439
-1.381
-2.042
-1.140
-0.532
0.041
-0.052
-0.094
-0.691
-0.575
-0.059
-0.243
-0.105
-1.841
-0.959
-0.558
0.277
0.844
0.133
-0.039
0.106
-0.042
0.746
-0.020
-0.027
0.114
-0.065
0.185
-0.048
0.012
0.022
-0.071
0.019
-0.041
0.127
-0.058
0.105
0.047
0.009
-0.054
-0.963
-0.013
0.595
-0.004
-0.343
-0.175
0.337
-0.102
-0.924
0.279
-1.139
-0.164
-0.237
0.525
-0.016
0.086
0.894
0.942
-0.425
-0.610
0.219
-0.504
-0.654
-0.201
-2.379
-0.678
0.029
-1.042
-2.372
-2.359
-3.539
-2.248
-1.729
-1.900
0.561
-0.810
-1.680
-1.431
-0.337
0.507
-0.148
-1.445
-1.156
-0.357
-0.552
-0.939
-0.031
-0.136
-0.087
-0.719
-1.945
-1.165
-0.457
-0.807
-0.686
0.296
-1.366
-0.020
-0.481
-0.314
-0.319
-0.331
-0.184
0.077
-0.138
-0.415
0.128
1.092
0.718
-0.087
0.737
-0.226
-0.218
-0.179
0.212
-0.379
-0.146
2.489
-0.388
-0.290
-0.223
-2.870
-2.597
-0.727
-0.079
-0.565
-0.196
1.999
-0.832
-0.115
0.436
-0.242
0.250
-1.617
-2.966
-1.523
-2.215
-0.642
-1.500
-1.211
-0.932
-1.662
-1.933
-1.044
-1.123
-1.109
-2.372
-1.741
-1.368
-3.709
1.115
1.380
-0.710
0.159
-0.830
-0.262
-0.192
-0.551
0.602
-2.176
-0.154
-1.724
-0.116
-1.160
-1.016
-0.010
-0.643
-0.266
-0.087
-0.605
-0.288
-1.266
0.042
0.008
-1.550
-0.694
-0.296
-0.334
-1.408
0.975
-0.652
-0.080
-0.458
0.372
-1.206
-0.071
-0.086
-0.107
-0.122
-0.457
-0.258
-0.875
-0.216
-0.132
0.213
0.529
-0.457
-0.104
-1.016
-1.366
-0.081
-0.128
-0.024
-0.289
-0.902
-2.212
0.309
-0.088
0.004
0.034
0.483
-0.239
-0.081
-2.759
0.531
0.303
-1.974
-2.292
-1.349
-0.339
-1.628
0.099
1.171
0.435
-0.006
-0.555
1.172
-1.117
-0.065
-1.001
-2.356
-0.621
-0.075
-0.303
0.083
-0.200
-0.163
-0.231
-0.084
-0.531
-0.123
-0.688
-0.184
-0.049
-1.944
-1.362
-0.678
-0.006
-0.519
-0.205
-0.977
-0.256
-0.533
0.155
0.058
-0.316
-0.936
0.329
-1.365
-0.703
-0.652
-0.516
0.035
-0.119
-2.978
-1.745
-1.888
-1.337
-1.860
-0.304
-0.160
-1.662
-1.846
-0.595
-0.010
0.229
-0.036
-0.567
-0.444
-1.426
-1.037
-1.520
-0.085
-1.865
-0.309
-2.821
-1.272
-1.453
-0.181
-1.598
-0.212
-0.324
-0.460
-0.290
-0.721
-0.419
0.009
0.080
-0.616
-0.857
-0.286
-0.019
-0.062
-1.040
-2.098
-0.325
0.006
-0.058
-0.166
0.286
-0.926
-0.639
-1.322
0.320
-1.409
-0.931
0.428
-0.487
-0.361
-0.152
-2.082
-0.209
-1.333
-1.016
-0.089
-0.026
0.080
-0.222
-0.367
-0.458
-0.342
-0.114
-0.440
0.055
-0.884
-0.461
-0.508
-0.118
-0.199
-0.343
-0.704
-0.204
-0.133
-0.077
0.935
-0.268
-0.167
0.406
-0.375
1.324
-1.712
-0.711
0.332
0.475
1.595
0.975
-0.045
0.075
0.851
0.211
0.478
0.683
0.125
1.140
0.898
0.421
1.250
0.060
0.119
-0.026
-0.531
-2.054
0.768
-0.001
-1.187
0.366
-0.068
-1.216
0.502
-0.559
-0.053
-0.577
-0.178
-0.405
-0.711
-1.150
-0.029
-0.759
-2.165
-0.257
-1.873
-0.103
0.365
-0.039
-0.985
-2.255
-0.046
-0.018
-1.179
-0.294
-0.028
-1.962
-0.173
-1.958
-0.795
-2.875
-1.025
-0.224
-0.120
-0.554
-0.610
-0.253
-0.303
-0.558
-1.117
-1.427
-1.934
-0.052
-0.175
-0.154
-0.084
-0.070
-0.081
0.949
-0.197
-0.099
-0.142
-0.452
-0.020
-0.414
-0.394
-0.177
-0.097
-0.658
-0.923
-0.491
-1.708
-1.147
-0.176
0.355
-0.210
-0.336
-0.832
-0.174
-0.305
-0.495
-0.199
0.055
-0.611
-1.236
-0.180
-0.863
-0.451
-1.219
-1.363
-3.082
-1.408
-1.035
-0.074
-0.399
-0.413
-1.168
0.111
-0.136
0.172
-0.163
-0.473
-0.392
-0.541
-0.682
-0.214
0.274
-0.478
-0.026
-0.003
-0.777
-0.506
-0.273
-0.942
-0.285
-0.181
-0.125
-1.012
-0.078
-2.293
-1.722
-0.648
-0.040
0.193
-0.881
0.096
-0.461
0.048
-0.125
0.053
0.035
0.044
0.225
-0.098
-0.075
-0.065
-0.087
0.172
-1.283
-2.289
0.206
-0.059
-0.426
-0.111
-0.599
-0.307
-0.578
-0.258
-0.403
-0.224
-0.713
-0.404
-0.107
-1.751
-0.483
-1.323
-1.241
-1.428
-0.528
-1.463
-0.632
-0.939
-1.509
-0.619
-2.139
-0.563
-0.136
-1.055
-0.481
0.029
-0.874
-0.188
1.010
-0.262
-0.897
-0.429
-0.880
0.224
1.246
-0.805
-0.299
0.575
-0.673
0.461
0.062
0.001
0.304
-0.316
-1.049
0.226
0.364
-1.170
-1.517
-0.060
-0.061
0.166
0.228
-1.040
-0.079
-0.535
-0.285
-0.105
-0.106
-0.033
-0.136
0.186
-1.819
0.299
-0.874
0.308
