-0.356
-0.205
-0.097
-0.277
-0.244
-0.221
-0.424
-0.335
-0.856
-0.220
-0.337
-0.682
-0.177
-0.255
1.001
0.169
0.187
0.216
0.224
0.244
-0.183
2.192
0.482
0.115
-0.308
-0.300
-0.263
-0.232
-0.443
-0.128
-0.133
-0.069
-0.224
-0.373
-0.158
-3.432
-2.328
-2.343
-0.734
-1.831
-2.290
-3.035
0.164
-0.100
-0.375
0.105
-0.429
-0.100
-2.580
-1.775
-2.687
-1.644
-2.351
-3.678
-1.571
-1.371
-1.241
-0.319
-1.201
-3.339
-1.198
-1.326
-1.684
-2.457
-1.450
-2.759
-1.697
-0.746
0.180
-0.920
-1.297
0.119
0.037
-0.728
-0.262
-0.728
-0.326
0.563
-2.892
0.115
0.451
-0.887
-1.286
-0.358
0.170
-0.822
-1.521
-2.408
-0.768
-0.712
-0.100
-0.615
-0.342
-0.967
-0.385
-0.279
0.147
-0.082
-1.762
-1.187
-0.257
0.096
-0.398
-0.726
-0.305
0.337
0.163
0.065
-0.051
0.472
0.011
-0.254
-0.088
-0.055
0.378
0.418
-0.146
0.266
0.133
0.186
0.162
0.170
-0.122
0.426
0.414
-1.551
0.075
0.786
0.224
-0.244
0.050
-0.007
-0.270
-0.100
0.681
-1.249
-0.001
-1.264
-0.100
-0.641
-0.133
0.204
1.221
-0.316
-0.222
0.478
-0.458
-0.339
-0.521
-1.947
-1.057
-0.004
-0.706
-2.340
-1.506
-3.065
-3.254
-2.644
-2.623
-0.779
-1.095
-1.973
-1.283
-0.140
0.081
-0.163
-1.171
-1.143
-0.380
-0.135
-1.478
-0.253
0.339
0.228
-1.230
-1.909
-1.925
-0.528
-1.371
-0.982
0.222
-2.073
0.155
-0.556
-0.921
-1.051
-0.053
-0.217
0.146
0.145
0.156
-0.399
0.618
-3.543
-0.521
-0.100
-0.601
-0.433
-0.418
-0.131
-0.282
-0.165
0.341
0.044
-0.409
-0.348
-2.872
-2.291
-0.620
-0.106
-0.444
-0.100
0.135
-0.318
-0.301
0.390
1.255
0.271
-2.408
-2.701
-1.484
-2.672
-0.269
-1.311
-1.817
-1.492
-1.086
-0.973
-1.431
-1.127
-1.255
-2.097
-1.762
-1.350
-2.539
0.151
-0.039
-0.775
-0.363
-0.588
-0.478
-0.979
0.438
0.315
-3.014
-0.290
-0.450
-0.131
-1.826
-1.466
0.188
-1.175
-0.642
-0.579
-1.743
-0.531
-2.232
-0.151
-0.452
-1.093
-0.904
-0.247
-1.144
-0.702
1.540
-0.100
0.371
0.061
-0.146
-0.561
0.329
-1.281
0.198
0.567
-0.590
-0.100
-0.267
-0.328
-0.268
-0.025
-0.244
-0.856
-0.640
-1.083
-1.178
0.165
-0.761
-0.069
-0.088
-0.379
-1.134
0.170
-0.100
0.011
-0.112
-0.213
0.213
0.410
-2.506
0.185
-0.839
-0.770
-0.260
-2.732
-0.170
-0.052
1.084
2.098
0.928
-0.165
-0.000
1.250
-0.332
0.629
-0.800
-1.764
-1.100
0.225
0.233
0.133
0.030
-0.182
-0.108
-0.157
-0.597
-0.135
-0.850
-0.362
0.324
-1.354
-1.600
-0.059
-0.288
-0.656
-0.295
-1.230
-0.211
-0.129
0.118
-0.103
-0.914
-1.532
0.910
-0.372
-0.405
0.872
-0.103
0.513
-0.007
-3.250
-1.011
-1.249
-1.656
-1.700
-0.489
-0.192
-1.894
-1.709
-1.228
-0.216
-0.778
0.088
-0.521
-0.993
-0.654
-0.253
-0.642
-0.187
-2.480
0.262
-0.406
-1.008
-1.188
-0.297
-1.241
-0.605
-0.253
0.098
-0.103
-0.661
0.367
0.432
1.537
0.386
0.344
-0.495
-0.075
-0.220
-0.682
0.760
0.117
0.366
0.114
-0.194
-0.715
-0.988
-0.568
-0.974
0.222
-1.602
-1.373
-1.610
-0.815
-0.934
-0.872
-0.692
-0.095
-1.445
-1.614
0.034
-0.306
-0.438
-0.591
-0.341
-0.295
0.139
-0.165
-0.788
-0.135
-1.348
-0.634
-0.720
0.006
-0.386
-0.467
-1.147
-0.546
-0.244
-0.191
1.388
-0.390
0.673
0.185
-0.295
-0.020
-1.673
-0.989
-0.424
0.196
1.277
0.738
0.355
0.169
0.355
0.093
1.369
1.258
0.843
-0.100
-0.326
-0.319
0.252
0.260
-0.139
-0.686
1.084
-1.640
0.788
0.313
-1.599
0.087
-0.499
-1.604
0.393
-0.835
0.083
-0.393
-0.165
-0.217
-0.248
-0.731
-0.063
-0.327
-1.408
-0.478
-1.820
-0.752
-0.976
-0.441
-1.196
-2.250
-0.172
-0.021
-0.298
-0.515
-0.523
-2.137
-0.604
-1.192
-0.738
-2.564
-1.496
-0.456
-0.219
-0.410
-0.805
-0.240
-0.280
-0.784
-2.232
-0.994
-1.440
-0.269
-0.159
-0.201
-0.224
-0.286
-0.067
0.284
-0.195
-0.520
-0.413
-0.030
-0.649
-0.171
-0.395
-0.550
-0.379
-0.232
-0.484
-1.958
-1.320
-0.490
-0.363
0.212
0.349
-0.213
-0.708
-0.221
-0.227
-0.176
-0.283
-0.174
-0.291
-0.798
-0.283
-0.596
-0.724
-1.211
-1.023
-2.488
-1.147
-1.221
-0.019
-0.863
-0.514
-0.684
-0.438
-0.141
-0.181
-0.051
-0.746
-0.517
-0.477
-0.662
-0.527
-0.081
-0.399
-0.205
-0.187
-0.439
-0.386
-0.264
-0.478
-1.053
-0.354
0.653
-0.919
0.568
-2.506
-1.085
-1.000
-3.796
-0.515
-0.737
0.316
-0.746
0.131
-0.325
0.315
-0.153
-0.100
1.141
-0.129
0.238
0.286
-0.185
-0.101
-1.666
-1.290
-0.007
0.016
-0.151
-0.137
-0.192
-0.383
-0.796
-0.396
-0.349
0.012
-0.911
-0.673
-0.300
-1.918
-1.176
-0.542
-0.324
-0.434
-0.136
-0.894
-0.598
-1.716
-1.329
-1.101
-3.467
-0.598
-0.137
1.120
-0.595
0.479
0.202
-0.285
0.565
-0.086
-1.014
-0.291
-0.836
-0.147
-0.990
-1.117
-0.628
0.909
-0.251
0.276
1.178
-0.038
-1.096
0.340
-0.502
-0.013
0.721
-0.755
-0.834
0.223
0.572
0.320
1.332
-1.164
-0.544
-0.563
-0.529
-0.193
0.018
0.358
-0.379
0.238
-1.590
0.133
-0.296
-0.183
