0.905
1.326
-0.021
0.626
-0.121
-0.051
0.245
0.334
0.582
0.072
0.448
0.147
1.037
0.275
0.324
0.003
-0.296
-0.052
-0.018
-0.104
0.657
-1.826
-0.399
-0.237
0.231
0.384
0.109
0.609
0.571
-0.016
0.429
0.368
0.027
0.098
-0.134
3.886
2.194
2.149
0.580
1.697
1.460
3.415
0.045
-0.238
0.171
-0.273
-0.059
-0.059
1.649
1.269
2.574
1.917
2.563
3.416
2.246
2.254
1.265
0.267
-0.004
3.271
1.417
1.131
1.427
2.303
1.014
3.113
1.360
0.474
-0.108
0.011
0.326
-0.044
-0.186
0.584
0.190
2.602
0.012
0.024
4.540
-0.020
-0.116
1.196
-0.069
0.333
-0.229
0.447
1.358
3.212
0.050
-0.815
-0.319
0.235
-0.076
0.786
0.341
-0.086
0.064
0.036
0.803
0.320
0.223
0.037
0.211
0.299
0.071
-0.497
-0.017
0.206
-0.017
-0.223
-0.048
0.122
-0.001
-0.163
-0.191
-0.218
0.221
-0.259
-0.017
0.145
0.371
-0.017
0.003
-0.733
-0.205
1.879
-0.530
-0.423
0.217
1.565
-0.006
-0.257
2.447
0.543
-0.228
-0.145
-0.826
2.045
-0.059
0.442
3.350
-0.059
-1.610
0.177
0.505
-0.008
0.156
0.922
1.088
3.223
0.319
0.003
0.870
2.375
1.540
3.420
4.305
2.148
3.123
0.084
0.768
2.527
0.559
0.280
-0.883
0.254
0.648
1.720
1.040
0.463
2.128
-0.487
0.240
-0.206
1.085
0.173
1.599
0.810
2.064
0.414
-0.013
1.856
-0.062
0.828
0.443
0.423
0.204
-0.497
-0.631
0.239
-0.144
0.796
-0.280
3.687
0.151
0.107
0.869
0.593
0.444
0.240
0.180
0.591
-0.044
0.154
0.339
0.116
2.173
2.488
1.011
0.113
1.203
-0.134
-0.059
1.079
0.965
-1.568
-0.618
-0.560
2.774
1.928
0.988
2.463
0.461
1.374
1.408
1.270
0.628
0.489
2.221
1.504
0.379
1.693
2.235
0.828
2.467
-0.439
-0.601
-0.042
0.555
0.323
0.162
0.770
0.268
0.082
4.483
-0.017
1.120
0.301
0.072
1.215
-0.029
1.638
0.123
0.077
1.217
0.720
2.675
-0.004
0.320
1.216
1.329
0.654
1.457
0.642
-1.294
-0.238
0.230
-0.041
0.011
1.212
-0.017
1.637
-0.014
-0.745
1.395
0.095
1.792
0.273
0.069
-0.080
0.085
0.408
1.232
1.988
0.871
0.254
1.023
0.227
-0.070
0.944
0.433
-0.227
-0.234
-0.017
0.037
0.765
0.077
0.198
4.443
0.602
0.217
1.262
-0.035
0.730
0.238
0.171
-1.021
-2.663
-0.447
0.124
-0.585
-0.397
0.891
-0.353
1.036
1.294
0.453
0.159
0.740
-0.096
0.229
-0.017
0.735
0.229
0.563
0.106
0.763
0.088
0.109
2.216
1.319
0.090
-0.025
0.478
0.232
1.133
0.260
-0.027
-0.021
-0.059
0.967
0.218
-0.880
0.431
1.317
-0.309
0.670
-0.161
-0.133
2.374
1.258
0.595
2.163
1.798
1.237
0.681
1.488
1.625
1.144
4.175
2.271
0.194
0.571
2.055
0.023
0.401
0.648
-0.020
3.157
-0.099
2.099
0.628
0.815
-0.025
1.474
1.095
0.350
0.280
0.418
0.694
-0.457
-0.116
-1.063
0.233
0.866
2.703
-0.183
0.955
0.892
0.005
0.470
0.453
1.103
0.595
1.154
0.641
0.381
1.868
-0.037
2.030
0.861
0.811
0.431
1.064
1.779
1.445
1.038
2.383
3.382
0.209
2.015
-0.253
0.377
0.120
0.225
0.541
0.372
0.914
-0.016
1.437
0.418
0.265
0.428
0.640
0.246
0.096
0.128
-0.078
-0.354
-0.159
0.071
-0.140
-0.033
0.646
-0.059
1.766
1.127
0.427
-0.281
-1.249
-0.806
-0.007
-0.304
-0.310
-0.164
-0.923
-0.877
-0.864
-0.230
0.306
0.595
-0.185
-0.395
-0.041
1.687
-0.051
2.104
-0.478
-0.229
1.056
0.001
0.126
2.137
-1.219
0.880
0.685
0.489
0.535
0.009
0.816
0.644
-0.370
0.294
1.281
-0.354
2.885
0.665
1.356
-0.059
0.704
1.696
-0.106
-0.346
-0.015
0.196
0.496
2.367
0.024
1.671
0.696
3.002
0.902
0.544
0.374
0.771
1.629
0.412
0.072
1.032
3.008
1.379
2.042
-0.612
-0.024
-0.100
-0.055
-0.021
0.025
-0.575
1.157
0.268
0.068
0.104
0.149
0.216
0.363
0.243
0.943
0.591
0.497
2.052
2.045
-0.094
-0.162
-0.765
0.197
0.255
1.928
0.255
0.355
0.008
0.026
-0.068
0.089
1.259
0.416
0.371
1.124
0.350
0.741
3.592
1.551
1.486
-0.081
1.925
0.459
0.618
0.027
0.228
0.090
0.263
1.051
0.614
0.736
0.552
0.458
-0.372
-0.059
-0.048
0.192
0.640
0.514
0.299
0.461
0.896
0.468
-0.694
0.417
-0.142
3.467
1.418
0.640
-0.016
0.892
1.086
-0.054
0.446
-0.112
-0.037
-0.093
-0.007
0.258
-0.663
0.149
-0.175
0.033
0.002
0.115
1.147
2.465
-0.383
0.309
0.170
0.030
0.598
0.165
-0.045
0.369
0.729
0.351
1.221
0.785
0.304
1.775
1.065
0.234
1.986
0.779
-0.069
0.759
0.299
1.295
0.491
1.198
5.032
0.922
-0.830
2.818
0.824
-0.389
0.385
0.089
-1.197
-0.498
0.267
0.093
0.890
-0.132
0.776
0.815
0.224
-0.953
1.864
-0.018
-0.199
-0.059
0.787
0.232
0.593
0.125
-0.337
0.449
0.230
-0.017
-0.583
-0.272
-0.643
1.201
-0.021
0.709
0.833
1.103
0.326
-0.295
-0.068
-0.842
0.768
-0.447
0.434
-0.077
