-0.567
0.065
-0.012
0.372
-0.032
0.171
0.243
0.079
0.788
0.331
0.033
0.607
1.067
0.523
0.359
0.013
-0.182
-0.032
0.669
0.746
-0.019
-0.177
0.245
-0.039
-0.162
-0.032
-0.032
-0.060
-0.112
0.011
-0.068
-0.174
-0.012
-0.409
0.046
3.713
1.527
2.083
0.611
1.754
1.859
1.768
-0.032
-0.323
0.220
-0.032
0.006
-0.162
4.325
0.367
1.560
1.921
1.067
2.684
2.719
2.629
0.837
0.022
0.890
3.279
0.333
0.902
2.244
2.116
0.135
1.063
1.166
1.352
0.079
0.797
2.249
0.145
1.545
0.669
0.216
1.015
0.052
-0.596
3.289
-0.175
-0.882
0.520
0.568
0.471
0.412
0.409
0.945
1.557
0.094
0.047
-0.789
0.493
0.254
0.143
-0.032
-0.059
-0.032
-0.032
0.003
0.006
0.092
-0.032
2.549
2.299
0.389
-0.116
-0.032
-0.032
-0.032
-0.958
-0.329
-0.032
-0.176
-0.032
-0.059
-0.042
-0.032
-0.048
-0.032
-0.256
-0.032
-0.032
-0.093
-0.931
-1.116
1.622
-0.035
-1.301
-0.040
0.115
0.019
-0.032
-0.220
0.021
-0.258
0.028
0.480
0.691
-1.841
0.136
0.350
-0.436
0.008
-0.010
-0.032
0.004
-0.011
-0.394
0.011
2.381
1.069
0.492
1.052
1.833
0.753
4.736
3.813
1.057
2.738
-0.892
-0.095
1.461
1.759
0.062
0.019
-0.032
0.938
1.066
0.374
1.597
2.342
0.654
-0.256
-1.192
0.145
1.775
1.776
0.189
0.168
0.414
-0.507
1.714
-0.032
0.012
0.132
0.489
0.403
-0.229
-0.232
-0.238
-0.037
0.678
0.675
2.160
0.646
-0.091
0.523
0.145
-0.005
-0.066
0.285
0.499
-0.032
-0.032
-0.032
-0.032
4.634
1.675
1.697
-0.079
-0.558
-0.071
-2.565
-0.032
-0.500
-1.192
0.287
-0.006
4.489
2.493
2.039
1.351
0.579
0.192
0.453
1.033
1.343
1.108
1.415
0.469
0.236
2.836
2.686
2.590
2.563
-0.005
-2.644
0.007
-0.961
1.028
0.160
1.287
0.313
0.038
0.807
-0.032
0.241
1.231
0.354
0.480
-0.195
-0.144
0.747
0.194
0.553
-0.223
0.556
-0.241
0.080
0.777
0.989
0.165
0.820
0.988
-2.218
1.048
-1.011
0.080
-0.191
0.860
-0.068
0.578
-0.040
-1.271
3.019
-0.041
2.943
-0.032
0.134
-0.682
-0.109
0.105
1.162
1.344
0.129
0.277
-0.145
-0.275
-0.597
-0.424
1.116
-0.032
-0.000
-0.035
-0.032
-0.166
0.299
0.123
0.451
-0.923
-0.374
0.719
-0.808
2.146
0.501
0.637
-0.327
-1.591
-0.471
0.021
0.618
-0.424
-3.738
0.374
0.490
-0.050
0.877
-0.369
-0.015
-0.105
-0.032
-0.152
-0.032
-0.032
0.037
-0.032
0.692
0.009
-0.032
2.494
1.935
0.630
0.027
0.137
-0.178
0.928
0.080
0.277
-0.032
0.028
0.315
0.654
-0.071
0.242
0.685
-0.028
0.452
-0.359
-0.290
3.371
2.161
2.753
0.365
3.697
0.190
-0.032
0.679
1.812
0.636
-0.671
-0.320
-0.032
-0.276
-0.040
0.040
0.108
0.848
-0.032
3.458
0.112
0.785
0.351
1.429
0.356
0.703
-0.049
-0.013
0.067
-0.138
-0.211
-0.472
-0.654
-1.741
-0.348
-0.524
0.236
-0.100
0.083
0.833
-0.563
-0.806
-0.086
0.116
-0.283
0.244
0.439
0.620
2.709
-0.417
2.605
0.893
0.723
0.984
-0.396
1.202
0.986
0.722
2.531
3.547
0.072
0.193
0.112
1.517
0.166
-0.031
0.216
0.024
0.928
0.042
0.335
0.344
0.387
0.088
0.008
-0.794
1.079
-0.032
-0.043
0.080
-0.004
-0.032
-0.032
-1.396
0.262
0.026
0.317
0.317
1.512
-0.073
-0.945
-0.382
-0.779
-0.032
0.164
-0.032
-1.038
-0.893
-1.686
-3.392
-0.169
0.229
-2.982
-0.264
-0.690
-0.010
-0.667
0.022
-0.164
-0.039
0.563
-0.246
-0.055
0.327
0.017
-1.604
-0.017
-0.053
-0.028
-0.315
0.083
0.120
-0.058
0.030
1.455
0.183
1.389
0.176
0.369
1.371
1.240
0.827
-0.032
-0.095
0.060
-0.823
-0.500
2.000
0.285
2.155
0.073
2.165
1.407
0.606
0.106
0.044
0.138
0.474
-0.032
0.196
1.704
1.016
3.611
-0.230
0.164
-0.118
-0.189
0.071
0.205
0.147
-0.156
0.188
-0.032
-0.118
0.258
0.359
0.251
0.099
-0.050
0.436
0.033
0.613
0.503
2.254
0.077
-1.088
0.003
0.114
0.351
-0.032
-0.003
0.184
0.106
-0.032
-0.745
0.855
-0.372
1.215
1.326
0.172
-0.032
3.140
1.003
1.661
0.239
0.515
0.091
-0.017
0.126
-0.032
-0.537
0.164
0.317
0.470
-0.030
0.117
0.392
-0.275
0.237
-0.032
-0.044
0.301
0.089
0.280
0.139
2.115
0.008
0.202
0.282
-0.219
0.685
0.756
-0.000
-0.505
1.300
0.061
-0.043
-0.032
-0.057
0.200
-0.226
0.002
0.059
-0.573
-0.103
-0.370
-0.363
-0.259
-0.214
0.283
0.455
0.555
0.089
-0.868
-0.559
-0.323
0.148
0.469
-0.030
0.047
-0.014
0.132
0.081
-0.012
1.484
1.089
0.743
0.669
0.635
0.325
0.777
0.328
1.312
2.135
0.825
0.530
1.039
0.084
-0.493
1.129
-0.679
0.347
0.105
-0.310
0.006
0.085
0.154
1.331
-0.101
-0.032
0.319
0.991
-0.301
0.298
-0.927
1.293
-1.069
-0.075
-0.648
0.542
-0.080
-0.395
1.293
0.491
-0.032
-0.022
-0.157
-0.032
0.097
-0.054
0.452
1.425
0.364
0.043
-0.032
0.173
-1.166
3.333
0.444
-0.590
-0.180
