0.651
0.049
-0.027
-0.064
0.032
-0.629
-0.061
-0.186
-0.018
0.070
-0.034
0.114
0.377
0.023
-0.756
-0.317
-0.283
-0.046
-0.042
-0.675
0.471
-0.875
-0.053
-0.002
0.016
0.454
-0.018
0.173
0.014
-0.064
-0.050
0.233
-0.022
0.230
0.065
2.075
1.739
2.044
0.417
1.700
1.695
3.942
-0.061
0.110
-0.018
-0.069
0.517
0.385
1.648
1.664
0.877
1.980
2.052
2.981
2.776
1.826
2.490
-0.109
0.623
3.074
0.547
2.430
1.654
1.998
0.441
0.530
0.969
0.245
-0.187
0.401
2.211
0.341
0.628
0.364
0.636
1.210
1.896
-0.388
3.153
0.187
-1.550
0.461
0.001
0.020
-0.898
-0.060
1.432
2.579
0.438
-0.309
-0.995
0.932
-0.300
0.879
-0.030
-0.099
-0.002
-0.018
0.246
-0.018
-0.073
-0.028
0.221
0.289
0.054
-0.137
0.026
0.029
-0.077
-0.050
0.014
-0.025
-0.117
-0.119
0.174
0.376
-0.008
-0.633
0.007
-0.608
-0.009
0.011
-0.059
-0.248
-0.026
0.773
-0.504
-1.232
-0.608
0.038
0.549
-0.425
1.728
-0.059
-1.382
1.343
0.063
1.221
0.153
-0.230
-0.003
-1.665
-0.099
0.363
-0.348
-0.105
-0.208
-0.099
0.304
2.452
0.483
0.062
0.409
2.727
1.399
3.163
2.288
1.888
1.767
-1.106
-0.301
2.887
1.015
0.131
-0.574
-0.033
0.462
-0.029
-0.013
0.142
0.172
-0.251
0.110
-0.018
0.611
2.437
0.456
0.438
0.257
2.465
0.354
0.908
-0.018
1.347
0.780
-0.086
-0.200
-0.112
-0.212
0.092
0.349
1.998
-0.664
0.515
-0.009
-1.317
0.945
0.996
0.289
-0.295
0.028
0.185
-1.111
-0.155
-0.064
-0.127
2.521
1.066
0.466
0.030
-0.551
-0.431
-2.566
1.275
-0.157
-0.974
-0.587
0.053
2.558
2.861
1.438
2.942
0.547
1.838
0.126
0.241
1.726
1.285
1.107
1.145
-0.598
1.908
1.220
0.703
2.620
0.589
-0.454
-0.061
-0.018
0.000
0.562
1.348
-0.535
-0.238
1.542
-0.019
-0.018
-2.031
1.425
1.350
-0.124
1.079
0.754
0.123
1.881
0.140
0.592
-0.018
-0.208
1.839
0.376
-0.053
0.818
1.430
-2.137
-0.286
-0.449
0.466
-0.081
1.876
-0.018
2.939
0.008
0.137
1.348
0.269
2.331
-0.059
0.234
-0.212
-0.269
0.014
-0.030
0.722
0.877
-0.009
0.144
0.034
0.009
-0.107
1.833
-0.090
0.017
0.476
-0.277
-0.004
-0.080
-0.391
3.216
-0.400
-0.033
0.654
-0.355
0.910
-0.213
-0.168
-0.427
-1.003
-0.721
0.998
0.342
-0.335
0.499
-0.100
0.778
2.002
-0.117
-0.972
0.015
-0.038
-0.042
-0.089
-0.122
-0.172
0.039
-0.021
0.089
0.172
0.015
0.581
0.732
0.042
-0.219
0.690
0.146
0.274
0.089
-0.010
0.166
-0.085
-0.252
1.275
-0.955
0.841
0.094
0.163
0.231
-0.573
0.304
3.505
1.130
0.971
0.465
1.597
0.268
-0.018
0.880
1.823
1.108
0.147
-0.346
0.016
0.204
0.394
0.015
0.062
0.975
-0.100
1.525
-0.087
1.271
0.900
0.567
0.040
0.247
-0.906
-1.152
-0.953
-0.081
1.582
-0.018
-0.120
-0.950
0.108
0.172
0.260
-0.487
-0.750
0.797
0.710
-0.315
0.205
0.526
0.391
-0.279
2.256
-0.044
1.257
-0.351
0.399
0.833
0.819
0.503
0.924
1.207
0.528
1.071
2.983
2.339
-0.195
0.204
0.515
-0.316
-0.510
0.164
0.041
0.035
0.897
0.113
1.544
0.677
0.484
0.796
-0.164
0.273
1.315
-0.089
-0.278
-0.218
-0.320
0.145
-0.258
-0.241
0.058
-0.263
0.352
0.067
-0.495
-0.167
-0.530
-0.957
-0.118
-0.010
-1.200
0.127
-0.719
-0.800
-0.544
-2.261
-0.191
-0.540
-1.321
-0.583
-0.048
0.324
-0.457
-0.781
-0.408
-0.067
0.255
-0.534
0.098
-0.618
-0.335
-0.339
0.091
0.227
0.481
0.121
0.272
-0.629
-0.862
0.144
0.326
-0.104
2.494
0.285
0.568
0.156
0.866
1.452
-0.018
-0.024
-0.439
-0.079
1.050
1.867
0.625
0.726
0.092
2.822
1.530
-0.067
0.559
0.830
0.794
1.312
0.276
0.825
2.325
0.524
2.661
0.101
0.602
2.442
1.297
0.368
0.036
-0.002
0.029
0.105
0.569
-0.065
-0.503
0.114
-0.015
0.095
0.717
0.000
0.610
2.217
1.335
0.103
-0.057
-0.506
-0.014
1.655
0.074
-0.023
0.014
-0.043
0.017
0.008
0.168
0.366
-0.072
1.068
-0.295
0.933
0.514
3.340
1.256
1.832
0.026
-0.031
0.132
0.094
-0.098
0.031
-0.110
0.524
0.892
0.325
0.504
1.324
0.039
0.025
-0.042
-0.196
-0.164
0.481
0.359
0.536
0.727
0.034
0.099
-0.267
1.587
-0.033
1.684
2.074
0.006
-0.016
1.227
0.222
-0.250
0.086
-0.263
0.676
0.080
-0.085
-0.068
-0.591
0.001
0.035
-0.128
0.014
-0.052
0.846
-0.284
-0.242
-0.095
-0.050
-0.227
0.006
0.261
-0.136
0.157
0.000
-0.038
0.416
0.265
0.043
1.356
0.154
0.679
1.595
0.328
-0.188
2.408
0.249
1.461
0.219
-0.388
1.457
1.307
0.247
0.888
-0.099
-0.615
0.485
-0.035
-0.212
-0.402
-0.018
0.183
0.027
-0.928
0.158
2.050
1.484
-0.157
-1.372
-0.532
-0.129
-0.038
0.330
-1.733
-0.206
-0.277
-0.305
-0.042
0.158
0.081
0.275
0.422
-0.601
1.444
-0.500
1.226
1.253
-0.004
-0.062
0.201
-0.503
-3.686
0.450
0.197
0.242
-1.620
