-0.263
-0.195
-0.188
1.069
-0.067
0.048
-0.067
-0.067
0.370
0.693
-0.012
0.102
-0.672
0.055
0.055
-0.190
-0.233
-0.285
0.165
0.213
0.945
-2.546
0.722
-0.063
-0.095
-0.062
0.113
0.208
0.176
-0.546
-0.113
-0.123
-0.068
0.092
-0.338
2.777
2.367
4.229
1.071
1.089
2.080
2.253
-0.067
-0.002
0.042
-0.106
0.138
0.611
2.060
1.772
2.955
1.589
3.292
4.014
1.492
1.373
0.831
0.502
0.904
4.908
1.291
1.423
2.710
3.262
1.083
2.242
3.245
1.823
-0.124
0.773
2.475
0.115
1.208
0.169
0.435
1.461
0.312
-0.281
2.410
-0.443
-1.631
1.954
0.657
0.442
-0.067
-0.037
1.314
1.206
-0.015
0.171
-0.176
-0.133
0.032
0.221
-0.067
-0.647
-0.067
-0.157
1.402
1.059
0.182
0.014
1.085
0.407
0.357
-0.502
-0.009
-0.413
-0.067
-2.034
-0.007
-0.167
-0.570
-0.657
-0.708
-0.267
-0.331
-0.170
-0.197
-0.101
-0.304
-0.165
-0.260
-1.881
-1.586
0.346
0.013
-0.153
-0.471
0.161
-0.066
-0.067
-0.096
0.151
-0.216
0.541
-0.646
0.366
-0.444
0.022
-0.067
-1.663
-1.331
1.790
-0.349
0.383
0.273
0.846
-0.013
3.383
0.705
0.670
0.941
1.209
0.451
4.120
3.988
1.803
1.931
-0.617
0.599
0.876
2.072
0.306
-0.067
-0.067
2.822
1.487
-0.041
0.175
0.639
-0.202
0.118
-0.410
0.272
2.286
1.610
0.465
1.046
0.427
-0.032
2.866
0.144
0.506
0.126
-0.516
-0.860
-0.025
-0.443
0.121
-0.046
0.967
0.218
2.014
1.435
-0.310
0.191
1.050
-0.067
0.004
0.737
-0.007
-0.127
-0.021
-0.023
-0.067
4.225
2.026
1.640
-1.345
0.217
-0.067
-0.374
-0.059
0.281
0.030
0.718
-0.082
1.866
3.281
1.906
2.397
0.062
0.158
1.492
0.541
0.883
0.708
1.406
0.933
0.048
1.505
2.521
3.223
3.395
-0.067
-0.383
1.447
1.632
1.333
1.537
0.435
0.312
-0.101
2.276
0.097
-0.026
0.300
0.068
0.550
-0.229
0.834
0.665
0.047
0.220
0.691
1.411
-0.067
1.028
2.047
1.397
1.028
0.846
0.275
-1.879
-0.003
-0.198
1.208
-0.792
2.996
-0.062
0.240
-0.067
0.087
1.541
0.841
0.783
0.230
-0.171
0.015
0.588
0.542
0.479
2.082
0.851
1.004
0.459
-0.214
0.376
-0.055
1.188
-0.474
-0.067
-0.067
-0.472
-0.365
-0.147
0.428
1.066
-0.343
0.498
1.457
-0.066
1.772
0.020
-0.368
-0.067
-1.442
-0.067
0.625
0.099
-4.190
-0.256
-0.476
0.362
0.746
1.991
-0.597
-0.855
-0.328
-0.067
-0.067
-0.067
-0.067
0.778
0.108
0.583
-0.216
0.005
2.197
0.936
0.204
0.105
0.999
0.070
2.507
0.794
0.291
0.542
-0.018
0.094
1.868
-0.067
1.021
0.619
-0.067
0.500
-0.896
-0.047
5.497
2.732
2.070
1.435
2.960
-0.210
-0.048
1.022
2.047
0.563
0.110
-0.886
0.306
0.140
0.778
1.068
0.306
0.896
0.153
1.851
0.266
0.675
1.210
1.822
0.066
2.302
-0.960
1.094
0.850
0.150
0.651
-0.693
-0.629
-2.358
0.437
-0.359
0.059
-0.123
2.126
0.629
0.108
-0.283
0.510
0.550
-0.276
-0.079
-0.017
0.298
1.546
-0.798
-2.136
3.254
1.907
2.706
0.893
0.300
-0.294
-0.841
2.579
3.365
0.391
1.041
0.386
0.334
0.006
0.439
-0.059
-0.013
0.477
0.144
0.559
0.846
0.371
-0.755
0.056
-0.106
2.629
-0.067
-0.312
0.324
-0.016
0.113
-1.302
2.477
0.150
-0.290
0.867
1.427
0.101
-0.069
-1.837
-2.267
0.095
-0.098
-0.564
-0.721
-1.120
-0.734
-3.626
-0.114
-0.422
-0.207
-1.717
-0.430
-0.065
0.119
-0.518
0.827
-0.066
-0.067
0.425
-0.512
-0.067
0.744
0.094
1.078
0.084
0.086
-0.271
-0.093
-0.276
-0.067
-0.253
0.032
1.648
-0.181
0.910
0.947
1.793
1.102
0.492
1.107
-0.015
-0.067
-0.039
-0.648
0.450
3.161
0.146
2.057
0.100
4.094
2.144
0.226
0.369
-0.028
0.165
0.080
0.391
1.150
5.283
0.237
1.630
0.346
-0.876
-0.024
-0.134
0.010
-0.276
-1.544
-0.123
0.827
0.053
0.099
0.715
0.271
0.906
-0.122
0.206
0.219
0.909
0.567
2.799
1.667
-0.139
-2.745
0.017
2.071
0.795
-0.079
-0.256
0.048
0.006
-0.169
-0.007
0.483
-0.211
0.808
0.558
2.094
2.558
3.881
0.310
1.719
0.430
0.340
0.171
0.308
0.430
-0.114
-1.376
-0.041
0.427
0.983
0.582
0.988
1.066
0.127
0.095
0.086
-0.067
0.440
0.416
-0.053
-0.028
0.680
-0.133
0.166
1.607
-0.067
1.665
1.040
1.063
-0.457
0.225
-0.041
-0.057
0.373
-0.040
0.262
-0.086
-0.114
0.022
-0.251
-0.098
-0.160
-0.067
-0.164
-0.067
0.881
0.687
0.056
0.380
0.092
-0.067
0.080
0.058
0.793
-0.053
0.075
-0.067
0.053
-0.067
-0.050
2.410
1.483
0.246
1.084
1.488
0.665
2.223
0.452
1.916
1.579
0.456
1.635
0.106
-0.042
-0.312
0.068
-0.623
-0.134
0.355
-0.956
-0.429
-0.165
0.137
1.965
-0.151
-0.027
0.589
0.653
-1.281
1.395
-0.441
-1.093
-0.452
0.373
1.003
1.714
-0.184
-0.592
0.888
1.611
-0.049
-0.358
-0.415
-0.067
0.811
0.071
0.550
1.534
0.152
0.046
-0.145
0.683
-0.391
1.271
-0.141
1.335
-0.028
