-0.703
-0.521
0.233
-0.266
-0.213
-0.200
-0.503
-0.312
-0.593
-0.264
-0.317
-0.723
-0.748
-0.579
0.124
-0.034
0.418
0.288
-0.237
0.213
0.154
1.106
0.869
-0.075
-0.319
-0.017
-0.016
-0.265
-0.276
-0.034
0.126
-0.074
-0.390
-0.202
0.073
-3.552
-2.108
-1.967
-0.226
-1.707
-1.931
-3.752
0.075
0.663
-0.601
0.014
-0.225
0.016
-2.091
-1.303
-2.380
-1.337
-1.836
-3.226
-1.861
-1.065
-1.260
-0.303
-0.828
-3.142
-0.735
-1.724
-1.069
-2.169
-1.122
-3.309
-1.796
-0.359
-0.031
0.124
-0.578
-0.067
-0.069
-0.176
0.008
-0.638
0.145
0.124
-2.863
0.260
0.979
-0.582
0.077
-0.418
0.348
-0.825
-1.367
-2.487
-0.563
-0.124
0.698
0.168
-0.227
-0.542
-0.544
-0.332
-0.040
-0.021
-1.245
-0.927
-0.697
-0.158
0.075
-0.406
0.023
0.454
-0.034
0.166
0.079
0.378
-0.205
-0.270
0.337
0.127
0.245
-0.034
-0.034
-0.013
-0.034
0.539
-0.034
-0.034
-0.034
0.320
0.435
-0.980
0.194
1.110
0.653
0.215
-0.047
-0.321
-2.090
0.124
0.835
-0.912
-0.179
-1.131
0.118
-1.675
-1.240
-0.201
2.091
-0.086
0.179
0.103
-0.250
-0.538
-2.194
-3.207
-1.274
-0.018
-0.562
-1.876
-1.623
-2.571
-1.933
-2.375
-2.575
0.124
-0.574
-1.881
-0.973
-0.094
0.224
-0.039
-1.344
-1.198
-0.150
-0.420
-1.129
0.450
-1.353
0.036
-0.512
-1.982
-1.604
-0.341
-2.081
-0.477
-0.040
-1.890
0.335
-0.738
-0.635
-0.744
-0.176
0.623
0.012
0.166
-0.041
-0.972
0.124
0.182
0.124
0.222
-0.474
-0.296
-0.042
-0.178
-0.460
-0.245
0.637
-0.115
-0.371
-0.512
-1.234
-2.049
-0.541
0.694
-0.136
-0.057
1.261
0.356
-0.749
0.332
0.627
-0.030
-2.193
-2.350
-0.826
-2.264
-0.482
-1.928
-1.580
-0.594
-0.660
-1.021
-1.089
-0.516
-0.085
-1.295
-1.418
-0.762
-2.183
0.356
1.170
0.124
-0.360
-0.465
-0.210
-0.800
0.196
0.293
-3.646
0.044
-0.376
-0.081
-1.334
-1.197
-0.038
-0.766
-0.383
-0.492
-1.069
-0.439
-2.397
-0.019
-0.420
-0.888
-0.852
-0.488
-1.176
-0.417
1.229
0.550
0.923
-0.696
0.164
-0.026
0.414
-1.490
-0.036
-0.101
-0.449
0.106
-0.371
-0.540
-0.525
0.226
0.081
-0.492
0.061
0.041
-0.872
-0.013
-0.463
-0.266
0.119
-0.241
-2.008
0.503
-0.024
0.402
-0.034
-0.219
-0.548
0.535
-2.840
0.367
-0.491
-1.165
0.096
-1.451
-0.621
-0.454
0.757
1.519
0.623
-0.937
0.147
0.913
-0.249
0.078
-0.537
-2.899
0.250
-0.089
-0.105
-0.026
-0.189
-0.091
0.065
0.237
-0.292
-0.222
-0.606
-0.184
-0.034
-2.395
-0.902
-0.071
-0.605
-0.547
-0.360
-0.496
-0.391
-0.100
-0.034
0.118
-0.530
-1.569
0.632
-0.132
0.009
0.800
-0.159
0.340
-0.091
-2.925
-1.038
-1.138
-1.254
-1.321
-0.594
-0.262
-0.736
-1.215
-1.185
-0.663
-0.794
-0.051
-0.302
-0.047
0.096
-1.210
-2.837
0.153
-1.905
0.517
-1.576
-0.446
-0.793
-0.531
-1.129
0.469
0.124
0.101
-0.633
-0.573
-0.464
0.933
0.544
-0.523
-1.150
-0.479
0.489
-0.990
-0.014
1.177
1.102
-0.387
0.676
-0.063
-1.085
-0.514
-1.215
-1.469
0.060
-1.871
-1.741
-0.251
-0.890
-1.798
-1.201
-0.049
0.077
-1.887
-2.106
-0.051
-1.052
0.033
-0.482
0.193
-0.626
-0.283
-0.232
-0.861
-0.224
-1.005
-0.439
-0.364
-0.038
-0.774
0.095
-0.096
-0.294
-0.398
0.100
0.273
-0.116
0.226
0.120
-0.261
0.350
-2.154
-1.481
0.297
0.116
1.018
0.647
0.388
0.370
0.399
-0.133
0.870
0.786
0.399
0.124
0.617
0.105
0.053
0.332
-0.024
-0.284
0.616
-1.942
0.696
-0.090
-1.611
0.428
-0.902
-1.117
0.471
-1.042
-0.688
-0.144
0.814
-0.128
-0.308
-0.672
0.570
-0.307
-1.150
0.111
-2.020
-0.727
-0.023
-0.489
-0.895
-1.421
-0.185
0.184
0.106
-1.008
-0.531
-1.662
-0.383
-1.162
-0.439
-2.104
-0.841
-0.274
-0.302
-0.481
-0.448
-0.233
-0.364
-0.622
-2.317
-1.250
-1.497
0.239
-0.183
0.557
-0.114
-0.245
-0.034
0.221
-0.670
-0.328
-0.322
-0.065
-0.380
-0.097
-0.227
-0.410
-0.064
-0.320
-0.387
-1.370
-1.737
-0.609
-0.235
0.316
-0.086
-0.299
-0.398
-0.034
-0.190
-0.149
-0.134
0.004
-0.301
-0.382
-0.101
-0.493
-0.828
-0.594
-1.104
-2.308
-0.673
-1.009
0.460
-0.273
-0.055
-0.908
-0.051
-0.391
-0.025
-0.012
-0.431
-0.569
-0.410
-0.670
-0.079
0.019
-0.373
-0.034
-0.048
-0.406
-0.266
-0.064
-0.308
-0.451
-0.004
0.556
-1.010
0.178
-2.002
-1.095
0.120
0.100
-0.198
-0.362
0.814
-0.836
0.544
0.041
0.597
-0.334
0.430
-0.176
-0.095
0.369
0.048
-0.105
0.224
-2.746
-0.822
-0.109
-0.051
0.433
-0.064
-0.058
-0.328
-0.668
-0.308
-0.318
-0.038
-1.325
-0.234
-0.106
-1.652
-0.931
-0.502
-0.335
-0.190
0.299
-0.995
-0.387
-1.505
-0.370
-0.312
-4.181
-0.314
-0.266
-1.416
-0.902
0.370
0.550
-0.256
0.859
0.090
-0.870
-0.489
-1.028
-0.302
-0.904
-0.765
-0.470
1.425
0.124
0.799
1.291
0.518
-0.305
-0.001
0.124
0.563
0.600
-0.394
-0.334
-0.069
0.138
-0.052
0.880
-1.015
-0.029
-0.511
-0.663
-0.307
-0.264
-0.251
-0.455
1.352
-1.353
0.877
-0.527
0.245
