-0.213
-0.040
-0.046
0.111
0.075
0.026
0.200
-0.100
0.233
0.096
0.284
0.237
0.191
0.016
-0.228
0.001
-0.281
-0.093
0.014
-0.549
0.105
-1.199
-1.231
0.203
-0.333
0.484
-0.026
0.146
0.118
-0.103
-0.129
-0.060
-0.432
0.029
-0.563
1.741
1.537
1.743
0.635
1.326
1.537
2.690
-0.155
-0.344
0.078
0.036
0.220
-0.056
1.411
1.481
1.882
1.683
1.959
2.446
1.468
1.044
1.022
0.029
0.665
2.266
1.055
1.255
0.894
1.610
1.046
1.898
1.020
0.250
-0.118
0.009
0.507
-0.055
0.242
0.326
1.104
2.111
0.757
-1.165
2.603
-0.180
-0.499
1.123
0.490
0.059
-0.338
0.326
0.942
2.236
0.649
0.050
0.048
0.351
0.050
0.412
0.322
0.196
0.018
0.038
1.077
0.576
0.055
0.020
0.169
0.316
0.125
-0.091
0.095
0.268
0.095
-0.012
0.059
0.162
0.050
0.114
-0.004
0.014
0.070
-0.094
0.112
-0.011
0.261
0.102
0.102
-0.149
0.006
1.015
-0.686
-0.661
-0.639
0.407
0.049
-0.127
-0.122
-0.028
-0.854
0.279
-0.531
-0.054
-0.753
0.080
-0.104
-2.338
-1.720
0.006
-0.005
-0.012
0.012
0.198
0.309
1.513
0.724
-0.304
0.358
1.486
1.797
2.661
1.664
2.034
1.828
-0.552
0.864
1.547
1.419
0.619
-0.375
0.050
1.016
1.023
0.124
0.053
0.669
-0.465
-0.435
-0.125
0.438
1.306
1.105
0.422
0.860
0.491
-0.038
1.506
0.001
0.502
0.631
0.123
0.063
-0.624
-0.107
-0.106
0.014
1.130
0.060
2.020
1.255
-0.909
0.334
0.299
0.258
0.193
0.255
0.153
0.044
0.098
0.554
0.066
2.135
1.820
0.654
0.395
0.088
-0.118
-1.140
0.337
0.456
-2.765
-0.974
-0.170
1.856
1.857
0.986
1.869
0.345
1.461
1.011
0.684
0.893
0.545
1.280
1.021
0.336
1.164
0.914
1.003
1.991
-0.457
-1.427
0.506
0.211
0.588
0.064
0.733
0.191
-0.185
2.402
0.008
0.445
0.044
1.070
0.967
-0.567
0.635
0.089
-0.149
0.857
0.304
1.334
-0.251
-0.624
0.684
0.821
0.097
0.827
0.545
-0.866
0.058
-0.469
0.042
-0.040
0.616
-0.055
0.141
0.093
-0.204
0.369
0.024
-1.228
0.330
0.124
-0.147
0.029
0.476
1.035
1.126
0.982
-0.098
-0.184
-0.126
-0.251
0.419
1.060
-0.094
-0.045
-0.182
0.118
-0.020
0.038
-0.392
2.021
-0.148
-0.092
0.914
0.457
0.777
0.111
0.527
-1.126
-1.376
-0.844
-0.427
-0.053
-1.698
0.352
-0.039
0.380
2.120
0.109
-0.158
-0.265
0.104
-0.026
-0.317
0.194
-0.490
0.417
-0.080
0.477
0.102
-0.031
1.162
0.788
0.261
0.208
0.560
0.146
0.845
0.278
0.258
0.091
-0.112
0.404
1.068
-0.309
0.261
0.777
0.052
0.082
0.029
-0.054
2.275
0.808
1.061
1.175
1.371
0.568
0.095
0.872
1.104
0.591
0.010
0.619
0.125
0.738
0.589
0.532
0.318
1.196
0.137
1.401
-0.357
0.996
0.765
1.196
0.396
1.078
0.439
-0.058
-0.027
0.362
-0.226
0.458
-0.111
-0.464
0.384
0.536
0.269
0.161
-0.073
0.461
-0.219
-0.479
-0.177
-0.045
0.096
0.172
0.552
-0.113
1.381
0.078
1.031
0.507
0.502
0.029
0.612
0.934
1.265
0.067
1.434
1.303
-0.149
0.310
-0.066
0.174
-0.062
0.193
-0.120
0.143
0.790
0.030
1.057
0.392
0.385
-0.062
0.160
0.029
0.479
0.300
0.361
-0.139
-1.549
0.022
-0.209
-0.120
0.313
-0.399
1.345
0.606
0.144
-0.228
-0.879
-0.625
-0.308
-0.305
-0.803
0.309
-0.945
-0.917
-0.969
-1.116
-0.781
-0.429
-0.528
-0.522
-0.157
0.152
-0.451
1.556
-0.473
-0.059
0.864
-0.609
0.528
1.354
-0.407
-0.030
0.111
0.114
0.376
-0.049
0.422
0.773
-0.041
0.145
1.166
-0.075
1.867
0.959
0.699
0.039
0.919
1.740
0.213
-0.055
0.171
0.331
-0.041
1.487
0.734
1.272
0.515
2.022
0.974
0.445
0.103
0.093
0.666
0.244
0.255
0.717
1.281
0.934
1.206
0.128
-0.033
-0.018
-0.134
0.046
0.163
-0.537
0.051
0.210
0.263
0.038
0.055
-0.238
0.121
-0.022
0.396
0.395
0.325
1.354
1.198
0.528
-0.009
-0.726
-0.161
-0.028
0.004
0.008
0.305
0.106
0.263
-0.042
0.393
0.699
0.134
0.631
0.292
0.659
0.625
2.441
1.114
0.865
-0.123
0.634
0.231
0.828
0.228
0.164
-0.809
0.171
0.542
0.240
0.431
0.395
0.269
-0.429
0.390
-0.196
0.059
0.392
0.405
0.158
0.419
0.263
-0.226
-0.265
0.675
-0.180
1.810
0.838
0.037
0.170
0.910
0.493
0.126
1.389
0.074
0.057
-0.039
0.170
0.029
-0.388
-0.098
-0.007
-0.084
-0.057
-0.081
0.899
0.948
-0.372
-0.266
0.357
0.222
-1.028
0.057
-0.799
0.000
0.171
0.032
0.728
0.443
0.180
1.492
0.887
0.240
0.799
0.022
0.039
0.975
0.243
0.671
0.648
0.371
1.911
0.623
0.031
-0.201
0.702
-0.190
0.008
0.127
-0.646
-0.544
0.384
0.478
0.973
-0.493
0.717
0.681
0.412
-1.007
0.275
-0.397
-0.668
-0.225
-0.031
-0.349
0.854
-0.282
-0.352
0.263
0.433
-0.007
-0.200
-0.121
-0.709
0.714
0.307
0.393
0.530
0.277
0.198
-0.169
-1.369
-2.432
0.891
0.013
-0.475
0.312
