-0.501
-0.025
-0.067
-0.012
0.015
0.647
-0.413
-0.661
0.002
-0.139
-0.504
-0.172
-0.087
-0.364
0.023
0.057
0.786
0.330
-0.268
-0.343
-0.137
0.605
0.717
-0.180
-0.254
0.772
0.087
0.408
-1.333
0.052
0.104
-0.027
0.569
0.671
0.363
-2.696
-2.976
-2.637
-0.752
-1.414
-1.197
-2.597
0.015
0.699
0.178
-0.056
-0.079
0.086
-1.655
-1.610
-1.756
-0.933
-2.530
-2.627
-2.690
-1.721
-0.864
0.447
-0.287
-3.012
-0.324
-0.513
-1.736
-1.711
-1.148
-2.020
-1.951
-0.720
0.467
-0.606
-2.607
1.306
0.062
-0.013
-0.259
-2.543
-0.060
1.336
-3.159
0.066
0.533
-0.451
-1.051
-0.013
0.946
0.865
-0.153
-0.958
0.233
0.268
0.578
0.108
-0.563
-0.205
-0.541
0.169
0.041
0.007
-0.861
0.017
0.259
0.082
-0.359
-0.588
-0.084
0.040
-0.112
0.220
0.073
0.438
0.132
-0.030
0.538
0.084
0.116
0.060
-0.068
0.291
0.114
0.042
-0.077
0.773
0.450
0.582
1.574
0.049
-0.273
0.213
-0.042
-0.995
0.024
0.001
-1.260
1.099
0.554
-0.350
0.512
-0.252
1.382
-1.378
-1.273
1.861
1.075
-0.044
-0.192
-0.571
-0.478
-0.486
-0.684
-1.875
-0.240
0.312
-0.745
-1.149
-1.022
-3.295
-2.455
-2.511
-2.306
1.753
0.366
-0.754
-1.168
-0.011
-0.197
-0.468
-1.257
-0.191
-0.007
-1.085
-1.304
0.175
-0.745
0.109
-0.867
-0.614
-1.353
-0.150
-0.258
-0.640
0.031
-2.246
0.093
-0.467
-0.329
-0.839
-0.687
0.888
-0.571
0.201
-0.147
-0.369
0.780
-2.009
-1.965
0.660
-0.716
-1.066
0.016
0.489
-0.234
-0.046
0.402
-0.128
-0.008
-0.056
-3.459
-1.209
-1.005
0.015
-0.006
0.524
2.208
-0.580
-0.461
0.967
0.702
0.107
-2.758
-2.272
-0.749
-0.982
-0.145
-1.149
-0.961
-0.402
-2.087
-0.871
-0.495
-1.452
-0.118
-2.276
-0.821
-1.529
-3.753
-0.141
0.220
-0.741
-0.649
-1.511
-0.962
-0.538
-0.607
0.328
-1.711
-0.012
-0.175
0.409
-0.901
-1.485
0.101
-0.953
-0.185
0.177
-1.209
-0.265
-0.901
-0.119
-0.358
-1.222
-1.078
-0.900
-0.906
-1.397
0.209
-0.096
0.522
-0.144
-0.340
-1.206
0.058
-0.672
-0.069
0.051
-0.695
-0.120
-0.442
-0.217
-0.433
-0.201
0.015
-0.752
-1.137
-0.945
-0.789
-0.326
-2.015
0.156
-0.005
-0.844
-2.052
0.047
0.139
-0.605
0.223
0.260
-0.141
-0.006
-3.404
1.164
0.220
-1.055
0.158
-0.658
-0.176
-1.286
0.207
1.287
0.542
0.765
-0.744
1.084
-0.263
0.456
-0.699
-3.543
-0.002
1.268
-0.008
0.539
-0.001
0.034
-0.004
0.015
-0.106
0.007
-0.798
0.009
-0.029
-1.732
-1.036
-0.281
-0.329
-0.474
-0.154
-1.242
-0.391
-0.638
-0.261
0.233
-0.127
-0.739
0.428
-0.359
-0.201
0.015
1.045
0.232
-0.128
-3.522
-1.053
-1.323
-0.741
-1.532
-1.290
-0.178
-0.877
-1.608
-0.191
-2.075
-1.628
-0.029
-0.931
-0.483
-0.073
-1.447
-1.823
0.022
-1.308
0.723
-1.072
-0.737
-0.932
-0.897
-0.681
-0.143
-1.672
-0.848
-0.707
-0.434
-0.788
0.195
0.247
-1.263
-1.597
-0.079
0.015
-0.740
-0.374
-0.304
0.285
-0.100
-0.189
-0.016
0.035
-0.631
-0.606
-1.308
0.290
-0.657
-0.399
0.184
-0.065
-0.044
-0.848
-1.861
0.150
-3.470
-3.200
0.074
-1.056
-0.310
-0.479
-0.012
-0.097
0.126
-0.448
-1.264
0.066
-0.238
-0.338
-0.099
0.008
-0.143
-0.023
-1.246
-0.214
0.047
-0.092
1.508
-0.206
0.149
0.349
-0.647
0.437
-1.223
-0.209
-0.187
0.241
0.827
1.435
0.413
0.561
0.301
-0.253
0.235
0.023
0.480
1.179
0.498
-0.101
0.849
0.224
0.359
-0.063
-0.080
-0.366
0.735
0.380
-0.230
0.998
0.605
-1.100
-0.018
-0.069
-0.104
0.315
1.275
-0.150
-0.506
-0.015
0.188
-0.012
-1.729
-0.031
-2.497
-0.352
-0.087
-0.042
-0.953
-1.455
-0.530
0.182
-0.250
0.031
-0.608
-2.712
-0.812
-0.660
-0.192
-1.807
-1.130
-0.263
-0.329
-0.373
-0.445
-0.117
-0.360
-0.415
-1.306
-1.380
-1.369
-1.002
-0.152
-0.270
-0.532
-0.157
-0.234
0.303
-0.443
-0.799
-0.423
-0.342
-0.660
0.163
-0.500
-1.011
0.010
-0.448
-0.237
-1.590
-1.306
-0.044
0.185
-0.198
-0.190
-0.550
-0.374
0.151
0.021
-0.543
-0.414
0.014
-0.098
-0.585
-0.158
-0.850
-0.959
-0.605
-2.013
-2.818
-1.049
-1.207
0.015
0.015
-0.119
0.269
-0.373
-2.028
-1.226
-0.107
-0.331
-0.169
-0.855
-0.940
-0.077
0.115
0.129
0.120
-0.443
-0.638
-0.398
-0.126
-0.222
-0.024
-0.037
0.986
-1.155
0.318
-1.939
-0.761
-0.550
-0.106
-0.129
-0.190
-0.020
-0.343
0.009
-0.220
0.015
0.015
0.842
-0.110
0.160
0.133
0.477
0.051
0.106
0.076
-0.389
0.624
0.254
-0.001
-0.097
0.094
0.015
0.206
0.027
-0.043
-0.010
-0.053
0.015
-0.030
-2.006
-0.916
-0.383
-0.720
-1.136
0.015
-1.028
-0.013
-0.929
-0.763
-0.209
-2.382
-0.823
-0.024
-0.275
-0.070
0.470
-0.103
-0.133
0.531
0.002
-0.056
-0.014
-0.810
1.372
0.015
-0.368
0.219
0.302
-0.411
0.515
1.114
0.266
-0.002
0.310
-0.895
1.011
0.758
-1.641
-0.022
0.252
0.084
-0.024
1.358
-1.164
0.015
-0.361
-0.353
-0.803
-0.212
0.736
-0.191
0.888
-3.111
0.397
-0.431
-0.027
