-0.331
-0.071
0.101
-0.579
-0.413
-0.279
-0.042
-0.543
-0.584
-0.253
-0.669
-0.321
-0.289
-0.031
-0.156
0.024
0.406
0.360
0.176
0.549
-0.538
1.950
1.216
-0.256
-0.413
-0.933
0.063
-0.239
-0.806
-0.074
-0.031
-0.204
-0.286
-0.544
-0.089
-3.928
-2.369
-2.038
-0.907
-1.354
-1.887
-3.337
-0.079
0.287
0.021
-0.136
-0.791
-0.117
-2.557
-1.519
-1.789
-1.192
-3.233
-2.402
-2.089
-2.412
-1.007
-0.124
-0.492
-2.493
-1.241
-1.637
-1.647
-1.266
-1.353
-2.505
-1.590
-1.349
0.328
-0.051
-0.624
-0.026
-0.258
-0.549
-0.040
-1.333
-0.210
0.350
-1.001
-0.055
0.046
-0.500
-0.289
-0.666
0.358
-0.968
-1.961
-2.102
-0.995
0.643
0.400
0.240
-0.079
-0.677
-0.502
0.030
-0.173
-0.066
-0.785
-0.489
-0.138
0.087
-0.333
-0.067
-0.539
0.027
0.407
0.639
0.318
0.374
-0.323
-0.049
-0.006
0.322
0.406
0.449
-0.017
0.250
0.312
0.300
0.282
0.283
0.256
0.709
0.347
-1.602
0.753
0.314
-0.123
0.015
-0.026
0.025
-0.209
-0.031
1.635
-0.526
-0.097
-0.031
-0.031
-0.872
-0.774
-0.031
0.787
0.298
-0.075
0.537
-0.114
-0.417
-0.113
-2.660
-0.560
-0.204
-1.425
-1.946
-1.170
-2.983
-1.684
-2.449
-2.578
-0.224
-0.327
-2.365
-0.270
-0.031
0.134
0.149
-0.776
-1.122
-0.172
-0.462
-1.355
0.008
0.626
0.017
-0.428
-0.489
-1.519
-0.643
-2.234
-0.931
0.190
-2.418
0.129
-1.146
-1.427
-0.031
-0.031
0.182
0.419
0.643
0.354
0.002
0.245
-1.932
-0.731
-0.053
-0.691
-0.397
-0.895
-0.021
-0.009
-0.266
0.147
-0.370
0.200
-0.220
-3.084
-2.762
-0.852
0.339
0.426
-0.012
1.131
-0.429
-0.877
1.797
2.031
-0.210
-2.715
-2.026
-1.195
-2.341
-0.329
-1.530
-1.874
-0.623
-0.870
-0.570
-2.067
-1.030
-0.340
-1.699
-1.863
-2.516
-2.471
0.420
1.790
-1.576
-0.127
0.227
-0.169
-1.108
-0.684
-0.746
-4.663
-0.171
-0.279
-0.502
-0.344
-1.407
-0.002
-1.530
-0.584
-0.304
-1.577
-0.422
-1.982
-0.207
-0.497
-1.596
-0.658
-0.416
-0.805
-0.517
1.394
-0.079
1.360
0.402
-0.254
-0.696
0.003
-0.746
0.034
0.166
-0.196
-0.031
0.010
-0.955
-0.400
-0.031
-0.780
-0.417
-1.284
-1.000
-1.111
0.124
-0.031
-0.009
0.736
-0.078
-2.367
0.485
-0.211
0.039
0.035
-0.031
-0.024
0.003
-2.553
0.050
0.298
-2.062
-0.123
-0.764
0.003
0.453
0.356
2.332
0.565
-0.048
0.350
1.083
-0.324
0.319
-1.114
-1.099
-1.455
-0.145
-0.113
-0.429
-0.368
-0.111
-1.273
-0.545
-0.518
-0.380
-0.597
-0.249
-0.265
-2.089
-2.172
-0.291
-0.182
-0.872
-0.234
-1.272
-0.437
-0.352
-0.025
0.054
-0.175
-1.385
-0.029
-0.790
-0.232
0.064
-1.016
0.201
0.077
-3.502
-1.629
-1.189
-1.296
-0.814
-0.310
-0.203
-1.320
-2.295
-0.870
-0.031
-0.031
-0.000
-1.197
-1.198
-1.637
-0.459
-1.380
0.089
-1.326
0.037
-0.737
-1.958
-2.271
-1.327
-1.940
0.107
-0.031
-0.031
-0.436
-0.087
0.282
1.676
1.770
-0.699
-0.257
-0.704
0.060
-0.046
-0.561
-1.276
-0.141
-0.031
0.143
0.574
-0.228
-0.511
-0.158
-1.522
0.389
-2.380
-0.642
-0.116
-0.302
-0.760
0.096
-0.427
0.225
-0.199
-1.178
0.005
-1.616
-0.024
-0.244
-0.086
-0.078
-0.477
-0.072
-1.118
-0.188
-1.482
-0.405
-0.758
0.281
-0.281
-0.031
-0.923
-0.487
-0.269
-0.504
0.174
-0.205
-0.456
0.485
-0.679
0.099
-1.959
-1.206
-0.118
-0.038
1.678
1.106
0.020
0.349
0.618
0.270
1.192
1.066
0.975
0.322
0.208
-0.587
0.460
0.546
-0.014
-0.387
0.878
-2.041
1.251
0.316
-2.435
0.570
0.883
-0.955
0.790
-0.372
-0.987
-0.650
-0.702
-0.374
-0.831
-0.821
-0.036
-0.410
-1.731
-0.100
-2.850
-1.239
0.063
-0.042
-0.876
-2.309
0.062
0.183
-0.245
-0.053
-0.414
-1.951
-0.415
-1.567
-0.804
-2.598
-1.532
-0.551
-0.498
-0.031
-1.200
-0.347
-0.289
-0.967
-2.181
-0.792
-1.799
0.163
0.146
-0.109
-0.031
-0.299
-0.014
0.453
0.319
-0.382
-0.260
-1.181
-0.031
-0.738
-0.204
-0.328
-0.031
-0.044
-0.497
-1.897
-2.032
-0.123
0.055
0.314
-0.008
-0.669
-1.012
-0.428
-0.225
-0.361
-0.141
-0.031
-0.503
-0.910
-0.351
-0.728
-0.749
-1.261
-1.057
-2.329
-0.893
-0.175
0.012
-0.239
-0.521
-2.396
-0.031
-0.625
-0.351
-0.151
-0.995
-0.732
-0.432
-0.557
-0.084
0.350
-0.145
-0.378
-0.037
-0.596
-0.420
-0.365
-0.391
-0.974
0.052
0.207
-0.466
0.176
-3.601
-1.338
-0.148
-0.966
-0.040
-1.658
-0.111
-0.155
0.094
-0.209
0.494
-0.197
0.360
-0.046
-0.212
0.226
0.239
-0.337
0.011
-2.468
-1.831
0.210
-0.066
-0.061
-0.475
-0.031
-0.177
-0.204
-0.772
-0.458
-0.183
-0.744
-0.566
-0.306
-1.937
-0.798
-0.499
-0.744
-1.495
-0.039
-0.988
-0.909
-1.780
-0.756
-0.890
-3.324
-0.910
0.320
-0.155
-0.660
0.434
-0.339
-0.501
0.362
0.419
-0.872
-0.060
-1.850
-0.031
-0.031
-1.947
-1.191
0.317
-0.031
0.304
0.122
0.155
-0.057
0.611
0.047
0.390
0.124
-0.596
-0.672
0.109
0.362
0.162
0.988
-0.963
-0.363
-0.811
-0.745
-0.517
-0.565
0.040
-0.043
0.875
-3.877
0.228
-1.724
-0.034
