0.202
0.193
0.273
0.214
0.183
0.207
0.307
0.195
0.208
0.207
0.245
0.374
0.306
0.371
-0.556
0.200
-0.415
-0.270
-0.066
0.139
0.543
-1.856
-0.534
0.270
0.203
-0.128
0.282
0.019
0.588
0.136
0.324
0.278
-0.120
-0.284
-0.104
2.497
1.953
2.105
0.410
2.028
2.835
4.760
0.228
-0.225
0.470
0.034
0.293
0.054
2.513
1.705
1.906
1.799
2.422
3.393
1.852
1.597
1.334
-0.175
0.520
2.867
0.866
0.981
1.475
2.031
1.404
3.488
1.894
0.530
0.417
0.227
0.552
0.154
0.116
0.291
-0.175
0.459
-0.175
-0.584
3.454
-0.262
-0.465
1.046
0.536
0.465
-0.283
0.482
1.630
2.965
1.249
0.577
-0.299
0.477
0.219
0.660
0.498
-0.175
0.349
0.198
0.789
0.947
0.297
0.221
0.142
0.797
0.310
-0.165
0.200
-1.191
0.200
-0.020
0.182
0.222
-0.302
0.016
-0.072
-0.006
0.200
0.169
0.200
-0.219
0.200
0.209
-0.226
-0.319
-0.030
0.930
0.056
-1.032
-0.376
0.309
0.208
0.141
0.247
-0.175
-0.359
1.625
0.533
0.246
-0.810
0.199
0.164
-1.194
-1.304
0.204
0.511
-0.300
0.228
0.409
0.672
1.529
2.185
-0.190
0.872
2.163
1.103
3.405
2.627
1.696
2.475
0.562
1.105
2.256
1.355
-0.063
-0.674
0.195
1.567
1.054
0.248
0.279
0.662
0.098
-1.182
-0.002
0.899
2.163
0.880
0.324
-0.051
0.577
-0.001
1.844
-0.062
0.411
0.695
0.257
0.172
-0.180
0.063
-0.230
0.104
0.660
-0.175
-0.175
-0.175
-0.312
0.369
0.484
0.216
0.326
0.213
0.202
-0.667
0.236
0.304
0.265
2.295
2.269
0.895
0.293
0.640
0.149
-0.338
0.290
0.314
-2.137
0.023
-0.043
2.995
1.657
1.069
3.375
0.850
1.437
1.238
0.759
0.854
1.215
1.634
0.771
0.907
2.829
1.283
0.688
3.655
-0.234
-0.834
0.434
-0.044
0.683
0.191
0.647
0.372
0.007
2.493
0.241
0.784
-0.540
1.277
1.291
-0.594
1.119
0.292
0.157
1.033
0.312
1.390
-0.244
-0.216
1.485
1.259
0.438
1.099
0.718
-0.846
0.536
-0.642
0.150
-0.145
0.465
-0.233
1.380
0.190
-0.139
0.507
-0.175
-0.259
0.192
0.300
-0.217
0.095
0.460
0.205
0.926
0.943
0.115
0.102
0.157
0.234
0.423
1.088
-0.564
0.192
-0.286
0.200
0.489
0.711
0.372
2.692
0.152
-0.314
1.001
-0.123
1.071
0.284
0.333
-0.707
-1.960
-1.093
-0.156
-0.081
-3.056
0.311
-0.174
0.833
3.048
0.567
-0.421
0.439
0.304
0.281
0.223
0.395
0.263
0.478
-0.050
0.584
0.216
0.227
1.807
1.335
0.410
0.687
0.565
0.336
0.952
0.471
0.432
0.204
-0.463
0.427
1.462
-0.834
0.270
0.241
-0.082
0.262
-0.009
-0.263
4.026
1.098
1.106
1.303
1.373
0.877
0.253
1.424
2.348
0.661
0.262
0.620
0.279
0.739
0.578
0.454
0.237
1.241
-0.164
1.403
-0.608
0.710
0.593
1.073
0.364
1.142
0.427
-0.193
0.102
0.341
0.546
0.409
-1.192
-0.508
0.288
0.239
0.409
0.378
0.310
0.425
-0.284
-0.136
0.153
0.247
0.168
0.310
0.524
0.202
1.595
0.437
3.004
1.285
1.166
0.906
1.802
0.942
-0.128
0.779
1.490
2.638
-0.184
0.585
0.104
0.351
0.327
0.272
-0.135
0.242
0.656
0.263
1.479
0.494
0.520
0.152
0.754
0.703
0.975
0.350
0.143
-0.332
-1.090
0.287
-0.145
-0.376
0.238
-0.335
1.305
1.384
-0.184
0.058
-0.959
-0.562
-0.232
-0.271
-0.461
0.384
-1.001
-0.986
-1.045
-1.136
-0.635
-0.361
0.414
-0.408
-0.026
0.367
0.005
2.129
-0.436
-0.246
1.382
-0.569
0.934
1.812
0.279
1.319
0.484
0.296
0.221
0.327
0.489
1.159
-0.285
0.317
1.700
0.862
2.187
1.234
-0.125
-0.112
1.589
2.429
0.221
-0.416
0.188
0.402
0.521
1.740
0.705
1.194
0.575
2.268
1.161
0.462
0.361
0.076
0.924
0.360
0.281
0.633
1.690
0.741
1.376
0.346
0.247
-0.347
0.319
0.177
0.210
0.122
0.329
0.283
0.160
0.232
0.126
0.382
0.166
0.438
-0.113
0.557
0.490
1.145
1.131
0.852
-0.134
-0.509
0.096
0.356
0.587
0.236
0.217
0.234
0.270
0.180
0.496
0.938
0.387
0.826
0.630
0.701
0.951
2.740
0.697
0.785
-0.068
1.846
0.365
0.553
0.259
0.257
0.010
0.256
0.604
0.209
0.310
0.327
0.260
0.045
0.373
0.216
0.169
0.388
0.329
0.224
0.577
0.366
0.049
0.014
1.196
0.227
1.784
1.520
1.101
0.314
0.037
0.738
-0.175
1.372
0.152
0.235
0.061
0.383
-0.437
-0.250
0.224
0.199
0.188
0.204
0.188
1.679
1.572
0.256
0.284
0.300
0.209
0.206
0.650
0.539
0.280
0.113
0.085
0.332
0.168
0.188
1.581
0.973
0.478
0.623
0.485
0.111
0.813
0.866
0.588
0.728
0.724
4.922
0.588
0.269
1.873
0.655
-0.305
0.357
0.375
-0.568
0.018
0.455
-0.153
0.735
0.097
0.008
1.134
0.419
-0.734
0.341
-0.740
-1.200
-0.360
0.452
0.333
1.133
-0.280
-0.579
0.496
0.428
0.187
-0.284
0.127
-0.995
0.658
0.378
0.328
1.017
0.392
0.234
0.156
-0.514
-0.768
1.008
-0.211
0.618
-0.175
