-0.160
-0.252
-0.018
-0.005
-0.056
-0.153
-0.273
0.018
-0.512
-0.189
-0.452
-0.654
-0.218
-0.182
1.272
0.020
0.034
0.031
0.117
0.126
-0.064
1.214
0.079
-0.084
-0.165
-0.140
-0.018
-0.147
-0.586
-0.156
0.143
0.024
0.087
0.043
0.035
-3.072
-2.155
-2.618
-0.623
-2.387
-2.299
-3.621
-0.081
0.087
-0.305
0.042
-0.007
-0.347
-2.907
-1.610
-2.867
-1.966
-2.657
-3.345
-2.733
-1.842
-1.362
0.087
-1.060
-4.035
-1.250
-1.532
-1.550
-2.246
-1.441
-3.229
-1.735
-0.757
-0.126
-0.607
-1.242
0.155
0.349
-0.309
0.087
-0.865
0.087
1.101
-3.821
-0.038
0.337
-0.786
-0.223
-0.172
0.067
0.082
-1.385
-2.930
-0.786
-0.230
0.325
-0.477
-0.163
-0.548
-0.270
-0.093
-0.333
0.113
-1.314
-0.923
-0.015
-0.045
-0.036
-1.076
-0.322
0.232
0.059
0.143
0.123
0.016
-0.058
-0.004
0.023
0.116
0.115
0.019
0.048
-0.193
0.128
0.246
0.072
0.112
0.007
0.014
0.012
-0.880
-0.023
1.190
0.538
-0.283
0.005
0.266
-1.580
0.072
1.290
-0.439
-0.900
0.087
0.184
-0.048
-1.916
-0.034
1.104
-0.022
-0.313
-0.097
-0.065
-0.445
-1.742
-2.744
-1.078
-0.275
-0.948
-2.603
-1.450
-3.954
-2.968
-2.974
0.052
0.087
0.087
-2.996
-1.185
0.087
0.438
0.141
-0.700
-0.893
-0.146
-0.093
-0.946
0.528
-0.745
-0.045
-1.264
-2.099
-2.877
-0.645
-0.790
-1.327
0.098
-2.113
0.093
-0.963
-0.984
-0.422
-0.257
0.376
-0.369
-0.115
0.024
-0.704
0.087
-2.028
-1.492
0.065
-0.910
-0.308
-0.278
-0.150
0.014
-0.156
0.237
-0.348
-0.106
0.200
-2.450
-1.686
-0.662
0.084
-0.176
0.022
1.071
-0.302
-0.502
0.126
-0.263
0.095
-3.073
-2.818
-1.126
-2.936
-0.421
-2.091
-1.842
-1.050
-1.331
-1.151
-1.793
-1.048
-0.213
-2.133
-1.702
-0.758
-3.810
0.936
1.561
-1.477
-0.306
-0.460
-0.505
-1.353
-0.091
-0.131
-3.257
-0.018
-0.561
-0.024
-1.313
-1.030
0.538
-1.393
-0.353
-0.380
-1.362
-0.204
-2.273
-0.149
-0.189
-1.203
-1.429
-0.655
-1.264
-0.580
0.966
-0.107
0.624
0.087
0.069
-1.525
0.218
-0.237
-0.039
0.445
-1.331
-0.101
-0.467
-0.212
-0.502
-0.049
0.007
-0.563
-0.100
-0.907
-1.185
-0.617
0.087
-0.352
0.049
-0.246
-1.620
0.278
-0.027
0.493
-0.059
0.142
-0.065
0.780
-3.145
0.092
0.040
-0.295
-0.196
-0.610
0.073
-0.065
1.049
1.658
1.372
-0.856
-0.141
0.651
-0.562
0.182
-1.868
-2.771
-0.928
0.087
0.251
0.084
0.054
0.009
-0.147
-0.059
-0.144
-0.126
-0.683
-0.167
-0.116
-1.626
-2.360
-0.426
-0.237
-0.546
-0.189
-1.559
-0.194
-0.502
0.063
0.132
-0.751
-1.816
0.721
0.011
-0.895
0.126
-0.300
0.115
0.260
-3.143
-1.164
-0.993
-1.615
-1.248
-0.380
-0.313
-1.909
-1.965
-1.130
-0.222
-0.203
-0.065
-0.688
-0.704
-0.937
-0.222
-6.282
0.087
-3.744
0.265
-1.103
-0.918
-0.933
-0.598
-0.956
-0.231
-0.027
-0.148
-0.049
-0.770
-0.158
0.217
1.202
-0.088
-0.430
0.222
0.681
0.087
-2.402
-0.799
0.661
-0.129
0.102
-0.096
-0.381
-0.488
-0.140
-0.929
0.296
-1.428
-1.457
-0.530
-0.796
-2.020
-0.865
-1.011
-0.142
-2.022
-3.169
-0.034
-1.565
-0.130
-0.285
0.032
0.064
-0.008
-0.219
-1.062
0.034
-1.107
-0.538
-0.892
-0.041
-0.694
-0.065
-1.202
-0.203
-0.236
0.003
0.665
-0.044
0.098
0.238
-0.419
0.102
-1.860
-1.031
-0.796
-0.092
0.842
0.138
0.127
-0.037
0.952
0.181
1.214
1.121
0.880
0.241
0.448
0.014
0.187
0.306
0.131
-0.808
0.312
-1.983
0.684
0.241
-1.564
0.482
-0.663
-3.286
0.397
-1.657
0.049
-0.247
-0.351
-0.224
-0.300
-0.979
0.302
-0.225
-1.664
0.007
-3.102
-1.091
-1.370
0.072
-1.504
-2.753
-0.015
0.111
-0.153
0.162
-0.446
-2.713
-0.740
-1.475
-0.448
-2.935
-1.430
-0.355
-0.391
0.001
-1.197
-0.300
-0.162
-0.556
-2.652
-1.144
-2.681
0.142
-0.114
0.087
0.100
0.017
0.022
0.531
-0.442
-0.532
-0.165
0.037
0.049
-0.229
-0.023
-0.170
0.087
-0.664
-0.424
-1.863
-1.477
-0.578
0.124
0.453
0.061
-0.144
-0.120
-0.203
-0.040
-0.352
-0.311
-0.067
-0.599
-1.218
-0.310
-0.563
-0.912
-0.475
-1.727
-2.777
-0.992
-1.094
0.022
-1.179
-0.253
-0.706
-0.822
-0.281
0.670
-0.149
-0.645
-0.095
-0.455
-0.902
-0.206
0.309
-0.213
-0.052
0.052
-0.219
-0.133
-0.091
-0.418
-0.764
-0.495
0.106
-0.616
0.087
-3.043
-0.865
-0.616
-1.985
-0.700
-1.113
0.027
-0.730
-0.094
0.087
0.126
0.017
0.159
0.419
0.016
0.087
0.049
-0.055
0.044
-2.601
-1.472
-0.078
-0.046
-0.052
-0.130
-0.487
-0.186
-0.154
0.077
-0.214
-0.133
-0.371
-0.195
-0.017
-1.900
-0.576
-0.089
-0.713
-0.989
-0.517
-1.501
-0.796
-1.341
-1.070
-0.699
-4.192
-1.099
0.305
-0.645
-1.603
0.049
0.087
-0.505
1.395
0.238
-1.604
-0.326
-1.178
-0.460
-0.384
-1.245
-0.203
0.674
0.083
0.291
0.598
0.159
-0.516
-0.539
-0.992
0.360
0.805
-0.892
-0.661
0.024
0.134
0.047
1.139
-1.262
-0.508
-0.705
-0.836
-0.626
-0.210
-0.011
-0.019
1.074
-1.872
0.346
-0.647
0.087
