-0.246
-0.134
0.351
0.582
0.227
0.376
-0.022
-0.193
0.346
0.399
-0.135
-0.716
0.600
-0.160
1.022
-1.304
-1.319
-0.867
-0.550
-0.522
-0.044
-1.247
0.780
-0.081
-0.110
0.428
0.425
0.744
0.544
0.141
0.160
-0.083
0.477
-0.380
-0.305
2.389
1.312
3.100
0.658
2.503
1.982
3.153
-0.037
0.038
-0.002
0.130
0.097
0.954
2.095
2.364
3.126
3.449
3.507
2.209
2.974
2.473
2.806
1.087
0.892
3.463
1.157
2.224
0.618
2.262
0.625
1.450
1.294
1.356
-0.485
0.157
1.543
-0.332
1.296
0.290
-0.542
-0.896
-0.146
-0.677
2.272
-0.290
-0.203
2.144
-0.301
0.237
0.503
-0.667
-0.380
1.184
-1.077
1.006
-0.715
-0.023
-0.053
1.604
0.241
-0.196
0.040
-0.067
2.222
1.925
0.767
0.048
0.155
0.345
-0.021
-0.238
-0.047
-0.025
0.301
-0.198
0.062
-0.067
-0.404
-0.561
-0.143
0.061
0.011
-0.427
0.168
-0.252
-0.015
-0.013
-0.123
0.116
-0.123
2.942
-0.513
-0.885
-0.923
-0.646
0.051
-0.423
-0.016
-0.111
-2.639
-0.413
-0.169
-0.104
-3.357
0.650
1.586
-0.985
-0.148
-0.258
0.202
-0.231
0.635
-0.774
-0.067
2.978
0.414
-0.046
0.668
0.951
0.641
4.050
2.639
2.744
3.767
0.104
1.594
1.819
1.887
0.099
-0.523
-0.177
0.965
1.163
1.552
1.524
3.842
-0.034
-0.153
-0.195
0.391
2.138
0.599
0.689
1.248
2.159
0.288
0.532
-0.214
-0.789
1.105
0.779
0.022
-0.146
-0.356
0.057
-0.001
-0.031
-0.043
1.367
-0.017
0.930
0.045
1.227
-0.089
0.003
0.162
0.471
-0.082
0.171
-0.066
-0.067
2.671
2.111
1.565
0.472
-1.225
-0.324
-1.653
-0.055
0.114
0.698
-0.121
-0.544
1.023
2.808
2.429
1.542
-0.244
0.706
1.545
1.580
0.237
0.670
1.852
0.901
0.842
3.998
0.526
4.426
3.038
-0.966
-1.091
2.945
-0.626
0.165
0.626
1.624
-1.008
0.315
-0.012
1.029
1.033
-1.621
0.399
0.882
1.044
0.032
1.127
0.408
1.904
0.318
1.217
0.004
0.300
0.757
1.154
0.088
1.204
0.614
-1.283
0.795
-0.835
-0.595
-0.602
1.011
0.138
-0.118
-0.151
-0.138
1.423
0.143
0.506
1.427
0.161
-0.457
-0.461
0.055
0.783
2.636
-0.041
0.344
0.093
-0.088
0.061
0.072
1.043
-0.336
-0.221
-0.291
-0.256
-1.261
-0.141
-0.730
1.377
-0.863
-0.032
3.055
0.714
0.922
-0.186
-0.504
0.054
-0.353
-1.327
0.323
0.082
-0.183
0.179
-0.142
0.302
0.565
2.481
-1.877
0.093
-0.478
0.801
-0.028
0.138
0.245
0.610
-0.367
0.800
-0.042
-0.216
0.144
1.530
-0.125
-1.183
2.090
1.000
1.467
0.489
0.708
-0.349
-0.243
0.156
0.673
-0.896
1.058
1.344
-0.441
1.003
-0.144
-0.466
2.531
1.629
0.785
2.995
2.682
1.011
0.341
3.126
2.152
3.873
0.007
0.353
-0.061
-0.168
0.321
0.251
1.328
2.528
-0.007
1.908
-0.176
1.871
0.038
1.716
0.622
-0.139
0.082
0.077
0.118
0.769
0.887
0.256
-0.254
-0.430
0.049
-0.122
1.110
0.286
0.252
0.015
0.418
-1.499
-0.177
0.133
-0.800
-0.091
0.647
0.763
0.819
0.571
1.693
1.072
0.707
0.983
0.273
0.031
0.341
-0.046
1.113
2.760
0.605
0.063
0.578
0.144
-0.798
0.145
-0.078
0.290
1.339
0.248
0.925
0.359
0.975
0.482
0.173
0.753
-0.118
-0.302
0.357
0.024
-0.665
0.439
-0.092
-1.501
0.358
-0.129
0.085
0.697
-0.212
-0.410
-0.714
-0.238
-0.254
-0.001
-0.229
-2.220
-1.081
-0.989
-0.326
-1.737
-0.485
-0.015
-0.456
-0.491
-0.085
0.881
-0.804
0.277
-0.265
-0.021
0.186
-0.704
-0.681
1.004
1.615
2.774
-0.273
-0.071
-0.521
-0.169
0.189
0.105
0.177
-0.262
0.403
-0.040
0.904
0.130
-0.294
0.605
0.015
0.678
-0.029
-0.218
0.054
-1.016
0.294
4.111
1.439
2.372
1.259
1.559
0.121
0.583
0.123
0.421
1.607
-0.037
1.793
0.632
3.179
1.526
3.179
-0.172
0.239
0.491
-0.322
-0.029
-0.049
-1.069
-0.286
-0.027
0.165
0.060
0.146
-0.205
0.444
0.359
0.083
0.137
0.038
0.836
0.658
2.095
-0.203
-1.097
-0.048
0.147
-0.027
-0.067
-0.161
-0.030
-0.114
-0.135
0.046
0.320
0.145
0.705
0.490
1.562
0.309
1.558
2.574
1.905
0.100
-0.159
0.186
-0.005
0.021
0.837
0.341
0.088
0.054
0.212
0.242
0.185
0.480
-1.138
0.057
-0.152
0.148
1.020
-0.013
0.179
0.985
1.409
-0.163
0.065
0.096
-0.101
0.277
0.704
1.195
-0.253
0.777
0.100
-0.405
-0.483
0.032
0.092
-0.052
0.185
-0.410
0.380
-0.155
-0.264
0.083
0.008
-0.113
-0.245
-0.467
-0.863
0.346
0.831
-0.024
-0.220
0.611
0.422
-0.405
-0.342
-0.722
0.498
1.457
0.204
2.144
0.224
-0.241
1.115
1.159
0.767
1.463
0.480
1.224
0.454
0.307
1.535
0.795
-0.507
-0.527
0.743
0.069
-1.123
-0.286
-0.489
0.129
-0.419
-1.125
0.358
0.994
-1.442
0.269
0.578
-1.611
1.406
-0.728
0.098
-0.161
-0.306
0.437
1.366
-0.485
-1.498
0.316
1.563
-0.066
-0.011
-0.199
-1.088
0.174
-0.032
1.753
0.923
1.163
0.365
-0.652
1.165
-1.210
1.285
-0.236
-1.550
0.528
