-0.213
-0.108
0.015
-0.213
-0.024
-0.111
-0.229
-0.515
-1.005
-0.503
-0.596
-0.664
-0.130
-0.655
0.667
0.157
0.544
0.352
-0.077
-0.339
-0.046
1.092
-0.095
-0.088
-0.052
-0.100
-0.055
-0.083
-0.179
-0.134
-0.121
-0.187
0.197
0.352
0.481
-2.775
-2.157
-2.812
-0.668
-2.407
-2.043
-4.100
-0.070
0.533
0.321
0.439
-0.226
0.204
-2.802
-1.776
-3.343
-2.409
-2.163
-3.932
-3.516
-1.939
-2.030
-0.471
-1.063
-4.448
-1.130
-1.666
-1.746
-1.418
-1.073
-2.916
-2.395
-0.898
-0.061
-0.046
-1.632
0.505
0.482
-0.485
-1.312
-1.647
-0.229
2.390
-3.495
0.356
1.729
-2.336
-1.071
-0.494
0.858
0.269
-1.234
-2.426
-0.474
-0.286
0.447
-0.356
0.013
-0.446
0.040
0.862
-0.098
-0.079
-2.392
-1.074
-0.289
-0.089
-0.008
-0.879
-0.083
0.386
-0.083
-0.045
-0.021
0.611
-0.055
-0.003
0.263
0.033
0.360
0.385
-0.038
-0.001
-0.057
0.862
-0.056
-0.037
0.023
0.816
0.517
-0.672
0.147
0.494
0.109
0.167
-0.036
-0.005
0.291
0.510
1.442
0.268
0.764
-0.156
1.176
-0.080
-0.172
2.240
2.365
-0.166
-0.151
-0.141
-0.270
-0.309
-0.518
-2.946
-1.238
-0.050
-0.963
-2.430
-2.851
-3.393
-3.591
-4.155
-3.555
-0.097
-1.023
-2.673
-2.308
-0.800
0.358
-0.092
-2.284
-1.880
-0.346
0.013
-0.914
0.803
0.183
0.358
-0.799
-2.143
-2.128
-0.266
-1.259
-0.757
-0.024
-2.413
0.230
-0.450
-0.643
-0.683
-0.357
0.501
0.491
0.025
0.003
-1.283
-0.301
-2.454
-1.402
0.638
-1.004
-0.911
-0.321
-0.040
-0.120
-0.345
0.027
-0.134
-0.159
-0.190
-2.885
-2.001
-1.203
0.039
-0.012
-0.296
1.712
-0.024
-0.140
2.841
0.753
0.021
-2.643
-2.188
-1.326
-2.799
-0.366
-2.826
-1.776
-0.753
-1.124
-1.156
-1.110
-0.577
-0.743
-2.193
-1.277
-1.792
-4.339
0.567
2.108
-0.126
-0.048
-0.560
-0.473
-0.492
0.417
-0.007
-2.820
-0.365
-0.705
-0.150
-0.805
-1.891
0.376
-1.231
-0.669
-0.447
-1.469
-0.255
-1.825
-0.176
0.067
-1.455
-1.033
-0.255
-0.774
-0.690
1.271
0.401
0.588
-0.081
0.481
-1.236
0.114
-0.729
-0.042
0.041
-0.615
-0.068
-0.908
-0.048
0.396
-0.183
0.759
-0.251
-1.920
-1.052
-1.036
-0.074
-0.245
0.081
-0.077
0.280
-3.263
1.677
0.431
0.489
0.235
0.618
-0.172
0.752
-2.333
0.851
0.018
-0.931
0.096
-1.316
-0.133
-1.017
1.554
2.927
1.906
0.275
-0.918
1.826
-0.919
0.537
-0.263
-1.500
-0.722
0.610
-0.148
0.172
-0.206
0.037
-0.126
-0.043
-0.711
-0.057
-0.522
-0.159
-0.072
-1.803
-0.338
-0.027
-0.634
-0.894
-0.361
-1.808
-0.590
-0.504
0.139
0.297
-0.357
-0.944
0.950
-0.173
-0.082
0.247
0.297
0.329
0.069
-3.770
-1.311
-1.374
-1.979
-2.085
-0.474
-0.254
-1.274
-2.162
-0.803
-0.228
-0.694
0.022
-0.699
-0.751
-0.876
-0.474
-0.188
-0.328
-3.017
1.093
-0.887
-1.161
-1.391
-0.302
-2.026
-0.589
0.125
0.225
-0.215
-0.447
-0.139
0.990
1.742
0.184
0.174
0.249
0.318
-0.664
-0.989
0.586
0.764
0.569
0.151
-0.281
-0.134
-1.219
-0.089
-1.238
0.668
-2.335
-1.282
-0.706
-0.761
-0.471
-0.909
-0.662
0.208
-2.940
-2.909
0.181
-1.167
-0.045
-0.289
-0.092
-0.370
0.143
-0.079
-0.758
0.326
-0.835
-0.717
-0.543
-0.040
-0.375
0.031
-1.020
0.030
-0.148
0.338
1.291
-0.154
0.300
0.244
-0.462
0.522
-1.523
-1.440
-0.046
0.125
1.949
1.182
0.625
0.563
1.474
0.257
0.947
1.075
0.921
1.553
1.073
0.546
1.818
0.473
0.320
-0.956
0.653
-1.548
0.647
0.125
-1.348
0.440
-0.087
-0.462
0.991
0.013
0.481
-0.234
0.799
-0.172
-0.032
-0.170
0.374
-0.136
-2.230
-0.600
-2.698
-0.442
-0.962
-0.365
-1.144
-1.479
0.037
0.325
0.070
-0.068
-0.410
-1.662
-0.801
-2.204
-0.336
-3.472
-1.346
-0.269
-0.134
-0.264
-0.934
-0.125
-0.165
-1.417
-2.623
-1.686
-2.107
-0.166
-0.143
-0.132
0.048
0.025
0.094
0.857
0.395
-0.151
-0.095
0.070
-0.037
-0.108
-0.173
-0.153
0.028
-0.299
-0.108
-1.873
-1.938
-1.411
0.224
0.749
0.443
-0.105
-0.156
-0.317
0.137
-0.192
-0.105
-0.106
-0.141
-1.271
-0.246
-1.340
-0.619
-0.770
-1.608
-3.972
-1.531
-2.099
0.224
0.120
-0.079
-0.179
0.089
-0.029
0.793
-0.054
-0.722
-0.475
-0.239
-0.387
-0.059
-0.204
0.013
0.086
-0.328
-0.358
-0.448
-0.236
-0.214
-0.357
-0.037
0.347
-1.199
1.002
-2.480
-1.577
-0.201
0.101
-1.089
-0.890
-0.032
-0.554
0.102
-0.158
0.045
-0.046
-0.220
0.863
0.068
0.247
0.383
0.149
0.618
-1.181
-0.441
0.225
0.027
0.125
-0.130
0.212
-0.138
0.588
0.083
-0.329
-0.126
-0.507
-0.209
-0.048
-2.160
-0.744
-0.244
-1.797
-1.223
0.012
-2.449
-0.360
-1.141
-1.109
-0.696
-2.518
-1.170
-0.128
0.415
-1.371
0.396
0.075
0.124
1.580
0.267
-0.167
0.006
-1.927
1.361
-0.921
-0.890
-0.317
1.034
-0.896
0.817
0.564
0.802
0.019
0.266
-0.817
0.425
0.629
-1.116
-0.683
0.041
0.133
0.248
0.832
-0.472
-0.199
-0.210
-0.522
-0.098
0.030
0.251
0.116
1.750
-3.690
0.515
-0.396
-0.105
