-0.819
0.269
0.175
0.074
0.063
0.418
0.026
0.054
0.340
0.058
0.205
0.979
0.585
0.180
0.934
-0.310
-1.186
-0.148
0.204
-0.052
0.549
-0.641
-0.064
0.007
0.080
-0.084
0.245
0.211
0.117
0.209
-0.067
0.130
-0.045
-0.666
0.172
2.515
2.187
2.405
1.129
0.387
2.577
1.469
0.071
0.316
0.053
0.177
0.067
0.676
2.906
3.279
5.189
3.278
3.690
2.594
3.124
2.201
0.844
0.323
0.207
2.014
0.911
1.075
1.746
1.206
0.453
2.010
0.778
1.519
1.171
0.475
1.515
0.358
1.387
0.183
1.076
0.058
-0.284
-0.086
2.651
-0.298
-0.458
2.767
0.198
0.575
0.117
-0.253
0.870
0.886
1.032
0.384
-0.472
0.718
-0.020
2.190
0.068
-0.223
0.041
0.019
1.188
1.102
0.205
0.403
0.765
1.145
0.534
-0.138
-0.020
-0.020
-0.020
-0.422
-0.024
0.014
-0.319
-0.327
-0.064
-0.020
-0.020
-0.070
-0.029
-0.054
-0.020
-0.028
-0.055
-0.233
-0.179
0.872
-0.089
-0.559
-1.269
-0.098
-0.020
-0.982
-0.214
0.280
-1.326
0.461
1.531
0.495
-1.377
0.217
1.714
-1.060
-0.466
0.015
-0.365
0.137
-0.020
0.214
-0.045
4.060
0.116
0.475
0.982
2.147
1.762
3.836
2.347
3.247
2.766
-0.395
1.199
2.173
1.205
0.010
-0.020
0.081
2.546
0.246
0.622
0.011
2.344
-0.060
-0.020
-0.042
1.236
1.879
1.877
0.389
2.394
2.762
0.248
1.450
0.012
0.120
0.773
0.031
-0.184
0.410
-0.278
0.701
0.217
0.837
0.588
1.575
0.938
-0.101
0.296
0.526
0.885
0.446
0.537
0.222
-0.042
-0.020
-0.024
-0.020
2.229
3.350
3.709
0.034
-0.217
0.396
-1.900
0.448
0.752
-1.087
1.359
-0.157
2.452
3.196
0.739
2.594
-0.042
1.654
1.170
1.252
0.762
1.419
2.075
1.407
0.619
3.371
2.538
2.847
4.782
0.318
-2.092
0.590
-0.206
1.120
-0.033
0.372
-0.115
-0.035
0.969
0.029
0.265
0.307
0.451
0.611
0.170
0.647
0.769
1.216
0.922
1.075
1.125
0.587
0.842
0.310
1.271
1.280
1.388
0.842
-1.496
1.097
0.177
-0.382
-1.205
1.019
-0.275
1.514
0.030
0.788
1.696
0.262
2.186
0.122
0.354
-3.238
0.274
0.883
0.625
1.727
0.612
0.604
0.563
-0.020
-0.073
-0.668
1.042
0.107
-0.022
-0.156
-0.220
0.115
1.612
-0.334
0.865
-0.094
0.491
-0.025
-0.372
1.985
-0.712
-0.765
-0.567
-1.492
-0.374
0.381
-0.120
-1.852
0.794
0.253
1.169
0.561
3.227
-0.211
-0.099
-0.165
-0.087
-0.087
0.101
0.055
0.019
-0.023
0.498
0.076
0.003
0.430
0.842
0.287
-0.183
0.790
0.871
0.861
0.053
0.913
0.623
0.480
0.550
0.115
-0.546
0.163
0.529
-0.048
0.869
-0.303
-0.020
3.134
1.813
1.897
1.572
2.557
0.404
0.419
1.818
2.550
3.435
0.188
-0.019
0.095
0.812
-0.016
0.020
1.736
1.744
-0.020
2.188
1.238
-0.185
-0.189
2.317
1.055
0.274
-0.460
0.071
-0.021
0.068
0.169
-0.103
-0.254
-1.105
0.238
0.153
-0.088
-0.154
0.553
0.890
0.702
0.153
-0.394
1.116
0.090
-0.088
1.951
0.578
0.678
0.246
2.355
2.524
0.961
1.262
0.912
0.620
1.568
0.916
0.660
3.761
-1.474
0.119
0.414
0.009
0.265
0.076
0.043
0.062
2.007
0.132
2.570
-0.002
0.691
0.761
-0.010
0.144
-0.006
0.005
-0.013
1.054
0.316
0.105
0.707
-0.624
1.021
1.020
0.918
0.869
0.140
-0.024
-1.562
-0.169
0.016
-1.763
-0.831
-0.342
-2.137
-1.584
-0.656
-1.936
-0.233
0.338
-0.187
-1.027
-1.112
0.199
-0.053
1.248
-0.151
-0.584
0.461
-0.355
-0.020
0.487
-0.080
2.125
0.255
-0.047
0.092
-0.298
0.093
0.036
0.006
0.040
0.314
-0.135
1.532
0.830
2.184
-0.039
0.335
1.206
-0.081
-0.361
0.066
-0.712
1.162
2.520
0.606
1.795
0.565
3.332
0.155
0.206
0.165
0.396
0.275
-0.020
0.601
0.130
1.024
0.933
3.984
0.239
-0.259
0.174
0.063
0.015
0.054
-0.056
0.156
0.941
0.176
0.042
-0.113
-0.077
0.418
1.010
0.200
0.467
-0.014
0.363
0.027
1.023
0.044
-0.085
-0.028
0.356
2.913
0.258
-1.205
0.087
-0.001
-0.020
-0.230
0.856
0.260
0.304
0.246
0.300
0.926
3.022
1.368
1.620
0.667
-0.194
0.174
0.195
0.061
0.032
-0.030
0.604
0.021
1.025
0.203
1.728
0.420
0.268
0.178
0.021
0.104
0.118
1.165
-0.020
0.566
2.515
0.795
-0.032
1.026
-0.449
0.868
0.274
2.965
-0.252
0.183
-0.079
0.160
0.057
0.350
0.434
0.191
0.024
-0.079
-0.793
0.425
0.124
0.309
0.272
0.508
1.221
0.442
0.011
0.042
0.258
-0.026
0.193
0.043
0.186
-0.113
0.253
-0.245
1.013
1.070
0.225
1.684
0.365
0.063
1.101
1.025
0.559
1.955
1.209
2.146
0.333
1.844
0.317
0.948
0.203
-0.189
0.066
-0.801
0.446
0.626
-0.137
0.437
0.343
-0.315
2.891
0.198
2.475
1.358
0.949
-0.033
1.934
-0.331
-1.743
-0.648
-0.174
-0.248
1.647
0.061
-0.211
0.831
0.786
0.250
0.004
-0.248
-0.020
0.016
0.098
0.348
1.595
1.447
0.332
-0.103
0.150
-0.286
0.840
0.524
-1.889
0.607
