0.572
0.043
-0.066
-0.205
0.041
0.041
-0.469
-0.021
-0.381
0.308
-0.260
-0.846
-0.760
-0.280
0.539
0.109
0.142
0.227
0.406
0.341
0.161
1.042
0.419
0.279
0.115
0.335
-0.232
0.040
-0.158
0.736
0.041
-0.011
0.725
0.640
0.806
-2.519
-0.872
-1.750
-0.685
-1.249
-1.642
-1.922
0.074
0.882
0.055
0.013
-0.140
-0.063
-3.119
-2.156
-0.916
-2.207
-2.378
-3.349
-1.584
-0.801
-1.478
-0.022
-0.754
-2.415
-1.699
-2.167
-1.239
-1.450
-1.304
-1.947
-2.006
-0.281
0.059
0.041
-0.707
0.553
0.246
-1.068
-0.668
-1.622
-0.029
1.174
-1.305
0.388
0.218
-0.047
0.145
-0.149
0.158
0.242
-0.144
-1.498
-0.199
0.237
0.172
0.144
-0.001
-0.187
0.276
0.190
0.160
0.071
-1.778
-0.803
-0.307
-0.633
0.123
-0.337
0.041
0.969
0.061
0.041
0.428
1.686
0.127
-0.040
1.124
0.319
0.731
0.214
0.041
0.547
0.146
0.130
-0.026
0.052
0.576
1.993
1.644
0.418
-0.270
0.394
0.541
-0.058
0.041
0.777
0.404
-0.034
0.465
0.777
-0.361
-0.154
0.343
0.041
0.090
0.516
0.620
0.001
-0.126
-0.182
0.078
-0.367
-0.238
-2.547
0.542
0.208
-0.421
-0.760
-0.637
-2.869
-2.738
-1.527
-0.706
1.317
0.646
-1.447
-1.401
-0.615
0.119
0.041
-1.558
-0.234
-0.340
0.039
-0.567
0.452
0.833
0.542
-0.542
-1.902
-0.883
-0.132
-1.029
-1.086
0.203
-1.406
0.341
-0.163
-0.211
0.776
0.364
0.578
0.216
-0.316
0.058
0.224
0.306
-3.011
-1.482
0.608
-0.795
-1.321
-0.082
-0.595
-0.687
0.041
0.909
0.379
0.160
0.190
-3.834
-2.199
-1.094
0.218
0.985
0.640
1.906
-0.261
0.234
0.553
0.603
0.097
-2.614
-1.548
-2.511
-1.507
-0.256
-1.171
-2.066
-0.803
-0.832
-0.200
-0.995
-0.963
-0.064
-1.846
-1.548
-2.375
-3.357
0.066
2.490
-0.648
-0.066
-0.781
0.029
0.062
-0.599
0.071
-2.444
-0.271
-0.027
0.020
-1.186
-1.240
0.344
-0.033
-0.038
-0.063
-1.102
-0.163
0.366
0.079
-0.392
-0.998
-0.137
-0.660
-1.102
-1.103
3.229
0.016
0.641
-0.598
1.252
-1.202
0.012
0.095
-0.014
0.490
-1.776
0.134
-0.776
-0.189
0.662
0.523
0.574
0.035
-0.017
-1.349
-0.570
-0.027
0.313
0.116
0.117
0.457
-4.281
0.041
0.087
0.035
0.198
0.246
-0.920
0.055
-1.552
0.546
0.676
-0.311
1.176
-1.853
0.369
0.589
1.219
2.794
1.531
0.369
-0.844
0.978
-0.052
0.820
-0.376
-1.318
-2.059
0.041
-0.016
0.217
0.247
0.127
0.427
0.073
-0.439
0.105
-0.114
0.132
0.039
-1.054
-1.640
-0.118
0.021
-1.484
-0.344
-0.604
0.029
0.153
0.041
0.067
0.014
-0.396
0.400
-0.429
-0.840
0.077
-0.599
0.245
-0.069
-2.850
-1.164
-3.193
-2.207
-1.437
-0.176
-0.228
-0.751
-1.875
-0.767
0.041
0.212
0.041
0.316
-0.417
-0.484
0.851
-0.066
0.125
-2.160
0.495
-0.309
-1.124
-1.659
-0.598
-2.115
0.887
0.274
0.267
0.265
-0.536
0.169
0.702
1.773
-0.547
-0.530
0.018
0.142
-0.037
-0.285
-0.107
0.154
-0.595
-0.525
-0.034
0.140
0.158
-0.372
-1.101
0.284
-1.306
-1.577
-1.216
-2.207
-0.994
-0.544
-0.368
0.161
-2.723
-2.898
0.508
-0.821
0.088
0.196
0.262
0.031
0.201
0.057
-0.058
0.267
-0.905
-0.084
-0.513
0.083
0.018
0.598
-1.310
0.041
0.084
0.045
0.312
0.054
0.655
0.588
-0.088
0.588
-0.929
-0.669
-0.056
0.696
2.191
0.914
0.899
0.106
1.373
1.008
2.220
2.250
0.308
3.490
0.745
0.260
3.108
0.658
0.232
-0.412
0.284
0.233
0.041
0.515
0.149
1.382
-0.066
1.076
0.265
-1.234
0.271
-0.054
-0.091
0.565
-0.304
-0.020
0.041
0.148
-1.544
-0.119
-0.953
-0.161
-1.438
-0.268
-0.147
-0.503
-0.101
0.251
0.215
0.230
-1.116
-1.776
0.079
-1.729
-0.211
-3.325
-2.146
-0.760
-0.496
0.303
-0.210
0.105
-0.844
-0.618
-2.058
-0.462
-2.614
0.275
0.041
0.088
0.359
0.104
0.048
0.225
0.460
0.064
-0.128
0.219
0.036
-0.117
-0.128
0.086
0.350
-0.075
-0.431
-1.295
-0.673
-0.673
0.053
0.123
0.041
-0.070
-0.427
0.735
-0.579
0.591
0.489
0.041
-0.022
-0.775
-0.137
-0.763
0.038
-1.309
-0.677
-3.306
-0.439
-0.884
0.258
0.391
0.021
-0.192
-0.030
0.041
0.150
0.041
-0.290
0.205
0.032
0.043
-0.404
-0.218
0.054
0.044
-0.257
0.010
-0.401
-0.308
-0.693
-1.601
-0.005
-0.292
-0.435
0.920
-2.246
-0.514
-1.743
0.386
0.837
-0.388
0.076
0.041
0.182
-0.164
0.169
0.518
0.035
0.428
0.007
0.091
0.041
0.041
0.089
0.326
-0.018
0.030
-0.027
-0.012
0.058
0.323
-0.002
0.100
0.005
-0.152
-0.085
-0.264
-0.562
0.035
-1.668
0.026
-0.210
-1.793
-2.109
-0.623
-0.614
0.019
-1.431
-0.156
0.378
-0.227
-0.916
0.252
-1.633
-0.183
0.495
0.860
-0.416
0.636
-0.655
-0.923
0.082
-2.337
1.114
-2.120
-1.104
0.044
0.631
-0.236
0.422
0.275
1.753
0.545
1.227
-1.491
0.219
1.156
-1.624
-1.561
0.569
-0.160
0.508
0.984
-0.310
0.041
-0.131
-0.078
-0.340
-0.428
0.186
-1.643
-0.215
-2.526
0.499
0.347
0.374
