-0.215
-0.345
-0.172
-0.182
0.037
-0.093
-0.257
-0.118
-0.428
-0.212
-0.351
-0.538
-0.225
-0.163
-0.224
-0.288
0.133
0.133
1.280
1.675
-0.325
0.945
0.588
-0.097
-0.057
-0.367
0.047
-0.269
-0.816
0.066
-0.252
-0.013
-0.571
0.087
-0.269
-2.555
-1.523
-2.176
-0.291
-1.143
-1.571
-3.495
-0.105
-0.122
-0.213
0.054
-0.242
-0.194
-2.131
-1.202
-2.415
-1.381
-1.850
-3.115
-2.226
-1.402
-0.843
-0.118
-0.518
-3.329
-0.784
-0.680
-1.088
-1.757
-1.220
-2.208
-1.006
-0.506
0.050
-0.197
-0.357
0.423
0.336
-0.284
0.590
-0.094
0.271
0.536
-3.344
-0.009
-0.232
-1.249
-0.268
-0.513
0.040
-0.314
-1.050
-2.191
-0.253
-0.166
-0.119
-0.042
-0.136
-0.633
-0.916
-0.153
-0.249
0.253
-1.357
-0.506
0.399
0.065
0.108
-0.088
-0.234
0.232
0.123
1.072
0.123
0.110
0.196
-0.196
0.188
0.123
0.124
0.174
0.063
-0.021
0.123
0.171
0.131
0.123
0.139
0.126
0.085
-1.010
-0.051
1.015
0.322
-0.313
0.134
-0.350
-0.146
-0.146
0.630
-0.808
0.148
-0.146
-0.146
-0.195
-0.146
-0.146
-0.146
-0.167
-0.464
-0.359
-0.262
-1.536
-1.257
-0.781
-0.244
0.000
-0.577
-1.996
-1.464
-3.158
-2.724
-0.158
-0.083
0.251
-0.078
-1.736
-1.637
-0.146
-0.046
-0.100
-1.778
-0.996
-0.258
-1.127
-1.662
-0.202
-0.169
0.050
-0.864
-1.657
-1.059
-0.481
-0.146
-0.754
0.096
-1.778
0.135
-0.588
-0.630
-0.146
-0.176
0.914
0.330
0.520
0.256
-0.039
0.178
0.849
1.222
-0.173
-0.587
-0.192
-0.828
0.108
-0.170
-0.245
-0.134
-0.298
-0.131
-0.157
-2.687
-2.267
-0.276
-0.615
-1.294
-0.199
1.409
0.029
-0.513
3.409
0.321
0.168
-2.257
-2.127
-1.367
-2.680
0.068
-1.473
-1.498
-1.319
-0.688
-0.317
-1.448
-1.822
-0.991
-1.436
-1.238
-0.700
-2.915
0.457
0.859
-1.250
-0.208
-0.211
-0.191
-0.212
0.224
0.152
-2.636
0.110
-0.804
-0.193
-1.177
-1.836
-0.204
-0.785
-0.238
-0.059
-1.026
-0.276
-2.411
-0.194
-0.477
-0.835
-0.691
-0.098
-0.999
-1.097
1.397
-0.312
0.385
0.322
0.199
-0.783
0.179
-0.118
0.149
-0.064
-1.029
-0.163
0.385
-0.465
-1.012
-0.262
-0.226
-0.526
-0.146
-0.731
-1.300
-0.249
-0.231
0.088
-0.146
-0.716
-2.123
0.671
-0.028
0.131
0.069
0.305
-0.321
-0.062
-2.704
0.241
-0.364
-0.182
-1.000
-0.922
0.119
0.329
0.666
2.604
1.193
-0.125
-0.056
0.485
-0.565
0.025
-0.665
-1.603
-1.131
0.136
0.220
0.269
-0.009
0.015
-0.251
-0.208
-0.378
-0.029
-0.681
-0.110
-0.146
-2.021
-1.061
-0.045
-0.332
-0.424
-0.167
-0.862
-0.276
0.025
0.123
-0.170
-0.349
-0.940
0.478
-1.265
-0.690
-0.496
-0.452
0.109
0.238
-3.127
-0.889
-0.855
-1.445
-1.545
-1.102
-0.180
-1.135
-1.788
-0.980
-0.146
-0.317
-0.148
-0.352
-0.219
-0.237
0.083
-2.570
0.342
-1.763
0.355
-1.552
-2.029
-0.802
-1.052
-0.706
-0.389
-0.002
-0.108
-0.752
-0.146
-0.484
0.463
-0.121
-1.799
-1.972
-0.146
0.299
-0.241
-1.386
-1.450
0.427
-0.042
-0.043
-0.052
-0.409
-0.171
-0.345
-1.282
-0.223
-1.589
-1.045
3.617
-0.730
-1.768
0.750
-1.093
0.042
-2.720
-2.024
0.028
-0.377
-0.146
-0.564
-0.096
-0.252
0.073
-0.461
-0.485
-0.146
-0.900
-0.348
-0.375
-0.148
-1.284
-0.235
-0.905
-0.156
0.118
-0.193
1.139
-0.036
-0.554
-0.080
-0.459
-0.033
-1.483
-0.761
-0.120
-0.166
1.234
0.313
0.058
0.080
0.316
0.160
0.485
0.684
0.787
0.242
-0.214
-0.305
0.570
0.276
-0.109
-0.666
-0.337
-1.632
0.457
0.157
-1.913
0.353
-0.146
-1.200
0.259
-0.363
-0.062
-0.183
-0.194
-0.155
-0.474
-0.400
0.381
-0.240
-1.870
0.393
-2.605
-1.001
-0.072
-0.146
-0.256
-1.872
0.318
0.391
-0.048
0.430
-0.290
-0.915
-0.415
-1.631
-0.617
-2.732
-0.969
-0.196
-0.703
-0.216
-1.053
-0.196
-0.325
-0.743
-1.401
-1.033
-1.158
-0.151
0.103
-0.214
-0.193
0.018
-0.346
0.274
-0.152
-0.319
-0.156
-0.357
-0.146
-0.170
-0.207
-0.250
-0.233
-0.350
-0.426
-1.123
-0.949
-0.245
-0.202
0.396
-0.006
-0.219
-1.453
0.165
-0.031
-0.156
-0.150
-0.119
-0.208
-0.396
-0.190
-0.727
-0.299
-0.314
-0.932
-2.687
-0.974
-0.986
-0.229
-0.756
-0.098
-1.942
-0.434
-0.146
-0.134
0.101
-0.654
-0.362
-0.313
-0.324
-0.163
0.504
-0.165
-0.083
0.160
-0.697
-0.120
-0.271
-0.328
-0.185
0.203
0.308
-0.575
0.067
-3.525
-1.560
-0.187
-0.593
-1.520
-1.234
0.313
-0.689
0.049
-0.203
-0.145
0.229
0.355
-0.072
-0.161
0.046
0.285
-0.130
-0.075
-2.314
-1.609
-0.102
-0.129
-0.394
-0.191
-0.476
-0.214
-0.163
-0.494
-0.559
-0.051
-0.455
-0.177
-0.159
-1.699
-0.727
-0.374
-1.309
-0.634
-0.684
-0.983
-0.322
-0.913
-1.006
-1.335
-2.910
-0.958
0.420
-2.449
-0.480
0.300
-0.346
-0.130
0.791
0.484
0.350
-0.914
-1.021
-0.209
0.919
-0.894
-0.348
0.528
-0.147
0.303
0.436
0.319
-0.619
-0.269
-1.626
0.278
0.438
-0.306
-0.620
0.115
-0.106
0.184
1.074
-0.638
-0.146
-0.834
-0.936
-0.150
-0.184
-0.022
0.066
1.075
-1.941
0.143
0.354
-0.146
