0.191
-0.021
0.163
-0.046
-0.083
0.061
0.266
0.081
0.627
0.006
0.304
0.276
-0.087
0.270
-0.217
0.092
-0.250
-0.157
0.159
-0.675
0.397
-1.343
-0.795
0.510
-0.020
0.160
0.235
0.188
0.826
-0.067
0.671
0.174
0.282
0.717
0.343
3.512
2.179
2.560
0.511
1.792
2.010
4.977
0.244
-0.270
0.022
0.182
0.208
-0.006
2.691
2.193
2.366
1.963
2.582
3.191
2.328
1.428
1.202
0.120
1.118
3.399
0.952
1.740
2.126
2.355
1.144
3.577
2.373
0.493
0.047
0.184
0.671
-0.449
0.223
0.415
-0.654
0.003
-0.041
-0.382
3.095
0.098
-0.488
0.520
0.530
0.032
-0.435
-0.037
0.613
2.357
0.485
0.212
-0.251
0.300
0.110
0.650
0.037
0.219
0.141
-0.065
1.188
0.961
0.078
-0.266
0.412
1.164
0.586
-0.162
0.101
-0.153
0.047
-0.172
-0.049
0.109
0.014
0.089
-0.025
0.051
0.084
0.160
0.106
-0.129
-0.015
-0.048
0.110
-0.125
-0.313
1.088
-0.490
-0.356
-0.049
0.076
-0.079
-0.066
1.052
0.239
-0.697
1.940
0.736
0.023
-0.011
0.851
0.466
0.013
-1.313
0.418
1.090
-0.121
1.014
0.325
1.101
2.423
1.296
0.278
0.962
2.084
1.119
3.083
2.443
3.195
1.294
-0.463
-0.462
1.948
1.196
-0.042
-0.079
0.035
1.190
0.967
0.031
1.601
1.698
0.036
-0.249
0.065
0.879
1.598
1.929
0.995
1.566
0.491
-0.180
1.711
0.014
0.716
1.048
0.087
-0.068
-0.149
-1.066
-0.042
-0.257
0.019
-0.083
-0.010
0.218
0.185
0.424
0.109
0.616
0.024
0.433
0.235
-0.547
0.586
0.158
0.063
2.949
3.153
1.076
0.608
0.823
0.150
-1.152
0.548
0.175
-0.860
-0.856
-0.126
2.603
2.117
1.763
3.034
0.591
2.428
1.685
1.431
1.583
0.857
1.622
1.045
0.444
3.157
1.622
2.384
4.132
-0.944
-1.725
0.401
0.197
0.964
0.034
1.976
0.035
-0.129
2.106
0.320
1.611
-1.008
0.874
1.687
-0.242
0.895
0.157
0.235
2.078
0.304
1.137
-0.205
-0.377
1.405
0.883
0.510
1.597
1.126
-0.765
-0.291
0.053
-0.108
-0.070
0.955
-0.142
1.130
-0.054
-0.138
0.949
0.001
1.219
0.364
0.179
-0.163
-0.024
1.397
0.102
1.065
1.750
0.083
0.388
-0.042
0.059
0.740
2.335
-0.280
-0.073
-0.082
-0.026
0.527
0.275
-0.928
2.267
-0.099
0.325
0.443
0.072
0.173
0.295
0.158
-0.747
-1.650
-0.981
1.056
0.000
-0.552
1.489
-0.734
0.449
2.311
0.038
-0.279
-0.079
0.009
-0.032
-0.192
0.168
0.153
0.679
0.314
0.437
0.143
0.141
2.213
1.136
-0.101
0.052
0.614
0.391
0.818
0.214
0.456
-0.073
-0.076
0.728
1.457
-1.015
0.226
1.088
0.026
0.380
-0.086
-0.144
3.586
1.745
1.175
1.429
1.524
0.561
0.211
1.460
2.376
1.032
0.197
0.176
0.149
1.010
1.133
1.357
0.349
3.922
-0.158
2.763
-0.372
1.845
1.401
0.552
0.158
0.897
0.219
-0.199
-0.161
0.252
-0.065
0.111
-0.238
-1.077
0.431
0.632
0.088
0.056
-0.023
3.152
0.766
-0.327
0.049
-0.014
-0.086
-0.017
0.820
0.344
1.176
-0.363
1.695
1.878
0.226
0.585
1.629
0.425
0.236
-0.072
1.876
1.779
0.246
0.056
0.035
0.977
0.633
0.111
0.296
0.185
0.909
-0.022
1.142
0.464
0.402
0.142
0.866
0.021
0.786
0.263
0.010
0.036
-0.171
0.603
0.176
-0.172
0.278
-0.036
1.564
0.670
-0.011
0.152
-1.511
-0.530
-0.291
-0.194
-0.326
0.104
-1.142
-0.989
-1.486
-0.977
0.079
0.441
-0.971
-0.357
0.003
0.542
-0.389
1.043
-0.691
-0.299
1.504
-0.898
-0.015
1.358
-0.675
0.509
0.172
0.620
0.883
0.345
0.496
0.415
-0.329
0.177
2.079
0.466
2.136
0.420
0.201
-0.052
1.086
2.571
0.074
0.006
0.282
0.354
0.133
1.491
0.826
2.498
0.857
2.523
1.186
0.267
0.205
0.220
0.727
0.072
0.443
0.924
2.044
1.062
2.274
-0.005
-0.007
-0.346
-0.388
0.101
0.159
-0.499
0.610
0.196
0.091
0.048
1.280
-0.158
0.085
0.037
1.451
0.216
0.667
2.779
1.874
0.450
-0.106
-0.499
-0.183
0.301
1.348
0.462
-0.464
0.483
0.134
-0.040
0.792
0.669
0.111
0.895
0.267
0.943
0.984
2.999
0.998
1.221
0.278
0.641
0.490
1.994
0.350
0.250
-0.820
0.285
1.245
0.532
0.809
0.571
0.523
0.729
0.414
0.022
0.696
0.395
0.600
0.163
0.685
0.151
0.133
-0.196
0.744
-0.405
2.555
1.171
0.595
0.216
2.377
2.099
-0.117
0.915
0.061
0.954
0.122
0.182
0.034
-0.163
0.035
-0.131
-0.111
0.025
-0.151
2.238
0.722
-0.809
0.350
0.335
-0.030
0.127
0.612
0.389
0.194
0.850
0.196
0.705
0.244
0.012
1.815
0.889
0.394
1.990
1.127
0.290
1.500
0.952
1.882
1.064
0.275
4.863
0.667
0.077
0.477
0.630
-0.186
0.118
0.438
-0.988
-0.290
0.536
0.755
0.811
0.328
-0.175
1.345
0.890
-0.250
0.819
-0.295
-0.514
-0.201
0.521
0.553
1.040
-0.179
-0.425
0.952
0.664
-0.023
-0.074
-0.252
-0.108
0.558
0.172
0.771
0.644
0.439
-0.190
-0.052
-0.610
-0.612
1.573
-0.374
0.460
-0.184
