0.187
0.113
-0.005
-0.050
-0.038
-0.050
0.391
0.208
0.492
0.013
0.229
0.354
0.158
0.113
-0.805
0.005
-0.125
-0.091
-0.178
-0.366
0.540
-1.393
-1.157
0.080
0.079
0.337
0.082
0.366
0.087
-0.005
0.118
0.154
-0.282
-0.001
-0.305
3.582
3.116
2.456
0.710
1.660
2.158
4.005
-0.156
0.030
0.127
-0.125
0.070
-0.184
2.026
1.566
2.582
2.160
2.645
3.685
2.317
1.121
1.205
0.086
0.815
3.872
1.016
1.307
1.401
1.840
1.370
4.112
2.022
0.825
-0.198
0.087
0.642
-0.181
-0.273
0.356
-0.045
0.332
0.087
0.087
3.533
-0.127
-0.371
0.227
1.139
0.087
-0.004
0.247
1.613
2.326
0.975
-0.364
-0.562
0.058
-0.094
0.496
0.227
0.087
0.018
-0.030
1.746
0.829
0.414
0.149
-0.301
0.478
0.133
-0.188
0.012
0.070
0.042
0.054
-0.220
0.287
-0.087
-0.070
-0.108
0.013
0.165
-0.254
-0.088
0.021
0.233
0.035
0.018
0.087
0.141
1.482
-0.672
-1.791
-1.249
0.312
0.024
-0.425
0.188
0.087
-0.112
1.455
-0.856
0.087
-0.455
0.343
0.087
-1.462
-1.205
0.156
0.106
0.046
0.210
0.657
2.088
1.212
1.073
0.017
1.309
1.979
1.537
3.284
3.187
0.685
0.311
0.087
0.087
2.182
0.213
0.087
-0.095
0.108
1.025
0.599
0.210
0.081
1.584
-0.584
0.567
-0.085
1.475
1.683
4.097
0.809
0.626
0.782
-0.230
1.811
-0.030
0.864
0.689
0.087
0.057
-0.134
0.263
-0.138
0.003
0.665
0.074
3.382
0.087
-0.186
0.627
0.773
0.360
0.143
0.179
0.025
0.017
0.179
0.194
0.036
3.491
1.702
1.162
0.233
0.252
0.142
-0.471
0.804
1.168
-2.619
-1.466
-0.199
2.599
2.214
1.056
3.379
0.683
1.561
2.002
0.698
0.777
0.858
1.417
0.951
0.188
1.630
1.290
1.057
3.687
0.043
-0.425
0.087
0.392
0.616
0.556
0.731
0.195
0.145
2.854
-0.055
0.306
-0.642
1.375
2.174
-0.088
1.519
0.083
0.157
1.205
0.522
2.252
-0.138
0.025
1.082
0.766
0.240
1.130
0.842
-2.016
0.000
-0.353
-0.061
-0.073
0.606
-0.196
0.087
-0.054
-1.187
0.413
0.090
0.016
0.086
0.474
0.031
0.087
0.472
0.087
1.346
0.849
0.190
0.110
-0.160
-0.047
0.716
1.336
-1.332
0.241
-0.347
0.086
-0.137
0.159
-0.489
3.461
-0.214
-0.014
0.666
0.943
0.535
0.090
0.117
-1.208
-1.930
-2.213
-0.131
-0.687
-1.172
0.087
-0.210
1.071
2.145
0.135
-0.345
-0.159
-0.095
0.211
0.006
0.536
0.051
0.452
0.087
0.547
-0.028
-0.214
1.741
1.416
0.087
0.256
0.718
0.251
1.330
0.453
0.216
0.120
-0.207
0.499
0.754
-0.995
0.225
1.146
0.043
0.300
-0.008
0.074
3.005
0.896
1.053
1.547
1.667
0.111
0.264
1.303
1.618
0.830
0.087
0.087
0.072
0.522
0.092
0.088
0.377
3.952
-0.219
2.849
-0.379
1.209
0.743
1.087
0.774
0.717
0.942
-0.013
0.197
0.027
-0.029
0.260
-2.630
-1.435
0.062
0.706
1.422
-0.090
0.087
1.008
0.071
-1.090
0.273
0.087
0.093
0.087
0.145
0.087
0.087
0.502
2.621
1.708
1.844
1.062
2.251
0.771
0.087
0.342
2.802
3.663
-0.054
0.967
-0.098
0.201
-0.379
0.251
-0.358
0.150
1.126
0.087
0.812
0.604
0.968
-0.316
1.896
0.087
0.918
0.113
-0.060
-0.302
-0.552
0.087
0.014
-0.005
0.320
0.080
1.996
1.158
0.087
-0.006
-0.444
-0.707
-0.275
-0.163
-0.526
-0.086
-1.118
-0.943
-1.370
0.087
0.261
0.087
-0.483
-0.315
0.336
0.160
-0.549
1.715
-0.584
-0.257
1.632
-0.610
1.367
2.218
-0.570
0.276
-0.511
0.089
0.497
0.186
0.326
0.781
0.050
0.171
1.939
-0.064
3.379
0.961
0.143
0.056
1.431
2.827
-0.021
-0.343
0.834
0.222
0.272
1.306
0.720
1.499
0.443
2.919
0.941
0.500
0.344
1.124
1.328
0.167
0.325
0.531
2.292
1.053
1.714
0.012
-0.105
0.019
0.015
0.169
0.197
-0.694
0.087
0.532
0.345
0.159
0.087
0.142
0.228
0.146
0.360
0.607
0.290
2.797
2.384
0.541
-0.005
-0.783
-0.133
0.087
1.054
0.129
0.365
0.156
0.130
-0.046
0.551
1.182
0.144
0.631
0.197
0.730
1.853
2.583
0.805
0.712
-0.253
0.609
0.365
0.706
0.512
0.232
-0.830
0.062
0.522
0.229
0.324
0.266
0.066
-0.429
0.193
-0.317
0.087
0.265
0.215
0.155
0.399
0.373
-0.102
-0.634
1.109
0.042
3.610
0.651
0.236
0.150
0.440
0.568
0.024
1.642
0.086
0.111
0.058
0.276
-0.703
-0.715
0.087
0.087
-0.040
-0.061
-0.028
1.945
1.542
-0.013
0.012
0.253
0.135
0.073
0.181
0.704
0.096
0.353
-0.164
0.583
0.224
0.072
1.672
1.163
0.030
0.392
0.316
0.157
1.371
0.840
1.244
0.636
0.210
3.817
0.781
-0.011
0.541
0.947
-0.433
0.087
0.320
-1.507
-1.301
0.427
0.464
1.313
-0.051
0.638
0.704
0.187
-0.807
0.087
-0.370
-0.954
0.087
0.075
0.086
0.908
-0.228
-0.563
0.295
0.436
0.029
-0.293
0.032
-0.974
0.606
0.201
0.450
0.746
0.390
0.095
-0.191
-0.206
-2.187
1.612
-0.229
-0.575
-0.190
