0.165
0.279
0.025
0.217
-0.116
-0.125
0.617
0.147
0.641
0.587
0.266
0.501
0.285
0.528
-1.107
0.167
0.132
0.123
0.039
0.009
0.140
-1.386
0.198
0.170
0.194
0.158
-0.278
0.168
0.401
0.165
0.144
-0.089
-0.457
0.114
-0.396
2.520
1.656
2.092
0.531
1.348
2.095
2.765
0.032
0.140
0.140
0.172
0.421
0.140
1.480
1.507
2.128
1.080
2.199
2.993
2.118
1.399
0.465
0.134
0.289
2.612
0.767
1.019
1.017
1.198
0.722
2.108
1.013
0.245
0.011
0.324
1.124
-0.294
-0.856
0.754
-0.190
-0.053
-0.022
-1.120
2.637
-0.281
-0.329
1.492
0.147
0.095
0.255
0.377
0.787
1.658
-0.045
0.568
-0.107
0.095
0.112
0.681
0.140
0.094
0.140
0.139
1.027
0.737
-0.064
-0.049
-0.059
1.313
0.206
-0.190
-0.006
-0.926
0.075
-0.002
0.032
0.041
0.039
0.104
-0.036
0.014
-0.037
0.298
0.093
0.073
0.015
0.009
0.037
0.049
-0.017
1.072
-0.028
-0.771
-0.552
0.414
-0.038
0.674
0.140
0.140
-0.367
2.582
0.527
0.140
-0.345
0.140
0.178
-2.993
-1.319
-0.191
0.277
0.412
0.180
0.213
4.005
2.219
0.999
0.141
0.505
1.730
1.155
2.646
2.233
1.418
1.004
0.304
0.646
2.382
1.512
0.118
-0.265
0.124
0.865
1.496
0.140
0.658
3.603
0.115
-0.381
0.106
0.560
2.029
0.736
0.261
0.005
1.098
-0.037
1.621
-0.208
0.727
0.568
0.140
0.111
-0.422
-0.152
-0.062
-0.003
0.140
-0.107
0.059
-0.169
-0.675
0.999
0.140
0.884
0.051
0.601
0.795
-0.088
0.174
0.160
0.129
2.418
1.894
0.777
0.140
0.521
0.002
-0.885
0.119
0.454
-4.144
-0.440
-0.134
3.098
2.022
1.075
2.867
-0.191
1.646
1.072
0.297
1.168
0.504
1.192
1.186
0.322
1.618
1.488
1.376
2.494
0.140
-0.031
0.147
0.240
0.157
0.522
0.167
0.378
-0.327
2.009
0.190
0.561
-0.225
0.440
1.767
-0.402
1.053
0.258
0.492
1.027
0.258
1.892
-0.235
-1.060
1.213
0.244
0.352
0.527
0.656
-2.184
0.250
-0.635
0.290
-0.003
1.131
-0.190
1.177
-0.106
0.003
0.494
0.198
0.052
0.238
0.929
0.144
0.611
0.374
0.361
1.713
0.995
0.232
0.140
0.627
-0.051
0.452
2.001
-0.597
-0.025
-0.131
-0.207
-0.035
0.298
-0.307
2.786
0.078
0.021
-0.030
0.615
0.513
0.182
0.178
-0.877
-1.903
-0.814
-0.147
-0.113
-0.926
0.475
-0.659
1.785
2.249
0.588
-0.279
0.116
-0.018
-0.094
-0.298
0.086
0.148
0.258
0.185
0.411
0.087
0.082
0.801
1.250
0.027
0.246
0.882
0.259
1.429
0.315
0.075
-0.097
0.140
1.893
2.171
-0.605
0.811
0.803
0.294
1.120
0.040
-0.048
2.444
0.893
0.832
1.342
0.982
0.307
0.283
1.354
1.538
1.196
0.140
0.140
0.140
0.409
0.773
0.633
0.265
0.767
-0.196
1.584
-0.563
1.632
1.564
0.409
0.159
0.959
0.025
0.028
0.357
-0.140
0.120
0.234
-0.630
-0.514
1.069
2.210
0.175
0.004
-0.019
1.438
0.621
0.031
0.140
-0.079
0.135
0.462
0.625
0.226
0.964
0.452
1.062
1.068
-0.453
0.843
1.066
-0.103
0.348
0.375
1.349
1.415
-0.200
1.283
0.171
1.399
-0.558
0.102
0.159
0.254
0.871
0.027
1.536
0.466
0.550
-0.163
0.401
0.122
0.217
0.140
0.118
0.176
0.127
0.063
0.152
-0.150
1.060
1.127
1.202
0.882
0.302
-0.052
-0.430
-0.518
-0.434
-0.105
-0.914
-0.292
-0.582
-1.252
-1.398
-0.977
-0.618
0.166
-0.676
-0.353
-0.166
0.510
0.321
2.392
-0.384
-0.021
1.972
-0.501
0.479
1.679
-0.413
0.584
0.043
0.250
0.500
-0.050
0.243
0.175
-0.627
0.292
1.656
0.403
1.398
0.247
-0.410
-0.442
1.167
2.161
0.094
0.028
-0.478
-0.127
-0.880
0.932
0.211
1.380
0.515
1.761
0.459
0.203
0.203
0.103
1.039
0.194
0.503
0.981
1.800
0.616
0.726
0.046
-0.000
0.300
0.223
-0.177
0.241
-0.534
0.140
0.143
0.194
0.070
0.141
-0.123
0.146
0.140
0.190
0.542
0.328
1.316
1.157
0.627
0.241
-0.812
0.117
0.500
0.166
0.146
-0.135
0.081
0.140
0.226
0.263
0.817
0.331
2.325
2.045
0.549
1.025
2.395
0.933
0.541
-0.170
0.984
0.216
3.612
0.738
0.148
0.150
0.132
0.757
0.140
0.462
0.237
0.388
-0.240
-0.029
-0.185
0.007
0.641
0.454
0.492
0.841
0.209
0.164
-0.202
0.834
-0.424
3.240
1.433
0.140
1.666
0.837
1.654
0.134
0.732
0.115
0.329
0.223
-0.268
-0.318
-0.352
0.104
-0.488
-0.290
0.140
-0.171
1.251
1.220
0.544
0.194
0.298
0.191
-0.076
0.032
0.408
0.110
0.304
0.184
0.841
0.216
0.175
1.176
0.580
0.807
1.503
0.456
0.520
0.864
0.227
0.884
0.625
0.741
3.388
0.918
-0.018
0.960
0.598
-0.150
0.366
0.529
-0.230
-0.189
0.703
0.216
1.210
0.315
-0.030
1.161
0.601
-1.523
0.140
-0.437
-0.540
-0.286
0.907
-0.095
0.356
-0.018
0.043
0.588
0.548
-0.028
0.134
-0.049
-0.657
0.984
0.029
0.861
0.744
0.250
0.269
-0.364
-0.323
-1.677
0.970
0.089
0.354
0.034
