0.368
0.402
0.255
-0.004
0.092
0.234
0.286
0.653
0.654
0.480
0.711
0.901
0.434
0.636
-0.380
-0.091
-0.759
-0.650
-0.240
-0.267
0.776
-2.064
-0.989
0.626
0.444
-0.065
0.242
0.142
0.769
0.164
0.001
0.250
-0.330
-0.270
-0.468
2.831
2.413
3.379
0.985
2.466
2.711
3.375
-0.091
-0.185
0.073
0.031
0.288
-0.028
1.792
2.365
3.115
2.315
2.772
3.775
2.626
2.004
2.049
0.041
1.486
3.257
1.649
1.695
1.740
1.878
1.811
2.599
2.165
0.847
0.495
-0.054
1.256
-0.367
-0.621
0.752
0.440
2.514
0.536
-1.495
3.952
0.010
-0.493
1.448
0.791
0.374
-0.535
0.446
1.606
3.326
0.946
-0.131
-0.091
0.631
0.059
1.426
0.697
-0.062
0.143
-0.112
2.121
1.004
0.216
0.276
0.357
1.478
0.515
-0.288
0.238
-0.004
-0.021
-0.604
0.007
0.374
-0.223
-0.030
-0.198
-0.063
0.131
-0.013
-0.004
-0.008
0.083
-0.004
-0.120
-0.716
-0.576
1.490
-0.415
-0.832
-0.555
0.659
0.139
-0.123
0.028
-0.015
-0.974
0.434
-0.322
0.267
-1.238
0.168
0.266
-2.064
-1.292
0.451
0.255
0.147
0.782
1.177
1.020
2.265
0.708
0.266
1.033
2.707
2.227
2.979
3.385
3.255
2.853
-0.301
0.975
2.717
2.590
0.092
-0.089
0.082
1.693
1.881
0.537
0.112
0.942
-0.225
0.059
-0.218
1.018
1.728
1.221
0.698
1.517
1.509
-0.208
1.990
-0.039
1.038
1.161
0.450
0.504
0.002
-0.163
0.005
0.225
0.288
-0.217
1.077
1.234
-0.842
0.851
0.764
0.275
0.439
0.431
0.152
-0.328
0.423
0.723
0.293
2.701
3.283
1.442
0.035
0.247
0.078
-1.385
0.679
1.250
-1.386
-0.277
-0.170
3.029
2.456
1.528
2.906
0.710
1.987
1.702
1.320
1.401
1.244
1.817
1.215
0.604
2.046
1.506
1.506
3.118
0.302
-1.779
0.296
0.138
0.827
0.411
0.885
-0.050
0.206
3.077
0.341
1.197
-0.639
1.349
2.627
-0.175
1.418
0.670
0.409
1.626
0.878
1.628
0.062
-0.138
1.439
0.728
0.358
1.036
0.995
-1.572
-0.205
-0.256
0.369
-0.004
1.659
-0.076
0.999
0.293
-0.543
0.969
0.227
0.508
0.166
0.221
-0.117
-0.456
1.156
0.426
1.951
1.557
0.253
0.274
0.412
0.034
0.410
1.870
-0.179
0.053
-0.179
-0.110
-0.592
0.051
-0.610
3.354
-1.221
-0.174
1.319
-0.082
1.455
0.220
0.177
-1.558
-2.331
-1.693
0.447
0.045
-0.800
1.208
-0.356
-0.062
2.341
0.919
-0.192
0.030
0.330
0.336
0.108
0.502
0.230
1.229
0.301
1.095
0.281
0.190
2.109
1.019
0.718
0.826
1.328
0.476
1.525
0.710
0.758
0.011
-0.020
0.790
1.651
-0.532
0.641
0.496
-0.042
0.797
-0.101
-0.209
3.149
2.061
1.194
2.097
1.901
0.984
0.380
1.759
1.814
1.097
0.192
0.842
0.385
1.344
2.078
1.508
0.441
1.838
0.048
2.633
-0.296
1.773
1.414
1.681
1.147
1.961
-0.272
0.410
0.536
0.553
1.139
0.492
-0.161
-1.154
0.602
0.526
0.396
0.348
0.466
0.728
0.760
-0.274
0.288
0.058
0.139
0.588
0.928
0.287
1.416
-0.740
1.895
1.634
0.128
0.992
0.925
0.349
0.369
-0.194
2.182
2.703
0.434
0.481
0.061
0.289
0.190
0.441
-0.141
0.495
1.201
-0.030
1.417
0.741
1.135
0.234
1.188
0.224
1.479
0.658
0.296
0.041
-0.815
0.654
-0.234
-0.130
0.842
-0.762
2.193
1.039
-0.004
-0.183
-1.547
-0.749
-0.323
-0.544
-0.943
0.437
-1.418
-1.221
-1.295
-1.596
-0.738
-0.581
-0.278
-0.378
-0.046
0.737
-0.213
2.056
-0.576
-0.142
1.717
-1.013
0.158
1.089
-0.754
0.772
0.414
0.701
-0.072
0.637
1.143
1.387
-0.285
0.590
2.427
0.239
3.346
1.618
0.477
0.045
1.441
2.429
0.229
-0.004
1.360
0.513
1.226
2.328
1.292
1.850
0.814
2.562
1.289
0.852
0.651
0.264
1.261
0.583
0.562
0.825
1.987
1.391
2.172
0.044
0.069
-0.292
0.229
0.029
0.093
-0.917
0.451
0.378
0.328
0.379
0.313
0.298
0.159
0.356
0.839
0.462
0.830
2.221
2.134
0.923
0.203
-0.788
0.080
0.562
1.111
0.677
0.281
0.477
0.346
0.091
1.053
1.712
0.899
1.390
0.473
1.428
1.210
3.274
1.584
1.314
-0.078
0.451
0.670
1.286
0.216
0.109
-0.781
0.423
1.092
0.428
0.677
0.706
0.331
0.133
0.116
0.040
-0.021
0.999
0.710
0.380
0.750
0.395
-0.009
-0.717
1.331
-0.285
3.340
1.031
0.348
0.414
0.699
0.959
-0.061
1.486
-0.047
0.494
-0.023
0.141
0.030
-0.631
0.301
-0.383
-0.145
0.011
-0.071
1.163
1.385
-0.695
-0.079
0.467
0.032
0.431
0.770
0.258
0.188
0.770
0.039
0.604
1.021
0.136
2.691
1.123
1.000
1.261
1.222
0.156
1.976
0.057
1.433
0.963
0.821
3.205
1.469
0.221
-0.186
1.355
-0.254
-0.102
0.668
-0.874
-0.789
0.137
0.531
1.400
-0.256
-0.051
1.775
0.952
-0.729
0.522
-0.476
-0.544
-0.230
0.839
-0.847
0.036
0.017
-0.778
1.607
0.981
-0.010
-0.070
-0.083
-1.581
0.950
0.707
0.915
1.476
0.410
0.485
0.068
-0.249
-2.066
1.349
0.034
0.235
0.141
