-0.247
-0.049
-0.061
-0.342
-0.399
-0.032
-0.226
-0.077
-0.055
-0.057
-0.632
-0.617
-0.503
-0.055
-0.126
0.112
0.137
0.079
-0.083
-0.099
-0.406
0.308
0.108
-0.050
0.005
0.301
0.009
-0.183
-0.302
-0.115
-0.105
-0.010
0.016
0.048
0.403
-2.666
-1.927
-2.513
-0.947
-2.609
-1.946
-3.051
0.014
-0.112
0.025
0.195
-0.257
-0.859
-2.497
-1.639
-2.017
-2.318
-2.367
-3.426
-1.876
-1.636
-1.137
-0.697
-0.873
-3.389
-1.735
-1.646
-1.366
-1.743
-1.245
-1.889
-1.996
-0.524
-0.009
-0.440
-1.344
0.082
-0.394
-0.332
-1.432
-1.973
-1.275
0.385
-3.192
-0.078
0.061
-1.173
-1.560
-0.334
0.257
0.039
-0.911
-2.479
-0.714
-0.510
0.517
-0.616
-0.303
-0.632
-0.425
-0.055
-0.089
-0.069
-1.178
-0.796
0.779
0.266
-0.044
-0.643
-0.501
-0.041
-0.096
-0.062
0.069
0.466
-0.076
-0.186
0.357
0.137
0.213
0.166
-0.032
0.083
-0.095
0.163
-0.088
-0.067
0.169
0.379
0.204
-1.137
0.017
0.471
0.006
0.141
-0.006
0.088
-0.321
-0.716
0.135
-1.106
0.424
0.207
1.263
-0.060
-0.418
0.255
0.169
-0.266
-0.217
-0.265
-0.247
-0.189
-0.520
-1.693
-0.129
0.050
-0.868
-1.655
-1.873
-3.465
-3.562
-4.135
-2.629
-0.877
-0.741
-2.838
-2.121
-0.670
0.054
-0.056
-1.567
-1.031
-0.024
-0.267
-1.553
-0.004
-0.242
-0.005
-0.578
-1.110
-1.146
-0.712
-0.643
-0.592
-0.020
-1.802
0.036
-0.502
-0.693
-0.495
-0.181
0.193
0.078
-0.069
-0.064
-0.610
-0.009
-1.979
-0.873
-0.309
-0.738
-0.767
-0.149
-0.120
0.027
-0.240
0.079
-0.426
-0.081
-0.103
-2.444
-1.602
-1.606
0.074
0.227
-0.099
0.686
-0.047
-0.347
1.894
0.884
0.042
-2.218
-2.320
-1.226
-2.134
-0.910
-1.862
-1.112
-0.824
-1.577
-1.472
-1.394
-1.166
-0.890
-1.699
-1.745
-1.680
-2.680
-0.030
0.742
-0.119
-0.314
-0.551
-0.334
-0.627
-0.237
0.085
-1.756
-0.052
-0.122
-0.137
-1.040
-1.405
0.117
-1.306
-0.548
-0.343
-1.227
-0.760
-1.600
-0.128
-0.719
-0.875
-1.227
-0.708
-1.065
-0.596
0.869
0.235
0.647
-0.637
0.063
-0.439
-0.143
0.011
0.043
-0.052
-0.721
-0.178
-1.373
-0.260
-0.098
-0.398
0.187
-0.396
-1.557
-1.415
-0.623
-0.065
0.027
-0.062
0.002
0.146
-1.499
-0.079
-0.179
0.072
-0.014
0.304
-0.218
-0.235
-1.990
0.175
0.394
-1.416
-1.214
-1.431
-0.161
-0.037
0.302
1.446
0.147
-0.062
-0.407
0.795
-0.768
0.057
-1.333
-1.408
-1.066
-0.116
-0.364
-0.004
-0.034
-0.062
-0.206
-0.277
-0.293
-0.014
-0.727
0.231
-0.085
-0.958
-0.556
-0.597
-0.339
-0.804
-0.541
-1.240
-0.417
-0.626
0.001
-0.023
-0.444
-1.241
0.710
-0.537
-0.772
0.103
0.297
0.311
0.190
-3.566
-1.298
-2.032
-2.648
-1.388
-0.531
-0.327
-1.352
-2.147
-1.246
-0.078
0.012
-0.082
-0.275
-0.092
-0.592
-0.793
-0.785
-0.035
-2.508
-0.049
-1.241
-0.541
-1.373
-0.121
-1.313
-0.599
0.278
0.435
-0.680
-0.594
-0.388
-0.120
0.932
-0.234
-0.069
-0.292
-0.069
-0.182
-0.115
-0.466
0.103
-0.035
0.352
0.205
-0.063
-0.975
0.004
-1.267
1.052
-1.101
-0.940
-0.755
-0.413
-0.237
-0.410
-0.204
-0.238
-1.921
-2.717
0.202
-0.465
-0.123
-0.745
0.002
-0.171
-0.081
-0.250
-0.921
-0.066
-0.724
-0.364
-0.451
-0.173
-0.506
-0.683
-0.609
-0.055
-0.016
0.004
0.617
-0.058
-0.107
0.775
-0.026
0.145
-1.309
-0.591
-0.031
0.118
0.643
0.664
0.137
0.144
0.047
0.463
0.805
0.672
0.807
1.409
0.632
0.011
0.342
0.907
0.420
-0.710
-0.142
-1.159
0.280
0.030
-0.764
0.494
-0.658
-0.865
0.627
-0.978
0.201
-0.128
-0.174
-0.189
-0.103
-0.426
0.159
0.041
-1.959
-0.157
-2.587
-0.202
-1.153
-0.221
-0.793
-1.261
-0.565
-0.536
-0.584
0.100
0.226
-1.705
-0.582
-1.280
-0.531
-1.889
-0.997
-0.907
-0.040
-0.886
-1.020
-0.137
-0.361
-0.991
-2.233
-1.147
-1.890
-0.101
-0.023
0.008
-0.036
-0.029
0.093
0.727
-0.145
-0.412
-0.028
-0.095
-0.587
0.078
-0.111
-0.428
-0.425
-0.482
-0.426
-0.955
-0.588
-0.972
-0.079
0.210
-0.195
-0.241
-0.381
-0.109
0.107
-0.307
-0.286
-0.055
-0.415
-1.051
-0.534
-0.919
-0.658
-0.741
-1.425
-2.328
-1.061
-0.786
0.425
-0.014
-0.140
-0.360
-0.076
-0.080
0.768
0.041
-0.508
-0.209
-0.258
-0.576
-0.572
-0.029
-0.099
-0.000
-0.083
-0.479
-0.894
-0.105
-0.363
-0.614
0.194
0.168
-0.788
-0.072
-1.881
-1.409
-1.791
-0.286
-0.537
-0.386
-0.121
-0.159
0.026
-0.441
0.046
-0.093
-0.740
0.315
-0.426
0.038
-0.009
-0.061
-0.036
-1.096
-0.696
0.206
-0.026
0.013
-0.003
-0.305
-0.175
0.234
-0.078
-0.239
-0.113
-0.656
-0.803
-0.101
-1.596
-0.706
-0.599
-1.343
-2.384
-0.229
-1.420
-0.405
-1.256
-1.034
-1.316
-1.430
-0.835
-0.119
0.568
-1.281
-0.008
-0.098
-0.307
0.055
0.029
-0.099
-0.152
-0.204
0.623
-0.685
-0.938
-0.210
1.221
-1.453
0.662
0.677
1.421
-1.087
-0.042
-0.166
0.094
0.359
-1.411
-0.818
0.123
-0.026
0.255
1.040
-0.474
-0.140
-1.124
-1.651
-0.444
-0.089
0.375
-0.019
0.231
-1.490
-0.226
-0.414
-0.132
