-0.009
-0.009
0.054
0.172
0.257
0.096
0.366
0.273
0.710
0.257
0.158
0.344
0.008
0.227
-0.869
-0.180
-0.291
-0.274
0.263
-0.173
0.229
-1.028
-1.179
-0.003
-0.478
0.246
0.193
0.003
-0.013
-0.308
-0.004
0.186
-0.261
0.421
0.017
3.009
1.913
2.342
0.705
1.076
1.366
4.760
0.012
-0.718
-0.009
-0.020
0.057
0.036
1.063
1.238
2.230
1.932
2.033
3.329
1.225
1.086
1.264
0.215
0.679
2.867
0.725
0.850
1.688
1.468
1.421
2.535
1.583
0.348
0.350
0.305
0.634
-0.088
0.161
0.224
-0.117
-0.009
-0.102
-0.054
3.352
-0.030
-0.168
0.765
-0.013
-0.086
-0.376
-0.175
0.451
1.937
0.413
0.118
-0.182
0.334
0.063
0.818
0.594
0.113
0.538
0.130
0.464
0.691
-0.009
0.069
-0.009
-0.009
-0.009
-0.453
0.079
-1.944
-0.023
-0.238
-0.049
0.239
-0.161
-0.074
-0.204
-0.067
0.080
-0.082
-0.057
-0.255
0.080
0.077
-0.101
-0.293
-0.251
1.435
-0.071
-1.180
-0.372
0.174
0.029
-0.191
0.474
-0.009
-0.009
1.055
-0.018
-0.009
-0.009
2.976
0.542
0.239
-0.126
0.014
0.225
-0.009
-0.022
0.136
0.557
0.892
0.029
-0.347
0.514
1.887
0.751
2.680
2.193
0.797
0.686
-0.009
0.037
2.381
-0.009
-0.009
-0.336
0.024
0.931
0.000
0.274
0.606
1.255
-0.555
0.031
-0.478
0.660
1.352
0.934
0.507
0.664
0.263
-0.037
0.846
-0.108
0.731
1.175
0.119
0.328
-0.518
-0.053
0.043
0.122
0.366
-0.013
0.299
-0.528
-0.405
0.476
1.113
0.144
0.101
0.200
0.074
-2.947
0.182
0.099
-0.129
2.145
2.554
0.402
-0.049
0.034
-0.366
-1.465
0.758
0.441
-3.280
-0.926
-0.332
3.096
1.005
1.381
2.217
0.247
0.999
0.315
0.342
0.098
0.951
1.739
1.149
0.310
2.307
1.374
0.920
2.546
-0.454
-0.665
0.218
0.225
1.090
0.305
0.988
-0.283
0.053
3.517
0.171
0.393
-0.548
1.593
1.773
0.141
1.292
0.310
-0.154
1.571
0.267
1.268
-0.515
0.320
0.647
1.340
0.171
1.229
0.399
-1.439
0.014
-0.622
-0.563
-0.094
0.488
-0.306
0.860
0.082
-0.466
0.880
-0.009
-0.343
0.452
0.104
-0.181
-0.327
0.327
-0.009
0.136
0.661
-0.053
-0.009
-0.193
-0.076
0.143
1.534
-0.672
0.258
-0.507
0.155
0.461
-0.118
-0.926
3.046
0.135
0.409
1.918
-0.104
1.703
0.413
1.111
-0.193
-2.054
-0.703
-0.113
0.031
-0.466
0.046
-0.086
0.599
1.835
0.205
-0.009
-0.073
-0.037
0.014
-0.084
-0.038
-0.181
0.301
-0.529
0.431
0.268
-0.004
2.410
1.826
-0.016
-0.145
0.361
0.266
0.912
0.475
-0.016
0.079
-0.200
0.288
0.707
-0.580
0.197
0.066
-0.271
0.085
-0.242
-0.128
2.207
1.356
1.213
1.361
1.378
0.235
0.400
0.657
1.754
1.593
0.645
1.225
0.072
0.206
1.083
1.057
0.040
0.707
-0.235
2.323
-0.067
2.439
1.511
0.070
0.378
1.138
0.458
-0.054
-0.001
0.282
0.122
0.670
-2.790
-0.971
1.051
-0.009
0.112
0.020
0.289
0.406
1.289
-0.463
0.201
-0.036
0.068
0.819
-0.009
0.008
0.679
-0.543
1.374
0.676
0.015
0.553
-0.151
0.956
0.167
-0.037
1.408
1.742
-0.084
-0.009
0.270
0.410
-0.457
0.038
-0.203
0.271
0.853
-0.259
1.116
0.513
0.712
-0.085
0.190
0.008
0.303
-0.047
0.222
-0.257
-0.653
-0.118
-0.017
-0.310
0.090
-0.789
1.581
1.313
-4.065
-0.123
-0.905
-0.869
-0.320
-0.181
-0.489
0.142
-1.362
-0.943
-0.132
-0.490
-0.102
-0.009
-0.790
-0.483
-0.073
0.300
-0.248
1.552
-0.764
-0.195
1.140
-0.187
0.942
1.234
-0.429
-0.054
0.681
-0.145
0.470
0.112
0.194
0.478
-0.236
0.107
2.157
0.591
2.232
0.940
0.445
-0.075
1.150
2.877
0.242
-0.175
0.367
-0.005
0.790
0.931
0.136
1.529
0.654
2.603
1.319
0.482
0.367
0.291
0.869
0.319
0.437
0.303
1.416
0.748
0.980
-0.127
-0.107
0.004
-0.361
0.059
0.202
-0.040
0.342
0.257
0.362
0.086
-0.107
0.314
0.120
-0.009
0.651
0.525
0.427
1.751
1.214
0.142
-0.215
-0.365
-0.312
-0.029
0.433
0.053
0.096
0.152
0.141
-0.121
0.054
0.627
0.229
0.713
0.831
0.782
0.726
2.652
0.691
0.711
-0.362
0.841
0.076
0.326
0.308
0.367
0.076
0.281
0.636
0.463
0.351
0.435
0.370
0.102
0.408
0.110
0.178
0.344
0.248
0.263
0.549
0.588
-0.403
-0.333
0.913
-0.009
1.813
0.561
-0.009
4.197
0.626
-0.038
-0.623
0.361
-0.322
-0.010
-0.081
0.476
-0.512
-0.296
0.063
-0.072
-0.102
0.048
-0.227
1.480
1.629
0.469
0.374
-0.311
-0.157
-0.304
0.359
0.394
0.530
0.323
0.163
0.693
0.142
0.038
1.446
0.728
0.411
0.812
0.138
-0.073
1.173
0.732
0.723
0.787
0.632
4.503
0.416
0.257
-0.180
0.537
-0.244
-0.271
0.156
-0.741
-0.284
0.937
0.235
1.193
0.088
0.929
0.346
0.181
-1.290
-0.009
-0.730
-0.745
-0.489
0.259
-0.820
-0.014
-0.058
-0.009
0.399
0.583
0.076
-0.113
-0.099
-1.083
0.677
-0.028
0.433
0.514
0.091
0.052
-0.194
-0.164
-1.060
1.319
-0.381
0.159
-0.009
