0.141
0.326
0.141
0.383
0.111
0.141
0.141
0.361
0.141
0.141
0.141
0.141
0.926
0.352
-0.122
0.385
-0.277
0.010
-0.026
-0.358
0.158
-3.423
-1.259
0.126
0.171
0.659
0.141
0.141
0.148
-0.004
0.016
0.106
-0.639
-0.065
0.063
2.234
1.097
2.857
1.095
1.532
2.193
3.665
0.141
-0.832
-0.203
0.141
0.141
0.141
2.363
1.261
1.419
1.285
2.111
2.155
2.619
1.477
1.640
0.141
0.141
2.844
1.047
1.272
1.702
3.354
0.362
2.252
2.813
1.386
-0.011
-0.063
2.419
-0.473
0.043
1.588
0.160
1.485
1.333
-2.682
1.777
-0.315
-0.151
-0.365
0.379
0.068
-0.413
-0.326
0.662
2.884
-0.494
-0.089
-0.108
0.340
0.139
1.172
0.235
0.141
-0.024
0.037
0.890
0.141
0.226
0.141
0.109
0.289
0.425
0.087
0.210
-0.106
0.141
-0.091
0.169
0.141
0.104
0.137
-0.182
0.081
0.232
-0.159
0.141
0.141
0.141
0.136
0.118
-0.078
0.002
-0.074
0.597
-1.233
-1.066
0.615
0.780
-0.067
0.141
0.141
-0.954
1.008
2.227
0.141
-0.393
0.141
0.141
-0.195
0.077
0.278
0.125
0.141
0.141
0.241
0.141
0.184
-0.111
0.053
1.081
1.109
0.905
3.048
1.426
0.196
0.141
0.141
0.141
0.141
0.745
0.141
-0.051
0.141
0.212
0.141
0.266
0.141
1.018
-0.525
0.057
0.053
0.141
0.259
0.659
0.564
0.539
2.075
-0.690
3.833
0.084
0.290
0.510
0.141
0.141
-0.525
-0.108
0.500
0.890
1.734
0.141
-0.110
0.643
0.139
0.272
0.511
0.123
0.374
0.285
0.280
-0.521
0.280
0.268
0.418
2.348
0.157
1.038
0.608
-0.443
0.081
-1.657
0.149
0.463
-0.566
-0.853
0.020
1.681
2.899
1.292
2.576
1.303
1.500
0.364
0.621
3.918
1.610
1.872
1.991
1.732
3.320
1.695
1.574
1.312
0.117
-2.580
0.143
0.141
1.762
0.210
0.162
-0.801
0.690
1.983
0.141
0.180
0.476
0.958
2.064
-0.415
1.241
1.063
0.775
1.274
0.737
0.129
-0.186
0.227
1.145
2.120
0.345
1.311
0.243
-0.843
0.410
-0.346
0.346
0.135
3.643
0.120
-0.202
0.473
0.102
0.858
0.106
-0.286
0.108
0.023
-0.000
-0.098
1.647
0.191
1.580
1.653
0.141
0.141
0.044
0.141
0.148
2.486
-0.015
0.124
0.087
0.094
-0.458
0.022
-1.474
2.383
-1.261
-0.058
1.965
-1.472
0.955
-0.286
-0.343
-1.853
-3.069
-1.211
0.474
0.695
0.108
0.355
0.504
1.854
1.668
0.738
0.424
0.276
0.492
0.156
0.361
0.119
0.154
0.165
0.026
0.141
0.141
-0.023
1.503
0.215
0.072
0.185
1.697
1.120
1.879
0.614
1.009
0.162
0.073
0.550
0.890
-0.524
0.650
0.141
0.141
1.345
-0.290
0.024
2.368
1.073
2.045
1.193
1.942
0.718
1.081
1.518
2.406
1.293
0.172
0.141
0.242
0.133
0.498
0.506
0.141
0.222
0.141
1.676
-0.772
1.525
1.169
1.160
1.389
0.584
0.141
0.092
0.526
0.389
1.164
0.141
-0.448
-0.799
0.527
2.717
0.378
0.141
0.141
1.479
1.595
-0.242
0.045
0.141
0.046
0.115
0.535
0.237
0.488
-0.735
1.780
1.975
0.141
0.743
1.269
0.138
1.420
-0.400
0.883
1.585
-0.580
0.141
0.141
0.172
-0.029
0.290
-0.047
0.198
0.910
-0.130
1.154
0.212
1.617
0.039
0.141
-0.783
1.059
0.196
0.131
0.108
-0.631
0.213
0.023
0.134
0.800
-0.013
1.075
1.274
0.141
0.141
-1.181
-1.182
-0.200
-0.087
-0.336
0.087
-1.051
-0.879
-1.295
-0.732
-0.185
0.000
-0.854
-0.932
0.103
0.098
-0.801
2.037
-0.644
0.112
1.278
-0.635
0.843
1.636
0.421
0.666
0.907
0.141
0.450
0.078
0.167
0.141
-0.536
0.174
1.380
0.056
1.487
0.121
0.337
0.141
1.223
0.212
0.181
-0.021
-0.261
0.023
0.151
1.290
0.537
1.652
1.279
1.598
0.479
1.423
0.265
0.272
1.327
0.587
0.713
1.477
1.505
1.212
2.067
0.091
0.104
-0.338
0.031
-0.002
0.150
0.088
0.100
0.244
0.130
0.058
0.141
0.234
0.295
0.141
0.750
1.118
0.809
1.192
1.816
0.636
0.141
-0.482
0.141
-0.107
0.135
0.141
0.082
0.168
0.092
0.466
0.141
1.855
1.234
0.997
1.674
0.208
0.186
1.942
0.962
0.141
0.787
0.773
0.387
0.329
0.141
0.266
0.154
0.905
1.240
0.176
0.366
0.238
0.737
0.049
0.656
-0.066
0.079
0.275
0.446
0.639
0.742
0.430
0.388
0.092
1.804
0.116
2.023
0.129
0.015
0.264
-0.234
0.363
0.085
0.518
0.060
0.366
0.133
0.196
0.065
-0.443
0.134
-0.142
-0.137
0.064
-0.003
0.337
0.910
1.239
0.462
0.138
0.230
-0.163
0.202
0.270
0.291
0.141
0.417
0.183
0.141
0.141
1.342
0.690
1.577
0.967
0.259
0.102
1.768
0.558
2.319
1.105
1.232
3.026
0.678
0.262
2.225
0.548
-0.747
-0.509
0.638
-1.426
-1.123
-0.013
0.141
1.847
0.050
0.075
0.226
0.304
-1.514
-1.420
-0.484
-0.720
0.056
-0.042
-0.702
0.861
0.141
-0.195
0.709
1.164
0.126
0.194
-0.087
-0.336
1.446
0.147
0.141
0.731
0.351
0.825
-0.234
0.144
-0.129
1.988
0.092
0.260
0.141
