-0.527
-0.153
-0.139
-0.097
0.097
0.917
-0.136
0.147
0.620
0.034
-0.287
0.280
-0.523
-0.159
0.127
-0.003
-0.268
-0.030
0.699
0.569
1.796
0.555
0.874
0.389
-0.041
0.094
1.077
0.351
-0.152
-0.160
-0.142
-0.247
-0.023
-0.261
0.435
2.528
1.938
2.665
1.012
1.239
2.577
3.494
-0.063
-0.053
-0.160
-0.160
0.361
0.813
1.434
2.938
2.085
1.890
2.014
3.915
1.033
0.655
2.644
0.643
1.102
3.017
1.055
0.731
2.021
3.204
0.237
2.071
1.200
1.654
0.703
1.677
2.396
0.496
0.802
-0.033
1.748
0.635
0.573
-0.779
4.775
-0.139
-0.412
0.963
-0.064
0.555
-0.425
-0.159
0.273
1.891
-0.459
0.240
0.096
0.458
0.066
0.954
-0.052
-0.146
-0.150
-0.297
2.897
1.000
0.212
0.911
1.219
1.158
0.157
-0.364
-0.147
-0.215
0.088
-0.160
-0.044
0.022
-0.167
0.008
-0.160
-0.138
-0.019
-0.070
0.042
-0.160
-0.159
-0.004
-0.139
-0.160
-0.160
3.616
0.011
0.330
0.210
0.371
-0.067
-0.406
-0.178
1.507
-0.822
-0.533
0.738
-0.979
-1.157
0.564
0.661
-0.326
-0.918
0.116
1.090
-0.194
-0.101
0.325
0.092
4.032
0.362
1.645
0.417
2.240
1.907
3.230
2.773
2.621
3.799
0.394
0.608
3.714
0.498
-0.016
0.247
0.535
1.613
1.385
0.370
-0.182
0.004
0.064
-0.135
-0.740
0.498
1.915
0.633
0.854
0.484
2.336
0.695
2.438
-0.037
0.446
0.568
-0.627
0.231
-0.254
-0.430
-0.278
0.016
0.373
-0.937
1.268
0.624
-0.192
-0.101
1.273
-0.160
-0.116
0.148
-0.120
-0.991
-0.077
-0.047
0.675
4.125
3.639
3.146
0.170
-0.410
-0.322
-0.518
0.436
0.805
1.136
0.294
-0.399
4.716
2.714
2.097
1.874
0.513
1.514
1.433
1.580
0.850
0.984
1.582
0.895
0.886
1.937
1.441
4.921
5.763
-0.084
-0.485
0.436
0.880
3.102
1.058
0.067
1.283
0.171
1.686
0.449
-0.204
-0.162
0.327
0.101
0.467
-0.027
0.712
0.488
2.172
-0.112
1.761
-0.177
0.260
1.829
1.396
1.181
1.655
1.354
-0.087
1.033
0.292
-0.647
-0.567
1.360
-0.160
1.796
-0.176
-0.083
2.399
0.121
0.084
-0.321
0.144
-0.678
-0.190
0.887
0.010
2.561
0.713
0.106
-0.401
0.247
0.190
0.048
2.638
-0.722
0.017
-0.754
-0.273
-0.188
1.604
0.622
1.189
-0.204
-0.039
0.193
-0.058
2.994
-0.706
-0.371
-0.150
-0.264
0.598
-1.327
1.374
-0.157
0.772
0.261
2.248
1.590
1.053
-0.207
0.296
0.221
-0.025
0.029
-0.071
-0.163
0.890
0.368
0.404
-0.366
0.009
3.225
3.073
0.146
0.834
0.277
0.951
0.450
-0.160
1.028
-0.231
-0.069
1.335
2.058
0.355
1.442
1.193
0.257
0.162
-0.397
-0.478
2.351
1.923
2.065
2.664
4.140
-0.160
0.406
1.410
2.719
1.962
0.019
-0.585
-0.160
0.264
-0.124
0.617
1.877
1.308
-0.160
5.068
0.045
-0.048
1.124
0.875
-0.081
1.399
-0.569
0.596
0.309
0.567
1.481
0.452
0.195
0.035
0.412
-0.163
1.363
0.083
1.044
0.611
0.354
0.326
0.060
0.162
-0.478
0.189
-0.317
0.309
2.318
2.420
1.934
4.075
2.157
2.881
2.265
2.217
2.061
0.122
2.497
4.590
0.390
0.083
0.191
1.480
0.670
0.509
0.599
0.480
0.121
-0.255
0.524
0.011
1.811
0.363
0.270
-0.160
0.789
0.103
-0.145
0.024
-0.061
0.330
-0.143
-1.011
0.617
0.093
0.323
1.555
0.702
-0.180
0.268
-1.545
-0.201
-0.066
-0.683
-0.155
-0.797
-0.924
-0.400
-0.237
-1.953
-0.309
-1.007
-0.597
0.363
0.827
-0.186
0.290
-0.123
-0.160
0.626
-0.643
-0.894
-2.452
-0.507
0.545
1.555
-0.866
-0.473
-0.114
0.413
0.353
0.357
-0.073
2.830
1.156
1.296
2.042
2.645
0.066
1.321
2.868
0.723
-0.237
0.269
0.163
0.871
2.298
0.349
1.367
0.544
1.231
0.838
-0.400
0.146
-0.065
1.445
-0.122
0.444
0.092
2.838
0.996
1.583
-0.215
-0.033
0.350
-0.134
0.297
-0.190
-0.269
-0.585
0.452
0.490
-0.282
1.126
-0.164
1.396
0.831
-0.602
1.250
0.860
1.263
1.218
0.889
0.261
-1.570
0.324
0.397
0.232
0.410
-0.222
0.390
-0.143
0.371
-0.497
1.339
0.616
0.279
0.601
0.614
-0.002
3.885
0.377
0.733
0.031
0.118
0.152
-0.364
1.072
0.288
0.051
-0.074
0.005
0.860
1.508
0.021
0.512
0.480
-0.028
-0.002
0.232
0.155
0.521
0.409
0.035
1.561
0.245
-0.371
0.511
0.250
4.787
0.401
2.454
-0.274
0.152
-2.072
0.183
0.296
0.106
-0.105
-0.055
-0.160
0.173
-0.615
0.113
-0.295
0.010
0.174
0.434
0.340
0.522
0.633
-0.037
-0.394
-0.841
-0.175
0.284
0.177
0.005
0.084
0.269
1.088
0.274
0.257
1.650
0.049
0.208
1.165
0.589
0.484
0.992
0.337
1.941
1.188
0.013
1.434
1.799
0.811
0.141
0.627
-0.938
1.465
0.527
-0.645
0.017
0.083
-0.457
0.334
-0.744
0.342
2.441
1.135
-0.191
1.718
-0.574
0.328
-0.160
0.115
-0.604
1.943
-0.066
-0.445
0.983
0.780
-0.160
0.459
-0.800
-0.692
0.309
-0.142
0.985
0.445
0.034
-0.051
-0.278
0.085
-0.112
1.419
0.253
-1.057
-0.415
