-0.065
-0.154
-0.046
0.949
-0.123
0.365
0.376
0.170
0.543
0.217
0.026
-0.017
1.351
0.288
0.585
-0.024
-0.105
-0.381
0.062
0.050
0.631
-1.633
-0.087
-0.009
-0.161
0.066
0.004
-0.001
0.028
-0.168
-0.244
-0.066
-0.577
-0.277
-0.664
2.049
2.357
1.542
0.878
2.385
1.267
4.307
-0.098
-0.167
0.082
-0.534
-0.047
-0.031
1.837
1.804
1.695
1.018
0.768
3.030
1.750
1.742
1.044
0.988
1.465
2.868
0.651
1.365
1.462
1.159
1.285
2.322
1.309
0.163
-0.109
-0.090
1.261
-0.498
0.066
0.878
-0.147
-0.078
-0.105
-0.444
3.669
-0.395
0.158
0.921
1.035
0.502
1.004
0.930
1.373
2.348
0.770
1.631
-0.145
0.718
-0.140
0.436
0.941
0.272
0.119
-0.113
0.691
0.410
-0.212
-0.095
0.483
0.450
0.254
-0.477
-0.118
-0.385
-0.166
-0.466
-0.105
-0.008
-0.454
-0.431
-0.550
-0.372
-0.177
-0.512
-0.144
-0.105
-0.200
-0.135
-0.397
-0.246
-0.147
1.002
-1.024
-0.317
-0.091
-0.090
-0.099
-0.121
-0.522
2.077
-1.431
-0.329
-0.323
1.360
-0.592
-0.176
0.493
-1.061
-0.365
0.457
-0.299
0.426
0.002
0.087
0.218
0.599
1.858
-0.295
0.091
0.679
1.415
2.871
3.274
2.701
1.184
-0.825
-0.621
1.101
2.013
0.208
-0.309
-0.109
1.663
2.124
0.091
0.757
1.575
-0.135
0.108
-0.199
0.543
0.804
2.264
0.599
1.363
0.629
0.404
1.954
-0.160
1.164
0.382
0.369
-0.074
-0.225
0.194
-0.131
0.162
0.456
-0.105
0.077
-0.105
-0.832
0.348
0.225
0.091
-0.089
-0.063
-0.111
-0.154
-0.092
-0.052
0.089
2.430
0.936
0.875
-0.114
0.186
-0.105
-1.816
-0.128
0.356
-1.715
-0.269
-0.132
2.157
1.287
0.852
2.137
-0.046
1.786
1.383
0.760
2.590
0.880
0.850
0.812
0.171
1.114
1.074
1.887
3.204
-0.200
-1.959
0.642
0.311
0.866
-0.105
-0.043
0.470
0.221
1.801
0.159
0.869
-0.237
1.715
0.270
-0.687
0.851
0.212
0.778
0.535
0.109
0.903
-0.612
1.333
1.656
1.432
-0.105
1.567
0.423
-2.540
-0.260
0.068
-0.366
-0.054
0.239
-0.086
0.691
-0.102
-0.070
0.305
-0.222
-0.379
0.842
-0.141
-0.227
0.241
1.206
0.820
0.507
1.531
-0.037
0.264
-0.109
-0.363
-0.608
1.293
-0.140
0.032
0.101
-0.400
-0.064
0.247
0.677
3.150
0.515
-0.166
1.279
0.661
0.813
-0.070
0.530
-0.300
-1.404
-0.952
0.062
-0.053
-0.844
-0.070
-0.563
1.094
0.960
1.359
-0.071
1.136
0.461
0.253
0.028
0.057
-0.087
0.587
0.087
0.764
0.028
0.068
0.761
0.320
0.090
0.105
0.695
-0.026
0.667
0.273
0.676
0.133
-0.116
0.370
0.580
-0.952
0.265
-0.073
-0.062
0.444
-0.146
-0.143
2.567
1.493
0.262
1.095
2.262
0.749
0.388
0.708
1.443
0.725
-0.182
-0.620
-0.206
-0.171
0.162
1.334
-0.215
1.502
0.030
2.282
-0.118
0.962
1.311
1.064
0.599
1.121
-0.028
-0.083
-0.245
-0.047
0.715
-0.320
-0.619
-1.353
0.071
0.013
0.120
0.139
-0.015
0.292
0.461
0.029
-0.799
-0.361
0.112
0.620
0.168
0.226
1.486
-0.425
1.140
1.504
0.003
0.251
0.078
0.253
-0.005
1.189
0.634
2.517
-0.435
0.415
0.253
0.068
0.442
0.318
0.154
-0.055
1.120
-0.329
0.993
1.221
0.042
0.222
0.242
0.340
0.127
0.126
-0.251
-0.146
-0.519
-0.089
0.058
-0.356
0.185
-0.149
1.655
0.565
-0.104
-0.006
-0.924
-1.141
-0.232
-0.124
-0.320
-0.410
-0.435
-0.153
-0.589
-1.200
-1.029
0.439
-0.152
-0.508
-0.299
0.748
0.034
1.034
-0.149
-0.130
1.302
-0.128
0.070
0.337
-0.818
1.200
-0.178
0.495
0.093
0.035
0.045
-0.104
-0.418
-0.015
0.643
0.126
2.291
-0.027
1.494
-0.074
0.899
1.576
0.502
0.229
-0.219
0.076
0.245
1.504
0.322
1.154
0.648
1.800
0.789
0.800
-0.088
-0.044
0.434
0.229
-0.038
0.220
1.287
1.139
1.389
0.083
0.031
0.021
-0.086
-0.034
-0.090
-1.049
-0.275
0.054
-0.059
0.054
-0.061
-0.335
-0.105
0.068
0.681
0.011
0.626
0.562
0.795
0.102
-0.101
-0.304
-0.051
-0.285
0.190
0.349
-0.237
0.271
0.172
-0.079
-0.015
0.766
-0.032
0.879
1.377
1.402
1.164
3.048
1.035
1.216
-0.118
0.683
-0.102
0.435
0.423
0.011
-0.932
-0.077
0.832
-0.047
0.450
0.750
0.189
-0.105
-0.051
-0.069
0.029
0.525
0.721
-0.105
0.211
0.609
-0.163
0.153
0.843
-0.875
1.294
1.368
1.090
0.543
-0.197
0.231
-0.088
-0.000
-0.052
-0.044
-0.218
-0.078
0.678
-0.239
-0.078
-0.109
-0.171
-0.103
-0.102
0.538
1.585
-0.099
-0.108
-0.413
-0.546
-0.182
-0.222
-0.676
-0.329
0.265
-0.074
0.112
0.447
0.092
1.917
1.940
0.698
1.576
1.850
0.524
2.145
1.863
0.769
0.547
0.295
2.560
0.935
-0.085
-0.942
0.282
-0.607
-0.069
-0.004
-0.147
-0.558
-0.187
-0.085
0.678
-0.135
-0.215
1.588
0.663
-1.033
0.546
-0.100
-1.998
-1.135
0.244
0.080
0.090
-0.116
-0.154
0.901
0.912
-0.101
-0.210
-0.410
-0.904
1.330
-0.117
0.360
1.318
-0.022
-0.029
0.238
-0.334
-1.296
2.463
-0.342
-0.366
0.189
