-0.459
-0.269
-0.008
-0.306
0.125
0.040
-0.032
0.032
-0.443
-0.032
-0.271
-0.961
-0.221
-0.181
0.097
0.159
0.211
0.149
0.038
-0.002
-0.039
2.051
1.021
-0.081
0.190
-0.057
-0.243
-0.659
-0.113
-0.026
0.094
0.084
0.392
-0.996
0.080
-2.263
-1.689
-2.252
-0.522
-1.120
-1.390
-3.653
0.136
0.338
-0.145
0.026
-0.357
-0.290
-1.839
-1.154
-2.202
-1.035
-2.305
-2.141
-2.133
-1.318
-0.771
-0.074
-0.633
-3.193
-1.188
-1.790
-1.029
-1.316
-1.468
-2.307
-1.565
-0.552
-0.154
-0.112
-0.626
0.201
-0.011
-0.437
0.203
-0.710
-0.170
0.084
-2.895
0.050
0.593
-0.902
-0.253
-0.162
0.267
-0.253
-1.206
-2.052
-0.420
0.163
0.512
-0.019
-0.146
-0.821
-0.027
-0.022
0.021
0.116
-0.738
-0.200
-0.028
-0.007
-0.163
0.077
-0.037
0.214
0.080
0.093
0.089
0.095
0.200
-0.045
0.156
0.091
0.153
0.101
0.082
-0.068
0.092
0.018
0.094
0.113
0.095
0.112
0.109
-1.155
0.055
1.323
0.614
-0.317
0.120
-0.032
-0.563
-0.032
0.724
-1.117
0.378
-0.032
-0.032
-1.124
-0.404
-0.104
2.138
-0.007
0.246
0.052
-0.430
-0.281
-0.824
-1.506
-0.065
-0.003
-0.944
-1.838
-1.999
-2.881
-2.394
-2.623
-1.561
0.034
-0.244
-2.103
-1.439
-0.083
0.783
-0.035
-1.202
-0.799
-0.322
-0.292
-1.715
0.794
-0.194
0.076
-0.618
-1.748
-1.527
-0.067
-1.890
-0.527
0.064
-1.548
0.181
-0.526
-0.741
-0.032
-0.217
0.974
0.121
0.073
0.018
-0.125
0.888
-2.210
-0.618
0.457
-0.336
-0.582
-0.278
-0.167
0.033
-0.069
0.027
-0.153
-0.170
-0.047
-2.078
-2.047
-0.482
0.555
-0.094
-0.063
1.527
-0.338
-0.436
2.459
0.558
0.200
-2.199
-0.984
-0.715
-2.349
-0.395
-1.708
-1.095
-0.722
-0.168
-0.464
-1.798
-1.095
-0.602
-1.511
-1.298
-0.923
-2.800
0.371
1.127
-1.861
-0.038
-0.774
-0.379
-1.308
-0.176
0.409
-1.157
0.061
-0.415
-0.176
-0.504
-0.652
0.089
-1.241
-0.380
0.040
-0.683
-0.294
-0.984
-0.045
0.245
-0.889
-0.407
-0.222
-0.532
-0.538
1.752
-0.047
0.291
0.385
0.031
-0.681
0.068
-1.000
0.383
0.442
-0.163
-0.032
-0.238
-0.323
-0.044
0.405
0.018
-0.402
-0.076
-0.538
-0.777
-0.160
-0.193
0.019
-0.040
-0.148
-1.635
0.061
-0.016
0.215
-0.427
-0.090
-0.032
0.206
-2.251
0.703
-2.157
-1.690
-0.909
-1.565
-0.093
0.410
0.632
1.883
1.356
-0.032
-0.340
1.305
-0.547
0.092
-0.236
-2.095
-0.320
-0.304
0.026
-0.075
0.139
0.345
-0.169
0.133
-0.678
-0.040
-0.230
-0.027
-0.032
-1.149
-1.027
0.065
-0.205
-0.632
-0.291
-1.100
-0.273
-0.173
-0.052
0.039
-0.341
-0.671
0.489
-0.326
-1.414
0.007
-0.555
-0.027
-0.029
-2.869
-1.368
-0.977
-1.246
-1.319
-1.012
-0.027
-1.184
-2.094
-0.890
-0.298
-0.493
-0.168
-0.586
-0.871
-1.101
-1.031
-2.207
0.232
-2.289
0.174
-1.514
-0.828
-1.209
-0.197
-1.454
-0.020
-0.034
-0.032
-0.392
-0.597
0.059
0.615
1.349
-0.798
-0.346
-1.546
0.019
0.033
-0.661
-0.099
1.660
0.023
0.030
-0.107
-0.105
-0.335
-0.034
-1.052
-0.248
-1.261
-0.557
-0.575
-0.189
-1.022
-0.404
-0.562
-0.136
-1.848
-1.501
0.058
-1.345
-0.023
-0.282
0.695
-0.283
-0.003
-0.038
-0.569
-0.037
-1.087
-0.558
-0.182
0.021
-0.350
-0.277
-0.348
0.044
-0.183
-0.002
0.190
-0.021
0.416
0.452
-0.095
0.601
-1.559
-0.610
-0.094
0.341
0.752
0.360
-0.047
0.016
0.298
-0.200
1.151
0.996
1.116
0.890
-0.010
-0.103
0.782
0.235
0.043
-0.184
-0.086
-2.135
0.530
0.348
-1.109
0.677
-0.692
-1.826
0.401
-1.312
-0.547
-0.052
-0.207
-0.032
-0.190
-1.004
0.237
-0.135
-1.350
-0.157
-2.228
-1.398
-0.398
-0.190
-0.906
-2.114
-0.057
0.033
-0.478
-0.232
-0.616
-2.034
-0.721
-1.540
-0.470
-2.416
-1.148
-0.128
-0.522
-0.090
-0.860
-0.288
-0.125
-0.472
-1.320
-0.940
-1.290
-0.195
0.156
-0.183
-0.042
-0.471
-0.062
0.175
-0.920
-0.615
-0.378
-0.336
-0.202
-0.092
-0.032
-0.166
-0.345
-0.022
-0.446
-1.043
-1.520
-0.266
0.010
1.091
-0.195
0.254
-0.644
0.216
0.181
-0.138
-0.342
0.322
-0.923
-0.884
-0.129
-0.677
-0.602
-0.412
-1.284
-2.990
-1.017
-0.913
0.424
-0.114
-0.336
-1.458
-0.002
-0.739
-0.283
-0.096
-0.268
-0.071
-0.168
-0.151
0.055
0.055
-0.106
0.076
0.063
-0.294
-0.124
-0.143
-0.443
-0.869
-0.060
0.424
-0.697
-0.015
-1.894
-0.708
-0.749
-1.397
-0.207
-0.647
-0.153
-1.532
0.027
-1.264
-0.061
-0.171
0.016
-0.066
-0.236
-0.033
0.069
0.011
0.007
-1.980
-0.925
-0.053
-0.002
0.097
0.248
-0.032
0.144
-0.358
-0.032
-0.175
0.054
-0.706
0.211
-0.111
-1.313
-0.584
-0.498
-1.232
-0.476
-0.845
-0.938
-0.167
-1.327
-0.962
-0.165
-3.315
-1.055
-0.006
-0.284
-0.634
0.092
-0.056
-0.894
0.984
0.715
-0.229
-1.010
-0.508
-0.687
0.032
-0.432
-0.087
0.591
-0.081
0.649
0.505
0.028
-1.049
0.481
-0.360
-0.032
0.383
-0.321
-0.200
-0.012
0.337
0.111
0.845
-0.948
-0.124
-0.364
-0.405
-0.459
0.017
0.032
-0.032
1.209
-1.927
0.424
-0.455
-0.010
