0.055
-0.399
0.021
-0.237
0.055
0.055
-0.322
-0.147
0.036
-0.058
-0.016
-0.674
-0.049
0.001
0.213
0.161
0.181
0.291
0.052
0.055
0.382
1.556
0.628
-0.101
0.021
-0.626
-0.250
0.054
0.055
-0.008
0.055
-0.202
0.296
0.055
0.100
-3.041
-1.672
-2.538
-1.212
-1.231
-2.097
-3.835
0.055
0.475
0.055
0.039
0.055
0.055
-1.787
-2.088
-1.990
-0.988
-3.104
-3.578
-2.606
-1.767
-1.174
0.070
-0.842
-3.424
-1.137
-0.399
-0.787
-1.933
-1.171
-2.995
-1.661
-0.548
0.385
0.294
-1.140
0.593
0.209
-0.113
-0.810
-1.807
-0.813
0.055
-3.177
0.055
0.120
-1.296
-0.239
-0.202
0.647
0.086
-0.476
-2.458
-0.793
-0.321
0.055
-0.778
-0.181
-0.905
-0.438
0.181
-0.059
0.144
-0.747
-0.818
0.037
-0.046
-1.022
-0.409
-0.271
0.271
0.055
0.055
0.206
0.221
0.032
0.050
0.211
0.328
0.308
0.133
0.046
0.118
0.184
0.085
0.055
0.222
0.183
0.258
0.145
-1.838
0.289
0.856
0.597
-1.229
-0.006
0.020
-0.746
0.043
1.016
-0.299
-0.161
-0.881
0.599
-1.599
-0.599
0.761
1.693
-0.180
-0.006
0.383
-0.390
-0.983
0.042
-3.301
-0.090
0.031
-0.109
-2.664
-0.701
-3.206
-2.179
-1.951
-1.447
0.055
-1.332
-2.173
-2.443
-0.204
0.053
-0.018
-1.063
-0.359
0.038
-2.241
-0.860
0.095
-0.319
0.797
-0.549
-1.065
-1.723
-0.367
-1.173
-0.489
-0.011
-1.425
0.055
-0.764
-0.743
-1.156
-0.107
0.285
0.203
0.051
-0.061
-0.100
-0.339
-2.118
-1.319
-0.024
-0.099
0.010
-0.100
-0.589
-0.026
-0.021
0.041
-0.157
-0.008
0.006
-2.241
-3.515
-0.555
-0.330
0.052
-0.148
0.135
-0.174
0.055
1.201
1.906
0.048
-3.050
-2.559
-1.301
-1.820
-0.376
-1.455
-0.879
-0.947
-1.657
-1.648
-0.452
-0.943
-0.290
-2.114
-1.610
-1.394
-3.568
0.166
0.300
-1.673
-0.519
-0.650
-0.160
-0.585
-0.322
0.454
-2.490
0.024
-0.542
-0.139
-1.527
-1.778
0.260
-0.554
-0.800
-0.085
-0.538
-0.351
-1.370
0.055
-0.145
-0.834
-0.652
-0.680
-0.778
-0.675
0.979
0.055
0.096
0.065
-0.053
-0.246
0.135
-0.082
-0.018
0.221
-1.200
-0.164
-0.711
-0.397
-0.694
0.119
-0.264
-0.342
-1.517
-0.717
-0.840
-0.217
-0.057
-0.389
0.039
0.001
-1.826
0.109
0.064
0.185
0.047
-0.167
0.055
0.350
-2.401
0.529
0.075
-1.541
-0.175
-1.360
0.359
0.156
0.876
2.152
0.902
0.656
-0.001
0.162
0.244
-0.409
-0.873
-2.723
-0.583
-0.416
-0.282
-0.507
-0.036
0.010
-0.302
-0.507
-0.507
0.049
-0.666
0.051
-0.081
-1.047
-1.040
-0.063
-1.336
-1.353
-0.476
-1.149
-0.423
-0.644
-0.116
0.176
-0.260
-2.013
0.204
-0.495
-0.301
0.131
-0.039
0.151
0.099
-3.561
-1.346
-1.259
-1.652
-1.368
-0.600
-0.107
-1.782
-2.911
-1.431
-0.527
-1.149
0.055
-0.241
-0.206
-0.433
0.631
-2.814
0.037
-1.133
0.055
-1.341
-0.752
-1.151
-0.951
-1.794
0.055
0.055
0.055
-0.322
-0.139
0.001
0.253
0.776
-0.032
-0.283
-0.298
0.041
-0.877
-1.354
-0.562
1.296
0.055
0.016
0.300
0.051
-1.400
0.055
-0.208
0.048
-1.286
-1.098
-1.221
-0.636
-1.584
-1.006
-0.476
-0.002
-1.180
-2.178
0.055
-2.808
0.023
-0.412
0.055
-0.162
0.073
0.024
-0.216
-0.058
-0.713
-0.122
-0.840
0.054
-0.477
0.110
-1.350
-0.099
0.090
-0.266
-0.292
0.141
0.055
0.147
-0.236
0.245
-2.822
-1.338
-1.040
0.101
1.087
1.137
0.175
0.083
0.298
-0.518
0.331
0.306
1.337
0.293
0.274
0.667
-0.051
0.647
-0.271
-0.146
0.276
-1.236
0.741
0.077
-1.660
0.497
0.583
-1.932
0.978
0.275
-0.421
0.055
0.126
-0.013
0.101
-0.779
0.258
-0.077
-1.695
-0.244
-3.052
-0.773
-0.259
0.055
-0.187
-1.731
-0.134
0.136
0.013
-0.092
-0.263
-1.945
-0.257
-1.810
-0.764
-2.950
-0.904
0.055
-0.105
0.110
-0.635
-0.112
-0.039
-0.728
-1.774
-1.282
-2.084
-0.106
-0.133
0.038
0.055
-0.562
-0.191
0.076
0.055
-0.495
-0.140
-0.078
-0.456
0.519
-0.113
-0.123
-1.007
-0.153
-0.483
-1.046
-1.589
-0.468
0.001
0.621
-0.033
0.055
-0.607
0.042
-0.253
-0.380
-0.274
-0.243
-0.155
-1.081
-0.339
-0.470
-0.042
-0.710
-0.976
-4.585
-0.954
-1.094
-0.140
-1.034
-0.499
-1.612
-1.000
-0.596
-0.114
-0.071
-0.647
-0.816
-0.336
-0.840
-0.131
0.277
0.015
0.054
0.062
-0.290
-0.619
-0.003
-0.296
-0.397
0.492
0.130
-0.771
0.055
-2.858
-0.319
-0.215
-0.043
-0.225
-0.931
-0.204
-1.494
-0.095
-0.133
0.170
-0.245
0.335
0.054
0.167
0.240
0.303
0.112
0.299
-1.289
-1.677
0.055
0.033
-0.003
-0.034
-0.022
-0.000
-0.087
-0.164
-0.171
0.055
0.055
-0.290
0.055
-1.566
-0.268
-0.586
-1.022
-1.052
0.055
-1.003
-0.385
-1.807
-1.466
-0.989
-3.143
-0.461
0.014
-0.338
-0.523
0.348
0.054
-0.565
0.118
0.386
0.045
-0.802
-0.467
0.076
-0.968
-1.854
-0.478
0.642
-0.004
0.291
1.271
0.055
-1.094
0.280
-0.897
0.561
0.106
-0.888
-0.719
0.064
0.281
0.299
0.150
-0.101
0.033
-0.229
-1.583
-0.224
-0.298
0.123
0.414
1.351
-2.912
0.578
0.090
-0.280
