-0.251
-0.144
-0.124
-0.066
-0.451
-0.110
-0.513
-0.140
-0.395
-0.186
-0.573
-0.467
-0.003
-0.119
1.401
0.091
0.095
0.066
0.085
0.008
-0.568
2.191
0.717
-0.332
-0.050
-0.263
-0.159
-0.196
-0.085
0.009
0.077
-0.093
0.306
-0.072
0.387
-2.697
-1.937
-2.369
-0.944
-1.522
-1.894
-3.500
-0.082
0.113
-0.122
-0.214
-0.414
-0.070
-2.292
-1.268
-2.309
-1.362
-1.755
-3.297
-1.768
-1.122
-0.922
-0.050
-0.693
-3.825
-0.984
-1.404
-1.640
-2.355
-1.433
-3.061
-1.580
-0.626
0.070
-0.720
-0.968
-0.100
0.447
-0.294
0.211
-0.384
-0.049
-0.031
-3.820
0.080
0.375
-1.237
-0.318
-0.093
-0.070
-0.070
-0.421
-2.001
-0.569
0.170
-0.003
-0.375
-0.106
-0.440
-0.646
-0.375
-0.267
0.085
-1.531
-1.173
-0.270
0.050
-0.391
-0.909
-0.095
0.158
0.019
1.218
0.050
0.091
0.072
-0.140
0.128
0.186
0.246
0.073
0.070
0.389
0.124
0.223
0.129
0.127
0.087
0.202
0.068
-1.073
0.103
1.035
0.472
-0.054
0.074
-0.679
-0.960
-0.115
0.678
-0.284
-0.070
-0.530
-0.030
-0.175
-0.264
2.030
2.049
-0.174
-0.142
-0.186
-0.207
-0.381
-0.318
-3.225
-0.920
-0.387
-0.848
-1.550
-1.421
-3.422
-2.765
-1.268
-1.637
-0.070
-0.489
-1.718
-0.966
0.035
0.204
-0.043
-0.865
-0.921
-0.273
-0.096
-1.066
0.751
-0.109
-0.027
-1.045
-2.098
-1.839
-0.649
-0.427
-1.107
0.293
-1.662
-0.052
-0.740
-0.509
-0.475
-0.073
0.582
-0.432
0.172
0.100
-0.275
0.153
-0.070
-0.110
0.387
-0.439
-0.183
-0.364
-0.254
-0.775
-0.261
0.768
-0.097
-0.109
-0.095
-2.382
-1.989
-0.716
-0.834
-0.261
-0.374
2.031
-0.076
-0.536
2.877
0.870
0.174
-1.750
-2.341
-1.118
-2.415
-0.322
-1.556
-1.480
-0.753
-1.131
-0.843
-1.069
-1.132
-0.370
-1.678
-1.886
-1.021
-2.371
0.184
0.441
-0.764
-0.195
-0.297
-0.343
-0.562
-0.179
-0.175
-2.768
-0.081
-0.866
-0.257
-1.122
-1.005
0.533
-0.970
-0.278
-0.163
-0.665
-0.779
-1.563
-0.070
0.177
-1.071
-1.174
-0.578
-0.642
-1.166
1.408
-0.138
0.042
-0.035
-0.097
-1.051
0.130
-0.677
0.074
0.237
-0.789
-0.095
-2.233
-0.404
-0.335
-0.054
-0.459
-0.496
-0.311
-1.027
-0.807
-0.094
-0.270
-0.418
-0.070
-0.285
-1.968
0.774
-0.169
0.119
-0.034
-0.443
-0.070
0.496
-1.262
0.406
-0.070
-1.182
-0.070
-1.161
0.150
-0.214
1.131
1.707
2.029
0.438
-0.075
1.524
-0.500
-0.380
-1.087
-2.162
-1.196
0.496
0.368
0.074
-0.059
0.140
-0.430
-0.070
-0.938
-0.089
-0.230
-0.177
-0.151
-1.558
-1.626
-0.445
0.246
-0.301
-0.182
-1.096
-0.336
-0.325
0.008
-0.082
-0.606
-1.490
0.417
-0.242
-0.748
0.069
-0.513
-0.032
-0.001
-3.220
-1.258
-0.966
-1.123
-1.116
-0.502
-0.182
-1.217
-2.144
-1.370
-0.070
-0.070
0.014
-0.090
-0.633
-0.608
-1.012
-1.231
0.081
-2.226
0.352
-1.927
-1.320
-1.402
-0.434
-0.812
-0.261
-0.010
0.047
0.143
-0.177
0.277
1.592
1.065
-0.313
-0.070
-0.557
-0.159
-0.070
-1.544
-0.818
0.843
-0.012
-0.048
-0.070
-0.488
-0.421
-0.100
-0.787
-0.160
-1.475
-0.800
0.021
-0.396
-0.600
-0.012
-0.716
-0.118
-1.687
-2.845
-0.047
-1.571
-0.135
-0.396
-0.016
-0.391
0.102
-0.219
-0.731
-0.260
-0.980
-0.488
-0.765
-0.080
-0.475
-1.195
-0.070
-0.184
-1.002
-0.165
-0.070
-0.001
0.183
0.432
-0.629
-0.070
-1.880
-1.105
-0.070
0.140
0.241
0.656
-0.070
0.048
0.364
0.328
0.665
0.453
0.997
0.280
0.067
-0.070
-0.068
0.372
-0.021
-0.317
0.280
-1.878
0.456
0.148
-1.546
0.288
-0.938
-2.537
-0.051
-1.218
0.067
-0.147
-1.196
-0.012
-0.270
-0.964
-0.051
-0.259
-1.254
-0.122
-1.779
-0.472
-0.504
-0.200
-0.934
-2.380
-0.118
0.065
-0.022
-0.144
-0.418
-1.247
-0.442
-1.405
-0.570
-3.484
-1.298
-0.226
-0.296
-0.388
-0.954
-0.215
-0.270
-1.307
-1.974
-0.728
-1.497
0.120
-0.126
-0.070
-0.049
-0.153
0.072
0.479
0.028
-0.186
-0.175
-0.261
-0.131
-0.629
-0.059
-0.340
-0.352
-0.557
-0.557
-1.773
-1.115
-0.851
-0.097
0.673
0.278
-0.241
-1.877
0.008
0.146
-0.156
-0.143
0.013
-0.206
-1.233
-0.766
-1.065
-1.060
-0.479
-1.012
-2.926
-0.820
-0.862
-0.090
-0.586
-0.563
-2.375
-0.064
-0.288
-0.004
-0.184
-0.575
-0.428
-0.408
-0.053
-0.350
0.113
-0.005
-0.147
-0.158
-0.664
-0.387
-0.144
-0.473
-1.075
0.064
0.037
-0.592
-0.009
-2.451
-0.760
-0.073
-3.789
-0.366
-0.848
-0.634
-0.986
0.142
-0.070
-0.070
-0.400
0.411
0.704
-0.058
-0.068
-0.025
-0.070
-0.070
-1.849
-1.829
-0.182
-0.042
-0.037
-0.470
-0.070
-0.158
-1.257
-0.428
-0.111
0.180
-0.259
-1.003
-0.241
-1.758
-0.746
-0.052
-1.109
-1.038
-0.125
-0.786
-0.522
-1.689
-0.887
-1.086
-3.138
-0.620
-0.016
-1.165
-0.845
0.340
-0.070
-0.508
1.509
0.727
-0.729
-1.079
-0.853
0.268
0.509
-1.277
-0.318
0.037
-1.156
0.458
1.069
-0.070
-0.182
-0.303
-0.659
-0.021
0.277
-0.636
-0.679
-0.018
0.136
0.113
0.515
-0.307
-0.142
-0.625
-0.710
-0.959
-0.204
0.056
0.218
1.515
-2.239
0.582
-0.046
-0.070
