0.016
-0.121
0.166
-0.037
-0.465
-0.384
-0.085
-0.027
-0.566
-0.076
-0.077
-1.152
-0.207
-0.173
0.341
0.063
0.433
0.276
0.268
0.351
-0.664
1.949
0.295
-0.132
0.219
-0.042
0.028
-0.239
-0.283
0.166
-0.273
0.010
-0.020
-0.050
0.623
-2.097
-1.541
-1.753
-0.306
-1.463
-1.675
-3.272
0.068
0.161
-0.013
-0.236
-0.540
-0.042
-2.188
-1.513
-2.035
-1.517
-2.069
-2.893
-1.580
-1.263
-0.881
-0.150
-0.749
-3.391
-0.934
-1.239
-0.969
-1.355
-1.020
-2.719
-1.369
-0.245
-0.110
0.159
-0.666
-0.120
-0.024
-0.512
0.354
0.118
0.225
0.627
-2.987
0.058
0.428
-1.545
0.052
-0.338
0.050
-0.189
-1.380
-1.742
-0.487
0.431
0.850
-0.208
0.074
-0.567
-0.479
0.161
-0.040
0.038
-1.301
-0.589
-0.037
-0.037
-0.493
-0.707
0.041
0.216
0.069
0.075
0.069
0.062
0.057
0.024
0.094
0.133
0.075
0.022
0.061
-0.447
0.100
0.277
0.094
0.182
0.055
0.177
0.155
-0.854
-0.005
0.561
0.355
-0.125
0.007
-0.520
-0.479
0.035
0.765
-0.576
-0.701
-0.315
0.723
-1.019
-0.615
0.121
0.339
0.002
-0.059
0.197
-0.162
-0.853
-0.994
-1.435
-0.576
0.185
-0.732
-1.681
-1.861
-2.905
-3.005
-2.154
-2.488
0.536
-1.014
-2.042
-1.124
0.177
-0.011
-0.003
-1.001
-1.070
-0.085
-0.696
-2.546
0.145
0.295
-0.093
-0.202
-2.111
-1.509
-0.414
-1.846
-0.624
0.104
-1.822
0.188
-0.392
-0.550
-0.592
-0.056
0.263
0.138
0.091
-0.040
-0.017
0.356
1.198
-0.852
0.258
-0.735
-0.357
-0.182
-0.776
-0.518
-0.291
0.239
-0.177
-0.090
0.160
-2.004
-1.950
-1.193
-0.116
-0.523
-0.097
1.599
-0.094
-0.385
1.387
0.486
0.096
-2.204
-1.938
-1.046
-2.496
-0.246
-1.387
-0.846
-0.653
-0.642
-0.281
-0.894
-0.742
-0.164
-1.589
-0.986
-1.220
-3.122
0.299
0.417
-0.815
0.063
-0.530
-0.045
-0.297
0.431
0.135
-2.400
0.095
-0.162
-0.000
-0.362
-1.031
0.504
-1.266
-0.247
0.032
-1.306
-0.631
-1.596
-0.107
-0.164
-0.988
-0.868
0.070
-1.033
-0.807
1.093
-0.339
0.073
0.095
0.275
-0.645
0.173
0.161
0.127
0.212
-0.447
0.177
-0.893
-0.503
0.162
0.527
-0.111
-0.320
0.148
-1.173
-0.725
-0.067
-0.248
-0.074
0.177
-0.417
-1.004
0.338
-0.046
0.296
-0.075
-0.062
0.108
0.513
-2.247
-0.302
-0.023
-0.488
-0.286
-0.635
-0.018
-0.048
0.999
1.375
0.898
0.211
-0.106
1.013
-0.586
0.043
-0.408
-1.671
-1.494
0.471
-0.254
-0.150
-0.288
-0.167
-0.127
0.003
-0.329
-0.149
-0.317
0.087
0.196
-1.617
-1.119
-0.159
-0.031
-0.477
-0.242
-0.689
-0.293
-0.209
-0.010
0.177
-1.024
-1.624
0.166
-0.354
-0.875
-0.047
-0.262
0.164
0.026
-3.132
-0.750
-1.017
-0.925
-1.067
-0.381
0.075
-1.228
-1.317
-0.724
-0.613
-0.494
-0.055
-0.524
-1.846
-1.026
-0.591
-2.337
0.004
-2.711
0.315
-1.588
-0.895
-1.368
-0.765
-1.288
0.321
0.019
-0.219
-0.111
0.294
-0.394
0.379
1.169
-0.519
-0.924
0.087
0.247
0.185
-0.796
-0.406
0.565
-0.018
0.280
0.064
-0.006
-0.368
0.137
-0.780
0.156
-1.087
-1.240
0.925
-0.606
-1.375
0.207
-0.367
-0.525
-2.348
-2.258
-0.121
-0.275
-0.053
-0.549
-0.343
-0.319
-0.085
-0.092
-0.515
0.366
-1.246
-0.352
-0.473
0.300
-0.934
-0.970
-0.601
-0.047
-0.094
-0.248
-0.094
-0.017
0.346
0.285
-0.873
-0.147
-1.498
-1.134
0.102
0.170
1.346
0.454
0.193
0.209
0.654
-0.040
0.751
0.767
1.210
0.793
0.140
0.103
0.561
0.221
0.103
-1.018
0.018
-1.437
0.764
0.215
-0.699
0.455
0.040
-1.310
0.065
-0.539
-0.031
-0.122
-0.333
-0.130
-0.259
-0.349
0.331
0.064
-1.519
-0.140
-1.637
-0.244
0.307
0.169
-0.679
-2.038
0.130
0.268
-0.361
0.121
-0.007
-1.439
-0.511
-1.278
-0.419
-2.430
-0.904
-0.243
-0.361
-0.494
-1.639
-0.106
-0.243
-0.671
-1.698
-0.952
-1.360
0.040
0.059
0.310
-0.038
-0.010
0.118
0.178
-0.083
-0.182
-0.027
-0.245
-0.026
-0.342
-0.058
-0.051
-0.403
-0.202
-0.299
-2.121
-1.164
-0.481
-0.064
0.817
0.122
0.314
-0.343
-0.267
0.099
-0.156
-0.169
-0.045
-0.312
-0.622
-0.248
-1.055
-1.050
-0.303
-0.623
-2.596
-0.923
-1.324
-0.262
-0.401
-0.103
-1.574
-0.343
-0.113
0.016
-0.114
-0.460
-0.395
-0.139
0.186
-0.179
0.201
-0.278
0.046
-0.095
-0.313
-0.284
0.052
-0.380
-0.907
-0.319
-0.080
-0.692
0.297
-1.771
-0.853
0.148
-0.144
-0.130
-0.988
0.051
-1.116
0.162
-0.220
0.102
-0.242
0.292
0.177
-0.110
0.325
0.156
-0.074
-0.073
-0.880
-1.033
0.097
-0.174
-0.111
-0.472
-0.110
-0.365
-0.692
-0.207
-0.572
0.134
-0.496
-0.370
-0.157
-1.502
-0.446
-0.246
-1.306
-0.827
-0.613
-1.517
-0.712
-1.237
-0.600
-0.436
-3.136
-0.780
0.030
-0.658
-0.802
0.349
0.201
-0.112
1.196
0.091
-1.028
-0.456
-0.804
-0.082
0.491
-0.671
-0.269
0.946
0.043
0.361
0.465
0.374
-1.401
-0.454
0.119
0.262
0.198
-0.639
-0.446
0.078
0.069
0.264
0.987
-0.470
0.153
-0.426
-0.804
-0.441
-0.118
0.027
0.495
1.614
-0.983
0.178
0.247
0.416
