0.682
0.320
0.218
0.358
0.029
0.305
0.129
-0.057
0.183
0.113
0.159
0.607
0.223
0.457
-0.660
-0.195
-0.612
-0.321
0.054
-0.023
0.238
-1.976
-0.281
0.088
0.052
-0.096
0.321
-0.237
0.393
0.006
0.267
0.019
-0.192
0.043
-0.150
2.919
1.530
2.152
0.494
1.586
1.416
3.003
0.036
-0.176
0.159
-0.350
0.143
0.272
1.790
1.772
2.048
1.270
2.162
2.773
2.211
1.127
1.287
-0.264
0.058
3.183
0.488
0.810
1.235
1.828
1.457
1.685
1.250
0.499
0.247
-0.063
1.306
0.028
0.117
0.929
0.672
1.372
0.180
-0.698
3.704
0.006
-0.620
1.800
0.212
0.290
-0.248
-0.234
0.355
2.547
0.647
0.123
-1.044
0.305
-0.011
0.233
0.321
-0.007
0.032
0.072
1.674
0.173
0.108
-0.183
0.716
0.831
0.109
-0.234
0.026
0.078
0.060
0.003
-0.350
0.040
-0.207
0.013
-0.089
-0.034
0.022
-0.018
0.065
-0.376
0.068
0.045
0.018
-0.211
-0.030
1.726
-0.163
-0.821
-0.033
0.234
0.120
0.322
0.977
0.076
-0.580
0.500
0.075
0.731
-1.087
0.183
0.174
-1.979
-1.046
0.094
-0.150
-0.103
0.250
0.319
1.208
0.939
0.471
0.043
1.101
1.189
1.446
2.394
1.698
3.002
1.343
-0.101
0.250
2.080
1.343
0.170
-0.099
0.039
1.415
0.989
0.256
0.615
2.884
0.378
0.043
-0.528
0.718
1.283
1.452
0.383
1.147
0.291
0.156
0.954
-0.055
0.970
0.208
0.917
0.350
-1.118
-0.487
0.024
0.003
0.625
-0.028
1.748
1.306
-0.234
0.198
0.097
1.190
0.200
0.584
0.345
0.006
0.484
-0.038
0.222
3.118
1.746
0.482
-0.178
1.435
0.040
-1.738
0.076
0.320
-0.014
-1.158
-0.016
1.815
1.779
0.908
1.814
1.064
1.282
0.878
0.809
0.544
0.501
0.985
0.842
0.424
1.491
1.143
1.507
3.736
-0.497
-0.422
1.475
0.108
0.849
0.142
1.616
-0.217
-0.244
3.095
-0.223
0.446
0.193
1.205
1.925
-0.757
0.407
0.144
0.322
0.570
0.273
0.490
0.044
0.192
0.227
0.553
0.521
0.203
0.948
-1.000
0.078
-0.191
0.605
0.040
0.151
-0.082
0.534
0.085
-0.001
0.645
0.040
-0.506
0.617
2.447
-0.196
0.051
0.308
1.348
1.178
0.849
0.343
0.500
-0.222
-0.280
0.596
1.866
-0.462
0.196
0.014
0.060
-0.061
-0.108
-0.414
2.206
-0.814
-0.083
0.998
-0.036
0.516
0.052
0.684
-0.851
-2.106
-1.227
-0.512
0.075
-1.206
0.171
-0.277
0.825
2.097
0.488
-0.427
-0.091
0.200
0.015
0.053
0.167
0.013
0.855
0.039
0.535
-0.015
0.144
1.114
0.389
-0.117
0.045
0.267
0.167
1.020
0.346
0.002
0.051
0.102
0.436
0.472
-0.312
0.463
0.362
0.015
0.835
-0.126
0.048
2.853
1.022
0.731
1.480
1.641
0.731
0.122
0.943
2.199
0.575
0.146
0.513
0.027
0.482
0.538
1.224
0.102
1.367
0.096
2.684
-0.297
0.906
0.656
1.550
0.105
1.381
0.041
0.129
0.098
0.499
-0.734
0.432
-0.195
-0.426
0.500
0.169
0.404
0.190
0.525
0.546
0.650
-0.603
0.342
0.061
0.493
0.035
0.582
0.315
1.179
0.019
2.434
0.304
0.276
0.197
0.267
0.574
0.605
0.087
1.240
1.805
-0.036
0.380
0.150
0.684
0.233
0.238
-0.066
0.087
0.849
-0.042
0.976
0.135
0.739
-0.407
0.258
0.279
0.140
0.208
-0.014
0.172
-0.694
0.201
-0.238
0.005
1.623
0.224
0.735
0.284
0.639
0.023
-0.901
-0.583
-0.172
-0.338
-0.573
-0.013
-0.177
-0.265
-0.233
-0.208
-0.077
0.016
-0.193
-0.137
0.041
-0.039
-0.001
1.642
-0.868
-0.322
0.636
-0.224
0.265
0.905
-0.443
0.967
0.196
0.070
-0.836
-0.057
0.137
0.759
-0.145
0.329
1.261
0.323
2.054
1.750
0.615
0.441
0.098
0.909
0.147
-0.059
0.097
-0.116
-0.644
1.899
1.103
1.506
0.348
2.307
0.496
0.547
0.431
0.055
0.805
0.186
0.307
0.709
1.485
0.608
1.111
0.076
0.014
0.056
0.067
-0.116
-0.067
-1.036
0.415
0.199
0.130
0.013
0.696
0.465
0.094
0.449
0.688
0.281
0.433
1.675
1.531
0.980
0.197
-0.096
-0.271
0.283
0.842
0.156
-0.066
-0.149
-0.098
-0.208
0.434
0.847
0.164
0.878
0.304
0.739
0.663
1.891
0.366
1.157
0.016
0.353
-0.584
0.638
-0.029
0.016
-0.406
0.187
0.426
0.199
0.406
0.314
0.191
-0.004
0.230
0.075
0.028
0.763
0.148
0.282
0.197
0.193
0.107
-0.122
0.500
-0.316
1.174
1.131
0.040
0.114
3.219
1.226
0.146
2.319
0.159
0.264
-0.038
0.107
-0.121
-0.361
0.073
0.025
0.007
-0.018
-0.094
0.963
0.253
-0.183
-0.050
0.317
0.308
-0.019
0.453
-0.133
0.159
0.080
0.046
0.473
0.490
0.082
1.941
0.848
0.162
1.180
0.149
-0.149
0.934
0.400
0.456
0.243
0.318
1.746
0.648
-0.736
0.210
0.224
-0.196
0.281
0.118
0.025
-0.078
0.092
0.097
0.645
-0.063
0.329
1.101
0.466
-0.742
0.230
-0.236
0.051
-0.627
0.295
0.059
0.361
0.086
-0.556
0.065
0.894
0.035
-0.091
-0.424
-0.506
0.703
0.407
0.726
0.300
0.548
-0.055
-0.188
-0.593
-1.595
1.569
-0.277
-0.260
0.216
