0.657
-0.545
0.601
0.119
-0.085
0.050
0.295
-0.123
-0.199
-0.446
-0.631
-0.256
-1.193
-2.509
-0.343
2.529
0.149
2.588
-0.018
-0.605
-0.205
0.353
-0.509
-0.213
0.186
0.244
-0.779
-0.378
-0.012
-0.106
0.249
-0.162
-0.352
0.052
0.109
-2.833
-1.247
-2.394
-0.444
-1.273
-1.867
-3.253
-0.139
-0.292
-0.137
-0.254
-0.663
-0.370
-1.617
-1.436
-1.222
-1.426
-2.694
-3.038
-1.810
-1.223
-1.717
0.118
-0.396
-3.078
-1.041
-1.271
-2.201
-2.417
-1.034
-0.750
-0.703
-0.978
-0.438
-1.043
-1.945
-0.026
-1.586
-0.126
-1.123
-0.911
-0.692
0.594
-1.214
0.105
2.856
-0.290
-0.074
-0.628
0.364
-0.010
-0.123
-0.999
0.442
-0.218
0.316
-0.559
-0.042
-0.222
-0.843
0.763
0.421
0.068
-0.205
-0.640
-0.159
-0.316
0.187
-0.403
-0.294
0.995
0.041
0.094
-0.070
1.224
-0.026
-0.109
0.451
-0.024
-0.060
-0.092
0.031
0.501
-0.105
-0.062
0.177
-0.073
-0.002
1.307
1.138
-0.511
0.320
1.347
0.704
-0.035
-0.076
1.143
0.129
-0.072
0.857
-0.970
-0.635
-0.195
1.571
-0.040
-0.183
0.744
-0.044
0.066
-0.373
-0.796
-0.366
0.306
-0.196
-1.882
0.945
0.703
-0.265
-1.453
-1.062
-3.762
-3.352
-1.480
-3.218
-0.015
-1.319
-1.680
-0.460
-0.343
0.155
0.016
-1.571
-1.977
-0.104
-0.439
-0.110
0.430
0.431
0.723
0.194
-1.336
-0.975
-0.567
-1.542
-0.990
-0.075
-1.194
-0.153
-0.473
-0.260
-0.317
-0.193
-0.191
0.254
-1.447
-0.054
0.235
-0.166
-0.447
-1.567
1.449
-0.634
-0.155
-0.217
-0.261
-0.632
-0.123
0.121
0.014
-0.096
-0.208
-2.655
-2.840
-2.556
0.159
1.106
0.104
2.453
-0.400
-0.839
0.821
0.026
-0.154
-3.029
-1.690
-3.272
-0.901
-0.206
-0.995
-0.747
-1.958
-1.761
-1.039
-1.370
-0.775
-0.254
-2.382
-2.042
-3.212
-3.437
-0.261
1.180
-0.959
-0.764
-0.805
-0.817
-0.647
-0.146
0.026
-1.432
-0.273
0.019
-0.556
-1.214
-0.568
-0.874
-0.405
-0.741
-0.494
-1.111
-0.713
-1.885
-0.383
0.595
-0.877
-1.824
-0.347
-0.798
-1.187
1.361
-1.261
0.028
0.353
0.667
0.334
-0.084
-0.606
-0.096
-0.409
-1.088
-0.044
-0.557
0.236
-0.583
-1.162
-0.192
-0.221
-0.832
-1.051
0.023
0.003
0.456
-0.102
0.117
-0.342
-0.331
0.121
-0.105
-0.364
0.129
0.046
-0.286
-0.088
-1.397
0.344
0.555
-0.895
-0.568
-1.062
0.305
0.610
1.149
0.969
1.883
-0.330
0.458
0.105
-0.562
0.546
-0.112
-1.656
-2.494
0.521
0.151
1.030
-0.100
-0.060
-0.045
-0.223
-0.863
-0.461
-0.375
0.019
-0.108
-0.946
-0.346
-0.069
0.210
-1.066
-0.512
-0.546
-0.149
-0.233
0.056
-0.120
-0.304
-0.303
0.121
-0.963
-1.117
-0.472
-0.232
0.058
-0.031
-3.138
-2.302
-0.942
-2.374
-1.383
-0.533
0.252
-1.840
-2.486
-1.299
-0.602
0.494
-0.084
0.552
-0.520
-0.039
-0.894
-1.109
0.437
-1.856
-0.602
-1.179
-0.747
-0.766
0.046
-1.003
-0.123
-0.113
0.269
0.152
-1.572
0.211
0.287
0.527
0.180
0.103
-0.130
0.025
0.322
-0.458
-0.290
0.499
0.916
0.313
-0.015
0.646
-0.706
-0.190
-2.094
1.148
-2.095
-2.220
-1.482
-1.174
-0.824
-1.422
-1.225
-0.712
-1.480
-1.320
0.967
0.217
-0.210
-0.304
-0.560
-0.123
0.105
-0.190
-0.477
-0.084
-1.157
-0.261
-0.585
-0.110
-0.005
-0.021
-1.348
-0.147
-0.095
-0.795
-0.039
0.022
-0.710
-0.156
-0.358
-0.039
-1.011
-0.809
-0.503
-0.044
0.855
0.651
0.652
1.151
0.654
0.089
0.514
0.249
1.322
2.608
-0.253
-0.730
0.227
1.033
-0.167
-0.431
0.083
-1.960
0.077
0.619
-0.986
-0.098
0.401
0.471
0.054
-0.509
0.609
-0.347
-0.393
0.152
-0.170
-0.128
-0.207
0.222
-2.745
-0.397
-1.404
-0.609
-0.735
-0.150
0.098
-1.109
0.131
0.958
0.056
0.995
-0.815
-1.278
-0.176
-1.131
-0.426
-2.158
-1.418
-0.382
-0.224
-0.119
-0.533
-0.218
-1.841
-0.318
-1.821
-1.084
-2.693
0.195
-0.332
1.104
-0.059
-0.123
-0.136
-0.123
-0.362
-0.561
-0.153
-0.033
-0.110
0.094
-0.747
-1.009
-0.138
-0.577
-0.123
-1.549
-1.401
-1.031
-0.266
0.679
-0.103
-0.344
-0.690
0.073
0.485
-0.440
-0.382
-0.114
0.004
-0.466
-0.093
-1.794
-0.291
-1.583
-0.123
-2.816
-1.887
-0.655
0.037
0.260
-0.865
-0.701
-0.137
0.022
0.045
-0.179
-0.809
-0.355
-0.559
-0.134
-0.693
0.082
0.405
-0.260
-0.023
-0.161
-0.467
-0.171
-0.334
-1.719
0.157
-0.116
-1.233
0.280
-2.116
-0.866
-1.275
-0.206
1.304
0.074
-0.446
-0.350
0.671
-0.331
-0.169
-0.191
-0.203
-0.061
-0.195
0.115
0.417
-0.059
0.403
-0.327
0.049
-0.255
-0.449
-0.587
-0.252
0.363
-0.248
0.461
0.268
-0.183
-0.082
-0.123
-0.175
-0.123
-1.937
-0.436
-1.063
-2.511
-1.413
-1.061
-0.318
-0.329
-1.720
-0.801
-0.891
-1.770
-0.821
-0.448
0.353
-0.147
1.577
-0.233
-0.096
0.725
-0.067
-0.422
0.547
-1.335
-0.043
-0.245
-1.262
-0.612
0.739
-1.211
0.883
0.359
0.535
-0.030
-0.607
0.604
0.456
0.344
-0.008
-1.617
-0.018
-0.287
0.446
0.894
-0.324
-0.343
-1.376
-0.952
-1.493
0.190
0.112
-0.065
1.773
-0.648
1.476
1.266
0.596
