-0.346
-0.216
0.064
-0.258
-0.139
0.005
-0.208
-0.033
1.422
-0.044
-0.062
0.001
0.165
-0.209
0.227
-0.154
-0.262
-0.242
-0.427
0.175
0.094
-0.732
0.502
-0.074
-0.218
0.111
0.168
0.072
-0.078
-0.167
-0.238
-0.068
-0.522
-0.135
-0.275
1.865
2.256
3.028
0.390
1.972
3.365
4.602
-0.068
-0.345
0.143
-0.310
0.029
-0.181
4.683
1.532
1.878
1.703
2.886
3.591
3.684
2.770
1.886
-0.120
0.570
4.803
1.317
2.037
1.226
1.431
2.019
1.773
2.040
1.561
0.298
0.027
0.927
0.258
0.126
0.324
-0.216
1.784
-1.415
-1.630
4.828
-0.450
-0.184
1.663
0.066
0.796
-0.304
-0.695
1.091
3.743
0.366
-0.503
-0.216
1.600
-0.076
0.771
0.545
-0.328
-0.164
0.035
2.131
1.064
-0.235
-0.109
-0.182
0.110
0.478
-0.633
-0.009
-0.162
-0.173
-0.313
-0.226
0.105
-0.588
-0.190
-0.321
-0.455
0.107
-0.522
-0.156
-0.291
-0.064
-0.073
-0.316
-0.732
-0.314
0.981
-0.684
-1.979
-0.188
-0.359
-0.210
-0.347
-0.446
-0.023
-1.093
0.283
-0.428
-0.078
-0.447
0.512
0.017
-1.696
-1.384
0.426
-0.929
1.522
0.013
2.131
0.631
2.568
0.674
-0.097
1.319
3.920
0.307
1.817
2.539
2.523
0.619
-2.047
0.014
2.476
1.832
-0.216
-0.345
-0.026
0.433
1.510
0.023
-0.010
0.535
-0.225
-1.339
-0.322
0.673
1.641
2.722
0.591
0.558
1.578
0.040
2.184
-0.309
0.681
0.365
0.843
0.603
-1.922
-0.245
0.045
0.016
-0.157
-0.216
2.327
2.385
-0.246
0.505
-0.015
0.655
0.327
0.298
0.178
-2.873
0.112
0.264
0.160
4.226
2.060
1.799
0.158
0.057
0.040
-2.110
0.397
0.053
-1.441
-0.429
-0.316
2.390
1.592
1.534
3.546
0.460
1.523
0.336
0.468
0.192
0.678
1.469
0.613
-0.216
1.901
1.284
2.241
4.367
-1.088
-0.899
0.994
-0.162
0.172
0.242
1.439
0.797
-0.249
3.247
-0.056
0.837
0.345
0.651
2.637
-0.310
1.906
0.937
-0.260
0.679
0.182
1.896
-0.035
0.331
0.725
0.456
0.751
-0.334
-0.119
-2.065
0.103
-0.247
0.285
-0.369
0.228
-0.112
0.116
-0.024
-0.678
1.728
-0.196
-1.970
-0.061
0.543
-0.421
-0.911
0.182
1.257
1.583
0.618
-0.232
-0.051
0.260
-0.221
-0.154
3.341
-0.249
0.248
-0.225
0.087
-0.205
0.730
-0.320
2.683
-0.267
-0.177
1.055
-0.216
0.878
0.014
0.926
-0.716
-1.138
-1.581
0.353
-0.739
-0.586
0.748
0.275
-1.237
0.924
0.360
-0.354
-0.228
0.110
0.083
0.117
0.360
-0.123
0.499
0.036
1.039
-0.216
0.011
2.490
2.066
0.660
0.614
-0.055
-0.168
1.373
0.883
0.900
-0.068
-0.251
1.222
1.903
-0.661
0.263
0.535
0.466
-0.252
-0.778
-0.103
3.021
1.833
0.531
2.364
2.070
1.837
-0.041
1.182
2.013
1.285
-0.246
0.054
0.223
0.537
0.467
0.329
-0.078
2.640
-0.216
1.791
-1.098
0.231
-0.216
1.401
0.117
1.553
-0.336
0.353
0.952
0.973
-0.773
0.029
-1.200
-1.723
-0.050
0.054
0.029
0.304
-0.216
0.340
0.027
0.228
0.609
-0.388
0.335
0.179
0.842
-0.276
0.268
-0.202
0.667
1.337
0.891
0.268
1.115
1.108
0.255
1.340
2.491
4.211
-0.043
0.466
-0.036
0.209
0.375
0.367
-0.699
0.739
2.123
0.017
1.617
1.355
0.421
-0.080
-0.081
-0.598
0.099
0.229
-0.074
-0.324
-1.611
0.105
-0.222
-0.398
0.131
-0.216
1.157
0.930
0.877
-0.455
-0.641
-0.605
0.200
-0.275
-0.381
0.066
-0.844
-1.011
-1.600
-0.474
-2.411
-0.622
-0.711
-0.254
-0.174
0.816
-0.875
0.648
-0.490
-0.245
1.091
-0.739
-0.244
1.435
-0.653
-0.544
-0.288
0.261
0.018
0.171
1.148
0.923
-0.236
0.386
1.587
-0.208
2.176
1.074
0.989
0.403
0.975
1.221
0.306
-0.202
0.010
0.655
0.647
0.598
0.946
2.829
0.639
3.384
0.814
0.008
1.354
-0.268
0.343
0.872
0.076
1.872
0.133
0.323
3.116
0.206
0.003
0.019
-0.226
-0.097
0.174
-0.731
0.458
0.614
-0.065
0.299
-0.366
0.613
-0.220
0.760
0.505
0.396
0.574
0.975
3.784
0.885
-0.114
-0.262
0.156
0.160
0.288
0.023
-1.528
-0.039
-0.168
-0.221
-0.005
1.123
0.100
1.411
0.997
0.387
1.606
3.111
1.184
0.312
-0.165
-1.239
0.888
0.743
0.345
-0.110
0.028
0.256
1.239
1.468
0.762
0.956
-0.054
0.175
0.536
-0.075
-0.266
0.858
0.944
0.211
0.769
0.077
1.620
0.386
1.243
0.216
2.923
0.279
0.411
-0.010
-1.067
0.467
0.008
-0.101
-0.169
0.001
-0.176
0.115
-0.193
-0.387
0.016
0.142
-0.019
-0.016
-0.084
-0.379
-0.101
-0.056
0.040
0.246
-0.112
0.165
0.306
0.330
-0.009
0.087
-0.158
0.894
-0.179
0.053
2.109
1.036
0.766
1.398
0.156
-0.034
0.541
0.243
0.669
1.012
0.757
3.658
0.836
-0.301
-0.643
0.634
-0.261
0.213
0.407
-0.695
-0.246
-0.439
0.783
0.896
-0.776
0.598
1.036
0.555
-0.318
-0.265
-0.985
-1.311
-0.692
1.171
-0.798
0.605
-0.714
-0.304
0.872
0.595
-0.068
0.204
-0.284
-0.615
0.622
0.544
0.871
0.812
0.620
0.007
-0.219
0.084
-1.825
1.554
-0.423
-0.748
-0.216
