0.554
0.410
-0.105
0.760
-0.110
-0.095
-0.056
0.625
0.471
1.490
0.859
0.031
0.006
0.766
0.104
-0.105
-0.745
-0.145
-0.105
-0.022
1.624
-0.384
-0.414
-0.105
-0.073
0.183
-0.105
-0.048
0.080
-0.053
-0.025
-0.105
1.005
-0.105
0.007
2.789
2.458
4.190
1.102
2.675
2.352
4.338
-0.105
-0.105
0.678
-0.105
0.271
0.049
2.049
2.749
1.993
0.935
3.941
3.339
3.007
1.680
2.528
0.056
0.760
3.729
1.491
1.871
0.929
1.453
1.986
2.528
2.003
1.325
-0.081
0.116
2.097
-0.210
0.960
-0.044
0.911
3.038
0.588
-1.090
2.501
0.533
-0.560
0.511
1.382
-0.024
-0.968
0.161
1.362
2.208
0.238
0.656
-0.122
0.109
0.035
0.315
0.675
0.073
-0.151
-0.052
0.907
0.129
-0.024
0.001
0.973
1.225
0.637
-0.105
-0.105
-0.117
-0.158
-0.698
-0.105
-0.022
-0.159
-0.105
-0.125
-0.105
-0.075
-0.105
-0.206
-0.105
-0.105
-0.105
-0.105
-0.198
-0.537
1.918
-0.032
-1.240
-0.683
-0.013
-0.103
0.121
0.324
-0.019
-1.206
-0.531
-0.105
1.359
-2.091
0.311
0.171
-1.708
-1.344
1.345
-0.007
-0.007
0.942
0.139
-0.007
1.408
-0.005
-0.260
0.863
2.377
2.146
3.747
2.888
1.708
3.089
0.007
0.040
1.029
2.164
-0.092
-0.115
0.261
3.647
0.494
-0.086
0.439
1.412
-0.096
-0.064
-0.105
0.469
2.169
2.558
0.295
1.516
0.915
-0.087
3.174
-0.105
0.950
0.566
0.438
-0.104
-0.170
-0.105
0.473
0.543
0.769
-0.134
2.802
1.626
-0.560
0.788
1.102
-0.068
-0.173
0.557
0.555
-0.407
0.605
0.229
-0.051
3.006
2.583
0.851
-0.253
-0.523
-0.156
-1.805
0.017
0.411
-0.422
-0.458
-0.150
1.733
2.358
1.379
3.042
0.164
2.403
1.968
2.002
1.154
0.983
1.591
1.687
0.366
2.237
2.012
2.684
4.225
0.182
-0.997
0.052
0.415
1.127
0.008
1.022
0.427
0.128
2.632
0.602
-0.105
-0.109
3.126
0.330
-0.105
0.671
-0.057
0.185
0.808
0.460
1.406
0.337
0.439
1.267
1.334
0.221
1.151
0.992
-0.466
-0.004
-0.624
1.524
-0.105
0.325
-0.105
0.597
-0.032
-0.227
1.003
0.196
0.374
0.119
0.046
0.249
-0.181
0.425
1.150
1.257
0.696
0.020
0.480
0.171
-0.105
0.146
1.264
-0.183
-0.225
-0.034
-0.120
-0.319
0.198
0.128
3.767
-0.205
1.808
0.353
0.124
0.586
-0.049
0.181
-0.241
-2.282
-0.115
-0.246
0.470
-0.157
0.162
0.068
0.683
0.751
1.049
-0.195
0.050
-0.172
0.825
0.082
0.180
0.352
0.641
-0.105
1.172
0.201
-0.047
0.743
0.392
0.115
0.455
0.496
-0.023
1.152
0.266
0.767
-0.195
-0.090
0.269
0.108
-0.137
0.168
1.439
-0.105
-0.158
-0.105
-0.105
3.991
1.654
1.595
1.601
1.728
0.704
0.066
2.241
2.106
0.045
-0.093
0.008
-0.105
0.268
0.324
1.711
0.160
0.216
-0.014
0.997
0.061
2.061
1.622
0.346
0.008
1.957
0.335
-0.105
-0.084
1.175
-1.064
-0.502
-0.197
-1.431
-0.405
-0.543
0.310
-0.048
0.620
0.035
0.149
-0.407
1.504
1.450
-0.601
0.416
0.589
-0.048
1.725
0.648
0.347
1.210
0.902
0.324
0.145
0.622
-0.323
-0.095
2.195
2.779
0.501
0.308
-0.105
0.717
1.236
0.246
-0.029
0.086
0.894
0.152
1.367
-0.075
0.357
0.125
0.393
0.921
0.738
0.111
-0.102
-0.105
-0.105
0.076
0.071
-0.105
0.557
0.011
0.808
0.818
-0.105
-0.063
-0.374
-0.105
-0.023
-0.155
-0.164
-0.105
-0.460
-1.514
-3.026
-1.790
-0.535
0.222
-0.358
-0.169
-0.210
-0.105
-0.173
1.088
-0.105
-0.105
0.038
-0.732
-0.085
0.963
-0.992
2.059
-0.126
-0.081
-0.877
-0.057
-0.087
-0.081
-0.105
-0.078
0.652
-0.105
1.941
-0.009
0.336
0.136
0.389
0.127
0.024
-0.105
0.148
-0.092
-0.105
3.767
0.682
2.534
0.863
2.464
1.618
0.793
0.193
-0.059
0.577
0.355
0.463
0.439
1.915
1.242
2.057
0.092
0.542
-0.104
0.029
0.015
0.670
0.035
-0.126
0.160
-0.076
0.066
1.729
0.179
0.494
0.196
-0.088
0.229
-0.054
0.561
1.301
1.962
-0.071
-0.219
0.360
0.886
0.478
0.383
0.052
-0.105
-0.105
-0.101
-0.105
2.121
0.841
1.587
0.748
1.011
2.151
4.000
0.367
0.509
-0.024
0.482
0.973
-0.061
-0.057
0.500
-0.112
0.112
0.514
0.098
0.048
0.385
0.602
-0.320
-0.105
-0.068
-0.105
0.122
0.030
-0.034
0.717
0.804
-0.079
0.332
1.007
-0.071
2.655
2.183
1.239
0.202
0.216
0.482
-0.052
0.763
-0.105
0.013
-0.105
-0.105
-0.105
-0.182
-0.105
-0.105
-0.105
-0.105
-0.009
2.493
1.140
-0.156
0.132
0.546
0.353
0.111
0.046
-0.178
-0.065
0.251
-0.153
-0.105
0.811
-0.105
2.413
1.415
-0.054
1.571
0.675
-0.039
1.303
0.345
1.391
0.628
1.329
3.294
0.785
0.025
-1.739
1.439
-0.105
-0.578
-0.068
-0.214
-0.435
0.377
-0.116
1.350
-0.105
0.420
0.573
0.629
-1.039
0.730
-0.134
-0.379
-0.890
-0.994
0.087
1.178
-0.039
-0.249
0.224
1.386
-0.134
-0.105
-0.136
-0.769
0.199
0.060
0.564
2.003
0.064
-0.008
-0.120
-0.105
-1.543
3.019
-0.207
0.360
0.353
