-0.190
-0.142
0.007
-0.105
-0.032
-0.257
-0.957
-0.336
-0.513
-0.160
-0.381
-0.519
-0.648
-0.165
-0.027
-0.016
0.089
0.628
-0.027
0.122
0.122
1.352
0.752
0.349
0.016
-0.497
-0.027
-0.027
-0.202
-0.096
-0.194
-0.526
-0.265
-0.086
-0.055
-3.317
-1.456
-3.023
-0.863
-2.443
-2.979
-5.050
0.026
-0.027
-0.166
0.211
-0.069
-0.027
-2.118
-2.080
-2.467
-1.104
-2.484
-2.944
-2.226
-1.345
-1.532
-0.096
-0.250
-4.535
-1.139
-1.459
-1.498
-2.956
-1.400
-2.511
-1.311
-0.961
0.204
0.059
-1.326
0.314
0.247
-0.664
-0.027
-0.021
-0.027
0.564
-3.749
0.265
0.305
-0.977
-0.065
-0.027
0.154
-0.856
-1.819
-2.586
-0.899
0.161
0.503
-0.504
0.420
-0.194
-0.759
-0.137
-0.112
0.369
-0.537
-0.115
-0.205
-0.027
-0.027
0.178
-0.256
0.164
-0.027
-0.031
-0.015
-0.009
-0.027
-0.026
-0.026
-0.013
-0.013
-0.013
-0.027
-0.081
-0.014
-0.027
-0.036
-0.027
-0.023
0.092
0.028
-1.279
-0.092
1.263
1.255
-0.027
0.073
0.124
-0.079
-0.027
1.361
-1.348
-0.105
-0.027
0.146
-0.410
-1.157
-0.027
1.116
0.033
-0.092
0.147
-0.064
-0.938
-0.627
-1.573
-0.918
-0.034
-1.148
-2.858
-2.059
-3.716
-3.076
-1.646
-2.793
-0.702
-1.198
-2.424
-0.534
0.027
0.157
-0.048
-1.019
-1.430
-0.066
-0.895
-1.437
0.740
-0.376
-0.080
-1.065
-2.235
-2.242
-0.751
-0.678
-1.305
0.025
-2.414
-0.027
-1.004
-0.794
-0.027
-0.027
0.471
-0.204
-0.125
-0.023
-0.662
-0.017
-1.237
1.183
-0.027
-1.238
-0.699
-0.569
-0.022
-1.019
-0.229
0.015
-0.082
-0.027
0.016
-3.653
-3.367
-0.704
-0.374
-1.275
-0.027
1.004
-0.471
-0.564
0.929
1.430
-0.027
-2.739
-3.050
-1.428
-3.346
-0.365
-1.820
-2.008
-1.288
-1.586
-1.051
-1.237
-1.979
-1.359
-2.172
-1.230
-1.532
-4.392
-0.006
0.725
-0.358
-0.027
-0.873
-0.588
-0.893
-0.206
-0.000
-2.507
-0.144
-1.546
-0.269
-1.558
-3.101
-0.050
-1.118
-0.323
-0.197
-1.053
-0.418
-2.649
0.279
0.122
-0.977
-1.369
-0.027
-1.317
-1.886
1.323
-0.453
0.840
-0.200
0.081
-0.857
-0.027
-0.165
-0.021
0.244
-1.422
-0.215
-1.690
-0.646
-0.891
-0.027
0.264
-0.824
-0.105
-1.189
-1.336
-0.027
-0.027
-0.027
-0.027
-0.368
-2.661
0.159
-0.163
0.108
0.152
0.491
-0.157
-0.179
-3.747
-0.210
-0.093
-1.566
-0.168
-1.848
0.182
-0.542
0.349
2.456
0.959
-0.327
0.115
0.932
-0.602
0.025
-1.289
-2.604
-0.683
0.616
-0.714
0.185
-0.278
-0.089
-0.337
-0.327
-0.355
-0.239
-0.749
-0.027
-0.055
-2.516
-2.010
-0.251
-0.332
-0.490
-0.049
-1.071
-0.522
-0.446
-0.027
-0.027
-0.529
-0.977
0.068
-0.835
-1.206
-0.557
-1.358
0.002
-0.006
-3.774
-1.621
-1.124
-1.256
-2.289
-1.116
-0.064
-1.749
-2.357
-0.824
-0.332
-0.615
-0.153
-0.027
-0.366
-0.807
-0.599
-3.414
-0.016
-2.336
-0.002
-1.881
-1.743
-0.579
-0.238
-1.505
-0.974
-0.603
-0.194
0.058
-0.219
-0.246
0.102
0.815
-1.344
-2.520
-0.056
-0.022
-0.104
-1.096
-2.390
0.007
0.135
-0.034
-0.029
-0.234
-0.488
-0.224
-1.002
-0.175
-2.034
-1.386
1.703
-0.951
-1.176
-0.027
-0.129
-0.406
-1.818
-2.679
-0.015
-0.725
-0.299
-0.050
-0.127
-0.244
-0.080
-0.428
-0.854
1.044
-1.579
-0.513
-1.181
-0.082
-1.326
-0.125
-1.767
-0.108
0.212
-0.185
0.791
0.012
-0.027
0.307
-0.149
0.520
-2.316
-1.853
-0.027
0.014
1.245
0.341
0.014
0.265
0.423
0.285
1.154
1.181
0.781
0.278
-0.027
-0.027
1.476
0.143
0.105
-1.134
-0.053
-1.946
0.484
0.229
-1.385
0.369
-0.290
-2.119
0.039
-0.893
-0.144
-0.504
-0.369
-0.339
-0.434
-0.956
0.038
0.027
-2.624
-0.555
-3.259
-1.316
-0.394
-0.027
-1.992
-3.313
0.115
0.252
0.483
0.891
0.019
-2.411
-0.258
-2.008
-0.685
-3.851
-1.555
-0.592
-0.103
-0.214
-1.369
-0.341
-0.323
-0.712
-2.096
-1.147
-2.005
-0.021
0.087
0.137
-0.284
0.013
-0.071
-0.093
-0.421
-0.130
0.021
-0.127
-0.182
-0.007
-0.153
-1.019
-0.039
-0.631
-0.387
-1.292
-1.495
-0.602
0.088
1.198
0.007
-0.144
-0.171
-0.027
-1.667
-0.400
-0.462
-0.238
-0.103
-1.476
-0.400
-1.462
-0.912
-0.774
-1.165
-3.624
-1.799
-0.977
-0.024
-0.320
-0.329
-1.278
-0.479
-0.155
-0.316
-0.027
-1.128
-0.027
-0.428
-0.140
-0.199
-0.000
-0.580
-0.027
-0.027
-0.743
-0.186
-0.105
-0.929
-0.616
-0.183
0.558
-1.429
-0.027
-4.722
-1.505
-1.475
0.160
-0.304
-1.517
0.041
-1.902
0.048
-0.027
-0.016
-0.130
0.359
0.051
-0.033
-0.027
-0.027
-0.027
-0.027
-1.469
-2.155
-0.140
-0.020
-0.027
-0.037
-0.591
-0.030
-0.831
-0.445
-0.137
-0.049
-0.912
-0.629
-0.032
-2.142
-0.877
-0.677
-1.508
-0.839
0.215
-0.906
-0.231
-1.265
-1.073
-1.226
-3.471
-1.768
-0.064
-2.958
-1.367
0.373
-0.562
-0.164
0.243
0.548
-1.266
-0.626
-1.118
-0.027
0.482
-0.943
-0.251
-0.027
-0.811
0.431
0.652
0.083
-0.838
-0.999
-0.825
0.024
-0.027
-0.461
-0.770
0.075
-0.027
0.161
0.027
-1.394
-0.121
-0.445
-0.490
-0.083
-0.135
0.526
0.032
1.383
-2.212
-0.085
-0.390
0.068
