0.588
0.145
-0.058
-0.233
-0.324
0.264
0.288
0.051
0.121
0.196
0.308
0.352
0.095
0.275
0.694
-0.004
-0.028
-0.022
0.047
0.045
2.504
-0.999
-0.382
0.068
0.053
-0.249
0.061
0.020
0.248
-0.022
0.078
-0.051
-0.370
0.093
-0.205
2.798
1.241
2.317
0.380
1.036
1.588
3.457
-0.385
-0.384
0.277
0.367
0.469
0.421
3.302
1.334
2.124
1.986
2.437
4.086
3.331
1.920
0.918
0.026
0.482
4.038
1.645
1.644
0.924
1.480
0.743
1.696
1.244
0.270
-0.271
-0.126
0.725
0.181
-0.228
0.374
1.473
2.131
1.233
-0.866
1.974
-0.006
-0.402
1.201
0.331
-0.337
-0.122
0.175
1.430
1.587
1.260
0.007
-0.578
-0.031
-0.193
0.532
0.365
0.042
0.114
-0.190
1.095
0.615
0.298
-0.335
0.253
0.287
0.208
-0.045
0.118
-0.045
-0.104
-0.024
-0.018
-0.042
-0.451
-0.119
-0.161
-0.182
0.035
0.000
-0.123
0.043
0.112
-0.055
-0.113
-0.246
-0.169
1.470
-0.419
-0.728
-0.046
0.209
-0.085
-0.389
-0.010
0.346
-1.206
0.625
-0.162
0.181
-0.549
0.101
-0.199
-1.896
-1.778
0.105
0.219
0.904
0.630
0.077
0.146
2.669
0.494
-0.029
0.575
2.083
1.590
3.073
2.793
3.319
2.708
-0.201
0.839
2.477
1.857
0.486
-0.077
0.095
0.803
0.705
0.369
-0.033
1.165
-0.005
0.234
-0.291
0.725
1.822
1.576
0.367
1.094
1.072
-0.072
1.798
-0.122
0.126
0.450
0.170
-0.002
-1.294
0.174
-0.030
-0.019
0.546
0.166
3.201
1.926
-0.498
0.365
0.790
-0.144
0.220
0.125
-0.037
0.014
0.151
0.158
0.261
2.762
2.577
0.813
0.080
0.061
0.044
-1.728
0.184
0.058
0.617
-0.064
-0.175
1.944
2.278
1.195
2.399
0.613
1.433
0.684
1.004
1.342
0.436
1.137
1.030
0.353
1.520
1.251
0.733
2.735
0.328
-0.722
0.312
0.388
0.785
0.187
0.388
0.175
-0.155
2.539
0.399
0.240
-0.040
0.377
1.232
0.291
1.218
0.420
0.010
0.842
0.600
1.541
0.137
0.022
0.842
0.594
0.398
0.367
0.303
-2.275
-0.066
-0.200
-0.202
-0.286
0.803
-0.132
0.675
-0.390
-0.066
1.010
0.067
0.452
0.080
0.847
-0.257
0.081
0.164
0.899
1.159
0.293
0.007
-0.156
0.021
-0.031
0.427
1.212
-0.195
0.015
-0.219
-0.122
-0.485
-0.323
-0.521
1.735
-0.286
0.075
0.848
0.075
0.942
-0.014
0.307
-1.054
-1.160
-1.612
-0.127
-0.007
-0.458
2.099
-0.094
-0.212
2.391
1.043
-0.640
0.618
-0.468
0.044
0.055
0.120
0.039
0.805
-0.061
0.411
0.070
0.164
1.368
0.621
0.024
0.380
0.998
0.535
0.803
0.618
0.139
0.037
0.046
0.688
1.189
-0.385
0.331
0.894
-0.161
0.544
0.014
-0.184
2.762
0.852
0.950
0.955
2.108
1.014
0.161
1.073
1.875
1.376
0.112
1.032
0.054
0.716
1.979
0.773
0.793
0.769
0.170
3.058
-0.991
0.808
0.727
1.550
0.526
1.732
0.480
0.946
0.672
0.051
-0.230
-0.175
-0.207
-1.259
0.263
-0.280
0.274
0.087
0.453
0.343
0.436
-0.009
0.055
0.099
0.208
0.040
0.564
0.358
0.653
-0.338
1.443
1.492
1.445
0.846
1.023
1.439
1.781
0.065
1.968
3.036
0.264
0.218
0.268
0.184
-0.065
0.288
0.168
0.250
0.497
-0.199
1.037
0.237
0.233
0.119
0.221
0.406
0.741
0.155
0.052
-0.167
-0.938
0.181
0.113
0.052
0.161
-0.594
1.760
0.312
0.404
0.137
-1.314
-1.126
-0.232
-0.095
-1.506
0.303
-1.461
-0.673
-0.947
-1.213
-0.955
-0.326
-0.703
-0.042
0.002
0.163
-0.690
2.591
-0.544
-0.387
1.921
-0.400
0.525
0.624
-0.667
-1.138
0.182
0.042
-1.540
0.122
0.069
0.674
-0.213
0.237
1.318
0.033
2.679
1.238
0.365
0.074
0.337
1.756
0.203
-0.154
0.134
0.109
-0.050
1.563
0.581
1.589
0.597
2.779
0.777
0.137
0.423
0.218
0.644
0.317
0.410
0.885
2.153
1.445
1.487
0.502
-0.133
0.251
0.128
0.025
-0.064
-0.552
0.067
0.392
0.244
0.226
0.466
0.214
0.046
0.579
0.008
0.399
0.244
0.771
1.895
0.964
0.012
-0.172
0.131
0.518
0.465
0.067
0.473
0.068
0.074
-0.012
-0.019
1.065
0.166
0.775
0.499
0.388
0.903
2.998
0.949
0.931
0.092
0.140
0.152
0.445
-0.212
0.043
-2.219
0.135
0.418
-0.131
0.269
0.162
0.299
-0.261
0.084
-0.049
0.035
0.115
0.352
0.103
0.533
0.073
-0.085
-0.114
0.744
0.020
2.198
0.760
0.733
0.013
0.405
0.959
0.086
0.258
-0.048
0.223
-0.111
0.115
0.228
-0.304
-0.070
-0.308
-0.072
-0.126
-0.017
0.673
1.712
-0.424
-0.104
0.341
-0.241
0.062
0.116
0.189
0.075
0.509
-0.158
0.297
0.449
0.067
1.891
0.411
0.159
0.690
0.873
0.336
0.909
0.271
1.135
0.583
0.488
1.935
1.209
-0.007
1.384
0.849
-0.572
-0.025
0.154
-0.338
-0.111
0.036
0.301
1.646
-0.499
0.364
0.594
0.390
-0.394
1.156
-0.567
-0.149
-0.523
0.608
-0.289
0.594
-0.152
-0.741
0.415
0.599
-0.090
-0.310
-0.300
-1.005
0.607
0.452
0.578
0.614
0.501
0.055
-0.094
-0.068
-0.139
1.201
-0.238
-0.141
0.084
