-0.102
-0.132
-0.026
-0.208
-0.280
-0.240
-0.860
-0.072
-0.115
-0.166
-0.573
-0.797
-0.544
-0.154
-2.245
0.185
0.271
0.234
-0.122
-0.285
-0.360
1.093
-0.289
-0.138
-0.025
0.313
-0.087
0.023
-1.001
0.110
-0.193
-0.268
-1.447
-1.113
-0.094
-3.681
-2.917
-3.268
-0.641
-1.773
-3.340
-4.726
0.069
0.163
-0.487
-0.002
-0.093
0.145
-3.500
-2.016
-4.250
-2.309
-3.403
-3.495
-3.677
-2.493
-2.205
-0.072
-1.422
-3.726
-1.599
-1.926
-2.049
-3.062
-1.795
-3.521
-2.559
-1.118
-0.001
-0.850
-1.466
0.139
0.136
-0.514
-1.272
-3.970
-0.072
-0.068
-3.575
0.195
0.058
-1.706
-0.086
-0.123
0.178
-0.805
-2.452
-3.560
-1.132
0.059
0.048
-0.082
-0.193
-1.375
-0.279
-0.072
-0.122
0.320
-1.118
-0.805
-0.072
-0.068
-0.803
-1.111
-0.072
0.289
0.098
0.107
0.083
0.171
-0.202
-0.198
0.103
0.111
0.163
0.086
0.065
0.014
0.083
0.185
0.092
0.066
0.109
0.057
0.144
-2.049
0.210
0.271
0.421
0.104
-0.080
-0.072
-0.072
-0.568
-0.072
-1.867
-0.085
-0.715
-0.072
-1.733
-3.956
-0.213
-0.072
-0.374
-0.549
0.106
-0.291
-0.660
-1.188
-1.922
-0.342
-0.010
-0.654
-3.142
-1.037
-4.071
-2.407
-1.970
-1.367
-0.072
-0.072
-1.423
-0.567
-0.239
0.147
0.072
-0.976
-0.801
-0.266
-2.184
-1.586
0.048
0.657
0.240
-1.876
-0.237
-4.048
-0.426
-1.735
-1.118
0.446
-2.253
0.067
-0.744
-0.415
-0.072
-0.901
1.105
0.010
0.152
0.185
-1.216
0.272
-2.551
-0.157
-0.072
-0.170
-0.457
-1.203
-0.127
-0.436
-0.267
0.170
0.385
-1.081
-0.605
-3.207
-2.726
-1.151
0.057
0.175
-0.072
0.790
-0.210
-0.443
-0.440
1.444
0.603
-2.452
-3.697
-0.575
-3.121
-0.569
-1.757
-1.893
-0.581
-0.687
-1.685
-2.115
-1.654
-1.196
-3.115
-2.660
-1.434
-3.050
0.061
0.583
-0.076
-0.153
-0.941
-0.073
-1.193
-0.494
0.121
-3.508
-0.530
-0.269
0.589
-0.959
-1.396
-0.596
-1.757
-0.267
0.048
-0.917
-0.850
-3.551
-0.059
-0.032
-1.297
-1.078
-0.858
-0.535
-0.604
1.819
-0.072
0.445
0.043
-0.014
-0.809
0.133
-1.041
-0.085
0.037
-0.469
-0.072
-0.500
-0.225
-0.536
0.113
-0.081
-0.796
-2.039
-2.157
-1.152
-0.098
-0.603
-0.072
-0.003
-0.977
-1.715
0.081
0.171
0.187
-0.092
-0.072
-0.175
0.355
-2.891
0.063
-4.472
-1.310
-0.904
-2.544
-0.062
-0.083
0.821
2.118
1.005
0.281
-0.088
0.659
-1.411
0.188
-0.623
-3.216
-0.268
0.034
-0.220
-0.140
-0.140
0.008
-0.242
-0.003
-0.486
-0.001
-0.668
0.152
0.158
-2.043
-1.240
0.122
-0.992
-1.412
-0.625
-1.826
-0.658
-0.721
0.056
-0.211
-0.452
-1.621
0.541
-0.710
-0.917
0.071
-0.456
0.156
0.091
-3.739
-2.075
-1.565
-2.342
-1.891
-1.398
-0.107
-1.198
-3.196
-1.485
-0.072
-0.072
0.013
-0.576
-0.729
-1.736
-1.375
-4.001
-0.071
-3.269
-0.060
-1.719
-0.292
-1.750
-1.226
-1.610
-0.289
-0.038
0.026
-0.072
-0.250
-0.010
-0.060
0.344
-0.796
-0.538
-0.153
0.569
0.345
-1.710
-1.169
0.054
-0.044
0.010
0.293
0.027
-0.072
-0.115
-0.628
0.082
-1.555
-1.602
-1.446
-1.336
-1.578
-0.865
-0.367
-0.186
-0.990
-1.485
-0.208
-0.072
-0.072
-2.125
0.154
-0.216
-0.201
-0.201
-1.397
0.213
-2.072
-1.079
-1.483
-0.291
-0.994
-0.107
-1.098
-0.498
-0.593
-0.072
-0.072
-0.134
-0.078
0.502
-0.300
-0.072
-2.576
-1.755
-0.078
-0.030
1.642
0.502
0.423
0.067
0.204
-0.063
0.907
1.199
0.889
1.144
-0.072
-0.072
0.019
0.220
0.078
-0.570
0.471
-2.725
0.704
0.346
-1.837
1.011
0.120
-2.281
-0.907
-0.767
-0.625
-0.155
-0.957
-0.248
-0.504
-0.529
0.288
-0.175
-1.823
-0.072
-3.078
-0.576
-0.473
-0.105
-0.417
-1.685
-0.005
0.305
-0.103
-0.408
-1.346
-2.130
-0.509
-1.413
-0.616
-3.314
-1.976
-0.123
-0.142
-0.072
-0.598
-0.153
-1.052
-1.067
-2.725
-0.818
-1.908
-0.343
0.126
-0.072
0.082
-0.222
0.165
0.809
-0.118
-0.772
-0.457
-0.145
-0.116
-0.570
-0.172
-0.477
-1.512
-0.187
-0.246
-1.078
-1.248
-1.290
-0.473
0.567
-0.180
-0.163
-2.035
-0.330
-0.699
-0.510
0.158
-0.009
-0.952
-0.937
-0.211
-1.232
-0.898
-0.842
-1.592
-4.961
-1.608
-1.665
-0.092
-0.289
-0.399
-0.917
-0.297
-0.119
0.024
-0.005
-1.025
-1.157
-0.072
-1.011
-0.094
-0.251
-0.622
0.207
0.015
-1.039
-0.186
-0.433
-0.631
-1.362
-0.307
-0.075
-0.996
-0.001
-3.257
-1.220
-1.716
-7.370
-3.660
-1.982
-0.131
-1.285
0.082
-0.072
0.095
-0.304
-0.085
0.273
0.188
0.325
0.272
0.341
0.232
-1.190
-1.376
0.398
0.046
-0.444
-0.464
-0.072
-0.324
-0.090
-0.295
-0.140
0.174
-0.931
-0.751
-0.038
-1.228
-0.603
-1.295
-1.190
-1.038
-0.128
-1.287
-0.402
-1.901
-1.461
-1.700
-6.922
-1.288
-0.300
-0.044
-0.807
0.428
0.077
-0.561
1.150
0.203
-0.441
-0.170
-0.631
-0.514
-0.472
-2.393
-1.620
0.151
-0.996
0.313
0.565
-0.054
-0.380
-0.336
-1.131
-0.105
0.408
-0.927
-0.509
-0.008
0.257
0.221
1.152
-1.802
-0.145
-0.350
-1.449
-2.454
-0.314
0.215
0.073
0.286
-1.496
0.255
-0.535
-0.075
