-0.501
0.057
0.530
0.101
0.333
0.312
0.436
0.388
0.871
-0.024
0.767
0.867
0.408
0.110
-0.196
0.027
-0.059
-0.076
-0.235
-0.402
1.309
-1.585
-0.324
0.100
-0.054
-0.057
0.066
-0.010
0.128
-0.102
0.246
0.041
-0.061
0.429
0.217
3.480
1.778
2.699
0.646
2.340
2.223
3.965
-0.014
-0.151
0.013
0.058
0.404
-0.121
3.844
1.738
3.389
2.182
2.742
4.407
2.662
1.853
1.636
-0.081
0.700
4.765
0.956
1.656
1.891
2.306
1.672
2.151
1.665
0.633
0.445
0.677
1.297
-0.396
-0.131
0.136
1.532
1.541
1.195
-0.501
3.108
0.271
-0.306
1.836
0.152
0.164
-0.727
0.623
1.888
2.642
1.827
-0.102
-0.050
0.692
0.215
1.020
0.468
0.078
0.022
-0.053
1.590
0.837
0.401
0.351
0.298
0.189
0.190
-0.236
0.098
0.063
0.016
-0.213
-0.144
0.049
-0.192
-0.017
-0.073
-0.134
0.025
-0.224
0.017
-0.066
0.035
0.036
-0.046
-0.190
-0.154
1.594
-0.699
-1.285
-0.421
0.289
0.013
-0.370
0.180
-0.018
-0.810
-0.099
-0.217
0.204
-1.252
0.037
0.209
-2.030
-1.993
0.162
0.237
0.154
0.114
0.974
1.456
2.058
0.491
-0.010
0.601
2.228
1.836
3.581
2.312
3.005
2.999
-0.275
1.809
2.605
1.151
0.543
-0.096
-0.035
0.980
1.164
0.167
0.717
1.528
-1.265
-0.303
-0.318
0.772
1.232
1.185
0.806
1.386
1.273
-0.166
2.402
0.001
0.385
0.639
0.519
0.499
-0.220
-0.165
-0.064
0.000
0.538
0.058
2.507
1.907
-1.171
0.306
0.455
-0.138
0.073
0.234
0.008
-0.101
-0.068
-0.011
-0.029
2.400
1.521
0.555
-0.170
-0.407
0.025
-1.343
0.265
0.228
-1.986
-0.972
-0.039
2.118
2.468
1.071
2.950
0.370
1.589
0.536
1.161
1.131
1.333
0.997
0.926
0.596
2.330
1.725
0.669
2.845
-0.449
-0.769
0.523
0.377
0.623
0.409
1.273
0.533
-0.296
3.949
0.021
1.169
0.058
0.903
0.922
-0.338
1.069
0.135
-0.304
1.654
0.615
1.325
-0.515
-0.314
0.891
1.026
0.665
0.463
0.537
-1.973
-0.113
-0.672
-0.053
-0.127
0.263
-0.068
0.255
0.051
-0.263
0.111
-0.045
-0.260
0.068
0.902
-1.345
-0.243
0.546
1.106
1.267
1.731
0.165
0.032
0.060
-0.206
0.261
1.785
-0.100
0.065
0.044
-0.131
-0.470
0.112
-0.957
1.590
-0.364
-0.211
2.111
1.675
1.032
0.167
0.513
-1.193
-1.662
-1.768
0.119
0.011
-0.796
0.504
-0.546
1.109
1.609
0.839
-0.069
0.343
-0.097
0.154
-0.215
0.234
0.025
0.711
-0.178
1.085
0.086
-0.004
0.939
0.409
0.523
-0.345
0.625
0.295
1.102
0.300
0.327
0.075
0.018
0.628
0.904
-0.882
0.453
0.602
-0.324
0.386
-0.322
-0.151
2.986
1.404
0.859
1.614
1.797
0.786
0.043
2.318
2.321
0.839
-0.090
0.581
-0.007
0.971
0.874
1.219
-1.730
0.541
0.135
2.181
-0.194
1.296
0.801
1.333
0.791
1.846
-0.156
0.225
0.223
-0.128
0.874
-0.065
-0.361
-0.850
0.406
0.383
0.200
0.131
0.473
0.371
0.410
-1.059
0.078
0.315
0.180
0.065
0.429
0.131
1.315
-0.881
1.943
0.713
0.732
0.208
0.910
0.530
0.836
0.504
1.164
1.737
0.137
0.250
-0.052
0.134
0.047
0.331
-0.083
0.178
1.212
0.133
1.390
0.439
1.027
-0.259
0.039
0.272
0.520
0.271
-0.027
-0.541
-0.980
0.353
-0.322
-0.447
0.073
-1.180
1.897
0.542
0.009
-0.218
-2.459
-1.310
-0.062
-0.180
-1.256
0.160
-0.412
-0.290
-1.324
-0.585
-0.927
-0.316
-0.619
-0.270
0.068
0.847
-0.283
1.097
-0.834
-0.197
1.395
-0.898
0.120
1.148
-0.468
-0.300
0.173
-0.092
-0.400
0.185
0.844
1.316
-0.341
0.732
1.457
-0.131
1.235
0.092
0.133
-0.205
0.281
0.752
0.013
-0.205
0.220
-0.230
0.270
1.640
1.566
1.474
0.462
3.140
1.129
0.157
0.267
0.629
0.836
0.178
0.194
1.016
2.388
0.718
2.030
-0.100
0.028
0.104
-0.145
0.040
0.205
-0.440
0.373
0.256
0.027
0.138
0.236
0.290
0.110
0.206
0.495
0.543
0.250
1.372
1.540
0.533
0.087
-0.869
-0.069
0.058
0.909
0.105
0.690
0.200
0.171
-0.023
0.447
1.253
0.611
0.670
0.411
0.942
0.784
2.864
1.120
0.747
-0.678
-0.289
0.153
0.652
0.086
0.037
-0.006
0.025
1.356
0.648
0.704
1.079
0.164
0.025
0.227
-0.128
0.135
0.606
0.432
0.176
0.521
0.379
0.316
-0.348
0.788
-0.416
1.534
0.629
0.284
-0.092
-0.522
1.221
-0.049
0.233
-0.050
0.128
-0.109
-0.006
-0.185
-0.320
0.122
-0.366
-0.242
-0.042
-0.292
0.524
0.751
-1.052
-0.311
0.161
-0.289
-0.254
0.577
0.151
0.240
0.669
-0.150
0.856
0.272
0.050
1.895
1.066
0.418
1.260
0.999
-0.284
1.310
0.292
1.094
1.174
0.908
3.879
1.182
-0.087
0.000
0.415
-0.082
-0.058
0.007
-1.505
-0.922
0.246
0.759
1.315
-0.076
0.615
0.625
0.415
-0.561
0.146
-0.746
-0.652
-0.354
-0.154
-0.359
0.911
-0.238
-0.388
0.524
0.144
-0.056
-0.678
-0.264
-0.672
0.935
0.322
0.772
0.931
0.381
0.261
-0.118
-1.155
-2.287
1.062
-0.538
-0.566
0.025
