-0.636
-0.213
-0.072
-0.231
-0.136
-0.209
-0.292
-0.085
-0.763
-0.342
-0.486
-0.560
-0.174
-0.321
0.357
0.024
0.414
0.121
0.015
-0.049
-0.366
2.478
1.904
-0.289
-0.019
-0.194
-0.115
-0.284
-0.773
-0.108
-0.006
-0.150
0.167
-0.418
-0.024
-2.671
-1.494
-1.975
-0.384
-1.812
-2.621
-3.792
-0.059
0.083
-0.261
-0.333
-0.337
-0.216
-2.530
-1.860
-1.774
-2.038
-2.601
-3.182
-1.943
-1.862
-0.934
-0.006
-0.721
-4.107
-0.722
-0.960
-1.369
-2.357
-1.423
-3.493
-1.217
-0.491
-0.071
0.085
-0.318
0.085
-0.443
-0.454
-0.683
-1.941
-0.523
1.417
-1.950
0.078
0.851
-0.948
-0.052
-0.421
0.306
-0.112
-0.724
-2.446
-0.774
0.422
0.067
0.272
0.195
-0.512
-0.572
0.009
0.229
-0.080
-0.954
-0.358
-0.087
0.142
-0.253
-1.398
-0.007
0.329
-0.062
0.317
-0.065
0.097
-0.015
-0.060
0.080
0.014
0.167
-0.029
-0.063
0.058
-0.065
-0.051
0.052
0.181
-0.021
0.187
0.135
-1.246
0.021
1.116
-0.125
-0.049
-0.074
0.024
-0.449
-0.262
1.320
-1.066
-0.081
-0.281
0.776
-0.201
-0.216
1.324
0.179
-0.088
-0.399
-0.120
-0.148
-1.047
-1.059
-2.289
-1.699
-0.159
-0.918
-2.216
-1.352
-3.315
-2.468
-2.047
-1.974
0.151
-0.138
-1.859
-1.958
0.209
0.100
0.081
-1.153
-0.557
-0.624
-0.799
-1.091
-1.442
-1.160
0.298
-0.671
-1.567
-1.552
-1.006
-0.975
-0.936
0.449
-1.063
0.027
-0.462
-0.385
-0.240
-0.052
0.120
-0.050
0.299
0.049
-0.207
0.261
-1.506
-2.168
0.878
-0.367
-0.641
-0.468
-0.208
-0.266
-0.030
0.777
-0.057
-0.263
-0.262
-2.554
-2.100
-0.534
-0.191
-0.412
0.015
0.672
-0.059
-0.462
0.041
0.462
0.272
-2.237
-2.492
-0.904
-2.816
-1.152
-1.596
-1.391
-0.826
-0.413
-0.993
-1.295
-0.664
-0.098
-1.831
-1.436
-0.694
-3.540
0.137
0.747
-0.781
-0.230
-0.893
-0.629
-1.133
0.162
0.171
-2.983
-0.108
-0.382
0.625
-0.772
-1.234
-0.132
-0.383
-0.516
-0.251
-0.861
-0.410
-1.342
0.321
-0.253
-1.123
-1.061
0.044
-1.052
-1.057
1.813
-0.147
0.363
0.172
-0.026
-0.621
0.030
-0.511
-0.177
-0.171
-0.814
-0.005
-0.006
-0.298
-0.506
-0.570
-0.092
-0.361
-0.230
-0.913
-0.689
-0.123
-0.015
0.167
-0.010
-0.539
-1.123
0.265
-0.207
0.036
-0.023
0.138
-0.077
0.352
-2.647
0.706
-0.206
-1.205
-0.068
-0.631
-0.034
0.074
0.853
2.206
1.416
-0.641
-0.514
0.246
-0.840
0.181
-0.400
-3.248
-0.366
0.581
0.022
0.213
-0.155
-0.085
-0.481
-0.161
-0.355
-0.283
-0.598
-0.200
-0.222
-2.054
-1.165
-0.736
-0.281
-0.669
-0.303
-1.107
-0.351
-0.223
-0.061
0.319
-0.583
-1.086
0.713
-0.253
-0.446
0.011
-0.163
0.297
-0.085
-3.049
-1.329
-0.843
-1.234
-1.208
-0.459
-0.501
-0.804
-2.270
-0.793
-0.006
-0.049
-0.283
-0.888
-0.947
-1.867
-0.578
-0.617
0.003
-2.564
0.647
-0.102
-1.265
-1.619
-0.157
-1.135
0.116
-0.258
-0.016
-0.332
-0.530
-0.590
0.087
0.355
-0.513
-0.912
-0.276
0.115
0.239
-0.498
-0.601
0.299
-0.127
-0.059
-0.157
-0.023
-0.348
-0.028
-1.925
-0.279
-1.455
-0.833
-0.558
-0.650
-0.681
-0.630
-0.274
0.094
-1.768
-2.520
-0.170
-0.203
0.018
-0.255
0.146
-0.386
0.124
-0.175
-0.662
-0.319
-1.507
-0.254
-0.513
-0.121
-0.335
-2.026
-0.108
-0.143
-0.071
0.411
0.691
-0.261
-0.006
0.448
-0.379
0.026
-1.524
-0.202
-0.011
-0.012
1.413
0.145
0.330
0.491
0.965
-0.490
0.449
0.712
1.176
0.152
0.533
-0.137
1.249
0.579
-0.063
-0.698
0.699
-1.997
0.524
0.400
-1.485
0.902
-0.123
-2.527
-0.583
-0.301
-0.306
-0.090
-0.887
-0.083
-0.645
-0.721
-0.006
-0.426
-1.812
0.157
-2.967
-1.445
-0.279
-0.467
-0.996
-1.835
-0.183
0.235
-0.649
-0.113
-0.175
-2.056
-0.978
-1.502
-0.483
-2.120
-0.888
-0.229
-1.388
-0.340
-1.118
-0.355
-0.244
-0.739
-1.812
-1.094
-1.477
-0.251
-0.015
-0.098
0.121
-0.144
-0.063
-0.066
-0.579
-0.529
-0.136
0.057
-0.478
0.002
-0.244
-0.006
-0.006
-0.639
-0.483
-1.474
-1.739
-0.392
-0.051
0.644
0.222
-0.252
-1.509
0.014
0.107
-0.195
-0.251
-0.016
-0.583
-1.068
-0.343
-0.922
0.011
-0.667
-1.061
-2.963
-0.789
-0.991
0.104
-0.310
-0.114
-0.934
0.211
-0.242
0.162
-0.212
-0.596
-0.243
-0.379
-0.531
-0.156
0.082
-0.220
-0.114
-0.039
-0.341
-1.112
-0.085
-0.438
-0.537
-0.078
0.578
-1.112
-0.070
-2.367
-0.388
-0.725
-0.268
-0.286
-0.746
0.123
-0.674
-0.030
-0.295
-0.198
-0.281
0.801
0.709
-0.289
0.057
0.192
-0.220
0.177
-1.319
-1.580
-0.194
0.118
-0.123
-0.084
0.072
-0.484
-1.105
-0.403
-0.391
-0.078
-0.463
-0.293
-0.308
-1.594
-0.740
-0.554
-0.556
-0.006
0.379
-0.760
-0.579
-1.153
-0.692
-0.229
-3.336
-0.566
-0.153
-0.609
-0.783
0.413
0.458
-0.422
0.179
0.250
-0.422
-0.624
-1.061
0.209
-0.104
-1.123
-0.430
0.774
-0.056
0.403
0.420
0.296
0.079
0.189
-0.214
0.128
0.877
-0.710
-0.481
-0.068
0.212
0.408
0.828
-0.911
-0.357
-0.867
-0.526
-0.624
-0.189
0.377
0.360
1.162
-0.949
-0.216
0.290
0.201
