-0.132
-0.031
0.187
0.064
-0.497
0.118
-0.031
0.679
-0.024
0.189
0.243
0.796
0.220
0.405
0.191
-0.367
-0.402
-0.087
-0.501
-0.659
-0.108
-2.565
-1.262
0.133
-0.027
-0.478
0.150
0.224
0.061
0.014
0.129
0.223
0.778
1.662
-0.013
3.232
1.623
3.567
0.565
2.501
2.908
4.544
-0.038
-0.015
0.374
0.037
0.537
-0.068
3.657
2.307
2.667
1.208
2.351
3.944
2.957
2.149
1.021
-0.027
0.731
5.612
1.810
2.294
2.119
2.509
2.073
4.276
2.583
0.965
-0.127
0.281
2.024
0.055
-0.536
0.493
1.541
2.036
1.006
-0.531
5.153
0.031
-0.075
2.511
0.871
0.493
-0.314
0.266
1.115
2.650
0.785
0.135
-0.453
0.702
0.187
1.039
0.723
0.264
0.078
0.023
1.620
0.031
0.204
-0.088
0.122
-0.041
0.313
-0.143
0.075
0.062
-0.037
-0.171
-0.003
-0.016
-0.109
-0.061
-0.205
-0.174
0.002
-0.047
-0.041
0.062
0.188
-0.053
-0.043
-0.358
-0.161
1.393
-0.566
-0.471
-0.944
0.163
-0.038
-0.027
1.793
1.068
-1.736
0.320
0.231
0.120
-0.790
-0.027
1.196
-0.027
-1.208
-0.295
-0.061
-0.017
0.170
-0.027
1.684
2.710
0.175
-0.052
1.087
2.138
2.220
3.853
2.980
4.178
3.194
-0.371
1.576
2.456
1.786
0.151
-0.169
-0.005
1.592
0.772
-0.007
0.052
2.027
-0.351
-0.461
-0.187
1.406
2.036
1.647
0.355
1.038
0.825
-0.257
2.620
-0.107
0.805
0.627
0.308
0.374
0.569
-0.111
-0.172
-0.164
0.973
0.047
2.235
2.368
0.067
0.226
0.334
0.125
0.057
0.855
0.074
-0.092
0.335
0.436
0.263
3.161
3.513
0.375
0.109
0.971
-0.059
-1.112
0.938
1.554
-0.027
-0.230
-0.212
2.903
4.211
1.849
2.405
1.316
1.701
1.660
0.852
1.968
1.982
1.021
1.558
1.181
2.213
1.892
2.957
4.494
0.073
-0.268
0.336
-0.231
0.924
-0.090
0.695
0.042
-0.106
2.815
0.156
0.913
0.070
1.090
1.639
0.605
1.236
0.584
0.200
1.165
0.084
2.802
0.211
-0.159
0.779
1.258
0.956
2.007
1.579
-1.443
0.015
-0.215
0.606
-0.742
0.706
-0.145
0.249
-0.040
-0.459
0.769
-0.027
0.471
0.013
1.142
-0.027
-0.177
0.754
0.709
1.356
1.136
-0.191
0.090
0.102
-0.027
0.008
2.271
-0.227
-0.075
-0.118
0.557
0.110
0.104
-0.202
2.429
-0.260
1.543
1.963
3.051
2.070
0.270
1.071
-0.536
-1.267
-1.387
-0.127
-0.224
-1.093
0.364
-0.865
0.809
3.519
0.914
0.095
0.180
0.071
0.088
-0.142
0.221
0.065
0.498
0.071
0.976
0.129
0.025
2.114
2.103
-0.011
0.852
1.732
0.372
1.021
0.548
0.470
-0.023
-0.026
0.134
0.795
-0.794
0.585
1.055
-0.091
0.531
-0.108
-0.291
3.776
1.728
1.227
1.155
2.110
0.653
0.089
2.301
2.970
1.209
1.654
1.274
0.084
0.556
0.202
0.321
-1.396
3.705
0.232
2.163
-0.167
1.156
0.506
1.107
0.496
2.540
-0.117
-0.156
-0.140
0.067
0.747
-0.220
-0.596
-0.307
0.221
0.643
-0.022
-0.255
0.669
0.476
1.662
-0.154
-0.332
-0.032
-0.100
0.566
0.579
0.030
0.604
0.075
2.677
1.170
0.018
0.581
0.666
1.944
-0.193
-0.031
1.522
3.377
-0.130
0.599
-0.233
0.022
-1.080
0.901
-0.155
0.299
0.474
0.307
2.129
1.119
0.794
-0.387
-0.058
0.138
1.645
0.112
0.773
0.172
-0.988
0.028
-0.579
-0.140
0.354
-0.027
2.624
0.847
-0.027
-0.111
-1.416
-0.841
-0.687
-0.123
-0.782
0.314
-0.539
-0.768
-0.624
-1.288
-1.232
0.159
-0.799
-0.554
-0.040
0.240
-0.095
1.497
-0.842
-0.170
1.519
-0.761
-0.452
0.356
-1.478
1.235
-0.039
0.046
-0.267
-0.072
0.913
1.469
-0.027
-0.022
1.159
0.038
2.931
1.610
0.683
0.326
1.024
2.392
-0.034
-0.090
-0.042
0.276
0.721
2.280
0.961
1.894
0.412
3.437
1.641
0.525
0.086
-0.575
1.180
0.070
0.552
1.135
2.917
0.636
1.652
-0.213
0.042
-0.095
-0.018
0.044
0.250
-1.244
-0.099
0.045
0.009
0.126
0.540
-0.154
0.325
0.034
0.100
0.776
0.312
2.147
1.479
0.670
-0.075
-0.874
-0.022
0.627
0.956
-0.043
0.106
-0.019
-0.027
-0.118
0.394
1.246
0.540
1.595
1.261
0.836
1.819
4.674
1.870
1.291
-0.210
1.391
0.166
0.277
0.226
-0.015
-1.035
0.056
0.729
0.978
0.458
-0.137
0.157
-0.310
0.655
-0.108
0.001
0.876
0.440
0.245
0.287
1.179
-0.371
-0.462
0.548
-0.024
2.798
0.575
1.086
8.618
0.222
0.443
1.761
1.999
0.362
0.156
-0.069
0.029
-0.012
-0.664
-0.022
-0.037
-0.321
-0.031
-0.227
2.266
1.898
-0.160
-0.128
-0.010
0.055
0.632
-0.005
-0.200
0.073
0.314
0.060
1.291
0.872
0.025
2.547
0.669
1.062
2.269
2.208
-0.210
1.518
0.615
1.785
0.922
0.671
2.966
1.195
0.761
1.043
1.101
-1.012
0.208
0.318
-1.103
-1.106
-0.086
0.302
1.178
-0.248
0.409
2.273
0.381
-0.243
0.203
-1.094
-0.980
-0.016
0.003
-0.577
1.670
-0.192
-0.449
0.124
0.199
-0.118
-0.029
-0.197
-0.356
0.810
-0.012
0.218
0.847
-0.027
-0.004
-0.288
-0.396
-1.646
2.647
-0.238
1.144
0.342
