0.091
-0.631
-0.158
-0.795
-0.034
-0.016
-0.622
-0.363
-0.965
-0.868
-0.470
-0.110
-0.310
-0.246
-0.405
0.239
0.343
0.317
0.173
0.399
-1.332
2.522
2.096
-0.435
-0.146
-0.241
0.089
0.021
-0.677
0.260
-0.005
-0.452
0.285
0.158
0.462
-1.926
-1.798
-1.764
-0.450
-1.194
-0.902
-2.486
0.058
0.570
-0.005
0.074
-0.005
-0.029
-1.364
-1.216
-1.802
-1.441
-2.127
-3.098
-1.876
-1.079
-1.194
-0.025
-0.626
-2.476
-0.850
-1.285
-1.088
-1.527
-1.279
-2.123
-1.592
-0.509
-0.075
-0.750
-1.194
0.026
-0.122
-0.323
-0.005
-0.005
-0.005
1.116
-2.541
0.351
0.447
-0.990
-0.036
0.161
0.928
-0.589
-0.770
-1.961
-0.201
0.014
0.054
-0.223
-0.020
-0.630
-0.358
-0.025
-0.142
0.090
-1.769
-1.252
-0.658
0.154
0.379
-0.170
-0.029
0.312
0.017
2.613
0.017
0.462
-0.007
-0.819
0.026
0.017
0.254
0.354
0.017
0.382
0.017
0.023
0.017
0.017
0.020
0.548
0.591
-0.650
0.758
0.956
0.371
0.001
-0.129
0.449
-0.661
-0.036
0.067
-0.382
0.142
-0.005
-0.005
-0.057
-0.082
-0.005
0.165
0.016
-0.324
0.267
-0.232
-0.674
-1.897
-1.604
-0.363
-0.064
-1.417
-1.948
-1.439
-2.454
-2.404
-0.997
-1.095
-0.025
-0.219
-2.050
-1.138
-0.523
0.303
0.019
-0.967
-0.724
-0.378
-0.350
-1.104
0.550
0.021
0.011
-0.880
-1.432
-1.573
-0.625
-1.334
-0.420
-0.230
-1.478
0.031
-0.552
-0.716
-0.005
-0.286
0.601
0.398
-0.084
-0.129
-0.005
0.233
-0.005
-0.005
1.227
-0.599
-0.609
-0.358
0.007
-0.101
-0.301
0.331
0.242
-0.042
-0.087
-2.028
-2.197
-0.578
-0.186
-0.084
0.220
1.581
-0.528
-0.306
1.282
-1.393
0.177
-2.268
-1.638
-0.903
-2.674
-0.035
-1.537
-0.977
-0.560
-0.774
-0.962
-1.419
-1.016
-0.228
-2.121
-1.976
-1.253
-3.147
0.183
1.520
-0.005
-0.276
-2.074
-0.013
-0.600
-0.120
0.070
-3.123
-0.029
-1.558
0.201
-1.396
-1.369
-0.705
-1.054
-0.143
-0.057
-1.405
-0.477
-1.643
0.046
-0.054
-1.266
0.018
-0.361
-1.012
-0.716
1.649
-0.494
0.019
0.332
0.020
-1.071
0.306
-1.339
0.023
1.013
-1.202
-0.005
-0.412
-0.213
-0.217
0.712
-0.126
-0.515
-0.005
-1.261
-0.724
-0.140
-0.005
0.139
0.542
-0.232
-3.015
0.265
-0.166
0.379
-0.300
-0.714
-0.124
0.631
-2.421
0.241
-1.205
-0.550
-0.134
-1.104
-0.024
-0.024
1.029
3.617
0.615
-1.174
0.145
0.730
-1.120
0.028
-0.654
-1.178
-0.907
0.343
-0.042
0.004
-0.042
0.067
-0.674
-0.569
-0.081
-0.066
-0.681
-0.069
0.017
-1.390
-0.859
0.208
-0.045
-0.519
-0.072
-1.012
-0.293
-0.057
0.017
0.131
-0.610
-1.592
0.678
-0.516
-0.385
-0.254
-0.706
0.285
0.305
-2.144
-0.889
-1.032
-1.563
-1.182
-0.236
-0.077
-0.984
-1.901
-0.936
-0.117
-0.349
0.015
-0.980
-0.203
-1.177
-0.416
-1.707
0.336
-1.249
0.297
-2.042
-1.226
-1.586
-0.232
-1.014
-0.180
0.099
0.412
0.007
-0.005
-0.109
1.994
1.369
-1.064
-1.698
-0.155
-0.044
-0.846
-0.927
-0.698
-0.026
0.003
-0.258
-0.691
0.095
-0.381
-0.620
-0.800
0.187
-1.735
-2.154
0.022
-0.832
-1.080
-0.005
-2.323
-0.265
-1.972
-2.039
0.066
-0.156
-0.011
-0.435
0.891
-0.091
-0.222
-0.422
-0.906
0.035
-0.962
-0.291
-0.472
-0.056
-0.872
-0.031
0.041
-0.417
0.042
0.097
0.886
-0.358
-0.794
0.125
-0.493
0.287
-1.068
-0.727
0.025
0.036
0.963
0.239
0.182
0.337
0.702
0.250
0.475
0.233
1.627
1.075
-0.005
0.886
0.670
0.360
0.288
-0.528
0.369
-1.065
0.737
0.533
-1.138
0.768
-0.032
-1.065
-0.242
-0.285
-0.184
-0.270
-0.139
-0.248
-0.089
-1.087
0.164
-0.212
-1.754
0.099
-2.146
-1.033
-0.162
-0.115
-0.634
-1.376
-0.004
0.110
0.166
0.657
0.118
-1.148
-0.033
-1.251
-0.507
-1.976
-0.976
-0.230
-0.097
0.024
-0.770
-0.389
0.034
-0.869
-1.450
-0.762
-1.432
0.127
0.058
0.509
-0.081
-0.022
-0.072
0.130
-0.135
-0.177
0.067
0.021
-0.005
-0.067
0.015
-0.361
0.480
-0.136
-0.557
-1.523
-1.591
-0.056
0.045
0.304
-0.047
0.147
-0.337
-0.042
-0.622
-0.300
-0.429
0.042
-0.439
-0.771
-0.363
-0.762
-0.287
-0.856
-1.065
-2.145
-0.658
-0.882
0.344
-0.855
0.099
-1.034
-0.207
-0.057
-0.173
0.018
-0.651
-0.614
-0.577
-0.519
-0.054
0.273
-0.011
0.095
0.276
-0.586
-0.286
0.026
-0.281
-0.645
-0.122
-0.019
-0.698
-0.023
-3.371
-0.813
-0.789
-1.962
-0.059
-0.915
0.013
-0.610
-0.061
-0.036
0.682
-0.030
-0.040
-0.005
-0.535
-0.313
0.099
0.007
-0.374
-0.956
-1.021
-0.155
0.026
-0.008
0.017
-0.097
-0.329
-0.107
-0.431
-0.472
-0.244
-0.717
-0.623
-0.214
-1.446
-0.745
0.182
-0.823
-1.322
0.086
-1.328
-0.078
-0.834
-0.747
-0.777
-2.827
-0.358
0.260
-2.009
-0.364
0.372
-0.308
-0.348
0.142
1.145
-1.187
-0.567
-0.816
0.856
1.635
-0.930
-0.563
1.405
-0.219
0.326
0.758
-0.005
-1.736
-0.001
-0.305
0.312
0.656
-0.950
-0.681
0.017
0.008
0.354
1.443
-0.818
0.185
-0.386
-0.901
-0.353
0.031
0.294
0.816
0.519
-1.290
0.671
0.824
0.563
