0.025
0.962
0.060
0.011
0.025
-0.108
0.108
0.025
-0.095
0.025
-0.209
-0.055
0.052
0.003
-0.415
0.017
0.165
0.138
0.137
0.187
-0.068
1.040
-0.285
0.025
0.030
-0.186
0.025
0.025
-0.180
0.029
0.024
0.127
0.049
0.125
-0.028
-2.167
-1.286
-2.382
-0.506
-1.642
-1.687
-3.322
0.161
0.382
0.059
0.105
-0.044
-0.083
-1.778
-1.288
-2.447
-1.470
-1.867
-2.674
-2.050
-1.370
-0.647
0.025
-0.138
-1.382
-0.658
-1.142
-1.132
-1.878
-0.570
-1.457
-1.445
-0.145
0.161
-0.290
-1.539
0.343
-0.808
-0.079
-0.840
-1.583
-0.377
0.361
-3.966
-0.019
0.116
-1.369
-0.557
-0.081
0.144
0.147
-0.431
-1.890
-0.457
0.046
0.216
0.127
0.213
-0.039
-0.830
-0.100
-0.087
0.033
-1.389
-0.974
0.015
0.025
-0.230
-0.152
-0.263
0.032
-0.037
-0.027
0.024
0.224
0.384
0.025
0.049
0.159
0.180
0.044
-0.010
0.381
0.047
0.030
-0.022
0.067
0.031
0.119
0.263
-0.075
-0.217
0.233
0.058
-0.271
-0.083
0.075
-0.401
-2.086
2.017
-0.039
0.360
0.025
0.025
-0.474
-1.909
0.294
-0.326
-0.072
0.025
0.025
-0.056
-0.391
-0.990
-0.717
-0.413
-0.402
-0.313
-0.813
-1.171
-2.690
-3.097
-1.818
-1.207
0.076
-0.027
-2.431
-1.238
-0.006
0.025
0.040
-0.859
-1.102
0.044
-0.498
-0.569
0.084
-0.459
0.230
-0.184
-1.279
-2.729
-0.018
-0.061
-0.492
0.148
-1.771
0.053
-0.097
-0.510
0.025
-0.002
0.156
0.091
0.405
0.077
-0.536
-0.113
-2.629
-1.617
-0.035
-0.712
-0.213
-0.213
0.025
-0.115
0.025
0.020
-0.025
0.010
0.003
-2.113
-1.506
-1.343
-0.494
0.309
0.025
0.782
-0.026
-0.282
1.331
0.232
0.025
-2.227
-1.682
-0.782
-2.316
-0.499
-0.687
-0.637
-0.311
-1.401
-0.917
-1.248
-1.880
-0.654
-2.071
-1.751
-1.553
-3.045
-0.066
0.157
-0.637
-0.453
-0.225
0.078
-1.388
0.084
0.377
-2.537
-0.005
-0.031
0.098
-1.574
-1.625
-0.042
-0.930
0.056
-0.072
-0.712
-0.105
-1.694
-0.036
-0.412
-0.590
-1.570
-0.253
-1.450
-0.987
0.387
-0.104
0.204
-0.209
0.122
-1.172
0.025
-0.709
0.025
0.168
-0.674
-0.063
-0.700
-0.089
0.018
-1.620
-0.002
-0.210
-0.911
-1.944
-0.147
-0.298
-1.121
0.056
0.035
-0.526
-1.470
-0.030
0.069
0.025
0.050
0.288
-0.670
-0.331
-3.484
-0.515
0.325
-2.301
0.025
-0.974
0.112
-0.178
0.654
1.466
0.218
0.264
-0.356
0.097
-0.017
0.314
-1.044
-1.192
-0.891
0.230
-0.072
0.279
-0.039
0.125
0.015
0.012
-0.001
0.051
-0.622
-0.142
0.012
-1.019
-1.562
0.107
0.106
-0.292
-0.019
-0.799
-0.098
-0.553
-0.039
0.029
-0.288
-0.293
0.129
-0.205
-0.486
-0.078
-0.021
0.256
0.030
-3.135
-1.403
-1.943
-1.977
-1.525
-0.299
-0.180
-1.155
-1.726
-0.199
-1.852
-1.368
-0.017
-0.366
-0.118
-0.105
-0.377
-1.953
0.014
-0.802
0.019
-0.399
-0.163
-0.065
-0.226
-0.903
-0.845
0.148
0.193
-0.104
-0.379
-0.006
0.135
0.198
-0.320
-0.678
0.025
-0.007
-0.185
-0.079
-0.610
0.050
-0.283
0.085
0.014
0.655
-1.530
-0.186
-0.962
0.374
-1.871
-0.600
-0.221
0.074
0.366
-0.414
-0.856
-0.227
-1.347
-1.524
-0.183
-0.740
0.031
-0.147
-0.331
0.088
0.066
-0.094
-0.664
0.025
-0.897
-0.025
-0.169
0.040
-0.010
-0.799
-1.235
-0.027
0.073
0.143
0.374
-0.054
-0.014
0.151
-0.132
0.800
-1.412
-0.839
-0.008
0.027
0.856
0.315
0.032
0.076
0.049
0.180
0.345
0.328
0.697
1.489
0.060
-0.362
0.354
0.398
0.160
-0.548
0.198
-1.547
0.162
0.025
-0.650
0.276
0.765
-0.097
0.213
-0.338
0.105
-0.195
-0.628
0.084
-0.023
0.003
0.067
0.025
-2.149
-0.602
-1.148
-0.122
-0.257
-0.142
-0.717
-1.113
0.024
0.287
0.116
0.115
0.025
-1.315
0.047
-0.363
-0.095
-2.267
-0.818
-0.152
0.046
0.083
-0.253
0.066
-0.043
-0.585
-1.641
-0.835
-2.028
0.012
-0.075
0.023
-0.113
0.025
-0.251
0.163
-0.306
-0.189
-0.088
0.034
-0.434
0.026
-0.317
-0.298
-0.212
-0.497
-0.025
-0.824
-1.240
-0.512
-0.067
0.236
0.025
-0.032
-0.475
-0.025
-0.097
0.025
0.028
0.001
0.096
-0.811
-0.159
-0.694
-0.797
-0.181
-1.223
-2.612
-0.391
-0.253
0.099
0.044
0.025
0.009
-0.297
0.024
0.560
0.025
-0.338
-1.368
0.025
-0.041
-0.117
-0.696
0.024
0.048
0.033
-0.332
0.278
0.025
-0.032
-0.072
0.022
0.263
-0.815
-0.013
-2.876
-0.395
-0.249
-0.474
-0.419
-0.027
-0.073
-0.909
0.050
-0.146
0.074
0.025
0.025
0.311
0.025
0.025
0.052
0.068
0.038
-1.002
-0.755
-0.106
0.017
-0.006
-0.028
0.328
-0.164
-0.034
0.181
0.021
0.025
-0.168
-0.045
-0.022
-1.336
-0.592
-0.727
-0.574
-0.390
-0.167
-0.978
-0.019
-1.371
-0.220
-0.350
-1.968
-0.404
0.410
-1.478
-0.123
0.213
-0.633
0.025
1.559
0.725
0.170
0.090
-1.089
0.036
-0.659
-0.876
-0.196
0.579
-0.670
0.323
0.963
0.500
0.083
0.480
-0.895
-0.005
0.161
-0.029
-0.190
-0.013
0.041
0.084
0.097
-1.013
0.020
-0.519
-0.730
0.001
0.048
0.085
0.025
0.025
-1.094
0.237
0.081
0.012
