-0.289
-0.095
-0.072
0.934
0.058
0.247
0.128
0.103
0.165
0.086
0.393
-0.001
0.211
0.465
-0.278
0.863
-0.014
0.016
0.287
0.090
2.360
-1.194
0.309
0.265
-0.007
0.094
0.179
0.343
0.522
-0.119
-0.247
0.156
-0.313
-0.266
-0.662
2.294
1.392
2.624
0.039
2.228
1.650
1.917
-0.153
-0.554
-0.153
-0.275
-0.140
0.912
1.935
1.252
0.670
1.727
2.938
3.626
3.183
2.579
1.238
-0.128
0.442
3.841
0.997
1.103
2.309
3.186
1.889
2.177
1.405
0.982
-0.570
0.112
1.795
0.270
1.115
-0.379
0.359
1.476
1.121
-0.567
1.234
-0.089
1.131
2.022
1.571
-0.368
0.191
-1.179
-0.319
3.351
-0.761
0.583
-0.729
-0.216
0.003
0.781
0.517
-0.194
-0.375
-0.153
0.760
1.162
0.094
0.227
0.075
0.291
0.002
-0.986
-0.096
-0.082
-0.153
-0.076
-0.153
0.281
-0.153
-0.146
-0.153
-0.114
-0.069
-0.153
-0.122
-0.040
-0.049
-0.097
-0.153
-0.153
-0.118
0.910
-0.234
-0.780
-0.608
0.160
-0.146
0.074
1.274
2.079
-1.300
-0.377
-0.042
0.775
-1.478
0.107
2.736
-1.677
-1.268
-0.149
0.039
0.819
0.824
0.018
0.566
2.728
-0.814
-0.048
0.698
0.660
0.663
4.698
2.999
2.175
0.780
0.013
0.614
1.138
2.422
0.624
-0.068
0.072
2.801
0.651
0.133
0.912
1.896
-1.169
-0.145
-0.497
0.308
1.858
2.501
0.240
0.840
1.623
-1.292
2.397
-0.174
-0.188
0.362
-1.509
-1.001
-0.298
-0.523
0.503
-0.452
-0.253
-0.644
1.296
1.024
0.054
0.150
1.169
-0.054
0.069
0.328
0.168
-0.135
-0.182
-0.224
-0.279
2.486
2.129
0.905
0.663
-0.966
0.452
-1.908
0.028
0.638
-0.639
-0.436
-0.162
0.832
2.581
1.447
3.167
0.141
0.412
1.124
0.699
2.373
0.750
0.926
1.313
0.388
2.241
1.286
3.435
3.845
-0.018
-0.328
0.734
-0.127
0.438
0.833
2.257
-0.415
-0.126
0.295
-0.120
-0.103
1.290
2.146
0.600
-0.080
0.774
0.562
-0.092
0.821
-0.093
0.573
0.337
-0.042
0.254
1.822
0.187
-0.956
0.157
-0.979
0.306
-0.673
-0.677
-0.229
0.835
-0.153
-1.374
0.049
-0.463
-0.026
0.519
1.124
0.258
0.094
-0.851
0.086
0.078
1.331
1.999
0.560
-0.076
0.871
-0.153
0.213
0.177
0.520
-0.509
-0.086
-0.209
-0.153
0.239
-0.750
-1.071
1.453
-0.485
-0.060
0.485
0.593
2.035
0.423
-0.595
-0.307
-1.321
-0.153
0.568
0.310
-0.990
0.991
0.094
-0.138
-0.538
1.840
-0.866
-0.454
-0.106
0.244
-0.306
0.013
-0.028
0.028
-0.010
0.760
-0.882
-0.232
3.261
0.034
-0.279
-0.082
1.296
-0.003
0.924
-0.310
1.030
-0.065
-0.153
-0.134
0.219
-0.144
0.562
1.381
-0.358
0.910
-0.178
-0.278
2.371
2.466
1.432
1.913
2.146
0.400
0.094
2.305
1.226
1.708
2.156
0.901
-0.152
-0.111
-1.843
-0.248
1.421
2.356
0.026
3.408
-0.358
0.062
0.626
0.348
-0.297
0.423
-0.584
0.871
0.006
0.938
1.324
0.203
0.325
-0.556
0.159
0.312
1.624
0.610
0.050
0.027
-0.015
0.008
-0.136
0.091
-0.008
-0.081
-0.066
0.610
1.842
0.252
1.914
0.053
0.040
0.275
-0.161
0.202
1.245
0.389
0.788
1.957
-0.589
0.623
-0.104
-0.451
0.160
-0.011
-0.886
-0.009
0.467
0.212
0.062
0.912
0.847
0.603
-0.046
-1.708
-0.684
-0.130
-0.560
-0.854
-0.465
-0.267
-0.175
-0.743
-0.082
-0.227
0.912
0.745
-0.043
-0.153
-0.646
-1.635
-0.120
-0.116
-0.204
-0.203
-0.371
-0.527
-0.238
-0.324
-1.230
-0.079
0.337
-1.611
-0.147
0.175
0.003
-0.101
-0.211
-0.333
-1.124
-1.915
0.164
-0.022
-0.247
0.885
0.057
-0.034
-0.162
-0.011
-0.142
-0.011
-0.598
-0.069
-0.384
-0.997
0.608
-0.118
2.226
1.057
-1.241
-0.395
0.367
-0.148
-0.042
-0.248
0.007
2.997
0.996
1.414
0.663
2.390
1.902
0.147
-0.085
-0.152
1.102
-0.036
0.238
0.277
2.831
0.571
2.970
-0.016
-0.100
0.234
-0.114
-0.153
-0.042
0.042
-0.219
0.796
0.182
0.021
1.969
0.097
1.075
-0.033
0.187
0.093
-0.064
1.088
0.968
0.094
-0.150
-0.824
-0.138
1.122
-0.789
0.235
0.816
0.057
-0.282
0.057
-0.003
0.948
-0.824
0.292
0.187
2.228
0.445
1.759
0.751
1.418
0.144
1.278
0.023
0.139
0.376
1.637
0.354
0.095
0.963
-0.161
0.706
0.523
0.569
-0.306
0.056
-0.007
-0.558
0.411
-0.111
-0.153
0.573
0.453
0.013
0.384
0.836
-0.693
1.694
0.735
0.277
-0.021
-0.730
0.541
0.021
-0.145
0.181
1.613
0.003
-0.096
0.374
-0.153
-0.094
-0.256
0.116
-0.153
0.092
0.488
1.560
-0.362
-0.003
-0.328
-0.335
0.195
0.367
0.730
-0.210
0.681
-0.251
0.082
0.592
-0.129
1.405
0.591
-0.110
1.021
1.145
0.633
1.179
0.855
1.851
0.639
0.093
0.629
1.217
-0.364
-0.807
1.115
-0.276
-1.405
0.609
-0.481
-0.509
0.128
-1.455
1.604
-0.182
0.142
0.306
0.178
-1.303
2.593
-0.513
-0.667
-0.299
-0.153
-0.992
1.402
-0.150
-2.071
-0.342
0.710
-0.133
-0.150
-0.157
-0.133
-0.153
0.981
1.062
0.992
0.410
-0.248
-0.135
0.686
-0.695
1.897
-1.338
-0.635
-0.043
