0.026
0.371
-0.037
-0.033
0.055
0.001
0.408
0.211
0.031
-0.087
-0.052
0.533
-0.051
-0.178
-1.356
-0.131
-0.410
-0.288
-0.262
-0.611
-0.071
-2.533
-0.827
-0.014
-0.070
0.059
-0.040
0.132
0.263
0.285
-0.077
0.086
-0.243
-0.299
-0.248
2.411
2.027
2.667
0.962
0.535
1.190
3.272
-0.246
-0.248
-0.122
-0.021
0.121
-0.296
2.058
1.212
1.873
0.978
2.173
2.996
1.811
1.829
1.333
-0.248
0.744
3.298
1.296
1.319
1.247
1.354
1.493
3.988
1.709
0.621
-0.172
-0.216
0.657
-0.245
-0.632
-0.012
-0.248
-0.248
-0.248
-1.120
4.455
-0.194
-0.278
1.130
-0.200
0.023
-0.571
-0.275
0.284
2.415
0.508
0.271
-0.248
-0.451
0.335
0.871
0.096
-0.061
-0.141
0.179
1.914
0.073
-0.178
-0.059
0.305
0.856
-0.074
-0.248
0.193
-1.262
-0.050
-0.252
-0.137
0.269
-0.269
-0.182
-0.316
-0.278
0.247
-0.257
-0.039
-0.488
0.246
-0.246
-0.265
-0.251
-0.288
1.890
-0.217
-0.576
-0.702
1.154
0.020
-0.353
-0.002
-0.248
-0.248
0.864
0.432
1.129
0.040
0.105
2.493
0.025
-1.115
0.305
-0.032
-0.248
0.122
0.462
-0.121
-0.248
-0.243
-0.248
0.685
1.735
0.793
3.385
3.021
0.408
2.055
-0.061
0.574
2.777
1.970
-0.248
-0.427
-0.001
1.767
0.523
0.522
-0.059
2.677
-0.248
0.064
-0.252
1.014
1.448
1.010
0.689
0.478
1.183
0.427
1.789
0.006
1.877
0.545
0.428
0.024
-1.006
-0.248
0.180
0.113
0.807
-0.248
-0.248
-0.248
-1.303
0.398
0.046
-0.015
0.192
0.149
0.329
-0.693
0.141
-0.157
-0.164
3.734
2.346
1.162
-0.136
-0.231
-0.152
-1.870
0.234
0.855
-3.855
1.105
-0.244
3.319
2.400
1.296
3.148
0.320
2.006
0.896
0.759
0.337
0.113
1.924
0.803
0.347
1.997
1.191
0.888
3.680
-0.230
-0.815
0.201
0.316
0.588
0.028
0.470
-0.004
-0.077
2.846
0.041
0.229
-0.025
1.382
1.593
0.074
0.957
0.374
-0.079
0.988
-0.040
1.503
-0.316
0.397
1.369
-0.041
-0.222
0.133
0.045
-1.085
-0.798
-0.623
-0.500
0.015
0.793
-0.193
0.906
-0.035
-0.420
1.398
-0.214
-0.248
0.401
0.616
-0.274
-0.247
0.661
0.219
0.856
0.946
-0.032
0.031
-0.050
-0.221
0.621
2.923
-1.453
-0.217
-0.349
-0.105
-0.248
0.043
-1.071
2.055
-0.565
-0.131
0.138
-0.248
1.389
0.181
-0.381
-0.750
-2.986
-0.986
0.797
-0.330
-1.349
0.297
-0.237
0.124
2.148
-0.058
-0.237
0.410
0.208
-0.050
0.348
-0.147
0.014
-0.115
0.022
0.126
0.298
0.036
1.315
1.885
0.185
0.187
0.842
0.144
0.898
0.361
0.301
0.151
-0.247
0.389
1.276
-0.265
0.410
0.065
-0.248
0.073
-0.248
-0.249
2.793
1.320
0.908
1.165
1.398
0.655
0.427
1.545
1.970
0.975
0.100
0.075
0.187
0.386
0.075
0.912
-0.137
0.766
-0.320
2.747
-0.293
1.591
0.624
0.972
0.478
0.484
-0.866
0.042
-0.217
0.129
0.020
-0.405
-0.416
-0.524
0.725
1.037
0.179
-0.086
-0.248
0.320
-0.101
-0.665
0.103
-0.279
-0.085
-0.082
0.904
0.085
0.726
-0.056
1.617
0.740
-0.248
0.099
1.750
-0.164
0.659
0.026
2.877
3.175
-0.007
0.798
-0.157
0.765
-0.199
0.100
-0.108
-0.097
0.597
-0.265
1.615
0.677
0.584
0.065
0.001
-0.210
0.810
0.179
0.062
-0.248
-0.606
0.420
-0.446
-0.209
1.590
-0.248
1.644
1.041
-0.248
-0.060
-1.274
-0.315
-0.248
-0.183
-0.675
0.205
-1.049
-0.880
-1.004
-0.546
0.078
-0.012
-0.750
-0.407
-0.077
-0.140
-0.248
1.999
-0.580
-0.336
2.356
-0.499
0.090
0.382
-0.304
-0.110
0.423
0.196
0.275
0.414
0.241
0.733
-0.306
0.135
2.061
0.985
1.758
1.230
-0.176
-0.233
1.118
3.033
0.060
-0.283
0.342
0.165
0.055
1.703
0.582
1.498
0.700
2.777
1.292
0.228
0.030
-0.175
1.166
0.090
0.124
0.301
1.688
0.952
0.984
-0.228
0.017
-0.102
-0.248
0.105
0.272
-0.073
0.407
0.211
0.286
0.046
-0.175
0.263
0.174
-0.180
-0.077
0.374
0.124
3.238
1.976
0.440
0.073
-0.382
-0.230
0.070
0.239
0.148
-0.299
0.467
0.238
0.035
0.088
0.753
0.163
0.835
0.230
0.479
0.730
2.746
0.630
1.144
-0.294
0.276
0.357
0.743
0.103
0.274
-0.147
0.182
1.210
0.645
0.443
0.970
-0.213
-0.659
0.255
-0.039
-0.106
0.331
-0.006
0.214
0.440
0.181
0.277
-0.165
0.535
-0.356
2.935
0.332
-0.207
1.607
0.689
0.032
-0.248
0.888
0.282
-0.248
-0.248
-0.045
-0.529
-0.312
0.065
-0.248
0.039
0.060
-0.006
1.656
0.026
-0.255
-0.156
0.289
-0.009
-0.004
0.233
0.756
0.056
0.354
0.125
0.181
-0.044
0.323
2.154
0.987
0.062
0.229
-0.092
-0.207
1.065
0.431
1.249
1.013
0.201
3.944
0.638
-0.481
1.532
0.946
-0.242
0.158
0.315
-1.928
-0.387
0.350
0.055
1.748
-0.618
-0.094
1.514
0.617
-0.633
-0.105
-0.618
-1.031
-0.248
1.301
-1.053
2.916
-0.248
-0.388
0.779
0.285
-0.190
-0.098
-0.337
-0.776
0.639
0.039
0.282
-0.112
-0.068
0.091
-0.236
-0.272
-1.857
2.075
-0.145
-0.281
-0.270
