0.024
-0.176
-0.141
-0.126
0.159
0.028
-0.049
0.354
-0.129
0.401
0.621
0.516
0.112
0.715
-0.176
-0.236
-0.183
-0.166
-0.224
-0.177
0.272
-1.364
-0.856
-0.015
-0.097
-0.134
0.507
0.231
0.622
-0.071
-0.160
0.130
-0.559
-0.168
-0.486
2.515
1.495
3.026
0.542
2.107
2.792
3.994
0.343
-0.251
0.119
-0.137
0.123
0.012
2.014
1.273
3.141
2.242
2.467
3.410
2.127
1.517
1.208
-0.169
0.589
3.991
1.811
2.479
2.310
2.481
2.028
2.801
2.261
0.561
0.244
0.459
1.499
-0.220
-0.392
0.514
1.238
2.394
1.126
-1.304
2.742
0.027
-0.319
2.086
0.144
0.035
0.121
0.019
1.496
3.623
0.649
-0.176
-0.176
0.296
-0.004
0.955
0.016
0.139
0.174
-0.040
1.097
0.745
0.062
0.168
0.790
0.462
0.187
0.021
-0.035
-0.053
-0.211
-0.215
0.138
-0.008
-0.084
-0.085
-0.180
-0.208
-0.039
-0.193
-0.055
-0.236
-0.051
-0.062
-0.034
-0.234
-0.185
1.589
-0.160
-0.260
-0.375
0.087
-0.073
-0.308
-0.197
0.334
-0.332
-0.154
0.195
-0.140
-0.485
-0.123
-0.025
-1.720
-1.703
-0.033
0.047
0.101
0.078
1.063
0.198
3.377
2.149
-0.456
1.201
2.324
2.368
4.196
2.759
3.480
2.522
-0.176
0.086
2.041
1.641
0.482
-0.195
0.205
1.026
0.406
0.159
0.320
0.520
-0.487
-0.009
-0.152
0.876
2.185
2.250
1.337
1.956
1.004
-0.084
2.016
-0.155
0.727
0.598
-0.057
-0.145
-0.249
-0.176
0.270
-0.124
0.238
0.104
2.649
1.681
-0.737
0.732
0.025
0.401
0.158
-0.086
0.066
-0.078
0.328
0.407
0.262
2.967
1.932
1.046
0.008
-0.028
-0.176
-0.476
0.026
0.502
-0.176
-0.579
-0.176
2.152
2.486
1.395
2.763
0.379
2.400
1.385
1.315
1.212
1.358
1.363
1.096
0.264
2.012
1.509
1.184
3.521
-0.068
-1.267
0.732
-0.056
0.532
0.044
0.822
0.205
-0.325
3.068
0.227
1.117
-0.176
1.361
1.792
-0.504
1.320
-0.081
0.190
1.322
0.264
1.850
-0.021
-0.130
1.350
1.489
1.566
0.581
0.293
-1.130
-0.176
-0.166
0.486
-0.148
0.629
-0.227
1.095
-0.027
-0.141
0.204
0.147
0.557
0.702
0.436
-0.176
0.036
0.746
1.239
0.366
1.535
-0.176
0.286
-0.271
-0.176
-0.004
2.292
-0.166
-0.151
-0.176
-0.104
-0.176
-0.078
-0.170
2.191
-0.235
-0.475
0.475
0.345
0.674
0.169
0.799
-1.136
-2.360
-0.861
-0.501
0.722
-0.726
0.470
-0.262
1.279
3.264
1.639
0.059
-0.041
-0.007
0.097
0.038
0.198
0.178
0.546
-0.116
0.381
-0.176
-0.036
1.052
0.983
0.352
0.826
0.589
0.282
1.379
0.430
0.679
-0.148
-0.154
0.168
0.875
-0.711
0.656
0.793
-0.058
0.559
-0.194
-0.189
3.961
1.919
1.337
1.950
1.553
1.414
-0.053
2.389
2.144
1.616
-0.058
0.372
0.285
0.583
0.543
0.704
0.601
0.075
0.103
2.422
-0.203
1.091
1.042
1.153
0.270
1.793
-0.138
0.229
-0.096
0.050
-0.609
0.066
-0.176
-1.240
-0.165
0.051
0.231
0.127
0.175
1.722
0.315
-0.295
-0.131
-0.192
-0.054
0.458
1.008
0.310
0.769
0.312
2.083
1.538
1.309
0.727
1.470
1.568
1.584
-0.107
2.804
2.009
0.006
-0.145
-0.178
1.616
-0.114
0.319
-0.035
0.105
0.960
-0.187
1.479
0.594
1.039
-0.120
-0.084
-0.176
1.965
0.020
-0.212
-0.165
-0.273
0.308
-0.296
-0.150
0.381
-0.257
2.013
1.560
-0.018
-0.347
-1.074
-0.507
0.026
-0.183
-0.250
-0.307
-0.505
-0.338
-1.031
-1.217
-0.435
-0.276
-0.278
-0.443
-0.334
0.360
-0.128
2.645
-0.987
-0.252
2.093
-0.705
0.900
2.214
-0.801
1.915
0.168
-0.038
-0.702
-0.047
0.156
0.988
-0.176
0.649
2.517
0.409
2.078
0.666
0.017
-0.102
1.274
2.024
-0.068
-0.170
0.095
0.073
0.683
1.597
0.560
1.789
0.227
3.352
1.056
0.523
0.284
0.647
1.208
0.340
0.215
0.919
3.031
1.235
2.062
0.577
-0.093
-0.176
0.125
0.047
-0.039
-0.228
0.145
0.353
0.269
0.153
-0.150
0.433
-0.079
0.156
0.055
0.614
0.428
1.459
1.551
0.785
-0.131
-0.176
-0.176
0.669
0.781
0.121
0.415
0.213
0.176
-0.005
-0.130
1.391
0.196
1.115
0.438
0.311
1.419
4.074
1.326
0.949
0.035
0.057
0.307
0.647
0.325
-0.091
-0.639
0.273
1.487
1.733
0.776
0.698
0.355
-0.556
0.024
-0.136
-0.164
0.334
0.495
0.558
0.998
0.824
-0.031
-0.176
0.585
-0.111
3.411
0.453
0.316
0.007
1.462
0.302
-0.146
1.129
0.048
-0.052
-0.112
0.068
-0.170
-0.473
0.062
0.053
-0.196
0.010
-0.179
2.412
1.452
-0.207
0.055
0.230
0.074
0.405
0.090
-0.314
0.072
0.315
0.286
0.586
0.423
0.014
2.237
0.830
0.669
1.487
1.131
0.635
1.539
-0.082
1.422
1.220
0.894
3.439
0.931
0.090
1.023
0.634
-0.176
0.094
0.404
-0.556
-0.054
0.303
0.976
1.569
-0.202
0.603
0.872
-0.006
-0.460
0.653
-0.256
-0.362
-0.666
1.160
0.368
0.703
-0.254
-0.810
0.625
0.754
-0.211
-0.125
-0.177
-0.460
1.228
0.135
1.093
1.228
0.067
0.039
-0.214
-0.791
-0.764
1.795
-0.401
0.376
0.020
