0.412
0.257
0.034
0.070
0.055
0.356
0.266
0.216
0.511
0.241
0.452
0.872
0.407
0.421
-0.276
-0.071
-0.104
-0.090
-0.712
-0.105
0.750
-1.357
-0.279
0.587
0.104
0.141
0.223
0.545
0.246
0.031
0.126
-0.120
0.181
0.254
-0.211
3.384
1.989
2.569
1.130
1.434
2.154
3.514
0.009
-0.341
0.455
0.004
0.430
-0.001
1.896
0.954
2.149
2.075
2.860
3.379
2.360
1.736
1.348
0.084
0.910
3.459
1.554
1.745
1.801
2.614
1.853
3.201
2.263
1.111
0.157
0.750
2.046
-0.090
0.704
0.722
0.117
0.096
0.131
0.068
2.617
0.178
-0.707
1.013
0.084
0.734
-0.057
-0.010
1.606
2.524
0.846
0.063
-0.274
0.470
0.287
0.682
0.309
0.103
0.148
-0.060
1.269
0.739
0.176
0.170
-0.023
0.731
0.393
-0.166
0.219
-0.398
0.043
-0.543
0.231
0.205
-0.262
-0.143
-0.444
-0.235
0.153
-0.094
-0.006
-0.181
-0.041
-0.256
-0.203
-0.416
-0.541
1.382
-0.145
-0.857
-0.422
0.333
0.075
-0.114
0.084
0.140
-0.491
0.698
-0.748
0.227
0.001
0.377
0.362
0.240
-1.157
0.628
0.442
0.084
0.399
0.954
0.756
3.513
0.389
0.139
1.274
1.901
1.713
2.882
2.534
2.498
2.046
-0.136
0.914
2.313
1.767
0.084
-0.139
0.106
1.072
0.929
0.407
0.560
1.018
-0.493
0.496
0.131
1.158
1.930
2.022
0.750
1.324
1.239
-0.141
2.466
-0.144
0.951
0.764
1.195
0.693
-0.298
0.022
0.329
0.012
0.078
-0.708
-0.491
0.084
-0.222
0.429
0.326
0.765
0.188
0.483
0.258
-0.283
0.392
0.140
0.494
3.749
3.220
1.246
0.182
1.265
0.049
-1.324
0.753
0.969
-0.614
-0.200
-0.042
2.341
2.293
1.542
2.729
1.144
1.581
1.417
1.287
0.933
1.470
2.214
1.871
1.144
2.170
1.924
1.115
3.106
-0.150
-1.462
0.777
0.263
1.026
0.549
1.523
0.221
0.069
3.615
0.179
0.887
0.398
2.355
0.704
0.227
1.684
0.686
0.431
0.989
0.496
1.705
0.345
0.545
1.506
1.369
-0.154
1.441
1.552
-1.807
0.229
-0.171
0.257
-0.227
1.283
-0.044
1.673
0.085
-0.467
1.169
0.084
0.712
0.535
0.074
0.149
-0.444
0.317
0.105
0.494
0.727
0.099
0.242
0.069
0.084
0.870
2.349
0.076
0.163
-0.085
0.353
0.197
0.069
-0.568
2.483
0.554
-0.265
1.801
0.263
1.279
0.184
-0.046
-0.383
-1.732
-1.226
-0.046
-0.193
-0.768
1.081
-0.032
0.919
2.348
1.218
-0.183
0.144
-0.157
0.270
0.022
0.559
0.012
1.098
0.120
0.842
0.108
0.159
1.096
1.472
0.336
0.590
0.942
0.307
1.396
0.520
0.653
0.197
0.043
0.696
1.296
-0.456
1.093
0.563
0.705
0.670
0.098
-0.206
2.868
2.103
1.663
1.580
1.306
0.939
0.220
1.380
1.814
1.372
0.265
0.343
0.204
0.699
0.335
0.125
1.657
2.092
-0.173
2.128
-0.109
1.616
1.199
1.569
0.777
1.602
0.180
0.246
0.077
0.580
0.691
0.368
-0.143
-0.681
0.267
0.029
0.074
-0.084
-0.004
1.095
0.941
-0.557
0.346
0.139
0.114
0.747
1.071
0.674
1.869
-0.048
2.073
1.797
0.084
1.216
1.501
0.753
0.981
0.053
2.281
2.018
-0.134
0.486
0.261
0.892
0.212
0.502
0.025
0.541
0.687
0.312
1.563
0.766
0.703
0.198
1.229
0.082
0.736
0.448
-0.002
-0.038
-1.445
0.435
0.132
-0.361
0.570
0.070
1.913
1.127
0.083
-0.241
-0.329
-0.444
0.105
-0.081
-0.114
0.472
-0.946
-0.536
-0.909
-0.458
0.207
0.240
-0.286
-0.354
-0.018
0.620
0.455
2.214
-0.597
-0.276
1.835
-0.623
0.272
1.548
0.238
0.901
0.574
0.461
0.778
0.618
0.657
1.414
0.085
0.242
1.873
0.097
2.154
1.159
0.210
0.223
1.050
1.784
0.173
-0.219
0.410
-0.016
0.331
1.771
0.691
2.052
0.927
2.769
1.415
0.327
0.268
0.213
1.146
0.337
0.606
1.202
2.456
1.701
2.053
0.400
0.032
0.264
0.563
0.289
0.112
0.070
0.661
0.802
0.317
0.498
0.295
0.402
0.343
0.128
0.229
0.575
0.581
1.589
1.820
0.809
-0.117
-0.507
0.397
0.628
1.464
0.370
0.172
0.531
0.131
0.201
0.602
1.095
0.596
0.864
0.861
0.835
1.648
2.639
1.528
1.240
-0.003
0.442
0.321
0.905
0.423
0.314
0.247
0.263
0.913
0.881
0.476
0.506
0.230
0.118
0.557
0.026
0.283
0.720
0.672
0.258
0.774
0.669
0.417
-0.376
0.940
-0.213
2.422
1.217
0.621
0.438
1.176
0.897
-0.173
1.262
-0.075
0.715
0.052
0.706
-0.128
-0.152
0.484
0.103
0.051
-0.005
0.024
2.094
2.246
-0.154
0.063
0.649
-0.082
0.197
0.306
0.563
0.020
0.616
0.239
0.617
0.555
0.210
1.890
1.143
0.874
1.474
0.878
0.804
1.013
0.583
1.890
1.354
1.126
3.131
1.341
0.124
0.982
0.635
-0.371
0.344
0.210
-0.139
-0.477
0.692
0.570
1.390
-0.901
-0.206
1.148
0.610
-0.342
0.944
-0.356
-0.360
0.158
0.244
0.301
0.798
-0.044
-0.406
0.731
0.815
-0.083
-0.046
-0.162
-0.625
0.883
0.036
0.956
1.180
0.615
0.227
0.227
-0.625
-1.036
1.882
0.032
1.524
-0.325
