0.194
0.059
0.016
3.003
0.170
-0.081
0.271
0.415
0.271
0.359
0.432
0.748
0.713
0.475
0.042
-0.072
-0.024
-0.415
0.224
0.581
1.301
0.051
0.244
0.356
-0.050
0.365
0.271
0.271
0.676
0.173
0.271
0.271
0.271
-0.800
0.454
1.832
1.318
1.710
1.040
1.163
0.712
1.435
0.104
-0.195
0.271
0.312
0.196
0.271
1.679
1.372
0.451
1.197
1.786
2.495
2.101
2.112
1.570
0.303
0.491
2.849
1.264
1.316
0.787
0.918
0.894
2.259
1.108
0.536
-0.123
1.495
1.632
-0.254
0.900
1.097
0.773
1.236
0.388
-0.798
2.957
-0.094
-0.573
0.728
0.113
1.227
-0.855
0.268
0.576
1.408
-0.199
0.004
-0.495
0.572
0.138
0.749
0.271
-0.192
0.198
-0.121
0.267
0.271
-0.083
0.270
1.211
0.919
0.395
-0.298
0.209
0.356
0.038
-0.532
0.262
0.558
-0.132
-1.112
-0.468
0.051
0.720
0.271
-0.134
0.086
0.310
0.155
-0.047
-0.011
-0.186
0.412
-0.116
0.214
0.143
0.630
0.271
0.219
1.253
0.663
-0.902
-0.878
0.280
0.260
-1.802
2.132
1.759
-2.119
-0.122
-0.395
-0.253
0.859
0.259
0.271
0.271
1.872
0.285
-0.003
0.271
0.787
1.528
2.907
2.287
2.440
0.866
0.271
0.295
2.311
1.923
-0.030
0.092
0.320
1.304
1.799
0.351
0.260
0.752
-0.802
0.189
-0.143
0.185
0.568
0.721
0.341
1.032
1.055
-0.833
2.063
0.153
0.153
0.241
0.409
0.400
-0.182
-0.805
0.370
-1.125
0.898
0.144
2.140
1.738
0.271
0.271
0.336
0.271
0.068
0.794
0.271
0.094
0.158
0.147
0.147
1.533
1.664
0.414
0.271
-0.834
0.294
-0.150
0.271
0.949
-0.151
-0.010
0.156
1.418
1.688
1.015
1.588
-0.120
1.988
0.287
0.272
0.351
0.753
1.361
0.815
-0.676
1.836
0.404
2.067
2.826
0.014
-0.589
0.966
0.009
1.388
0.271
1.247
-0.762
0.590
0.880
0.190
0.271
0.486
0.271
0.312
-0.407
0.264
0.822
0.431
0.876
0.246
1.633
0.271
0.166
0.769
0.294
0.627
-0.112
0.996
-0.820
0.647
-0.011
-0.230
-0.701
1.159
0.235
-1.409
0.286
-0.596
0.847
1.258
0.691
0.294
-0.090
0.348
-0.142
0.317
1.293
1.819
0.831
-0.160
0.577
-0.380
-0.235
-0.002
2.978
0.066
0.208
-0.459
-0.031
-2.554
0.127
-0.422
0.746
-0.272
0.784
0.029
0.022
1.596
-0.329
-1.019
0.083
-0.631
0.217
0.333
0.353
-3.277
0.255
0.132
0.745
0.821
1.108
-0.408
0.271
-0.168
0.445
0.271
-0.252
-0.422
0.271
-0.020
0.486
-0.187
0.271
0.630
0.197
0.227
-1.249
0.271
0.193
0.912
0.341
0.449
0.271
0.271
0.079
0.441
-0.317
0.271
0.332
0.246
0.453
-0.016
0.223
2.640
2.200
0.806
1.286
0.982
0.592
0.036
1.125
0.640
1.388
2.456
1.801
0.010
0.271
0.745
0.501
0.296
0.243
0.271
3.258
-0.016
0.986
0.750
0.347
0.271
0.541
0.202
0.053
0.109
0.271
-0.244
0.373
0.222
-0.287
-0.059
0.149
0.452
0.264
0.914
0.519
0.312
-0.271
0.535
-0.006
0.288
-0.211
0.266
1.038
1.031
-1.135
0.691
0.307
0.271
0.237
0.325
0.538
0.514
0.232
3.060
2.416
0.082
0.229
0.271
0.271
-0.648
0.317
0.122
0.271
0.492
0.200
0.202
0.343
0.547
0.300
0.227
0.271
0.472
-0.247
0.258
0.012
-0.159
0.271
0.202
1.366
0.513
0.084
0.432
-0.510
0.271
0.271
0.086
-0.731
0.181
0.271
0.065
0.155
-0.575
-0.441
0.021
-0.995
-1.479
0.072
-1.804
-0.391
-0.064
0.207
-0.728
0.571
0.131
0.172
-0.440
-0.999
0.271
0.616
-1.567
1.736
0.180
0.487
-1.067
0.390
0.474
0.151
0.179
-0.022
1.156
0.300
0.345
0.271
1.605
0.586
0.272
1.089
0.506
0.101
-0.076
-0.076
0.271
1.243
-0.033
1.656
0.421
1.751
0.048
0.436
0.271
0.151
0.565
0.465
0.271
0.721
2.644
1.354
2.534
0.265
-0.155
0.152
0.271
0.262
0.100
0.192
0.271
1.087
0.342
0.100
0.833
0.064
0.679
0.272
0.271
0.214
0.271
2.804
1.367
0.409
0.243
-0.086
0.102
0.308
0.184
0.224
0.271
0.337
0.170
0.271
-0.294
0.348
-0.350
0.399
0.271
0.612
1.017
3.072
0.939
1.264
0.271
0.506
0.271
-0.048
0.416
0.271
-0.951
0.290
0.301
0.347
0.455
0.209
0.672
-0.476
0.271
0.211
0.271
0.377
-0.121
0.871
0.795
0.611
0.163
-0.969
-0.010
-0.675
0.777
0.268
0.543
-0.139
0.383
0.306
0.271
2.094
0.385
0.314
-0.037
0.271
0.073
0.053
0.271
0.236
0.271
0.271
0.234
2.334
0.030
0.243
1.128
0.246
-0.293
0.138
0.271
0.086
-0.092
0.271
-0.304
0.582
0.577
0.271
1.796
0.325
0.476
0.321
0.271
0.271
1.740
0.234
1.648
1.216
0.117
0.360
0.509
-0.283
-0.292
0.588
-0.053
0.354
0.230
-0.934
0.140
0.221
0.244
1.984
-0.047
0.835
0.234
0.489
1.165
0.591
-0.016
-0.361
-0.547
0.267
1.415
0.908
0.629
-0.145
-0.380
1.089
0.123
0.473
0.118
0.111
0.271
0.538
0.433
0.949
0.035
1.219
0.146
0.271
0.956
2.952
-0.052
-0.787
0.166
