0.350
0.349
0.038
0.527
0.149
-0.319
0.929
0.292
0.437
0.266
0.559
0.683
0.228
0.327
-0.513
-0.222
-0.396
-0.288
0.031
-0.019
0.089
-1.489
-1.318
0.222
0.102
0.219
0.102
0.224
0.457
-0.117
0.090
-0.036
-0.486
0.005
-0.478
2.817
2.219
2.914
0.632
1.950
2.715
3.693
-0.121
-0.237
0.064
-0.022
0.239
-0.375
1.493
1.510
2.884
1.908
2.890
3.365
2.616
1.242
1.533
0.032
0.762
3.339
0.955
1.356
1.227
1.581
1.538
2.480
1.394
0.592
0.010
-0.041
0.677
-0.490
-0.732
0.192
0.123
0.377
0.042
-0.847
4.199
-0.114
-0.549
1.133
0.323
0.062
-0.757
-0.337
0.676
3.274
0.535
-0.351
-0.180
-0.138
0.318
0.798
0.752
0.052
0.090
-0.053
2.122
0.704
0.156
0.061
0.312
0.650
0.300
-0.378
-0.013
-0.338
-0.027
-0.142
-0.104
0.267
-0.191
-0.074
-0.162
-0.127
-0.012
-0.322
-0.062
-0.207
-0.033
-0.020
-0.123
-0.280
-0.087
1.869
-0.875
-1.592
-1.034
0.331
-0.045
0.150
0.426
0.222
-1.243
0.826
0.056
0.561
-0.663
0.637
0.698
-1.970
-1.857
0.240
0.226
0.403
0.175
1.243
1.517
2.385
0.716
0.089
0.765
2.787
2.272
3.584
3.338
3.630
3.666
0.257
1.324
2.594
2.506
0.504
-0.317
0.121
1.537
0.882
0.162
0.186
1.125
-0.330
0.108
-0.231
0.754
1.363
1.557
0.629
1.519
0.607
-0.309
1.781
-0.119
1.367
0.770
1.123
0.345
-0.595
0.091
-0.344
-0.112
0.354
0.043
0.292
0.136
-0.140
0.621
0.324
0.606
0.169
0.469
0.365
-0.125
0.095
0.313
0.234
3.388
2.461
1.007
-0.302
0.454
-0.011
-0.686
0.363
0.504
-2.743
-0.595
0.111
3.143
2.723
1.315
3.093
0.175
1.664
1.858
0.929
0.894
0.597
1.585
0.748
0.373
1.641
1.389
0.936
3.186
-0.179
-0.889
0.875
0.313
0.510
0.137
1.139
0.359
0.069
2.799
0.057
0.962
-0.393
1.493
1.371
-0.848
1.055
0.231
-0.080
1.184
0.967
1.674
0.060
-0.220
1.108
0.643
0.462
0.696
0.359
-1.432
-0.985
-0.460
0.014
-0.062
0.359
-0.270
1.326
0.080
-0.278
0.687
0.043
0.530
0.359
0.172
-0.337
0.068
0.514
0.268
1.169
1.314
-0.048
0.693
-0.014
-0.174
0.300
2.847
-1.343
-0.214
-0.160
0.037
0.002
0.002
-0.483
2.576
-0.486
-0.344
0.761
0.200
1.166
0.097
0.060
-1.064
-1.593
-1.636
-0.383
-0.219
-1.020
0.694
-0.507
-0.505
1.993
-0.033
-0.444
-0.396
-0.039
0.149
0.084
0.300
0.140
0.832
0.037
0.802
0.256
-0.027
1.870
1.115
0.384
0.221
0.848
0.246
0.851
0.388
0.378
0.027
0.053
0.603
1.895
-1.072
0.456
0.314
-0.126
0.521
-0.198
-0.247
3.474
1.802
1.061
1.848
1.437
0.927
0.202
1.316
1.840
1.157
0.360
0.896
0.013
1.275
0.983
1.014
-0.348
1.640
-0.072
2.387
-0.225
1.253
1.090
1.310
0.658
1.100
-0.125
0.296
0.194
-0.279
0.207
-0.373
-1.240
-1.296
0.031
0.327
0.424
0.026
0.500
0.765
0.546
-0.647
0.203
0.098
0.179
0.172
0.665
0.545
1.251
-0.163
2.034
1.797
0.043
0.506
1.836
1.337
1.970
0.117
1.774
2.575
0.056
0.556
-0.133
0.459
-0.165
0.210
-0.385
0.068
0.762
0.320
1.206
0.344
0.500
0.182
0.525
0.081
1.760
0.504
0.107
0.056
0.043
0.233
-0.552
-0.381
0.416
-0.211
2.506
0.868
-0.164
-0.087
-1.047
-0.985
-0.156
-0.384
-0.399
0.303
-1.241
-1.101
-1.457
-0.248
0.063
0.215
-0.874
-0.469
-0.117
0.019
-0.584
1.815
-0.920
-0.132
1.929
-0.737
0.166
0.519
-0.989
0.176
0.059
0.104
-0.985
0.141
0.489
1.023
-0.475
0.179
2.264
0.190
2.749
0.880
0.685
0.249
1.449
2.582
0.044
-0.101
0.168
0.340
0.036
1.383
0.747
1.311
0.287
2.639
0.628
0.371
0.406
0.359
0.922
0.280
0.404
0.665
1.913
0.914
1.954
0.321
0.157
-0.038
0.375
0.171
0.093
-0.769
0.161
0.420
0.135
0.133
0.683
-0.009
0.175
0.221
0.312
0.305
0.425
1.915
1.951
0.830
-0.259
-0.449
-0.085
0.331
1.303
0.032
1.143
0.165
0.152
-0.215
0.360
1.080
0.215
0.917
0.645
0.580
1.164
3.380
0.645
0.931
0.164
0.369
0.575
1.357
0.210
0.145
-0.874
0.181
0.581
0.478
0.386
0.485
0.119
-0.347
0.164
0.074
-0.269
0.453
0.412
0.161
0.487
0.657
0.009
-0.412
0.873
-0.343
3.010
0.885
1.044
0.197
0.018
0.487
0.035
2.140
0.088
0.008
-0.042
0.172
-0.669
-0.782
0.238
-0.237
-0.195
0.109
-0.177
2.161
1.241
-0.640
-0.221
0.079
-0.091
0.362
0.123
-0.285
0.194
0.381
0.115
1.223
0.802
0.178
1.965
0.902
0.066
1.245
0.949
-0.035
1.414
0.073
0.907
0.488
0.336
3.854
0.825
0.072
1.806
0.881
-0.135
-0.208
0.269
-0.981
-0.600
0.298
1.004
1.118
-0.076
0.480
1.757
0.954
-1.325
-0.202
-0.459
-0.982
-0.491
-0.359
-0.696
1.167
-0.300
-0.363
0.974
0.453
0.040
-0.408
-0.150
-0.936
0.958
0.138
0.990
1.399
0.279
0.126
-0.078
-0.095
-1.858
1.587
-0.299
-0.445
0.114
