0.055
0.043
-0.126
0.072
0.137
0.068
0.043
0.487
0.111
0.187
0.410
0.708
0.084
0.048
0.092
-0.080
-0.386
-0.304
0.043
-0.006
1.350
-1.613
-0.137
0.285
0.229
0.043
-0.963
-0.657
0.610
0.043
0.192
0.059
0.059
0.043
0.143
3.332
2.957
3.453
1.098
1.998
1.517
3.904
0.043
0.012
0.043
0.376
0.362
0.358
1.267
3.269
2.171
2.023
2.188
4.399
2.816
1.415
1.572
0.043
0.605
3.843
1.772
1.512
1.767
2.607
1.868
3.358
1.732
0.364
-0.034
0.025
0.968
-0.279
-0.173
0.287
0.043
0.036
0.006
0.031
4.047
0.023
-0.287
0.587
0.202
0.074
-0.267
-0.037
0.973
3.908
1.216
0.412
-0.001
-0.194
0.184
0.621
0.043
0.043
-0.019
0.004
1.763
0.957
0.036
-0.355
0.034
1.733
0.265
-0.083
0.103
-0.013
0.120
0.031
0.040
0.129
0.044
0.043
0.043
0.016
0.111
0.028
0.073
-0.133
0.061
0.043
0.043
0.014
0.043
1.109
0.078
-0.686
0.009
0.087
0.043
0.043
0.043
0.043
-1.106
0.905
0.044
0.043
-0.004
0.043
0.043
-0.457
-0.211
0.084
0.165
-0.040
0.152
1.392
0.314
1.177
0.259
0.043
0.493
2.152
2.458
5.099
3.721
1.282
1.810
-0.065
0.274
1.263
1.927
0.104
-0.347
0.060
1.431
0.981
0.308
1.863
1.331
-1.015
0.043
0.033
0.367
2.041
1.966
0.318
0.359
0.850
-0.044
2.047
0.000
0.533
0.317
0.043
0.080
0.025
-0.112
0.052
-0.004
0.043
-0.301
0.475
0.775
-0.375
0.193
0.372
0.405
0.417
1.075
0.346
0.029
0.424
0.318
0.043
3.153
2.428
0.228
0.043
0.505
0.043
-0.109
0.214
0.901
-1.266
-1.143
-0.132
2.811
2.297
1.016
2.417
0.522
1.928
1.677
0.872
0.686
1.182
1.027
1.651
0.086
2.145
1.398
0.846
4.056
0.050
-0.551
0.604
0.051
0.854
0.057
0.515
0.319
-0.015
2.648
0.043
0.889
0.043
1.720
1.405
0.007
1.223
0.225
-0.002
0.818
0.192
0.930
-0.038
0.043
1.059
1.140
0.130
2.284
0.834
-0.494
-0.687
-0.150
1.086
0.043
0.898
-0.122
0.975
0.115
-0.030
0.640
0.043
0.411
0.306
0.631
0.043
1.172
0.532
0.243
1.202
1.017
-0.042
0.043
0.024
0.010
0.763
2.394
-0.841
0.080
-0.141
-0.134
-0.116
0.045
-0.757
3.268
-0.654
0.519
1.156
0.134
0.387
0.155
0.414
-0.845
-2.782
-1.522
0.119
0.273
-0.425
0.614
0.103
0.501
3.246
-0.412
0.043
0.033
-0.003
0.058
0.074
0.162
0.043
1.568
0.365
0.617
0.124
0.114
1.961
0.910
0.048
0.072
0.671
0.182
0.850
0.170
0.494
0.088
0.043
0.376
0.255
-0.267
0.638
0.658
0.073
0.043
-0.267
-0.095
4.212
0.929
1.010
1.740
1.642
0.333
0.119
0.755
2.003
0.676
0.095
0.178
0.104
1.254
1.325
0.992
1.043
2.850
0.126
3.021
-2.443
1.104
1.604
1.712
0.618
1.922
-0.063
0.043
0.224
0.052
0.070
0.509
-0.666
-0.240
0.566
0.672
0.043
0.043
0.043
0.901
1.361
0.160
0.050
0.014
0.107
0.067
0.186
0.188
1.883
0.026
1.583
0.749
0.033
0.128
0.043
0.067
0.032
0.043
2.615
3.829
0.523
0.043
0.043
0.238
0.043
0.529
0.043
0.092
0.629
-0.039
0.932
0.132
0.827
0.043
0.145
0.101
0.950
0.293
1.419
1.114
0.016
0.067
-0.029
-0.049
0.833
-0.113
1.675
1.025
1.385
0.043
-0.438
-0.244
-0.101
-0.245
-0.419
0.043
-0.338
-0.282
-0.032
0.043
-0.074
0.043
-0.330
-0.200
0.043
0.856
-0.164
1.917
-0.736
-0.235
0.876
-0.770
0.043
0.795
-0.347
0.156
0.697
0.417
0.021
0.074
0.421
0.552
0.029
0.381
2.599
0.224
2.376
0.495
0.043
0.113
1.240
1.823
0.043
0.043
0.081
0.461
0.117
1.223
0.464
2.218
0.935
3.743
1.790
0.601
0.317
0.144
0.914
0.610
0.688
0.253
0.883
1.179
2.054
0.043
0.043
0.043
0.065
0.299
0.043
-0.103
0.043
0.671
0.069
0.140
0.036
0.102
0.043
0.043
0.269
0.181
0.536
1.316
1.324
0.166
0.019
-0.182
0.042
0.120
1.414
0.259
0.039
0.250
0.108
0.108
1.052
0.967
0.325
0.390
0.134
0.120
1.351
3.236
1.145
1.148
0.006
0.043
0.114
1.777
-0.110
0.048
-0.936
0.110
0.685
-0.131
0.268
0.174
0.120
0.250
0.048
0.067
0.043
0.305
0.510
0.224
0.518
0.159
0.340
-0.026
1.133
0.019
2.960
0.534
0.086
1.024
1.071
0.043
0.043
2.032
0.043
0.141
0.028
0.176
0.043
0.025
0.005
-0.016
-0.064
0.043
-0.065
1.327
0.932
-0.432
0.043
-0.760
0.374
0.126
0.388
0.043
0.159
0.249
0.209
0.509
0.518
0.182
2.518
0.889
0.967
1.598
1.110
0.043
1.014
0.116
1.169
0.757
0.229
3.433
0.439
0.043
-1.923
0.814
-0.242
0.260
0.411
-0.840
0.224
0.769
0.207
1.281
0.043
0.346
1.738
0.200
-1.000
0.138
0.016
-0.288
0.038
0.122
-0.068
0.692
-0.910
-0.743
0.443
0.503
0.076
-0.131
-0.260
-0.551
0.513
0.276
0.647
0.722
0.963
0.253
-0.211
-2.319
-1.630
0.094
-0.195
0.031
0.043
