0.302
-0.405
-0.364
-0.023
-0.100
-0.202
-0.425
-0.932
-1.486
-0.805
-0.215
-0.236
0.153
0.007
0.214
0.294
0.531
0.291
0.287
0.106
-0.759
1.253
0.601
-0.027
-0.075
0.159
0.199
0.191
-0.356
0.190
0.234
-0.227
0.556
0.150
0.243
-3.001
-2.311
-3.386
-0.710
-1.799
-3.007
-4.096
0.067
0.227
-0.429
0.171
-0.147
0.150
-2.846
-2.050
-2.355
-1.033
-3.653
-4.031
-2.148
-1.516
-1.091
0.244
-0.592
-3.542
-0.783
-2.193
-1.972
-2.359
-2.038
-3.248
-2.357
-0.552
-0.350
-0.063
-1.754
0.039
-0.591
0.090
-2.348
-1.820
-0.675
1.414
-3.820
0.065
0.892
-1.531
-0.836
-0.030
0.494
-0.408
-1.535
-3.600
-1.091
0.025
0.360
0.135
-0.389
-1.415
-0.677
0.098
0.184
0.112
-1.021
-0.914
-0.070
0.294
-0.724
-1.040
0.089
0.280
-0.200
0.147
-0.061
0.052
-0.212
-0.531
0.282
0.202
0.305
0.236
-0.037
0.173
0.046
0.246
-0.098
0.119
0.208
0.304
0.310
-1.749
0.409
0.886
-0.056
-0.560
-0.061
0.246
-1.350
-1.270
0.575
-0.419
0.483
-0.151
0.926
-0.080
0.007
0.699
0.668
0.090
-0.013
0.210
-0.201
-0.221
-0.066
-3.681
-1.060
-0.271
-0.864
-1.926
-1.237
-3.090
-2.907
-3.699
-2.462
0.033
-0.548
-2.046
-0.344
-1.054
0.168
-0.071
-0.823
-1.331
-0.282
-0.761
-2.512
0.436
-0.144
0.486
-0.496
-1.860
-1.938
-0.632
-1.812
-1.041
0.062
-2.117
0.328
-0.627
-0.191
0.073
-0.052
0.692
0.229
-0.153
0.096
-0.390
0.668
-2.038
-1.233
0.624
-0.173
-0.358
-0.343
-1.643
-0.273
-0.018
0.184
-0.535
-0.163
-0.717
-3.059
-2.857
-0.855
0.310
-0.455
0.425
1.836
-0.195
-0.048
1.316
-0.005
0.462
-1.467
-2.754
-0.207
-3.289
-0.962
-1.749
-1.718
-0.633
-0.939
-1.475
-1.533
-1.103
-0.740
-2.678
-1.890
-1.776
-3.201
0.183
0.593
0.047
-0.120
-0.889
0.001
-0.458
0.474
-0.312
-1.081
-0.078
-0.956
-0.699
-2.660
-1.918
0.271
-0.353
0.044
0.119
-1.067
-0.281
-3.580
-0.116
0.238
-1.587
-0.529
0.246
-0.809
-0.470
1.343
0.231
0.184
0.084
0.072
-0.743
0.271
-0.507
-0.113
0.083
-1.218
0.224
-2.845
-0.413
-0.166
0.192
-0.021
-0.289
-1.587
-1.683
-1.111
0.035
-0.727
0.187
0.292
-0.329
-1.258
0.593
-0.132
0.474
0.103
0.256
-0.774
0.396
-2.153
1.024
-0.153
-1.156
0.246
-0.967
-0.290
-1.162
1.284
1.265
0.536
-0.222
-0.344
0.832
-0.378
0.149
0.261
-3.790
-0.760
-1.148
-0.042
0.046
0.052
0.105
-0.122
0.115
-0.598
-0.237
-0.362
0.225
0.040
-1.938
-0.031
-0.273
0.068
-0.119
0.150
-2.545
-1.340
-0.723
0.172
0.037
-0.426
-1.977
0.888
-1.016
0.057
0.237
-0.676
0.509
0.253
-3.330
-1.722
-0.790
-1.744
-2.128
-1.309
-0.086
-1.708
-2.556
-1.988
-0.855
-1.324
-0.111
-0.543
-1.201
-0.639
-1.968
-2.893
0.369
-1.471
0.550
-0.553
-0.775
-1.117
0.018
-2.318
0.042
-0.217
0.104
-0.161
-1.624
-0.038
0.989
1.270
-0.369
-0.508
-0.494
0.076
0.534
-2.548
-2.452
0.335
0.159
-0.042
0.289
-0.568
-0.824
0.167
-1.977
0.256
-3.067
-1.226
-1.268
-0.836
-0.809
0.163
0.122
0.137
-1.707
-3.886
-0.084
-0.435
0.118
-1.248
-0.925
-0.356
0.247
-0.008
-0.900
0.159
-1.210
-0.359
-0.963
0.111
-0.344
0.246
-2.505
0.062
-0.214
0.429
0.561
-0.058
0.143
0.217
0.026
0.580
-1.158
-1.215
0.245
0.159
0.624
0.806
0.246
0.749
0.480
0.121
0.820
0.469
0.389
0.798
0.647
0.407
0.591
0.289
-0.063
-1.639
0.459
-2.883
0.354
0.296
-0.992
0.391
-0.772
-1.824
0.196
0.187
0.253
-0.121
-0.732
-0.098
-1.346
-0.503
0.463
-0.166
-0.875
0.197
-3.114
-1.811
-1.534
-0.834
0.010
-0.229
-0.218
0.150
-0.740
-0.498
-0.407
-0.381
-0.016
-1.907
-0.450
-2.782
-1.063
-0.333
-0.861
-1.152
-2.485
-0.042
-0.217
-0.549
-2.307
-1.159
-1.355
0.212
0.238
0.443
-0.459
-0.014
0.036
-0.022
-0.940
-0.470
-0.286
-0.063
-0.594
-0.574
0.230
-1.410
-0.913
-0.270
-0.740
-1.869
-1.618
0.094
-0.329
0.342
0.300
-0.108
-1.301
-0.154
0.246
-0.017
-0.007
0.152
-0.517
-1.910
-1.041
-1.321
-0.669
-1.045
-0.331
-3.028
-0.384
-0.621
0.059
-0.095
-0.991
-1.886
0.034
-1.205
0.431
0.046
-0.621
-0.038
-0.102
-0.603
-0.165
0.255
-0.532
0.005
-0.602
-0.689
-1.277
-0.098
-0.738
0.109
-0.110
0.320
-1.285
-0.053
-2.773
-1.537
-0.785
0.033
0.072
-0.153
-0.232
-0.073
0.083
0.126
0.247
0.119
0.248
0.315
-0.054
0.453
0.375
-0.045
0.039
-1.771
-0.297
0.069
0.046
0.095
-0.238
0.150
-0.103
-0.679
-0.004
-0.524
0.263
-0.772
-1.243
0.065
-2.279
-1.615
-0.181
-1.056
-2.269
-0.053
-1.438
-0.872
-1.172
-1.261
-0.747
-3.204
-0.749
0.221
-2.383
-0.545
0.371
0.161
-0.347
0.394
0.052
-0.453
-0.084
-2.366
0.252
0.246
-1.344
-1.279
1.028
-0.282
0.434
0.362
1.022
-2.294
1.066
-0.752
0.255
0.308
-0.345
-0.802
0.078
0.248
0.532
0.768
-1.376
-0.838
-0.781
-0.315
-1.303
-0.054
-0.048
-0.042
0.577
-2.300
-0.049
-0.403
0.198
