-0.253
-0.305
0.186
-0.250
-0.076
0.145
-0.436
-0.269
-0.500
-0.320
-0.294
-0.421
-0.318
-0.460
-0.681
0.008
0.226
0.187
-0.309
0.539
-0.006
1.386
-0.193
-0.154
-0.149
0.517
-0.297
-0.365
-0.431
-0.193
0.055
-0.142
-0.136
-0.263
-0.090
-2.531
-2.355
-2.403
-0.904
-1.558
-1.994
-2.788
-0.111
-0.323
-0.570
0.838
-0.320
-0.281
-1.967
-1.766
-1.757
-0.812
-1.999
-2.485
-2.171
-1.755
-1.935
-0.039
-0.852
-3.087
-0.468
-0.765
-1.122
-1.878
-1.170
-1.287
-1.496
-0.774
-0.241
-0.454
-1.374
-0.009
-0.806
-0.445
-1.365
-2.671
-0.365
1.815
-2.855
-0.252
1.249
-1.547
-0.346
-0.318
0.884
0.514
-0.462
-2.600
-1.009
-0.103
-0.072
-0.344
-0.136
-0.894
-0.451
0.268
-0.313
-0.192
-2.160
-1.923
-0.458
-0.167
-0.114
-0.737
-0.279
0.320
-0.283
-0.208
-0.173
-0.104
-0.259
-0.024
-0.014
-0.011
0.128
0.069
-0.114
-0.231
-0.227
-0.002
-0.247
-0.259
-0.070
-0.048
-0.061
-0.908
-0.365
0.778
-0.050
-0.291
0.112
-0.224
-0.284
-0.373
0.960
-0.365
0.281
-0.738
0.067
-0.589
-0.169
1.296
1.650
-0.466
-0.589
-0.269
-0.120
-0.574
-0.385
-1.152
-1.109
-0.454
-0.708
-2.516
-1.430
-2.648
-1.566
-1.916
-2.020
-0.348
-0.446
-1.966
-0.671
-0.348
-0.087
-0.121
-0.539
-0.640
-0.226
-0.241
-1.481
-0.279
0.009
0.140
-0.735
-1.030
-1.815
-0.352
-0.762
-0.653
0.207
-1.766
0.024
-0.474
-0.603
-0.788
-0.371
0.223
0.162
-0.937
-0.181
-0.476
-0.427
-3.267
-1.130
-0.187
-0.389
-0.523
-0.308
-0.014
-0.367
0.036
-0.189
-0.452
-0.259
-0.256
-2.892
-2.877
-0.708
-0.069
-0.564
-0.305
0.754
-0.178
0.004
2.327
0.676
-0.081
-0.469
-2.321
-1.128
-2.521
-0.513
-1.421
-0.575
-1.378
-0.882
-0.315
-1.042
-1.432
-0.574
-2.522
-1.244
-1.297
-2.747
0.311
-0.035
-0.348
-0.194
-0.422
-0.276
-0.303
-0.535
0.104
-2.024
0.068
-1.247
0.201
-1.384
-0.905
0.741
-1.014
-0.376
-0.032
-0.550
-0.348
-0.484
-0.210
1.163
-1.095
-1.065
-0.306
-0.953
-1.060
2.364
-0.535
1.096
0.161
-0.141
-0.590
-0.085
-0.672
-0.157
-0.308
-1.400
-0.348
0.512
-0.439
-0.374
-0.286
-0.338
-0.429
-0.614
-1.013
-0.875
-0.143
-0.380
-0.251
-0.103
-0.187
-1.413
-0.156
-0.074
-0.025
0.095
-0.097
0.075
1.357
-2.603
0.735
0.097
-1.174
-0.514
-0.875
-0.228
-0.552
0.800
1.925
1.337
-0.062
-0.207
0.750
-0.427
0.811
-0.922
-1.026
-0.410
0.896
-0.147
-0.081
-0.231
-0.107
-0.599
-0.384
-0.387
0.076
-0.479
-0.278
-0.271
0.018
-0.789
-0.360
0.562
-0.588
-0.363
-0.978
-0.583
-0.750
-0.018
-0.241
-1.433
-0.942
1.354
-0.321
-0.319
0.230
-0.486
0.245
-0.012
-2.399
-1.124
-0.885
-1.055
-1.395
-0.520
-0.241
-1.934
-1.646
-1.196
-1.098
-0.912
-0.324
-0.531
-0.804
-1.212
-0.266
-2.294
-0.201
-1.166
0.351
-1.691
-0.757
-0.927
-0.481
-1.883
-0.445
-0.213
-0.026
-0.153
-1.464
0.090
0.360
1.665
-0.167
-0.147
0.129
-0.120
-0.351
-0.499
-0.704
-0.105
-0.233
0.286
-0.348
-0.341
-0.982
-0.348
-1.208
0.469
-1.019
-0.714
-0.443
-0.389
-0.505
-1.504
-0.370
0.145
-1.504
-1.154
0.710
-0.063
-0.170
-0.217
0.057
-0.209
0.445
-0.349
-0.674
-0.154
-0.960
-0.584
-0.718
0.186
0.701
-0.308
-1.754
-0.336
0.167
0.290
0.421
-0.330
-0.394
0.148
-0.171
1.787
-0.745
-0.907
-0.171
0.336
1.340
1.149
-0.003
0.401
-0.088
-0.221
0.503
0.577
0.425
0.422
0.355
-0.355
-0.068
-0.335
0.336
-0.570
-0.105
-0.348
0.339
0.134
-0.593
0.357
0.707
-0.989
1.522
-1.070
-0.277
-0.122
0.416
-0.108
-0.262
-0.690
-0.312
-0.211
-1.759
-0.599
-2.450
-0.494
-0.507
-0.359
-0.596
-0.974
-0.288
-0.112
-0.219
-0.263
-0.163
-1.282
-0.429
-1.603
-0.471
-2.782
-1.424
-0.547
-0.346
-0.537
-0.680
-0.347
-0.126
-0.563
-1.818
-0.799
-1.212
-0.278
-0.376
-0.288
0.386
-0.364
-0.593
-0.366
-0.504
-0.306
-0.185
-0.052
-0.563
-0.715
-0.134
-0.347
-0.292
-0.525
-0.339
-0.766
-1.142
-0.452
0.316
-0.080
-0.170
-0.486
-0.535
-0.310
0.127
-0.228
-0.121
-0.103
-0.480
-1.015
-0.289
-0.529
-0.581
-0.794
-1.390
-2.566
-1.027
-0.919
-0.352
-0.603
-0.194
-0.852
-0.684
-0.391
1.210
-0.128
-0.413
-0.238
-0.231
-0.019
-0.295
-0.187
-0.309
-0.018
-0.340
-0.765
-0.625
-0.207
-0.308
0.027
-0.365
0.131
-0.479
-0.173
-1.237
-0.840
-0.632
-0.128
-0.259
-0.729
0.361
-0.827
-0.043
-0.214
0.217
0.031
0.740
0.194
-0.288
-0.159
-0.028
-0.307
0.851
-1.576
-0.350
0.455
-0.227
-0.505
-0.106
0.102
-0.165
0.451
0.153
-0.319
-0.121
-0.317
-0.486
-0.033
-1.765
-0.334
0.162
-0.412
-0.418
0.141
-1.619
-1.053
-0.953
-1.350
-0.594
-1.439
-0.606
-0.298
0.186
-0.523
0.058
0.255
-0.245
1.025
0.107
-0.319
-0.895
-0.650
0.073
-0.654
-1.262
-0.747
0.276
-1.318
0.403
0.469
0.916
-1.036
-0.242
-0.220
0.371
0.584
-0.587
-0.538
0.007
-0.080
0.059
0.557
-0.815
-0.037
-0.650
-0.487
-0.624
-0.282
0.138
0.524
0.502
-2.005
0.251
-0.132
-0.162
