0.247
-0.025
0.035
-0.025
0.236
0.241
0.024
0.004
0.450
0.105
0.212
0.183
0.131
-0.008
-0.029
-0.047
-0.291
-0.237
-0.022
-0.540
0.516
-0.898
-1.330
0.071
0.161
0.048
-0.243
0.243
0.328
-0.009
0.025
0.221
0.296
0.169
0.034
2.415
1.670
1.877
0.322
1.531
1.321
2.931
-0.004
-0.056
0.651
-0.066
0.208
0.183
1.379
1.306
2.180
1.788
2.309
3.689
2.306
1.286
0.870
-0.072
0.313
3.245
0.751
0.319
1.203
1.183
0.716
2.015
0.538
0.283
-0.110
-0.237
0.347
-0.110
-0.085
0.243
-0.434
0.024
-0.314
0.024
2.574
0.002
-0.441
0.506
0.117
0.171
-0.069
-0.001
0.868
2.212
0.793
-0.016
-0.094
0.070
0.044
0.346
0.281
-0.095
0.267
-0.241
0.903
0.920
0.086
0.118
-0.051
0.499
0.183
-0.394
0.022
-1.437
-0.025
0.013
0.117
0.190
-0.376
-0.054
-0.241
-0.251
-0.025
-0.120
-0.025
-0.061
0.048
-0.026
-0.276
-0.453
0.014
1.301
0.043
-0.977
-0.503
-0.126
-0.022
0.058
0.457
0.024
-1.349
1.006
-0.559
0.090
0.024
0.659
0.311
0.024
-0.998
0.257
0.195
0.097
0.546
0.364
1.211
0.572
0.905
0.082
0.753
1.639
1.468
2.956
2.731
0.375
0.841
0.024
0.024
2.403
1.537
0.254
-0.410
-0.002
0.893
0.856
0.184
0.191
0.989
-0.510
-0.145
0.108
1.047
1.562
1.465
0.546
0.024
0.065
0.000
1.265
-0.189
0.419
0.466
0.024
0.095
-0.513
0.357
0.136
0.148
-0.289
-0.219
0.859
0.024
-0.910
0.320
0.068
0.151
0.240
0.463
0.140
-0.190
-0.026
0.160
-0.026
2.903
1.976
0.510
0.050
0.454
-0.121
-1.758
0.075
0.432
-1.291
-1.191
0.060
3.187
2.230
0.770
2.495
0.228
2.030
1.578
0.420
0.595
0.090
0.965
0.084
0.123
1.405
0.926
0.731
1.915
0.434
-0.462
0.063
0.117
0.601
0.064
0.495
0.411
-0.025
2.075
0.102
0.525
-0.314
1.617
1.362
0.404
1.115
0.159
-0.172
0.654
0.624
1.546
0.007
-0.437
1.096
0.871
-0.196
1.341
0.660
-1.207
0.107
-0.659
-0.577
-0.136
0.416
0.106
1.158
-0.034
-0.446
0.583
0.024
0.584
-0.083
0.244
0.153
-0.062
0.220
0.032
0.758
0.559
0.092
0.142
-0.025
-0.173
0.919
0.747
0.043
-0.180
-0.087
0.135
0.024
-0.181
0.171
3.226
-0.115
-0.151
0.489
0.024
1.121
-0.088
0.145
-0.800
-1.305
-0.489
0.059
-0.553
-0.160
0.301
-0.235
0.120
1.113
0.125
-0.069
0.081
-0.196
0.038
0.019
0.367
0.126
0.356
0.025
0.305
0.095
0.002
2.013
1.636
0.392
0.165
0.338
0.182
0.941
0.291
0.053
-0.025
-0.273
0.549
1.534
-0.538
0.183
0.334
-0.307
0.031
-0.552
-0.323
3.145
1.044
0.935
1.425
1.134
0.604
0.019
0.725
1.240
0.579
1.602
1.130
0.183
0.555
0.925
0.702
0.670
1.624
0.136
1.783
-0.128
0.792
0.088
1.096
0.115
0.559
-0.099
0.300
0.198
-0.218
0.024
-0.110
-0.712
-1.065
-0.175
-0.176
0.074
0.384
0.401
0.434
-0.301
-0.066
0.478
-0.216
0.257
0.384
0.678
0.302
1.689
0.064
0.998
1.024
-0.400
0.723
1.147
0.309
-0.035
0.003
0.818
3.003
0.108
0.844
0.041
0.153
-0.177
0.201
0.079
0.135
1.099
0.019
1.000
0.345
0.132
-0.179
0.575
0.024
0.371
0.238
0.042
-0.608
-1.821
0.155
-0.075
-0.183
0.401
-0.142
1.045
0.755
-3.894
-0.011
-0.998
-0.304
-0.432
-0.075
-0.371
-0.153
-0.614
-0.477
-0.706
-0.683
0.096
0.085
-0.438
-0.227
0.038
0.410
-1.211
1.321
-0.540
-0.218
1.251
-0.563
-0.521
0.595
-0.159
0.473
0.493
-0.198
0.080
0.455
0.284
0.285
-0.250
0.240
2.707
0.689
2.394
0.386
0.003
-0.228
1.665
3.666
0.106
-0.210
-0.767
0.052
0.054
0.159
0.130
1.611
0.702
2.460
0.688
0.156
0.469
0.678
1.115
0.528
0.540
0.545
1.778
0.747
1.782
0.048
0.019
0.266
0.383
0.058
0.102
-0.319
0.145
0.241
0.027
0.238
0.172
0.260
0.052
0.445
-0.195
0.080
0.461
1.576
1.405
-0.064
-0.235
-0.569
-0.090
0.303
1.045
0.012
-0.057
0.029
0.045
-0.028
0.164
0.323
0.111
0.641
0.592
0.639
0.949
2.350
1.079
0.309
-0.232
0.266
0.005
0.652
0.101
0.417
0.184
0.058
0.427
0.367
0.289
0.508
0.350
0.191
0.545
-0.050
0.025
0.550
0.151
-0.014
0.673
0.155
0.045
-0.030
0.471
-0.519
3.245
0.427
0.155
0.075
0.025
0.116
-1.785
0.484
-0.019
0.025
-0.494
0.118
-0.530
-0.044
0.074
-0.229
-0.336
-0.022
-0.349
1.564
0.980
-0.066
0.017
0.433
0.008
0.010
0.070
0.383
0.477
0.277
-0.038
0.877
0.587
0.344
2.037
0.670
0.074
0.680
0.541
-0.381
1.041
0.355
0.954
-0.012
0.108
3.435
0.371
0.060
0.589
0.634
-0.304
-0.192
0.204
-0.785
-0.591
0.367
0.377
1.271
-0.389
-0.141
0.441
0.360
-0.653
-0.004
-0.388
-0.610
-0.014
0.179
-0.714
0.645
-0.090
-0.275
0.656
0.636
-0.045
-0.205
-0.196
-0.578
0.714
0.210
0.660
0.568
0.373
0.183
-0.251
-1.179
-2.191
0.799
-0.202
0.331
0.043
