-0.051
-0.117
-0.026
-0.004
-0.026
0.078
-0.026
-0.206
-0.026
-0.416
-0.381
-0.069
-0.011
-0.061
0.207
0.278
0.300
0.263
-0.058
-0.643
-0.926
1.201
0.435
-0.026
-0.026
-0.029
0.017
0.223
-0.039
0.139
0.079
0.106
-0.026
0.605
0.023
-2.566
-2.730
-2.819
-0.894
-2.185
-2.484
-4.369
-0.049
-0.112
-0.280
-0.069
-0.026
-0.133
-3.198
-1.521
-2.508
-2.480
-2.325
-3.500
-2.717
-2.505
-2.310
-0.296
-1.188
-3.232
-1.560
-1.366
-1.565
-2.172
-2.017
-2.982
-2.549
-1.279
-0.923
-0.382
-2.390
-0.135
-0.428
-0.047
-0.026
-2.531
0.294
0.873
-4.831
0.314
-0.194
-1.385
-2.105
-0.084
0.101
0.397
-1.058
-2.251
0.250
0.636
-0.071
-0.196
-0.153
-0.449
0.059
0.192
-0.022
-0.029
-0.687
-0.213
0.118
-0.026
0.005
-0.371
-0.026
0.032
-0.024
0.642
0.279
0.484
-0.046
-0.012
0.382
0.394
0.225
0.220
0.013
0.336
0.096
0.124
0.011
-0.026
0.202
0.628
0.461
-0.259
0.448
0.739
0.101
-0.532
-0.153
-0.004
0.123
0.601
0.914
-0.982
0.265
-0.354
0.764
0.031
-0.081
1.023
1.191
-0.042
0.584
-0.148
-0.172
-0.531
-0.988
-3.724
-0.584
0.214
-0.393
-2.307
-1.358
-4.426
-3.400
-3.015
-2.768
0.327
0.411
-3.891
-2.222
-0.020
0.035
0.203
-1.199
-1.199
-0.238
-0.026
-0.957
0.245
0.117
0.236
-1.687
-1.924
-2.062
-0.432
-0.655
-0.589
0.030
-2.563
-0.079
-0.646
-1.548
-0.629
-0.592
0.194
0.110
0.807
-0.340
-1.058
-0.084
-2.250
0.061
0.469
-1.996
-1.598
0.026
-0.587
-0.465
-0.029
0.272
-0.093
-0.123
0.004
-2.614
-3.571
-2.669
-0.026
0.093
-0.026
1.542
-0.374
-0.066
0.815
1.165
0.029
-4.740
-2.790
-1.524
-4.319
-0.846
-2.346
-2.254
-1.397
-1.868
-0.485
-2.442
-1.529
-1.299
-1.717
-1.173
-1.726
-4.696
0.359
2.196
-0.016
-0.817
-0.733
-0.408
-0.918
0.633
0.037
-0.934
-0.064
-0.139
0.053
0.031
-0.890
0.526
-0.767
-0.272
-0.353
-1.082
-0.622
-1.432
0.074
-0.466
-1.350
-0.844
-0.398
-1.794
-0.075
1.406
-0.063
0.382
0.483
0.050
-0.441
0.047
-1.110
-0.019
-0.017
-1.162
-0.007
-0.403
-0.452
-0.057
0.113
0.417
-0.359
-1.262
-1.564
-0.660
-0.419
0.199
0.199
0.131
-0.020
-2.898
-0.000
-0.052
-0.026
-0.229
0.121
-0.065
-0.233
-3.476
0.970
0.156
-0.888
0.042
-0.887
0.207
-0.143
-0.020
1.037
2.466
-0.309
-0.165
0.202
-0.344
0.026
-0.100
-2.778
-1.863
0.223
-0.327
-0.079
-0.243
-0.218
0.026
-0.122
-0.394
-0.035
-1.051
0.133
-0.018
-0.926
-1.023
-0.694
-0.445
-0.376
-0.128
-1.358
-0.246
-0.426
-0.026
-0.574
-0.707
-1.736
0.854
-0.641
-0.042
0.230
-0.010
0.194
-0.026
-3.866
-1.138
-1.273
-2.271
-2.371
-0.101
-0.486
-2.310
-2.120
-1.222
0.736
0.403
-0.053
-0.647
-0.888
-0.495
-1.646
-1.498
-0.026
-3.613
0.309
-1.879
-1.750
-1.461
-0.083
-1.967
0.221
-0.608
-0.684
-0.708
-0.266
-0.360
-0.085
0.924
-0.378
0.033
-0.217
-0.016
-0.599
-1.080
-0.696
0.153
0.044
-0.026
-0.401
0.587
-1.548
-0.747
-0.271
0.676
0.135
-1.885
-0.026
-0.832
-0.274
-1.497
-0.678
0.126
-2.008
-8.008
0.149
-1.474
-0.589
-0.768
-0.026
-0.095
-0.026
-0.233
-1.515
0.024
-0.794
-0.096
-0.421
0.210
-0.211
-0.778
-0.741
-0.091
-0.036
0.031
0.400
-0.021
0.111
0.936
-0.243
0.399
-2.375
-1.337
-0.026
-0.026
0.702
1.094
0.115
0.042
0.030
0.210
-0.018
0.022
1.256
1.402
0.279
0.130
0.863
0.786
0.725
-0.916
0.747
-2.528
0.797
0.138
-2.466
1.723
0.343
0.259
1.119
-0.396
-0.026
-0.109
0.087
-0.026
-0.228
-0.007
0.065
-0.107
-2.040
-0.529
-3.371
-1.570
-1.021
-0.117
-0.730
-0.938
-0.185
-0.003
0.382
-0.329
-1.393
-3.749
-1.489
-2.301
-0.626
-2.492
-1.311
-0.611
-0.307
-0.123
-1.084
-0.071
-0.826
-0.988
-1.770
-1.580
-2.884
0.080
-0.717
-0.034
-0.019
-0.555
-0.087
-0.018
-0.001
-0.022
-0.143
-0.081
-0.040
-0.540
-0.093
-0.155
-0.026
-0.543
-0.292
-2.082
-0.013
-1.539
-0.025
0.746
-0.099
-0.026
-0.674
0.028
-0.564
-0.026
-0.026
0.051
-0.817
-1.305
-0.524
-1.620
-0.260
-0.255
-1.356
-2.983
-0.442
-0.997
0.273
0.085
-0.071
-0.963
-0.104
-0.251
0.193
-0.284
-0.991
-0.563
-0.825
-0.214
-0.257
-0.026
-0.226
0.049
-0.013
-0.191
-0.195
-0.033
-0.271
-0.160
-0.258
0.375
-0.302
0.038
-2.935
-1.105
-0.026
-0.095
-0.929
-0.788
0.389
-1.166
0.176
-0.255
-0.002
-0.071
0.147
0.589
-0.024
0.050
0.404
-0.024
0.585
-0.805
-0.538
0.020
0.018
-0.204
-0.092
0.123
-0.039
0.222
-0.016
-0.020
-0.038
-0.738
-0.440
-0.081
-3.229
-1.519
-0.364
-1.140
-1.819
-0.153
-1.512
-0.612
-1.302
-1.127
-0.956
-3.228
-0.757
0.178
-1.523
-1.043
0.411
-0.009
-0.553
0.784
0.056
0.009
-0.018
-1.531
-0.023
0.067
-1.150
-0.123
0.332
-0.093
0.414
0.748
0.823
-0.240
0.210
-0.953
-0.026
0.570
-1.335
-0.834
0.008
-0.009
0.147
0.593
-0.373
-0.084
-0.807
-1.693
-1.253
0.137
-0.063
0.230
0.837
-2.161
-0.018
-1.733
-0.363
