-0.034
0.153
-0.089
0.207
-0.034
0.104
-0.222
-0.020
0.232
0.391
0.253
0.614
-0.045
-0.020
-0.312
-0.039
-0.299
-0.041
-0.507
-0.402
0.033
-1.166
-0.816
0.010
0.122
-0.072
-0.220
0.088
0.021
-0.040
-0.074
-0.085
-0.027
0.051
-0.051
3.144
2.083
3.181
0.606
1.482
2.100
3.614
-0.176
-0.140
-0.051
-0.002
0.141
0.077
1.596
1.572
1.588
2.489
2.581
3.352
2.226
1.461
1.584
-0.112
1.119
2.814
0.938
1.064
1.244
1.868
1.201
2.768
1.276
0.425
-0.019
-0.051
1.063
-0.012
-0.121
0.470
1.149
2.102
0.062
-1.366
1.911
-0.019
-0.876
1.161
-0.034
0.093
-0.454
0.145
0.761
2.437
0.096
-0.528
-0.051
0.235
-0.002
0.492
0.935
-0.115
-0.245
-0.158
1.977
1.043
0.222
-0.016
-0.326
0.447
0.137
-0.349
-0.039
-0.039
-0.067
-0.039
0.012
-0.050
-0.340
-0.078
-0.337
-0.447
-0.039
-0.334
-0.039
-0.028
-0.031
-0.039
-0.252
-0.039
-0.039
1.743
-0.362
-1.329
-0.502
0.091
-0.025
-0.257
1.574
0.917
-0.853
0.682
0.402
-0.051
-0.532
0.174
0.229
-1.693
-1.860
-0.073
-0.256
-0.004
-0.195
0.994
0.785
1.789
1.015
0.124
0.627
1.979
1.704
2.874
2.646
2.234
2.378
0.025
0.404
2.067
1.258
0.814
-0.311
-0.039
0.928
0.863
0.028
0.419
0.901
-0.334
-0.318
-0.110
0.896
1.960
0.990
1.122
1.725
1.035
-0.246
1.822
-0.275
0.910
0.724
1.585
0.378
-0.462
0.408
-0.284
0.038
0.806
-0.091
3.706
1.191
-0.468
0.645
0.449
0.307
0.191
0.035
0.105
-0.072
0.151
0.125
-0.046
3.333
1.546
0.552
-0.256
-0.047
-0.051
-1.612
0.195
0.715
-0.600
-1.344
-0.156
2.676
1.902
1.428
2.382
-0.029
1.782
1.699
0.658
0.529
0.130
1.670
0.988
0.011
1.458
1.446
0.855
2.885
0.368
-0.491
-0.103
0.149
0.888
0.132
0.524
0.260
-0.116
2.497
-0.054
0.457
0.212
1.357
1.354
-0.493
1.521
0.497
-0.020
1.711
0.286
1.646
-0.169
-0.164
0.901
0.510
-0.051
1.605
0.541
-1.502
-0.382
-0.766
-0.071
-0.076
0.669
-0.239
0.311
-0.020
-0.687
0.889
-0.051
-0.027
0.337
0.126
-0.051
0.285
0.374
1.782
1.561
0.424
0.019
0.610
-0.176
-0.432
0.864
2.723
-3.794
-0.034
-0.387
-0.039
-0.565
0.268
0.003
1.852
0.242
0.071
1.850
-0.051
1.588
0.074
0.088
-0.832
-1.718
-0.904
-0.056
-0.222
-1.821
0.440
-0.750
0.875
1.896
0.178
-0.175
0.011
-0.099
0.045
-0.036
0.096
0.095
0.005
-0.089
0.347
0.032
-0.086
1.539
1.147
0.204
0.289
0.697
0.173
1.244
0.240
0.058
0.157
-0.261
0.427
1.477
-0.612
0.618
0.338
0.191
0.275
-0.386
-0.417
2.661
0.869
1.372
1.545
0.901
0.381
0.399
1.291
1.431
0.654
0.287
0.475
0.031
0.347
0.854
-0.019
-0.194
-0.051
0.144
0.964
-0.275
1.079
0.730
1.227
0.514
1.499
-0.030
-0.390
-0.088
0.457
0.180
-0.117
-1.242
-0.317
0.353
0.192
0.185
0.135
0.953
0.433
-1.021
-0.671
-0.185
0.191
-0.245
-0.170
0.603
0.310
1.527
0.077
2.029
1.154
1.350
0.844
1.392
0.671
0.568
0.671
2.595
1.646
-0.065
0.288
-0.032
0.365
-0.050
0.134
-0.137
0.446
0.604
-0.108
1.166
0.602
0.648
-0.133
0.389
-0.064
1.068
0.191
0.458
-0.673
-1.827
0.178
-0.022
-0.481
0.328
-0.723
1.651
0.579
0.174
-0.165
-1.495
-0.798
-0.111
-0.203
-0.486
0.151
-1.442
-1.104
-0.497
-0.460
-1.065
-0.153
-0.051
-0.429
-0.039
0.240
-0.326
1.972
-1.044
-0.279
1.258
-0.224
0.257
1.716
-0.234
0.676
0.242
-0.022
-0.209
0.148
0.062
0.655
-0.072
0.246
1.827
-0.021
2.452
0.851
0.734
0.363
1.121
2.337
-0.122
-0.345
-0.245
-0.051
0.296
1.394
0.377
1.686
0.463
1.929
1.078
0.245
0.109
0.483
1.217
0.212
0.612
1.257
1.972
1.135
0.836
0.076
-0.155
-0.186
0.101
0.118
0.071
-0.209
0.320
0.405
0.274
0.028
0.266
0.175
0.125
0.608
0.157
0.242
0.387
1.870
1.458
0.558
0.370
-0.453
-0.113
-0.057
0.096
0.092
0.148
0.001
0.117
-0.103
0.116
1.108
0.092
0.383
0.224
0.685
0.946
2.588
0.859
0.929
-0.158
0.610
0.307
0.656
-0.026
-0.041
-0.641
0.112
0.975
0.451
0.630
0.648
0.126
-0.222
0.688
-0.205
-0.107
0.405
0.440
0.270
0.470
0.701
-0.269
-0.121
0.333
-0.110
2.636
0.586
-0.030
3.007
0.445
0.576
0.018
0.145
-0.140
-0.050
-0.470
0.436
-0.089
-0.486
0.043
-0.397
-0.165
-0.235
-0.044
0.905
0.235
-0.462
-0.178
-0.021
-0.186
0.024
0.221
0.391
0.416
0.429
-0.118
0.368
0.142
0.169
1.470
1.115
0.027
1.365
0.328
-0.051
1.432
0.622
0.767
0.448
0.309
4.324
0.485
0.035
-1.716
0.600
-0.039
-0.249
0.308
-0.917
-0.435
-0.103
0.294
1.084
-0.367
0.621
1.488
0.708
-0.466
-0.051
-0.863
-1.204
-0.584
0.478
-0.606
2.410
-0.185
-0.419
1.085
0.778
-0.123
-0.322
-0.238
-0.672
0.609
0.206
0.328
0.387
1.307
-0.033
-0.214
-2.095
-2.940
1.518
-0.296
0.055
-0.192
