0.055
-0.029
-0.148
-0.045
0.012
-0.022
-0.061
0.414
0.817
0.521
0.053
0.794
0.288
-0.059
0.265
-0.747
-0.406
-0.435
-0.320
0.087
-0.025
-0.597
0.025
0.054
0.078
-0.066
0.165
-0.153
0.522
0.055
0.065
0.053
0.099
-0.320
0.136
2.108
0.889
2.198
0.432
1.596
1.967
3.318
0.124
-0.817
0.673
0.345
1.751
1.001
3.651
2.928
4.071
1.129
2.262
3.281
2.717
1.319
2.192
0.546
1.495
3.352
1.030
1.292
0.940
1.580
0.816
1.527
0.775
0.473
-0.181
0.665
1.247
-0.120
0.391
0.861
0.520
0.904
0.419
-0.820
3.101
-0.047
-0.335
1.806
0.429
0.109
0.097
0.365
0.888
1.778
-0.313
-0.030
-0.858
-0.485
-0.064
1.618
0.092
-0.376
0.012
-0.043
3.429
2.699
0.642
0.261
0.112
0.466
0.310
-0.360
-0.024
-0.046
-0.070
-0.501
-0.145
-0.030
-0.627
-0.083
-0.059
-0.038
-0.046
-0.514
-0.045
-0.181
-0.044
-0.020
-0.122
-0.351
-0.362
1.294
-0.070
-0.348
-0.149
0.041
0.053
-0.047
-0.098
-0.117
-0.863
0.697
0.178
0.251
-0.822
-0.009
0.212
-1.116
-0.555
0.026
0.114
0.178
0.083
0.007
-0.008
2.408
0.723
0.566
1.098
3.162
2.475
3.077
3.409
3.686
2.929
-0.447
1.344
2.326
2.093
0.296
-0.312
-0.090
1.580
0.914
0.513
0.233
1.220
-0.580
-0.019
-0.199
0.650
1.609
0.595
0.715
1.950
1.779
-0.345
1.516
0.016
0.304
0.189
-0.025
0.021
-0.130
-0.864
0.108
-0.055
1.021
0.128
1.045
0.568
-0.500
0.491
0.792
0.750
0.199
0.816
0.171
0.019
-0.019
-0.019
0.109
2.524
4.399
2.158
-0.065
-0.773
-0.429
-2.329
0.365
0.962
-1.453
0.165
0.067
2.190
1.839
2.743
2.607
0.764
2.181
2.524
1.253
1.144
1.188
1.440
0.932
-0.309
2.526
1.276
3.334
2.976
-0.079
-1.751
0.903
0.342
1.061
0.527
0.689
0.719
0.049
1.269
0.005
0.408
-0.338
1.575
0.662
-0.086
0.605
0.589
0.378
1.611
0.845
0.620
-0.144
-0.217
0.944
1.266
0.371
0.716
1.362
-1.336
0.716
-0.463
0.075
-1.033
0.314
-0.099
1.104
-0.139
0.070
0.949
0.699
0.926
0.479
0.175
0.522
0.553
0.373
0.931
1.362
0.431
-0.100
0.183
0.124
0.065
-0.168
2.648
-0.020
0.100
0.074
-0.039
0.100
0.116
0.421
2.535
-0.287
-0.551
0.651
0.065
1.736
-0.046
-0.593
-0.067
-0.470
-0.615
0.534
0.660
-0.178
0.441
-0.515
0.109
0.874
1.198
-0.039
-0.144
-0.176
0.000
-0.014
0.345
0.419
0.252
0.044
0.284
-0.011
0.150
1.561
1.415
-0.132
0.282
1.848
0.737
0.882
0.426
0.886
0.011
0.539
0.237
0.817
-1.114
1.415
1.605
0.068
2.163
0.091
-0.021
2.832
1.906
2.205
1.560
1.602
0.544
0.036
1.771
2.025
2.404
-0.648
-0.184
0.109
0.044
0.026
-0.055
-0.084
0.207
0.207
3.321
-0.019
0.324
0.181
2.084
0.307
0.982
-0.518
0.078
0.009
-0.046
0.096
-0.060
-0.230
-0.514
0.190
0.186
0.242
0.125
1.144
0.800
-0.002
-0.022
0.214
0.156
0.035
0.117
1.007
0.220
0.795
0.433
2.507
2.237
1.653
1.456
1.284
0.808
0.870
0.086
2.475
2.521
0.027
-0.215
0.108
0.406
0.003
0.261
0.487
0.886
1.088
0.051
1.833
0.601
1.208
-0.072
0.506
1.172
0.482
0.242
0.005
-0.125
-0.374
0.018
0.529
-0.481
0.051
-0.094
0.819
0.448
0.332
-0.276
-0.439
-0.670
0.063
-0.227
-0.777
-0.434
-1.010
-0.885
-0.848
-1.610
-0.050
0.256
-1.201
-0.883
-0.312
1.348
-0.331
0.418
-0.461
-0.529
0.668
-0.602
0.017
-0.926
-0.543
0.043
0.493
0.028
0.683
-0.146
0.169
0.324
-0.111
0.039
1.494
0.097
1.796
0.330
1.498
1.420
0.402
0.523
-0.257
-0.429
-0.115
-0.589
0.276
2.469
0.631
2.454
0.909
1.998
0.799
0.962
0.950
0.802
1.342
1.027
1.157
1.116
1.444
0.942
2.422
0.041
0.018
-0.011
-0.008
-0.048
0.055
0.082
0.156
0.680
0.325
0.161
0.060
0.118
0.326
0.563
0.732
0.353
0.588
0.954
1.124
0.311
-0.236
-0.552
0.220
0.275
0.230
-0.094
0.103
-0.185
-0.001
0.061
-0.189
1.261
0.290
1.439
0.647
1.157
1.000
3.016
1.325
1.412
0.599
0.521
0.215
0.382
0.119
-0.003
-0.259
0.318
0.430
0.078
0.496
0.128
0.531
-0.114
0.112
0.086
0.034
1.476
0.982
0.706
0.633
0.514
-0.021
0.082
1.060
-0.169
2.275
0.921
0.560
0.139
1.118
-0.090
0.208
-0.052
-0.035
0.418
0.274
0.311
0.577
-0.575
-0.074
-0.001
0.117
-0.063
0.135
0.877
0.032
-0.109
0.053
0.294
0.163
0.252
-0.028
0.064
-0.031
0.276
0.012
0.989
1.466
0.219
2.167
0.464
0.475
1.666
1.390
0.881
2.373
0.958
1.261
0.836
0.641
1.920
0.872
0.086
0.454
1.129
-0.299
0.139
0.594
-0.613
0.041
0.039
-0.052
0.770
-0.813
2.078
1.361
0.347
-1.428
0.867
-0.914
-0.024
-0.484
0.098
-0.492
1.197
0.014
-0.648
1.288
2.144
0.008
0.019
-0.888
-0.081
1.319
0.498
1.981
1.145
0.657
0.540
-0.100
0.091
-0.259
2.564
-0.039
-0.951
0.509
