-0.190
-0.066
-0.753
-0.143
-0.058
-0.058
-0.055
-0.308
0.125
-0.160
0.053
0.577
0.224
-0.049
-0.019
-0.955
-1.024
-0.472
0.162
0.298
-0.058
-0.891
-0.189
0.058
-0.045
0.155
-0.058
-0.097
0.048
0.027
0.056
0.004
-0.098
-0.343
0.147
2.145
1.727
3.079
0.567
2.249
3.345
2.929
-0.021
-1.007
-0.058
0.341
0.486
0.371
2.944
1.649
2.583
3.380
4.633
3.076
2.138
0.969
1.375
0.292
0.651
3.518
0.785
1.438
2.282
2.733
0.997
2.426
1.576
1.226
-0.109
-0.062
1.600
0.203
0.793
0.427
1.569
0.988
0.729
-0.155
1.793
-0.147
-0.026
0.300
0.407
0.395
-0.221
-0.482
0.287
1.862
-0.061
-0.193
-0.406
0.047
0.030
0.213
0.202
-0.249
-0.184
0.085
1.461
0.955
-0.263
0.213
0.081
-0.058
0.013
-1.121
-0.058
-0.040
-0.301
-0.670
-0.058
-0.058
-0.754
-0.067
-0.241
-0.258
-0.013
-0.322
-0.226
-0.124
-0.045
-0.024
-0.241
-0.739
-0.548
1.235
0.199
-0.196
-0.696
0.286
-0.054
-0.737
-0.446
0.761
-1.343
-0.166
0.356
0.269
-0.434
-0.002
0.187
-0.496
-1.028
-0.048
-0.058
0.463
-0.038
0.068
1.040
3.609
-0.035
0.027
0.123
2.094
0.735
4.339
4.217
3.197
3.634
-0.519
0.399
3.454
1.914
0.172
-0.004
0.010
3.277
0.556
0.379
0.236
2.717
-0.523
-0.209
-0.429
0.400
2.094
2.156
0.528
1.312
1.137
-0.197
3.131
0.035
0.159
-0.004
-0.133
-0.108
-0.879
-0.670
0.078
-0.026
0.403
0.087
2.968
1.484
-0.346
0.683
1.835
0.250
0.243
0.063
-0.024
-0.042
-0.149
-0.153
0.018
3.380
3.188
2.708
0.234
0.897
-0.385
-1.683
0.175
0.576
-1.113
-0.210
-0.561
2.986
2.262
2.537
2.601
0.641
1.048
1.092
0.668
1.664
1.412
1.254
2.711
-0.162
2.497
2.336
2.484
3.387
1.031
-0.267
0.469
-0.592
1.098
-0.051
0.156
0.019
-0.058
1.598
0.210
-0.058
0.033
0.033
0.401
-0.008
0.036
1.182
0.567
-0.026
0.125
2.300
-0.075
0.241
1.492
1.291
0.304
0.806
1.158
-0.631
0.286
-0.315
0.258
-0.629
-0.656
-0.001
1.574
-0.058
-0.034
1.522
-0.073
0.389
0.134
-0.088
-0.802
-0.300
0.059
1.259
0.751
0.541
-0.040
0.044
-0.053
0.026
-0.572
1.370
-0.071
-0.058
-0.150
-0.108
-0.291
0.253
0.287
1.791
-0.709
-0.582
1.955
-1.577
0.700
0.336
-0.419
-0.092
-0.899
-1.136
-0.412
-0.081
-0.454
0.522
0.260
0.136
0.328
2.277
-0.400
0.534
-0.292
0.046
0.014
0.027
-0.024
0.213
-0.003
0.303
0.055
-0.057
2.509
2.061
0.123
0.502
1.257
0.190
1.457
0.389
1.005
-0.218
-0.101
-0.076
-0.047
-0.078
1.032
2.459
0.018
0.489
-0.267
-0.058
3.208
3.093
2.524
3.040
2.464
-0.047
-0.071
1.569
3.231
2.504
-0.185
-0.614
-0.058
-0.058
0.511
0.308
0.725
0.730
0.237
2.614
-0.137
1.301
0.916
2.046
0.564
1.323
-0.439
-0.014
-0.054
0.214
0.877
-0.076
0.034
-0.500
0.734
0.874
-0.036
-0.266
1.976
1.001
0.572
-0.201
-0.286
-0.328
0.573
0.003
0.952
0.837
0.910
-0.675
0.445
1.361
0.668
0.745
0.351
2.057
1.775
0.300
1.561
3.161
0.156
-0.654
-0.129
0.500
0.180
0.196
-0.093
-0.058
0.685
-0.047
1.509
0.195
0.023
-0.058
-0.058
0.674
0.505
-0.058
-0.082
0.521
-0.249
-0.070
-0.339
-0.007
0.117
-0.744
0.855
1.055
0.506
-0.382
-1.048
-1.067
-0.069
-0.235
-0.205
-0.226
-0.953
-0.606
-1.040
-4.227
-1.423
-0.676
-1.158
-1.218
-0.288
0.409
-0.239
0.667
-0.166
-0.402
0.322
-0.457
0.166
-0.283
-0.982
1.785
0.684
0.017
0.247
0.386
0.731
0.191
0.072
-0.104
1.679
0.121
0.326
0.015
0.802
-0.216
1.335
0.616
0.133
-0.180
-0.070
-0.303
0.071
2.824
-0.017
1.440
0.365
3.502
1.533
1.267
0.039
-0.056
0.107
0.023
0.529
0.976
2.329
0.658
2.619
-0.061
-0.051
0.055
0.075
-0.061
0.001
-0.400
0.097
0.016
0.014
0.400
0.596
0.033
0.042
0.270
-0.084
0.383
-0.045
0.540
0.558
0.387
-0.112
-0.551
-0.104
0.141
0.327
0.066
-0.023
0.064
-0.084
-0.018
-0.096
0.262
0.048
1.868
0.993
1.081
0.582
2.601
0.946
2.426
-0.096
0.055
0.138
-0.046
-0.586
-0.028
-0.109
0.135
0.086
0.181
-0.014
-0.473
0.218
0.876
-0.020
0.090
-0.060
0.807
0.480
0.165
0.194
1.511
-0.058
-0.856
1.120
0.038
2.423
0.250
2.694
-0.062
0.799
-0.306
0.028
-0.061
-0.025
-0.132
-0.309
-0.280
0.218
-0.974
-0.031
-0.705
0.042
-0.010
0.267
0.020
0.187
-0.394
-0.120
0.130
0.104
0.039
0.343
0.066
0.038
0.002
-0.025
1.644
1.522
0.075
1.433
0.497
-0.397
1.381
0.303
0.442
0.803
0.013
2.221
1.428
0.136
1.649
0.840
-0.147
-0.468
0.181
-0.114
0.484
0.283
-0.125
0.342
0.818
-0.008
1.644
-1.745
0.657
1.690
1.386
-1.336
1.850
-0.138
-0.455
-0.416
-0.040
-0.199
1.662
-0.213
-1.162
0.506
0.570
-0.453
-0.155
-1.384
-0.118
0.287
0.238
2.070
1.576
0.236
0.081
-0.109
0.060
-0.641
0.992
-0.187
-0.937
0.029
