-0.741
0.036
-0.117
-0.817
-0.074
-0.030
-0.155
-0.518
-0.217
-0.216
-0.242
-0.126
-0.354
-0.483
-0.639
0.077
0.659
0.371
-0.047
-0.102
0.284
1.429
0.461
-0.019
-0.394
-0.578
-0.235
0.227
-0.546
-0.548
0.036
-0.259
0.091
0.057
-0.054
-1.498
-0.738
-1.677
-1.480
-0.757
-1.267
-1.546
0.025
0.292
0.154
-0.095
-0.318
-0.012
-0.971
-0.943
-0.624
-0.879
-0.931
-1.390
-1.053
-0.209
-0.598
-0.027
-0.766
-1.539
-0.658
-0.792
-1.179
-1.511
-1.121
-1.353
-1.056
-1.462
-1.088
0.600
-1.188
-0.399
-0.668
-0.793
-0.656
-0.875
-0.834
1.717
-0.572
-0.203
-0.034
0.145
0.135
-0.060
0.355
0.858
0.269
-1.386
-0.983
1.086
0.743
-0.096
-0.313
-0.371
-0.086
1.242
-0.161
0.264
-0.765
0.075
-1.016
-0.522
0.001
-0.096
-0.151
0.116
-0.005
-0.091
0.080
0.930
0.273
0.315
0.359
0.169
0.731
0.255
-0.005
0.220
0.100
0.239
-0.089
0.039
0.240
1.192
0.756
0.711
-0.273
0.448
-0.492
-0.992
-0.149
-0.032
-0.951
0.049
0.582
-0.409
0.363
-1.000
0.435
-0.081
-0.779
0.687
0.045
-0.379
-0.047
-0.160
-0.100
-0.616
0.398
-1.088
-0.919
-1.112
-0.596
-0.623
-0.682
-1.546
-1.069
-1.302
-1.413
2.166
0.895
-1.175
-0.583
0.185
0.003
-0.687
-0.250
-0.465
-0.837
-0.541
-0.156
-0.124
-0.225
-0.093
-0.453
-1.174
-1.501
-0.438
-0.310
-1.390
-0.350
-0.495
-0.125
-0.666
-0.481
-0.377
-0.983
0.444
0.369
-0.142
-0.624
-0.236
-0.332
-1.179
-0.456
0.285
-0.513
-1.074
-0.305
-0.513
-0.635
-0.142
0.862
-0.328
-0.615
0.172
-1.257
-0.245
-0.538
0.113
-0.351
0.608
1.388
-0.216
0.093
2.414
-0.025
-0.074
-0.996
-1.433
-0.590
-0.708
-0.824
-0.183
-0.239
-0.724
-1.064
-1.624
-0.873
-1.250
-0.181
-1.699
-1.026
-0.875
-1.600
-0.154
1.423
-0.795
-0.445
-1.262
-1.075
-0.704
0.638
-0.064
0.111
-0.794
0.035
0.497
-0.602
-0.798
-0.131
-1.216
-1.172
-0.517
-0.158
-0.720
-0.639
-0.322
0.217
-0.899
-0.335
-0.006
-0.555
-1.680
1.894
-0.001
0.738
-0.963
0.205
-1.409
-0.101
-0.804
-0.101
0.664
-1.311
0.337
0.411
-0.366
-0.380
0.735
-0.133
-0.285
-0.777
-0.670
-0.518
-0.098
-0.920
-0.639
-0.093
0.092
-1.302
-0.059
-0.185
-0.571
0.112
-0.670
-0.575
0.383
-1.473
1.276
0.213
-1.219
0.889
-0.328
-0.397
-0.193
0.396
1.937
0.914
-0.509
-0.671
-0.057
-0.441
0.059
-1.258
-2.139
0.205
-0.061
-0.381
0.041
-0.055
-0.101
-0.187
-0.566
-0.747
-0.720
-0.180
-0.150
-0.263
-0.727
-0.799
-0.136
-0.508
-0.458
-0.638
-1.173
-1.113
-1.170
-0.219
0.248
0.081
-1.090
0.542
-0.704
-0.166
-0.407
0.169
0.056
-0.580
-1.222
-0.803
-0.556
-0.758
-0.879
-0.186
-0.428
-0.709
-1.528
-0.877
-0.934
0.156
-0.118
-0.547
-0.889
-0.496
0.409
-0.966
-0.345
-0.933
-0.006
-1.396
-1.425
-0.231
0.042
-1.093
0.022
-1.025
-1.266
-0.573
0.386
-0.306
0.358
1.391
-1.392
-1.272
-0.882
-0.797
-0.728
-1.151
-1.099
0.221
-1.502
-0.549
-1.240
-0.950
-1.211
-1.675
-2.004
0.399
-1.277
-0.869
-0.883
-0.773
-0.653
-1.409
-0.971
-0.685
-0.443
-0.924
-0.014
-0.458
-0.657
-0.701
-0.307
-0.165
-0.062
-0.295
-0.732
-0.118
-1.322
-0.295
-0.213
0.851
-0.204
0.724
-1.754
-0.067
-0.601
0.126
0.794
0.295
-0.597
0.431
-0.605
0.760
-1.428
-0.936
0.033
0.349
1.280
0.184
0.125
0.378
0.444
-0.170
0.674
0.628
1.754
2.125
0.414
-0.969
1.792
0.287
-0.030
-0.448
0.198
-1.088
0.260
0.634
-1.167
0.535
-1.622
0.736
0.162
-0.543
-0.037
-0.125
0.175
-0.157
-0.782
0.057
0.168
-0.066
-0.660
0.100
-1.492
-0.407
0.287
0.047
-1.672
-0.564
-0.459
0.068
-0.923
-0.018
-0.125
-1.828
-1.132
-0.919
-0.921
-1.221
-0.744
-0.870
-0.517
0.119
-0.210
-0.407
-0.150
-0.672
-0.328
-0.284
-0.915
-0.845
-0.348
-0.049
-0.838
-0.116
-0.103
0.499
0.267
-0.494
-0.455
-0.286
-0.512
-0.105
-0.372
-0.126
0.533
-0.095
-0.300
-0.200
-0.792
0.177
-0.648
0.136
-0.210
-0.249
-0.317
0.101
0.006
0.211
0.122
-0.367
-1.046
-0.862
-0.917
-0.415
-0.287
-0.087
-0.370
-1.346
-0.674
-0.948
-0.546
-1.012
-0.388
-0.349
-0.067
-0.562
0.470
-0.474
-0.470
0.428
-0.429
-0.275
-0.085
-1.524
-0.207
-0.097
-0.111
-0.532
-0.304
-0.215
-0.582
-1.024
-0.446
-0.653
-1.464
0.358
-0.835
0.303
-0.712
-0.804
-0.389
-0.923
-0.003
-0.447
-0.135
-0.074
-0.125
-0.165
0.605
0.362
0.137
-0.057
0.656
0.182
0.303
0.444
0.130
0.192
-0.038
-0.658
-0.778
-0.089
-0.195
0.618
-0.160
-0.366
-0.271
-0.337
-0.163
-0.308
-0.865
-0.591
-1.055
-0.470
-0.564
-0.134
-0.505
0.047
-0.928
-1.108
0.142
-0.662
-1.198
-0.424
-1.474
-0.473
0.170
-0.972
-0.155
-0.123
0.154
-0.666
-0.448
-0.529
0.647
-0.116
-0.894
-0.126
0.691
0.360
0.028
0.203
0.971
0.278
0.656
-0.793
-0.084
0.953
-0.571
-0.437
-0.135
-0.191
-0.043
0.601
-0.470
-0.130
-0.646
-0.752
-0.807
-0.555
0.047
0.248
2.027
-1.155
-0.099
0.142
-0.756
