0.069
0.148
0.077
0.034
0.276
-0.325
0.100
0.335
0.358
0.007
0.362
0.370
0.934
0.547
-0.093
-0.103
-0.225
-0.282
0.205
-0.015
0.243
-1.897
-0.925
0.246
-0.104
0.004
0.420
0.116
0.432
-0.035
0.191
0.011
-0.090
0.299
-0.093
3.388
2.298
2.830
0.613
1.213
-0.093
3.748
0.191
-0.093
0.890
0.218
0.165
-0.108
2.680
1.855
2.111
1.497
3.737
3.229
2.158
2.043
1.936
-0.090
0.907
4.687
0.460
1.316
1.833
2.622
1.320
3.455
1.780
0.820
0.270
0.280
0.709
0.071
0.008
0.176
-0.093
-0.093
-0.093
-0.093
4.293
-0.089
-0.294
1.406
0.381
0.082
-0.317
-0.107
0.407
2.731
0.243
-0.373
-0.093
0.627
0.290
0.839
0.706
-0.122
0.312
0.042
0.503
2.431
-0.093
-0.068
0.211
0.378
-0.012
-0.245
0.138
0.086
-0.010
-0.265
0.117
0.133
-0.174
-0.076
-0.303
-0.128
0.131
0.275
-0.018
-0.109
0.109
0.171
-0.174
-0.330
-0.273
2.095
-0.908
-0.552
-0.135
0.139
0.151
0.335
-0.093
0.191
-0.238
0.637
0.199
0.351
-0.093
1.117
0.632
-0.093
-0.289
-0.222
0.401
-0.093
0.348
1.416
2.689
1.704
0.057
0.018
0.526
2.988
2.926
4.951
2.317
1.278
2.200
0.375
0.374
1.567
0.155
-0.093
-0.148
0.012
0.206
-0.055
0.275
1.368
3.081
-0.585
1.926
0.039
0.517
0.347
1.191
0.678
-0.019
-0.093
-0.068
1.986
-0.045
1.201
0.562
0.434
0.401
-0.205
-0.059
0.070
0.130
-0.093
-0.093
3.483
-0.093
-0.093
0.986
0.772
0.110
0.330
0.114
0.080
-0.106
0.451
-0.093
0.399
3.719
3.347
0.943
0.100
-0.194
0.415
-0.276
0.497
0.615
-1.081
-1.193
0.008
2.543
2.706
2.700
2.141
0.256
2.598
1.844
0.519
-0.019
0.433
2.409
0.571
0.390
1.376
2.067
1.014
4.753
-0.106
-0.982
0.801
-0.095
0.796
0.004
1.453
0.411
0.235
3.934
0.055
0.959
0.357
2.450
1.724
-0.147
1.058
0.752
-0.071
1.094
0.835
1.792
-0.199
0.742
1.024
0.924
0.103
3.295
0.876
-1.527
0.371
-0.333
-0.093
0.241
1.236
-0.141
-0.093
0.209
-0.472
1.441
-0.093
1.593
-0.069
0.659
-0.051
-0.277
1.146
-0.093
1.341
1.425
-0.028
0.370
0.435
-0.017
-0.103
0.676
-2.970
-0.066
-0.101
0.299
-0.093
-0.148
0.432
3.437
1.074
0.081
0.823
0.291
1.432
0.617
0.075
-0.873
-2.242
-0.611
-0.172
-0.023
-0.782
0.145
-0.064
-0.068
2.188
0.302
-0.218
-0.057
0.233
0.150
-0.056
0.082
0.157
0.380
0.245
0.981
-0.081
-0.059
3.473
1.372
-0.403
0.803
0.773
0.350
0.683
0.563
0.460
0.172
-0.067
0.624
0.116
-0.093
0.608
0.502
-0.247
0.485
-0.286
-0.093
3.354
1.127
1.404
2.022
1.685
0.089
0.817
1.173
2.800
1.112
1.999
1.870
0.177
0.340
0.634
0.859
0.829
1.814
-0.115
2.275
-0.493
1.846
0.563
0.881
0.045
1.420
-0.093
-0.093
-0.093
-0.090
1.020
0.351
-5.049
-0.937
-0.093
-0.093
-0.093
-0.093
-0.093
0.299
-0.127
-0.093
0.155
0.445
-0.093
-0.006
1.649
-0.093
0.236
-0.256
1.925
1.212
-0.093
1.034
0.472
-0.093
0.333
-0.094
1.582
3.810
0.106
0.023
-0.061
-0.093
-0.113
0.484
-0.479
0.398
0.555
-0.093
1.547
0.418
0.994
-0.125
0.688
1.334
0.092
0.434
1.279
-0.060
-0.446
-0.093
-0.206
-0.093
0.562
-0.144
0.921
1.025
-0.093
0.190
-1.756
-0.899
-0.316
-0.188
-0.454
0.295
-0.171
-0.124
-0.979
-0.093
-0.093
-0.093
-0.197
-0.099
0.007
1.195
0.208
1.890
-0.340
-0.108
0.444
-0.256
-0.058
2.453
0.480
0.644
0.201
0.124
0.499
0.248
0.808
-0.012
-0.594
0.477
2.099
-0.033
3.462
1.813
-0.093
-0.029
1.855
3.099
0.413
0.431
0.291
0.477
0.468
2.096
0.858
2.097
0.870
3.229
0.911
0.518
0.277
-0.061
1.118
0.479
0.383
0.987
0.532
1.221
2.005
0.036
0.203
-0.299
0.396
0.123
0.552
0.395
0.091
0.127
0.108
0.784
-0.093
0.520
0.148
0.373
0.375
0.181
0.948
2.335
1.800
0.655
0.339
-0.448
-0.082
-0.062
0.354
0.128
0.412
0.252
0.397
0.200
0.321
1.128
0.561
0.914
0.295
0.607
1.144
4.119
1.373
1.050
-0.446
0.647
-0.069
1.316
0.076
0.683
0.287
0.165
0.826
-0.069
0.731
-0.001
-0.065
-0.356
0.486
0.005
-0.244
0.551
0.343
0.252
0.563
0.269
-0.184
-0.093
1.237
-0.707
3.224
0.879
0.008
2.057
-0.021
0.773
-0.093
1.541
-0.093
0.240
-0.093
0.430
-0.208
-0.566
0.077
-0.430
-0.022
0.011
-0.021
0.233
1.577
0.240
0.054
0.109
0.043
-0.148
0.282
0.049
0.210
0.293
-0.012
0.890
0.211
0.180
2.540
0.492
0.001
0.932
0.121
-0.067
1.020
0.446
1.478
0.492
0.565
4.911
0.398
-0.031
0.105
0.595
-0.235
-0.288
0.150
-0.836
-0.363
-0.077
-0.080
1.132
0.561
-0.093
0.972
0.315
-1.352
1.433
-0.134
-0.874
-0.510
0.604
-0.692
-0.134
-0.199
-0.282
1.512
0.741
0.102
0.114
-0.138
-0.923
0.522
0.099
1.619
0.083
0.726
0.173
0.200
0.126
-0.133
0.425
-0.090
-0.093
-0.114
