0.025
0.082
0.082
0.134
0.017
0.089
0.525
0.131
0.693
0.296
0.240
1.158
0.835
0.363
0.005
0.017
-0.260
-0.056
0.070
-0.027
0.436
-1.364
-1.390
0.047
-0.043
0.286
0.238
0.101
0.340
0.194
0.064
-0.114
0.570
0.000
0.125
3.396
2.420
3.659
0.551
1.629
2.294
3.727
0.123
0.007
0.100
0.082
0.389
-0.050
2.818
2.042
2.853
1.682
3.521
3.334
2.205
1.859
1.671
-0.013
1.026
2.875
2.195
1.348
2.714
2.371
1.460
2.747
2.657
0.167
0.186
-0.603
1.071
-0.341
-1.006
0.216
0.776
2.635
0.462
-0.918
3.764
-0.007
-0.686
1.672
0.082
0.190
-0.136
0.880
1.598
2.690
1.061
0.593
0.082
0.055
0.126
1.101
0.082
0.001
-0.005
-0.282
0.905
0.331
0.310
0.029
0.209
0.883
0.148
-0.026
0.073
0.047
-0.115
-0.240
0.040
0.082
-0.305
-0.018
-0.181
-0.147
0.076
-0.255
-0.063
0.041
0.170
-0.078
-0.113
-0.176
-0.009
1.503
-0.058
0.023
-0.173
0.293
-0.058
0.503
1.478
1.751
0.641
1.958
0.138
-0.548
-0.542
-0.086
0.082
-1.128
-0.274
0.100
-0.227
0.082
0.297
1.052
1.195
2.749
0.978
-0.087
1.151
2.779
1.925
3.707
2.519
3.638
2.270
0.096
0.162
2.131
1.867
0.668
0.173
0.120
1.235
0.541
0.565
0.129
1.634
0.082
-0.090
-0.092
0.468
2.828
1.800
0.985
2.434
0.705
0.117
2.311
-0.097
0.676
1.115
0.722
0.324
-0.965
0.082
-0.308
-0.083
0.566
0.396
4.062
1.315
-0.570
0.440
0.446
0.125
0.256
0.348
0.141
0.134
0.207
0.095
0.094
4.011
4.360
1.204
-0.052
0.631
-0.108
-1.503
0.074
0.213
0.421
-0.099
-0.233
3.964
2.620
1.319
2.294
0.784
1.438
0.862
1.182
0.713
0.234
0.842
1.082
1.104
2.507
1.870
1.842
5.178
-0.392
-1.011
0.575
0.095
0.813
0.405
0.763
1.217
-0.080
4.272
0.103
0.586
-1.164
1.395
1.925
0.082
1.609
0.530
0.036
0.896
0.818
1.409
-0.108
0.008
1.723
1.103
0.673
0.772
1.083
-1.481
0.156
-0.474
0.127
0.058
1.505
-0.141
0.951
0.019
0.078
0.752
0.082
0.722
0.151
2.085
0.132
0.704
0.777
1.609
1.470
0.658
0.096
0.275
0.043
0.082
0.757
1.827
-0.267
0.015
-0.151
0.089
0.295
0.082
0.488
3.777
-0.418
0.915
1.426
1.127
1.327
0.572
0.455
-0.556
-1.472
-0.508
0.355
-0.027
-1.223
0.604
-0.042
0.296
4.917
0.133
-0.072
0.420
-0.121
-0.132
-0.094
0.221
0.225
0.366
-0.057
0.353
0.023
-0.080
1.808
1.455
0.572
1.150
0.934
0.452
1.101
0.362
0.733
-0.018
-0.120
0.704
1.239
-0.436
0.831
0.337
0.100
0.253
-0.750
-0.121
2.593
1.412
0.882
2.273
1.869
0.690
0.363
1.877
2.902
0.879
0.202
0.367
-0.072
0.237
0.055
0.181
0.436
0.242
0.008
1.445
-0.316
1.514
1.192
2.065
0.591
2.070
-0.266
0.080
0.026
0.226
0.448
0.079
0.174
-0.449
0.082
0.087
0.243
0.111
0.215
1.860
1.256
-0.444
0.095
0.113
0.316
0.041
1.234
0.057
1.097
0.118
1.359
1.990
1.562
0.947
1.116
1.721
1.759
-0.459
4.373
2.575
0.191
1.689
0.082
0.624
0.086
0.564
0.058
0.392
0.594
-0.369
1.172
0.524
1.198
-0.046
0.531
0.082
1.926
0.017
0.082
-0.158
-1.514
0.273
-1.616
0.082
0.483
-0.091
1.959
0.850
1.226
-0.221
-0.326
-0.029
-0.146
0.026
-0.053
0.031
-0.706
-0.976
-1.006
-1.750
-0.442
-0.135
0.058
-0.149
-0.030
1.194
-0.023
3.586
-0.710
-0.126
2.080
-1.163
-0.090
1.201
-0.708
0.617
1.953
0.183
-0.269
0.141
0.008
0.070
-0.081
0.094
2.529
0.758
3.143
1.158
0.310
0.082
1.495
3.048
0.079
-0.026
0.420
0.489
0.595
2.056
0.509
1.689
0.212
2.860
1.184
0.608
0.336
0.082
0.820
0.758
0.231
1.127
2.496
0.837
1.215
0.044
0.120
0.025
0.355
0.179
0.067
-0.573
0.112
0.318
0.154
0.564
-0.128
-0.135
0.048
1.277
1.126
0.251
1.042
3.210
1.814
1.561
0.151
-0.460
0.224
0.082
1.315
0.334
0.361
0.029
0.030
0.082
0.872
1.320
0.511
0.804
0.107
1.432
1.155
4.550
1.095
1.944
0.060
0.773
0.330
1.544
1.096
-0.057
-0.238
0.112
0.846
0.110
0.654
-0.045
0.163
0.043
0.129
-0.147
-0.031
1.155
0.394
0.078
0.609
0.538
-0.012
0.042
0.799
-0.143
3.220
1.463
0.245
0.983
1.050
1.215
-0.012
1.461
0.001
0.156
-0.167
0.331
0.082
-0.710
0.053
-0.010
0.017
0.037
-0.001
2.217
0.975
-0.683
-0.124
-0.169
-0.046
0.383
0.016
-0.259
-0.043
0.512
-0.172
1.019
0.758
0.206
1.700
0.497
0.585
1.230
0.337
0.578
1.088
0.371
1.550
0.969
1.019
3.579
0.651
0.064
0.188
0.734
-0.704
0.348
0.765
-0.451
-0.430
0.141
0.236
1.108
-0.001
0.050
3.252
2.147
-1.228
0.082
-0.941
-0.467
-0.034
2.147
-0.081
1.149
0.021
-0.294
0.528
0.816
-0.077
-0.355
-0.419
0.028
0.671
0.290
0.885
1.199
0.480
0.109
0.061
0.199
-1.280
0.905
0.124
0.657
0.296
