0.204
0.135
0.143
0.070
0.316
0.149
0.810
0.279
0.896
0.146
0.262
0.723
0.242
0.449
-0.089
-0.174
-0.366
-0.321
-0.234
-0.378
0.457
-1.581
-1.142
0.290
0.059
0.048
0.425
0.313
0.273
0.221
-0.226
0.384
-0.089
0.260
-0.203
2.867
2.063
1.622
0.419
1.253
1.683
3.312
-0.242
-1.102
0.283
-0.071
0.109
-0.313
1.284
1.229
2.831
1.704
2.516
3.051
1.702
1.025
1.458
-0.139
1.019
3.453
1.068
0.987
1.191
1.372
1.087
2.737
1.494
0.522
0.207
-0.092
0.621
0.195
0.070
0.413
-0.108
0.881
-0.311
-0.783
3.597
0.111
-0.252
0.896
-0.110
0.340
-0.478
-0.525
0.157
2.045
0.301
-0.442
-0.177
0.174
0.127
0.704
1.047
1.071
0.611
0.157
1.668
0.889
-0.135
-0.143
0.201
1.084
0.311
-0.335
0.169
-0.129
0.171
-0.047
0.057
0.356
0.092
0.173
0.172
-0.102
0.170
-0.263
0.172
0.080
0.184
0.170
0.149
0.009
-0.034
1.825
0.149
-0.664
-0.590
0.320
0.170
-0.393
-0.059
0.577
-1.334
-0.049
-0.568
0.415
-1.169
0.593
0.628
-0.108
-1.445
0.201
0.521
-0.176
0.290
0.831
1.449
1.051
0.430
0.061
0.725
2.642
1.556
2.852
2.865
2.357
2.859
-0.844
0.275
1.811
1.854
-0.166
-0.502
0.133
1.166
0.897
0.171
0.485
1.443
-0.738
-0.099
-0.204
0.513
1.405
1.422
0.403
1.291
0.595
-0.201
0.985
-0.196
0.916
0.920
0.466
0.055
-0.670
0.597
0.074
0.150
0.006
-0.741
-0.340
-0.152
-0.385
0.776
0.395
0.256
0.403
0.317
1.356
-0.775
0.472
0.596
-0.017
3.332
2.333
1.240
0.042
0.604
-0.100
-1.940
0.392
0.260
-1.876
-0.173
-0.351
2.811
1.853
1.288
2.799
0.205
2.409
1.365
0.477
0.594
0.180
1.054
1.114
0.040
1.635
1.225
1.126
2.932
-0.237
-1.257
0.190
0.825
0.361
0.342
0.489
-0.041
-0.198
4.006
0.157
0.618
-0.089
1.185
2.052
-0.281
1.163
0.384
-0.003
1.576
0.338
1.177
0.151
0.340
0.893
0.633
0.203
0.750
0.220
-1.908
-0.029
-0.917
-0.270
-0.316
1.423
-0.250
1.395
0.183
-0.400
1.171
-0.100
-0.205
0.518
0.158
-0.403
-0.100
0.589
1.021
1.208
1.688
0.180
0.070
0.321
-0.155
-0.095
2.441
-0.261
-0.208
-0.442
-0.232
-0.522
0.267
-0.443
2.687
0.443
-0.265
0.284
-0.161
0.768
0.145
0.528
-0.812
-1.738
-1.165
0.067
-0.362
-0.503
0.521
-0.265
1.695
2.106
-0.052
-0.290
0.072
0.197
0.229
0.205
0.364
0.292
0.716
0.100
0.504
0.330
0.310
1.862
2.034
0.183
0.444
0.707
0.352
1.187
0.402
0.110
-0.307
-0.110
0.661
1.666
-0.732
0.959
1.051
0.215
0.053
-0.099
-0.193
2.589
0.739
1.252
1.902
1.655
0.944
0.161
1.806
1.206
0.896
0.379
1.161
0.108
0.697
0.413
0.620
0.616
3.929
0.043
2.958
-0.201
1.192
0.913
0.869
0.130
1.132
0.153
-0.073
0.246
0.987
0.120
0.570
-0.640
-0.763
0.517
1.413
1.098
-0.117
0.763
0.657
0.299
-0.208
0.053
0.193
0.190
0.012
0.640
0.224
1.046
0.535
2.189
1.698
-0.871
1.309
2.229
-0.269
0.667
-0.049
2.523
2.350
0.159
0.066
0.196
0.328
-0.301
0.480
0.162
0.292
0.959
0.227
1.192
0.404
0.427
0.078
0.224
-0.203
0.378
0.129
0.195
-0.204
-0.674
0.190
0.246
-0.509
0.213
-0.804
1.488
0.866
-0.100
-0.090
-0.742
-0.587
0.133
-0.531
-0.834
-0.233
-1.460
-1.372
-1.240
-0.885
-0.470
-0.387
-0.622
-0.398
-0.223
-0.094
0.423
1.347
-0.882
-0.415
0.990
-0.556
-0.104
0.281
0.026
0.410
0.055
0.373
0.793
0.211
0.091
-0.056
-0.177
0.458
1.602
0.096
2.115
1.258
0.593
0.275
1.345
2.503
0.164
-0.281
0.430
0.263
0.474
1.089
0.464
1.290
0.594
2.081
0.722
0.529
0.271
-0.150
1.103
0.209
0.403
0.970
0.760
1.044
1.308
-0.025
0.169
0.182
0.183
-0.201
0.171
-0.548
0.230
0.319
0.248
0.231
-0.062
-0.007
-0.120
0.504
0.504
0.343
0.430
2.150
1.884
0.653
0.085
-0.288
-0.049
0.704
0.945
0.182
-0.019
0.183
0.125
0.027
0.428
0.784
0.283
0.929
0.346
0.777
1.245
2.782
1.060
0.922
-0.109
0.019
0.277
1.091
-0.141
0.173
-0.431
0.139
0.734
0.223
0.647
0.472
0.344
-0.342
0.277
0.317
0.296
0.447
0.044
0.295
0.864
0.191
0.311
-0.081
0.744
0.169
2.687
0.748
-0.100
0.190
0.734
0.445
-0.062
1.664
-0.098
0.196
-0.253
-0.207
-0.701
-0.325
0.223
0.294
0.076
0.168
-0.057
0.443
0.497
-0.301
-0.076
0.610
0.233
0.646
0.763
0.903
1.031
0.498
0.203
1.222
0.601
0.234
1.671
0.912
0.365
1.693
0.838
0.409
1.413
0.119
1.032
0.641
0.933
4.006
1.002
0.144
1.065
0.634
-1.011
0.145
0.403
-0.456
-0.618
2.086
1.982
1.187
-0.101
-0.339
0.589
0.226
-1.216
-0.007
-0.392
-0.943
-0.142
1.891
-0.077
0.736
-0.057
-0.409
1.113
0.801
-0.197
-0.236
-0.387
-0.773
1.687
0.514
0.854
1.257
0.279
0.214
0.124
-2.048
-0.660
1.772
-0.402
0.378
-0.193
