-0.289
-0.208
-0.151
-0.165
-0.152
-0.190
-0.318
-0.171
-0.414
-0.226
-0.206
-0.262
-0.246
-0.227
-0.163
-0.054
-0.007
-0.047
-0.170
-0.083
-0.408
0.998
0.378
-0.380
0.002
-0.143
-0.136
0.226
-0.241
-0.043
-0.164
-0.004
-0.178
-0.223
-0.025
-2.572
-1.878
-2.657
-0.711
-1.386
-2.038
-3.410
0.007
-0.053
-0.139
-0.179
-0.225
0.027
-2.495
-1.295
-2.247
-2.009
-2.565
-3.485
-1.950
-1.243
-1.301
-0.122
-0.520
-3.233
-1.398
-1.591
-1.561
-1.549
-1.498
-1.947
-1.467
-0.450
-0.321
-0.939
-0.944
0.040
-0.230
-0.316
0.626
0.456
0.904
1.437
-3.335
-0.025
-0.056
-1.081
-0.359
-0.388
0.078
-0.421
-1.286
-2.480
-0.886
-0.190
-0.097
-0.291
-0.176
-0.628
-0.562
-0.138
-0.021
-0.010
-1.419
-0.593
-0.509
-0.160
0.020
-0.644
-0.126
-0.013
-0.136
3.628
-0.029
-0.003
-0.054
-0.170
-0.097
-0.001
0.049
-0.083
-0.102
0.075
0.018
0.136
0.765
0.218
-0.073
0.022
0.010
-1.141
0.162
0.934
0.175
-0.542
-0.097
0.027
-0.286
0.280
0.495
-0.616
-0.044
-0.029
1.219
-0.093
-0.184
1.624
1.248
-0.292
-0.144
-0.060
-0.234
-0.730
-1.123
-1.665
-1.307
-0.122
-0.755
-2.140
-1.824
-3.250
-3.056
-2.988
-2.312
-0.122
-0.708
-1.930
-2.013
0.074
0.512
-0.105
-1.646
-1.589
-0.298
-0.643
-0.918
-0.000
0.293
0.183
-0.569
-1.533
-1.722
-0.575
-1.135
-0.824
0.208
-1.816
-0.085
-0.787
-0.601
-0.285
-0.394
0.458
0.223
-0.168
0.017
-0.225
0.506
-0.227
-0.048
0.400
-0.416
-0.364
-0.106
-0.253
-0.147
-0.161
2.214
-0.157
0.129
-0.157
-2.610
-2.475
-0.615
0.194
-0.321
-0.253
0.854
-0.578
-0.580
0.644
-0.033
-0.094
-2.038
-2.455
-0.945
-2.503
-0.765
-1.574
-1.003
-0.993
-1.019
-1.043
-1.371
-1.028
-0.982
-1.638
-1.217
-0.979
-2.057
0.415
0.897
-0.395
-0.287
-0.812
-0.319
-0.747
-0.182
-0.056
-2.666
-0.185
-0.660
0.079
-1.714
-1.573
-0.308
-0.834
-0.306
-0.428
-1.124
-0.633
-1.875
0.157
-0.341
-0.761
-1.050
-0.427
-1.123
-0.966
0.685
-0.206
0.021
-0.001
-0.440
-0.992
-0.008
-0.287
-0.113
0.075
-1.179
-0.128
-0.773
-0.207
-0.380
-0.290
-0.070
-0.357
-0.767
-0.927
-0.827
0.034
-0.209
-0.058
-0.122
-0.402
-1.192
0.271
-0.137
0.137
-0.045
0.176
-0.308
0.534
-2.426
0.615
-0.287
-1.941
-0.730
-0.766
0.097
-0.069
0.852
1.761
1.136
-0.390
-0.162
0.508
-0.559
-0.115
-0.401
-1.955
-0.793
0.471
0.299
-0.126
-0.079
0.016
-0.569
-0.220
-0.606
0.055
-0.618
0.030
0.046
-2.188
-1.142
-0.504
-0.470
-0.824
-0.319
-0.916
-0.281
-0.538
-0.144
-0.117
-0.493
-1.104
0.605
-0.434
-0.230
-0.007
-0.416
0.052
0.034
-2.800
-1.334
-1.002
-1.534
-2.112
-0.656
-0.230
-1.263
-1.719
-0.763
-0.146
-0.439
-0.133
-1.008
-0.833
-0.623
0.072
-1.353
-0.028
-1.861
0.069
-1.461
-1.169
-0.983
-0.591
-1.285
-0.748
-0.223
-0.356
-0.247
-0.523
-0.396
0.148
0.522
-0.505
-0.931
-0.377
-0.341
-0.207
-0.456
-1.168
0.444
-0.176
-0.177
-0.053
-0.263
-0.734
-0.386
-1.065
-0.138
-1.136
-1.534
-0.419
-0.920
-0.911
-1.480
-0.934
-0.339
-1.293
-1.791
-0.015
-0.744
-0.206
-0.180
0.035
-0.280
-0.153
-0.177
-0.581
0.027
-1.065
-0.446
-0.539
-0.217
-0.829
-0.306
-0.879
-0.297
-0.176
0.221
0.711
-0.205
-0.391
0.077
-0.267
0.290
-1.776
-0.761
0.760
-0.081
0.388
0.606
0.063
-0.068
0.414
-0.134
0.447
0.420
0.837
0.773
0.462
0.468
0.079
0.094
-0.040
-0.726
0.218
-2.001
0.471
0.070
-1.314
0.180
-0.544
-1.123
0.290
-0.497
-0.057
-0.159
0.781
-0.279
-0.462
-0.591
0.055
-0.351
-2.124
-0.249
-2.456
-0.204
0.029
-0.042
-1.000
-2.001
-0.136
0.000
-0.335
-0.415
-0.457
-1.458
-0.460
-1.290
-0.557
-2.648
-1.220
-0.480
-0.351
-0.145
-0.475
-0.312
-0.322
-0.522
-1.953
-0.869
-1.297
-0.197
-0.157
-0.030
0.102
-0.006
-0.086
0.124
-0.227
-0.491
-0.228
-0.106
-0.113
-0.140
-0.041
-0.159
-0.570
-0.255
-0.335
-1.268
-1.071
-0.228
-0.074
0.405
-0.128
-0.467
-1.240
-0.210
-0.436
-0.261
-0.103
-0.039
-0.447
-1.001
-0.322
-0.706
-0.303
-0.670
-0.875
-2.792
-0.996
-0.697
0.099
-0.628
-0.290
-0.710
-0.422
-0.071
0.536
-0.278
-0.670
-0.380
-0.277
-0.322
-0.342
0.156
-0.122
0.124
-0.068
-0.434
-0.287
-0.197
-0.545
-0.240
-0.082
0.123
-1.128
0.222
-2.952
-1.005
-0.145
-0.336
-0.385
-0.396
0.615
-0.731
0.082
-0.282
-0.147
-0.351
0.091
0.381
-0.140
-0.039
0.071
-0.010
0.084
-1.321
-1.034
0.128
-0.127
-0.121
-0.099
0.120
-0.296
-0.357
-0.178
-0.240
-0.066
-1.201
-0.780
-0.249
-2.047
-1.015
-0.839
-0.810
-0.584
-0.086
-1.046
-0.449
-1.005
-0.681
-0.852
-2.852
-1.022
-0.134
-0.745
-0.622
0.183
0.085
-0.410
0.685
0.419
-0.150
-0.317
-1.064
0.115
0.198
-1.219
-0.560
0.581
-0.417
0.109
0.472
-0.042
-0.652
-0.137
-0.696
-0.007
0.380
-0.561
-0.546
-0.044
0.115
-0.017
0.538
-0.934
-0.135
-0.654
-0.790
-0.321
-0.203
0.017
0.331
1.432
-0.870
0.216
0.441
-0.122
