-0.039
0.148
0.188
0.142
0.136
0.217
0.296
0.229
0.719
0.267
0.316
0.609
0.400
0.415
-0.783
-0.002
-0.076
-0.052
0.209
0.091
0.136
-2.126
-0.009
0.123
0.097
-0.081
0.036
-0.008
0.290
0.081
0.052
-0.034
-0.035
-0.271
-0.065
2.940
1.769
2.830
0.988
2.197
2.672
3.783
-0.007
-0.774
0.057
0.007
0.020
-0.046
2.985
2.228
3.471
2.133
3.011
3.856
2.651
1.903
1.442
0.016
0.774
3.757
1.842
1.824
1.844
2.050
1.554
2.223
1.668
0.585
0.162
0.691
1.366
-0.155
-0.000
0.196
1.445
2.255
0.914
-0.916
2.568
0.032
-1.364
1.525
0.723
0.222
-0.178
0.753
1.578
2.996
0.923
-0.134
-0.056
0.311
0.068
0.663
0.074
-0.053
0.023
0.074
1.318
0.375
0.021
0.005
0.011
0.428
0.116
-0.012
0.070
0.029
0.031
-0.266
0.022
0.132
-0.190
0.056
-0.077
-0.027
-0.003
-0.183
0.035
-0.338
0.041
-0.008
-0.065
-0.127
-0.189
1.444
-0.143
-0.972
-0.235
0.070
-0.016
-0.111
-0.061
0.344
-0.475
1.096
0.063
-0.154
-1.123
-0.023
0.001
-1.827
-1.584
0.118
0.236
0.011
0.138
0.964
1.460
2.454
1.307
0.379
0.797
2.247
2.039
3.760
2.870
4.281
3.737
0.721
1.354
2.546
1.902
0.415
-0.699
-0.033
0.905
1.369
0.053
0.136
0.663
0.035
-0.040
-0.048
0.848
1.528
1.644
0.548
1.490
0.771
0.117
1.734
-0.075
0.691
0.506
0.033
-0.049
-0.485
0.257
-0.017
-0.082
0.707
-0.174
2.696
1.561
-0.098
0.360
0.520
0.203
0.018
0.095
0.002
0.056
0.113
0.204
0.051
2.713
2.264
0.788
-0.408
0.678
0.222
-1.675
0.247
0.341
0.022
-1.027
-0.119
2.667
2.974
1.313
2.833
0.747
1.815
0.550
1.214
1.359
1.041
1.631
1.160
1.149
2.198
1.670
1.339
2.746
-0.126
-1.426
0.771
0.200
0.577
0.109
0.594
0.092
-0.168
3.034
0.004
0.277
-0.212
0.852
1.885
-0.193
1.468
0.452
0.342
0.991
0.333
1.771
0.200
-0.377
1.122
1.070
0.502
1.088
0.744
-0.725
-0.654
-0.503
0.191
0.140
0.854
-0.008
0.937
-0.017
-0.197
0.638
0.116
1.066
0.446
0.138
0.120
-0.005
0.387
1.315
1.398
0.791
-0.045
0.147
0.131
-0.198
0.165
1.385
0.011
-0.016
-0.145
-0.027
-0.145
-0.029
-0.248
2.345
-0.036
-0.306
1.627
1.254
0.830
0.157
0.157
-0.722
-2.384
-2.183
0.049
0.466
-1.359
0.361
-0.545
0.902
3.166
1.283
-0.528
0.101
0.163
0.011
-0.010
0.199
0.132
0.493
0.046
0.433
-0.024
0.063
1.451
1.307
0.332
0.960
1.129
0.493
1.396
0.461
0.651
-0.002
-0.312
0.531
0.705
-0.572
0.096
0.080
-0.142
0.299
-0.061
0.007
3.436
2.065
1.893
2.447
1.715
0.778
0.186
1.515
1.817
1.092
0.061
0.420
-0.047
0.630
0.859
1.041
0.192
0.872
0.098
2.054
-0.180
0.984
0.490
1.431
0.578
1.961
0.678
0.353
0.147
0.184
-0.734
0.199
-0.871
-0.815
0.149
0.164
0.018
-0.017
0.326
0.575
0.326
-0.030
-0.114
0.042
0.016
0.204
0.457
-0.130
1.366
0.421
1.774
0.601
0.519
0.512
0.778
0.482
0.558
0.247
1.288
1.544
0.067
0.418
0.039
0.080
-0.136
0.259
-0.181
0.155
0.971
-0.030
1.334
0.404
0.686
-0.069
0.176
0.612
1.186
0.343
-0.039
-0.209
-1.280
0.110
0.199
-0.286
0.091
-0.407
2.293
0.880
0.101
-0.080
-1.073
-0.659
-0.121
-0.112
-0.694
0.122
-1.062
-1.016
-0.873
-1.130
-1.070
-1.125
-0.164
-0.227
-0.106
0.706
-0.310
1.422
-0.656
-0.113
1.276
-0.633
0.584
2.573
-0.333
1.081
0.307
0.085
-0.410
0.082
0.368
0.722
-0.106
0.279
1.504
0.088
1.991
0.870
0.437
0.322
1.132
1.985
0.070
-0.116
0.410
0.094
0.573
1.520
0.504
1.494
0.409
2.557
1.098
0.325
0.386
0.230
0.290
0.477
0.311
0.551
1.998
1.604
2.089
0.073
-0.004
0.102
0.021
-0.076
0.031
-0.379
0.013
0.268
0.131
0.105
0.059
0.073
0.064
0.223
0.628
0.525
0.316
1.237
1.583
0.540
-0.087
-0.734
-0.010
0.552
0.904
0.080
-0.386
0.212
0.116
0.202
0.432
1.212
0.496
0.822
0.667
0.648
0.787
3.272
1.238
1.150
-1.041
0.518
0.304
0.091
0.271
0.031
-0.751
-0.086
0.796
0.520
0.529
0.870
0.223
-0.675
0.214
-0.047
0.107
0.747
0.398
0.217
0.699
-0.226
0.024
0.094
1.086
-0.034
2.363
1.056
0.013
-0.002
0.084
0.096
0.136
0.252
0.046
0.043
0.034
0.291
0.084
-0.352
0.070
-0.039
0.013
-0.005
0.013
1.905
2.102
-0.315
-0.002
-0.048
-0.099
0.012
0.184
0.262
0.092
0.156
-0.034
0.683
0.246
0.263
1.711
1.042
0.633
0.642
0.752
0.094
1.430
0.559
1.040
0.812
0.987
3.223
1.263
0.108
0.117
0.812
-0.202
0.113
0.599
-1.996
-0.037
0.378
0.441
0.800
0.239
0.782
1.438
0.740
-0.672
0.814
-0.101
-0.705
-0.585
1.332
0.056
0.745
0.138
-0.091
0.901
0.315
-0.009
-0.223
-0.392
-0.766
0.972
0.334
0.698
0.269
0.319
0.141
-0.014
-0.347
-1.378
1.269
0.020
0.385
0.065
