-0.619
-0.099
0.373
0.588
0.784
-0.107
0.154
-0.107
0.296
-0.057
0.212
1.473
0.333
1.289
-0.107
0.483
-0.548
-0.092
0.175
-0.208
2.362
-1.564
-0.830
0.310
0.191
0.534
1.048
1.545
-0.894
-0.003
0.006
-0.110
0.289
-0.020
-0.495
3.909
1.326
2.580
1.141
2.576
2.864
2.596
0.026
-0.107
0.078
-0.100
0.809
0.523
2.067
2.432
2.671
2.022
2.581
4.697
2.194
2.139
2.655
0.960
1.060
2.764
1.574
2.670
1.370
1.742
2.790
2.575
2.023
1.288
0.113
-0.221
2.273
0.707
1.702
0.603
2.925
0.511
-0.362
0.157
2.509
-0.164
-0.414
0.376
-0.809
1.478
0.260
-0.385
0.034
1.783
-0.055
-0.490
-0.937
0.235
0.959
0.947
1.787
-1.146
0.285
0.226
2.499
1.289
-0.020
0.430
0.475
0.325
0.128
-0.235
-0.306
-0.118
0.010
-0.350
-0.107
0.375
-0.909
-0.592
-0.104
0.011
0.028
-2.328
-0.187
0.128
-0.257
-0.114
-0.552
-0.063
-0.107
1.620
0.040
-0.529
0.327
-0.056
0.111
-0.540
0.112
0.061
-0.335
0.860
-0.010
0.003
-1.449
0.007
0.034
-0.577
-0.216
-0.307
1.077
0.044
0.074
-0.107
1.374
2.124
0.389
-0.166
1.248
2.424
1.124
4.541
4.084
1.390
2.552
-0.925
-0.099
2.794
2.302
0.657
0.160
-0.118
1.414
0.513
0.803
0.162
1.124
-1.003
-0.410
-0.659
1.171
3.284
1.449
0.267
2.150
1.634
0.108
3.260
-0.322
0.100
-0.096
0.495
0.744
1.288
-0.440
0.524
-0.091
0.231
-2.415
0.699
1.283
-0.639
1.092
2.769
-0.062
0.678
0.047
-0.107
-2.173
-0.085
-0.016
-0.060
4.670
3.512
1.745
-0.449
-0.459
-0.132
-2.571
0.255
0.314
0.895
-0.292
-0.145
1.993
2.346
2.387
1.826
1.512
1.117
1.850
1.250
0.347
2.002
2.927
2.276
-0.509
3.871
0.905
2.888
2.687
0.196
-0.683
1.835
-0.091
2.069
0.963
0.733
0.867
-0.238
1.706
0.421
-0.070
0.376
2.723
1.421
-0.941
0.373
0.447
0.013
1.395
0.208
0.485
0.000
1.935
1.735
2.048
0.513
1.098
0.032
-1.885
0.759
-0.931
1.044
-1.505
1.039
-0.100
0.542
0.090
0.012
1.356
-0.009
1.771
2.089
0.010
-0.147
-0.025
0.228
-0.318
3.279
0.997
0.912
0.917
-0.071
0.450
-0.410
1.804
-0.062
0.344
0.037
-0.644
-0.100
2.088
0.564
1.644
-0.302
-0.188
2.054
0.700
2.617
1.543
0.145
-0.040
-1.514
-0.855
-0.348
-0.220
-0.012
0.704
0.711
0.651
2.712
2.372
1.042
1.056
-1.030
-0.107
-0.107
-0.107
0.062
1.307
0.347
1.444
1.394
0.171
2.597
1.032
-0.417
0.615
2.208
1.050
1.310
0.217
0.646
-0.067
1.150
-0.176
0.583
-0.355
2.228
1.266
0.326
0.304
0.115
0.000
3.494
2.244
3.741
1.830
1.238
0.693
0.031
1.924
2.327
1.155
-0.005
0.304
0.037
0.191
0.235
1.033
0.985
1.551
-0.107
3.194
-0.053
1.070
1.724
2.638
1.575
0.865
-0.631
0.385
0.273
0.017
0.234
-0.002
-0.315
0.808
-0.056
0.852
1.280
-0.503
-0.042
1.797
1.112
-0.139
2.027
-0.659
1.315
0.107
0.522
1.336
2.793
0.340
0.574
2.634
2.132
1.966
0.268
0.166
0.803
2.366
3.166
3.761
0.467
1.155
0.697
-0.073
-0.220
0.006
0.501
0.384
0.573
-0.186
2.488
0.935
1.194
-0.092
-0.163
-0.623
0.236
0.153
-0.072
-0.063
-0.107
0.087
-0.431
-0.198
0.512
0.008
0.328
0.159
0.167
-0.182
-0.083
-1.126
0.717
-0.682
-0.582
-0.222
-0.659
-1.150
-0.762
-2.548
-0.215
0.145
-0.733
-0.391
-0.111
0.440
0.360
1.735
-0.110
-0.275
1.085
-0.910
1.655
0.028
-0.067
0.518
-0.406
0.463
-0.655
0.337
-0.213
1.634
0.960
0.000
1.917
-0.495
0.822
-0.633
0.375
0.493
2.152
2.362
-0.162
-0.626
0.182
0.412
0.937
2.101
0.503
1.804
0.996
3.189
2.159
1.131
1.421
0.316
1.610
1.640
0.871
0.343
0.824
1.296
2.375
-0.089
-0.006
-0.376
2.112
0.153
-0.085
-0.426
-0.741
0.582
0.438
0.395
0.646
0.237
0.316
0.485
-0.007
0.053
0.776
1.929
0.671
0.974
-0.077
-0.393
0.106
-0.096
0.432
-0.127
-0.173
-1.547
-1.817
0.008
-0.091
1.753
0.888
2.010
-0.013
1.629
1.539
4.334
1.019
0.563
0.871
-0.190
0.727
-0.036
-0.084
0.099
0.129
0.026
1.102
0.241
1.034
0.427
1.227
1.089
-0.228
0.132
-0.121
0.126
0.619
0.476
0.559
1.721
0.622
-0.486
1.630
0.129
6.590
-0.099
0.396
-0.317
-0.014
0.373
-0.087
-0.112
-0.124
0.585
0.830
-0.299
-0.256
-0.400
-0.125
-0.272
-0.192
-0.217
-0.107
1.382
-0.230
0.225
0.572
0.006
0.926
0.729
0.591
0.236
0.544
0.790
0.665
0.932
1.007
0.205
1.240
0.399
1.455
1.039
0.805
0.482
3.341
1.583
2.992
1.453
0.147
1.661
0.914
0.043
-0.804
0.998
-1.126
0.701
0.450
-0.754
-0.216
-0.206
0.002
0.867
-0.715
-0.494
2.326
0.726
-0.107
1.557
-0.206
1.466
-0.107
-0.547
-0.639
0.298
-0.321
-1.143
1.538
1.428
-0.652
-0.107
-0.910
-0.137
0.100
-0.431
0.908
1.408
1.957
1.058
-0.147
-0.107
-1.246
2.194
-0.033
-1.629
-1.026
