-0.441
0.097
0.424
0.099
0.147
0.198
0.301
0.586
0.918
0.076
-0.076
0.159
0.269
0.011
-0.543
0.065
-0.432
0.046
0.109
0.097
0.198
-1.317
-0.594
0.181
-0.031
-0.134
0.097
0.097
0.329
-0.066
0.075
0.214
-0.205
-0.434
-0.608
2.637
2.703
1.958
0.817
1.364
1.681
3.796
0.087
-0.925
0.007
0.113
0.433
0.082
2.368
1.637
2.173
1.881
2.253
3.732
2.216
0.960
1.902
0.028
0.807
4.295
1.080
1.350
2.058
1.821
1.436
3.548
1.824
0.277
0.093
0.654
0.902
0.072
-0.176
0.083
0.049
1.508
0.555
-0.971
2.937
-0.301
-1.196
0.536
1.486
0.096
-0.838
-1.315
0.040
2.927
-0.259
0.021
-0.362
0.297
0.096
0.111
0.365
-0.133
-0.033
0.083
0.568
0.129
0.031
0.105
-0.003
0.307
0.182
0.023
0.168
-0.334
0.174
-0.147
0.153
0.257
-0.364
-0.414
-0.157
-0.103
0.327
-0.734
0.053
0.037
0.106
0.116
-0.181
-0.175
-0.113
-1.121
0.097
-1.149
-0.034
-0.102
0.046
-0.052
-0.175
-0.426
-2.222
0.241
-0.229
-0.311
-1.761
0.206
0.059
-1.932
-2.176
0.227
-0.398
0.197
0.228
0.315
0.234
2.772
2.284
-0.032
0.558
2.154
1.446
2.837
1.666
2.624
2.706
-0.820
-0.063
1.851
1.336
0.097
-0.069
0.189
0.350
0.414
0.650
0.213
0.435
-0.800
0.037
0.041
0.116
1.118
1.204
0.495
0.603
0.184
-0.083
1.245
-0.018
0.407
0.781
0.576
0.347
-0.062
-0.090
-0.014
-0.123
1.530
-0.507
-0.451
1.590
-0.908
0.336
0.595
0.450
0.097
0.134
0.154
-0.142
0.072
0.044
0.097
3.963
1.553
1.379
-0.273
-0.041
0.004
-1.024
0.155
0.070
-0.890
-0.515
0.073
2.853
2.107
1.639
2.111
0.250
2.809
2.203
0.521
1.487
0.443
1.206
0.230
-0.030
2.029
1.764
0.770
2.065
-0.785
-0.777
1.104
0.322
0.587
0.827
0.408
0.035
0.643
5.337
0.099
0.332
-0.190
0.822
1.388
-0.005
1.541
0.300
0.327
1.613
0.232
0.696
-0.066
0.154
2.035
1.295
-0.110
0.768
0.097
-0.678
-0.179
-0.150
0.148
0.052
1.294
-0.006
-0.238
0.019
-0.313
0.553
-0.208
-0.395
0.205
-0.042
-0.546
-0.607
0.646
0.167
2.447
0.726
0.080
0.034
0.168
-0.285
-0.155
0.711
0.093
0.258
-0.042
-0.168
-0.135
0.424
-0.493
2.855
-0.104
-0.379
0.736
-0.065
0.847
0.683
0.740
-0.330
-3.102
-1.149
-0.060
0.502
-1.564
0.398
0.475
1.282
1.389
0.135
-0.490
0.413
0.069
0.234
0.284
0.199
0.130
0.268
0.096
0.441
-0.078
0.078
1.848
0.368
0.347
0.683
0.466
0.523
1.445
0.843
0.819
0.097
0.081
0.059
1.510
-0.980
0.097
-0.043
0.007
0.477
0.097
0.096
3.109
2.021
1.347
1.791
1.655
0.566
0.193
1.411
1.593
0.205
0.295
-0.132
0.167
-0.386
0.768
0.627
0.742
0.139
0.080
1.539
-0.519
0.305
0.139
1.277
0.238
0.853
-0.503
-0.002
-0.010
-0.257
0.244
-0.107
-0.566
-0.991
0.763
0.911
0.215
0.204
0.646
0.813
0.525
-0.218
0.117
-0.065
0.024
0.262
0.527
0.599
0.939
-0.461
1.231
1.276
0.558
0.969
0.808
1.150
-0.016
0.216
2.313
2.520
-0.007
0.794
0.157
0.511
0.638
0.097
0.286
0.323
0.764
0.195
0.647
0.253
0.584
0.137
0.008
0.027
1.206
0.200
0.264
0.032
-0.903
0.097
-0.213
-0.319
0.257
-0.619
0.427
0.112
0.132
0.097
-0.737
-0.702
0.041
-0.254
-0.491
0.086
-0.305
-0.431
-0.125
-0.481
0.045
-0.208
-0.398
-0.238
0.128
0.254
-0.252
1.022
-0.289
0.090
1.817
-0.398
0.749
1.930
-0.214
0.346
0.309
0.275
0.385
0.067
0.205
1.729
-0.554
0.222
1.341
0.097
3.989
1.336
0.220
0.053
0.819
1.324
0.172
0.037
-0.043
0.078
0.001
0.490
0.209
2.067
0.817
1.902
1.273
0.458
0.242
0.190
0.902
0.151
0.387
0.468
1.240
0.631
1.747
0.189
0.035
0.284
0.303
0.205
0.150
-0.193
0.117
0.363
0.109
0.052
0.161
0.403
0.050
0.472
0.050
0.238
0.311
0.823
1.218
0.223
0.048
-0.128
0.063
0.336
0.302
0.085
-0.001
0.165
0.110
0.013
0.722
0.694
0.390
1.128
-0.040
0.360
1.541
3.911
1.551
0.975
0.097
0.766
0.663
0.360
0.162
0.073
-0.040
0.099
0.569
0.668
0.130
0.010
0.123
0.766
0.036
0.179
-0.121
0.699
0.391
0.509
0.097
0.577
-0.101
-0.306
1.424
-0.215
3.084
0.512
-0.236
0.151
1.050
0.400
0.069
-0.032
-0.025
0.003
-0.080
0.145
-0.899
-0.845
-0.023
0.004
-0.102
0.048
-0.054
0.112
0.239
0.027
0.160
-0.120
0.357
0.281
0.039
0.062
-0.012
0.215
0.023
0.366
0.022
0.097
2.206
0.678
0.210
1.067
0.171
-0.043
2.334
0.433
0.577
0.705
0.228
3.304
0.854
0.147
0.376
0.400
-0.029
0.345
0.247
-0.156
-0.788
-0.537
-0.132
1.840
-0.780
0.299
0.350
-0.296
-0.868
0.276
-0.126
-0.085
-0.409
0.286
-0.288
0.395
0.148
-0.507
1.158
0.171
0.141
0.056
0.010
-0.741
0.444
0.070
0.147
1.562
0.478
0.302
0.192
-0.005
-0.665
1.115
0.090
0.917
0.081
