-0.040
-0.081
0.028
0.288
0.116
0.041
-0.020
0.271
-0.091
-0.028
-0.509
-0.548
0.098
-0.101
-0.353
0.076
0.284
0.139
0.231
0.771
-1.032
0.989
0.115
0.325
0.060
-0.247
0.260
0.070
0.195
0.148
0.013
0.044
0.146
0.020
0.034
-2.832
-1.674
-2.510
-0.599
-1.753
-2.009
-3.846
0.131
0.020
-0.564
0.025
-0.286
0.020
-2.891
-0.745
-1.696
-0.285
-2.205
-2.729
-2.709
-1.350
-1.823
0.242
-0.582
-3.157
-0.437
-0.043
-1.530
-2.725
-1.112
-1.911
-1.772
-0.618
-0.113
0.316
-1.092
0.033
-1.255
-0.035
-1.006
-1.676
-0.131
2.189
-4.479
0.027
0.126
-0.465
-1.120
0.056
1.106
0.338
-1.085
-2.976
-0.494
-0.041
0.690
-0.794
0.014
-0.697
-0.449
0.445
0.140
-0.152
-0.652
-0.303
0.020
0.020
0.223
-0.022
-0.541
0.101
0.031
0.104
-0.078
0.199
-0.167
-0.010
0.187
0.049
0.234
0.089
0.055
0.277
0.080
0.090
0.052
0.102
0.216
0.247
0.305
-1.240
-0.048
0.579
-0.078
0.078
0.062
0.312
-1.361
-0.845
0.619
-0.267
0.751
-1.290
-0.131
-0.840
-1.149
0.020
0.348
0.640
0.020
0.422
-0.220
-0.495
0.020
-0.506
-0.149
0.092
-0.994
-2.270
-1.529
-2.933
-1.679
-1.953
-0.722
0.136
0.135
-2.052
-1.271
-0.372
-0.007
0.011
-0.777
-0.858
-0.011
0.005
-1.599
0.623
-0.144
0.367
-1.977
-1.448
-0.529
-0.574
-0.579
-1.121
-0.143
-1.852
0.273
-0.098
-0.021
-0.184
-0.058
0.146
0.319
0.210
0.034
-0.197
-0.747
-2.730
-0.358
-0.404
-0.191
-0.704
-0.129
-0.167
-0.489
0.026
0.062
0.042
0.065
0.123
-1.917
-3.782
-1.093
-0.193
-0.328
-0.123
1.616
-0.349
-0.002
0.870
0.133
0.062
-2.101
-2.149
-1.428
-1.401
-0.752
-1.216
-0.190
-0.838
-0.941
-1.099
-1.465
-0.541
-1.003
-2.426
-1.479
-0.982
-2.699
0.173
1.283
-0.408
0.011
-0.120
-0.219
-1.483
-0.128
0.126
-2.107
-0.183
-1.701
0.084
-2.222
0.008
-0.009
-1.263
-0.114
0.080
-0.935
-0.111
-1.354
-0.113
-0.376
-1.138
-1.104
-0.946
-0.335
-0.417
2.055
-0.352
0.496
-0.228
-0.017
-0.241
0.326
-0.373
0.091
0.110
-1.412
0.020
-0.011
-0.232
-0.281
1.108
0.216
-0.764
-0.689
-0.645
-1.780
-0.013
-2.004
0.033
0.042
0.140
-2.573
0.036
0.084
0.210
0.078
0.150
-0.512
0.568
-3.684
0.286
0.059
-1.333
-0.067
-1.225
-0.279
-0.719
1.201
2.339
0.687
0.059
-0.448
1.181
-0.488
-0.102
-0.102
-2.687
0.045
-0.194
-0.459
0.024
-0.609
-0.135
-0.056
-0.095
-0.578
-0.056
-0.165
0.020
-0.058
-2.559
-0.941
-0.492
0.119
-0.111
-0.003
-0.611
-0.350
-0.363
0.098
-0.028
-0.719
-1.034
0.841
-0.414
-0.365
-0.216
-0.956
0.027
0.152
-2.672
-0.561
-1.324
-1.223
-1.479
-0.010
-0.094
-1.613
-2.059
-1.109
-2.888
-0.533
-0.129
-0.391
-0.384
-0.030
0.188
-3.677
0.039
-2.595
-0.642
-2.357
-0.510
-0.908
-0.352
-0.181
0.352
-0.079
0.058
0.000
-0.057
0.113
1.038
1.968
-0.037
-0.117
-0.051
-0.056
0.311
-0.181
-1.188
0.766
0.037
0.010
0.293
0.166
-0.324
-0.640
-1.969
0.418
-0.927
-1.330
-1.118
0.082
-0.624
-1.027
-0.412
-0.106
-1.711
-1.723
0.082
-0.372
-0.070
0.020
0.114
-0.170
0.093
-0.163
-0.684
-0.085
-1.132
-0.421
-0.835
0.268
-0.115
-0.119
-1.222
-0.105
0.030
0.167
1.675
0.110
0.004
-0.140
-0.147
0.021
-1.853
-1.187
-0.051
0.004
1.329
0.402
0.862
0.571
0.425
-0.158
0.590
1.047
1.302
0.657
0.039
0.108
1.527
0.150
-0.032
-0.369
0.757
-1.415
0.909
0.258
-0.963
0.274
-0.011
-0.702
0.145
0.827
0.001
0.030
1.011
-0.136
-0.264
0.258
0.566
-0.275
-1.569
0.077
-1.686
-0.821
-0.146
-0.031
-1.128
-1.970
-0.014
0.084
0.085
0.298
-0.160
-1.951
-0.762
-0.924
-0.057
-3.696
-0.818
-0.070
-0.001
-0.558
-0.458
-0.036
0.001
-0.783
-1.459
-0.268
-2.419
-0.115
0.123
-0.218
-0.599
-0.183
-0.326
0.984
-0.195
-0.316
0.046
-0.120
-0.761
-0.330
-0.766
-0.630
0.020
-0.214
-0.576
-1.155
-0.856
0.023
0.144
0.555
-0.279
-0.122
-0.020
-0.091
-1.399
0.020
0.026
0.242
-0.247
-0.390
-0.071
-1.101
-0.343
-1.498
-0.495
-3.189
-0.366
-0.734
0.043
-0.221
-0.103
-1.086
-0.827
-0.049
0.202
-0.012
-0.183
-0.043
-0.664
-0.580
-0.428
-0.144
-0.071
0.057
0.265
-1.157
-0.603
0.009
-0.762
-0.314
0.001
0.216
-1.107
0.202
-2.481
-0.278
-1.023
0.010
1.376
-1.089
-0.022
-0.278
0.017
-0.782
0.081
0.065
0.057
0.065
0.001
0.022
0.063
0.086
0.120
-0.165
-0.996
0.404
-0.057
0.197
0.192
0.518
-0.616
-0.160
-0.066
-0.109
0.184
-0.322
-0.836
0.112
-1.573
-0.622
0.278
-0.613
0.436
0.166
-1.436
-0.339
-0.883
-0.775
-1.164
-2.007
-1.394
-0.074
-3.097
-0.831
0.150
0.090
-0.101
0.231
0.741
-0.096
0.219
-0.118
0.730
-0.168
-1.790
-1.079
0.753
-0.126
0.117
1.093
0.094
-0.162
-0.396
-0.708
0.171
0.591
-0.840
-0.571
0.073
-0.119
0.258
0.407
-0.240
-0.214
-0.357
-1.530
-0.160
0.028
0.008
0.132
3.807
-0.452
0.130
0.047
-0.149
