1.173
-0.510
0.868
0.249
0.050
0.123
0.123
0.101
-1.682
-0.099
0.109
0.201
1.532
-0.180
-0.319
-0.016
0.018
1.074
-0.793
0.139
-0.940
0.729
-0.151
0.008
0.085
-0.062
0.113
0.106
0.008
-0.026
0.123
0.097
0.123
0.420
0.271
-2.313
-1.932
-1.696
-0.562
-1.821
-2.458
-1.578
0.083
0.012
-0.240
0.342
0.043
-0.639
-1.359
-1.531
-2.228
-2.067
-2.997
-2.773
-2.270
-1.049
-1.478
-0.059
-0.262
-3.111
-0.950
-1.388
-1.462
-1.111
-1.000
-2.197
-0.679
-0.920
0.139
-1.141
-2.110
0.973
-0.731
-0.207
-0.294
-0.825
0.037
0.230
-3.384
0.028
1.128
-2.463
-0.154
-1.236
-0.208
-0.380
-0.550
-1.173
0.190
0.885
0.047
-0.594
0.063
-0.651
-0.420
0.071
0.101
0.517
-2.197
-2.079
0.167
0.673
0.123
0.123
-0.250
0.123
0.123
0.069
0.123
0.123
0.123
0.061
0.123
0.123
0.123
0.123
0.123
-0.100
0.123
0.123
0.123
0.123
0.123
0.103
0.113
-1.485
0.123
1.859
1.754
0.022
0.111
0.358
-1.391
-0.323
1.189
0.158
-0.378
0.849
1.270
-0.673
-1.582
1.178
1.302
-0.183
-0.017
-0.426
0.057
-0.736
-0.145
-1.781
-0.189
0.157
-1.366
-0.356
-1.520
-3.505
-2.883
-2.174
-2.431
-0.845
-0.510
-1.829
-2.357
-1.030
0.123
-0.020
-1.119
-1.317
0.123
-0.507
-1.185
1.576
-0.069
0.075
-0.064
-1.756
-0.497
-0.395
-0.699
-2.071
1.426
-0.552
-0.097
0.119
-0.119
-0.144
0.013
0.123
0.680
0.786
0.123
0.097
-0.019
-1.092
-0.442
0.386
-0.981
-0.442
-0.249
-0.295
-0.176
0.071
0.123
0.123
0.348
0.155
-1.108
-0.850
-0.914
0.021
1.099
-1.082
-0.855
0.007
-0.032
0.453
0.963
0.181
-3.305
-2.656
-0.968
-2.985
0.384
-0.390
-0.350
-0.836
0.108
-0.378
-2.503
-1.125
-0.236
-3.323
-2.058
-2.388
-2.045
-0.262
0.114
-1.222
-0.351
-0.927
-0.469
-0.481
1.628
0.123
-0.907
0.117
0.123
-0.920
-0.475
-0.435
-0.087
-0.479
-0.782
0.004
-1.430
-0.412
-1.194
0.098
0.123
-1.476
-0.314
-0.367
-0.061
-0.050
1.666
-0.619
1.311
2.284
-0.170
-2.912
0.123
-0.024
0.623
0.583
-0.587
-1.483
-0.070
1.725
0.167
0.090
0.105
0.384
-1.378
-0.727
-0.266
-0.025
-0.098
0.123
-0.255
0.305
-1.564
0.513
0.313
0.123
0.125
0.105
0.420
1.711
-1.234
0.926
-0.114
-0.596
-0.280
-2.469
0.944
0.837
0.113
0.570
0.518
0.081
0.067
0.329
-0.521
-0.735
-0.104
0.072
-0.180
0.123
0.123
0.257
0.123
0.123
-0.281
0.146
0.093
0.628
-0.998
-0.320
0.123
-1.005
-1.582
0.076
-0.086
-2.292
-1.045
-0.481
0.114
0.141
0.132
0.084
-0.538
-0.685
0.070
0.199
-0.143
0.780
-2.311
1.296
0.964
-2.612
-2.065
-2.328
-2.618
-2.635
-0.036
0.094
-1.603
-1.415
-1.085
-0.201
-0.237
0.123
0.434
-0.281
0.491
-0.287
-1.243
0.075
-2.268
0.010
-0.073
-0.330
-0.869
-0.153
-0.408
0.034
0.669
0.953
-0.359
-1.285
-0.032
0.125
0.166
0.265
0.123
-1.115
0.380
-0.967
0.083
0.868
1.667
1.788
0.097
0.400
0.813
-0.412
-0.018
-0.474
1.151
-1.142
-1.413
-0.740
-1.346
-0.327
-0.227
-0.878
0.129
-2.512
-5.901
0.933
-0.732
0.064
0.059
-0.354
-0.001
0.663
-0.259
-0.944
0.608
-0.870
-0.088
-0.755
-0.288
0.277
0.172
-0.006
0.123
0.308
-0.035
0.453
-0.003
0.154
1.037
-0.255
-0.351
-1.707
-0.947
0.044
0.123
0.209
1.031
-0.086
0.123
0.123
0.188
0.558
0.571
0.608
-0.098
2.107
0.923
-0.123
1.603
0.048
-0.689
1.020
-0.542
0.082
0.123
-0.352
0.092
-0.042
-0.773
0.185
-1.313
0.532
0.113
0.123
0.057
-0.970
-0.014
-0.325
0.223
-1.359
-0.069
-0.564
0.439
-0.323
-1.426
0.849
-0.430
0.089
0.123
0.153
0.179
0.053
-1.323
0.259
-1.925
-0.105
-2.300
-0.782
-2.274
-0.061
0.916
-0.414
-0.286
-1.136
-0.354
-3.284
-1.239
-2.669
0.123
-0.054
0.097
0.084
-0.367
0.300
0.974
0.122
-1.164
-0.638
-0.563
0.036
0.250
-0.779
-0.420
-0.445
-0.915
0.080
-0.809
-0.951
-1.001
0.606
-0.157
0.106
-0.478
-0.917
0.118
0.237
-0.025
0.442
-0.202
0.123
-0.863
0.058
-0.518
0.004
-1.091
-0.377
-2.375
-2.659
-1.783
-0.788
-0.975
0.115
0.212
0.274
-0.082
0.069
0.123
-0.112
-0.003
-0.131
-0.449
-0.275
0.671
0.110
0.123
0.404
-1.128
0.042
-0.071
-0.191
-1.268
0.433
0.481
-0.058
0.075
-0.625
-0.530
-1.036
1.060
0.198
0.198
-0.176
0.055
0.258
-0.126
0.313
-0.406
-0.046
0.096
0.123
0.156
-0.175
0.170
-0.205
-1.862
1.394
0.009
0.071
-0.116
0.123
0.993
-0.086
-0.280
0.073
-0.251
0.123
-2.213
-2.096
-1.023
-1.742
-0.608
0.310
-1.144
-1.025
-0.364
-1.845
-1.074
-0.661
-0.536
-0.777
-0.676
-1.165
0.123
0.721
-0.662
0.094
1.837
-0.113
0.141
0.123
0.234
0.916
-1.441
1.263
-0.213
-0.550
-0.197
0.642
-1.484
0.859
1.001
0.123
0.123
0.220
-0.669
0.169
0.841
0.547
-0.296
0.123
-0.050
0.223
0.285
-0.812
-0.104
-0.733
-1.524
-0.632
0.512
0.358
0.123
-0.136
-2.674
1.725
1.492
-0.215
