-1.037
0.162
-0.103
-0.117
-0.117
0.486
0.027
0.177
-0.206
-0.225
-0.120
-0.735
-0.357
0.299
-0.613
0.059
0.164
-0.109
-0.374
-0.081
-2.148
1.485
0.264
-0.117
-0.093
-0.019
-0.123
-0.238
-0.033
-0.122
0.010
-0.090
0.108
0.103
0.010
-2.693
-1.543
-3.210
-0.670
-1.619
-1.898
-3.889
0.199
-0.016
-0.504
0.325
-0.621
-0.249
-3.079
-1.027
-2.585
-1.409
-2.145
-3.825
-2.496
-1.454
-1.061
-0.056
-1.166
-5.245
-0.769
-1.223
-2.028
-2.353
-1.270
-2.596
-1.772
-1.036
0.177
-0.337
-0.925
0.024
-0.068
-0.384
-1.117
-2.235
-0.358
1.251
-2.983
-0.097
0.269
-1.647
-0.276
-0.300
0.523
-1.359
-2.262
-3.234
-1.458
-0.665
0.093
-0.462
-0.156
-0.383
-0.292
0.121
-0.244
-0.052
-0.959
-0.281
-0.066
0.054
-0.298
-0.207
-0.140
-0.026
-0.086
-0.059
0.031
-0.117
-0.209
-0.088
0.485
0.091
0.164
-0.005
-0.096
-0.028
-0.069
-0.043
-0.070
-0.074
-0.021
-0.663
-0.050
-0.847
-0.145
0.780
0.740
0.109
-0.057
-0.149
-1.015
-0.120
1.176
-0.464
0.091
-0.837
0.036
-2.051
-0.120
0.047
1.827
0.006
-0.201
-0.210
-0.334
-0.495
-0.552
-2.756
-0.307
0.042
-1.323
-2.542
-0.868
-3.817
-2.293
-2.344
-1.791
0.751
0.274
-3.856
-1.216
-0.199
0.426
-0.276
-0.447
-0.437
-0.135
-0.165
-1.785
0.012
-0.225
-0.204
-0.993
-1.841
-2.192
-0.400
-0.865
-0.500
-0.015
-3.630
0.293
-0.928
-0.232
-0.648
-0.302
0.274
0.824
0.765
-0.036
-0.464
-0.320
-2.356
-3.209
0.439
0.154
-0.311
-0.719
-0.060
-0.441
-0.031
-0.006
-0.120
-0.120
-0.118
-3.303
-1.427
-0.775
-0.251
-0.723
-0.260
0.630
-0.559
0.126
2.084
1.525
0.071
-1.410
-3.057
-1.001
-2.801
-0.559
-1.087
-0.906
-1.039
-1.491
-1.046
-1.091
-1.608
-0.956
-2.749
-2.137
-1.109
-4.453
-0.410
0.930
-2.895
0.187
-1.284
-1.219
-0.397
-0.152
0.049
-1.297
-0.210
-1.042
-0.170
-0.860
-0.436
0.720
-1.622
-0.346
-0.390
-1.265
-0.181
-1.742
-0.268
-0.212
-1.121
-0.504
-0.635
-0.325
-0.693
0.369
-0.410
0.453
0.342
0.233
-0.703
-0.042
-0.749
0.193
-0.067
-1.115
-0.100
0.390
-0.390
-0.120
-0.106
-0.346
-0.372
-1.678
-1.109
-0.519
-0.250
-0.788
-0.545
0.026
0.314
-2.018
-0.001
-0.074
0.091
-0.166
-0.064
0.038
2.554
-3.878
1.128
0.210
-2.481
-1.783
-2.167
0.197
-0.887
1.144
2.053
0.669
0.318
-0.558
0.611
-0.780
-0.409
-0.320
-1.835
-0.853
-0.730
-0.154
0.163
-0.188
-0.099
-0.174
-0.375
-0.622
-0.298
-0.136
-0.047
-0.108
-1.378
-0.170
-0.944
0.061
-0.867
-0.496
-1.099
-0.182
-0.642
0.067
-0.085
-0.967
-0.507
1.432
-0.529
-0.152
0.037
-0.136
0.150
-0.071
-3.007
-1.222
-0.915
-1.156
-1.550
-0.418
-0.101
-1.409
-2.072
-1.268
-0.120
-0.120
-0.263
-0.514
-0.323
-0.529
0.344
-0.813
-0.129
-2.027
-0.277
-1.649
-0.510
-1.294
-0.430
-2.327
-0.646
-0.043
0.433
0.003
-0.050
0.885
0.419
1.754
-0.393
-0.344
-0.171
-0.048
-1.147
-1.945
-3.381
-0.041
0.406
-0.245
-0.448
-0.341
-0.410
-0.612
-2.751
1.138
-1.173
-1.086
-0.656
-0.654
-0.838
-0.375
0.126
-0.006
-2.074
-2.278
0.055
-0.761
-0.168
-0.295
0.165
-0.382
-0.160
-0.149
-0.557
0.217
-1.473
-0.637
-1.012
0.113
-0.150
-0.259
-2.193
-0.110
-0.036
-0.092
0.826
-0.070
0.031
0.318
-0.387
1.569
-1.874
-1.665
-1.406
-0.078
0.608
-0.037
0.214
0.211
0.487
-0.079
1.560
1.333
0.502
1.854
0.004
-0.249
0.362
0.133
0.031
-0.255
0.407
-3.261
0.097
-0.111
-0.831
0.650
0.831
-0.406
0.027
0.502
0.022
-0.454
-0.438
-0.073
-0.008
0.181
0.064
-0.260
-2.048
-0.364
-2.115
-0.704
-0.852
-0.291
-1.299
-1.995
-0.021
0.105
-0.210
-0.363
-0.945
-2.179
-0.472
-1.641
-0.375
-3.486
-1.406
-0.268
-0.443
-0.242
-1.416
-0.257
-0.122
-0.794
-3.580
-2.022
-1.805
-0.259
-0.095
0.017
-0.197
-0.305
-0.060
-0.286
-0.698
-0.350
-0.328
-0.228
-0.103
-0.505
-0.127
-0.469
-0.374
-0.335
-0.342
-1.606
-1.626
-0.899
0.025
0.230
-0.233
-0.108
-0.639
-0.069
-0.836
0.210
0.164
-0.135
0.778
-1.793
-0.557
-0.602
-2.085
-0.657
-0.777
-2.431
-1.600
-1.348
0.365
-0.867
0.156
-0.976
-0.066
-0.196
0.047
-0.145
-0.600
-0.586
-0.331
-0.248
-0.128
0.048
-0.269
0.183
-0.122
-0.558
-0.158
-0.068
-0.641
-0.212
0.153
-0.112
-1.995
0.905
-1.394
-0.872
-1.331
0.130
-0.823
-0.972
-0.024
-1.356
0.329
-0.249
0.269
-0.045
0.051
0.026
0.116
0.318
0.282
-0.015
0.466
-3.206
-1.851
0.566
-0.086
-0.427
0.223
-0.290
-0.072
0.185
-0.186
-0.378
-0.103
-0.633
-0.548
-0.149
-1.849
-0.609
-0.251
-1.036
-1.132
0.028
-0.766
-0.120
-1.736
-1.599
-1.402
-2.916
-1.374
-0.065
-1.821
-0.498
-0.008
-0.349
-0.293
-0.012
0.119
0.353
-0.118
-0.778
0.301
-1.052
-0.576
-0.353
0.753
-0.801
0.319
0.490
0.556
-0.367
0.136
-0.303
0.227
0.523
-0.777
-0.203
0.533
-0.034
0.215
0.141
-0.613
-0.176
-1.443
-1.058
-0.917
-0.036
0.385
0.306
0.948
-1.521
0.206
-0.011
0.257
