-0.028
-0.178
0.131
-0.158
-0.178
-0.164
-0.252
-0.234
-0.805
-0.303
-0.242
-0.615
-0.307
-0.187
0.495
-0.115
0.236
0.235
0.612
0.884
0.001
1.433
2.077
-0.220
-0.239
0.051
-0.243
-0.002
-0.434
0.284
0.123
-0.086
0.521
-0.160
0.428
-2.697
-2.164
-2.686
-0.525
-1.893
-2.486
-4.299
0.218
0.825
-0.086
0.121
-0.373
-0.013
-2.212
-1.650
-2.645
-2.162
-2.449
-2.703
-2.070
-1.799
-1.023
0.089
-0.638
-3.390
-0.655
-1.335
-1.778
-2.430
-1.466
-3.322
-1.957
-0.611
-0.339
-0.159
-0.825
-0.046
0.064
-0.297
-0.387
-1.384
0.089
1.704
-2.185
0.279
0.452
-1.305
-0.826
-0.308
0.608
0.092
-1.351
-2.085
-0.293
-0.972
-0.033
0.080
0.060
-0.643
-0.360
0.164
-0.056
-0.099
-1.285
-1.201
0.097
-0.115
-0.404
-0.509
-0.387
0.328
-0.184
0.330
0.164
0.154
-0.146
-0.159
0.275
0.194
0.289
0.246
0.164
0.360
0.189
0.084
-0.185
-0.184
0.224
0.249
0.201
-1.648
0.157
1.971
0.408
-0.324
-0.169
0.152
-0.269
-0.483
0.577
-0.832
-0.523
-0.475
0.608
-0.266
-0.903
1.362
1.495
-0.153
0.174
0.024
-0.175
-0.700
-1.968
-2.996
-1.623
0.428
-0.823
-2.486
-1.800
-2.936
-2.540
-2.596
-2.891
0.352
-0.573
-2.086
-1.404
0.069
0.397
-0.147
-0.896
-2.547
-0.356
-0.732
-1.531
0.742
0.320
0.327
-1.213
-1.802
-1.848
-0.749
-2.247
-1.298
0.467
-1.915
-0.175
-0.872
-0.649
-0.334
-0.120
1.302
0.061
-0.182
0.003
0.432
0.252
0.089
-0.369
0.927
-0.720
-1.000
-0.237
-0.198
-0.162
-0.167
0.309
0.007
-0.366
-0.306
-3.192
-1.366
-0.854
0.696
-0.459
0.080
1.213
-0.348
-0.234
1.148
0.433
-0.045
-2.939
-2.141
-1.473
-2.582
-0.489
-1.743
-1.571
-0.894
-0.987
-0.300
-1.627
-1.814
-1.004
-1.974
-1.882
-1.149
-3.991
0.263
1.374
-0.183
-0.156
-0.728
-0.336
-1.198
0.042
0.408
-3.148
-0.022
-0.381
0.122
-1.755
-1.495
-0.363
-1.668
-0.283
-0.144
-1.679
-1.112
-0.832
0.488
-0.518
-1.823
-1.124
-0.334
-1.701
-0.412
1.905
-0.266
-0.179
-0.214
0.223
-1.101
0.309
1.093
-0.131
0.650
-1.779
0.258
-0.808
-0.113
-0.237
0.145
0.317
-0.567
-1.333
-1.752
-0.874
0.120
-0.444
-0.368
0.089
-0.504
-1.697
0.219
-0.158
0.334
0.086
0.378
0.140
0.659
-2.687
0.547
-0.765
-1.438
0.089
-1.726
-0.326
-0.778
0.849
3.920
1.623
0.429
0.143
0.559
-0.365
0.105
-0.285
-1.920
0.429
0.532
-0.427
-0.034
-0.182
-0.204
-0.472
-0.426
-0.357
0.122
-0.764
-0.256
-0.237
-3.230
-1.651
-0.495
-0.556
-0.417
-0.108
-1.245
-0.345
-0.347
-0.120
-0.085
-0.492
-2.549
1.231
-0.453
-2.361
-0.000
-0.164
0.162
0.331
-3.424
-0.984
-1.063
-1.596
-1.940
-0.305
-0.266
-1.588
-1.718
-1.126
-0.128
-0.195
-0.030
-1.093
-0.700
-0.108
-0.247
-6.531
0.556
-1.862
0.668
-1.876
-0.417
-1.296
-0.767
-1.208
-0.141
-0.097
0.203
-0.227
-0.566
-0.226
0.450
0.962
-0.090
-0.568
-0.337
0.029
-0.439
-0.698
-0.899
0.397
-0.124
0.510
0.236
0.240
-0.500
-0.744
-1.647
1.070
-2.105
-1.055
0.221
-0.642
-0.523
-0.969
-0.181
-0.789
-1.243
-2.263
-0.048
-0.111
-0.173
-0.308
0.137
-0.304
-0.251
-0.351
-1.108
-0.038
-1.232
-0.354
-0.379
-0.162
-0.336
-0.325
-1.063
-0.018
-0.201
0.394
0.896
0.202
0.073
0.617
-0.471
0.406
-1.446
-0.938
0.089
0.152
1.300
0.714
0.324
0.362
0.350
0.067
1.321
1.110
2.145
1.917
0.487
0.419
0.597
0.669
0.282
-0.021
-0.294
-0.918
0.721
0.260
-0.787
0.739
-0.385
-1.686
-0.143
0.257
-0.459
-0.039
0.770
-0.044
-0.492
-0.782
0.412
-0.084
-1.581
-0.564
-2.144
-0.116
-0.060
-0.165
-1.520
-2.593
-0.400
-0.149
-0.123
-0.136
-0.105
-1.160
-0.124
-1.727
-0.582
-2.090
-0.976
-0.685
-0.456
0.053
-1.440
-0.406
-0.405
-0.815
-2.098
-1.395
-1.751
-0.015
-0.189
-0.020
0.126
-0.008
-0.171
0.541
-0.348
-0.231
-0.074
-0.110
-0.454
-0.289
0.069
-0.345
-0.061
-0.454
-0.561
-1.808
-1.504
-0.311
0.571
0.651
0.201
-0.161
-0.214
-0.109
-0.309
-0.210
-0.234
0.186
-0.173
-0.743
-0.102
-0.679
-0.370
-0.938
-0.886
-3.145
-0.870
-1.000
0.244
0.223
-0.390
-0.825
-0.179
-0.075
0.217
-0.350
-0.576
0.073
-0.603
-0.134
-0.426
-0.141
0.064
-0.176
-0.188
-0.633
-0.176
-0.160
-0.437
-0.457
-0.420
0.204
-1.203
0.473
-2.839
-1.132
0.089
-0.125
-0.387
-0.435
0.578
-0.571
-0.288
0.237
0.296
-0.456
0.675
0.905
-0.071
0.153
0.217
-0.070
0.192
-2.002
-0.309
-0.000
0.317
-0.104
-0.163
-0.249
-0.043
0.285
0.110
-0.371
0.279
-0.771
-1.006
-0.227
-1.536
-1.148
-0.226
-1.370
-0.427
0.101
-1.660
-0.311
-1.183
-0.778
-0.804
-4.421
-1.261
-0.187
0.563
-0.738
0.523
-0.002
-0.469
0.621
0.903
-0.823
-0.387
-0.929
0.247
0.089
-0.980
-0.586
0.896
-0.340
0.593
0.927
1.145
-0.213
0.477
-1.398
0.224
1.097
-0.912
-1.295
0.162
0.150
0.218
1.084
-0.745
-0.364
-0.654
-0.694
-0.334
-0.261
-0.064
-0.096
1.320
-0.934
0.381
0.281
0.542
