-0.585
0.186
0.132
0.128
0.084
0.128
0.133
0.221
0.128
0.137
0.237
0.268
0.595
0.095
0.019
0.145
0.063
0.076
0.186
0.161
1.190
-0.958
-0.592
0.096
0.044
-0.124
0.041
0.128
0.188
0.111
0.128
0.102
-0.292
0.128
-0.725
2.521
1.181
1.586
0.298
2.473
0.488
3.125
0.103
-0.278
0.323
0.237
0.586
1.165
1.034
1.333
1.400
1.668
1.460
3.044
1.227
0.822
0.947
0.057
0.127
2.474
0.643
0.428
1.085
1.130
0.773
2.288
1.315
1.048
-0.252
1.594
0.944
0.408
0.309
0.556
0.128
0.189
-0.184
-0.984
4.110
0.092
-0.644
1.472
0.128
0.111
-0.376
0.032
0.856
1.572
-0.168
0.403
-0.758
0.128
0.102
0.481
0.128
0.032
-0.052
-0.097
1.227
1.449
0.099
0.128
0.128
0.128
0.516
-0.496
0.154
0.101
0.071
-0.383
0.584
0.162
-0.132
-0.112
-0.089
-0.021
0.059
-0.163
0.085
-0.391
0.104
0.014
-0.055
-0.254
-0.420
1.961
0.236
-0.232
0.279
0.504
0.215
0.203
-0.260
-0.691
-0.424
0.998
0.052
0.099
-1.324
0.127
0.774
-1.228
-0.491
0.155
0.262
0.355
0.161
0.191
0.379
1.315
0.176
0.128
0.654
1.239
1.000
2.875
2.893
2.451
1.782
-0.251
0.018
1.625
0.636
-0.071
-0.621
0.123
1.580
0.307
0.102
0.551
0.462
-0.124
-0.170
-1.079
0.148
1.961
0.597
0.346
0.745
0.476
0.134
1.972
-0.037
0.890
0.288
0.109
0.397
-0.611
0.259
0.282
0.154
0.143
-0.496
1.042
0.574
0.090
0.547
0.282
0.165
0.220
0.128
0.039
-0.030
0.128
0.138
0.128
3.479
1.019
1.616
-0.268
-0.688
0.128
-1.249
0.127
0.300
-0.032
-0.020
-0.020
2.552
1.342
0.494
1.620
0.841
1.453
1.166
0.197
0.305
0.377
1.126
0.873
0.657
1.335
1.476
1.263
3.360
-0.510
-0.997
0.543
0.270
0.565
0.932
0.585
0.128
-0.115
2.419
0.087
0.113
0.739
1.890
0.864
-0.197
0.252
0.189
0.022
0.541
0.436
1.306
0.163
-0.161
0.754
1.611
1.444
0.607
0.465
-1.516
0.281
-0.942
-0.032
0.120
0.159
-0.237
0.300
0.129
0.128
1.121
0.128
1.188
0.400
0.288
0.038
0.122
0.178
0.998
0.917
0.150
-0.344
0.141
0.207
0.086
-0.371
1.149
0.120
-0.074
0.082
0.039
-0.370
0.267
0.339
2.138
-0.671
0.326
0.998
0.134
1.947
-0.142
-0.091
-0.482
-2.830
-2.055
-0.362
0.428
-0.339
0.767
0.047
0.542
2.196
1.184
-1.083
0.224
0.191
0.126
-0.028
0.259
0.194
0.163
-0.134
0.814
0.006
0.026
2.088
0.165
0.058
0.125
1.020
0.031
0.828
0.236
0.250
0.114
0.211
0.687
0.709
-0.568
0.683
0.169
0.146
0.515
-0.156
0.114
3.064
0.823
0.557
1.724
1.839
0.213
0.071
0.791
1.395
0.809
-0.001
0.517
-0.057
0.583
0.254
0.144
0.091
1.077
0.166
1.957
-0.037
0.370
0.627
0.654
0.220
0.190
-0.447
0.954
0.989
-0.091
0.165
-0.421
-0.247
-1.432
0.089
0.121
0.471
0.477
1.413
0.285
-0.108
0.028
-0.396
0.128
-0.230
-0.042
0.527
0.012
0.619
0.758
2.247
0.636
0.128
0.364
0.470
2.197
0.379
0.116
3.273
2.285
0.654
0.426
0.002
0.180
0.128
-0.012
0.128
0.310
0.408
0.114
0.475
0.271
0.707
0.177
0.263
1.290
0.179
0.050
0.173
-0.082
-0.413
0.168
0.189
-0.069
0.364
0.133
2.013
0.748
0.022
-0.170
-1.176
-1.326
-0.045
0.018
-0.312
0.051
-0.220
-0.261
-1.155
-0.745
-0.727
0.241
-1.117
-0.081
0.046
0.292
-0.238
0.800
-0.609
0.016
0.938
-0.587
-0.432
0.544
-0.467
1.261
0.182
0.207
0.329
0.109
0.550
0.366
-0.361
0.132
1.901
-0.033
0.925
0.081
1.654
0.742
1.040
1.328
-0.341
-0.450
-0.049
-0.378
0.462
2.118
0.495
0.775
0.128
1.737
0.705
0.346
0.158
0.368
0.508
0.128
0.278
0.480
0.911
1.380
0.856
0.108
0.081
0.014
0.126
0.084
0.042
-0.732
0.134
0.346
0.220
0.239
0.358
0.404
-0.126
0.530
0.081
0.248
0.341
1.998
0.920
0.885
-0.030
-0.519
-0.156
0.872
0.458
-0.179
-2.625
-0.075
-0.128
0.160
0.197
0.532
0.324
0.842
1.857
1.028
1.249
2.203
0.592
0.731
0.190
0.324
0.185
0.682
-1.099
0.117
-0.068
0.199
0.708
0.522
0.224
0.814
0.148
0.260
0.196
0.064
0.097
0.285
0.445
0.118
0.525
0.431
-0.213
-0.666
0.737
0.062
2.711
1.147
0.363
0.666
0.068
0.299
-0.048
0.509
-0.235
0.142
-0.244
0.212
0.128
-0.129
0.260
0.219
-0.308
0.125
0.080
2.550
1.857
0.610
-0.028
-0.122
-0.270
0.113
0.128
0.371
-0.152
0.341
0.205
0.499
0.153
-0.052
1.304
0.575
0.538
0.561
1.271
0.128
0.838
0.321
0.622
0.682
0.403
1.177
0.307
0.282
0.588
0.585
-0.670
0.093
0.407
-1.087
-0.008
0.161
0.027
1.515
-0.093
0.128
0.692
0.082
-0.768
0.915
-0.412
-1.036
-0.806
-0.295
-0.331
0.571
-0.075
-0.503
0.958
1.058
0.053
0.342
0.075
-0.993
0.693
0.112
0.629
0.989
0.267
-0.111
-0.357
0.060
-0.097
1.841
0.441
0.649
0.128
