0.452
0.126
0.191
0.419
0.116
0.290
0.607
-0.052
0.462
0.236
0.241
0.845
0.228
0.451
-0.519
-0.043
-0.225
-0.376
-0.183
0.268
0.933
-1.049
-0.568
0.127
0.051
0.225
0.160
0.215
0.115
0.086
0.076
0.018
-0.089
0.173
0.104
2.731
1.998
2.897
0.842
1.860
2.401
2.853
0.060
-0.261
0.163
0.006
0.474
-0.275
2.278
1.471
1.792
1.848
2.493
2.687
1.669
0.636
1.082
0.070
0.726
2.673
1.082
1.598
1.565
1.769
2.250
2.347
1.674
0.503
0.068
0.439
1.213
-0.356
-0.345
0.581
-0.253
1.447
-0.322
-1.502
3.895
-0.102
-0.096
0.879
0.951
0.440
0.019
0.076
1.398
2.121
0.721
-0.364
-0.025
0.580
0.293
0.535
0.269
0.024
0.250
-0.050
1.910
0.812
0.238
0.338
0.349
0.861
0.118
-0.109
0.076
-0.646
-0.106
-0.222
-0.145
0.166
-0.148
-0.094
-0.207
-0.264
0.042
-0.042
-0.078
-0.450
-0.042
-0.147
-0.112
-0.468
-0.215
1.813
-0.206
-0.543
-0.098
0.121
0.015
0.094
0.549
0.740
-1.199
1.825
0.784
0.356
-1.596
0.737
0.998
-1.955
-1.636
0.517
0.076
-0.963
0.303
0.126
1.149
1.075
0.618
0.061
0.681
2.157
1.735
2.560
2.260
2.732
2.412
-1.472
0.864
1.569
2.123
0.076
-0.250
0.084
0.776
0.640
0.347
0.989
1.368
-0.336
0.010
-0.242
0.963
1.398
1.254
0.731
1.166
0.999
-0.338
2.378
-0.154
0.510
0.593
0.771
0.555
-0.110
-0.139
0.112
0.079
0.076
-0.243
1.908
0.024
-1.015
0.694
0.433
0.240
0.182
0.576
0.401
-0.616
0.125
0.129
0.076
2.294
2.652
0.457
-0.284
0.226
0.097
-1.275
0.721
0.575
-1.501
0.221
0.048
1.630
2.068
1.136
2.812
0.373
1.649
1.343
0.719
1.591
1.474
1.539
0.953
1.391
2.107
1.437
0.927
3.450
-0.453
-1.276
0.137
0.350
0.754
0.383
0.731
0.288
-0.155
2.560
0.094
1.325
0.573
1.334
1.454
-0.033
0.706
0.506
0.192
1.387
0.311
1.622
0.067
0.023
1.073
0.857
0.314
1.714
0.570
-1.998
0.228
-0.204
0.087
0.004
1.207
-0.104
0.692
0.097
-0.365
0.477
0.076
0.573
0.143
1.663
0.246
0.075
0.511
0.076
1.230
1.487
0.252
0.581
0.122
0.081
0.794
1.775
-0.251
-0.109
0.070
-0.098
0.088
0.416
0.743
2.972
0.380
0.928
1.563
0.512
1.957
-0.004
0.052
-0.194
-1.573
-0.662
0.089
0.725
-0.422
0.766
-0.382
0.267
2.134
0.536
-0.578
-0.063
0.262
-0.073
-0.208
0.195
0.072
0.609
-0.187
0.652
0.080
0.216
1.033
1.633
-0.357
0.319
1.099
0.319
1.067
0.142
0.439
0.056
-0.009
0.458
1.580
-0.838
0.680
0.524
-0.440
0.207
-0.329
-0.130
2.806
0.953
1.074
1.326
2.450
0.212
0.167
1.488
1.446
1.541
0.763
1.291
0.127
0.748
0.716
0.369
0.305
2.536
-0.018
3.124
-0.713
0.966
1.023
0.912
0.310
0.989
0.326
0.102
-0.401
0.076
0.232
0.186
-0.280
-1.070
0.459
0.944
0.112
-0.656
0.076
0.446
0.363
-0.442
-0.468
0.105
0.076
0.852
0.485
0.310
0.968
0.674
1.706
1.906
-0.464
1.306
1.250
0.517
0.615
0.508
2.651
1.650
0.010
0.276
0.193
0.133
-0.052
0.353
-0.264
0.250
0.386
-0.167
1.034
0.527
0.277
-0.204
0.624
0.062
0.661
0.516
1.130
0.110
-0.706
0.078
0.066
0.066
0.580
0.076
2.422
0.717
0.082
-0.241
-0.313
-0.597
-0.289
-0.048
-0.202
-0.052
-0.733
-0.518
-1.371
-2.203
-0.072
-0.557
-0.581
-0.093
-0.022
0.736
-0.231
1.771
-0.372
-0.240
1.862
-0.652
0.081
0.530
-0.331
0.408
0.203
0.142
-0.369
0.070
0.970
0.897
-0.031
0.302
1.696
0.418
1.992
0.980
0.076
0.119
0.962
1.900
0.152
-0.105
-0.152
-0.150
0.729
1.493
0.961
1.838
0.710
2.201
0.961
0.406
0.169
0.059
0.732
0.369
0.304
0.552
1.736
0.800
1.345
0.053
0.144
0.079
-0.065
0.080
-0.057
-0.826
0.671
0.808
0.298
0.093
0.281
0.330
0.116
0.447
0.247
0.601
0.391
1.364
1.216
1.091
0.163
-0.592
0.065
0.692
1.087
0.083
-0.607
0.107
0.076
-0.024
0.370
0.799
0.128
1.289
0.995
1.086
1.063
2.574
1.185
1.198
0.094
0.758
0.190
1.319
-0.117
0.146
-0.282
0.116
0.751
0.475
0.260
0.197
0.306
-0.241
0.099
-0.039
-0.036
0.548
0.409
0.141
0.567
0.558
-0.121
-0.073
0.789
-0.802
2.780
0.740
0.767
4.493
2.079
1.160
0.275
1.041
-0.072
0.130
0.071
0.133
-0.234
-0.489
0.121
0.185
-0.062
0.077
-0.002
1.499
1.798
-0.330
0.028
0.128
0.401
-0.239
0.384
0.418
0.404
1.000
0.079
0.937
0.295
0.206
1.562
1.021
0.897
0.900
1.146
0.076
1.243
0.103
1.344
1.364
0.795
2.526
1.056
0.157
1.227
1.231
-0.446
0.009
0.402
-1.518
-1.225
0.304
0.759
0.797
0.407
0.346
0.744
0.252
-0.833
0.595
-0.334
-0.598
-0.296
0.381
0.066
1.073
0.071
-0.145
0.637
0.845
-0.098
-0.130
-0.071
-0.767
1.266
0.076
0.537
0.808
0.591
0.225
-0.066
-0.548
-2.368
2.078
-0.410
0.825
0.091
