0.019
0.390
0.400
0.157
-0.284
0.201
0.087
0.169
0.132
-0.229
-0.061
-0.091
0.100
0.192
-0.068
0.167
0.220
0.175
0.126
-0.043
-0.623
0.339
-0.044
-0.200
-0.227
0.007
-0.840
-0.664
-0.063
0.036
0.168
0.152
0.034
0.111
-0.162
-2.652
-2.561
-3.715
-1.488
-1.857
-2.676
-3.490
0.355
0.062
0.072
0.025
-0.791
-0.140
-3.402
-2.508
-1.499
-2.399
-1.913
-4.577
-2.418
-0.987
-2.409
-0.073
-0.115
-1.710
-0.904
-1.682
-1.059
-1.715
-1.121
-1.280
-1.103
-0.348
0.440
0.126
-1.656
-0.324
-0.105
-0.206
-0.412
-0.891
0.159
0.268
-2.278
0.081
0.650
-0.453
1.177
-0.133
0.776
0.156
-0.707
-3.035
0.064
0.283
1.245
0.233
0.122
-0.224
0.220
0.600
-0.194
-0.073
-1.747
-0.768
0.092
0.015
0.020
-0.074
-0.064
0.720
-0.121
0.207
0.111
0.220
0.183
0.149
0.220
-0.001
0.220
0.220
0.115
-0.345
0.130
0.126
-0.007
0.084
0.115
0.159
0.220
1.134
0.289
0.658
0.494
0.091
-0.239
0.356
-0.028
-0.673
0.435
-0.125
0.273
0.274
0.744
0.159
-0.264
1.193
0.642
0.240
0.269
-0.594
0.130
-0.912
0.080
-2.986
0.318
0.557
-0.928
-1.792
-1.808
-3.789
-1.839
-1.809
-3.391
0.962
-0.078
-3.530
-1.060
-1.719
0.681
0.032
-1.511
-0.330
-0.584
-0.632
-0.453
0.220
0.018
0.899
-0.592
-1.741
-1.220
-0.285
-0.988
-1.201
0.418
-2.695
0.147
0.112
-0.211
0.305
0.107
0.248
0.210
-0.602
0.121
-0.324
0.104
-2.154
0.147
-0.330
-0.722
-2.131
0.137
-0.422
-0.448
-0.201
0.061
0.122
0.229
0.258
-4.688
-1.036
-2.655
-0.478
0.257
0.604
1.497
-0.176
0.037
1.547
0.011
0.220
-4.363
-2.239
-2.399
-2.505
-0.980
-1.225
-0.239
-0.189
-0.090
-0.378
-1.250
-2.149
0.479
-2.283
-1.336
-2.316
-3.573
0.022
0.550
-0.322
-0.414
-1.345
-1.559
0.040
-0.004
0.060
-1.033
-0.044
0.143
0.057
-0.199
-0.924
0.046
-0.407
-0.937
-0.408
-1.848
-0.485
-2.209
0.006
0.085
-1.952
0.068
-0.308
-0.649
-1.275
0.197
-0.374
0.304
-1.085
0.261
-0.489
0.089
-0.070
0.173
-0.113
-1.057
0.317
-1.405
-0.173
-0.514
-0.808
-0.865
-0.543
-1.806
-1.057
-0.240
0.112
0.108
-0.169
0.366
0.220
-2.740
0.037
0.229
0.236
0.220
0.305
0.137
-0.425
-0.227
0.581
0.186
-2.810
-0.657
-1.443
0.022
0.343
0.122
0.309
-0.179
-0.599
-1.385
0.073
-0.272
0.879
0.217
-0.924
-2.575
-0.331
0.198
-0.093
-0.261
0.000
0.230
-0.174
-0.292
0.136
-0.687
0.112
0.133
-3.572
-1.717
0.111
-0.144
-1.007
-0.009
-1.076
-0.008
0.263
0.245
-0.183
-0.950
-2.852
0.395
-0.542
-0.759
0.160
-0.401
1.210
0.060
-1.982
-2.187
-0.819
-3.475
-4.397
-0.232
-0.159
-1.360
-2.836
-0.063
0.134
0.235
0.325
-0.019
-0.240
0.220
-0.462
-1.298
-0.107
-0.601
-0.030
-0.259
-0.356
-0.352
0.031
-2.537
0.369
-0.073
-0.122
-0.064
-0.371
0.295
0.198
0.266
0.052
0.128
-0.803
-0.736
-1.244
-1.384
-0.987
-0.788
0.220
0.190
-0.520
-0.368
-0.073
-0.184
-0.751
-0.279
-0.589
-1.818
-0.694
-0.992
-0.741
-0.326
-0.761
-0.386
-3.528
-3.584
0.099
-0.258
-0.024
0.029
-0.590
0.120
-0.053
-0.204
-0.495
0.353
-0.800
-0.304
-1.195
-0.300
-1.200
0.483
-0.163
-0.289
-0.359
-1.902
-0.068
-0.247
-0.025
-0.059
-0.412
0.231
-0.058
-1.181
-0.997
-0.345
0.960
1.850
0.086
-0.013
0.023
0.177
0.629
0.870
0.295
1.177
0.333
-0.425
0.225
0.331
0.393
-0.950
0.835
0.532
0.272
0.433
-0.360
0.632
0.272
0.546
0.279
-1.592
-0.527
0.279
0.267
-0.333
0.098
-0.196
0.070
0.182
-1.072
0.067
-2.019
-0.804
-0.276
0.097
-0.663
-0.970
0.079
0.807
0.130
-0.003
-0.531
-1.325
-0.206
-2.403
-0.377
-3.112
-1.463
-0.989
-0.930
-0.052
-1.178
-0.561
-0.296
-0.845
-1.015
-0.920
-1.540
-0.083
-0.003
0.010
-0.296
0.179
0.145
0.383
-0.304
-0.212
-0.112
-0.206
-0.467
0.167
-0.068
-0.311
-0.636
-0.652
0.005
-1.364
-1.171
-0.666
0.246
1.166
-0.110
-0.046
-0.154
-0.511
0.150
-0.369
0.050
0.109
-1.503
-1.020
-0.307
-1.939
-1.801
-1.641
-0.720
-3.328
-1.330
-0.868
-0.093
-0.306
-0.018
-0.214
0.306
0.161
0.220
0.035
-0.481
0.014
-1.376
-0.263
-0.141
-0.130
0.091
0.017
-0.087
-0.380
-0.800
-0.496
-0.678
-1.180
0.076
0.480
-0.785
0.010
-2.219
0.246
-2.162
-0.095
-0.170
-0.413
0.162
0.168
0.006
0.090
0.170
0.172
0.213
0.818
0.329
0.144
0.262
0.282
0.199
-1.463
-0.645
0.255
-0.215
-0.409
-0.106
-0.539
-0.832
-0.859
-0.146
0.019
0.140
-0.528
-1.136
-0.258
-2.073
-0.848
-0.012
-0.605
-0.166
-0.401
-1.312
0.166
-2.916
-0.328
0.662
-0.927
-1.928
0.109
-0.280
-0.013
-0.140
-0.889
-1.089
0.077
0.005
-0.442
0.327
0.198
0.220
-0.441
-1.295
0.001
0.275
0.097
0.281
0.814
0.062
0.024
-0.111
-0.806
0.050
0.837
-1.209
-0.731
0.088
0.078
0.341
0.220
0.250
-0.490
-1.552
-2.169
-0.370
-0.518
0.400
-0.408
0.188
-0.863
0.345
-0.398
0.032
