0.041
-0.028
-0.032
-0.137
-0.187
-0.118
-0.234
-0.118
-0.497
-0.235
-0.475
-0.249
-0.226
-0.222
1.056
-0.093
0.581
0.320
0.366
0.258
-0.438
1.283
0.654
-0.340
-0.140
-0.406
-0.180
0.065
-0.654
-0.111
0.141
-0.109
-0.003
-0.074
-0.025
-3.079
-1.809
-2.459
-0.805
-2.130
-2.418
-4.264
0.256
0.373
-0.320
0.195
-0.370
0.112
-3.000
-1.660
-3.033
-1.822
-2.681
-3.742
-2.750
-2.211
-1.453
0.043
-0.804
-4.276
-0.769
-0.916
-1.342
-2.111
-1.682
-3.101
-1.740
-0.220
0.080
0.035
-1.248
0.085
0.632
-0.417
-0.888
-1.230
0.073
0.687
-3.800
0.025
1.174
-0.728
-0.491
-0.404
-0.207
-0.381
-1.588
-2.938
-0.762
0.556
0.071
-0.370
-0.341
-1.066
-0.498
-0.142
-0.183
-0.136
-1.601
-0.736
-0.308
0.217
-0.097
-1.219
-0.484
0.336
-0.071
-0.110
-0.087
0.326
0.053
-0.184
0.291
0.189
0.046
-0.023
-0.087
0.188
-0.076
0.183
-0.174
-0.011
0.105
0.302
0.294
-1.809
0.372
1.068
0.497
-0.503
-0.145
0.238
0.041
-0.411
1.294
-0.939
-0.196
-0.511
0.041
-1.069
-0.181
-0.080
1.703
0.006
-0.422
0.588
-0.217
-1.167
-0.624
-2.162
-1.271
-0.056
-0.871
-2.059
-0.281
-3.654
-2.855
-0.545
-1.856
0.016
-0.519
-2.227
-1.630
0.115
0.401
-0.068
-1.080
-0.934
-0.288
0.132
-0.988
0.052
-0.839
0.258
-1.136
-2.567
-3.037
-0.757
-0.091
-0.830
-0.044
-2.142
-0.117
-0.786
-0.868
0.041
-0.067
0.324
0.191
0.099
0.039
-0.143
0.686
-1.813
0.041
0.041
-0.681
-0.566
-0.253
-0.040
-0.853
-0.070
1.004
-0.101
-0.183
0.152
-2.608
-2.285
-1.109
0.027
-0.153
0.027
1.453
-0.226
-0.297
1.256
0.455
0.249
-2.963
-2.520
-1.260
-2.614
-0.597
-3.066
-1.650
-1.007
-1.392
-1.058
-1.832
-0.934
-0.450
-2.947
-2.097
-1.352
-3.742
0.650
1.429
-1.003
-0.053
-0.303
-0.291
-0.897
-0.306
-0.158
-3.800
-0.064
-0.420
0.506
-1.789
-1.553
0.079
-1.155
-0.331
-0.246
-1.761
-0.378
-1.893
0.252
-0.354
-1.583
-1.008
-0.627
-1.572
-0.101
1.688
0.146
0.610
-0.250
0.244
-0.879
0.227
0.043
-0.148
0.490
-0.206
0.041
0.100
-0.178
-0.310
-0.080
0.027
-0.518
-1.292
-1.074
-0.907
0.000
-0.945
0.272
0.200
-0.112
-2.546
0.424
0.156
0.721
-0.429
-0.292
-0.143
0.990
-2.234
0.114
0.296
0.126
-0.006
-0.846
-0.128
-0.925
0.973
2.751
1.095
0.129
-0.378
0.728
-0.748
0.016
-0.732
-2.942
-1.060
0.314
-0.078
-0.046
-0.085
-0.084
-0.183
-0.090
-0.367
-0.138
-0.532
-0.291
-0.090
-2.125
-1.611
-0.269
-0.339
-0.593
-0.303
-1.325
-0.396
-0.537
-0.084
0.322
-0.560
-2.031
0.618
-0.302
-0.081
0.291
-0.398
0.220
0.233
-3.128
-1.372
-1.002
-1.609
-1.818
-0.872
-0.270
-1.867
-2.454
-1.170
-0.553
-0.762
-0.113
-1.114
-0.491
-0.825
-0.006
-3.453
-0.217
-3.368
0.285
-1.135
-1.507
-1.136
-0.313
-1.209
0.338
0.021
0.010
-0.712
-1.443
-0.775
0.941
0.709
-0.592
-0.697
-1.329
-0.223
-0.285
-0.240
0.041
0.072
0.206
0.294
-0.015
0.039
-0.523
0.041
-0.492
0.245
-2.285
-1.248
-0.736
-0.852
-1.296
-0.584
-0.796
0.371
-2.272
-2.504
0.028
0.041
-0.022
-0.189
-0.031
-0.055
-0.287
-0.122
-0.980
0.036
-1.233
-0.441
-0.654
-0.011
-0.448
-0.047
-0.797
-0.499
0.077
0.297
0.840
-0.132
0.130
0.152
-0.308
0.744
-1.794
-1.273
0.691
0.210
0.839
0.400
-0.013
0.519
0.904
0.120
1.232
1.188
1.557
1.007
0.157
0.041
-0.025
0.409
-0.015
-0.172
0.576
-0.900
0.689
0.411
-2.166
0.461
-0.155
-1.598
0.111
-1.014
-0.375
-0.210
-0.293
-0.213
-0.383
-0.622
0.399
-0.305
-2.319
-0.325
-3.209
-0.818
-0.871
-0.496
-1.254
-2.900
0.127
0.342
-0.277
-0.656
-0.346
-2.063
-0.860
-1.485
-0.492
-3.176
-1.533
-0.485
-0.283
-0.034
-0.967
-0.384
-0.239
-1.019
-2.167
-1.842
-1.656
-0.221
0.027
0.343
-0.632
-0.281
-0.228
0.343
-0.144
-0.702
-0.427
-0.197
-0.604
-0.030
-0.149
-0.694
-0.014
-0.634
-0.387
-2.179
-3.098
-0.369
0.093
0.406
0.023
-0.193
-0.127
-0.018
0.030
-0.048
-0.204
-0.140
-0.256
-0.917
-0.325
-0.840
-0.683
-0.865
-1.214
-3.720
-1.028
-0.986
-0.165
-1.790
-0.223
-0.232
-0.163
-0.670
-0.621
-0.136
-1.008
-1.289
-0.453
-0.295
-0.545
0.301
-0.326
-0.085
-0.122
-0.511
-0.460
-0.222
-0.380
-0.404
-0.308
0.312
-0.862
-0.071
-3.563
-1.030
-0.290
0.119
-0.139
-0.466
0.206
-0.958
-0.192
-0.379
0.236
-0.094
0.158
0.223
-0.085
0.230
-0.087
-0.070
-0.087
-2.501
-1.314
0.476
-0.079
-0.302
0.039
0.116
-0.040
-0.653
-0.388
-0.307
0.077
-0.498
-0.506
-0.255
-1.460
-1.082
-0.373
-0.691
-0.557
-0.313
-1.197
-0.681
-1.295
-1.264
-0.979
-4.186
-1.015
-0.152
-0.539
-0.921
0.394
0.018
-0.455
0.850
-0.241
-1.094
-0.329
-1.151
0.527
-0.834
-2.137
-0.810
1.225
0.041
0.715
0.820
0.327
-2.037
0.246
-1.164
0.220
0.930
-0.646
-0.594
-0.108
0.133
0.241
0.992
-1.394
-0.386
-0.423
-0.449
-0.331
-0.289
0.311
0.149
1.914
-2.346
0.633
-0.111
-0.349
