0.040
-0.153
0.111
-0.057
-0.163
0.318
0.172
0.101
0.833
0.795
0.464
0.496
0.438
-0.289
-0.125
0.071
-0.373
0.064
-0.184
-0.881
1.319
-0.944
-1.089
0.098
-0.090
-0.161
0.294
0.406
0.314
-0.004
0.222
-0.010
0.030
0.077
-0.236
3.246
2.163
2.180
0.033
1.682
1.850
4.003
0.158
-0.114
0.245
0.125
0.572
0.023
1.874
2.392
2.337
1.643
2.234
3.564
2.006
1.382
1.843
-0.250
0.951
3.519
0.905
1.751
1.655
1.799
1.430
2.882
1.168
0.642
0.071
-0.365
0.029
0.030
-0.086
0.455
-0.114
1.479
-0.129
-0.932
2.908
0.060
-0.503
1.153
-0.114
0.409
-0.340
0.033
1.179
2.543
0.031
0.074
-0.305
0.139
0.062
0.836
0.103
-0.064
0.061
0.074
1.806
1.239
-0.132
0.097
1.059
0.451
0.266
-0.435
0.060
0.060
0.060
-0.307
0.112
0.332
-0.242
0.060
0.060
0.060
0.060
-0.724
0.060
-0.144
0.060
0.060
0.060
-0.435
-0.145
0.082
0.626
-1.379
-0.696
0.122
0.060
-0.415
-0.491
-0.435
-0.683
0.274
0.248
0.109
-1.638
0.058
0.067
-2.035
-0.365
0.068
0.390
-0.404
0.638
0.495
0.820
2.147
1.710
-0.031
1.075
1.851
1.633
3.065
3.238
1.553
2.941
-0.061
1.019
2.586
1.366
-0.114
-0.015
-0.049
1.050
1.596
0.518
0.462
1.446
-0.404
-0.520
0.111
0.545
2.113
0.882
1.032
1.719
0.089
0.048
1.248
0.058
0.896
0.587
0.085
0.097
-0.618
0.254
-0.019
-0.009
0.323
-0.114
1.529
-0.035
-0.917
0.628
0.559
0.327
0.423
0.931
0.504
-0.332
0.349
0.212
0.285
2.680
2.326
0.892
-0.241
0.537
-0.356
-1.352
0.551
0.115
-0.114
0.225
-0.012
3.445
1.451
1.544
2.950
0.453
1.542
1.787
0.777
-0.144
0.461
1.296
0.579
0.364
1.526
1.602
1.315
3.060
0.316
-0.696
1.462
0.456
0.141
0.455
1.252
-0.477
0.053
2.180
0.052
0.979
0.081
0.666
1.183
-0.802
1.001
0.127
0.050
1.516
0.597
1.831
-0.250
0.568
1.333
0.244
0.764
1.003
1.150
-1.336
0.106
-0.988
-0.223
-0.401
0.638
-0.336
1.429
0.060
0.120
0.112
-0.114
-0.109
0.560
1.093
0.338
0.205
0.601
0.705
2.081
1.087
0.004
-0.005
0.060
-0.222
0.626
0.512
-0.386
-0.056
-0.488
0.018
-0.604
-0.127
-1.234
3.205
-0.818
-0.324
-0.432
0.147
0.983
0.066
0.203
-0.548
-0.595
-0.413
-0.874
-0.066
-0.859
0.685
-0.740
0.074
2.005
-0.153
-0.319
0.052
-0.137
0.047
-0.007
0.218
0.020
0.805
0.096
0.711
0.060
0.065
1.618
1.741
-0.276
-0.276
0.904
0.240
0.721
0.517
0.091
0.060
0.565
1.282
2.148
-0.381
0.482
0.719
0.191
0.336
0.034
0.111
3.223
0.826
1.225
1.586
1.191
0.745
0.510
1.260
1.758
0.748
0.114
0.670
0.060
0.137
1.335
1.730
2.354
2.513
0.057
2.494
-0.728
1.869
0.983
2.083
1.185
0.969
-0.278
0.030
0.193
0.488
0.174
0.763
-0.125
-1.178
0.191
0.402
0.678
-0.363
-0.155
1.717
0.142
-0.639
0.012
-0.198
0.709
-0.148
0.785
-0.008
1.081
-0.358
2.340
2.140
-0.098
0.852
1.479
-0.075
0.283
1.013
2.498
2.326
0.062
0.236
-0.031
0.646
-0.152
0.404
0.073
0.556
0.771
0.088
1.144
0.576
0.611
0.032
1.570
-0.132
-0.119
0.006
0.060
-0.651
0.152
0.271
-0.390
-0.353
0.718
-0.114
1.720
0.166
-0.034
0.060
-1.018
-0.441
0.060
0.060
-0.234
-0.025
-1.066
-1.277
-0.877
-1.541
-0.979
-0.136
-1.056
-0.542
-0.171
-0.182
0.046
2.420
-0.851
-0.427
0.965
-0.487
-0.007
2.327
-0.630
0.447
-0.303
0.058
-0.807
0.094
0.482
0.770
-0.424
0.551
1.707
-0.176
2.329
0.871
-0.086
0.703
1.188
2.832
-0.126
-0.348
0.970
-0.630
0.335
1.522
0.510
1.348
0.580
1.854
0.997
0.449
0.639
0.340
1.654
0.035
0.543
1.119
0.555
0.953
1.830
0.059
-0.369
-0.998
0.074
-0.025
0.058
-0.429
0.297
0.285
0.060
0.441
0.142
0.055
0.218
0.519
0.223
0.358
0.533
2.580
1.235
0.308
-0.281
0.093
0.014
0.086
1.307
0.064
-0.133
0.140
0.060
0.059
0.415
1.056
0.512
1.188
0.130
0.807
1.411
2.368
0.911
0.988
-0.108
0.763
0.136
1.697
-0.005
0.060
-0.675
0.300
1.299
0.428
0.625
-0.015
0.429
-0.329
0.304
0.063
0.038
0.728
0.728
0.493
0.591
0.674
0.135
-0.433
0.691
0.060
2.793
1.742
0.099
0.270
2.302
0.984
-0.265
1.048
-0.153
0.223
0.060
0.292
-0.649
-0.707
-0.009
0.004
0.153
0.082
0.141
2.605
1.283
-0.087
-0.347
0.342
0.055
0.060
0.487
-0.047
0.035
0.355
0.060
0.467
0.667
0.474
1.964
1.191
0.168
1.406
0.702
-0.014
1.333
0.369
0.984
0.110
0.646
4.908
0.609
0.227
0.879
0.890
-0.308
0.045
0.178
-0.493
-0.418
0.022
0.020
0.936
-0.014
0.195
0.680
0.413
-0.649
-0.114
-0.832
-1.068
-0.405
1.086
0.408
0.425
-0.899
-0.588
1.013
0.465
0.060
-0.092
0.019
-2.334
0.742
0.646
0.720
1.210
0.717
0.385
-0.340
-1.210
-0.111
0.925
-0.402
-1.645
-0.196
