-0.070
-0.406
-0.014
-0.089
-0.037
-0.016
-0.189
-0.043
-0.209
-0.507
-0.491
-0.425
-0.284
-0.191
-0.058
0.033
0.317
0.194
-0.065
0.120
-0.951
0.384
0.950
-0.073
-0.075
-0.390
-0.211
-0.324
-0.565
0.050
-0.729
-0.337
0.085
-0.061
0.146
-2.243
-1.674
-2.363
-0.294
-1.423
-2.390
-2.894
-0.129
-0.001
-0.051
-0.262
-0.166
-0.053
-2.019
-1.506
-1.677
-1.325
-2.457
-4.047
-2.764
-0.996
-1.639
0.005
-0.337
-3.882
-1.443
-2.407
-1.482
-1.565
-1.085
-2.333
-1.911
-0.209
-0.285
-0.491
-1.702
0.201
0.183
-0.099
-0.982
-2.302
-0.390
1.261
-4.292
0.055
0.883
-1.577
-0.153
-0.118
0.232
-0.045
-0.458
-2.205
-0.360
-0.069
0.096
-0.579
-0.056
-0.408
-0.052
-0.130
0.065
-0.001
-1.334
-0.377
0.273
-0.027
-1.896
-1.015
-0.073
0.064
-0.007
-0.003
0.042
0.211
0.257
0.019
0.336
-0.008
0.141
0.001
-0.011
0.393
0.005
1.073
-0.008
-0.039
0.249
0.413
0.249
-2.355
0.297
0.609
-0.202
-0.268
-0.007
-0.025
-0.575
-1.034
-0.031
-0.944
0.000
-0.173
0.325
0.131
0.383
1.383
2.021
-0.310
-0.358
-0.126
-0.428
-0.569
-0.095
-2.086
-0.399
-0.062
-0.609
-2.475
-1.432
-2.969
-2.100
-2.404
-2.883
0.044
-1.173
-1.882
-0.951
-0.175
0.073
-0.074
-0.943
-0.940
-0.140
-0.505
-0.697
0.291
0.364
0.321
-0.994
-1.874
-1.362
-0.547
-1.163
-0.099
0.150
-1.050
0.047
-0.292
-0.743
-0.526
-0.324
0.333
0.108
0.672
0.066
-0.664
-0.101
-4.033
-1.309
1.645
-1.059
-0.288
-0.364
-0.186
-0.182
-0.211
0.056
-0.087
-0.096
-0.092
-2.262
-3.035
-0.371
-0.129
-1.142
-0.095
0.588
-0.537
-0.116
1.057
0.784
-0.086
-2.550
-2.466
-1.763
-2.815
-0.266
-1.983
-1.116
-0.541
-1.302
-0.720
-1.670
-0.392
-0.351
-1.504
-1.041
-1.776
-4.569
0.059
1.184
-0.401
-0.088
-0.726
-0.075
-0.372
0.395
0.860
-2.990
-0.173
-1.018
-0.100
-0.785
-0.488
0.598
-1.364
-0.343
0.508
-0.750
-0.314
-1.540
0.236
-0.003
-0.621
-0.738
-0.956
-0.539
-0.384
2.772
0.082
0.019
0.236
0.231
-0.747
0.267
-0.538
-0.097
0.060
-0.475
-0.073
-1.031
-0.112
-0.689
0.568
0.272
-0.532
-1.161
-1.306
-0.984
-0.071
-0.203
0.055
-0.044
-0.019
-2.137
1.693
0.012
0.297
0.128
0.066
0.321
0.385
-3.233
0.281
0.260
-0.475
-0.337
-0.669
0.058
-0.133
0.809
1.075
0.494
-0.363
0.354
0.746
-0.241
0.378
-0.906
-2.035
-1.013
0.449
-0.255
0.282
-0.111
0.239
-0.224
-0.201
-0.512
-0.135
-0.329
-0.044
-0.081
-2.516
-0.743
0.131
-0.003
-0.630
-0.210
-0.925
-0.490
-0.110
-0.059
-0.081
-0.658
-1.707
0.493
-0.267
-0.186
0.091
-0.073
-0.072
0.030
-2.816
-0.439
-0.940
-1.677
-1.034
-1.052
-0.081
-1.831
-2.580
-0.830
0.128
0.109
-0.210
-0.725
-0.493
-2.170
0.170
-0.264
-0.008
-2.655
2.548
-1.241
-0.870
-1.260
-0.550
-1.408
0.102
-0.648
-0.134
0.036
-0.457
0.595
0.063
1.940
-0.532
-0.214
0.025
-0.106
-0.058
-1.090
-0.501
0.660
-0.175
0.051
-0.034
-0.602
-0.386
-0.088
-0.422
0.555
-1.637
-1.028
-1.164
-0.403
-1.204
-0.712
-0.465
-0.044
-1.462
-2.264
-0.060
-0.265
0.107
-0.365
0.449
-0.467
0.395
-0.090
-0.604
-0.041
-0.999
-0.111
-0.305
-0.103
-0.449
-0.124
-1.445
-0.245
0.009
0.361
0.147
-0.057
-0.193
0.201
-0.577
0.015
-1.496
-0.713
-0.191
0.023
1.200
0.343
0.070
0.005
0.205
0.160
1.012
0.910
2.257
1.229
1.198
0.238
0.238
0.149
-0.181
-0.256
0.087
-2.355
0.305
0.187
-0.911
0.544
0.037
-0.671
0.423
-0.142
-0.095
-0.355
0.676
-0.338
-0.468
-1.333
-0.423
-0.390
-1.935
-0.221
-1.339
-0.559
-1.104
-0.194
-1.065
-2.000
0.211
0.444
-0.041
0.385
-0.045
-1.148
-0.091
-1.638
-0.240
-3.283
-0.740
-0.552
-0.182
-0.431
-1.383
-0.425
-0.371
-0.990
-2.224
-0.852
-1.944
-0.478
0.026
0.325
-0.089
0.034
-0.232
1.566
-0.041
-0.466
-0.237
-0.262
-0.232
-0.949
-0.070
-0.400
-0.576
-0.248
-0.625
-1.832
-0.782
-0.895
-0.073
0.259
-0.117
-0.073
-0.848
-0.014
-0.542
-0.181
-0.082
0.124
-0.004
-1.784
-0.308
-1.070
-0.357
-0.746
-1.096
-3.271
-0.933
-1.091
-0.138
-1.596
-1.548
-0.531
1.135
-0.081
0.122
-0.338
-1.098
-0.175
-0.323
-0.194
-0.345
-0.095
0.043
-0.150
-0.140
-0.304
-0.100
-0.324
-0.469
-0.722
0.089
0.195
-0.105
-0.059
-2.125
-0.558
0.020
-0.110
-0.121
-0.552
-0.028
-0.265
0.111
-0.171
-0.073
-0.125
0.299
0.100
-0.084
0.164
0.143
-0.096
0.079
-1.322
-2.349
-0.162
-0.055
-0.039
-0.070
-0.088
-0.102
0.474
-0.039
-0.467
0.356
-0.201
-0.309
-0.156
-1.651
-0.502
-0.137
-1.044
-1.292
-0.073
-0.791
-0.172
-1.372
-0.397
-0.405
-2.645
-1.051
-0.825
-1.437
-0.405
0.787
-0.063
-0.314
0.397
0.169
-0.017
-0.915
-2.273
-0.009
-0.383
-0.809
-0.687
0.917
-1.040
0.377
0.563
1.833
0.069
0.258
-1.493
0.091
0.347
-0.844
-0.188
0.058
0.017
0.348
0.373
-0.502
-0.299
-0.890
-0.943
-0.240
-0.079
0.049
0.436
1.007
-1.867
0.037
0.810
-0.030
