-0.000
-0.098
0.024
-0.192
-0.010
-0.099
0.117
-0.139
-0.447
-0.059
-0.091
-0.538
-0.162
-0.084
-0.368
-0.057
0.079
0.095
-0.103
0.124
-0.335
0.575
0.608
-0.354
-0.073
-0.135
-0.080
-0.069
-0.567
-0.047
0.138
-0.058
0.032
0.131
0.060
-2.765
-1.777
-1.869
-0.324
-0.828
-1.946
-2.942
0.035
0.513
-0.405
-0.035
-0.125
0.123
-1.378
-1.343
-1.832
-1.787
-1.997
-2.798
-1.739
-0.976
-1.050
0.138
-0.522
-3.192
-0.990
-1.128
-1.294
-1.800
-1.101
-2.356
-1.437
-0.270
-0.066
0.138
-0.715
-0.016
-0.058
-0.100
-0.244
-1.326
-0.256
0.791
-2.546
-0.039
0.520
-0.065
0.018
-0.339
0.131
-0.111
-0.359
-1.950
-0.088
-0.158
0.262
0.078
-0.129
-0.464
-0.661
0.138
-0.032
0.046
-0.926
-0.563
-0.236
0.161
-0.121
-0.293
-0.057
0.301
0.048
0.048
0.048
0.344
-0.056
0.048
0.419
0.182
0.365
0.290
-0.064
0.211
0.120
0.397
0.048
-0.050
0.352
0.396
0.339
-1.109
0.024
0.974
0.302
-0.052
0.048
0.341
-0.297
-1.221
0.605
-1.226
-0.635
-1.330
-0.076
-0.310
-0.189
0.091
1.106
-0.075
0.060
-0.258
-0.091
-1.136
-0.982
-1.406
-0.652
0.030
-0.805
-1.534
-1.220
-2.611
-2.496
-2.040
-2.077
0.637
-0.426
-1.852
-0.971
-0.717
0.256
0.048
-1.260
-1.381
-0.089
-0.038
-1.040
0.169
0.080
0.011
-0.582
-1.522
-0.955
-0.449
-1.442
-0.834
0.121
-1.639
0.069
-1.052
-0.708
-0.741
-0.058
0.424
-0.003
0.461
0.082
-0.692
0.083
-2.045
-0.817
0.877
-0.470
-0.327
-0.221
0.055
-0.784
0.049
0.048
-0.280
-0.396
-0.259
-2.646
-1.730
-0.649
-0.045
-0.482
0.007
1.334
-0.140
-0.285
1.303
0.767
0.048
-2.461
-1.688
-1.011
-2.700
-0.115
-1.694
-1.078
-0.767
-0.690
-0.374
-1.104
-0.898
-0.632
-1.350
-1.206
-1.100
-2.281
-0.596
0.171
-0.980
0.043
-0.694
-0.276
-0.393
-0.438
-0.095
-2.310
-0.107
-0.382
-0.164
-0.617
-1.545
0.231
-0.809
-0.326
0.121
-1.083
-0.240
-1.600
0.185
-0.592
-0.823
-0.803
-0.307
-0.586
-0.064
0.750
-0.103
0.313
-0.249
0.260
-0.738
0.229
-0.243
0.023
0.336
-0.013
0.138
0.109
-0.254
-0.079
0.203
-0.903
-0.374
-1.246
-1.116
-0.766
0.043
-0.075
0.008
0.138
-0.271
-1.643
2.030
-0.050
0.650
0.033
0.428
-0.011
-0.035
-2.247
0.641
0.056
-0.370
0.106
-0.266
-0.275
-0.299
0.670
1.352
0.764
0.133
0.099
0.523
-0.412
0.288
-0.891
-1.690
-0.291
0.390
0.019
0.222
-0.022
0.049
-0.307
-0.165
-0.351
-0.197
-0.363
-0.082
-0.136
-2.104
-1.014
-0.859
-0.179
-0.523
-0.163
-0.991
-0.142
-0.107
-0.039
0.253
-0.287
-1.124
0.630
-0.312
-0.867
-0.013
-0.419
0.219
0.018
-2.688
-1.062
-0.867
-1.128
-1.394
-1.046
-0.221
-1.014
-1.161
-0.740
-0.831
-1.331
0.113
-0.210
-0.714
-0.564
-0.590
-2.839
-0.102
-1.802
0.138
-1.118
-0.470
-0.792
-0.635
-0.793
0.116
0.029
0.019
-0.072
-0.306
-0.414
2.992
0.366
-0.513
-0.712
-0.195
0.028
-0.569
-0.307
-1.053
0.349
0.031
-0.054
-0.077
-0.275
-0.457
-0.416
-1.003
-0.172
-1.084
-1.728
-1.654
-0.630
-2.674
-0.912
-0.609
-0.450
-0.326
-2.010
0.181
0.070
0.012
-0.013
0.117
-0.205
-0.179
-0.171
-0.906
-0.098
-0.840
-0.304
-0.559
0.015
-0.485
-0.085
-0.173
0.129
0.018
0.349
0.981
-0.156
0.035
0.376
-0.049
0.773
-1.979
-0.554
-0.201
0.871
0.732
0.452
0.138
0.220
0.876
0.042
0.762
0.655
0.970
0.866
0.857
0.111
0.179
0.359
0.187
-0.381
0.114
-1.166
0.702
0.631
-1.299
0.632
-0.638
-1.432
0.295
-1.664
-0.852
-0.080
-0.329
-0.128
-0.348
-0.626
0.138
-0.228
-2.172
0.230
-2.071
-0.509
-0.656
-0.441
-0.653
-1.573
0.039
0.402
-0.317
-0.080
-0.159
-1.180
-0.295
-1.449
-0.420
-3.000
-0.716
-0.378
-0.090
-0.050
-0.567
-0.150
-0.196
-0.501
-1.479
-0.630
-1.135
-0.027
-0.010
0.482
-0.169
0.044
-0.088
0.049
0.083
-0.092
-0.141
-0.084
-0.112
-0.159
0.003
-0.150
-0.539
-0.152
-0.303
-1.063
-0.944
-0.807
-0.229
0.424
0.342
-0.454
-0.344
-0.137
-0.574
-0.078
-0.301
-0.125
-0.489
-0.574
-0.154
-0.336
-0.362
-0.742
-0.748
-2.205
-0.874
-1.221
0.047
-0.819
-0.150
-0.101
0.074
0.025
0.967
-0.061
-0.573
-0.203
-0.372
-0.611
-0.204
0.148
-0.650
-0.126
-0.106
-0.462
-0.111
-0.097
-0.461
-0.302
0.052
0.069
-0.634
0.145
-2.098
0.138
-0.283
-0.941
-0.806
-0.515
-0.107
-0.152
-0.070
-0.090
-0.034
0.037
0.251
0.594
-0.134
0.360
0.202
-0.053
0.151
-2.159
-0.917
-0.437
-0.145
-0.396
-0.028
-0.717
-0.241
-0.770
-0.326
-0.295
0.138
-0.571
-0.219
0.050
-1.637
-0.487
-0.622
-0.542
-0.790
-0.314
-0.677
-0.398
-1.382
-0.638
-0.490
-2.821
-0.581
-0.117
-0.266
-0.532
0.051
0.070
-0.197
0.704
0.513
-1.869
-0.526
-0.838
0.608
-0.478
-0.672
-0.454
0.798
0.138
0.418
0.756
0.138
-0.342
-0.143
-1.068
0.334
0.335
-0.643
-0.389
-0.070
-0.033
0.290
0.745
-1.020
-0.521
-0.450
-0.591
-0.107
0.071
0.260
0.377
1.034
-1.705
0.274
-0.875
-0.026
