-0.123
-0.063
0.022
-0.158
-0.059
-0.113
-0.169
0.127
-0.812
-0.397
-0.214
-0.036
-0.125
-0.211
0.735
0.308
0.308
0.191
0.146
-0.102
-0.201
1.102
0.614
-0.006
0.037
-0.150
-0.430
-0.818
-0.330
-0.063
-0.336
-0.059
0.369
0.099
0.293
-2.952
-1.712
-2.373
-0.047
-1.804
-2.851
-4.030
-0.326
0.231
0.140
-0.257
-0.120
-0.148
-1.794
-1.080
-1.286
-1.778
-2.139
-3.284
-1.888
-1.472
-0.445
0.140
-0.635
-3.797
-1.397
-1.305
-1.194
-1.514
-0.879
-2.690
-2.043
-0.103
-0.171
0.145
-0.169
-0.157
0.178
-0.983
0.140
-2.290
0.046
0.159
-4.042
0.360
0.468
-0.366
-0.380
0.144
0.222
0.106
-0.350
-1.837
-0.542
0.520
0.380
0.127
-0.061
-0.454
0.078
0.140
0.142
0.133
-1.412
-0.163
-0.155
-0.154
-0.600
-0.200
-0.511
0.162
-0.252
0.192
-0.057
-0.006
-0.190
-0.053
0.178
0.093
0.159
0.008
-0.129
0.152
-0.061
0.414
0.113
-0.007
0.110
0.084
-0.122
-1.606
0.454
1.410
0.872
-0.754
-0.080
-0.523
-0.365
0.140
1.598
-0.296
-0.266
-0.484
0.045
-1.726
-0.924
0.358
2.235
0.171
-0.273
0.227
-0.203
-1.384
-1.219
-1.927
-0.814
0.207
-0.385
-1.749
-1.438
-3.155
-2.743
-2.159
-1.304
-0.091
-0.705
-2.123
-1.757
0.140
-0.463
0.044
-0.833
-1.140
-0.093
-0.401
-2.357
0.165
-0.098
0.242
-0.603
-1.367
-1.024
-0.349
-0.717
-0.492
0.083
-1.084
0.182
-0.627
-0.327
-0.367
-0.060
0.211
-0.784
0.102
-0.046
-0.136
0.140
0.140
-0.519
0.158
-0.975
0.029
-0.998
-0.736
-1.091
-0.138
0.070
-0.680
-0.280
-0.254
-3.148
-1.993
-0.552
0.073
0.058
0.185
0.194
-0.180
-0.620
0.968
1.675
0.106
-4.318
-1.768
-1.107
-2.486
-0.632
-1.893
-1.664
-0.513
-0.250
-0.872
-0.874
-0.591
-0.475
-1.868
-1.359
-1.727
-5.981
0.094
0.686
-1.231
-0.003
-0.877
-0.370
-0.576
-0.202
-0.246
-3.193
-0.022
-0.897
0.076
-0.307
-1.084
0.319
-1.149
-0.464
0.246
-1.018
-0.396
-1.260
0.095
-0.045
-1.083
-1.042
-0.143
-0.955
-0.709
1.824
0.842
0.580
0.085
0.164
-0.957
0.076
-0.497
-0.162
0.391
0.194
0.140
0.292
-0.974
-1.564
0.247
-1.518
-0.361
-1.281
-1.027
-0.641
0.142
0.059
-0.266
0.365
-0.471
-1.400
0.228
0.003
0.267
-0.132
-1.719
0.071
0.266
-2.026
-0.140
-0.090
-1.412
0.216
-0.399
0.207
0.183
0.630
1.809
1.316
0.680
-0.063
0.502
-0.266
-0.107
0.063
-1.914
-0.625
-0.004
0.075
-0.007
0.050
0.218
-0.300
-0.244
-0.530
-0.039
-0.454
-0.030
0.112
-1.560
-1.059
0.090
-0.235
-0.587
-0.309
-0.999
-0.259
0.140
-0.036
-0.085
-0.533
-0.971
0.157
0.049
-0.341
0.465
-0.602
0.177
-0.032
-3.646
-1.608
-1.012
-1.238
-1.487
-0.242
-0.351
-0.909
-1.504
-1.269
0.119
0.070
-0.067
-0.391
-1.324
-1.463
-0.347
-3.261
0.140
-1.602
0.632
-1.785
-0.405
-0.651
-0.038
-1.069
-0.052
0.342
-0.022
0.104
-0.095
-0.374
0.582
0.697
0.025
-0.461
-0.600
-0.018
-1.265
-0.851
-0.379
0.671
0.140
0.141
0.206
-0.122
-0.485
0.049
-0.855
-0.495
-1.860
-1.664
1.178
-0.718
-1.473
0.175
-0.033
-0.195
-2.531
-1.811
-0.197
-0.698
0.092
-1.060
-0.090
-0.247
0.173
-0.407
-0.739
0.352
-1.562
-0.270
-0.447
-0.148
-0.426
-0.478
0.160
-0.123
0.000
-0.218
0.337
0.048
0.337
0.207
-0.593
0.042
-1.597
-1.010
0.140
0.452
1.106
0.455
0.037
0.290
0.533
-0.353
0.740
0.906
1.648
0.512
0.714
0.221
0.604
0.192
0.053
-0.166
0.780
-0.955
0.604
0.090
-1.531
0.364
0.257
-1.362
0.627
-0.517
-0.246
-0.019
-0.149
0.032
-0.384
-1.035
0.337
-0.396
-1.637
-0.453
-3.300
-1.110
0.253
0.245
-0.599
-1.921
-0.154
0.331
-0.135
-0.388
-0.118
-1.115
-0.221
-1.285
-0.527
-1.984
-0.582
-0.746
-0.309
0.221
-1.133
-0.465
-0.238
-1.114
-1.858
-1.205
-1.436
0.158
-0.112
0.219
0.124
-0.050
-0.328
-0.162
-0.080
-0.335
0.022
-0.133
0.284
-0.170
-0.012
0.055
-0.218
-0.356
-0.303
-1.311
-1.864
-0.551
0.073
0.330
0.078
-0.218
-0.598
0.082
0.242
-0.032
-0.172
-0.082
-0.312
-0.950
-0.261
-0.440
-2.178
-0.103
-1.240
-1.435
-0.527
-0.982
0.310
-0.515
-0.163
-2.272
-0.867
-0.534
0.058
-0.064
-0.763
-0.918
-0.307
-0.533
0.107
-0.076
-0.111
0.289
-0.111
-0.555
-0.741
-0.049
-0.492
-0.668
0.041
1.071
-0.548
0.207
-4.319
-0.878
0.140
-0.516
-0.780
-1.277
0.163
-1.737
0.155
-0.021
0.283
-0.343
0.473
0.417
-0.320
0.339
0.055
-0.153
0.077
-0.898
-1.499
0.124
-0.209
0.142
0.058
-0.095
0.029
-0.085
-0.193
-0.234
0.106
-0.183
-0.142
0.013
-1.493
-0.203
0.516
-0.325
-0.662
0.246
-0.794
-0.302
-0.781
-0.228
0.043
-5.036
-0.345
-0.352
0.165
-0.787
0.150
0.326
-0.192
0.568
0.173
-0.249
0.008
-0.761
-0.729
0.388
-1.008
-0.298
1.346
0.025
0.546
0.485
0.137
0.018
-0.466
0.628
0.234
0.217
-0.495
-0.886
-0.008
0.136
0.316
0.855
-0.927
-0.119
-0.828
-0.414
-0.713
-0.129
0.353
0.182
0.555
-0.843
0.182
1.007
0.017
