0.265
0.451
-0.060
0.285
-0.126
0.100
0.284
-0.078
0.756
0.338
0.492
0.644
0.356
0.269
-0.750
0.012
0.012
0.016
0.216
-0.229
0.320
-2.759
-1.009
0.044
-0.160
0.399
-0.068
0.227
0.620
-0.103
0.213
-0.101
-0.796
0.637
-0.716
3.498
2.189
2.352
0.435
1.843
2.698
5.341
-0.085
-0.292
0.218
-0.268
0.317
0.263
2.567
2.070
2.735
2.237
3.031
3.521
2.687
1.778
0.927
0.231
0.458
3.757
1.110
1.417
1.665
2.545
1.458
3.287
1.957
0.834
-0.024
0.009
1.132
-0.334
-0.682
0.490
1.273
2.478
1.109
-2.299
3.335
-0.139
-0.885
1.355
0.283
0.303
-0.638
-0.051
1.171
3.412
0.556
-0.205
-0.039
-0.006
-0.021
0.729
0.276
0.054
0.010
-0.145
1.382
0.550
0.240
-0.127
0.072
0.158
0.008
-0.567
-0.101
-0.104
-0.118
-0.294
0.028
0.201
-0.232
-0.173
-0.324
-0.143
-0.042
-0.675
-0.128
-0.483
-0.077
-0.100
-0.228
-0.472
-0.257
1.348
-0.400
-1.733
-0.689
0.303
-0.105
0.227
1.122
0.540
-2.187
1.071
0.504
0.311
-1.560
0.283
0.479
-2.222
-2.057
-0.107
0.433
0.305
0.186
0.862
0.549
2.533
0.793
-0.082
0.939
2.825
2.094
3.063
3.660
2.464
4.067
0.136
1.240
3.304
1.704
0.352
-0.486
-0.096
1.395
1.245
0.440
0.475
1.203
-0.762
0.047
-0.058
1.146
1.785
1.396
0.664
1.330
0.699
-0.698
2.098
-0.011
1.015
0.616
0.352
0.577
-0.418
-0.806
-0.369
-0.107
0.867
0.029
2.328
2.008
-0.801
0.633
0.423
0.021
0.364
0.312
-0.033
-0.095
-0.085
0.293
0.149
2.883
2.388
1.326
0.283
0.235
0.276
0.015
0.730
0.819
-4.752
-1.119
-0.138
3.181
2.415
1.815
3.832
-0.106
2.076
1.481
1.253
0.250
0.537
1.691
0.354
0.584
2.486
1.729
1.073
2.694
-0.387
-0.819
1.419
0.491
0.327
0.780
0.683
0.217
0.186
3.968
-0.155
0.405
0.357
0.916
1.417
0.052
1.096
0.232
-0.095
1.259
0.925
2.051
0.153
0.662
0.936
1.251
0.142
1.222
0.321
-2.236
-1.409
-0.745
-0.198
0.013
0.981
-0.157
0.852
-0.112
-0.600
0.746
0.283
0.043
0.324
0.379
0.333
0.465
0.326
1.291
0.683
1.179
0.030
0.345
0.127
-0.184
0.053
2.097
-0.265
-0.111
-0.297
-0.094
-0.550
-0.207
-0.814
2.388
-0.915
0.087
1.092
0.307
0.718
0.224
0.075
-1.667
-2.842
-1.802
0.276
-0.340
-1.563
0.694
0.304
1.207
2.094
0.339
0.007
-0.189
-0.335
-0.005
-0.098
0.407
-0.315
0.409
-0.098
0.442
-0.067
-0.007
1.850
2.330
0.275
0.131
0.695
0.279
1.088
0.478
0.112
-0.040
-0.001
1.057
1.956
-1.049
0.287
0.806
-0.410
0.263
-0.459
-0.102
3.924
1.708
1.261
1.767
1.476
0.695
0.135
1.571
2.105
1.119
0.376
0.431
-0.080
0.886
0.943
0.767
-0.546
1.736
0.146
1.854
-0.513
0.592
1.022
1.066
0.548
1.803
0.283
-0.042
-0.131
0.607
0.807
0.718
-0.880
-1.157
0.624
0.618
0.199
-0.164
0.481
0.759
0.451
-1.811
-0.208
-0.113
0.205
0.308
0.614
0.281
1.215
-0.515
1.768
1.057
0.988
0.785
1.292
2.106
3.646
0.136
1.205
2.071
-0.080
1.563
0.276
0.502
0.206
0.386
0.014
0.174
1.143
0.182
0.890
0.464
0.790
-0.087
0.333
0.283
0.688
0.209
-0.142
0.346
0.394
0.095
-0.987
-0.015
0.409
0.192
2.327
1.312
0.462
-0.274
-1.634
-0.449
-0.294
-0.153
-1.304
-0.220
-1.202
-1.113
-0.801
-0.268
-0.673
0.267
-1.355
-0.260
0.045
1.015
-0.825
2.663
-1.031
-0.242
2.402
-1.129
0.902
3.126
-0.288
1.147
-0.233
0.230
0.877
0.260
0.639
0.543
-1.164
-0.017
2.156
0.021
2.644
1.423
1.380
0.609
1.118
2.317
-0.063
-0.163
0.079
0.161
0.506
1.783
0.624
1.617
0.600
3.642
1.347
0.521
0.513
0.545
0.724
0.442
0.520
0.734
2.563
1.225
1.995
0.254
0.201
0.284
0.271
0.125
0.174
-0.257
0.125
0.354
0.189
-0.152
0.415
0.341
0.243
0.219
0.664
0.392
0.313
1.294
1.546
0.332
-0.002
-0.781
-0.325
0.345
-0.067
0.242
-0.607
-0.037
-0.036
-0.088
-0.150
1.174
0.669
0.626
1.172
0.315
1.201
3.385
1.173
1.136
-0.365
0.941
0.611
0.919
0.596
0.121
-0.513
0.016
0.811
0.837
0.358
0.583
-0.023
-0.197
0.549
-0.059
-0.058
0.460
0.485
-0.080
0.593
0.202
-0.330
-0.707
0.919
-0.781
2.887
0.566
0.283
-0.342
-0.258
0.738
0.082
0.679
-0.088
-0.279
-0.630
0.237
-0.227
-0.796
-0.133
-0.577
-0.501
-0.279
-0.304
2.653
0.909
0.254
-0.050
-0.432
-0.123
-0.524
-0.065
0.587
0.262
0.427
-0.190
0.660
0.692
0.391
1.988
0.522
-0.056
0.404
0.432
-0.231
1.208
0.413
1.389
0.735
0.565
3.856
1.297
-0.057
1.169
0.716
-0.215
-0.032
0.298
-1.004
-0.737
0.462
0.852
1.025
0.182
0.707
1.236
0.492
-1.454
0.537
-0.524
-1.430
-0.232
0.580
-0.078
0.730
0.071
-0.902
0.541
0.356
-0.093
-0.087
-0.347
-0.979
1.410
0.036
0.851
1.204
0.641
-0.025
-0.177
-0.133
-1.779
1.476
-0.542
-0.780
0.165
