0.102
-0.152
-0.062
0.045
-0.009
-0.463
-0.132
-0.134
-0.569
-0.640
-0.198
-0.251
-0.139
-0.147
0.053
0.047
0.136
0.090
-0.121
0.032
-0.581
1.223
1.133
-0.234
-0.054
0.170
-0.177
-0.033
-0.656
-0.049
-0.086
0.107
0.087
0.107
0.249
-1.755
-1.762
-2.169
-0.671
-1.724
-1.775
-2.689
0.036
0.672
-0.049
-0.035
-0.173
0.439
-1.877
-1.476
-2.024
-1.630
-2.323
-2.778
-1.988
-1.471
-1.059
-0.035
-0.819
-3.146
-1.409
-1.766
-1.501
-1.375
-1.157
-2.261
-1.753
-0.373
0.130
-0.227
-1.132
0.502
0.713
-0.327
-1.278
-1.723
-1.004
1.394
-2.583
0.051
0.262
-0.813
-0.663
-0.124
0.142
0.169
-1.167
-2.668
-0.471
-0.292
0.143
0.047
-0.037
-0.596
-0.048
-0.037
0.023
0.054
-1.565
-0.705
-0.120
-0.030
0.114
-0.308
-0.070
0.133
-0.058
0.022
0.078
0.253
0.165
-0.053
0.307
0.144
0.213
0.071
0.015
0.246
0.063
0.104
-0.038
-0.006
0.130
0.216
0.207
-1.213
0.896
0.932
0.223
-0.218
0.014
0.170
-0.362
0.977
1.253
-0.834
0.492
0.396
1.485
-0.004
0.002
1.808
2.008
-0.187
-0.178
-0.176
-0.311
-0.624
-0.997
-2.527
-0.943
0.274
-0.696
-1.669
-1.897
-2.774
-2.630
-2.708
-2.620
0.550
-0.346
-2.275
-1.966
-0.636
0.395
0.033
-1.156
-0.559
-0.173
-0.355
-0.880
0.146
-0.014
0.157
-0.641
-1.535
-1.350
-0.347
-1.240
-0.774
0.417
-1.487
0.195
-0.575
-0.642
-0.038
-0.056
0.664
0.337
0.217
0.071
-0.625
0.070
-1.548
-1.604
1.010
-0.574
-0.592
0.111
-0.082
-0.065
0.008
-0.032
-0.176
-0.161
-0.118
-2.123
-1.694
-0.608
0.506
0.011
-0.033
1.605
-0.300
-0.240
0.604
0.480
0.125
-2.040
-1.957
-0.870
-2.184
-0.856
-1.873
-1.230
-0.682
-0.857
-0.662
-1.102
-0.928
-0.629
-1.716
-1.093
-0.885
-2.561
0.311
1.368
-0.685
-0.289
-0.898
-0.486
-0.618
-0.044
0.103
-1.984
-0.098
-0.891
0.442
-0.642
-1.058
0.060
-0.831
-0.183
-0.326
-0.948
-0.416
-1.362
0.233
0.652
-1.128
-0.814
0.295
-0.769
-0.385
0.775
0.193
0.449
-0.054
-0.024
-0.957
0.105
-0.782
0.033
0.203
-0.474
-0.123
-0.028
-0.142
-0.136
0.749
0.251
-0.273
-0.999
-0.735
-0.862
0.074
0.088
0.035
0.309
-0.628
-0.889
0.044
-0.005
0.185
0.052
0.250
0.300
0.077
-2.001
0.644
0.452
-0.708
-0.534
-0.992
0.081
0.314
0.605
1.310
1.123
0.135
-0.814
1.435
-0.668
0.526
-0.167
-2.110
-0.456
0.101
0.078
0.072
-0.130
0.087
-0.274
-0.118
-0.528
0.017
-0.658
0.121
-0.045
-1.119
-0.903
-0.492
-0.828
-0.646
-0.215
-0.755
-0.352
-0.259
-0.023
-0.019
-0.347
-1.048
0.777
-0.263
-0.142
0.127
-0.106
0.124
0.046
-3.057
-1.375
-0.832
-1.375
-0.960
-0.772
-0.134
-1.467
-1.683
-0.843
0.207
-0.407
-0.115
-0.499
-1.133
-0.400
-0.603
-1.059
-0.114
-2.424
0.331
-1.369
-1.057
-1.062
-0.357
-1.672
-0.805
-0.322
-0.185
-0.087
1.114
-0.108
0.518
1.921
-0.597
-0.150
-0.188
-0.111
-0.595
-0.640
0.115
0.521
-0.057
-0.009
0.155
0.057
-0.598
-0.331
-1.173
-0.238
-1.641
-1.524
-1.271
-0.804
-1.217
-1.014
-0.638
-0.179
-1.605
-2.261
0.051
-0.485
0.176
-0.152
0.201
-0.287
0.134
-0.158
-0.677
0.106
-0.935
-0.363
-0.355
-0.004
-0.734
-0.165
-0.287
-0.350
0.027
0.419
1.457
-0.313
0.036
0.227
-0.222
0.700
-1.671
-0.953
-0.079
0.209
1.135
0.985
0.288
0.077
0.263
-0.178
0.869
0.878
0.961
1.538
1.395
0.577
0.685
0.458
0.066
-0.676
0.538
-1.400
0.614
0.299
-1.340
0.689
-0.220
-1.115
1.035
-0.362
-0.112
-0.235
-0.056
-0.247
-0.297
-0.587
0.173
-0.329
-1.809
-0.123
-1.961
-0.608
-0.605
-0.303
-0.811
-1.825
0.016
0.224
-0.361
-0.256
-0.212
-1.238
-0.398
-1.207
-0.462
-2.189
-1.063
-0.301
-0.218
-0.105
-0.741
-0.286
-0.187
-0.466
-2.036
-1.242
-1.373
-0.208
-0.075
-0.120
-0.064
0.112
0.018
0.700
0.094
-0.180
-0.196
-0.058
-0.194
0.163
-0.077
-0.298
-0.192
-0.451
-0.248
-1.322
-1.254
-0.383
-0.009
0.581
0.101
-0.439
-0.772
-0.175
-0.073
-0.110
-0.027
0.136
-0.466
-0.595
-0.228
-0.696
-0.159
-0.591
-1.222
-2.903
-0.746
-0.807
0.319
-0.450
-0.304
-0.769
0.021
0.028
1.081
-0.125
-0.570
-0.128
-0.197
0.344
-0.357
0.247
-0.226
0.062
0.132
-0.479
-0.212
-0.128
-0.344
-0.073
0.113
0.270
-0.722
0.504
-1.934
-1.207
-0.977
0.017
0.264
-0.432
-0.132
-0.585
0.048
-0.377
0.216
-0.219
-0.043
0.383
-0.142
0.233
0.149
0.059
0.160
-1.777
-0.675
0.378
-0.034
-0.277
0.086
-0.168
-0.376
0.424
-0.108
-0.403
0.163
-0.399
-0.230
-0.076
-1.284
-0.693
-0.396
-0.791
-0.436
-0.101
-1.231
-0.430
-1.115
-0.772
-0.580
-2.574
-0.912
0.137
-1.410
-0.689
0.231
0.149
-0.270
0.985
0.281
-0.280
-0.124
-0.733
0.281
-0.609
-1.329
-0.535
0.694
-0.503
0.503
0.825
0.270
-0.766
0.011
-0.647
0.102
0.673
-0.567
-0.339
0.078
0.214
0.122
0.700
-0.265
-0.243
-0.433
-0.963
-0.316
-0.160
0.099
0.617
1.393
-0.903
-0.038
0.034
-0.210
