0.030
-0.006
-0.151
-0.424
-0.136
-0.212
-0.158
-0.166
-0.388
-0.153
-0.286
-0.145
-0.192
-0.035
0.068
-0.000
0.199
0.042
-0.083
-0.047
-1.054
0.386
0.059
-0.091
0.112
0.024
0.055
-0.101
-0.591
0.005
-0.083
0.010
0.000
0.003
-0.055
-2.818
-1.824
-2.533
-0.820
-1.447
-2.282
-3.254
-0.021
-0.029
-0.020
-0.009
-0.114
0.070
-2.207
-1.052
-2.178
-2.066
-2.566
-2.913
-2.331
-1.493
-1.036
-0.063
-0.396
-3.437
-1.063
-1.399
-1.358
-1.706
-1.426
-2.094
-1.467
-0.570
-0.281
-0.903
-0.962
0.105
0.302
-0.474
-1.551
-2.743
-1.392
0.959
-2.279
-0.083
0.134
-1.418
-0.540
-0.295
0.185
-0.249
-1.020
-2.577
-0.669
-0.278
0.200
-0.388
-0.056
-0.407
-0.870
-0.067
-0.280
-0.121
-0.793
-0.383
-0.090
-0.091
-0.080
-0.165
-0.153
0.292
-0.004
-0.004
0.006
0.341
-0.011
-0.025
0.083
0.025
0.170
0.124
-0.006
0.142
0.005
0.051
-0.003
0.019
0.060
0.427
0.307
-1.190
0.296
1.005
0.157
-0.228
-0.019
-0.290
0.042
-0.026
0.532
-0.868
-0.045
0.053
0.985
0.027
0.004
1.640
1.367
-0.104
-0.252
-0.119
-0.108
-0.604
-1.390
-2.184
-0.816
-0.082
-0.749
-2.393
-2.317
-3.311
-2.785
-3.294
-2.905
0.030
-0.503
-2.129
-1.773
-0.242
0.430
-0.068
-1.421
-0.722
-0.168
-0.842
-1.544
0.252
0.035
-0.031
-0.691
-1.622
-1.633
-0.331
-0.962
-0.661
0.238
-1.948
-0.073
-0.717
-0.690
-0.369
-0.310
0.273
0.028
0.099
-0.099
-0.454
-0.659
-3.282
-2.264
0.342
-0.341
-0.227
-0.534
-0.154
-0.465
-0.583
-0.001
-0.311
-0.142
-0.067
-3.167
-2.504
-0.945
-0.583
-1.204
-0.144
0.759
-0.532
-0.463
1.268
0.951
0.083
-2.770
-2.146
-0.828
-2.395
-0.740
-1.725
-1.380
-0.622
-1.540
-1.292
-1.152
-1.046
-0.732
-1.911
-1.175
-0.621
-3.325
0.489
1.841
-1.034
-0.190
-0.586
-0.264
-0.618
-0.335
-0.322
-2.265
-0.030
-0.543
-0.149
-1.433
-1.041
0.055
-0.996
-0.494
-0.154
-0.740
-0.315
-1.071
0.032
-0.282
-0.953
-1.014
-0.309
-0.884
-0.579
0.928
-0.094
0.296
-0.367
-0.378
-0.745
0.012
-1.276
-0.061
0.288
-1.180
-0.067
-0.712
-0.378
-0.946
0.049
-0.168
-0.188
-1.036
-0.498
-0.540
-0.041
-0.104
-0.077
-0.112
-0.666
-2.020
-0.027
-0.000
0.040
-0.005
-0.126
-0.278
-0.096
-2.579
0.017
0.117
-2.652
-1.361
-1.963
-0.120
-0.783
0.333
0.908
0.365
-0.117
-0.240
0.743
-0.975
-0.121
-0.813
-1.789
-0.684
0.488
-0.130
-0.372
-0.200
-0.003
-0.414
-0.010
-0.455
-0.017
-0.901
-0.067
0.037
-1.851
-1.183
-0.342
-0.397
-0.322
-0.151
-1.044
-0.302
-0.729
-0.026
0.054
-0.408
-0.725
0.445
-0.163
-0.442
-0.040
-0.252
-0.009
0.025
-2.818
-1.224
-0.582
-1.404
-2.093
-0.587
-0.249
-1.622
-1.512
-0.894
-0.024
-0.310
-0.130
-0.961
-2.001
-1.853
-0.536
-3.206
-0.113
-2.658
-0.037
-2.094
-1.013
-1.229
-0.706
-1.361
-1.208
-0.204
-0.100
-0.252
-0.200
-0.430
0.029
0.598
-0.328
-0.576
-0.108
-0.104
-0.445
-0.748
-1.586
0.235
-0.078
-0.106
-0.115
-0.157
-0.664
-0.437
-1.471
-0.140
-0.793
-1.769
-1.845
-0.935
-1.529
-1.563
-1.377
-0.371
-2.478
-1.879
-0.055
-0.799
-0.041
-0.930
-0.250
-0.288
-0.177
-0.090
-0.561
-0.016
-0.990
-0.347
-0.484
0.003
-0.977
-0.054
-0.351
-0.182
-0.090
-0.035
0.166
-0.151
-0.190
0.024
-0.576
0.195
-1.741
-1.037
-0.527
-0.072
1.033
0.316
0.107
0.042
0.562
0.033
1.075
0.890
0.439
0.738
0.668
0.334
0.108
0.099
0.045
-0.720
0.071
-1.696
0.567
0.062
-1.515
0.266
-0.234
-1.372
-0.259
-0.346
-0.199
-0.135
-0.192
-0.109
-0.669
-0.769
0.007
-0.324
-1.775
-0.811
-3.142
-1.155
-0.309
-0.195
-1.275
-2.178
-0.045
0.033
-0.562
-0.188
-0.175
-1.080
-0.372
-1.102
-0.537
-2.288
-0.979
-0.320
-0.186
-0.167
-1.076
-0.313
-0.155
-0.553
-2.005
-1.471
-1.216
-0.161
-0.045
-0.003
-0.006
-0.027
-0.060
0.004
0.079
-0.248
-0.115
-0.083
-0.257
-0.159
-0.025
-0.097
-0.514
-0.342
-0.126
-1.480
-2.126
-0.780
-0.073
0.440
-0.122
-0.148
-2.387
-0.216
-0.072
-0.101
-0.071
-0.013
-0.322
-1.201
-0.159
-0.602
-0.711
-0.649
-0.787
-2.703
-0.889
-0.811
0.372
0.066
-0.509
-1.553
-0.211
-0.078
0.211
-0.178
-0.395
-0.308
-0.240
-0.348
-0.160
0.078
-0.192
-0.008
-0.008
-0.364
-0.147
-0.149
-0.372
-1.033
0.018
0.066
-0.880
-0.038
-3.191
-1.084
-0.105
-0.261
-1.498
-1.529
-0.155
-1.757
-0.043
-0.111
-0.043
-0.108
0.118
0.218
-0.080
0.033
-0.001
0.010
-0.012
-2.078
-1.185
-0.062
-0.028
-0.053
0.090
0.039
-0.241
-0.280
-0.096
-0.192
-0.050
-0.914
-0.713
-0.130
-1.589
-0.843
-0.676
-0.712
-0.404
-0.186
-0.943
-0.344
-0.868
-0.906
-0.734
-2.915
-1.064
-0.279
0.799
-0.469
0.372
-0.228
-0.312
0.648
0.338
-0.480
-0.470
-0.976
-0.116
-0.720
-1.324
-0.818
0.421
-0.193
0.128
0.297
0.797
-0.705
0.207
-0.565
0.037
0.351
-0.460
-0.677
-0.015
0.085
-0.022
0.837
-0.763
-0.206
-0.595
-0.585
-0.394
-0.123
0.028
0.436
1.560
-1.003
-0.012
-0.446
-0.241
