-0.031
0.027
-0.119
0.137
-0.170
-0.086
-0.289
0.042
-0.599
-0.226
-0.048
-0.383
-0.305
-0.268
0.102
0.028
0.222
0.330
-0.060
0.129
-0.185
2.179
1.257
-0.220
-0.099
-0.370
-0.177
-0.248
-0.590
-0.119
0.069
-0.360
-0.107
-0.120
0.059
-3.450
-2.445
-2.201
-0.668
-1.523
-2.551
-4.841
-0.120
0.045
-0.125
-0.146
-0.345
0.102
-2.549
-2.285
-2.716
-2.323
-2.904
-4.166
-2.139
-1.417
-1.321
-0.027
-0.862
-4.530
-0.941
-1.323
-1.564
-2.543
-1.438
-2.634
-1.347
-0.531
-0.311
-0.616
-0.509
-0.157
-0.339
-0.707
-0.003
-1.295
-0.003
0.770
-3.853
0.098
0.298
-1.235
-0.174
-0.585
0.473
-0.284
-1.014
-2.682
-0.919
0.109
-0.014
-0.280
-0.138
-0.762
-0.306
-0.244
0.015
-0.099
-2.258
-1.605
-0.165
-0.228
-0.037
-0.499
-0.488
0.381
-0.117
0.654
-0.117
0.057
-0.012
-0.228
-0.247
-0.117
0.004
-0.117
-0.117
0.285
-0.117
-0.083
-0.117
-0.117
-0.083
0.180
0.035
-1.969
-0.414
1.169
0.526
-0.291
-0.133
0.040
-0.869
-0.003
-0.003
-1.154
-0.518
-0.003
0.010
-0.306
-1.955
2.482
0.215
-0.298
-0.083
-0.003
-0.152
-0.771
-2.159
-3.985
-1.985
-0.090
-0.546
-2.662
-0.956
-3.453
-3.331
-0.339
-0.519
-0.003
-0.003
-2.721
-1.866
-0.003
-0.389
-0.112
-0.930
-1.495
-0.627
-0.010
-1.700
0.403
-0.169
-0.006
-0.533
-2.066
-0.653
-0.808
-0.098
-0.315
-0.031
-1.893
-0.136
-0.849
-0.828
-0.028
-0.003
0.087
-0.629
0.003
-0.167
0.644
-0.003
-0.003
-0.003
0.154
-0.656
-0.041
-0.046
-0.236
-0.319
0.057
1.268
-0.211
-0.121
-0.153
-3.305
-2.615
-1.001
-0.115
-0.751
-0.216
0.940
-0.376
-0.281
0.945
1.783
-0.082
-3.729
-2.703
-1.587
-3.195
-0.531
-2.390
-2.061
-0.915
-1.614
-1.016
-1.624
-1.020
-0.074
-1.991
-1.618
-1.504
-4.205
-0.152
0.211
-0.278
-0.471
-1.776
-0.396
-0.242
-0.941
-0.092
-2.228
-0.108
-0.496
-0.063
-1.611
-1.930
-0.143
-1.741
-0.541
-0.381
-1.512
-0.510
-2.114
0.244
-1.182
-0.923
-1.212
-0.546
-0.945
-0.749
0.941
-0.848
-0.021
-0.036
-0.001
-0.633
0.359
-0.039
-0.133
0.061
-0.537
-0.003
-0.155
-0.309
-0.363
0.005
-0.162
-0.444
-1.569
-2.184
-1.047
-0.003
-0.003
-0.152
0.145
-0.336
-1.610
0.210
-0.144
0.523
-0.086
0.055
-0.466
0.147
-4.185
-1.133
-0.101
-0.003
-0.003
-0.332
-0.146
-0.475
0.880
1.805
0.756
-0.035
0.509
0.711
-0.561
0.177
-1.030
-0.961
-0.274
-0.168
-0.313
-0.130
-0.281
-0.123
-0.293
-0.364
-0.303
-0.187
-0.694
-0.216
-0.211
-2.507
-2.012
-0.577
-0.222
-1.069
-0.345
-1.347
-0.367
-0.435
-0.117
0.232
-0.553
-1.464
0.683
-0.586
-0.604
-0.320
-0.474
-0.034
-0.076
-3.562
-1.403
-1.339
-1.904
-1.821
-0.849
-0.486
-1.589
-1.410
-0.833
-0.404
-0.239
-0.325
-0.180
-0.613
-0.424
-1.115
-4.399
-0.141
-3.289
0.223
-0.686
-0.562
-1.000
-0.177
-1.536
-0.525
0.009
-0.065
-0.199
-0.332
0.798
1.258
0.597
-0.089
-0.165
-0.411
-0.185
-0.264
-0.066
-0.003
0.032
-0.203
-0.146
0.010
-0.236
-0.119
-0.003
-1.630
0.263
-1.928
-2.084
-0.045
-1.023
-1.562
-0.070
0.006
-0.499
-1.305
-2.945
-0.215
-1.061
-0.137
-0.078
0.083
-0.290
-0.376
-0.138
-1.164
-0.019
-1.250
-0.575
-0.841
-0.373
-1.237
-0.045
-0.408
-0.252
-0.123
0.283
1.282
-0.153
0.205
0.044
-0.346
0.847
-2.180
-1.070
-0.003
0.283
0.147
0.102
-0.118
-0.117
0.436
-0.433
1.542
1.366
1.255
1.000
-0.003
-0.003
0.006
0.279
-0.066
-0.871
0.215
-1.081
0.689
0.238
-1.660
0.114
0.067
-3.550
-0.414
-1.038
-0.260
-0.250
-0.333
-0.127
-0.288
-1.031
-0.112
-0.400
-2.214
-0.494
-2.365
-0.758
-0.204
-0.003
-1.990
-3.292
-0.129
0.181
0.025
-0.459
-0.251
-1.855
-1.266
-2.240
-0.994
-3.191
-1.467
-0.392
-0.192
-0.061
-0.642
-0.443
-0.523
-0.821
-1.953
-1.159
-2.335
-0.188
-0.101
0.145
-0.261
-0.146
-0.051
-0.202
-0.316
-0.443
-0.437
0.024
-0.116
-0.146
-0.056
-0.567
-0.172
-0.544
-0.376
-1.858
-1.698
-0.789
-0.117
0.208
0.157
-0.682
-0.321
-0.123
-0.493
-0.117
-0.192
-0.302
-0.403
-0.915
-0.447
-1.088
-0.713
-0.348
-0.875
-3.765
-1.131
-1.786
0.814
-0.439
-0.310
-0.539
-0.012
-0.336
0.267
-0.223
-1.030
-0.502
-0.763
-0.640
-0.450
0.099
-0.074
-0.123
-0.236
-0.627
-0.369
-0.389
-0.153
-0.539
-0.021
-0.003
-1.256
0.054
-3.382
-1.571
-0.269
-2.404
0.175
-0.542
-0.044
-0.546
-0.223
-0.333
0.003
0.009
0.066
0.874
-0.101
-0.118
-0.115
-0.119
-0.105
-2.629
-1.868
-0.161
-0.209
-0.149
0.207
-0.196
-0.435
-0.532
-0.408
-0.175
-0.283
-0.875
-0.060
-0.327
-2.133
-0.891
-0.884
-0.877
-0.321
-0.147
-1.082
-0.729
-1.196
-0.985
-0.237
-4.778
-0.833
-0.002
1.114
-0.778
-0.089
-0.094
-0.514
0.773
0.406
-0.317
-0.709
-0.556
-0.272
-0.003
-1.136
-1.001
1.446
-0.496
0.646
1.005
0.398
-1.137
-0.100
0.007
-0.068
0.359
-0.842
-0.760
-0.117
0.167
0.161
0.776
-0.627
-0.668
-0.554
-0.113
-0.390
-0.312
0.054
0.387
2.385
-0.999
0.200
-0.960
-0.003
