-0.633
0.175
0.093
0.013
0.108
0.294
0.445
0.248
1.103
0.517
0.296
0.595
0.080
0.063
-0.944
-0.171
-0.328
-0.116
-0.002
0.105
0.495
-1.845
-0.503
0.308
0.120
-0.126
0.077
0.261
0.518
0.056
-0.044
0.144
-0.354
-0.041
-0.220
2.606
2.202
2.533
0.549
1.463
2.160
3.534
-0.257
-0.195
0.296
-0.258
0.383
-0.579
2.569
1.600
1.924
1.590
2.332
2.254
2.790
1.683
1.273
-0.037
0.068
2.849
0.885
1.043
1.919
2.163
1.780
1.384
1.784
1.014
0.121
-0.286
1.571
-0.321
-0.360
0.405
0.449
1.331
0.585
-1.606
3.451
-0.313
-1.017
2.209
0.494
-0.111
-0.302
-0.120
0.901
2.181
0.758
-0.144
-0.236
0.233
0.165
0.787
0.620
0.317
0.085
0.085
1.351
0.668
0.168
-0.084
0.637
0.878
0.049
-0.065
0.266
-0.234
-0.050
-0.255
0.287
0.030
-0.582
0.007
-0.286
-0.280
-0.043
-0.428
0.121
-0.192
-0.033
-0.295
-0.433
-0.438
-0.221
0.991
-0.711
-1.401
-0.352
0.030
-0.019
-0.097
0.346
-0.020
-1.155
0.840
-0.428
-0.097
-1.326
0.403
1.927
-1.534
-1.128
0.015
0.832
0.176
0.203
0.504
1.133
2.403
0.611
-0.041
0.931
2.787
1.875
3.265
2.133
3.028
2.961
-0.701
0.931
1.885
1.766
0.347
-0.010
0.010
0.925
1.497
0.409
0.729
1.319
0.041
-0.226
-0.518
0.918
1.667
1.704
0.265
1.101
0.897
-0.051
2.500
0.156
0.484
0.950
0.536
0.152
-1.019
-0.699
-0.051
0.147
1.269
-1.007
2.260
0.743
-0.388
0.599
0.679
0.117
0.330
0.034
0.303
-0.062
0.040
0.089
0.282
2.817
2.079
0.782
-0.039
-0.169
-0.320
-1.521
0.210
0.169
0.768
-1.738
0.082
2.278
2.571
0.954
2.070
0.918
1.478
0.607
0.347
1.107
1.170
1.012
1.193
0.965
2.088
1.412
1.234
2.737
-0.443
-2.110
0.768
-0.076
0.748
0.438
0.644
-1.069
-0.336
2.286
0.263
0.712
0.488
0.755
1.699
-0.992
0.781
0.277
0.487
1.212
0.182
0.749
-0.101
0.092
1.221
0.975
0.474
0.746
0.548
-1.650
-0.024
-0.346
-0.388
-0.076
0.527
-0.115
0.141
0.080
-0.097
0.869
-0.029
0.927
0.538
0.590
0.114
0.006
0.753
1.368
0.715
0.747
-0.092
0.046
0.131
-0.059
0.074
1.941
-0.172
-0.186
-0.166
-0.015
-0.248
0.018
-1.011
2.372
-0.911
-0.343
0.789
0.077
0.896
-0.024
0.563
-1.123
-2.458
-2.565
-0.158
0.305
-1.189
0.963
0.600
-0.155
2.500
0.704
-0.589
-0.003
-0.275
0.109
0.015
0.200
-0.101
0.406
-0.023
1.326
0.078
0.065
0.936
0.849
-0.443
-0.150
0.364
0.103
1.433
0.711
0.820
-0.105
-0.185
0.841
1.504
-0.810
0.533
-0.051
-0.096
0.476
-0.284
-0.284
2.229
2.005
0.584
1.246
1.832
0.938
0.215
1.901
2.177
1.804
0.300
0.602
0.137
0.498
0.768
1.032
1.306
0.606
0.203
1.973
-0.763
1.432
1.177
2.024
1.323
1.391
0.346
0.324
-0.015
0.513
0.349
0.148
-0.397
-1.050
0.440
0.399
0.342
0.100
0.619
1.516
0.279
-0.902
0.069
-0.028
0.092
0.096
0.503
0.631
0.725
-1.004
2.472
0.871
-0.038
0.425
0.679
1.236
1.460
-0.300
1.500
2.118
-0.055
-0.165
-0.164
0.979
0.426
0.293
-0.216
0.491
0.912
0.098
1.196
0.543
0.499
0.019
0.890
0.855
0.895
0.466
-0.012
-0.512
-0.838
0.224
-0.096
-0.544
1.104
-0.466
1.838
1.297
-0.041
-0.313
-1.502
-1.173
-0.016
-0.109
-0.335
0.343
-1.201
-1.003
-1.573
-1.357
-1.027
-0.374
-1.266
-0.323
-0.297
0.256
-0.857
1.683
-1.288
-0.202
1.707
-1.140
0.927
0.549
-0.598
0.623
-0.323
-0.020
-1.229
0.200
0.548
0.670
-0.620
0.386
1.357
-0.122
2.217
0.518
0.618
0.204
0.730
1.450
0.046
-0.143
-0.032
0.532
0.193
1.768
0.775
1.903
0.701
2.282
0.750
0.552
0.776
0.760
0.445
0.407
0.245
0.441
1.933
1.248
1.290
0.064
-0.031
0.035
-0.152
-0.007
-0.044
-0.811
-0.154
0.687
0.234
-0.037
0.281
0.236
0.059
0.408
-0.002
0.748
0.299
1.137
1.831
0.945
0.452
-0.394
0.282
0.426
1.276
0.448
0.256
0.281
-0.008
-0.089
0.581
1.549
0.425
0.811
0.282
1.182
1.353
3.617
1.461
1.159
-0.111
-0.145
0.539
1.924
0.288
0.103
-1.175
0.144
0.713
0.514
0.442
0.170
0.218
-0.155
0.169
0.060
-0.024
1.125
0.054
0.394
0.499
0.361
-0.083
-0.169
0.849
-0.075
2.459
0.586
0.791
0.695
1.714
1.022
-0.057
0.883
-0.057
0.236
-0.159
-0.005
-0.101
-0.339
0.189
-0.037
-0.031
-0.167
0.086
2.049
1.039
-0.545
-0.105
0.024
0.167
0.235
0.291
-0.500
0.146
0.169
-0.049
1.084
1.002
0.167
1.753
0.748
0.464
0.759
1.149
0.098
1.429
0.687
0.735
1.356
0.283
1.291
1.359
0.104
-0.215
0.881
-0.098
-0.232
0.431
-1.010
-0.070
0.434
0.311
1.157
-0.061
0.082
1.334
0.248
-0.924
-0.045
-1.055
-0.617
-0.567
0.486
-1.025
0.492
-0.450
-1.011
0.726
1.221
0.105
-0.266
-0.143
-0.188
0.604
0.322
1.439
0.475
1.353
0.311
-0.007
-0.067
-0.601
1.852
0.050
0.607
-0.159
