-0.012
0.075
-0.029
0.030
0.030
0.059
0.059
-0.168
-0.255
0.030
0.050
-0.242
0.115
-0.044
0.414
0.059
0.059
0.059
0.604
0.612
0.059
1.693
0.416
0.073
0.098
0.059
0.106
0.107
0.096
0.037
0.059
0.076
0.866
-0.067
0.181
-2.502
-1.379
-2.740
-0.645
-1.188
-2.177
-3.622
0.059
-0.124
0.074
0.059
-0.332
-0.032
-1.957
-1.018
-1.377
-1.118
-2.038
-3.392
-2.925
-1.897
-2.019
-0.098
-0.934
-4.591
-0.653
-1.436
-2.155
-2.119
-1.448
-2.744
-2.337
-0.433
0.013
-0.062
-1.156
0.710
0.586
-0.070
-1.343
-2.425
-0.675
1.999
-2.988
0.076
0.492
-0.409
-0.194
0.048
0.903
0.152
-0.940
-2.341
-1.065
0.175
0.059
-0.322
-0.040
-0.631
-0.385
0.153
-0.071
0.066
-1.678
-1.041
0.026
0.015
0.059
0.034
0.047
0.487
0.045
0.039
0.059
0.097
0.059
-0.003
0.139
0.059
0.149
0.059
0.059
0.059
0.059
0.108
0.046
0.059
0.066
0.091
0.102
-1.769
0.214
0.345
0.066
0.180
0.032
0.059
-0.409
0.981
1.300
0.054
0.085
0.152
1.134
0.008
-0.280
1.897
1.175
-0.011
0.059
0.059
-0.086
-0.441
-0.312
-2.925
-0.472
-0.228
-0.119
-2.992
-1.247
-3.369
-2.325
-3.221
-3.543
0.452
-0.942
-3.972
-0.670
0.014
-0.176
0.059
-1.127
-0.611
-0.009
-0.443
-0.719
0.532
0.073
0.149
-0.443
-1.696
-1.938
-0.385
-0.863
-0.916
0.155
-1.962
0.059
-0.795
-0.942
0.100
-0.179
1.140
0.326
0.197
0.040
-0.104
-0.330
-3.175
-1.949
0.869
-0.081
0.059
0.526
0.059
-0.307
-0.045
0.059
-0.102
-0.083
0.033
-2.553
-3.885
-1.089
0.008
0.078
0.036
0.530
-0.263
0.108
1.371
0.019
0.258
-2.889
-2.898
-1.753
-2.381
-0.648
-1.225
-1.580
-0.948
-1.647
-0.845
-0.627
-0.628
-0.072
-1.915
-1.388
-2.300
-4.395
0.074
0.268
-0.387
-0.071
-0.457
-0.013
-0.464
0.249
0.460
-2.002
0.059
-0.322
-0.061
-0.659
-0.306
0.228
-0.325
-0.377
-0.201
-0.553
-0.193
-1.611
0.115
0.169
-0.439
-0.150
-0.030
-0.383
-0.331
1.374
0.207
0.189
0.131
0.249
-0.819
0.145
-0.870
0.045
0.071
-0.822
0.049
0.545
0.059
-0.231
0.029
0.059
-0.854
-1.333
-0.628
-0.950
0.059
0.067
0.052
0.059
0.085
-1.443
0.206
0.056
0.095
0.061
0.356
-0.100
0.418
-1.829
1.102
0.046
-0.860
-0.585
-0.978
-0.045
-0.090
1.062
2.449
1.865
0.059
-0.078
1.052
0.108
0.065
-0.387
-1.532
-1.000
0.219
0.251
0.086
-0.064
0.059
0.059
0.059
-0.260
0.088
-0.647
0.267
0.059
-1.942
-1.255
-0.629
0.071
-0.493
-0.334
-1.318
-0.362
-0.044
0.059
0.059
-0.977
-0.182
0.499
-0.377
-0.132
0.161
-0.327
0.065
0.191
-3.233
-1.430
-0.730
-1.164
-1.306
-0.328
-0.354
-1.569
-2.050
-0.765
0.049
-0.105
-0.167
-0.110
-0.826
-0.421
0.373
-2.532
0.059
-2.013
0.600
-1.278
-0.310
-1.017
-0.495
-0.989
0.042
0.045
0.052
0.038
0.299
0.016
0.276
1.113
0.059
0.010
-0.079
0.092
-0.028
-1.389
-0.659
1.013
0.218
0.037
0.149
0.047
-0.540
0.218
-0.875
0.391
-1.549
-0.476
-0.216
-0.284
-0.963
-1.470
-0.998
-0.116
-1.381
-2.329
0.041
-0.233
0.059
-0.482
-0.333
-0.172
-0.015
-0.043
-0.426
-0.066
-1.137
-0.337
-0.731
-0.190
0.081
-0.303
-1.073
-0.070
0.009
0.044
0.809
-0.079
0.265
0.059
-0.797
0.411
-1.126
-0.630
0.059
0.059
1.451
0.676
0.194
0.160
0.400
0.057
0.059
0.059
0.598
0.187
0.942
0.244
0.604
0.149
0.053
-0.330
0.100
-1.588
0.112
0.059
-0.306
0.318
0.350
-0.991
0.354
0.653
0.087
-0.051
0.254
0.065
-0.061
-0.100
0.487
-0.478
-2.422
-0.186
-1.535
-0.352
-0.654
0.097
-1.707
-2.900
0.051
0.059
-0.148
0.008
-0.186
-1.747
-0.499
-1.581
-0.104
-2.995
-0.829
-0.128
0.028
-0.202
-0.579
-0.092
-0.313
-0.584
-1.988
-0.918
-1.622
0.059
0.059
-0.103
0.137
0.003
-0.134
0.149
-0.023
-0.111
0.044
-0.056
0.005
0.070
-0.074
-0.070
-0.321
-0.005
-0.619
-0.954
-1.144
-0.576
0.019
0.243
0.058
0.059
-0.257
0.037
-0.070
0.015
0.059
0.059
-0.288
-1.639
-0.349
-0.574
-0.381
-0.192
-0.314
-3.363
-1.291
-1.764
0.032
-0.394
-0.107
-0.554
-0.881
0.028
0.592
-0.129
-0.980
-1.412
-0.373
-0.643
0.045
0.042
0.055
-0.031
0.202
0.006
-0.221
-0.034
-0.491
-0.251
0.097
0.046
-1.229
0.362
-2.800
-0.780
-0.522
0.016
0.464
-0.432
0.059
0.050
-0.035
0.038
0.380
0.059
0.059
0.130
0.059
0.110
0.072
0.059
0.119
-1.293
-0.657
0.301
-0.096
0.530
0.199
0.255
0.059
0.044
0.059
-0.028
0.059
-0.278
0.050
0.059
-1.761
-0.439
-0.386
-0.123
-0.832
0.383
-0.647
-0.032
-1.640
-1.385
-0.649
-2.349
-0.716
0.102
-0.550
-0.579
0.311
0.498
-0.319
0.291
0.988
0.099
0.046
-0.415
0.092
-0.485
-1.211
-0.748
0.236
0.254
0.232
0.853
0.140
-0.178
0.807
-0.333
-0.006
0.288
-0.294
-1.024
0.059
0.071
0.121
0.417
-0.263
-0.031
-0.169
-0.254
-0.094
0.118
0.071
0.059
0.059
-1.266
-0.072
0.286
-0.203
