0.015
0.102
0.089
0.034
0.019
0.026
0.141
0.083
0.167
0.194
0.324
0.211
0.301
0.114
-0.529
-0.078
-0.196
-0.293
0.142
-0.024
0.591
-1.660
-0.393
0.137
-0.069
0.060
0.045
-0.083
0.146
0.045
-0.002
0.070
0.013
-0.074
-0.113
2.806
1.496
2.043
0.638
1.437
2.010
3.073
0.008
-0.102
0.006
0.047
0.170
-0.041
1.435
1.472
1.863
1.867
2.697
2.542
1.513
1.176
0.976
-0.007
0.340
2.898
0.720
1.110
1.203
1.865
1.427
1.835
1.327
0.735
0.287
0.984
0.945
-0.209
0.283
0.068
-0.007
-0.007
-0.341
-1.329
2.251
-0.015
-0.635
0.665
0.461
0.067
-0.116
0.089
1.077
2.410
0.221
0.159
-0.109
0.346
0.076
0.596
0.186
0.059
0.091
0.021
1.143
0.789
0.233
0.132
0.168
0.479
0.003
-0.023
0.124
-1.080
-0.062
-0.206
-0.002
0.131
-0.015
-0.097
-0.182
-0.036
0.079
-0.194
-0.015
-0.421
-0.009
-0.160
-0.027
-0.215
-0.244
1.132
-0.321
-1.342
-0.126
0.428
-0.033
-0.090
0.182
0.437
-0.809
1.394
-0.140
0.530
-1.046
0.074
0.104
-1.363
-1.310
0.172
0.013
0.020
0.160
0.436
0.749
1.024
1.125
0.154
0.490
2.043
2.011
2.673
2.651
1.827
1.693
0.017
0.724
1.995
1.413
0.032
-0.198
0.103
1.043
0.717
0.212
0.221
0.384
-0.606
0.044
0.044
0.936
1.661
1.629
0.453
1.228
1.248
-0.194
1.152
0.042
0.823
0.421
0.131
0.148
-0.407
-0.168
0.120
0.023
0.833
-0.077
1.145
-0.342
-0.120
0.370
0.165
-0.072
0.149
0.101
0.054
-1.311
-0.006
0.211
0.164
3.126
2.194
1.059
0.230
0.289
-0.007
-0.923
0.539
0.593
-0.018
0.188
0.073
2.015
2.194
0.970
2.230
0.468
1.454
0.827
0.894
1.087
0.611
1.343
1.153
0.889
2.291
1.433
1.266
2.822
-0.384
-1.117
0.294
0.216
0.995
0.276
0.542
0.443
0.065
3.199
0.337
0.976
0.035
0.700
1.077
-0.355
0.692
0.267
0.340
0.699
0.049
1.545
-0.123
0.304
1.250
0.747
-0.028
1.257
0.311
-0.983
0.169
-0.166
0.098
0.128
0.995
-0.051
0.620
0.081
-0.159
1.245
-0.007
0.594
0.129
0.061
-0.123
0.054
0.444
0.473
0.766
1.123
0.071
0.118
-0.001
-0.046
0.102
2.147
-0.107
0.117
-0.186
-0.036
-0.293
0.415
-0.137
2.046
-1.122
-0.054
1.105
0.338
1.875
0.124
0.950
-0.786
-2.543
-1.954
0.180
0.193
-1.243
0.665
0.130
1.415
2.593
0.740
-0.192
0.118
0.328
0.170
-0.058
0.233
-0.008
0.666
-0.100
0.394
-0.004
0.012
1.177
1.331
0.507
0.380
0.637
0.215
1.183
0.252
0.405
0.099
-0.217
0.360
1.232
-0.549
0.034
0.220
-0.024
0.206
-0.046
-0.016
2.633
1.234
0.793
1.512
0.831
0.413
0.124
1.381
1.908
0.909
0.014
0.268
-0.007
0.832
0.510
0.469
0.703
2.447
-0.022
1.990
-0.007
2.391
0.859
0.963
0.265
0.619
0.735
0.051
0.196
0.118
-0.219
-0.099
-0.873
-0.802
0.296
0.617
0.374
-0.967
0.257
0.308
0.855
-1.002
0.213
0.082
0.057
0.162
0.603
0.387
1.153
0.489
1.773
1.366
-0.229
1.035
0.959
-0.301
0.691
-0.061
1.178
1.991
0.191
0.133
-0.023
0.271
-0.118
0.199
0.303
0.244
0.561
0.090
1.012
0.211
0.453
0.096
0.342
0.115
0.761
0.451
0.146
-0.166
-1.325
0.051
-0.081
-0.077
0.130
-1.735
1.715
0.855
-0.553
0.022
-1.021
-0.545
-0.201
-0.137
-0.467
0.155
-0.804
-0.625
-1.487
-1.128
-0.673
-0.553
0.035
-0.228
0.023
0.489
-0.272
1.692
-0.558
-0.068
2.087
-0.512
0.304
2.249
-0.075
1.330
0.253
0.346
0.222
0.223
0.442
0.833
-0.014
0.423
1.246
0.080
1.710
0.542
0.106
0.172
0.748
1.741
0.128
0.048
0.235
0.403
0.539
1.310
0.487
1.493
0.721
2.031
0.823
0.370
0.086
0.043
0.610
0.228
0.231
0.357
1.865
1.050
1.258
0.154
0.103
0.098
-0.007
0.087
0.085
-0.138
0.392
0.273
0.187
0.081
0.124
0.406
0.033
-0.008
0.295
0.490
0.336
1.573
1.283
0.467
0.066
-0.201
-0.049
0.314
1.201
0.220
-0.030
0.202
0.024
0.159
0.497
0.880
0.312
0.682
0.336
0.559
0.736
2.765
0.982
0.939
0.235
0.756
0.059
0.329
-0.061
0.064
-0.179
0.155
0.543
0.008
0.203
0.307
0.043
0.016
0.098
-0.219
0.105
0.203
0.412
-0.012
0.463
0.119
0.206
-0.144
0.849
-0.355
2.542
0.729
0.796
0.015
0.323
0.466
-0.407
0.012
-0.184
0.024
-0.005
0.177
-0.211
-0.316
0.306
-0.076
-0.040
0.141
-0.078
0.876
1.277
0.132
0.115
-0.079
0.113
-0.132
0.381
0.105
0.057
0.423
-0.037
0.674
0.160
0.262
1.272
0.474
0.548
0.416
0.087
0.002
0.888
0.347
0.869
0.980
0.970
3.362
1.007
0.140
1.106
0.850
-0.237
0.161
0.219
-0.918
-0.749
0.763
0.191
0.738
-0.197
-0.356
1.353
0.463
-0.667
0.672
-0.331
-0.627
-0.056
1.305
-0.022
0.480
-0.186
-0.177
0.742
1.010
-0.038
-0.168
-0.030
-1.292
0.716
0.169
0.582
0.134
0.239
0.132
0.110
-0.712
-1.135
1.807
0.088
0.274
-0.276
