-0.643
0.319
-0.160
-0.297
-0.238
-0.840
0.104
-0.290
-0.160
-0.102
0.306
-0.466
-0.338
0.137
0.014
0.671
0.093
0.411
0.526
0.192
-1.713
1.810
-0.231
-0.529
-0.257
-0.231
-0.143
-0.063
-0.177
-0.145
-0.027
-0.399
-0.146
0.007
0.457
-3.194
-1.047
-2.113
-1.102
-1.800
-2.780
-2.969
0.261
0.156
0.058
0.493
-0.579
-0.580
-1.750
-2.485
-2.505
-2.397
-2.062
-3.653
-2.097
-1.929
-1.617
-0.422
-0.339
-3.857
-1.320
-1.167
-2.502
-1.767
-0.658
-1.238
-1.215
-0.947
0.307
-0.053
-1.245
1.038
-0.073
-0.030
-0.354
-0.510
-0.229
-0.036
-1.142
0.392
0.471
-1.605
0.221
-0.516
0.777
1.377
-0.295
-1.580
0.502
-0.398
0.707
0.105
-0.160
-0.637
-0.072
0.138
-0.194
-0.160
-1.414
-2.006
0.069
0.004
-0.221
-0.159
-1.374
0.338
-0.094
-0.179
0.002
0.485
-0.141
-0.183
0.290
0.005
-0.069
-0.125
0.013
0.457
0.061
-0.041
-0.085
0.050
-0.026
0.260
0.182
-0.682
0.988
0.876
1.215
0.415
-0.046
1.307
-1.180
-0.133
0.989
1.907
0.087
-2.498
-0.452
-2.210
-0.521
-0.202
-0.160
-0.148
-0.091
-0.160
-0.892
0.980
0.517
-4.035
1.290
-0.732
-0.371
-1.587
-0.971
-3.684
-2.541
-2.534
-0.167
1.011
0.525
-2.223
-0.675
-0.051
0.744
-0.075
-2.532
-0.298
-0.430
0.286
-0.899
-0.160
-0.647
0.024
-1.196
-1.804
-1.541
-0.961
-1.646
-1.595
0.672
-0.660
-0.164
-0.726
-0.493
-1.192
0.687
0.493
0.054
-0.454
0.495
-0.904
0.306
-1.083
-2.016
1.165
-0.479
-1.756
-0.247
-0.059
-0.151
-0.160
-0.019
-0.109
0.010
0.255
-3.007
-2.319
0.029
-0.466
0.897
0.564
1.059
-0.366
-0.081
1.310
0.756
0.057
-2.801
-1.577
-2.016
-2.514
0.408
-1.086
-2.006
-1.560
-0.386
-1.625
-0.399
-0.243
-0.503
-2.095
-1.560
-3.876
-1.214
0.082
1.932
-0.755
0.407
-0.369
-0.290
-0.160
1.170
0.076
-0.113
-0.160
-0.104
-0.197
-0.490
-0.160
-0.515
-0.167
-0.707
-0.326
-1.884
-0.550
-1.315
-0.166
-0.578
-1.339
-1.117
-0.512
-0.171
-0.778
1.155
-0.902
1.085
-0.289
1.728
-0.152
-0.166
-0.254
-0.162
0.000
-0.939
0.096
-1.805
-0.120
0.643
-1.928
0.546
-0.024
-0.653
-1.044
-0.283
-0.649
-1.308
-0.073
-0.175
0.194
-1.267
-0.084
0.496
0.509
-0.010
0.059
-1.199
-0.085
-2.014
-0.065
0.149
-0.902
-0.191
-1.074
0.638
1.049
0.043
1.222
1.324
-0.433
-0.377
0.174
-0.181
0.690
-0.320
-1.448
0.611
-0.538
-0.052
-0.119
0.003
0.265
-0.169
-0.160
0.156
0.436
-0.189
-0.132
0.022
-0.590
-2.090
-0.106
-0.438
-0.598
0.554
-1.062
-0.177
-0.638
0.642
-0.811
0.349
-1.384
0.892
-0.909
-1.260
-0.049
-1.512
0.256
-0.177
-1.338
-1.174
-2.498
-2.284
-1.789
-0.224
-0.160
-2.049
-1.733
-0.959
-0.160
-0.160
-0.129
-0.160
-0.940
0.524
-1.209
-1.345
-0.333
-2.029
0.253
-0.022
-0.216
-1.343
-0.111
-2.550
0.508
0.698
-0.072
0.236
0.728
0.018
0.091
-0.143
-0.233
-0.221
-0.030
-0.171
-0.665
-1.527
-0.173
0.008
0.549
-0.202
-0.597
0.871
-1.324
-0.961
-0.712
0.266
-0.354
-1.365
-0.486
-0.754
0.582
1.009
0.703
-0.257
-0.156
-2.926
0.145
-0.107
-0.067
-0.314
-0.354
-0.160
0.350
-0.132
-1.879
-0.160
-1.705
-0.236
-1.223
-0.470
-0.132
-0.382
-0.319
-0.067
-0.232
-0.340
1.971
-0.159
-0.160
-0.771
-0.243
0.649
-0.160
-0.572
-0.357
0.030
1.865
1.729
0.027
-0.027
2.735
1.119
0.626
0.782
2.092
2.608
1.585
-0.183
1.008
-0.028
-0.041
-0.874
-0.244
1.637
-0.023
0.749
-0.071
1.469
-0.122
0.316
0.141
-2.415
-0.490
-0.369
-0.687
-0.425
-0.240
-0.563
0.178
-0.179
-1.089
0.445
-0.246
0.085
-0.275
1.391
0.057
-0.749
-0.123
-0.127
0.352
0.223
-0.396
-1.946
0.513
-1.749
-0.160
-2.242
-0.393
-2.361
-0.991
-0.599
-1.222
-1.015
-1.003
-0.660
-1.795
-1.056
-2.841
0.342
-0.153
-0.077
0.272
-0.030
-0.339
0.151
-0.388
-0.005
-0.160
-0.300
-0.863
-0.181
-0.668
-0.512
-0.127
-0.031
-0.087
-0.466
-0.541
-1.034
-0.405
0.024
0.465
-0.103
-0.159
-0.250
0.382
0.002
-0.020
-0.163
-0.160
-0.261
-0.109
-1.335
-0.141
-0.927
-0.264
-2.365
-1.244
-1.465
0.394
2.066
-0.282
-0.187
-0.127
-0.165
0.123
-0.376
-0.495
-0.325
-1.042
-0.207
-0.205
-0.135
-0.109
0.341
-0.163
-0.160
-0.519
-0.160
-0.407
-1.063
0.198
0.579
-1.343
0.215
-1.809
-0.229
1.227
-0.155
2.117
-0.557
0.155
1.323
0.007
-0.490
-0.160
0.255
-0.160
-0.014
0.040
0.414
-0.198
0.551
-0.123
-0.754
-0.665
-0.126
0.352
-1.263
-0.329
-0.260
-0.252
-1.059
-0.038
-0.275
0.161
-0.703
-0.089
-0.160
-2.205
-0.695
0.424
-0.884
-1.887
-0.712
-1.888
-0.234
-1.329
-1.370
-0.905
-0.899
-0.942
0.377
0.180
-0.521
0.882
0.900
-0.745
0.063
0.396
-0.202
0.551
-0.316
1.407
-0.051
-0.428
-0.557
0.478
0.033
0.408
1.527
0.250
0.533
-0.308
-1.127
0.323
2.004
0.169
-1.901
-0.033
-0.221
0.166
0.558
-0.160
-0.450
-0.883
-1.856
0.070
-0.176
-0.030
-0.791
0.079
0.666
-0.102
1.235
-0.621
