-0.158
-0.134
0.134
-0.210
0.010
0.376
-0.159
0.079
-0.527
-0.226
-0.063
-0.208
-0.183
0.085
-0.445
0.099
0.272
0.111
0.129
-0.046
-0.496
1.699
1.040
-0.140
-0.346
0.233
-0.314
-0.195
-1.397
-0.132
-0.027
0.092
-0.282
-0.709
-0.365
-3.350
-2.343
-3.325
-0.775
-1.867
-1.961
-3.745
0.167
0.705
0.325
0.264
-0.184
-0.055
-2.630
-1.691
-2.532
-2.210
-3.211
-3.327
-2.504
-1.608
-1.493
-0.254
-1.277
-3.795
-1.316
-1.472
-1.816
-1.919
-1.454
-3.201
-1.556
-0.717
-0.110
-0.346
-1.331
0.026
0.100
-0.578
0.354
-0.158
-0.131
1.232
-3.408
0.184
0.254
-1.064
-0.158
-0.427
0.427
0.045
-1.593
-2.549
-0.788
0.352
-0.079
-0.653
-0.113
-0.962
-0.378
-0.158
-0.112
0.159
-0.689
-0.916
-0.058
-0.010
-0.144
-0.641
-0.306
0.190
-0.053
1.384
0.185
0.127
-0.132
-0.326
0.256
0.016
0.239
0.191
-0.057
0.133
-0.036
0.328
-0.011
-0.045
0.181
0.756
0.106
-1.600
1.550
1.184
0.926
-0.044
-0.047
0.473
-0.158
-0.158
0.921
-0.893
-0.253
-0.158
-0.040
-0.158
-0.662
-0.158
0.359
0.119
-0.194
0.943
-0.169
-0.413
-0.216
-2.580
-0.158
-0.158
-1.124
-2.595
-1.406
-3.214
-2.381
-0.215
-2.502
-0.300
-1.218
-2.446
-1.115
-0.072
0.080
-0.074
-1.323
-1.480
-0.580
-0.192
-1.499
0.734
0.607
0.532
-1.335
-1.679
-2.742
-0.588
-1.515
-1.063
-0.194
-2.213
0.074
-0.715
-0.769
-0.158
-0.158
0.783
0.699
-0.205
0.020
-0.117
-0.158
-0.158
0.398
-0.157
-0.684
-0.537
-0.313
-0.149
-0.231
-0.298
-0.082
-0.245
-0.611
-0.158
-2.744
-2.974
-0.803
-0.189
-0.257
-0.155
1.724
-0.248
-1.026
0.926
0.122
0.135
-2.733
-2.421
-1.393
-2.900
-0.224
-1.810
-1.331
-1.062
-1.535
-1.233
-1.804
-1.036
-0.887
-2.266
-1.715
-1.561
-3.249
-0.069
1.907
-0.158
-0.329
-0.827
-0.312
-1.018
-0.731
0.461
-3.687
0.243
-0.544
-0.158
-1.393
-1.901
0.862
-1.436
-0.537
-0.575
-1.133
-1.381
-2.232
-0.311
0.161
-1.355
-1.521
-0.685
-1.208
-0.821
2.097
0.138
0.923
0.018
0.109
-0.518
0.332
-0.610
-0.012
0.407
-1.278
-0.158
-0.079
-0.019
-0.353
-0.333
0.276
-0.611
-0.207
-1.117
-1.593
-0.381
-0.158
-0.004
-0.118
0.176
-2.763
0.376
-0.035
0.273
0.020
-0.001
-0.136
0.760
-2.631
0.121
-0.251
-1.790
-0.631
-2.600
-0.302
-0.310
0.177
1.791
0.564
-0.016
0.074
1.539
-0.505
0.029
0.009
-2.102
-0.576
-0.045
0.391
-0.077
-0.274
-0.020
-0.436
-0.408
-0.369
-0.068
-0.589
-0.012
-0.164
-2.382
-1.280
-0.126
-0.268
-0.904
-0.363
-1.113
-0.533
-0.610
0.083
0.335
-0.516
-2.190
0.391
-0.713
-1.704
0.084
-0.238
0.521
0.396
-3.279
-1.279
-1.548
-1.521
-1.560
-0.674
-0.054
-1.944
-2.160
-1.183
-0.329
-0.158
0.226
-0.969
-0.549
-0.112
-0.158
-2.392
0.167
-2.457
0.100
-2.043
-1.266
-1.521
-0.781
-1.211
0.408
0.170
0.220
-0.017
-0.522
0.624
0.761
2.231
-0.740
0.276
-0.040
-0.126
0.086
-0.535
0.433
0.236
0.662
-0.158
-0.158
-0.259
-0.603
-0.769
-1.487
-0.560
-2.755
-0.951
0.176
-0.476
-1.395
-0.158
-1.542
-0.452
-0.412
-2.272
0.018
-0.219
-0.184
-0.479
0.317
-0.380
-0.117
-0.321
-1.014
0.536
-1.335
-0.503
-0.793
0.087
-0.377
-0.158
-0.226
-0.288
-1.099
-0.282
-0.158
-0.098
-0.158
-0.059
-0.348
0.174
-1.982
-1.395
0.193
0.098
2.058
0.096
0.234
0.242
0.960
0.350
2.034
1.469
1.725
0.258
-0.158
-0.211
1.302
0.480
0.229
-0.346
0.386
-2.313
0.842
0.380
-1.675
1.007
-0.151
-1.963
0.244
-0.249
0.054
0.026
-0.169
-0.220
-0.580
-0.899
0.612
-0.258
-1.558
-0.263
-2.574
-0.869
-0.279
-0.256
-1.547
-3.159
0.233
0.402
0.296
0.121
-0.298
-2.322
-0.626
-1.671
-0.820
-2.791
-2.096
-0.843
-0.282
-0.209
-0.785
-0.182
-0.217
-0.868
-2.599
-1.417
-2.157
-0.110
-0.034
-0.152
0.035
-0.285
0.058
0.474
-0.094
-0.315
-0.300
-0.419
-0.351
-0.301
-0.301
-0.463
-0.158
-0.804
-0.553
-1.846
-1.588
-0.431
-0.151
0.591
-0.020
-0.232
-0.427
-0.124
0.050
-0.174
-0.244
-0.035
-0.442
-1.130
-0.451
-0.879
-1.012
-0.573
-1.141
-2.823
-1.249
-1.183
0.408
-0.887
-0.428
-0.885
0.290
-0.389
0.615
0.085
-0.847
-0.761
-0.450
-0.321
-0.241
0.275
-0.080
-0.432
-0.299
-0.690
-0.600
-0.257
-0.610
-0.696
-0.190
0.326
-0.798
0.175
-4.160
-0.647
-1.192
-4.371
-0.439
-0.265
-0.158
-1.116
-0.018
0.049
0.505
-0.438
-0.105
0.396
0.014
0.252
-0.021
0.191
0.053
-1.819
-1.809
-0.302
-0.440
-0.530
0.076
-0.133
-0.486
-0.366
-0.097
-0.406
-0.131
-0.955
-0.760
-0.538
-1.958
-0.970
-0.347
-0.643
-0.625
-0.158
-1.309
-0.700
-1.406
-0.942
-0.889
-1.999
-0.827
-0.360
-0.939
-0.709
0.228
-0.163
-0.182
1.299
0.433
-0.848
-0.093
-1.449
-0.158
-0.141
-1.177
-0.771
0.230
-0.163
0.991
0.786
0.673
-1.533
0.666
-0.987
-0.162
0.653
-0.717
-0.664
-0.015
-0.158
0.140
1.166
-0.769
-0.441
-0.868
-0.832
-0.471
-0.222
0.481
-0.078
0.391
-2.321
0.341
0.431
-0.062
