0.355
-0.091
-0.868
0.293
-0.142
0.568
-0.093
0.381
0.386
0.269
0.503
0.413
0.759
0.350
-0.245
-0.143
-0.477
-0.414
-0.158
-0.032
1.191
-1.398
-0.767
0.323
0.365
0.184
-0.062
0.073
1.908
-0.043
0.094
0.330
0.576
0.276
0.489
2.580
2.021
2.363
0.881
1.756
2.516
3.292
-0.050
0.084
1.368
-0.192
0.085
0.783
2.178
1.927
2.498
1.637
2.072
3.092
2.588
1.453
1.025
-0.020
0.658
2.996
1.196
1.524
1.720
2.190
1.759
2.925
1.902
0.697
-0.064
1.228
1.563
-0.176
-0.100
0.205
-0.136
0.084
0.084
-1.025
3.329
-0.036
-0.652
1.178
0.084
0.670
-0.887
0.947
2.055
2.546
0.615
-0.431
-0.453
-0.188
-0.144
0.720
0.523
0.181
-0.326
-0.111
0.883
1.212
0.202
-0.041
0.232
0.951
0.084
-0.266
-0.109
-1.061
-0.108
-0.279
-0.016
0.270
-0.463
-0.182
-0.293
-0.209
0.137
0.228
-0.122
-0.165
-0.112
-0.102
-0.219
-0.272
-0.274
1.364
-0.937
-0.630
-0.147
0.827
-0.138
-0.467
0.084
0.704
-1.003
0.084
0.896
0.084
0.084
0.119
0.084
0.084
0.084
-0.071
0.230
1.295
0.458
0.361
0.713
1.881
0.145
0.204
1.971
1.638
0.694
3.095
2.737
0.671
0.084
0.084
0.084
2.389
1.088
-0.022
-0.041
0.002
0.459
0.969
0.397
0.538
3.812
-0.037
0.214
-0.118
0.801
2.379
0.705
0.569
1.390
0.599
0.106
2.138
-0.243
0.666
0.667
0.084
0.097
-0.701
0.296
-0.022
-0.075
1.030
-0.366
-0.049
0.978
-0.008
0.203
0.201
-0.074
0.145
0.424
0.351
-0.264
0.441
0.353
0.362
2.736
2.138
0.655
0.359
0.415
0.085
0.084
0.100
0.891
-0.161
-0.602
-0.336
2.410
2.045
1.310
2.208
0.024
1.459
1.708
1.287
1.358
1.269
1.894
1.180
1.049
2.221
2.035
1.074
2.910
-0.089
-1.351
1.361
-0.358
0.673
0.387
1.126
0.928
0.177
3.106
-0.124
0.762
0.549
0.577
1.508
0.084
1.341
0.531
0.193
1.277
0.439
2.023
0.185
0.612
1.478
1.175
0.283
2.054
0.566
-0.334
0.238
-0.651
0.608
-0.035
0.922
-0.369
0.908
-0.141
-0.818
1.224
0.084
1.657
0.108
0.089
0.154
0.064
0.583
1.213
1.259
1.238
0.017
0.084
-0.158
-0.015
0.728
1.910
-0.206
0.090
-0.344
-0.085
0.123
0.014
0.228
2.548
0.229
0.303
1.316
1.675
1.876
0.322
0.558
-0.755
-3.453
-0.340
0.084
-0.892
-1.830
0.798
0.091
1.246
2.473
1.793
-0.023
-0.557
0.087
0.423
0.218
0.514
0.440
0.507
-0.030
0.574
0.160
-0.143
1.715
1.798
0.437
0.315
0.711
0.332
1.611
0.359
0.083
0.052
-0.083
0.772
1.257
-1.181
0.424
0.634
-0.196
1.146
-0.208
-0.272
2.790
1.732
1.027
1.489
1.792
0.751
0.259
2.009
2.308
1.642
0.389
0.165
-0.108
1.281
0.915
1.048
1.053
0.821
-0.010
0.819
-0.104
2.718
1.497
1.666
1.211
0.958
-0.253
0.084
0.181
0.948
1.728
0.266
-0.702
-2.184
1.965
1.020
0.976
0.116
0.260
1.146
-0.423
-0.176
0.029
-0.270
0.735
0.659
0.918
0.830
1.205
0.620
2.230
1.059
-0.721
0.476
0.372
0.359
0.380
0.319
0.466
1.451
-0.590
0.227
0.025
0.592
-0.164
0.335
0.255
0.406
0.979
0.322
1.208
0.849
0.754
0.297
0.373
0.552
0.940
0.390
0.510
-0.124
-0.876
0.325
-0.030
-0.089
2.061
0.665
1.988
0.950
-0.781
-0.323
-1.373
-0.584
-0.283
-0.169
-0.354
-0.565
-0.963
-0.935
0.082
0.084
0.084
0.084
-0.958
-0.262
0.518
0.904
-0.610
1.924
-0.748
-0.430
1.644
-0.652
0.303
1.392
0.379
1.727
0.239
0.501
0.248
0.129
0.875
0.688
-0.562
0.276
2.257
0.688
2.530
1.526
0.191
0.285
1.847
2.415
-0.326
-0.109
0.045
-0.210
0.036
1.042
0.151
1.508
0.880
2.681
1.479
0.670
0.094
0.318
0.646
0.404
0.278
1.227
2.709
1.242
1.674
-0.214
0.019
0.108
-0.124
0.175
0.131
-0.493
0.561
0.579
0.164
0.120
0.084
0.022
0.253
0.926
-0.114
0.620
0.467
1.213
1.452
0.181
0.074
-0.351
-0.143
0.844
0.784
0.253
0.084
0.367
0.167
-0.032
0.761
1.174
0.418
1.048
0.829
1.052
0.910
3.208
1.244
1.494
0.160
0.950
0.146
0.748
0.834
0.688
0.230
0.143
0.712
0.084
0.451
0.186
0.163
0.234
0.114
-0.133
0.004
0.775
0.428
-0.171
0.696
0.769
-0.142
0.081
0.873
-0.442
3.012
1.724
1.233
1.314
3.353
0.740
-0.292
0.765
-0.004
0.102
-0.299
0.114
-0.273
-0.469
0.462
-0.359
-0.290
-0.021
-0.170
2.455
1.803
0.077
-0.124
-0.112
0.457
0.283
0.543
0.519
0.446
0.719
-0.146
0.821
0.819
0.372
1.880
0.951
0.719
1.269
0.923
0.430
1.503
0.994
1.503
1.311
1.020
3.170
1.294
0.490
1.086
0.584
-0.317
0.820
0.662
-0.862
-0.185
0.669
0.089
1.751
-0.142
-0.380
0.484
0.344
-1.014
0.502
-0.819
-0.238
-0.282
1.952
1.026
1.905
-0.057
-0.090
0.521
0.393
-0.106
-0.239
-0.264
-1.140
0.877
0.341
0.642
0.270
0.727
0.331
-0.079
-0.142
-0.813
1.604
-0.837
1.097
-0.091
