0.027
-0.057
0.098
0.104
-0.015
0.544
-0.045
0.118
-0.493
-0.092
-0.123
-0.299
-0.098
0.069
0.103
0.104
0.307
0.102
-0.015
0.127
-0.567
0.460
1.032
0.063
0.000
0.145
-0.134
-0.315
-0.229
-0.029
0.087
-0.094
-0.126
0.110
0.065
-3.012
-2.403
-1.883
-0.318
-1.209
-1.629
-2.883
0.094
0.269
0.023
0.180
-0.178
-0.238
-1.092
-1.451
-1.761
-2.060
-2.176
-2.490
-2.400
-1.024
-1.170
0.156
-0.603
-2.696
-0.724
-1.787
-1.514
-1.820
-0.802
-2.735
-1.446
-0.216
-0.028
0.179
-0.670
0.050
0.369
-0.651
-0.679
-0.104
0.065
0.451
-3.588
0.192
0.309
-0.159
-0.944
-0.340
0.333
0.100
-1.366
-2.431
-0.437
0.396
0.388
-0.015
-0.102
-0.464
-0.081
0.065
0.065
-0.048
-1.235
-0.158
0.256
-0.265
0.044
-0.352
-0.171
0.243
0.016
0.097
0.147
0.338
0.099
0.153
0.194
0.098
0.180
0.156
0.127
0.087
0.098
0.033
0.058
0.090
0.038
0.277
0.320
-2.045
0.581
0.579
0.362
-0.720
0.125
0.143
-0.038
0.024
0.065
-0.900
0.015
0.054
0.065
-0.120
0.065
0.065
0.065
0.056
-0.017
0.003
-0.211
-0.802
-1.316
-0.535
0.018
0.174
-0.513
-2.179
-0.541
-2.137
-2.167
-0.111
-0.416
-0.111
-0.121
-1.590
-0.424
0.065
0.340
0.105
-0.710
-0.209
-0.084
-0.159
-1.445
0.173
0.065
0.403
-0.407
-0.512
0.061
-0.372
-0.390
-0.005
0.065
-1.166
0.101
-1.200
-0.586
-0.063
0.028
0.522
0.172
0.138
0.130
-0.030
0.227
-0.065
0.065
0.425
-0.508
-0.506
-0.200
0.080
-0.304
0.050
0.292
0.168
0.029
-0.013
-3.517
-1.475
-0.629
-0.021
0.036
0.314
0.742
0.110
0.057
2.674
0.544
0.101
-3.112
-1.503
-0.988
-3.340
-0.387
-1.803
-1.352
-0.214
-0.639
-0.960
-1.258
-1.105
-0.622
-1.513
-0.973
-0.612
-3.914
0.105
0.825
0.012
-0.024
-0.670
-0.139
-0.520
-0.024
0.307
-1.793
-0.069
-0.276
0.264
-1.560
-0.949
0.394
-0.953
-0.114
0.252
-1.197
-0.195
-1.410
0.322
-0.309
-1.125
-0.801
-0.328
-0.352
-0.358
0.576
0.216
0.265
-0.032
0.017
-0.324
0.151
-0.158
0.116
0.464
-0.318
-0.400
-0.346
-0.205
-0.209
0.129
0.150
-0.603
-0.410
-0.953
-1.227
0.040
0.065
0.049
0.065
-0.036
-2.440
0.065
0.127
0.233
0.109
0.307
-0.052
-0.133
-3.727
-0.684
0.391
-0.265
-0.992
0.216
0.136
-0.290
0.136
0.517
0.057
0.672
0.175
0.333
-0.229
0.299
0.495
-2.053
-0.598
0.142
0.135
0.134
0.115
-0.119
-0.132
0.056
-0.272
0.243
-0.746
-0.013
0.177
-2.322
-2.328
-0.178
0.064
-0.211
-0.062
-1.063
-0.197
-0.282
0.112
0.218
-0.551
-3.203
0.852
-0.682
-0.259
0.237
-0.108
0.405
0.130
-3.406
-1.059
-0.821
-1.358
-1.305
-0.312
-0.063
-1.121
-1.908
-0.771
-1.158
-0.490
0.079
-0.084
-0.700
-0.935
0.165
-1.679
-0.103
-2.318
-0.232
-1.210
-1.331
-0.508
-0.046
-0.881
0.040
0.065
0.065
0.172
0.148
0.212
0.262
0.930
-0.035
-0.163
-0.147
0.362
0.185
-1.039
-0.724
0.341
0.295
0.011
0.018
-0.360
-0.178
-0.105
-0.489
0.118
-1.501
-1.953
0.065
-0.942
-1.851
-0.571
0.967
-0.958
-0.946
-2.032
0.345
-0.007
0.017
-0.333
0.013
-0.314
-0.000
-0.200
-0.688
0.102
-0.864
-0.331
-0.196
0.015
-0.896
0.065
-0.549
0.296
-0.146
0.201
1.142
-0.048
0.976
0.123
-0.081
0.634
-1.911
-0.912
0.065
0.087
0.693
0.443
0.157
0.098
0.098
0.312
0.976
0.770
0.763
0.937
1.084
0.049
0.375
0.280
0.214
-0.056
0.249
-1.366
0.474
0.278
-1.284
0.456
0.024
-0.237
0.126
-0.209
0.255
-0.086
0.063
0.075
-0.354
-0.921
0.102
-0.103
-1.928
-1.229
-3.124
0.045
0.065
0.008
-1.757
-2.722
0.059
0.030
-0.447
0.135
0.287
-0.775
-0.317
-1.096
-0.496
-4.446
-1.368
-0.274
-0.105
-0.012
-0.078
0.135
-0.347
-0.843
-1.640
-1.301
-1.927
0.224
0.102
0.028
0.055
-0.066
-0.091
0.366
-0.413
-0.053
-0.118
0.051
0.048
-0.260
-0.229
-0.030
0.004
-0.218
-0.089
-2.385
-2.301
0.089
0.183
0.627
0.292
-0.289
-0.665
-0.142
-0.060
-0.038
0.125
0.154
-0.060
-0.760
-0.164
-0.890
-0.125
0.052
-1.111
-2.531
-1.049
-0.465
0.360
-0.423
-0.034
-1.233
0.055
0.010
-0.039
0.021
-0.651
0.064
-0.430
-0.011
-0.021
0.480
-0.130
0.110
0.177
-0.338
-0.177
-0.104
-0.516
-0.107
0.050
0.065
-0.307
0.299
-3.408
-1.006
-0.993
-0.356
-0.306
-0.156
0.011
-0.629
0.182
0.280
0.382
0.105
0.301
0.617
-0.029
0.200
0.169
0.190
0.182
-2.489
-0.717
0.035
0.028
0.311
-0.043
-0.106
-0.321
-0.164
-0.273
-0.156
0.086
-1.014
-0.476
-0.113
-1.378
-0.488
-0.305
-1.006
0.003
1.267
-1.524
-0.525
-0.918
-0.977
-0.684
-3.047
-0.814
0.135
0.137
-0.812
0.297
0.164
0.116
0.403
0.604
-0.461
-1.476
-1.472
0.407
0.382
-1.195
-0.342
0.584
-0.209
0.190
0.385
0.359
0.109
0.660
-0.442
0.270
0.685
-0.470
-0.208
0.097
0.168
0.097
1.019
-0.292
-0.322
-0.416
-0.937
-0.193
-0.227
0.038
0.232
0.239
-3.246
0.205
-0.272
0.147
