0.040
-0.239
0.149
0.211
0.023
0.124
-0.159
-0.029
-0.046
0.162
-0.043
-0.045
0.807
0.221
-0.130
-0.063
-0.083
-0.408
-0.106
0.040
0.235
-1.100
0.277
0.297
-0.013
-0.330
-0.053
0.002
1.008
-0.031
-0.065
0.296
0.308
-0.145
-0.286
2.625
2.278
3.291
0.965
1.113
1.175
4.395
-0.050
-0.683
0.086
-0.403
1.050
0.602
3.500
1.563
2.277
1.281
2.624
3.570
2.332
1.950
0.757
-0.067
0.257
2.164
1.460
1.287
2.055
1.928
1.409
1.305
1.477
0.446
-0.073
0.232
0.845
-1.047
-0.251
-0.103
0.963
1.789
1.925
-1.600
3.592
-0.053
-1.270
0.613
0.784
0.408
-0.665
-0.344
0.167
2.388
0.168
0.415
-0.619
0.215
0.067
0.003
0.149
-0.241
-0.206
-0.043
1.615
0.420
-0.621
-0.015
0.550
0.065
0.101
0.034
0.212
-0.061
-0.161
-0.899
0.247
-0.269
-0.161
-0.249
-0.328
-0.157
-0.128
-0.074
-0.164
-0.308
0.015
0.011
-0.225
-0.164
-0.850
0.958
-0.402
-0.711
-0.091
0.733
-0.089
-0.210
-0.214
-0.625
-0.392
1.667
-0.238
-0.524
-1.362
0.094
-0.092
-1.235
-1.481
-0.148
-0.055
0.139
0.167
0.081
1.426
1.468
-0.008
0.192
1.476
1.697
0.807
2.910
1.997
3.729
3.696
-0.317
0.970
2.541
2.273
0.241
-0.317
0.004
0.762
0.231
-0.053
-0.071
1.034
-0.113
-0.812
-0.875
0.609
2.068
1.491
0.680
1.016
0.002
-0.164
2.244
-0.100
0.823
1.163
0.286
0.400
-0.097
0.340
-0.100
-0.082
0.206
-0.333
0.663
2.554
-0.976
0.561
0.599
0.045
0.203
0.338
-0.072
-0.198
-0.088
0.033
0.077
4.928
2.451
0.966
-0.337
-0.766
-0.053
-1.608
0.323
-0.114
-1.790
-0.684
-0.022
2.638
1.529
1.226
2.529
-0.053
1.257
1.016
0.562
1.341
0.583
1.873
0.723
0.055
3.379
2.193
0.859
2.411
-0.413
-1.396
0.906
0.195
0.602
0.430
0.509
0.241
0.193
2.507
0.067
0.920
-0.059
1.063
1.101
-0.523
0.676
0.053
0.400
0.940
0.355
1.549
0.114
0.638
1.605
1.095
0.679
0.800
-0.076
-1.167
-0.947
-0.283
0.646
-0.130
0.355
-0.095
-0.031
0.102
-0.080
1.617
-0.020
1.838
0.279
-0.174
1.521
-0.771
-0.074
0.599
0.032
1.153
0.283
-0.427
0.195
0.010
0.096
1.855
-0.097
0.380
-0.126
0.061
0.050
-0.180
0.080
4.983
-0.602
0.103
0.626
-0.439
1.204
0.688
1.342
-0.449
-0.964
-1.070
0.009
0.311
-0.339
0.541
-0.485
0.269
1.523
1.278
1.218
0.711
-0.109
0.007
0.028
0.157
0.115
0.928
0.305
0.285
-0.114
-0.047
-0.320
0.008
0.413
0.407
0.868
0.205
1.610
0.491
0.370
-0.046
-0.369
0.105
0.867
-0.789
0.307
0.337
-0.097
0.006
-0.236
-0.112
3.892
2.503
0.786
1.651
1.489
0.471
-0.010
1.394
1.405
0.971
-0.499
1.625
0.077
0.142
0.728
0.241
1.403
0.329
0.138
0.997
-0.061
0.226
1.049
0.968
0.458
2.033
1.577
0.106
0.411
-0.398
-0.836
-0.321
-0.734
-1.277
0.540
0.439
-0.088
0.045
0.371
-0.046
-0.053
-0.099
0.547
-0.139
0.610
-0.421
0.517
-0.153
1.745
0.130
1.153
2.982
2.769
1.448
1.755
3.850
0.569
0.789
3.147
2.716
0.240
-0.059
-0.431
-0.012
0.444
-0.014
-0.053
0.216
0.333
0.044
0.575
0.750
0.758
-0.126
0.580
-0.205
0.080
-0.036
0.094
-0.319
-0.716
-0.027
-0.385
-0.383
0.080
-0.132
1.151
1.006
-0.076
-0.214
-1.013
-0.885
-0.072
-0.205
-0.285
0.268
-1.272
-1.132
-0.511
-1.478
-0.964
0.007
-0.603
-0.285
-0.025
1.030
-0.297
-0.360
-0.615
-0.039
2.023
-0.334
0.185
-0.338
0.055
-0.023
-0.559
0.604
1.386
-0.155
0.024
0.536
0.356
-0.014
1.771
0.190
1.801
1.718
0.773
-0.169
0.996
1.430
-0.002
-0.053
0.633
0.053
0.242
1.342
0.686
2.144
0.921
3.482
2.217
0.332
0.117
-0.273
0.427
-0.085
0.383
0.037
2.558
1.189
1.236
-0.088
-0.086
-0.041
-0.055
-0.096
-0.038
-0.593
0.117
-0.294
0.502
0.095
0.088
0.194
-0.036
0.058
-0.295
0.653
0.199
0.700
1.240
0.557
0.216
-0.849
-0.078
0.984
1.384
-0.108
-2.561
-0.120
-0.094
-0.004
-0.101
2.010
0.922
0.601
0.215
0.363
1.287
4.947
1.686
0.824
-0.432
0.657
0.279
0.068
0.563
-0.043
-1.537
0.196
0.226
0.306
0.355
0.515
0.201
0.187
-0.008
-0.155
0.095
0.328
0.094
0.093
0.030
0.453
-0.075
-0.090
0.575
-0.159
4.314
0.525
0.615
0.165
-1.421
-0.174
-0.190
0.845
-0.073
0.057
0.074
-0.019
0.027
-0.281
0.060
-0.316
-0.540
0.002
-0.224
1.028
1.270
-0.842
-0.013
-0.072
-0.219
-0.154
-0.083
-0.721
-0.396
0.289
-0.054
0.690
0.360
-0.017
1.669
0.882
0.325
0.428
0.480
0.079
1.222
-0.053
0.652
0.332
1.104
2.138
1.406
0.403
4.123
0.165
-0.274
-0.499
0.144
-0.087
-0.042
0.450
0.022
0.284
-0.974
1.359
1.402
-0.254
-0.535
0.129
-0.769
-1.360
-0.712
1.582
-0.907
0.990
-0.333
-0.347
1.249
0.242
-0.002
-0.026
0.075
-0.783
1.850
0.124
1.078
1.091
0.571
0.003
-0.012
-0.122
-0.480
3.590
0.290
0.720
-0.053
