-0.359
-0.202
-0.364
0.063
-0.291
-0.175
-0.147
-0.003
-0.465
-0.104
-0.158
-0.448
0.015
0.033
0.806
-0.076
0.347
-0.077
0.294
0.435
-0.261
1.902
0.548
-0.193
-0.318
-0.125
-0.226
-0.163
-0.563
-0.158
-0.022
-0.549
0.660
-0.148
0.541
-3.864
-1.575
-2.772
-0.606
-1.790
-1.965
-3.357
-0.095
0.584
-0.075
0.176
-0.085
0.061
-1.709
-1.593
-2.368
-1.580
-2.225
-2.957
-2.408
-2.425
-1.188
0.167
-0.744
-1.971
-1.255
-1.153
-2.680
-2.542
-1.064
-4.648
-0.908
-0.408
-0.043
0.033
-0.213
-0.070
0.257
-0.206
0.087
-0.114
0.033
0.188
-4.351
0.100
0.611
-1.231
0.027
-0.554
0.164
-0.063
-1.209
-2.780
-0.917
-0.756
0.318
-0.809
-0.510
-0.684
-0.407
-0.378
-0.135
-0.167
-1.832
-1.588
-0.220
-0.357
-1.221
-1.241
-0.220
0.562
-0.028
0.224
-0.048
-0.196
-0.025
-0.117
-0.140
-0.107
0.100
-0.185
-0.165
-0.497
-0.132
-0.122
-0.158
-0.089
-0.124
-0.100
-0.213
-0.706
0.084
0.582
0.163
-0.714
-0.093
0.119
-1.266
0.033
0.127
-1.582
0.006
-0.225
-0.332
-0.082
-3.543
-3.082
-0.196
-0.223
-0.118
0.033
0.033
-0.124
-0.700
-1.959
-0.934
0.011
-1.144
-2.138
-1.749
-2.990
-3.042
-1.411
-0.094
0.033
0.033
-2.355
-1.482
0.033
0.071
-0.017
-0.933
-1.590
-0.166
-0.170
-1.744
0.160
-0.551
0.315
-1.809
-2.468
-7.095
-0.331
-0.752
-0.131
0.690
-2.315
-0.064
-0.730
-1.202
0.033
-0.024
0.552
-1.103
-0.063
0.029
-0.335
0.105
0.033
0.033
0.033
-0.621
-0.443
-0.933
-0.084
-1.323
0.156
0.077
0.011
-0.361
0.033
-2.589
-2.936
-0.923
0.016
-0.164
0.062
2.192
-0.267
-0.167
0.175
0.246
0.316
-4.191
-2.677
-1.809
-2.904
-0.774
-1.397
-1.906
-0.604
-0.200
-0.833
-1.875
-0.305
-0.149
-2.398
-1.952
-1.890
-5.161
-0.131
0.081
-4.308
0.089
-0.610
-0.682
-1.995
-0.330
0.063
-1.387
-0.176
-0.051
0.033
-1.723
-1.832
0.683
-0.811
-0.135
0.008
-1.333
-0.645
-3.069
0.055
-0.167
-1.228
-0.986
-0.159
-2.357
-0.609
1.685
-0.156
0.064
0.621
0.067
-0.645
0.080
0.033
-0.182
0.033
-0.385
0.033
-0.600
-0.338
-0.695
0.038
-0.525
-0.429
-1.316
-2.483
-1.451
-0.201
-0.393
-0.188
0.004
-0.386
0.033
0.411
0.043
0.379
-0.503
-1.767
-0.009
0.353
-3.190
0.281
0.494
-0.468
0.033
-1.306
-0.198
-0.022
1.084
2.143
1.954
0.037
-0.084
1.102
-0.297
0.082
-0.362
-3.569
-0.014
0.143
-0.159
0.012
-0.367
-0.184
-0.204
-0.319
-0.105
-0.165
-0.439
-0.263
-0.086
-2.131
-2.640
-0.127
-0.284
-1.017
-0.387
-1.199
-0.559
0.117
-0.087
0.377
-0.573
-1.506
0.901
-0.438
-0.554
0.341
-0.740
0.687
0.325
-3.582
-1.175
-0.821
-1.544
-1.286
-0.491
-0.557
-1.850
-3.288
-1.550
-1.087
-1.336
-0.088
-0.611
-0.333
-0.060
-0.775
-3.005
-0.168
-2.246
0.707
-1.523
-0.506
-1.371
-0.257
-0.477
-0.208
-0.125
-0.113
-0.007
-0.807
0.181
0.119
2.005
-0.999
-1.089
-1.164
-0.137
-0.090
-1.720
0.258
0.215
-0.071
0.005
-0.123
-0.691
0.024
0.033
0.033
-0.533
-1.647
-1.926
0.477
0.033
-0.943
0.033
1.108
0.234
-2.474
-3.736
0.129
-0.092
-0.045
-0.090
-0.412
-0.031
0.286
-0.111
-0.972
0.033
-1.220
-0.307
-0.750
-0.101
-0.948
0.033
-0.091
-0.276
-0.249
0.346
1.125
-0.070
0.598
0.151
-0.358
0.602
-2.265
-1.760
0.144
-0.155
1.701
0.791
0.295
0.492
0.559
-0.020
1.058
2.359
1.558
0.333
0.033
0.033
0.128
0.475
0.013
-0.237
0.471
-1.987
0.781
0.411
-1.919
0.208
0.534
-2.102
-0.855
-0.058
-0.759
-0.266
-0.480
-0.089
-0.121
-1.845
0.026
0.033
-1.868
0.073
-3.633
-1.764
-0.602
-0.811
-1.563
-4.317
-0.144
0.195
-0.356
-0.584
-0.743
-1.719
-1.013
-1.822
-0.954
-2.390
-1.484
-0.435
-0.131
-0.682
-0.623
-0.098
-0.427
-0.781
-2.896
-0.961
-1.348
-0.057
-0.152
0.055
0.315
-0.257
-0.404
0.312
-0.837
-0.444
-0.291
-0.465
-0.033
-0.235
-0.272
-0.409
0.033
-0.482
-0.435
-2.133
-1.965
-0.994
-0.475
0.433
0.198
0.033
0.029
-0.124
-0.447
-0.498
-0.394
-0.295
-0.106
-0.792
-0.374
-1.066
-1.314
-0.735
-1.415
-2.776
-1.361
-1.517
0.155
-1.326
-0.203
-1.094
-0.242
-0.137
-0.367
-0.180
-1.058
-0.842
-0.642
-0.496
-0.157
0.289
-0.422
-0.071
-0.247
-1.002
-0.254
-0.068
-0.640
-0.948
-0.441
0.618
-0.970
0.388
-5.270
-1.147
-0.979
-0.142
-0.570
-1.425
0.098
-0.294
0.019
0.033
0.122
-0.249
0.127
0.033
-0.326
0.385
0.092
-0.179
-0.094
-2.109
-1.765
-0.073
0.085
-0.170
-0.490
-0.104
-0.238
-0.691
-0.437
-0.120
-0.049
-0.709
-0.735
-0.391
-1.729
-0.978
-0.133
-1.581
-0.643
-0.884
-0.958
-0.574
-1.056
-0.948
-0.724
-4.389
-0.827
-0.257
-0.214
-0.708
0.620
0.197
-0.417
1.006
-0.239
-1.220
-0.225
-0.863
0.218
0.033
-1.287
-0.692
1.218
-0.379
0.647
1.449
-0.327
-1.275
0.033
0.131
0.066
0.423
-0.741
-1.273
-0.061
-0.122
0.389
1.232
-0.565
-0.158
-1.058
-0.927
-0.251
-0.210
0.129
-0.285
1.049
-0.685
0.629
0.033
0.033
