-0.398
-0.245
0.012
-0.316
-0.068
-0.242
-0.173
-0.273
-0.526
-0.243
-0.488
-0.439
-0.388
-0.292
0.725
0.220
0.222
0.194
0.081
0.072
-0.457
1.575
0.447
0.031
0.320
-0.003
-0.096
-0.219
-0.482
0.104
0.067
0.033
0.866
0.127
0.505
-2.862
-2.014
-2.733
-0.911
-2.194
-3.100
-3.451
0.104
0.136
-0.190
0.155
-0.073
-0.192
-2.380
-1.542
-2.995
-1.875
-2.695
-3.033
-2.401
-1.697
-1.118
0.093
-0.633
-3.580
-2.045
-1.413
-1.894
-2.414
-1.758
-2.621
-2.561
-1.113
-0.074
-0.809
-1.595
0.455
0.287
-0.246
-1.323
-2.474
-0.971
1.235
-3.508
0.343
1.120
-1.438
-1.161
-0.100
0.404
-0.232
-1.373
-3.483
-0.229
-0.232
0.069
-0.600
-0.323
-0.863
0.033
0.151
0.054
0.068
-1.932
-0.535
0.139
0.181
-0.037
-0.165
-0.337
0.103
0.108
0.102
0.119
0.143
0.004
0.108
0.217
0.127
0.140
0.178
0.109
0.200
0.119
0.268
0.114
0.114
0.146
0.247
0.133
-1.511
0.420
0.879
0.366
-0.071
-0.127
-0.126
-1.352
-2.015
1.223
-0.400
0.455
-0.813
0.417
-0.393
-1.259
1.274
1.932
-0.244
-0.382
-0.273
-0.079
-0.775
-1.040
-3.092
-0.158
-0.048
-1.522
-2.327
-2.991
-3.885
-3.141
-4.015
-2.341
-0.110
-0.571
-2.246
-2.597
-1.102
0.317
-0.216
-0.858
-0.854
-0.260
-0.156
-1.170
0.437
-0.098
0.502
-1.439
-2.391
-2.525
-0.680
-1.507
-1.148
0.543
-2.324
0.258
-0.506
-0.572
-2.351
-0.848
0.349
0.138
0.192
0.044
-0.908
-0.262
-2.589
-1.913
0.548
-0.690
-1.028
-0.079
-0.158
0.093
-0.170
-0.006
0.090
0.143
-0.125
-3.241
-2.219
-0.820
0.315
-0.892
0.088
0.949
-0.202
-0.460
0.026
1.078
0.368
-2.528
-3.249
-1.293
-2.590
-0.759
-1.531
-2.020
-1.468
-1.400
-1.537
-2.056
-2.011
-1.252
-2.403
-1.505
-1.195
-3.507
0.349
1.742
-1.012
-0.142
-0.865
-0.466
-0.695
0.035
-0.037
-3.561
-0.201
-1.043
0.126
-1.000
-1.688
0.259
-0.641
-0.235
-0.250
-0.983
-0.473
-1.715
-0.193
-0.846
-1.290
-1.115
-0.551
-0.555
-0.415
1.165
-0.060
0.503
-0.664
0.100
-0.843
0.481
-1.010
0.185
-0.147
-0.956
0.093
-0.462
-0.300
-0.337
-0.248
0.472
-0.716
-1.209
-0.882
-0.487
0.137
-0.727
-0.518
0.093
0.013
-2.332
0.190
0.126
0.149
0.070
-0.079
0.075
0.221
-1.995
0.574
0.570
-0.907
-0.818
-1.308
0.239
0.426
0.808
2.246
1.127
0.790
-0.502
1.596
-0.530
0.439
-0.845
-3.382
-1.805
-0.173
0.008
-0.072
0.123
0.251
-0.301
-0.230
-0.630
0.170
-0.885
0.070
-0.089
-1.951
-1.083
-0.532
-0.765
-0.860
-0.237
-1.628
-0.555
-0.333
0.072
0.104
-0.358
-1.397
0.756
-0.411
-0.294
0.074
-0.286
0.431
0.140
-3.874
-2.317
-1.409
-1.614
-1.398
-1.047
-0.097
-2.078
-2.508
-1.528
-0.543
-0.588
-0.023
-0.307
-1.097
-1.246
-0.793
0.341
-0.078
-2.631
0.166
-0.632
-0.442
-2.063
-0.593
-2.104
-0.593
-0.091
0.549
-0.069
-0.057
0.494
0.596
1.819
-0.007
0.403
-0.321
-0.113
-0.813
-1.113
-0.067
0.463
0.010
0.195
0.352
0.087
-1.197
-0.113
-0.896
0.443
-2.436
-0.831
-0.716
-0.372
-0.506
-1.592
-0.727
0.092
-2.666
-2.482
0.123
-1.105
0.143
-0.236
0.205
-0.124
0.322
-0.300
-1.160
-0.276
-1.502
-0.322
-0.530
-0.247
-0.109
-0.499
-1.383
-0.346
0.016
0.136
0.464
-0.089
0.325
0.412
-0.528
1.281
-2.459
-1.047
-0.597
0.336
1.152
0.423
0.221
0.307
0.503
-0.207
0.877
0.779
1.831
0.726
0.609
-0.062
0.614
0.379
0.031
-0.022
0.629
-2.183
0.607
0.189
-1.077
1.017
-1.141
-2.195
0.713
-2.769
0.083
-0.092
-0.000
-0.092
-0.398
-1.194
0.339
-0.372
-1.475
0.023
-2.496
-1.099
-0.555
0.017
-0.834
-2.068
-0.001
0.205
-0.617
-0.066
-0.125
-2.237
-0.756
-1.094
-0.682
-2.514
-1.403
-0.555
-0.946
-0.045
-0.886
-0.531
-0.258
-0.335
-2.520
-1.255
-1.502
-0.128
0.052
0.303
-0.224
-0.037
-0.051
0.751
-0.198
-0.398
-0.163
-0.268
-0.426
-0.011
-0.040
-0.146
-0.277
-0.308
-0.597
-1.427
-1.468
-0.751
0.140
0.447
0.074
-0.500
-1.054
-0.079
-0.884
0.125
0.106
0.216
-0.450
-1.511
-0.406
-1.077
-0.674
-0.727
-1.598
-4.546
-1.030
-1.144
0.301
-0.682
-0.643
-1.024
-0.147
-0.262
0.727
-0.088
-0.986
-0.859
-0.294
-0.580
-0.062
-0.122
-0.356
0.115
0.184
-0.740
-0.309
0.032
-1.035
-0.291
0.021
0.559
-0.578
0.091
-2.879
-1.760
-0.915
0.097
-0.301
-1.019
-0.153
-0.747
0.057
-0.008
0.062
-0.145
-0.152
0.725
-0.331
-0.045
-0.131
-0.219
-0.218
-2.790
-1.722
0.124
-0.016
-0.225
-0.133
0.037
-0.028
-0.059
0.049
-0.419
0.010
-0.931
-0.997
-0.278
-2.234
-0.944
-0.482
-0.994
-1.640
-0.184
-1.543
-0.493
-1.120
-1.393
-1.013
-2.976
-1.368
0.238
-1.299
-1.006
0.142
0.171
-0.483
0.774
0.114
-0.015
-0.231
-1.308
0.063
-1.200
-1.547
-0.805
1.193
-0.434
0.415
0.648
0.543
-1.124
0.504
-0.682
0.433
0.869
-0.843
-0.447
0.158
0.444
0.247
1.002
-0.732
0.143
-0.776
-0.738
-0.256
-0.021
-0.124
0.895
1.129
-1.341
0.630
-0.740
0.057
