0.612
0.137
0.014
0.383
0.012
0.682
0.268
-0.059
0.154
-0.059
1.248
1.248
0.203
1.147
-0.606
-0.177
-0.243
-0.163
-0.162
-0.376
0.400
-0.934
-0.706
-0.078
-0.125
-0.826
0.128
0.204
0.020
-0.035
0.021
-0.080
-0.363
-0.035
0.315
3.217
3.939
3.326
0.402
4.575
1.130
4.720
-0.059
-0.052
0.790
0.031
0.410
0.157
2.826
1.491
2.726
1.944
3.813
3.748
3.374
2.272
1.582
0.171
0.974
2.626
1.314
1.571
2.591
1.371
1.864
3.614
4.228
0.473
-0.065
0.541
2.310
-0.231
-0.086
0.020
1.977
1.274
0.609
-1.382
5.925
0.012
-1.297
0.739
1.563
0.340
-0.379
-0.280
2.226
2.907
0.238
0.008
-1.016
-0.086
-0.018
-0.015
-0.059
-0.059
-0.131
-0.031
1.667
0.572
0.220
-0.009
0.128
0.639
0.083
-0.646
-0.108
-0.134
-0.148
-0.083
0.236
0.003
-0.317
-0.096
-0.086
-0.072
-0.119
-0.195
-0.070
-0.124
-0.116
-0.117
-0.125
-0.296
-0.124
1.388
-0.081
-0.905
-0.233
0.077
-0.095
-0.456
-0.059
1.351
-0.308
-0.232
-0.587
-0.059
-1.002
0.038
0.862
-1.637
-0.636
0.140
-0.323
0.345
-0.060
0.160
0.502
2.766
0.456
-0.059
0.793
1.244
1.039
4.784
4.241
4.102
1.804
-0.088
-0.053
2.952
1.201
0.484
-0.086
-0.117
1.882
0.748
0.237
1.868
1.392
-0.324
0.084
0.002
0.881
1.618
2.000
0.126
1.675
0.248
-0.120
2.051
-0.103
0.576
2.176
0.393
0.261
-0.054
-0.059
0.449
-0.133
1.590
0.209
2.863
3.331
-1.527
1.153
0.220
-0.038
0.277
-0.033
-0.031
-0.309
-0.007
-0.051
-0.043
2.346
2.543
1.316
0.245
-0.725
-0.046
-1.913
0.290
-0.044
-1.208
-0.544
0.025
4.046
2.731
1.825
3.304
0.079
0.325
1.358
0.283
2.088
1.617
1.857
1.241
0.311
2.535
2.492
1.616
4.923
0.044
-1.179
-1.033
0.270
0.517
0.020
0.769
-0.042
-0.129
3.770
-0.136
0.507
0.980
1.709
0.500
-0.384
0.905
0.526
0.199
1.436
1.455
2.066
0.192
1.126
1.568
1.365
-0.030
0.999
1.281
-0.734
-0.059
-0.233
-0.022
-0.169
0.756
-0.096
0.327
-0.040
0.079
0.592
0.605
-0.152
0.836
0.412
0.403
-0.906
0.795
1.183
1.494
1.624
0.174
0.143
0.580
-0.297
-0.059
2.110
-0.059
0.050
2.404
-0.200
0.017
0.011
-0.395
3.465
-0.755
0.223
2.024
0.244
1.320
-0.114
0.939
-0.149
-0.651
-0.824
-0.337
0.065
-1.449
0.170
-0.611
1.284
2.195
2.821
0.158
0.606
0.034
0.012
0.001
-0.026
-0.044
0.510
0.009
2.188
-0.102
-0.066
0.749
-0.250
0.035
-0.059
0.978
0.373
0.640
-0.059
0.689
0.471
0.635
1.638
2.071
-1.038
1.486
0.074
-0.182
0.113
-0.078
-0.071
3.306
1.640
1.522
2.695
2.105
-0.034
0.479
2.341
2.845
0.952
2.514
1.489
-0.059
1.155
1.194
1.456
0.360
3.901
-0.009
1.382
-1.033
1.288
2.282
1.104
0.418
0.802
-0.258
0.039
0.004
-0.025
0.551
0.184
-0.997
-2.126
-0.620
-0.281
1.118
0.427
0.702
0.405
0.802
-0.351
-0.393
0.299
-0.047
-0.068
1.484
0.513
1.227
-1.402
2.307
2.057
1.833
0.792
1.813
1.824
1.521
0.413
2.209
2.919
-0.127
0.266
0.115
0.137
0.172
0.446
-0.094
-0.037
0.417
-0.500
0.315
0.621
0.682
-0.510
-0.141
1.504
0.361
0.096
-0.027
-0.036
-1.785
-0.059
-0.041
-1.246
0.090
-0.187
2.539
0.883
-0.046
0.009
-0.743
-0.453
-0.259
-0.171
-0.233
-0.326
-0.559
-0.555
-1.358
-0.852
-0.157
-0.039
-0.774
-0.221
-0.340
0.332
-0.599
1.336
-0.301
-0.059
0.162
-0.434
-0.533
0.898
-1.121
1.908
-0.018
0.005
0.557
-0.059
0.071
0.007
-0.397
-0.007
1.781
-0.195
3.331
0.023
0.894
-0.022
-0.000
0.359
0.339
0.139
-0.124
0.641
-0.059
1.837
0.714
0.835
0.174
2.866
0.777
0.468
-0.047
0.100
0.766
-0.046
0.324
0.076
1.680
0.850
3.319
-0.077
-0.039
0.637
-0.025
-0.016
-0.149
-1.443
0.713
0.581
0.127
-0.116
-0.175
-0.348
0.128
0.406
-0.361
0.066
0.025
0.327
0.675
1.597
-0.330
-0.404
0.352
0.084
0.068
-0.268
-0.059
-0.039
-0.113
-0.026
0.242
2.864
1.048
0.702
1.288
0.187
1.294
3.279
0.489
0.925
0.007
0.322
0.130
0.141
0.101
1.209
0.285
-0.074
0.598
1.492
0.433
1.376
0.073
0.835
-0.050
0.184
-0.150
0.388
0.595
0.086
0.389
0.654
-0.057
-0.187
0.713
-0.031
2.804
1.658
1.436
0.144
0.583
0.527
0.045
0.360
0.018
-0.059
-0.097
-0.087
-0.075
-0.273
0.401
-0.227
-0.007
0.393
-0.036
0.382
0.623
0.176
-0.298
-0.080
-0.059
-0.281
0.076
-0.426
-0.202
0.108
-0.053
1.036
1.497
-0.010
1.835
1.163
0.950
0.549
0.917
-0.018
1.427
-0.050
0.994
0.622
0.712
2.034
1.607
0.085
1.247
2.117
-0.196
0.047
-0.042
-0.756
-0.122
-0.070
-0.039
0.445
-0.648
1.287
0.576
-0.055
-0.631
1.252
-0.529
-0.687
-0.787
0.443
-0.646
2.620
-0.059
-0.568
1.111
0.699
-0.067
-0.041
-0.110
-2.021
1.433
0.169
1.697
2.211
0.256
0.159
-0.244
0.073
-1.781
3.170
0.067
0.292
0.399
