0.051
0.168
0.128
0.069
0.262
0.349
0.260
0.329
0.253
0.140
0.441
0.290
0.283
0.231
-0.198
0.136
0.090
0.070
0.306
0.193
0.320
-1.341
-0.414
0.165
-0.004
-0.088
0.161
-0.051
0.805
0.018
0.276
0.007
-0.204
0.207
-0.123
1.433
1.709
2.254
0.955
1.383
1.846
2.310
-0.138
-0.473
0.113
0.033
0.165
0.055
1.438
0.850
1.967
1.188
1.832
2.569
2.083
1.404
1.368
-0.137
1.008
2.317
1.223
1.459
1.145
1.068
0.775
1.400
1.037
0.427
0.002
0.139
1.064
-0.160
-0.188
0.064
0.811
1.837
0.773
-1.098
2.100
0.070
-0.352
0.736
0.668
0.048
-0.733
-0.028
0.989
2.209
0.945
-0.472
-0.157
0.626
-0.057
0.636
0.467
0.084
0.178
0.021
0.841
0.483
0.351
0.179
0.185
0.553
0.079
-0.248
0.080
0.017
0.036
0.010
0.001
0.141
0.038
0.022
0.037
0.066
0.048
-0.265
0.029
0.117
0.021
0.042
0.054
-0.018
0.029
1.170
-0.215
-1.257
-0.233
0.014
0.185
0.090
-0.306
-0.271
-1.015
0.049
0.131
-0.207
-1.622
0.015
-0.068
-1.625
-1.421
0.261
0.173
0.145
0.272
0.320
1.218
1.775
0.819
0.255
0.341
1.799
1.652
2.313
2.168
2.354
2.064
0.073
0.950
1.843
0.934
0.449
-0.413
0.106
0.676
0.632
0.232
0.223
0.983
-0.214
0.058
-0.053
0.493
0.912
1.084
0.373
0.878
0.683
0.078
0.962
0.015
0.529
0.260
0.183
0.156
-0.546
-0.042
-0.094
-0.056
0.257
0.175
1.758
1.300
-0.736
0.454
0.364
0.114
0.204
0.140
0.209
0.125
0.114
0.149
0.152
2.167
1.475
0.552
-0.167
0.371
0.113
-1.451
0.131
0.217
0.061
-0.028
-0.230
1.983
1.806
1.152
1.773
0.604
1.878
0.928
0.745
0.925
0.895
0.602
0.689
0.395
1.386
1.039
0.475
2.212
-0.240
-1.058
0.511
0.436
0.578
0.006
0.121
0.296
-0.127
1.896
-0.001
0.717
-0.074
0.181
1.299
-0.114
0.961
0.248
0.319
0.854
0.287
1.250
-0.161
-0.560
1.080
0.513
0.044
0.539
0.460
-1.354
-0.414
-0.233
-0.011
0.112
0.852
-0.068
1.075
-0.040
0.032
0.386
0.140
0.312
0.155
0.524
0.058
0.287
0.434
1.083
0.761
0.852
-0.055
0.143
0.090
0.069
0.205
1.823
0.019
0.040
-0.213
0.040
-0.069
-0.114
0.122
1.542
-0.059
-0.250
0.386
0.236
0.337
0.117
0.699
-0.641
-1.627
-1.260
0.436
0.252
-0.643
0.678
-0.176
0.085
1.260
0.287
-0.445
-0.410
-0.073
0.317
0.051
0.140
0.107
0.660
0.041
0.648
0.133
0.067
1.019
1.135
0.832
0.623
0.412
0.288
0.849
0.228
0.388
0.008
0.140
0.493
0.832
-0.732
0.370
0.160
-0.140
0.158
-0.002
-0.236
2.206
1.319
0.978
1.708
1.183
0.822
0.119
0.983
1.516
0.487
0.058
0.189
-0.147
0.334
1.043
1.006
0.586
0.409
0.039
1.890
-0.045
0.734
0.666
0.687
0.379
1.638
0.718
0.216
-0.064
0.037
0.101
-0.053
-0.044
-0.604
0.005
-0.242
0.342
0.111
0.589
0.997
0.962
-0.337
0.390
0.070
-0.080
0.186
0.735
0.134
0.937
0.040
1.438
1.288
1.140
0.997
1.069
0.751
0.976
0.281
1.801
1.410
0.006
0.169
-0.088
0.339
-0.129
0.235
0.045
0.115
0.506
-0.050
0.623
0.407
0.599
0.018
0.719
0.244
1.036
0.256
-0.044
-0.205
-0.927
0.278
-0.168
-0.126
0.294
-0.632
1.167
0.958
0.136
0.049
-1.122
-1.244
0.025
-0.057
-0.122
-0.007
-0.554
-0.258
-0.612
-0.993
-1.576
-0.294
-0.369
-0.211
-0.054
0.140
-0.759
1.056
-0.494
-0.155
0.529
-0.335
0.552
0.877
-0.181
0.381
0.086
0.339
0.146
0.294
0.268
0.564
-0.468
0.427
1.690
0.286
1.370
0.379
0.587
0.500
1.009
1.534
0.023
-0.130
0.526
0.318
0.629
1.268
0.778
0.869
0.372
1.906
0.927
0.369
0.155
0.293
0.786
0.155
0.181
0.391
1.101
0.733
1.257
0.174
0.012
0.054
-0.168
-0.036
0.124
-0.384
0.012
0.053
0.011
0.107
0.334
0.165
0.098
0.118
0.273
0.436
0.243
1.167
1.244
0.367
-0.061
-0.233
0.042
0.234
0.674
0.282
0.138
0.164
0.027
-0.119
0.298
0.551
0.186
0.610
-0.151
0.342
0.901
2.583
0.857
0.756
-0.426
0.406
0.234
0.686
0.304
-0.038
-0.650
0.006
0.682
-0.275
0.341
0.132
0.416
-0.286
0.155
0.021
0.006
0.243
0.234
0.282
0.267
0.161
-0.016
-0.036
0.992
-0.176
1.583
0.641
0.861
0.461
0.543
0.478
0.076
0.261
0.016
0.196
-0.157
0.229
-0.076
-0.241
0.151
-0.076
0.018
-0.022
0.027
1.234
0.765
-0.107
-0.028
0.281
0.029
0.164
0.368
-0.112
0.100
0.347
0.088
0.437
0.327
0.134
1.249
0.564
0.783
0.811
0.267
-0.049
0.929
0.140
0.900
0.543
0.378
1.839
0.413
0.045
0.769
0.278
-0.181
0.132
0.349
-1.157
-0.262
-0.171
0.320
1.417
0.054
0.423
0.715
0.141
-0.690
0.140
-0.445
-0.797
-0.143
0.963
-0.326
0.915
-0.130
-1.015
0.390
0.429
-0.033
-0.245
-0.070
-0.534
0.140
0.254
0.411
0.969
0.030
0.044
-0.132
-0.067
-0.335
1.321
-0.239
-0.506
0.076
