0.356
-0.127
-0.248
0.068
0.118
-0.014
0.278
0.192
0.989
0.492
0.520
0.672
0.167
0.452
1.959
-0.029
-0.294
-0.195
0.336
0.357
1.266
-1.215
-0.093
0.380
-0.096
-0.038
0.288
0.922
0.066
-0.074
0.061
0.015
0.551
0.733
-0.224
3.390
2.340
2.686
1.006
2.327
2.934
4.156
0.034
0.012
0.253
-0.511
0.382
0.586
2.372
1.374
2.503
2.423
2.609
3.600
3.033
1.887
1.547
0.010
0.563
3.561
1.345
1.816
1.933
2.328
1.897
2.320
1.319
0.643
0.125
0.540
1.393
0.079
0.309
0.271
0.012
0.162
0.012
-0.995
3.498
-0.136
0.279
1.320
-0.029
0.335
-0.769
0.275
1.569
2.628
0.416
-0.156
0.012
0.512
0.022
1.025
0.164
-0.105
-0.082
-0.082
1.381
0.665
0.230
0.096
-0.439
0.330
0.135
-0.377
0.036
-1.235
0.036
-0.211
-0.041
0.143
-0.248
0.036
-0.269
-0.011
0.036
-0.164
0.036
0.048
0.109
0.036
-0.236
-0.294
-0.061
1.286
-0.396
-0.363
-0.063
0.012
0.057
-0.295
0.579
0.067
-0.934
0.035
0.841
0.642
-1.245
0.036
0.210
-1.923
-1.175
0.184
0.375
-0.382
0.239
0.148
0.252
2.706
1.657
0.460
0.971
2.112
2.324
3.409
2.988
1.698
2.518
-0.139
0.436
2.425
1.263
0.012
0.057
-0.139
1.179
1.608
0.376
0.067
1.020
-0.461
0.330
0.077
0.601
1.642
2.578
0.180
0.792
1.237
0.072
1.781
0.101
1.077
1.222
0.213
0.237
-0.186
0.292
-0.559
0.032
0.523
0.012
1.610
0.012
-0.321
0.098
0.094
0.334
0.378
0.789
0.452
-0.668
0.152
0.241
0.218
3.459
4.718
1.999
0.105
1.014
0.091
-0.521
0.081
0.222
-1.442
1.257
-0.051
3.715
1.680
1.063
3.359
-0.043
2.355
1.416
0.656
0.924
0.660
2.091
1.225
1.541
2.922
1.930
2.233
2.983
-0.048
-1.378
1.100
0.114
0.399
0.112
0.796
0.378
-0.081
3.249
-0.010
1.348
0.031
1.115
1.378
0.276
1.591
0.161
0.436
1.366
0.595
1.853
-0.239
-0.019
0.793
1.359
0.429
1.832
0.912
-1.811
-0.116
0.004
-0.109
-0.384
1.513
-0.278
1.091
0.036
-0.370
0.965
0.012
1.418
0.039
1.066
-1.367
0.200
0.582
0.012
1.227
0.601
0.025
0.420
-0.165
-0.184
0.943
1.714
-0.731
-0.183
-0.565
0.036
-0.248
0.112
0.507
2.759
0.784
0.432
0.898
0.053
2.812
0.057
1.182
-0.918
-0.949
-0.477
-0.240
-0.022
-1.382
0.161
-0.406
3.282
3.615
1.004
-0.635
0.321
-0.410
0.021
0.061
0.517
0.330
0.787
0.082
0.481
-0.075
0.009
2.988
1.749
-0.090
0.422
0.213
0.284
1.631
0.425
0.338
0.223
0.027
0.671
0.016
-0.786
0.386
0.682
0.351
1.022
-0.069
-0.308
3.412
1.978
1.163
2.126
1.674
0.538
0.283
2.103
2.673
1.118
0.184
0.684
0.207
0.306
0.335
0.056
-1.005
0.264
0.032
1.407
-0.223
0.551
1.106
1.239
0.241
0.915
0.534
-1.450
0.291
-0.225
-0.469
-0.042
-3.309
-0.733
0.622
0.932
0.116
0.156
-0.158
1.272
1.226
0.062
-0.236
0.242
-0.131
0.052
0.385
0.021
1.035
0.116
2.126
2.250
0.095
1.735
1.249
0.026
0.223
0.125
2.057
1.538
-0.011
0.090
0.163
0.538
0.224
0.539
-0.240
0.391
0.704
0.005
1.813
0.460
0.561
-0.052
0.466
0.181
0.614
0.050
0.066
0.459
0.013
0.519
0.213
-0.279
0.390
0.012
2.123
0.639
0.012
0.051
-0.174
-1.266
0.016
-0.317
-0.488
0.098
-1.051
-1.002
-1.034
-1.570
0.060
-0.402
0.012
-0.594
-0.067
0.394
-0.124
2.881
-0.645
-0.295
2.563
-0.793
-0.206
3.432
0.213
2.284
0.336
0.330
0.415
-0.050
0.547
0.820
-0.690
0.598
1.736
0.511
2.820
1.681
0.012
-0.048
0.806
2.442
-0.143
-0.454
-0.071
-0.137
-0.240
1.219
0.388
2.225
0.950
2.824
1.398
0.556
0.219
0.012
1.097
0.736
0.540
0.935
1.985
1.537
1.707
0.346
0.167
-0.206
-0.074
0.111
0.041
-0.039
0.770
0.376
0.296
0.319
-0.018
0.443
0.067
0.227
0.781
0.853
0.487
1.015
2.130
1.106
0.107
-0.488
-0.235
0.018
0.892
0.221
0.286
0.162
-0.217
-0.281
0.159
1.259
0.398
1.030
0.409
0.468
0.954
3.063
1.268
1.125
-0.214
0.928
0.343
1.756
-0.237
0.037
-0.531
0.354
1.067
0.051
0.691
1.407
0.293
-0.311
-0.002
-0.046
-0.037
0.568
0.825
0.358
1.440
0.628
-0.315
-0.218
1.094
-0.002
4.453
1.213
0.012
0.203
1.175
0.997
1.887
1.606
-0.184
0.081
0.110
-0.075
0.016
-0.186
0.101
0.120
-0.126
0.142
-0.244
0.286
1.602
-0.127
0.036
0.052
-0.360
0.008
0.022
0.629
0.263
0.314
-0.385
0.414
0.614
0.138
1.603
1.323
0.714
1.311
0.876
0.012
1.585
0.340
1.517
1.530
1.328
5.917
1.282
-0.010
1.017
0.964
-0.113
0.444
0.202
-1.089
-0.171
1.788
0.577
1.608
0.012
0.012
0.875
0.858
-1.229
0.687
-0.978
-0.338
-0.182
1.850
0.292
-0.493
0.042
-0.989
0.700
0.991
0.053
-0.101
-0.211
-1.324
1.539
0.331
0.675
1.213
1.009
0.545
-0.134
-2.653
-25.023
1.961
-0.428
0.345
0.012
