-0.382
-0.191
-0.026
-0.246
-0.162
-0.081
-0.085
-0.129
-0.726
-0.292
-0.445
-0.603
-0.070
-0.401
0.341
0.034
-0.026
-0.009
-0.128
-0.050
-0.317
2.157
0.968
-0.159
-0.217
0.038
0.029
0.387
-0.220
0.033
-0.031
-0.076
-1.220
-3.273
-0.102
-2.441
-1.710
-2.379
-0.859
-2.035
-2.129
-3.115
-0.039
0.197
-0.026
-0.026
-0.324
0.019
-2.300
-1.567
-2.547
-1.383
-2.800
-2.421
-2.011
-1.240
-1.079
-0.033
-0.658
-3.075
-1.683
-2.009
-1.415
-1.900
-1.078
-2.119
-1.765
-0.464
0.204
-0.619
-0.785
0.210
0.486
-0.135
-0.771
-2.027
-1.352
1.531
-3.689
0.047
-0.260
-1.941
-0.487
-0.241
0.259
-0.254
-1.520
-2.085
-0.748
-0.901
0.045
0.059
-0.221
-0.719
-0.145
0.330
0.146
0.081
-1.098
-1.171
-0.094
-0.009
-0.258
-0.278
-0.582
0.287
-0.044
0.017
0.025
-0.087
0.018
-0.009
0.156
0.070
0.159
0.067
0.047
0.083
0.077
-0.071
-0.022
0.051
0.084
0.098
-0.046
-1.712
1.083
0.483
0.488
-0.217
-0.041
-0.143
-0.562
-1.927
1.638
-0.285
-0.357
-1.561
-0.154
-0.244
-0.809
0.380
1.028
-0.171
0.043
-0.687
-0.274
-0.253
-0.897
-2.888
-0.956
0.275
-0.476
-1.745
-1.711
-3.629
-2.625
-3.549
-1.872
0.202
-0.848
-1.914
-1.873
-0.784
-0.292
-0.030
-1.191
-0.756
-0.123
-0.588
-1.070
-0.047
-0.069
0.228
-1.397
-1.780
-2.375
-0.705
-1.262
-1.071
0.030
-1.670
0.050
-0.821
-0.568
-1.687
-0.673
0.994
-0.017
-0.189
0.212
-0.721
-0.136
-2.665
-1.755
0.568
-0.730
-0.408
-0.114
-0.431
-0.481
-0.112
0.107
-0.066
-0.051
-0.030
-3.434
-2.125
-0.912
0.336
-0.631
-0.026
0.900
-2.491
-0.026
0.214
-0.205
0.169
-1.940
-2.210
-1.097
-2.051
-0.540
-1.201
-1.901
-0.802
-0.898
-0.632
-1.329
-1.188
-1.613
-1.898
-1.375
-1.681
-3.361
0.451
0.747
-0.850
-0.288
-1.077
0.159
-0.436
-0.387
0.118
-2.779
0.075
-0.527
0.102
-1.145
-1.029
0.003
-0.503
-0.099
0.218
-1.165
-0.163
-1.620
0.338
0.390
-0.860
-0.987
-0.755
-1.861
-0.283
1.129
0.205
0.561
-0.117
0.235
-0.366
0.121
-1.167
-0.059
0.395
-0.962
-0.026
-0.154
-0.185
-0.729
0.039
-0.106
-0.627
-1.618
-1.090
-1.366
-0.030
-0.598
0.071
0.076
-0.017
-3.118
0.287
0.112
-0.026
-0.152
-0.859
-0.054
0.403
-2.202
0.473
-0.428
-0.748
-0.311
-0.798
0.104
-0.458
0.808
3.148
1.724
0.021
-0.289
1.195
-0.072
-0.384
-1.362
-2.278
-0.923
0.267
-0.180
-0.081
-0.140
0.145
-0.078
-0.079
-0.415
0.005
-0.900
0.076
0.085
-1.904
-1.896
-0.131
-0.726
-0.539
-0.152
-0.718
-0.197
-0.318
0.077
-0.021
-0.386
-0.942
0.707
-0.735
-0.577
0.110
-0.111
0.284
0.265
-3.696
-0.986
-1.414
-1.321
-1.221
-1.139
-0.333
-1.338
-2.090
-1.133
-0.314
-0.557
-0.030
-0.228
-0.371
-0.390
-0.662
-1.580
-0.122
-2.183
0.369
-1.141
-0.769
-1.127
-0.140
-2.005
-0.455
0.146
-0.036
-0.197
0.117
0.059
0.409
1.799
-0.150
0.054
-0.183
0.040
-0.354
-0.737
-0.223
0.042
0.434
0.135
0.056
-0.020
-1.533
-0.344
-1.559
0.887
-2.523
-0.943
-1.000
-0.454
-1.309
-1.791
-0.920
-0.411
-2.304
-1.987
0.005
-2.203
-0.040
-0.259
-0.157
-0.085
-0.004
-0.218
-1.004
-0.191
-1.276
-0.506
-0.463
-0.267
-0.190
-0.026
-1.562
-0.372
-0.222
-0.471
0.120
0.060
0.217
0.095
-0.496
0.720
-2.025
-0.927
-0.401
-0.017
1.627
0.832
0.099
-0.026
0.450
-0.089
1.088
1.225
1.912
0.674
0.449
-0.343
0.053
0.194
0.063
-0.172
0.576
-1.094
1.136
0.217
-1.281
0.728
-0.923
-1.063
0.959
-0.277
0.594
-0.168
0.902
-0.120
-0.146
-0.791
0.176
-0.178
-1.423
-0.532
-2.612
-2.563
-1.165
-0.281
-0.603
-1.316
-0.211
0.340
-0.106
-0.487
-0.779
-1.771
-0.720
-1.188
-0.485
-2.448
-0.883
-0.348
-0.278
-0.463
-0.669
-0.075
-0.347
-0.545
-1.745
-1.068
-1.701
-0.127
0.188
0.392
-0.078
-0.150
-0.112
0.868
-0.289
-0.265
-0.312
-0.329
-0.305
-0.173
-0.183
-0.273
-0.163
-0.570
-0.480
-1.556
-1.529
-1.266
-0.960
0.303
-0.034
-0.074
-0.486
-0.106
0.106
-0.069
-0.080
0.175
-0.497
-0.750
-0.089
-0.866
-0.271
-0.489
-1.026
-2.844
-0.754
-0.704
0.056
-0.591
-0.172
-0.627
-0.171
-0.297
0.429
-0.040
-0.765
-0.879
-0.293
-0.185
-0.073
0.295
-0.220
0.095
0.022
-0.307
-0.398
-0.051
-0.300
-0.313
0.058
0.399
-0.712
-0.260
-2.474
-0.315
-0.601
-0.809
-0.588
-0.547
-0.347
-1.010
0.062
-0.457
-0.159
-0.421
0.487
0.559
-0.026
0.035
0.004
-0.026
-0.018
-1.261
-0.929
0.503
-0.060
0.120
-0.068
-0.060
0.006
0.453
-0.207
-0.151
0.211
-0.190
-0.612
-0.029
-1.718
-0.831
-0.617
-1.696
-1.469
-0.204
-1.353
-0.103
-1.169
-0.941
-1.004
-3.222
-0.522
0.071
0.386
-0.755
0.140
0.027
-0.245
0.423
-0.126
0.024
-0.230
-0.955
-0.542
-0.953
-1.223
-0.738
-0.026
-0.086
0.534
0.846
0.581
-1.284
0.449
-0.683
-0.431
0.723
-1.055
-0.716
0.126
-0.012
0.124
1.203
-0.344
-0.166
-0.542
-0.765
-0.397
-0.015
0.230
0.332
0.759
-1.653
0.388
0.709
-0.644
