0.440
0.169
0.177
0.295
0.256
-0.146
0.456
0.072
0.629
0.397
0.481
0.536
0.223
0.150
-0.715
-0.192
-0.500
-0.418
0.089
-0.236
-0.126
-1.638
-0.342
0.556
0.014
0.102
0.139
0.534
0.433
0.022
-0.012
0.003
-0.343
-0.285
-0.416
3.106
2.215
2.345
0.840
2.129
2.738
3.667
-0.098
-0.166
0.293
-0.014
0.382
0.028
2.457
1.606
2.334
2.217
3.643
3.660
2.314
1.440
1.210
-0.018
0.662
3.216
1.401
1.671
1.967
2.576
1.474
2.730
1.564
0.306
-0.040
0.505
0.845
-0.195
0.038
0.333
1.888
3.031
1.534
-0.908
3.372
-0.011
-1.107
1.261
0.757
0.624
-0.256
0.060
1.320
3.188
0.635
0.278
-0.237
0.664
0.060
0.493
-0.023
-0.023
0.221
-0.239
1.601
0.672
0.040
0.108
0.173
0.375
0.398
-0.555
-0.002
0.141
-0.154
-0.338
0.167
0.323
-0.166
-0.226
-0.272
-0.194
0.115
-0.256
-0.148
-0.312
0.143
-0.002
-0.173
-0.290
-0.332
1.137
0.238
-1.682
-0.902
0.100
0.014
-0.023
0.437
1.591
-1.565
1.379
0.216
1.364
-0.829
0.533
1.015
-0.998
-1.203
0.059
-0.053
0.059
0.115
0.852
1.404
2.336
1.099
0.284
1.007
2.099
2.300
3.420
3.557
3.032
3.520
0.494
2.121
2.456
2.337
0.530
0.255
0.073
1.967
1.424
0.193
0.354
0.981
-0.461
0.056
-0.043
1.209
1.767
1.562
0.529
1.784
0.996
-0.250
2.134
-0.237
0.490
0.563
1.110
0.415
-0.655
-0.861
0.025
-0.059
-0.062
-0.295
1.846
2.086
-0.047
0.298
0.264
-0.011
0.232
0.441
0.274
0.028
0.310
0.349
0.121
2.590
2.233
1.069
0.285
0.849
0.002
-0.902
0.464
0.570
-0.944
-1.355
-0.151
2.807
2.740
1.441
2.722
0.652
1.565
0.994
1.084
1.496
0.884
2.029
1.920
1.098
2.661
1.678
0.989
3.383
-0.125
-0.366
0.562
-0.059
0.858
0.639
0.976
-0.381
0.078
3.061
-0.023
0.666
0.127
1.094
1.263
0.307
1.282
0.396
0.073
1.125
0.524
1.972
-0.109
-0.202
1.471
0.971
0.080
0.891
0.708
-1.975
0.314
-0.936
0.334
-0.004
1.137
-0.281
0.569
-0.030
-0.658
1.062
-0.019
-0.051
0.257
0.328
-0.064
0.026
0.471
1.023
0.820
1.303
0.131
0.665
0.110
-0.290
-0.128
2.005
-0.084
-0.039
-0.428
-0.002
-0.030
0.440
-0.849
2.327
-1.227
0.024
1.264
0.230
1.345
0.036
0.712
-1.126
-3.018
-2.412
-0.119
0.142
-0.297
0.747
0.026
1.000
1.953
0.449
-0.448
0.011
-0.183
0.032
-0.011
0.381
0.048
0.412
0.024
0.357
0.090
0.032
1.557
1.441
-0.027
0.202
0.676
0.280
1.463
0.403
0.476
0.027
0.026
0.690
1.403
-1.055
0.385
1.189
0.058
0.617
-0.053
-0.280
3.453
1.681
1.405
1.914
1.797
0.449
0.101
1.964
2.037
0.986
0.604
0.927
0.345
0.999
0.728
0.997
0.119
2.963
-0.217
2.330
-0.648
0.962
0.894
1.273
0.625
1.915
0.040
0.075
0.121
0.281
0.897
-0.142
-0.589
-0.877
0.383
0.539
-0.125
-0.276
0.408
0.382
0.137
-0.535
0.146
0.122
0.162
0.201
1.026
0.693
1.206
-0.157
1.824
1.438
1.436
0.684
1.624
1.887
1.860
-0.145
2.107
2.404
0.128
0.557
0.022
-0.035
-0.176
0.187
0.210
0.197
0.601
0.160
1.393
0.527
0.754
-0.022
0.229
0.105
1.180
0.140
0.050
-0.081
-0.715
0.229
-0.193
-0.327
0.339
-0.132
2.272
0.970
0.379
-0.019
-0.861
-0.248
-0.245
-0.381
-0.636
0.095
-0.711
-0.731
-1.367
-1.052
-0.240
0.416
0.230
-0.345
-0.131
0.177
-0.054
2.246
-0.891
-0.506
2.237
-0.983
0.997
2.364
-0.008
1.464
0.483
0.079
-0.023
0.208
0.502
0.873
-0.528
0.583
1.607
-0.095
2.435
0.220
0.428
0.044
0.785
1.805
-0.073
-0.357
-0.087
-0.013
0.051
2.370
0.892
1.400
0.773
2.410
1.227
0.422
0.321
0.301
1.123
0.585
0.392
0.567
2.502
0.901
1.726
0.262
0.095
-0.193
0.337
0.143
0.228
-0.203
0.307
0.224
0.314
0.286
0.443
0.210
0.052
0.506
0.246
0.797
0.439
1.720
1.389
0.414
-0.022
-0.596
-0.211
0.400
1.296
0.025
0.104
0.090
0.139
-0.007
0.407
1.081
0.333
0.811
0.772
0.762
0.975
3.029
0.996
0.943
0.049
1.279
0.508
0.708
0.523
-0.031
-0.983
0.132
0.878
0.290
0.316
0.369
0.611
-0.000
0.210
-0.237
-0.092
0.228
0.385
0.175
0.601
0.172
0.223
-0.389
0.741
-0.262
2.702
0.876
1.009
-0.042
0.908
0.603
0.350
1.894
0.150
0.181
-0.142
0.361
-0.072
-0.620
0.164
-0.211
-0.132
0.068
-0.151
2.132
1.746
-0.007
0.074
0.345
0.254
0.466
0.115
0.282
0.163
0.376
0.125
0.925
0.483
0.379
2.142
1.041
0.682
1.176
0.832
0.354
1.213
0.001
1.441
1.465
1.481
3.790
1.115
0.111
0.844
0.683
-0.363
0.191
0.191
-0.834
-0.505
0.761
0.586
1.022
-0.573
0.458
1.311
0.596
-1.277
0.479
-0.623
-0.947
-0.008
0.743
-0.123
1.624
-0.231
-0.516
0.797
0.686
-0.087
-0.181
-0.386
-0.651
1.414
0.671
0.752
1.213
0.409
0.113
-0.148
-0.370
-1.056
1.477
-0.342
0.294
0.078
