-0.220
-0.123
-0.225
0.042
0.098
0.028
0.255
0.101
0.101
0.207
0.369
0.183
0.239
0.356
-0.088
-0.034
0.019
-0.006
0.062
-0.146
1.091
-0.997
-0.785
0.173
-0.021
-0.357
0.495
0.412
0.377
-0.055
0.169
0.186
-0.030
-0.031
0.077
3.223
1.816
2.428
0.735
0.634
2.001
3.306
0.050
0.003
0.101
-0.216
0.293
0.101
1.218
1.247
2.291
1.526
1.815
2.598
1.908
1.066
1.304
0.060
0.615
3.689
0.838
1.665
1.159
1.633
1.098
2.506
1.601
0.366
-0.220
0.087
0.926
-0.142
-0.517
0.243
0.101
0.147
-0.336
-0.526
2.925
-0.062
-0.184
1.514
0.284
0.224
-0.168
0.385
0.868
2.708
0.357
-0.253
0.028
0.694
-0.038
0.661
0.401
0.101
0.298
-0.118
1.577
0.554
0.250
-0.041
0.145
0.765
0.019
-0.362
0.023
-0.936
-0.028
-0.169
0.055
0.151
-0.122
-0.052
-0.116
-0.139
-0.007
0.028
-0.030
-0.133
0.022
-0.032
-0.106
-0.067
-0.093
1.812
0.108
-0.419
-0.063
0.263
0.037
-0.142
-0.151
0.004
0.441
0.222
0.360
-0.180
-0.490
-0.054
0.045
-0.670
-0.678
0.167
0.185
0.355
0.406
0.447
0.315
2.113
1.139
-0.136
0.810
2.023
0.508
2.739
2.577
2.371
2.066
0.096
0.524
1.765
1.490
0.101
-0.408
0.000
1.219
1.367
0.449
0.566
0.873
-0.119
0.008
-0.104
1.083
2.108
1.745
0.614
1.209
0.901
-0.125
2.487
-0.030
0.513
0.555
-0.106
-0.127
-0.166
0.422
-0.555
-0.012
0.158
-0.350
0.922
0.640
-0.228
0.495
0.447
0.274
0.386
0.403
0.340
-1.041
0.262
0.347
0.257
2.902
1.757
0.514
0.246
0.402
-0.018
-0.956
-0.024
0.652
0.170
-0.023
-0.100
2.269
1.893
0.398
2.835
0.039
1.625
1.379
0.785
0.414
0.600
1.101
1.187
0.063
2.237
1.764
1.809
2.486
-0.729
-1.472
0.987
0.072
0.806
0.387
0.319
0.487
0.106
3.232
0.012
0.734
0.314
1.122
1.556
-1.066
1.205
0.087
0.011
1.253
0.155
2.421
0.142
0.269
0.772
0.596
0.454
0.945
0.644
-1.198
0.103
-0.153
-0.100
0.145
1.291
-0.113
0.792
-0.121
-0.164
0.192
0.465
1.130
0.251
0.180
-0.030
-0.082
0.559
0.987
1.040
1.226
0.062
-0.058
0.103
0.101
0.305
2.539
-0.234
0.244
-0.228
-0.045
0.101
0.057
-0.475
2.861
0.122
-0.080
1.192
0.528
0.208
-0.089
0.304
-0.418
-2.239
-0.676
0.282
0.102
-0.594
0.840
-0.176
1.138
3.058
0.538
-0.105
-0.392
-0.108
0.028
-0.038
0.400
0.127
0.793
0.065
0.598
0.148
-0.002
1.606
1.191
1.245
0.212
0.309
0.254
1.234
0.271
-0.115
0.116
0.128
0.557
0.462
-0.366
0.329
1.041
0.146
0.665
0.125
-0.101
2.786
1.144
0.827
0.922
1.643
0.303
0.093
1.367
2.364
0.969
0.051
-0.096
0.113
1.066
0.329
0.254
1.270
1.232
0.101
1.759
0.142
0.377
0.676
1.180
0.464
1.352
0.130
0.107
0.285
0.444
0.671
0.429
-0.268
-0.118
0.032
0.123
0.339
-0.111
1.183
0.612
1.206
-0.208
-0.255
-0.040
0.230
-0.043
0.977
0.299
1.202
1.015
2.467
1.805
0.062
1.524
1.573
0.101
0.122
0.341
2.023
2.679
0.014
0.063
-0.159
0.262
0.234
0.385
-0.292
0.162
0.530
-0.043
1.132
0.623
0.887
0.285
0.845
0.105
1.416
0.121
-0.192
0.039
-0.210
0.330
0.118
-0.273
0.375
0.101
1.512
0.679
0.101
0.007
-1.228
-0.506
-0.185
-0.068
0.153
-0.116
-0.322
-0.363
-0.806
-0.989
-0.846
-0.160
0.014
-0.384
-0.162
0.160
-0.223
1.642
-0.834
-0.249
2.142
-0.666
0.688
2.031
-0.363
2.072
0.253
0.172
0.713
0.336
0.330
0.654
-0.227
0.136
1.733
0.105
1.634
0.402
0.101
0.051
1.078
2.281
0.128
-0.124
-0.018
0.073
0.065
1.248
0.141
1.554
0.588
2.912
1.109
0.219
0.096
0.434
0.613
0.255
0.383
0.847
1.519
0.735
1.394
0.125
-0.014
-0.128
0.144
-0.107
-0.020
-0.825
0.125
0.160
0.227
-0.033
-0.032
0.216
0.191
-0.017
0.485
0.359
0.446
1.628
0.425
1.065
-0.182
-0.276
-0.114
0.548
1.076
0.309
0.554
0.194
0.121
-0.066
0.271
0.756
0.266
0.534
0.383
0.696
1.293
2.372
1.076
1.041
0.125
0.580
0.170
1.021
-0.053
0.006
-0.117
0.014
0.716
0.339
0.324
0.437
0.215
-0.247
0.100
-0.021
0.011
0.102
0.156
0.295
0.317
0.300
-0.119
-0.035
0.713
-0.262
2.610
1.195
0.864
-0.073
0.412
0.893
0.100
1.022
0.026
0.465
0.122
0.451
0.106
-0.343
0.208
-0.053
-0.090
0.055
-0.044
1.916
1.762
-0.388
0.085
0.158
-0.086
0.198
0.291
0.314
0.216
0.533
0.248
1.138
0.155
0.105
1.613
0.689
-0.096
0.973
0.941
0.214
0.883
0.138
1.004
0.655
0.665
3.637
0.652
-0.055
1.373
0.447
-0.143
-0.036
0.134
-0.389
0.036
0.119
0.095
1.291
0.101
0.030
0.957
0.308
-0.700
0.145
-0.284
-0.231
-0.004
0.565
0.298
0.668
-0.037
-0.176
0.280
0.323
-0.041
-0.133
-0.222
-0.721
0.706
0.101
0.513
0.491
0.279
0.101
-0.101
-0.568
-0.320
1.395
-0.145
-0.297
0.101
