-0.020
0.011
0.005
0.054
-0.003
-0.020
0.498
0.058
-0.020
0.136
0.003
0.233
0.129
0.011
2.147
-0.020
-0.356
-0.247
-0.020
-0.061
-0.025
-1.328
-0.330
0.042
-0.085
-0.454
0.039
0.019
-0.265
-0.020
-0.187
0.047
-0.020
0.049
-0.069
3.135
1.479
2.755
0.902
0.592
2.056
3.583
-0.020
-1.047
-0.020
-0.016
0.093
0.085
3.236
1.328
1.675
1.936
2.913
2.933
1.757
1.313
1.635
0.286
0.636
3.140
0.205
0.422
1.787
2.181
0.936
1.636
2.327
0.692
-0.375
0.146
3.264
-0.371
0.562
0.430
0.726
1.830
0.415
-1.177
3.317
-0.276
-0.089
0.615
0.576
0.040
-0.247
-0.667
0.440
2.127
0.064
-0.005
-0.020
0.196
0.001
0.093
-0.019
-0.202
-0.016
-0.166
1.052
0.770
0.142
0.237
0.029
0.095
-0.050
-0.083
-0.020
0.022
-0.020
-0.106
0.135
0.010
-0.022
-0.020
-0.282
-0.093
-0.020
-0.020
-0.020
-0.020
0.006
-0.020
-0.025
-0.099
-0.079
-0.006
-0.282
-0.818
-0.255
-0.020
-0.088
-0.020
0.352
0.061
-0.762
0.089
0.020
-0.139
-1.712
0.152
0.680
-1.791
-1.767
-0.020
-0.006
-0.020
-0.020
0.136
0.493
2.138
0.538
0.168
0.545
1.457
1.929
3.367
1.533
3.580
2.229
-0.020
0.194
3.306
2.914
0.180
-0.130
-0.032
1.605
0.812
-0.012
0.234
0.834
-1.349
-0.088
-0.020
0.587
0.340
1.969
0.185
1.318
0.879
-0.379
2.549
-0.076
0.066
1.307
0.181
-0.039
-0.948
0.208
-0.084
-0.163
0.665
-0.052
2.432
1.720
-0.178
0.096
0.097
-0.020
0.001
0.322
-0.035
-0.020
0.009
-0.019
-0.020
2.639
1.734
3.327
0.085
0.061
0.124
-0.974
0.592
-0.020
0.111
0.354
-0.213
1.899
3.175
0.852
1.844
0.521
1.113
0.451
0.424
0.860
0.414
1.600
1.934
0.280
2.312
0.985
1.381
2.585
-0.015
-0.317
0.040
-0.009
0.546
0.328
1.038
-0.140
0.135
3.038
0.136
0.172
0.136
1.339
2.042
-0.152
0.580
0.261
0.041
0.680
0.185
1.305
-0.252
-0.555
0.804
1.358
0.601
0.112
0.089
-1.775
-0.164
-0.252
-0.120
-0.695
1.148
-0.103
0.697
-0.020
-0.238
1.078
0.133
0.573
-0.020
-0.011
1.109
-0.245
0.426
0.953
0.775
1.199
-0.020
0.029
0.028
-0.020
-0.020
2.134
-0.020
-0.020
-0.089
-0.101
-0.095
0.924
-0.608
2.969
-0.424
-0.073
2.673
0.404
1.346
-0.159
0.751
-1.314
-2.262
-0.759
0.006
0.094
-0.339
0.088
-0.196
0.123
2.006
2.335
-0.517
-0.319
0.377
-0.068
-0.336
0.037
-0.020
0.075
-0.021
0.193
-0.588
-0.020
0.690
0.825
-0.118
0.424
1.189
0.161
1.518
0.361
-0.077
-0.020
-0.020
0.136
0.026
-0.490
-0.003
-0.020
-0.020
0.552
-0.124
-0.167
3.341
1.386
0.639
2.047
2.729
0.132
0.190
0.699
1.641
1.221
-0.141
0.286
-0.020
1.037
0.420
0.808
1.183
1.637
0.236
3.100
-0.049
0.435
0.439
0.965
0.292
0.313
0.486
0.260
-0.064
-0.121
-0.086
0.177
-0.587
-1.693
0.264
0.635
0.479
0.845
0.019
0.066
0.586
-1.039
-0.010
-0.032
-0.020
-0.003
0.759
0.337
0.721
-0.894
0.900
0.711
0.521
0.302
0.680
0.275
-0.970
1.364
1.758
0.451
-0.252
0.099
-0.020
-0.018
-0.020
-0.005
-0.023
-0.014
0.137
-0.014
1.044
0.196
0.399
-0.155
0.325
0.347
1.581
0.155
-0.009
-0.186
-0.927
0.063
0.237
-0.020
0.410
-0.125
1.670
0.829
0.019
0.066
-1.383
-0.115
-0.419
-0.073
-0.450
-0.402
-0.926
-0.705
-0.781
-1.691
-0.406
-0.589
-0.020
-0.694
-0.319
0.674
-0.167
1.235
-0.783
-0.060
1.005
-0.321
0.115
0.632
0.093
-1.297
-0.020
-0.096
-0.162
-0.090
0.557
-0.020
-0.292
0.071
1.663
0.767
0.582
-0.226
0.168
-0.020
1.616
0.700
0.046
-0.095
-0.020
-0.453
-0.143
0.888
0.004
3.345
1.056
2.176
0.475
0.241
0.239
0.100
0.251
0.185
0.909
0.038
2.920
1.299
1.668
-0.064
-0.208
-0.020
-0.020
-0.287
0.143
0.219
-0.348
0.162
0.005
0.132
0.119
0.017
0.031
0.097
0.001
0.214
-0.087
1.090
0.708
0.083
-0.058
-0.138
0.048
0.093
0.044
0.075
-0.164
0.099
-0.020
-0.072
0.612
0.833
0.334
0.115
-0.020
0.394
0.030
2.008
1.480
0.995
-0.048
0.315
0.280
1.051
-0.109
0.029
0.077
0.112
0.301
0.273
0.242
0.583
0.059
-0.149
-0.001
0.016
0.038
0.737
0.626
0.053
0.654
0.217
-0.064
0.006
0.610
-0.248
3.469
0.934
0.341
-0.034
-0.199
0.242
-0.049
0.530
0.384
0.017
-0.020
0.059
-0.035
-0.668
0.434
-0.235
-0.060
0.076
-0.252
0.713
-0.886
-0.063
-0.014
-0.131
-0.565
-0.317
-0.102
-0.265
-0.673
0.061
-0.046
0.276
0.125
-0.020
0.792
0.089
-0.059
0.532
0.498
-0.055
0.146
-0.020
2.928
0.909
0.632
1.955
0.480
-0.097
0.980
0.220
-0.047
-0.197
0.012
-0.636
-1.820
-0.709
-0.381
1.001
-0.027
-0.003
1.249
0.277
-0.607
0.033
-0.703
-0.182
-0.157
0.060
-0.510
1.226
-0.196
-0.645
0.178
2.094
-0.033
-0.020
-0.020
-0.593
0.986
0.054
0.842
0.042
0.309
0.201
-0.212
-0.030
-0.821
0.842
-0.703
-0.615
0.023
