0.088
0.043
0.031
0.168
0.050
0.031
0.074
0.167
0.025
0.035
0.221
0.073
0.248
0.064
0.496
-0.021
0.017
-0.062
-0.231
-0.205
0.033
-0.895
0.466
0.025
-0.010
-0.054
0.013
-0.008
0.047
0.015
0.044
0.009
-0.068
0.025
-0.092
2.572
1.202
2.359
1.023
1.101
1.472
2.715
0.025
0.025
0.025
0.268
0.061
0.039
1.691
0.945
1.098
1.494
2.258
2.552
2.029
0.817
1.015
0.113
0.241
2.554
0.265
0.942
1.288
1.095
0.785
1.733
1.201
0.483
0.151
0.544
1.182
-0.106
-0.090
0.356
0.514
0.781
0.025
-0.981
2.758
-0.241
0.025
1.085
0.643
0.002
-0.074
-0.030
0.578
1.681
-0.096
-0.052
-0.285
-0.072
0.107
0.162
0.036
-0.255
-0.025
-0.122
0.265
0.144
-0.023
-0.037
0.036
0.244
0.056
-0.044
-0.072
-0.727
-0.075
-0.819
0.007
0.013
-0.143
-0.671
-0.642
-0.113
-0.042
-0.314
-0.125
-0.042
0.020
-0.114
-0.214
-0.341
-0.524
0.149
0.134
-1.146
-0.085
0.201
0.031
-0.063
0.064
-0.671
-0.775
0.055
-0.211
0.273
-1.799
0.200
0.089
-1.289
-0.672
-0.017
-0.052
-0.196
0.078
0.037
0.207
1.060
0.217
0.046
0.505
0.867
1.030
2.701
1.852
1.472
2.581
-0.371
1.041
1.766
0.699
-0.138
-0.017
0.179
1.109
0.639
0.171
0.034
0.579
-0.368
0.041
-0.149
0.079
1.241
0.694
0.025
0.981
0.482
-0.005
1.900
-0.061
0.228
0.379
0.007
-0.020
-0.046
-0.092
0.328
0.084
-0.080
-0.329
-0.161
0.445
0.244
0.580
0.570
0.407
0.068
0.037
0.066
-0.932
0.025
0.025
0.016
3.929
1.979
2.157
0.015
-1.078
0.025
-1.869
0.740
0.201
-1.098
0.005
0.025
2.910
2.180
0.696
2.269
0.675
1.177
0.734
0.207
1.358
1.453
0.832
0.187
0.795
1.612
1.118
1.121
2.345
-0.035
-1.690
0.021
-0.071
0.408
0.352
0.294
-0.053
0.101
2.249
0.027
0.052
0.652
2.040
1.166
0.297
0.509
0.470
-0.142
0.937
0.312
1.412
0.038
0.800
1.149
0.744
0.073
1.017
0.239
-0.279
-0.058
-0.255
0.135
-0.058
0.119
0.025
0.468
0.025
-0.249
1.166
0.113
1.233
0.025
0.277
0.286
-0.178
0.129
-0.028
1.011
0.431
-0.026
-0.002
0.025
0.025
0.081
1.229
-0.042
0.068
0.025
0.025
-0.274
0.389
-0.146
2.590
-0.584
-0.182
2.567
0.227
0.562
0.022
0.577
-0.066
-2.110
-0.584
0.557
0.415
-0.753
0.379
0.087
0.272
1.611
1.049
0.011
0.221
0.031
0.022
0.027
0.025
-0.034
0.323
0.048
0.442
-0.101
0.025
0.679
0.295
0.208
0.191
0.643
0.493
0.462
0.071
0.470
0.028
0.157
0.078
0.494
-0.119
-0.001
-0.024
-0.097
0.203
-0.104
0.028
2.177
0.882
1.579
1.476
1.999
0.029
0.069
1.165
1.655
0.676
-0.004
-0.083
0.025
0.365
0.401
0.333
-0.792
0.227
-0.003
1.615
-0.120
0.087
0.208
0.307
0.025
1.022
-0.166
0.010
-0.094
0.033
0.516
0.142
-0.254
-0.600
-0.017
0.216
0.036
-0.021
-0.091
0.046
0.468
-0.178
-0.239
0.104
0.167
0.734
0.879
0.050
0.734
-0.600
-0.152
1.674
0.025
0.750
0.335
-0.073
-0.409
0.025
0.717
1.427
-0.216
0.174
0.146
0.130
0.643
0.220
0.025
0.139
0.522
0.036
0.783
0.229
0.146
-0.070
0.174
-0.013
0.703
0.025
0.186
-0.025
-0.903
-0.072
0.025
-0.262
0.089
-1.688
1.492
0.417
-0.006
0.094
-1.032
-0.772
-0.208
-0.149
-0.071
-0.064
-0.194
-0.173
-1.798
-0.676
-0.504
-0.453
-0.270
-0.518
-0.265
0.381
-0.141
0.691
-0.121
0.025
0.829
-0.314
0.080
-0.039
-0.176
0.145
-0.069
-0.173
-0.244
0.022
0.150
0.333
0.014
0.025
1.811
0.444
1.926
0.302
0.980
0.184
0.848
1.094
0.042
0.001
0.154
0.240
0.263
0.891
0.265
0.758
0.234
1.713
0.841
0.152
0.113
0.144
0.042
0.138
0.105
0.079
0.806
0.793
1.525
0.032
0.025
0.302
0.025
0.017
0.004
-0.167
0.184
0.120
0.209
0.153
0.104
0.085
0.005
0.345
0.103
0.513
0.035
0.570
1.214
0.411
-0.031
-0.248
0.025
0.025
-0.007
0.025
-0.176
0.025
0.089
-0.009
0.026
0.203
0.062
1.066
0.139
0.287
0.927
2.162
0.350
0.501
0.005
0.080
0.106
0.536
0.035
0.025
0.105
0.066
0.452
0.213
0.427
1.196
0.052
0.110
0.235
-0.123
0.028
0.326
0.387
0.150
0.329
0.129
0.024
-0.503
0.909
-0.547
2.536
0.586
0.170
-0.040
0.107
0.367
-0.212
0.260
0.014
-0.066
-0.113
0.025
-0.070
-0.200
-0.020
-0.041
-0.306
-0.103
-0.185
0.841
0.781
0.084
0.025
-0.005
-0.131
-0.205
-0.149
-0.023
-0.065
0.035
0.025
0.088
0.244
0.074
1.347
0.642
0.463
0.723
0.561
0.210
1.240
0.389
1.506
0.036
0.211
1.561
0.700
0.268
0.183
0.258
-0.708
-0.478
0.054
-2.061
-0.833
-0.043
0.019
0.199
-0.128
0.025
0.782
0.157
-1.130
-0.066
-0.063
-0.554
-0.605
-0.332
-0.998
0.797
-0.301
-0.153
0.905
0.191
0.014
0.016
-0.033
-1.383
0.735
0.025
0.685
0.189
0.222
0.161
0.005
-0.142
-0.782
0.758
-0.062
0.119
-0.088
