0.486
0.584
-0.006
0.090
-0.007
0.106
0.205
-0.118
0.195
0.174
0.040
0.728
0.221
0.088
0.253
-0.061
-0.226
-0.212
-0.017
-0.172
1.027
-1.281
-0.055
0.020
-0.097
0.132
0.602
0.422
0.534
0.055
0.242
0.053
-0.025
0.441
-0.059
2.735
1.665
3.257
0.703
1.290
1.571
3.615
0.056
-0.622
0.045
-0.161
0.110
0.316
2.118
1.230
1.756
1.241
2.023
3.114
1.699
0.884
1.171
0.191
0.436
4.055
0.897
0.843
0.737
2.462
0.099
2.807
0.987
0.489
0.215
-0.184
0.715
0.002
0.215
0.634
1.039
1.926
0.297
-0.573
3.722
0.061
0.271
0.733
0.131
0.460
-0.046
0.389
0.921
2.650
0.519
-0.643
-0.444
0.200
-0.095
0.806
0.097
-0.205
0.022
0.049
1.453
0.332
0.140
-0.042
0.133
0.313
0.738
-0.118
0.013
0.015
0.085
-0.178
0.135
-0.189
-0.189
-0.079
-0.164
0.022
0.000
-0.038
0.017
-0.185
0.018
0.016
-0.142
-0.276
-0.030
1.708
-0.087
-1.560
-0.016
0.184
-0.135
-0.016
0.548
0.203
-1.108
-0.272
-0.242
0.066
0.040
0.432
0.404
0.680
-0.304
-0.048
0.455
0.035
0.494
0.333
0.973
2.146
0.106
0.073
1.130
1.500
2.241
2.916
2.699
0.820
1.159
0.025
1.097
1.256
1.326
1.018
-0.213
0.049
2.156
0.758
0.342
0.852
1.415
0.019
-0.008
-0.026
0.495
1.719
2.464
0.982
0.896
0.263
0.025
1.095
-0.091
0.276
0.750
0.345
0.040
-0.278
-0.487
0.024
0.056
0.138
0.149
1.906
0.189
-0.229
0.394
0.714
1.075
0.196
0.319
0.050
-0.023
0.206
-0.085
0.050
3.431
1.758
0.317
0.064
0.429
-0.117
-1.248
0.631
0.384
-0.991
-0.446
-0.130
2.902
1.895
0.636
2.690
-0.033
1.900
1.108
0.642
1.017
0.116
1.155
0.469
0.622
1.423
0.929
1.737
4.150
-0.255
-0.215
0.296
0.285
0.527
0.001
1.183
-0.160
0.013
2.413
0.037
0.407
0.104
1.060
1.004
0.244
0.917
0.399
0.006
1.138
0.338
1.560
-0.049
-0.009
0.698
1.101
-0.001
1.011
1.388
-1.175
-0.036
-0.469
0.346
-0.073
0.854
-0.273
0.991
-0.069
-0.001
0.178
0.032
0.323
0.219
0.481
-0.486
-0.003
0.347
0.040
0.693
0.429
0.048
0.040
0.229
0.009
0.314
1.470
-0.022
-0.034
-0.003
0.178
0.538
0.629
-1.094
2.770
-0.092
0.371
1.077
0.053
1.149
-0.028
-0.029
-0.613
-1.697
-0.472
0.237
-0.173
-0.707
0.675
0.006
0.576
1.213
1.032
0.183
0.516
-0.365
-0.039
-0.031
0.315
0.199
0.439
0.113
0.240
0.038
0.015
1.862
1.155
0.352
0.284
0.765
0.253
0.436
0.130
0.583
0.023
-0.099
0.629
1.192
-0.452
0.613
0.084
0.308
0.103
-0.179
0.026
3.360
0.961
1.032
1.567
2.271
0.583
0.035
1.159
1.578
1.379
0.664
1.177
0.070
0.149
0.757
0.094
0.036
4.120
-0.084
2.439
0.029
1.334
0.634
1.480
0.654
1.849
-0.337
0.040
0.040
0.499
0.040
0.152
-0.480
-0.030
0.988
0.322
0.391
0.135
0.159
1.570
2.127
-0.210
0.292
-0.021
0.043
-0.018
0.370
0.460
1.507
-0.049
0.984
0.919
0.710
0.213
0.959
0.764
0.864
-0.387
1.890
1.480
0.144
1.347
0.348
0.174
0.210
0.495
-0.102
0.508
1.040
-0.116
0.986
0.345
0.356
-0.019
0.039
0.269
0.840
0.102
-0.091
-0.123
-1.419
0.263
0.563
-0.280
0.489
-0.690
1.319
1.246
-0.015
-0.020
-1.089
-0.576
-0.028
-0.204
-0.216
0.242
-0.070
-0.283
-0.913
-0.407
0.261
0.114
-0.725
-0.350
-0.040
0.549
-0.076
1.782
-0.595
-0.188
0.947
-0.630
0.505
1.714
-0.061
1.361
0.217
0.223
-0.061
0.308
0.370
0.595
-0.232
0.040
2.122
0.628
1.958
2.041
0.656
0.569
2.210
3.340
0.033
-0.183
0.306
0.242
-0.363
1.418
0.441
1.589
0.758
3.444
1.066
0.208
0.417
0.263
0.706
0.551
0.532
0.389
1.692
0.906
1.005
0.230
-0.083
0.040
0.113
0.031
0.027
0.031
0.339
0.102
0.199
0.405
0.621
0.040
0.095
0.373
-0.088
0.451
0.340
1.094
1.129
0.798
0.265
-0.351
0.004
0.567
1.302
0.092
0.033
0.044
-0.038
-0.012
0.134
0.814
0.507
0.707
0.683
0.790
1.422
3.363
1.420
1.011
-0.107
0.736
0.144
0.210
0.080
-0.051
0.040
0.222
0.487
0.794
0.258
0.370
0.103
-0.236
0.150
0.188
0.147
0.775
0.009
0.134
0.574
-0.279
0.181
-0.013
0.697
-0.006
2.133
0.450
0.199
0.218
0.218
1.632
0.058
0.517
-0.105
0.329
-0.066
0.079
0.134
0.019
0.130
-0.593
-0.072
-0.103
-0.284
1.551
0.466
0.193
0.018
0.176
-0.111
0.109
0.261
-0.013
0.209
0.332
-0.025
0.502
0.741
0.153
1.567
0.393
0.864
1.312
1.186
0.183
1.317
0.391
1.522
0.661
0.676
2.626
0.620
0.134
-1.105
0.734
-0.309
0.355
0.622
-0.999
-0.304
0.327
0.890
0.476
-0.075
0.799
0.718
0.627
-1.142
0.112
-0.782
-0.996
-0.205
-0.074
-0.326
0.598
-0.048
-0.114
0.814
-0.003
-0.147
0.036
-0.212
-0.876
0.741
0.304
0.767
0.520
0.402
0.185
-0.091
0.020
-0.974
1.272
-0.257
-0.173
0.425
