-0.422
0.333
0.178
0.234
0.174
-0.063
0.405
-0.011
0.638
0.179
0.401
0.476
0.501
0.392
-3.338
0.002
0.009
-0.023
0.096
0.180
0.136
-2.894
-0.120
0.172
0.125
0.102
0.017
0.076
0.099
-0.003
0.372
0.052
-0.787
-0.333
-0.251
3.660
2.729
2.944
0.550
2.352
2.729
4.898
-0.069
-0.587
0.100
-0.011
0.297
-0.046
3.017
1.841
3.388
2.252
3.085
3.173
3.229
1.737
1.386
0.223
1.013
5.202
1.531
1.698
2.283
2.118
1.967
3.457
1.642
0.347
0.057
0.391
0.983
-0.153
-0.599
0.660
-0.039
0.064
-0.457
-1.308
3.941
0.070
-0.234
1.621
0.799
0.272
-0.256
0.068
0.836
3.163
0.635
-0.131
-0.008
0.323
0.082
0.775
0.365
0.195
0.084
-0.115
1.773
0.954
0.041
0.065
-0.126
0.734
0.031
-0.101
0.008
-0.036
0.003
-0.356
0.152
0.163
-0.001
-0.052
-0.113
-0.036
0.031
-0.406
0.000
-0.196
0.034
0.045
0.013
-0.384
-0.298
1.804
-0.586
-1.464
-1.010
0.196
0.010
-0.140
0.002
0.033
-0.988
1.792
1.168
0.249
-1.630
0.110
0.177
-2.333
-2.284
0.098
0.011
-0.585
0.168
1.631
1.672
2.341
1.024
0.240
1.005
2.876
2.353
3.531
3.805
2.553
3.408
-0.069
0.907
2.531
1.723
0.014
-0.586
0.110
0.750
1.450
0.326
0.037
0.945
-1.040
-1.862
-0.004
1.185
1.931
1.939
0.767
1.521
1.121
-0.184
1.888
0.122
1.141
0.698
0.384
0.185
-0.394
-0.077
0.353
0.281
-0.027
-0.691
-0.077
1.420
-1.213
0.632
0.655
0.074
0.054
0.066
0.065
-0.260
0.336
0.494
0.038
2.730
2.244
1.217
-0.151
0.072
0.562
-1.125
0.755
0.682
-1.853
-0.227
0.086
2.865
3.194
1.842
2.998
0.469
2.395
0.933
0.906
1.203
0.819
1.883
1.006
0.193
2.005
1.618
1.583
3.301
-0.500
-1.940
0.500
0.020
0.940
0.228
1.005
0.317
0.178
4.235
0.047
0.581
0.249
1.586
1.957
-0.306
1.395
0.257
0.453
1.467
0.168
1.899
0.034
0.330
1.731
1.302
0.268
1.301
0.789
-1.408
-0.164
-0.132
-0.014
-0.135
1.383
-0.051
0.201
0.034
-0.545
0.879
0.047
0.160
0.202
0.059
-0.545
-0.136
0.495
-0.026
0.771
1.227
0.074
0.062
0.125
0.022
0.352
2.728
-1.033
-0.063
-0.681
0.061
-0.417
0.355
-0.548
2.427
-0.738
-0.432
1.368
0.595
2.298
0.201
0.155
-1.238
-2.357
-3.296
-0.059
-0.811
-1.602
0.628
-0.264
0.332
3.005
0.498
-0.334
-0.056
-0.204
-0.006
0.027
0.377
0.083
0.591
0.175
1.161
0.089
0.031
2.280
1.093
-0.055
0.559
0.716
0.385
1.457
0.472
0.691
0.082
-0.186
0.600
1.171
-0.878
0.864
0.854
0.065
0.387
0.049
-0.021
3.359
1.573
1.429
2.046
2.324
0.693
0.089
1.749
2.378
1.395
-0.076
0.378
0.091
0.899
1.554
1.389
-0.002
4.530
-0.228
3.032
-0.235
2.297
1.913
0.892
0.119
2.528
0.506
-0.082
-0.051
0.175
0.241
-0.146
-0.539
-0.881
0.806
0.731
0.027
-0.013
0.033
-0.133
1.138
-1.663
-0.036
0.174
-0.307
-0.196
1.048
0.157
2.011
0.090
2.170
1.872
0.033
0.820
3.227
0.197
1.150
0.139
2.228
2.800
-0.132
0.388
0.120
0.082
-0.209
0.519
0.152
0.221
0.785
0.017
1.493
0.582
0.704
0.339
0.368
0.165
0.340
0.415
0.165
-0.225
-1.042
0.034
-0.356
-0.108
0.355
-0.159
2.212
1.372
0.221
0.016
-0.607
-1.105
-0.429
-0.045
-0.373
0.310
-0.640
-0.431
-0.603
-1.095
-1.851
-0.994
-0.023
-0.287
-0.072
1.219
-0.124
1.307
-0.579
-0.085
1.994
-0.735
0.353
2.123
0.138
0.546
0.082
0.022
-0.028
0.033
0.519
0.594
-0.024
0.268
1.858
-0.097
3.139
0.906
0.129
0.395
1.155
2.247
0.114
-0.046
0.299
0.619
0.600
1.683
1.101
2.180
0.657
2.938
1.492
0.377
0.639
0.112
0.620
0.088
0.360
0.584
1.935
1.232
2.382
0.262
0.009
-0.020
0.135
0.001
0.034
-0.377
0.319
0.349
0.250
0.060
-0.286
-0.057
-0.001
-0.104
0.348
0.248
0.623
2.034
1.406
1.360
-0.171
-1.010
-0.265
0.573
1.451
0.035
0.163
0.234
0.186
0.006
0.205
1.364
0.577
0.843
0.097
0.717
1.291
3.686
1.723
1.172
-0.058
0.284
0.370
0.965
-0.130
-0.030
-0.490
0.128
1.079
0.690
0.379
0.444
0.211
-0.270
0.076
-0.026
-0.206
0.405
0.511
0.046
0.964
0.284
-0.343
-0.218
0.884
-0.231
3.273
0.871
1.179
0.197
0.122
1.279
0.085
3.055
0.298
0.187
0.012
0.186
-0.498
-0.671
0.034
-0.016
-0.044
0.013
0.021
3.137
0.757
-0.360
-0.088
0.171
0.089
-0.175
0.139
0.261
0.272
0.414
0.017
1.173
0.459
0.416
2.684
1.196
0.488
0.864
0.345
0.119
1.614
0.421
1.775
0.522
0.488
5.063
1.199
0.094
1.528
0.914
-0.353
-0.127
0.335
-2.464
-0.607
0.750
1.418
0.668
-0.190
0.024
1.334
0.542
-0.639
-0.085
-0.509
-0.793
-0.337
0.456
-0.082
0.480
-0.017
-0.585
0.518
1.417
-0.029
-0.138
-0.103
-0.736
1.473
0.445
0.658
0.723
0.609
0.119
-0.056
-0.187
-1.169
2.084
-0.271
-0.022
-0.102
