0.081
0.102
0.147
-0.078
0.028
-0.460
-0.029
-0.010
-0.820
0.143
-0.465
-0.276
-0.314
-0.619
0.314
0.138
0.427
0.386
0.117
0.727
-0.712
1.194
0.539
-0.226
0.142
-0.144
-0.152
-0.068
-0.437
0.113
-0.457
-0.117
0.194
0.162
0.177
-2.728
-1.984
-2.167
-0.649
-1.890
-2.240
-3.627
0.168
0.230
0.016
0.032
-0.213
0.167
-2.036
-1.445
-2.084
-1.673
-2.141
-2.733
-2.284
-1.662
-1.183
0.230
-0.421
-3.071
-0.983
-1.409
-1.607
-1.880
-1.432
-2.725
-1.855
-0.724
-0.018
0.166
-1.175
0.230
-0.002
-0.248
-1.086
-2.431
-0.201
1.013
-3.189
0.245
0.255
-0.855
-0.112
-0.218
-0.047
-0.487
-1.209
-2.691
-0.811
0.415
0.261
-0.408
-0.281
-0.780
-0.405
0.051
0.111
0.044
-1.334
-1.072
-0.158
0.639
-0.719
-0.267
-0.143
0.232
0.110
0.361
0.087
0.286
0.385
0.001
0.375
0.087
0.226
0.225
0.081
0.250
0.152
0.111
0.110
0.114
0.203
0.441
0.287
-1.497
-0.024
0.249
0.293
-0.077
0.037
-0.648
-0.780
-0.413
0.135
-1.004
0.786
-1.221
-0.274
-0.403
-0.886
1.722
1.964
-0.353
-0.375
-0.290
-0.567
-1.199
-0.408
-1.962
-1.603
0.212
-1.222
-1.926
-1.679
-2.866
-2.796
-1.714
-2.274
-0.535
-0.580
-1.107
-1.537
-0.005
0.190
-0.077
-1.277
-1.038
-0.333
-1.099
-1.640
-0.341
0.697
-0.006
-0.736
-1.918
-1.584
-0.593
-1.520
-1.508
0.084
-1.614
0.328
-0.867
-0.529
-1.232
-0.478
0.331
-0.264
0.162
0.066
0.012
0.300
-1.118
-1.582
0.202
-0.768
-0.655
-0.397
-0.395
-0.974
-0.157
0.739
-0.036
-0.173
0.212
-2.665
-2.077
-0.819
0.053
-0.773
-0.050
0.261
-0.170
-0.190
1.732
0.144
0.103
-2.793
-1.716
-1.255
-2.459
-0.930
-1.599
-1.067
-1.237
-1.379
-1.095
-1.085
-0.964
-0.798
-2.139
-1.611
-1.202
-2.585
0.075
0.169
-2.836
-0.118
-0.530
-0.765
-0.675
0.022
0.154
-4.117
-0.080
-0.818
0.263
-1.280
-1.842
0.005
-1.237
-0.279
-0.187
-1.177
-0.895
-1.798
0.023
0.200
-1.454
-1.306
0.190
-0.931
-0.622
1.939
-0.742
0.391
0.100
-0.134
-0.889
0.189
-0.761
0.049
0.205
-0.968
0.258
-1.139
-0.745
-0.985
-0.143
-0.835
-0.322
-0.246
-1.459
-1.129
0.033
-1.279
-0.471
-0.319
-0.393
-2.575
0.276
-0.113
0.084
-0.022
-0.109
0.263
0.790
-1.639
0.009
0.530
-0.759
-0.765
-1.846
0.070
-0.139
0.426
1.130
0.887
-0.367
0.070
0.537
-0.825
0.345
-1.477
-2.028
-0.510
0.380
0.229
0.129
-0.068
0.008
-0.963
-0.307
-0.491
0.070
-0.610
0.002
-0.012
-1.981
-1.256
-0.172
-0.454
-0.607
-0.234
-1.482
-0.337
-0.570
-0.015
0.238
-0.877
-1.368
0.320
-0.562
-1.000
-0.145
-0.651
0.198
0.004
-2.560
-1.759
-1.019
-1.470
-1.612
-0.384
-0.032
-1.671
-1.673
-1.210
-1.495
-1.724
0.012
-0.981
-1.101
-0.815
-1.357
-1.208
0.252
-1.735
0.471
-1.131
-0.875
-1.494
-0.675
-0.811
-0.225
-0.553
-0.118
-0.852
-0.918
-0.118
0.521
1.317
-0.080
-0.009
-0.573
0.134
-0.300
-1.471
-0.707
-0.024
0.934
0.266
0.061
0.071
-1.011
-0.285
-1.439
-0.357
-2.252
-1.293
-0.092
-1.086
-2.694
-0.552
-0.419
-1.079
-1.441
-1.976
-0.112
-0.893
0.073
-0.316
0.124
-0.335
-0.017
-0.407
-0.847
-0.288
-1.256
-0.799
-0.660
-0.175
-0.666
-0.721
-1.175
-0.192
-0.044
0.155
0.525
-0.403
-0.112
0.561
-0.291
0.292
-1.256
-0.895
-0.174
0.370
1.260
0.611
0.111
0.146
0.574
-0.044
0.848
1.004
1.019
0.254
0.261
-0.544
0.179
0.482
0.053
-0.724
0.196
-1.925
0.590
0.344
-1.973
0.410
-0.363
-1.706
0.556
-0.886
0.167
-0.328
-0.228
-0.204
-0.638
-0.767
0.246
-0.471
-1.663
-0.564
-1.610
-1.134
-0.604
0.084
-1.527
-2.203
-0.045
-0.115
-0.039
-0.178
0.002
-1.380
-0.579
-1.245
-0.596
-2.597
-1.179
-0.424
-0.410
-0.447
-1.043
-0.660
-0.311
-0.776
-2.093
-1.105
-1.434
-0.184
-0.047
0.050
-0.220
-0.173
-0.072
0.113
-0.242
-0.364
-0.506
-0.133
-0.265
-0.059
-0.108
-0.667
-0.806
-0.201
-0.218
-1.788
-1.940
-0.789
-0.242
0.746
0.058
-0.427
-1.182
-0.258
-0.117
-0.105
0.089
-0.209
-0.610
-0.989
-0.319
-0.827
-0.140
-1.050
-1.593
-2.358
-0.885
-0.938
0.448
-0.083
-0.928
-1.695
0.182
-0.884
0.544
-0.050
-0.933
-0.396
-0.298
-0.292
-0.451
-0.072
-0.176
-0.034
-0.010
-0.787
-0.148
-0.106
-0.548
-0.683
0.051
0.553
-0.767
0.314
-2.811
-1.165
-0.760
0.023
-1.399
-1.245
-0.457
-1.430
-0.022
-0.255
0.241
-0.242
-0.218
0.533
-0.307
0.560
0.380
0.036
0.251
-2.723
-0.830
0.111
0.011
-0.505
-0.554
-0.071
-0.263
-0.460
-0.293
-0.335
-0.067
-1.578
-0.507
-0.381
-1.381
-0.778
-0.555
-1.026
-0.864
-0.321
-1.291
-0.645
-1.329
-1.252
-1.165
-3.425
-1.048
-0.373
-1.412
-0.648
0.240
-0.407
-0.253
0.464
-0.007
-1.738
-0.387
-0.772
-0.163
0.282
-0.880
-0.153
0.308
-0.182
0.309
0.774
0.199
-1.345
-0.270
-0.588
0.417
0.453
-0.920
-0.769
0.109
0.393
0.325
0.571
-0.805
-0.220
-0.935
-0.978
-1.042
-0.234
0.154
1.858
1.650
-1.837
0.149
0.502
0.194
