0.560
0.147
0.033
0.159
0.211
0.241
0.327
0.340
1.066
0.390
0.265
0.317
0.330
0.479
-0.480
0.022
-0.284
-0.290
-0.176
-0.065
0.640
-1.712
-0.543
0.342
0.150
-0.094
0.201
0.124
0.103
0.026
0.433
0.016
-0.212
0.058
-0.376
2.903
2.229
2.931
0.782
1.767
2.468
3.656
-0.305
-0.623
0.391
-0.069
0.195
0.009
3.268
1.690
2.834
2.426
3.026
4.047
2.833
1.949
1.920
-0.086
0.948
3.397
1.856
1.842
1.602
2.165
1.579
2.815
1.771
0.933
0.192
0.250
1.952
-0.288
-0.389
0.293
0.635
2.723
0.205
-1.702
4.575
-0.350
-0.421
1.434
0.766
0.191
-0.538
0.237
1.130
3.144
0.761
-0.471
-0.208
0.352
0.399
0.890
0.342
-0.252
-0.107
-0.198
1.775
1.019
0.557
0.190
0.354
1.320
0.769
-0.394
0.121
-0.535
-0.030
-0.265
-0.046
0.208
-0.182
-0.110
-0.268
-0.250
0.047
-0.160
-0.028
-0.179
0.054
0.057
-0.146
-0.405
-0.249
2.160
-0.781
-0.992
-0.612
0.489
0.004
-0.415
0.801
0.721
-0.850
0.379
-0.664
1.132
-0.178
0.573
1.444
-0.659
-1.022
0.226
0.432
0.323
0.326
0.918
1.010
2.499
0.838
-0.187
1.336
2.204
2.478
4.141
3.247
3.085
2.819
-0.190
1.318
3.331
2.682
0.068
-0.364
-0.109
1.675
1.625
0.109
0.557
1.691
-0.623
-0.409
-0.407
1.088
2.069
1.133
0.644
1.417
1.279
-0.088
1.740
-0.162
0.918
1.141
1.010
0.289
-0.337
-0.344
0.350
-0.375
0.917
-0.383
1.427
1.241
-0.754
0.790
0.807
0.269
0.401
0.079
0.154
-0.597
0.125
0.247
0.023
3.469
3.149
1.510
-0.017
0.436
-0.111
-1.564
0.552
0.359
-1.063
-0.128
-0.345
4.018
2.433
1.409
3.001
0.629
2.077
1.589
0.988
1.129
0.997
1.308
1.120
0.559
2.279
1.821
0.976
3.390
-0.368
-1.721
1.386
-0.046
0.752
0.392
1.051
-0.309
0.057
2.961
0.098
1.045
-0.259
1.307
2.152
0.217
1.087
0.267
0.200
1.311
0.744
2.039
-0.192
-0.869
1.545
0.960
-0.178
0.964
0.831
-1.190
0.153
-0.462
-0.414
0.035
1.426
-0.298
1.632
0.180
-0.507
0.982
-0.002
0.301
0.448
0.258
-0.551
-0.315
0.880
1.317
1.577
1.311
0.441
0.940
-0.120
-0.086
0.407
2.734
-0.282
-0.155
-0.389
-0.162
-0.262
0.240
-0.839
2.688
-1.008
-0.116
0.871
0.169
1.459
-0.503
1.112
-1.153
-2.018
-1.434
-0.077
0.347
-1.417
1.165
0.091
0.945
2.555
1.391
-0.829
-0.262
-0.083
0.200
-0.101
0.232
0.159
0.748
-0.018
1.004
-0.057
-0.021
2.287
1.021
0.538
0.715
0.669
0.179
1.480
0.549
0.535
0.033
-0.359
0.401
1.447
-0.879
0.328
0.291
-0.088
0.212
-0.393
-0.280
3.443
1.975
1.477
2.340
2.084
0.761
0.175
1.885
2.529
1.025
0.985
1.810
0.097
1.074
1.424
1.422
0.568
-0.196
-0.072
2.379
-0.106
1.165
1.111
1.914
0.484
1.711
0.070
0.016
-0.200
-0.091
0.322
-0.254
-0.376
-1.439
-0.351
0.048
0.600
0.585
0.309
1.060
-0.055
-0.896
-0.357
-0.209
0.130
0.214
1.237
0.651
1.202
-0.492
2.169
1.620
0.489
0.918
0.981
1.735
1.168
0.001
3.413
2.749
-0.374
0.602
-0.122
0.054
-0.262
0.111
-0.107
0.236
1.517
0.168
1.617
0.803
0.835
-0.189
0.732
0.455
0.990
0.143
-0.189
-0.138
-1.591
0.237
-0.146
0.013
1.093
-0.086
2.115
0.997
-0.442
-0.333
-1.532
-1.151
-0.178
-0.280
-0.771
0.221
-1.057
-1.134
-1.350
-1.405
-0.379
-0.273
0.030
-0.648
-0.230
0.478
-0.530
2.254
-0.984
-0.246
2.180
-0.636
0.525
1.878
-0.667
1.310
0.259
0.315
-0.233
0.278
0.541
1.085
-0.469
0.118
2.696
0.175
2.753
0.834
1.013
0.532
1.340
2.536
0.199
-0.201
0.643
0.456
0.252
2.071
0.519
1.465
0.557
2.549
1.240
0.504
0.390
0.195
1.238
0.758
0.197
0.791
2.164
1.496
1.965
-0.018
0.112
0.045
0.135
0.104
0.387
-0.278
0.272
0.188
0.162
0.230
0.829
-0.138
0.037
0.634
0.415
0.445
0.548
2.099
2.527
1.015
0.230
-0.436
0.036
0.347
1.775
0.155
0.652
0.201
0.174
-0.088
1.218
1.356
0.522
0.927
0.469
0.735
1.692
3.765
1.310
1.458
-0.806
-0.322
0.590
0.802
0.640
0.217
-0.500
0.282
0.968
0.608
0.497
0.099
0.288
-0.191
0.152
0.016
-0.433
0.755
0.523
0.257
1.221
0.275
-0.330
-0.231
0.877
-0.628
2.892
0.562
1.257
-0.111
-0.177
1.046
-0.206
0.778
-0.040
0.187
-0.201
0.302
-0.316
-0.616
0.190
-0.220
-0.168
-0.046
-0.071
1.428
1.111
-0.336
-0.142
0.326
-0.097
0.048
0.603
-0.406
0.309
0.595
-0.170
0.795
0.868
0.199
2.393
0.809
0.587
1.149
1.345
0.071
1.495
0.285
1.315
1.001
0.815
3.113
1.036
-0.116
1.215
0.703
-0.409
-0.339
0.388
-1.102
-0.234
0.360
0.293
2.067
-0.464
-0.240
1.527
0.898
-1.009
0.381
-0.354
-0.752
-0.544
0.575
-0.529
0.932
-0.313
-0.748
1.216
1.077
-0.019
-0.307
-0.261
-0.926
0.800
0.485
1.236
0.937
0.205
0.425
-0.400
-0.483
-2.186
1.511
-0.362
0.424
0.346
