0.254
-0.064
-0.066
-0.062
0.042
-0.105
0.145
0.064
0.266
0.292
0.400
0.727
0.146
0.183
-0.013
0.143
0.098
0.153
0.161
0.100
0.249
0.163
-0.351
0.221
0.007
0.361
-0.167
-0.175
0.214
0.143
0.098
-0.038
-0.574
0.036
-0.649
2.275
1.805
2.153
0.441
1.733
2.318
3.577
0.031
0.120
0.455
-0.119
0.214
0.129
2.547
1.155
2.386
1.560
1.927
2.601
2.189
1.137
1.366
0.087
0.578
3.694
0.900
1.484
1.054
1.335
0.989
1.848
1.044
0.497
0.039
-0.006
0.268
0.163
0.094
0.287
1.363
1.872
0.813
-1.176
2.368
-0.059
-0.527
1.425
0.367
0.130
-0.271
0.039
0.713
2.252
0.559
0.177
0.038
0.591
0.226
0.945
0.565
-0.133
0.064
0.006
1.470
0.446
0.125
-0.273
0.242
0.307
0.292
-0.126
-0.031
0.016
-0.115
-0.165
-0.126
-0.081
-0.153
-0.144
-0.193
-0.156
0.034
0.105
-0.037
-0.068
0.010
-0.047
-0.040
-0.577
-0.253
1.183
-0.406
-0.601
-0.052
0.165
0.010
0.546
0.287
2.648
-0.538
0.576
-0.006
0.254
-0.894
1.328
1.574
-1.856
-1.466
0.251
0.477
0.392
0.093
0.827
0.314
2.099
1.004
0.161
1.041
2.122
1.442
3.082
2.574
3.232
2.138
0.199
0.179
2.540
1.048
0.442
0.068
0.082
0.467
1.208
0.359
0.594
1.883
1.133
0.008
-0.066
1.137
1.117
3.228
0.163
0.879
0.534
-0.366
1.292
0.024
0.333
0.397
0.866
0.506
-0.991
-0.109
0.007
-0.101
0.052
-0.066
1.657
0.901
0.179
0.169
0.475
0.504
0.145
0.488
0.474
0.104
0.164
0.154
0.132
2.738
1.636
0.791
0.031
0.681
0.159
-0.442
0.168
0.021
-0.209
0.024
-0.176
2.722
0.979
1.180
2.573
0.174
1.454
0.996
0.182
0.355
0.618
1.112
0.465
0.168
1.555
0.665
0.904
3.182
0.229
-0.524
1.806
-0.040
0.485
0.149
0.766
-0.230
-0.169
2.500
0.057
0.469
-0.098
1.447
1.337
-0.076
0.949
0.108
-0.071
1.062
0.472
1.145
0.166
0.510
0.794
0.433
0.173
1.265
0.266
-1.170
0.194
-0.656
0.036
-0.288
0.125
-0.101
1.245
0.077
0.019
0.595
0.164
-0.190
0.281
0.564
0.148
0.095
0.189
1.673
1.650
0.639
-0.064
0.861
0.379
0.061
0.338
0.784
-0.203
0.017
-0.576
-0.033
0.277
-0.086
-0.235
1.601
-0.616
-0.257
0.722
0.639
0.989
0.349
0.059
-0.593
-0.321
-0.025
0.040
-0.009
-1.067
0.636
-0.972
-0.138
1.914
0.794
-0.673
0.137
-0.182
0.018
-0.067
0.310
0.218
0.289
-0.090
0.649
-0.058
0.058
1.638
0.345
0.752
0.092
0.692
0.158
0.797
0.347
0.481
-0.027
0.067
0.758
1.054
-0.595
0.244
-0.073
-0.127
0.390
-0.031
-0.066
2.595
0.838
0.753
1.000
1.196
0.448
0.201
1.292
1.241
0.587
0.804
1.297
-0.046
0.781
1.762
0.791
0.905
2.915
0.204
1.754
-0.061
1.740
0.989
0.901
0.283
0.897
-0.066
0.086
-0.020
0.161
0.672
0.259
-0.418
-1.061
0.243
0.171
0.142
0.045
0.089
0.992
0.772
-0.239
0.556
-0.076
-0.468
0.176
0.883
0.341
0.843
-0.060
1.276
0.809
0.680
0.704
1.386
1.284
1.827
0.092
1.682
1.977
0.648
0.712
0.281
0.796
-0.512
0.091
0.094
0.163
0.670
0.331
0.431
0.469
0.491
-0.120
0.186
0.540
0.197
0.322
0.385
0.365
0.252
0.021
0.146
0.129
1.397
0.015
0.817
0.472
1.240
-0.093
-0.774
-0.490
-0.060
-0.422
-1.060
0.041
-0.239
-0.361
-0.485
-0.321
-0.327
0.160
-0.862
0.029
-0.036
0.789
-0.696
1.437
-1.162
-0.371
0.891
-0.671
-0.268
1.097
-0.156
0.496
0.136
0.194
-1.213
0.019
0.668
0.710
-0.106
0.189
1.097
0.425
2.059
0.574
-0.072
0.129
0.567
0.818
-0.121
-0.476
0.277
-0.170
-0.161
1.395
0.411
1.649
0.807
2.702
0.784
0.200
0.349
0.178
1.180
0.199
0.190
0.627
1.850
1.009
1.961
-0.010
0.303
-0.260
-0.001
0.014
0.508
0.061
0.128
0.248
0.005
-0.025
0.917
0.515
0.214
0.377
0.240
-0.127
0.133
1.398
1.241
0.404
-0.098
-0.474
-0.298
0.242
0.311
0.104
-0.152
-0.066
-0.072
-0.205
0.027
1.045
0.204
0.709
0.245
0.783
1.430
2.502
0.978
0.915
-0.094
0.465
0.399
0.577
-0.965
0.189
-0.283
0.106
0.343
0.210
0.174
0.205
0.002
-0.058
0.434
-0.034
0.043
0.257
0.596
0.280
0.650
0.790
-0.207
-0.334
0.914
-0.048
1.876
0.558
0.352
1.059
1.208
1.229
0.379
0.810
-0.156
0.108
-0.275
0.185
-0.422
-0.141
0.146
-0.169
-0.045
0.097
0.206
0.882
1.161
-0.113
-0.256
0.027
0.170
0.017
0.111
-0.126
-0.061
0.331
-0.122
0.440
0.334
0.091
1.706
0.851
0.179
0.863
1.150
0.133
1.268
0.266
0.501
0.867
0.605
2.700
0.855
-0.026
0.056
0.613
-0.169
-0.172
0.693
-0.923
-0.437
-0.121
0.544
0.622
0.368
0.346
0.616
0.133
0.054
0.515
-0.443
-0.302
-0.373
0.674
-0.185
0.163
-0.310
-0.372
0.778
0.978
0.108
-0.097
-0.101
-0.225
0.468
0.033
0.418
0.762
0.996
0.002
-0.152
-0.379
-0.027
1.190
0.374
-0.181
0.038
