0.622
-0.177
-0.138
-0.298
0.248
0.025
0.486
0.692
1.118
0.406
0.708
0.894
0.513
0.521
-0.127
-0.010
-0.375
-0.210
0.198
-0.426
0.917
-1.451
-1.051
0.194
0.057
0.156
0.294
0.097
0.779
0.088
0.015
0.339
0.246
0.355
0.082
3.316
2.611
3.037
0.673
1.774
2.112
4.044
-0.228
-0.208
0.303
0.260
0.304
0.150
0.875
1.866
2.823
2.323
1.716
3.196
2.658
1.661
1.142
-0.032
0.953
3.486
1.187
1.278
1.427
1.927
1.197
3.397
1.534
0.379
0.441
0.089
1.321
-0.087
0.075
1.100
1.336
3.254
0.148
-0.889
4.792
-0.068
-2.279
0.476
-0.037
-0.036
-0.394
-0.286
0.601
2.908
0.511
0.870
-0.087
0.001
0.276
0.706
0.654
-0.056
0.057
-0.059
1.613
1.230
0.354
-0.072
1.156
1.510
0.496
-0.380
0.185
-0.163
0.091
-0.216
0.065
0.401
-0.222
-0.117
-0.187
-0.152
0.214
-0.359
-0.021
-0.490
0.125
0.101
-0.147
-0.255
-0.202
0.740
1.116
-1.362
-0.734
-0.031
0.185
-0.018
2.360
0.835
0.057
0.726
-0.048
1.442
-0.415
0.658
0.468
-1.682
-1.361
0.549
0.082
0.102
0.281
1.421
0.769
1.652
1.524
-0.398
1.407
1.925
2.018
3.249
2.215
3.554
3.427
0.137
1.515
1.924
2.297
-0.013
-0.137
0.035
1.330
1.153
0.323
2.107
1.735
-0.064
-0.036
-0.437
0.979
1.657
1.687
0.601
2.502
0.606
0.060
1.590
-0.071
0.715
0.738
1.189
1.037
-0.383
-0.419
-0.347
-0.219
0.014
-0.485
2.433
1.845
-0.664
0.604
1.013
0.520
1.084
0.504
0.555
-0.101
0.336
0.083
-0.065
3.848
3.368
0.995
-0.164
0.080
0.023
-0.168
0.530
0.145
-3.033
-2.192
-0.168
2.524
2.565
1.423
3.077
0.257
2.075
1.864
0.466
1.160
0.577
1.183
0.571
0.169
1.806
1.489
1.110
3.922
-0.651
-1.664
1.705
0.272
1.105
0.024
1.138
0.021
-0.046
3.411
0.142
1.986
-0.056
1.485
2.939
0.590
1.085
0.396
0.117
1.182
0.770
1.388
-0.056
0.984
1.149
0.730
0.186
1.740
0.535
-1.763
-0.176
-0.198
-0.461
0.056
0.664
-0.097
1.652
-0.105
-0.239
0.942
-0.056
0.638
0.402
1.600
-0.245
0.789
0.376
0.662
1.907
1.343
0.073
1.405
-0.225
-0.061
0.359
1.663
-0.770
-0.065
-0.338
-0.011
0.086
-0.049
-1.285
3.024
-0.880
0.862
0.715
-0.113
4.715
0.010
-0.116
-0.698
-2.225
-1.161
1.115
-0.247
-0.548
0.875
-0.034
-0.163
3.575
-0.372
-0.481
-0.188
-0.318
0.161
-0.067
0.284
0.142
0.563
0.104
1.438
0.209
-0.020
2.226
1.471
0.390
0.768
0.558
0.187
1.453
0.590
0.154
0.100
-0.073
0.858
1.933
-0.056
-0.047
-0.037
-0.606
0.123
-0.123
-0.070
3.200
1.277
1.332
1.383
2.041
0.816
0.510
1.238
2.110
0.933
0.365
0.894
0.199
0.026
1.571
-0.028
-1.445
2.699
-0.016
2.433
-0.863
2.041
1.069
2.031
0.021
2.144
-0.541
0.355
0.020
0.014
-0.909
-0.517
-1.337
-1.650
-0.093
-0.071
0.607
0.932
-0.041
2.561
0.917
-0.329
0.193
-0.216
0.650
0.745
1.108
0.495
2.217
-0.467
2.375
1.616
1.384
0.975
1.359
1.705
-0.343
0.105
2.210
3.015
0.051
1.413
-0.078
1.693
0.136
0.231
0.397
0.389
1.209
0.525
1.061
0.487
0.808
-0.106
1.399
0.239
-0.083
0.449
0.351
0.450
0.097
0.312
-0.056
-0.706
0.931
-0.016
2.011
1.378
3.879
0.221
-1.530
-0.263
-0.217
-0.261
-0.392
0.138
-0.941
-0.855
-1.425
-2.047
-0.378
0.222
-0.459
-0.324
0.002
1.080
-0.658
1.720
-0.541
-0.278
1.218
-0.885
-0.523
0.838
-0.643
1.545
-0.030
0.378
-0.616
0.326
0.649
1.106
-0.195
0.381
2.075
0.344
3.469
0.830
0.477
0.561
1.350
2.084
0.376
0.184
0.230
0.472
0.092
1.655
0.802
1.657
0.576
3.173
1.084
0.525
0.065
0.423
1.763
0.088
0.341
1.029
0.374
1.166
2.076
-0.092
0.258
0.592
-0.052
0.327
0.362
-0.475
0.106
0.550
0.550
-0.004
0.623
0.046
0.257
0.455
-0.037
0.544
0.584
1.659
2.306
0.938
0.155
-0.534
-0.005
0.466
0.352
0.269
0.338
0.152
0.068
0.232
0.465
1.087
0.372
0.655
0.288
1.902
2.122
3.019
1.100
1.220
-0.081
0.768
0.289
4.264
-0.112
0.395
-0.555
0.337
0.760
0.886
0.442
0.815
-0.002
0.153
-0.052
0.115
0.168
0.449
0.774
0.262
0.566
0.532
-0.335
-0.507
0.485
-0.167
3.111
0.768
-0.056
1.750
2.716
1.271
-0.128
1.028
0.100
-0.067
-0.139
0.226
-0.243
-0.851
-0.047
-0.373
-0.220
0.018
-0.216
0.631
-0.200
0.001
-0.051
-0.191
0.299
0.283
0.443
0.091
0.215
0.403
0.031
0.085
0.579
0.124
1.509
0.409
-0.056
0.311
0.569
-0.286
1.437
0.278
0.959
0.763
0.786
3.663
0.885
0.403
-0.964
1.112
-0.284
-0.375
0.511
-0.645
-0.496
0.539
0.942
2.060
0.178
0.303
1.001
0.377
-0.323
0.004
-0.638
-0.625
-0.528
0.671
-0.743
-0.057
-0.047
-0.732
1.015
0.526
-0.001
-0.106
-0.239
-0.175
0.521
0.361
1.137
0.862
1.610
0.296
-0.243
-0.885
-1.585
1.379
-0.135
-1.017
-0.089
