0.265
0.169
0.066
0.143
0.152
-0.230
0.689
0.077
0.755
0.307
0.307
0.576
-0.507
0.084
-0.614
-0.168
-0.005
-0.275
-0.227
0.072
0.270
-0.956
0.028
0.295
0.082
0.347
0.048
0.055
0.654
-0.011
-0.184
0.045
-0.231
0.126
-0.257
2.916
2.506
3.083
0.775
2.462
2.889
4.254
-0.046
0.062
0.396
-0.000
0.215
0.065
3.134
1.921
2.977
2.135
3.306
3.621
3.053
1.871
1.428
0.043
1.024
3.961
1.546
1.474
1.699
2.192
1.947
3.966
3.000
0.701
0.147
1.373
1.040
-0.006
-0.511
0.457
1.362
2.515
0.586
-1.109
4.553
-0.056
-0.580
1.904
0.884
0.461
-0.164
0.238
1.869
4.126
0.944
0.445
-0.405
0.558
0.040
0.675
0.690
0.252
0.213
-0.119
1.354
0.625
0.160
0.036
0.233
1.010
0.459
-0.148
-0.004
-0.041
-0.016
-0.140
-0.099
0.062
-0.148
-0.020
-0.235
-0.060
0.043
-0.303
-0.027
-0.150
-0.022
-0.006
-0.072
-0.346
-0.123
1.252
-0.157
-0.846
-0.675
0.022
-0.071
-0.092
0.455
0.750
-0.830
0.839
0.617
0.338
-1.257
0.306
0.335
-1.533
-1.109
0.230
0.399
0.016
0.320
1.166
1.707
2.414
0.601
0.154
1.093
3.799
2.869
3.710
3.051
2.893
1.523
-0.003
0.261
1.899
2.118
0.955
-0.273
0.031
0.954
0.792
0.349
0.826
1.956
-0.061
0.217
-0.050
0.907
1.727
1.981
0.979
1.399
1.027
0.028
2.620
-0.061
0.474
0.784
0.828
0.286
-0.298
0.953
0.108
0.096
0.083
-0.340
2.470
2.530
-0.743
0.682
0.551
0.402
0.447
0.357
0.072
-0.207
0.195
0.233
0.203
2.208
2.401
0.701
0.173
0.241
0.046
-1.156
-0.138
0.531
-0.640
0.378
-0.066
2.917
3.124
1.332
3.112
0.763
2.738
2.101
1.043
1.372
1.572
1.486
0.965
1.470
1.901
1.650
1.443
4.200
-0.305
-1.879
0.901
0.130
1.154
0.305
0.934
0.481
-0.109
4.281
0.115
0.398
-0.186
1.500
1.698
0.098
0.902
0.399
0.345
1.517
0.374
1.794
-0.051
-0.806
0.903
1.138
0.080
1.010
0.709
-1.883
0.454
-0.394
0.272
-0.153
0.435
-0.137
1.290
0.112
-0.146
0.859
0.062
1.289
0.297
0.418
0.213
0.314
0.440
1.395
0.978
1.142
-0.282
0.659
0.429
0.045
0.515
2.320
-0.153
-0.007
-0.174
0.073
-0.198
-0.005
-0.946
2.458
-0.108
0.008
1.464
1.027
2.202
-0.020
0.541
-0.627
-1.720
-1.154
-0.338
0.353
-1.367
0.675
-0.183
1.587
2.809
0.534
-0.112
-0.064
0.019
0.073
-0.059
0.262
0.207
0.322
-0.237
0.768
0.004
0.020
1.267
1.339
0.181
0.862
0.776
0.339
1.337
0.513
0.304
0.017
0.058
0.619
1.395
-0.197
0.146
0.062
-0.007
0.088
-0.054
0.054
3.247
1.526
1.017
1.738
2.241
0.880
0.362
1.678
2.505
1.229
0.361
0.851
0.120
1.130
0.065
0.756
-0.247
3.137
0.115
3.168
0.012
2.600
1.431
2.574
1.040
1.291
0.101
0.011
-0.121
0.114
0.139
0.049
-0.169
-0.875
0.562
0.289
0.051
0.010
0.470
0.953
0.452
-0.365
-0.307
-0.203
0.001
-0.351
1.042
0.891
1.155
-0.051
2.960
1.714
-0.063
1.066
2.249
1.078
2.199
0.156
2.318
2.828
0.113
0.777
0.059
0.682
0.155
0.189
0.135
0.211
1.070
0.287
1.258
0.686
1.089
0.104
0.756
0.100
1.149
0.419
0.041
0.769
0.348
0.099
0.062
0.040
0.538
0.062
1.971
1.048
0.669
0.148
-1.593
-0.337
0.071
-0.032
-0.393
0.164
-1.521
-1.631
-1.194
-1.433
-0.462
-0.009
0.164
-0.318
-0.125
0.761
-0.373
1.754
-0.660
-0.297
1.897
-0.831
0.423
1.432
-0.400
0.818
-0.042
0.226
-0.154
0.239
0.364
0.161
-0.554
0.193
2.635
0.900
3.022
1.432
0.465
0.069
1.221
1.956
0.020
-0.211
0.224
-0.058
0.318
1.811
0.806
1.509
0.563
2.486
1.363
0.268
0.219
0.532
1.086
0.304
0.276
1.031
2.228
1.327
1.441
0.153
0.188
-0.263
0.230
0.198
0.211
-0.074
0.160
0.426
0.154
0.013
0.225
0.156
0.049
0.516
0.399
0.691
0.220
2.367
1.516
0.476
0.155
-0.381
0.088
0.345
0.979
-0.038
0.385
-0.074
0.109
-0.014
0.793
1.510
0.532
0.844
0.822
0.777
2.117
3.466
0.971
1.293
-0.525
1.029
0.292
0.705
0.928
0.086
-0.275
0.165
0.515
0.166
0.293
0.104
0.380
-0.003
0.097
0.052
0.042
0.626
0.306
0.164
0.421
0.685
-0.091
-0.700
1.030
-0.285
2.548
1.175
0.417
0.015
0.085
0.464
-0.017
1.121
0.024
0.326
-0.011
0.316
-0.146
-0.786
0.123
-0.387
-0.523
0.173
-0.589
2.941
1.524
-0.137
-0.184
0.688
0.040
0.222
0.103
-0.166
0.143
0.263
-0.031
1.418
0.943
0.172
1.891
0.962
0.327
1.110
0.733
0.207
2.398
0.607
1.224
1.277
0.935
4.644
1.266
0.062
0.928
0.637
-0.658
0.371
0.278
-0.067
0.001
0.355
1.109
1.087
0.104
-0.111
2.118
0.703
-1.433
0.136
-0.406
-1.100
-0.427
1.952
0.758
1.854
-0.115
-0.104
0.495
0.418
-0.017
-0.347
-0.332
-0.618
1.649
0.228
0.485
0.883
0.613
-0.007
-0.073
-0.553
-0.871
2.091
-0.490
-0.070
0.105
