0.043
-0.045
-0.146
0.253
-0.340
0.142
0.283
-0.056
0.152
0.280
0.095
0.597
-0.110
-0.138
0.005
-0.186
-0.166
-0.045
-0.085
-0.338
1.028
-0.815
-0.379
0.163
-0.100
0.179
0.418
0.292
0.290
-0.127
0.169
-0.033
-0.194
-0.067
-0.208
2.595
1.271
2.345
0.518
1.898
1.635
2.966
-0.106
-0.192
-0.033
-0.224
0.310
0.277
2.171
1.105
3.162
1.418
2.639
3.624
1.584
0.722
1.143
-0.100
0.252
3.782
1.150
1.774
1.501
2.129
1.483
1.655
1.548
0.408
0.086
0.990
0.769
-0.284
0.405
0.148
-0.036
1.936
-0.271
-0.096
3.300
0.156
-0.359
0.490
0.896
-0.113
-0.714
-0.052
0.618
2.780
0.294
0.142
-0.381
0.476
0.161
0.311
0.123
-0.183
-0.080
-0.101
1.086
0.118
0.166
0.100
0.036
0.056
0.544
-0.096
0.025
-5.519
-0.096
-0.093
-0.070
-0.057
-0.174
-0.096
-0.096
-0.118
-0.058
-0.070
-0.094
-0.306
-0.134
-0.077
-0.138
-0.104
-0.096
1.496
-0.510
-0.826
-0.083
-0.063
-0.117
-0.096
2.618
-0.088
-0.708
0.608
0.286
0.775
0.181
1.201
-0.002
0.251
-0.305
0.161
0.467
0.186
0.062
0.304
0.220
2.613
0.828
0.248
0.546
1.993
1.488
3.851
2.579
2.557
2.477
0.534
1.422
2.355
0.926
-0.096
-0.194
-0.090
1.186
1.065
0.080
0.292
1.715
-0.214
1.084
-0.437
0.805
1.668
1.333
1.051
1.614
0.777
0.201
1.671
-0.259
0.485
0.076
1.565
0.074
-0.002
-0.336
0.518
-0.082
-0.118
-0.266
2.700
-0.096
0.145
0.536
0.454
0.132
-0.048
0.083
0.720
-4.508
0.127
0.097
0.058
2.678
1.190
0.476
-0.042
1.031
-0.116
-0.342
0.659
0.166
-1.816
-0.347
0.064
2.663
3.397
2.214
2.416
0.426
0.695
1.218
0.749
1.321
0.545
1.520
1.087
1.553
1.639
1.497
1.815
3.906
-0.096
-0.142
0.417
-0.110
0.636
0.356
1.216
0.342
-0.127
2.865
0.077
0.314
0.776
0.841
1.074
-0.616
0.556
0.074
-0.055
0.948
0.147
1.409
0.216
-0.409
0.679
0.722
0.286
0.069
0.242
-1.811
0.087
-0.409
-0.802
-0.065
0.486
-0.274
0.231
-0.141
-0.113
0.598
-0.096
-0.398
-0.096
0.977
-0.115
-0.077
1.003
1.011
0.668
1.409
0.032
0.847
-0.169
-0.118
0.096
0.240
-0.138
-0.070
-0.348
-0.037
-0.097
-0.096
-0.212
1.623
-0.935
-0.152
1.637
1.135
0.514
0.087
1.236
-0.300
-0.818
-0.213
0.008
-0.115
-0.265
0.817
-0.128
0.608
1.002
1.321
0.123
0.028
-0.291
0.656
-0.214
0.647
0.279
0.479
-0.054
0.875
0.008
-0.090
1.915
0.035
-0.008
0.138
0.484
0.117
0.888
0.192
0.050
-0.101
-0.093
0.657
1.437
-0.324
0.793
1.552
0.306
0.261
-0.004
-0.214
4.007
1.500
1.506
1.071
1.150
0.275
-0.062
1.433
1.833
0.846
0.482
0.398
0.478
0.179
0.613
0.145
0.524
1.333
-0.306
2.448
-0.235
0.700
0.390
1.728
0.163
2.586
-0.096
0.263
0.279
-0.050
-0.156
-0.101
-0.363
-0.920
-0.071
-0.091
0.393
-0.455
-0.096
1.239
0.515
-0.455
-0.155
0.026
0.677
1.046
1.044
0.818
1.837
-0.375
1.793
0.735
0.032
0.327
0.215
1.671
-0.023
-0.097
1.910
2.303
0.511
1.857
-0.096
0.174
0.322
0.048
-0.016
0.562
0.950
0.040
1.208
0.583
1.019
0.050
0.169
0.179
0.494
-0.092
0.068
0.209
-0.361
0.280
-0.014
-0.784
1.492
-0.096
0.992
0.361
-0.096
-0.287
-1.518
-0.531
-0.216
-0.101
-0.209
0.271
-0.341
-0.482
-0.149
-0.250
0.066
-0.096
-0.116
-0.114
-0.064
0.181
-0.455
0.718
-0.299
-0.353
0.858
-0.466
0.089
1.232
0.059
0.909
0.509
1.094
0.007
0.055
1.171
0.780
-0.398
0.096
1.643
-0.027
2.255
0.559
0.856
-0.099
-0.432
1.070
0.101
-0.151
-0.420
-0.426
-0.149
1.596
0.633
1.204
0.664
3.929
1.490
-0.052
0.205
0.670
0.996
-0.440
0.172
0.853
1.609
1.147
3.629
0.350
-0.020
-0.016
0.224
0.584
0.365
-0.049
0.209
0.267
0.061
0.022
0.338
0.641
0.026
1.298
0.903
0.282
0.211
1.703
-0.071
-0.014
-0.101
-0.532
0.023
0.302
0.827
0.093
0.729
0.113
0.027
-0.488
0.513
1.808
0.526
0.782
0.115
0.319
0.787
2.923
0.784
0.623
-0.107
0.143
0.265
0.579
0.961
0.291
0.700
-0.039
0.869
1.124
0.497
0.022
0.360
-0.112
0.178
0.093
-0.131
0.109
0.664
0.035
0.496
0.211
-0.052
-0.255
0.897
-0.448
1.772
0.946
0.367
-0.067
-0.044
1.443
-0.270
1.370
-0.289
0.046
-0.178
-0.077
-0.163
0.467
-0.147
-0.208
-0.106
-0.263
-0.107
0.440
1.757
-0.078
-0.141
-0.042
-0.246
-0.088
0.368
0.980
0.234
0.135
-0.130
0.654
0.920
0.018
2.235
0.100
0.068
1.852
1.503
-0.229
0.497
0.121
0.461
0.924
0.642
1.749
1.031
0.000
0.979
0.469
-0.089
-0.419
-0.104
-0.349
-0.190
-0.178
-0.114
0.895
-0.096
0.591
0.105
0.023
-0.840
0.126
-0.786
-0.114
-0.214
-0.248
-0.054
0.342
-0.427
-0.586
0.223
0.171
-0.099
-0.196
-0.525
-0.791
1.004
-0.065
1.373
0.884
0.866
0.210
0.029
-0.594
-1.989
0.481
-0.096
-0.021
-1.177
