-0.077
0.080
-0.182
0.326
0.052
0.219
0.075
0.071
0.629
1.257
0.537
1.195
0.356
1.233
0.071
0.025
-0.507
-0.645
0.059
0.130
0.895
-0.097
0.058
-0.114
0.061
-0.176
0.263
0.587
0.278
-0.184
0.061
0.237
0.033
-0.044
-0.062
1.748
1.268
1.715
0.675
2.188
1.698
2.538
0.110
-0.324
-0.382
0.645
0.872
0.476
3.630
1.747
1.515
2.282
2.531
3.488
1.768
1.168
1.510
0.300
0.583
3.633
0.559
1.043
1.840
1.790
0.931
2.886
1.229
0.535
-0.148
-0.085
1.586
0.233
-0.138
0.327
0.931
0.685
0.069
-0.152
1.640
0.032
-0.433
0.958
0.069
0.597
-0.016
-0.155
0.662
1.826
-0.301
-0.230
-0.595
-0.071
0.049
0.748
0.247
-0.132
-0.180
0.091
1.443
1.371
0.774
0.080
0.202
0.749
0.124
-0.064
0.073
0.156
0.152
-0.173
0.081
0.035
-0.681
0.017
-0.092
0.080
0.049
-0.309
0.134
-0.052
0.208
0.074
-0.013
-0.308
-0.266
-0.743
0.146
-1.436
-0.832
0.277
0.041
-2.147
-0.160
-0.549
-2.674
-0.301
-0.098
0.105
-2.350
0.114
-0.166
-2.253
-1.776
-0.098
0.133
-0.119
0.072
0.136
-0.076
2.336
0.262
0.405
0.766
2.245
1.320
4.188
3.376
1.634
2.239
-0.569
0.477
3.533
1.795
0.321
-0.196
0.193
1.690
1.901
0.588
0.054
0.293
-0.380
0.202
-0.138
0.936
1.753
1.909
0.373
1.127
0.728
-0.065
1.496
0.201
0.059
2.095
0.429
0.397
0.638
-0.122
-0.005
0.136
1.269
-0.103
1.666
1.312
-0.063
0.423
0.546
1.540
0.271
0.103
0.009
-0.294
0.456
0.374
0.318
1.831
3.608
1.805
0.091
-0.735
-0.241
-3.459
-0.398
0.995
0.346
-0.068
0.004
3.681
1.892
1.232
1.455
0.332
2.191
2.350
0.429
1.093
0.836
0.910
0.936
-0.036
2.527
1.063
2.232
2.152
0.062
-0.995
0.453
0.225
0.468
0.053
0.046
0.709
-0.037
1.340
-0.028
0.440
2.568
2.206
1.057
-0.098
0.245
1.345
1.251
0.671
0.652
2.087
0.147
0.885
1.252
0.872
0.491
1.697
0.713
-0.655
-0.147
-0.390
0.487
-0.177
1.201
0.093
0.263
0.134
-0.021
1.265
-0.724
0.856
0.508
0.304
0.124
0.187
0.118
1.843
1.718
0.199
0.515
0.218
-0.123
-0.131
0.031
3.760
0.147
0.175
0.089
0.104
-0.255
1.439
-0.072
1.683
-0.506
-0.062
0.813
-0.685
0.835
-0.128
-0.310
-0.020
-1.299
-1.206
-0.078
0.398
-0.211
0.601
1.015
1.082
2.340
1.808
-0.006
0.438
-0.051
0.103
0.044
-0.090
0.046
0.988
0.089
0.155
0.268
-0.081
0.844
1.085
0.303
0.068
0.921
0.197
1.352
0.579
0.789
0.144
-0.434
-0.109
0.331
-0.977
0.417
0.910
0.256
0.893
-0.134
0.017
3.348
1.830
2.933
2.096
1.517
0.777
0.303
0.870
1.394
0.892
0.007
-0.004
0.119
0.340
0.233
0.055
-0.361
0.270
0.019
2.683
-0.068
0.175
0.206
0.570
0.113
1.540
0.407
0.158
0.258
0.498
0.295
0.012
-0.328
-1.845
0.364
0.207
0.170
0.215
1.045
0.560
0.406
-0.227
-0.097
0.107
0.123
0.223
0.446
0.283
0.614
0.175
2.017
1.886
0.346
2.142
1.036
1.055
0.738
-0.163
2.204
1.948
0.172
0.091
0.041
0.043
0.177
0.421
-0.177
0.269
2.015
0.022
0.728
0.889
0.545
-0.404
0.250
0.223
0.934
0.050
0.140
0.333
-0.027
-0.022
0.358
-0.523
0.371
0.018
1.887
0.999
0.136
0.106
-0.552
-0.735
-0.413
-0.670
-1.721
-1.108
-0.882
-0.744
-0.660
-2.875
-0.527
0.505
-2.313
-0.096
-0.245
1.093
-0.533
1.037
-0.189
-1.116
1.026
-0.605
0.230
0.177
-0.404
0.533
0.206
0.335
-0.007
-0.015
-0.123
0.518
0.138
0.050
2.456
-0.027
1.548
0.397
3.142
1.127
0.335
0.719
-0.052
-0.351
0.859
0.367
0.981
2.677
0.525
2.655
0.887
2.490
1.667
1.154
0.223
0.031
1.461
0.582
0.444
0.954
1.477
1.474
1.975
0.055
0.269
-0.155
-0.186
0.130
0.510
-0.071
-0.186
-0.029
0.475
0.266
0.197
0.555
0.114
0.350
0.149
0.306
0.154
0.906
0.526
2.610
0.037
-0.681
0.033
-0.045
0.031
-0.106
-0.397
0.501
0.576
0.115
0.360
0.388
0.076
0.820
0.578
0.845
0.741
2.705
2.709
2.914
-0.506
-0.865
0.274
0.028
0.002
0.099
0.068
0.214
0.258
0.649
0.182
1.884
0.382
0.133
-0.539
0.148
0.010
0.259
0.576
0.339
0.243
1.328
0.206
0.171
1.153
0.139
1.298
0.173
0.687
0.297
1.051
-0.057
0.226
0.315
-0.735
0.342
-0.051
0.176
-0.164
-0.454
0.294
0.475
0.162
0.353
0.303
0.888
-0.296
0.104
0.281
0.163
0.130
0.059
0.106
0.513
0.140
0.547
0.175
2.227
0.921
0.865
1.620
0.185
0.576
1.686
1.657
0.324
0.684
0.201
2.067
1.062
-0.402
3.117
-0.034
0.216
1.251
0.351
-1.062
-0.121
0.118
-0.805
-0.039
0.283
-0.093
1.369
0.036
0.152
0.573
0.725
-1.460
0.998
-0.208
-0.165
-0.087
-0.740
-0.776
2.319
0.097
-0.837
0.726
0.980
-0.011
0.115
-0.719
-0.166
0.519
0.077
1.031
1.098
0.252
0.263
0.029
0.124
-1.408
3.325
0.003
0.717
0.413
