-0.347
-0.285
0.092
-0.352
-0.062
-0.240
-0.094
0.195
0.625
0.288
0.305
0.063
-0.058
0.033
-0.023
0.147
0.020
-0.072
0.338
0.232
0.375
-1.259
0.867
0.022
-0.253
-0.363
-0.163
-0.080
-0.276
-0.572
0.076
-0.082
-0.137
-0.483
-0.361
2.656
1.661
2.000
0.509
1.095
2.789
1.571
0.044
-0.848
-0.024
-0.355
0.154
0.346
2.230
0.767
2.084
2.443
2.910
2.537
1.784
1.045
0.709
0.274
0.354
3.728
0.945
0.986
2.510
2.510
1.545
1.626
1.399
0.595
-0.500
0.470
1.340
-0.661
0.406
0.352
1.735
1.836
0.646
-0.660
2.834
-0.482
0.044
0.883
0.109
1.037
0.281
-0.473
0.418
1.680
0.218
0.968
-0.260
0.754
-0.316
0.285
0.478
-0.116
0.096
0.010
1.372
1.145
0.206
0.254
0.452
0.402
0.106
-0.617
0.161
0.073
0.180
-2.239
-0.058
-0.009
-0.708
-0.157
-0.754
-0.478
0.245
-0.361
0.078
-0.324
0.178
0.053
-0.173
-0.598
-1.798
1.855
0.087
-0.566
-0.378
-0.323
-0.030
-0.471
-0.856
0.943
-1.027
0.720
-1.216
-0.420
-1.657
0.049
0.186
-1.160
-0.692
-0.029
0.043
0.103
0.291
0.452
-0.246
3.087
-0.057
0.164
1.060
1.090
1.161
3.257
2.581
1.956
1.966
-0.094
0.619
1.498
1.397
0.327
-0.053
-0.133
2.046
1.351
0.190
0.235
0.368
-0.413
-0.133
-0.074
0.979
2.294
1.531
0.313
1.005
1.568
-0.370
2.288
-0.046
0.146
0.443
-0.554
-0.366
-1.402
-0.375
-0.400
-0.271
0.923
-0.651
2.062
1.642
-0.720
0.148
0.995
0.023
0.025
0.780
0.195
0.104
0.271
0.163
0.625
1.985
2.206
1.208
0.534
-0.083
1.138
-1.476
0.159
0.705
-0.822
-0.617
-0.002
1.778
2.578
1.450
1.363
0.338
1.342
1.289
0.466
0.534
0.933
1.305
1.350
0.436
1.699
1.756
3.186
4.021
-0.194
-1.948
0.541
-0.355
0.536
0.581
0.494
-0.786
-0.372
1.631
0.233
0.681
0.766
1.515
0.702
-1.051
0.080
0.637
0.542
0.522
-0.086
1.604
-0.211
1.087
0.619
1.032
0.319
0.646
-0.045
-1.888
0.574
-0.594
-0.503
-0.377
1.062
-0.062
1.125
-0.109
-0.321
1.826
0.399
1.114
-0.236
0.083
-0.997
0.095
0.078
1.205
1.391
0.337
-0.127
-0.315
-0.149
-0.160
0.212
1.434
-0.340
-0.025
-0.170
-0.050
-0.449
0.799
0.671
0.662
-0.282
0.494
0.567
0.478
2.188
-0.086
-0.476
-0.404
-0.749
-0.307
-0.906
0.977
-0.396
-0.547
0.417
0.298
0.558
0.447
-0.241
-0.581
-0.267
-0.035
-0.134
0.122
0.082
0.414
-0.289
0.569
-0.191
-0.161
1.850
0.918
0.074
0.494
0.722
0.168
1.401
0.292
-0.249
0.102
-0.141
-0.348
0.206
-1.070
0.075
0.260
-0.149
0.908
-0.780
-0.101
2.160
1.681
1.142
2.439
1.432
0.526
0.086
1.188
1.973
0.400
-0.473
-0.849
0.179
-0.284
0.442
0.284
-0.339
0.750
0.183
2.487
-0.188
0.263
0.111
1.421
0.049
0.992
0.371
-0.040
0.072
-0.043
-0.536
-0.020
-1.271
-1.675
-0.303
-0.428
-0.295
-0.562
0.128
0.594
0.278
-0.595
-0.453
0.170
-0.830
-0.368
0.422
-0.178
1.026
0.952
2.033
1.866
1.830
2.272
1.369
1.161
0.872
0.043
0.653
3.674
0.133
-0.054
0.317
0.452
0.422
0.336
-0.132
0.329
1.106
-0.195
0.504
0.267
0.497
-0.017
-0.022
0.547
1.423
0.429
0.061
-0.010
-0.055
0.215
-0.061
-0.183
0.001
-0.425
1.558
1.329
-0.095
-0.313
-0.950
-0.794
-0.183
0.074
-0.236
-0.511
-0.901
-0.619
-1.905
-2.002
-0.916
-0.319
-1.674
-0.320
-0.314
0.078
-0.206
0.345
0.015
-0.777
0.662
-0.399
-0.040
0.150
-0.460
1.558
0.104
-0.209
-0.383
-0.565
0.734
-0.301
-0.032
-0.094
2.057
0.113
1.754
0.111
0.852
0.604
0.355
0.524
0.069
-0.267
-0.339
-0.244
-0.125
2.424
-0.371
1.714
0.791
2.113
0.860
0.306
0.175
-0.279
0.717
0.187
0.260
0.269
2.083
0.953
1.827
-0.384
-0.007
-0.587
-0.951
0.033
-0.039
-0.641
-1.053
0.120
0.138
0.323
-0.102
-0.676
0.429
-0.042
0.043
0.267
0.363
1.443
0.660
0.684
-0.147
-0.997
-0.008
0.792
-0.013
-0.041
0.267
-0.093
-0.064
-0.147
-0.537
0.593
0.083
0.043
0.069
-0.180
0.560
2.271
2.232
2.253
-0.405
-0.325
-0.099
-0.063
-0.450
0.025
-1.602
-0.021
-0.076
-0.549
0.581
-0.019
0.654
-0.275
0.105
-0.148
0.087
0.142
0.119
0.431
0.498
0.076
-0.217
-0.437
0.546
-0.183
2.133
1.379
0.551
-0.184
0.062
-0.294
0.048
0.115
-0.031
0.057
-0.409
0.444
0.798
-0.267
-0.146
0.039
-0.232
0.176
0.116
1.343
-0.034
-0.342
-0.115
-0.134
0.282
-0.284
-0.138
-0.721
-0.271
0.047
0.048
0.427
1.090
0.148
1.738
0.257
-0.361
1.414
1.419
0.516
0.929
0.194
2.044
1.136
0.427
2.496
1.590
-0.305
-0.785
0.589
-1.541
0.105
-0.139
-1.172
-0.471
-0.347
-0.207
1.478
-1.772
0.198
1.073
0.638
-0.434
1.958
-0.689
-1.222
-1.258
0.896
-0.178
0.496
-0.715
-0.939
0.674
1.384
-0.133
0.041
-0.889
-0.316
0.408
0.514
0.129
0.389
0.229
0.019
0.015
-0.097
-0.676
1.264
-0.027
-0.707
0.161
