0.160
0.126
-0.053
0.104
-0.025
-0.039
0.125
0.289
0.567
0.144
0.703
0.477
0.137
0.157
0.125
0.090
0.086
0.043
0.149
0.246
1.080
-1.226
-1.511
0.160
0.109
0.120
-0.420
-0.208
0.217
0.081
0.133
-0.005
0.125
0.030
0.093
2.579
1.311
2.417
0.421
1.960
2.543
3.356
-0.351
-0.290
0.308
-0.098
0.125
0.017
1.965
1.567
2.115
1.251
2.579
3.301
2.104
2.006
1.673
-0.717
0.828
3.793
0.297
0.973
1.130
2.215
2.130
2.014
0.577
1.186
0.939
1.113
1.180
-0.369
1.152
0.342
1.315
1.705
0.226
-0.151
2.455
0.037
-0.932
1.533
0.439
0.051
-0.280
0.253
0.703
2.118
0.143
-0.161
-0.453
0.125
0.127
0.255
0.499
0.125
0.125
0.125
1.940
1.306
0.241
0.073
0.359
0.278
0.090
-0.742
0.003
-0.102
-0.082
-0.359
0.025
0.150
-0.314
-0.045
-0.197
-0.181
0.047
-0.468
0.021
-0.316
-0.063
-0.038
-0.098
-0.710
-0.255
1.476
-1.598
-1.045
-0.148
0.024
-0.113
-0.165
0.664
0.045
-0.987
0.683
0.064
0.125
0.093
2.138
0.215
-1.440
-2.668
0.122
0.228
0.359
0.245
0.397
0.801
4.103
0.182
-0.150
0.855
1.233
2.016
3.260
0.428
1.718
1.834
0.123
0.657
1.810
1.260
0.125
-0.033
0.396
0.284
1.364
0.913
0.111
0.475
-1.455
-0.978
-0.477
0.208
1.189
0.913
0.239
1.824
1.467
0.070
1.940
-0.065
0.416
0.808
1.050
0.489
-0.654
-1.845
-0.440
0.089
1.412
-0.936
2.827
0.839
-0.318
0.144
1.024
-0.007
0.146
0.144
-0.093
-0.201
0.108
0.125
0.125
2.245
2.918
0.440
0.154
-0.983
0.115
0.094
0.905
-0.404
0.045
0.008
-0.247
2.264
2.013
0.990
1.130
0.399
1.480
1.776
0.552
0.731
0.340
0.662
1.160
0.588
2.167
1.052
2.161
3.781
-1.027
-1.272
0.245
0.497
0.362
0.125
0.494
0.391
-0.347
3.097
0.080
0.975
0.019
0.249
1.264
-1.021
0.763
0.074
-0.005
1.397
1.059
1.721
-0.072
-0.018
1.619
0.416
0.803
0.026
0.125
-2.873
0.058
0.100
-0.068
0.152
0.239
-0.652
0.099
-0.126
-0.874
0.240
0.144
-0.172
0.147
0.264
-0.683
0.223
0.575
1.947
1.634
0.839
0.047
0.144
0.104
-0.413
0.125
1.016
-0.610
0.125
-0.022
0.125
-0.305
0.466
-0.551
2.195
-2.607
-0.583
1.035
0.932
2.045
-0.706
0.505
-1.026
-2.326
-0.903
0.516
0.217
-2.179
1.197
0.090
0.894
2.542
0.457
0.074
-0.009
0.116
0.065
0.146
0.234
0.214
0.922
-0.314
1.069
0.135
-0.010
2.094
0.019
0.156
-0.394
0.299
0.128
1.506
0.268
0.266
0.116
-0.051
0.674
1.182
-0.749
1.151
0.205
0.185
0.147
-0.480
-0.930
2.799
2.050
0.649
1.029
0.901
0.216
0.330
1.272
1.730
0.797
0.125
0.125
0.105
0.261
1.432
1.558
-0.641
2.529
0.071
1.825
0.125
0.226
0.985
1.754
0.425
0.767
-0.090
0.068
-0.056
0.125
0.735
-0.248
-1.230
-2.011
0.519
0.420
-0.084
-0.153
0.093
1.285
1.402
-0.665
-0.524
0.000
0.120
0.125
0.125
0.141
1.285
-0.704
0.916
0.952
0.614
-0.321
0.147
0.370
0.683
-0.516
3.054
1.624
-0.085
0.125
0.065
0.392
-0.175
0.125
-0.677
0.125
0.734
-0.007
0.913
0.345
0.932
-0.047
0.433
0.401
0.526
0.598
0.048
-0.187
-0.670
0.065
0.154
-0.181
0.426
-1.126
1.654
0.439
0.063
-0.073
-2.338
-0.735
-0.369
-0.219
-0.841
0.096
-1.676
-1.556
-1.753
-0.295
0.467
-0.800
-0.378
-0.255
0.170
0.112
-0.195
0.535
-0.249
-0.279
2.415
-1.333
0.125
0.594
-1.131
-0.261
-0.544
0.317
-0.033
0.096
0.401
1.056
-0.028
0.157
2.294
0.606
1.722
0.938
0.125
0.150
0.098
1.767
0.189
0.112
-0.226
0.122
0.536
2.916
0.804
1.723
0.139
1.973
0.903
-0.517
0.176
0.271
0.892
0.269
0.196
0.517
1.574
1.133
1.583
0.125
0.099
0.192
-0.242
0.239
0.125
-0.590
0.063
-0.095
0.185
-0.051
0.343
0.255
0.330
0.181
0.081
0.463
0.483
1.824
1.540
0.125
-0.291
-0.562
-0.240
0.873
0.529
0.103
-0.434
-0.311
0.097
0.049
0.619
1.076
0.129
0.367
0.880
0.324
1.792
2.063
0.726
1.073
0.142
0.421
0.568
1.224
0.162
0.136
-1.173
0.216
0.346
0.008
0.379
0.795
0.125
-0.691
0.616
0.173
-0.238
0.189
0.179
0.155
0.675
0.039
-0.674
-0.540
0.981
-0.581
2.727
1.243
2.092
0.281
-1.347
0.889
-0.166
0.339
-0.045
0.125
-0.260
0.154
-0.592
-0.097
0.382
0.050
-0.192
0.145
-0.091
0.739
0.800
-0.363
0.118
0.109
-0.573
0.129
0.125
-0.664
0.125
0.158
-0.045
0.249
0.212
0.125
0.925
0.328
0.215
0.125
0.264
0.125
1.125
0.605
1.560
1.222
0.997
3.244
0.626
0.071
1.538
0.353
-0.748
-0.602
0.138
-0.534
-0.955
-0.061
0.541
1.438
0.125
0.800
0.497
-0.019
-0.023
0.125
-0.772
-0.392
-0.354
0.189
-0.902
0.239
0.093
-1.253
0.944
1.037
-0.109
-0.428
-0.698
-0.287
0.670
-0.152
0.641
0.717
0.324
-0.063
-0.523
-0.825
-1.490
1.225
0.125
-1.136
0.192
