0.045
-0.010
-0.136
-0.583
-0.086
0.071
0.197
0.534
0.855
-0.020
0.168
0.330
0.433
0.020
-0.589
-0.081
-0.072
-0.090
-0.508
-0.256
0.088
-0.901
0.012
0.026
-0.106
-0.029
-0.100
-0.685
0.279
-0.082
0.072
-0.070
-0.465
0.012
-0.125
3.086
1.745
1.399
-0.012
1.323
1.594
3.352
-0.132
-0.136
0.678
-0.155
0.194
-0.156
2.040
1.331
1.454
1.541
1.912
3.243
2.680
1.574
1.265
-0.073
0.342
3.554
0.439
1.071
1.073
2.619
1.523
1.407
1.597
0.788
0.189
0.265
0.813
-0.145
0.447
-0.032
1.533
2.141
1.096
-0.378
3.764
-0.301
-0.927
0.750
1.092
0.087
-0.624
0.071
0.874
1.916
1.240
-0.073
-0.084
0.817
-0.291
-0.071
0.003
-0.196
-0.190
-0.194
2.534
0.334
-0.032
-0.054
0.714
0.776
0.024
-0.420
-0.016
-0.030
-0.019
-0.271
0.104
-0.035
-0.119
-0.050
-0.145
-0.065
0.010
-0.090
-0.002
-0.079
-0.052
0.014
-0.027
-0.127
-0.121
1.401
-0.685
-0.138
0.475
0.063
-0.041
-0.073
-0.317
0.240
-0.552
0.621
0.075
-0.107
-1.008
-0.046
-0.155
-2.219
-1.169
-0.098
0.025
-0.078
-0.001
0.086
1.423
2.920
1.098
-0.409
0.203
2.585
1.476
3.354
1.060
3.555
3.271
0.059
1.180
2.161
1.516
0.398
-0.075
-0.020
0.265
0.101
-0.028
0.117
3.300
-0.117
-0.017
-0.042
0.620
1.136
1.777
0.231
1.420
0.579
-0.173
1.534
-0.185
0.126
0.034
0.086
0.183
-0.389
-0.081
0.085
-0.073
0.464
0.419
2.573
1.307
-0.270
-0.006
0.490
0.864
0.110
0.488
-0.095
-0.052
-0.016
-0.023
0.220
2.226
2.056
1.618
-0.735
0.794
0.026
-1.478
0.217
-0.257
-0.578
-0.312
-0.073
2.577
2.236
1.574
1.920
0.329
1.031
0.965
0.490
0.588
1.149
0.911
0.673
0.010
1.601
1.086
0.835
4.446
0.214
-1.098
0.897
0.024
0.102
-0.006
0.388
0.590
-0.131
2.948
0.275
0.242
0.180
1.029
1.131
-0.148
0.054
0.242
0.209
0.078
0.356
1.581
-0.087
-0.149
1.429
0.218
0.158
1.789
1.082
-0.911
-0.093
-0.221
-0.075
-0.208
0.763
-0.159
0.127
-0.020
-0.028
0.256
-0.109
0.956
0.905
1.808
-0.073
-0.073
0.284
0.990
0.095
1.021
-0.073
-0.079
0.705
-0.030
-0.073
0.664
-0.073
0.014
-0.072
0.077
-0.071
0.007
-1.204
2.094
-0.087
-0.172
0.339
0.313
0.635
0.042
1.190
-0.802
-1.824
-1.188
-0.333
0.211
-0.225
-0.068
-0.080
0.576
2.910
1.782
-0.456
0.038
-0.236
-0.073
-0.115
0.037
-0.058
0.142
0.032
0.134
-0.016
0.005
1.131
0.556
-0.397
0.006
0.339
-0.002
1.022
0.437
0.546
-0.052
-0.062
0.827
1.765
-0.729
0.777
0.254
-0.066
0.388
-0.654
0.450
2.906
1.742
1.010
1.326
1.177
0.534
0.277
0.722
2.290
0.929
-0.050
0.151
0.144
0.145
0.959
0.830
-0.003
-0.073
-0.047
2.299
-0.546
0.120
0.457
0.530
0.003
0.598
-0.099
-0.041
-0.032
0.064
-0.478
-0.064
-0.198
-0.076
0.503
0.343
-0.063
-0.094
-0.087
1.020
1.131
-0.877
-0.072
-0.078
-0.002
-0.151
0.087
0.121
0.679
-0.486
2.266
1.626
1.271
0.508
0.750
1.080
0.574
0.014
1.635
1.929
-0.023
0.165
-0.132
0.648
0.218
0.090
-0.056
0.360
0.750
-0.009
0.955
0.471
0.414
0.001
0.259
-0.073
0.424
0.071
-0.107
-0.079
-0.564
-0.035
-0.219
-0.230
-0.052
-0.208
0.702
0.575
0.975
0.001
-1.165
-0.408
0.154
-0.096
-0.231
0.082
-0.884
-1.254
-0.123
-1.247
-0.862
-0.056
-0.761
-0.117
-0.284
-0.024
-0.519
0.148
-0.281
-0.320
1.069
-1.035
0.047
1.790
-1.093
1.123
0.081
-0.029
-1.145
0.224
0.319
1.107
-0.245
0.546
3.349
0.538
1.048
1.564
0.831
0.264
0.939
1.191
0.032
-0.093
0.513
-0.022
-0.188
0.714
0.065
2.282
0.932
2.972
0.450
0.033
0.409
0.647
0.759
0.835
0.253
0.930
1.940
0.520
1.144
-0.054
-0.105
-0.023
0.092
-0.055
-0.088
-0.442
0.300
0.278
-0.034
0.105
0.072
-0.097
-0.040
0.116
0.037
0.400
0.313
1.485
0.576
0.090
-0.176
-0.279
0.032
0.481
0.175
0.102
-0.067
-0.007
0.038
0.022
0.203
1.394
0.165
0.949
0.984
0.565
0.918
2.129
1.238
0.410
-0.236
0.289
0.522
0.305
0.089
-0.021
-1.080
-0.086
0.479
0.496
0.112
-0.057
0.208
-0.226
-0.001
-0.073
-0.110
0.422
0.102
0.428
1.042
0.218
-0.303
-0.498
0.750
-0.109
2.727
1.439
1.260
0.744
-0.916
1.533
0.015
0.099
-0.067
0.196
0.121
0.023
-0.073
-0.312
0.019
-0.083
-0.134
-0.103
-0.086
-0.037
0.007
0.010
-0.102
-0.233
0.062
0.291
-0.076
-0.502
0.041
0.038
-0.060
0.791
0.504
-0.114
1.477
0.566
0.179
0.848
1.466
0.349
1.156
-0.063
0.831
0.568
0.573
2.013
0.856
-0.343
-0.577
0.263
-0.301
-0.086
-0.042
-0.806
-0.358
-0.026
0.106
1.076
-1.869
0.615
1.212
0.500
-0.615
1.560
-0.381
-0.309
-0.666
-0.093
-0.046
0.251
-0.295
-0.806
0.301
0.911
-0.222
-0.224
-0.448
-0.684
-0.089
-0.133
0.710
0.178
0.924
-0.027
-0.205
-0.062
-1.144
0.992
-0.069
0.102
0.039
