0.139
0.153
0.016
0.251
0.282
0.193
0.213
0.273
0.865
0.348
0.264
0.273
0.122
0.291
-0.024
-0.001
-0.206
-0.193
-0.044
-0.594
0.511
-1.443
-1.345
-0.050
-0.085
0.035
0.056
-0.255
0.897
-0.079
0.113
-0.213
-0.299
-0.155
-0.129
2.699
2.129
2.176
0.692
1.491
1.758
3.467
0.000
-0.063
0.550
-0.147
0.375
0.007
2.152
1.487
2.628
2.331
2.185
3.451
2.747
1.727
1.143
0.051
0.775
3.876
0.905
1.430
1.359
1.355
1.183
2.111
1.164
0.377
-0.016
0.208
0.427
-0.046
0.219
0.327
-0.770
2.042
-0.127
-1.596
3.305
-0.125
-0.425
1.089
0.690
0.163
-0.483
0.254
1.263
2.652
0.108
0.204
0.002
0.098
-0.070
0.546
0.122
0.052
0.053
-0.207
1.160
1.286
0.068
0.085
0.613
0.702
0.303
-0.229
0.008
-0.543
-0.063
-0.230
0.053
0.004
-0.236
-0.072
-0.248
-0.246
0.007
-0.200
-0.023
-0.139
0.009
0.008
-0.218
-0.450
-0.266
1.144
-0.291
-0.920
-0.359
0.365
-0.006
0.154
-0.175
-0.381
-1.219
1.263
-0.816
-0.373
-1.454
0.110
-0.012
-1.355
-1.133
0.178
0.059
-0.080
0.324
0.057
1.150
2.100
1.015
0.053
1.562
2.396
1.821
2.927
2.634
3.068
3.113
0.124
0.939
2.705
2.036
0.051
-0.466
-0.016
1.137
0.951
0.243
0.521
0.903
-0.254
-0.437
-0.136
0.720
1.484
1.305
0.486
1.350
0.411
0.112
1.579
-0.101
0.556
0.619
-0.061
-0.011
-0.256
0.535
0.220
0.030
-0.116
-0.985
-0.533
0.047
-0.796
0.732
1.114
0.907
0.455
0.616
0.175
-0.551
0.233
0.294
0.133
2.808
2.434
0.714
0.137
0.903
0.038
-1.884
0.466
0.360
-0.490
0.228
-0.210
2.170
2.158
0.815
2.438
0.373
1.901
1.479
0.696
0.817
0.518
1.297
0.492
0.463
1.254
1.266
1.073
3.231
-0.333
-0.890
0.350
-0.084
0.710
0.354
0.604
0.321
-0.215
3.360
-0.007
0.390
-0.415
1.861
1.128
-0.462
1.089
0.268
0.035
0.992
0.790
1.597
-0.057
-0.293
0.903
0.903
0.513
1.569
0.536
-1.674
0.089
-0.281
0.612
0.206
0.886
-0.176
0.634
0.040
-0.361
1.644
0.051
0.543
0.267
1.374
-0.188
0.275
0.406
1.216
1.604
0.791
0.002
-0.043
-0.088
-0.051
-0.052
1.404
-0.199
-0.083
-0.439
0.018
-0.178
0.452
-0.698
1.861
-0.394
-0.099
0.777
0.051
1.929
-0.004
0.370
-0.836
-2.411
-1.046
0.365
-0.018
-1.282
0.370
-0.270
0.189
2.246
0.724
-0.394
-0.144
0.048
0.043
0.035
0.287
-0.105
0.377
0.191
0.413
-0.115
0.026
1.688
1.804
0.465
0.271
0.619
0.393
1.262
0.534
0.262
0.007
0.009
0.512
1.293
-0.956
0.299
0.531
-0.121
0.186
-0.168
-0.064
2.816
1.281
1.147
1.870
1.894
0.550
0.272
1.260
1.400
0.784
-0.274
0.268
0.145
0.503
-0.013
0.480
-0.017
1.992
0.114
1.901
-0.618
2.225
1.285
1.247
0.492
1.522
0.036
0.272
0.065
-0.236
-0.845
0.261
-0.697
-1.295
0.043
-0.006
0.171
0.051
0.192
0.616
0.806
-0.933
-0.023
-0.053
0.035
0.287
0.823
0.150
1.288
0.235
2.207
0.695
-0.123
0.672
1.789
0.051
-0.075
0.024
2.282
2.729
0.285
0.680
-0.191
2.498
-0.468
0.166
0.054
0.241
0.938
-0.122
0.975
0.442
0.553
-0.045
0.466
0.723
0.039
0.435
0.002
-0.568
-0.009
0.239
0.033
0.046
0.828
0.058
1.463
0.631
-0.040
-0.082
-0.661
-0.317
-0.279
-0.210
-0.652
-0.038
-0.429
-0.336
-1.631
-2.002
-1.282
-0.140
-1.174
-0.404
0.013
0.357
-0.524
2.171
-0.590
-0.214
1.929
-1.168
0.039
1.756
-0.284
0.420
0.029
0.106
-0.557
-0.226
0.394
-0.279
-0.682
0.334
2.315
0.715
3.427
1.403
0.152
0.212
1.572
2.954
0.199
-0.093
0.202
0.587
0.283
1.313
0.417
1.419
0.524
2.292
0.999
0.625
0.539
0.101
0.941
0.540
0.465
1.032
1.631
1.277
1.536
0.189
0.008
0.066
-0.226
0.143
0.199
-0.889
-0.186
0.236
0.333
0.115
0.171
0.352
0.035
0.073
0.294
0.415
0.464
1.317
2.251
0.680
0.162
-0.562
-0.160
0.325
1.191
0.225
-0.127
0.056
-0.002
-0.003
0.464
1.103
0.373
0.890
0.770
0.996
1.245
2.591
0.925
0.861
-0.193
0.798
0.241
1.951
-0.148
0.011
-0.598
0.240
0.562
0.344
0.317
0.487
0.318
-0.110
0.403
0.017
-0.018
0.763
0.422
0.284
0.696
0.867
0.535
-0.079
0.619
-0.396
3.302
1.210
0.766
-0.025
1.364
1.251
-0.172
1.269
0.003
0.008
-0.284
0.144
-0.212
-0.818
0.174
-0.343
-0.177
0.071
-0.396
0.863
1.176
-0.071
0.148
0.326
0.069
-0.150
0.043
-0.272
0.237
0.295
0.047
1.143
0.412
0.335
1.681
0.699
0.066
0.781
0.337
0.104
1.409
0.617
0.762
0.408
0.356
3.418
0.647
0.223
1.193
0.822
-0.253
0.009
0.110
-0.295
-1.240
0.649
0.627
1.215
0.448
-0.211
0.860
0.366
-0.907
0.471
-0.419
-0.335
-0.446
1.115
-1.082
0.373
-0.207
-0.799
0.457
0.409
-0.004
-0.487
-0.099
-0.952
0.851
0.354
0.577
0.811
0.590
0.274
-0.006
-0.756
-1.525
0.966
0.052
0.323
0.079
