-0.304
0.165
0.016
-0.060
0.082
-0.109
-0.161
0.117
-0.272
-0.063
-0.049
-0.219
-0.102
-0.054
0.872
0.134
-0.211
0.149
0.311
0.485
-0.403
1.724
0.388
-0.042
0.146
0.163
-0.051
-0.063
-0.330
0.087
-0.281
0.165
0.398
-0.181
-0.734
-3.099
-2.102
-2.074
-0.449
-1.414
-1.900
-3.572
0.134
0.169
-0.007
0.269
-0.070
0.209
-2.098
-1.348
-1.975
-1.347
-2.257
-3.335
-1.879
-1.248
-0.701
0.178
-0.468
-3.287
-1.320
-1.660
-1.194
-1.728
-1.266
-1.991
-1.246
-0.597
0.075
-0.007
-1.088
0.316
0.196
-0.124
-0.990
-2.021
-0.536
0.956
-3.130
0.127
0.391
-0.247
-0.007
0.060
0.604
-0.178
-0.918
-3.166
-0.089
0.286
0.668
0.053
-0.148
-0.373
-0.858
-0.007
0.034
0.002
-1.310
-0.483
-0.010
0.103
-0.219
-0.358
-0.067
0.174
-0.097
0.099
0.009
0.081
-0.029
-0.002
0.179
0.019
0.095
0.085
-0.069
0.045
-0.005
0.013
-0.052
-0.050
0.062
0.304
0.047
-1.208
0.384
1.429
0.538
0.024
-0.029
-0.277
-0.661
-0.029
1.290
-0.607
0.773
-0.705
-0.007
-0.761
-0.203
0.105
1.584
-0.008
-0.060
-0.063
-0.216
-0.056
-1.336
-1.661
-0.315
0.008
-0.569
-1.862
-1.362
-3.510
-3.036
-0.238
-0.602
0.080
0.052
-1.592
-1.063
-0.185
0.265
0.096
-0.864
-0.619
-0.237
-0.703
-0.628
0.295
0.118
0.130
-0.630
-1.764
-1.835
-0.720
-1.742
-0.917
0.373
-1.351
0.061
-0.892
-0.518
-0.171
-0.163
0.587
0.146
0.187
0.045
-0.978
0.212
-2.833
-1.537
-0.049
-0.353
-0.098
-0.238
-0.140
-1.305
0.042
0.062
-0.155
-0.247
-0.143
-2.854
-1.381
-0.512
0.060
-0.051
0.030
1.173
-0.287
-0.095
1.771
0.759
0.128
-2.450
-1.674
-0.848
-2.378
-0.428
-1.804
-1.289
-0.997
-1.058
-0.538
-1.660
-0.830
-0.575
-2.424
-1.229
-1.158
-3.280
0.129
1.148
-0.497
0.032
-0.644
-0.152
-0.820
0.390
-0.017
-2.182
0.083
-0.639
0.456
-1.207
-1.254
0.328
-0.522
-0.113
0.025
-0.950
-0.220
-0.680
0.041
0.271
-0.702
-0.677
-0.064
-0.776
-0.184
1.329
0.008
0.781
0.153
-0.011
-0.905
0.156
-0.346
0.063
0.354
-1.382
-0.002
-0.464
0.111
-0.044
0.129
-0.315
-0.255
-1.282
-0.598
-0.721
-0.008
-0.385
-0.074
-0.007
-0.811
-2.090
0.171
0.119
0.275
-0.589
-0.007
0.262
0.588
-2.355
0.771
0.397
-1.904
-0.217
-1.083
0.183
-0.153
1.103
2.623
2.080
-0.056
-0.167
0.962
-0.591
0.304
-0.167
-1.836
-0.503
0.075
0.045
-0.144
0.023
0.186
-0.152
0.127
-0.320
0.112
-0.663
0.110
0.154
-1.298
-0.796
-0.312
-0.147
-0.475
-0.201
-1.110
-0.167
-0.462
0.018
0.052
-0.185
-1.023
0.631
-0.226
-0.007
-0.005
-0.020
0.061
0.092
-3.349
-1.325
-0.770
-1.051
-0.791
-0.752
-0.154
-1.452
-1.840
-1.038
-0.855
-1.221
-0.059
-0.912
-1.390
-0.666
-0.200
-2.341
-0.079
-2.546
0.133
-1.277
-0.621
-0.755
-0.395
-0.795
-0.675
0.098
0.125
-0.498
0.474
-0.474
0.294
0.963
-0.101
-0.343
-0.448
-0.034
-0.411
-0.340
-0.456
0.434
-0.051
0.037
0.053
-0.195
-0.280
-0.007
-0.590
0.564
-2.177
-1.437
-1.200
-0.782
-1.551
-1.104
-0.400
0.069
-2.054
-2.898
0.119
-1.195
-0.132
-0.301
0.035
-0.186
0.269
-0.143
-0.414
0.092
-1.101
-0.117
-0.170
0.338
-0.446
0.262
-1.070
-0.289
-0.156
0.144
0.008
-0.339
-0.001
0.119
-0.179
-0.007
-1.629
-0.465
-0.204
0.231
0.891
0.557
0.088
-0.259
0.722
0.223
0.908
0.853
1.191
0.723
0.270
0.138
0.670
0.324
0.181
-0.338
0.159
-0.889
0.495
0.283
-0.649
0.638
0.068
-0.849
0.263
0.997
0.306
-0.011
-0.016
-0.153
-0.511
-0.105
0.135
-0.654
-2.383
-0.463
-2.014
-0.483
-0.261
-0.018
-1.172
-2.306
-0.020
0.043
-0.176
0.084
-0.233
-0.699
0.042
-1.042
-0.570
-1.903
-0.504
-0.302
-0.173
-0.094
-0.528
-0.067
-0.136
-0.424
-1.956
-0.897
-1.479
0.044
-0.006
0.250
0.042
-0.065
-0.306
0.267
-0.360
-0.610
0.006
-0.160
-0.504
-0.074
-0.175
-0.374
-0.301
-0.239
-0.167
-1.229
-1.092
-0.232
0.020
0.691
0.031
-0.040
-0.537
-0.116
0.560
-0.097
0.111
0.119
-0.043
-0.377
0.198
-0.697
-0.409
-0.229
-0.828
-2.757
-0.875
-0.816
0.161
-0.242
-0.033
-0.572
-0.189
-0.196
1.042
-0.030
-0.451
-0.043
-0.286
-0.340
-0.060
0.231
-0.133
0.159
0.205
-0.488
-0.053
0.024
-0.328
-0.170
0.374
0.428
-0.660
-0.007
-2.790
-0.346
-0.608
-0.189
-0.152
-0.401
-0.149
-0.962
-0.132
-0.007
0.019
-0.147
0.173
0.336
0.016
0.009
0.312
0.171
0.297
-1.819
-0.599
0.062
0.077
-0.037
-0.016
0.584
-0.168
-0.345
0.196
-0.395
0.130
-0.596
-0.785
-0.056
-2.067
-1.138
-0.184
-0.353
-0.174
-0.007
-1.333
-0.494
-1.321
-0.991
-0.842
-3.520
-1.096
0.114
0.133
-0.636
0.372
0.141
-0.158
0.523
0.995
-0.349
-0.315
-0.670
-0.065
-0.851
-0.788
-0.418
0.876
-0.051
0.395
1.118
0.073
-0.586
0.440
-1.005
-0.514
0.859
-0.417
-0.365
0.106
0.146
0.031
0.586
-0.566
-0.082
-0.324
-0.426
-0.399
0.046
0.118
0.420
0.895
-1.871
0.262
0.123
0.103
