0.041
-0.334
0.061
-0.372
0.054
0.066
0.103
0.054
0.749
0.063
0.164
0.535
0.177
0.280
0.244
0.058
-0.127
-0.082
-0.066
-0.146
0.296
-0.620
-1.185
0.135
0.205
0.159
0.158
0.089
0.094
0.106
0.047
-0.101
-0.024
0.084
-0.252
2.784
3.459
2.297
0.598
2.463
0.678
4.468
0.054
0.054
0.195
-0.200
0.054
0.054
2.775
1.240
2.871
2.084
2.308
2.755
2.241
2.262
1.882
-0.135
1.300
4.443
1.501
2.046
1.907
3.330
2.340
3.894
2.167
1.047
0.383
0.054
1.352
-0.132
-0.067
0.046
0.289
1.173
0.054
-0.215
2.309
-0.446
-1.959
0.438
1.387
0.204
-0.585
0.677
1.939
2.622
1.158
0.154
-0.412
0.300
0.093
1.088
0.115
0.058
0.054
0.232
1.253
0.510
-0.285
-0.390
-0.002
1.280
0.894
-0.602
0.121
0.068
-0.385
0.003
-0.057
0.130
-0.400
-0.202
-0.280
0.049
-0.019
-0.242
0.033
-0.282
0.053
-0.080
-0.323
0.021
-0.312
2.580
0.074
-1.375
-0.279
0.542
-0.017
-0.478
0.570
0.054
-1.655
0.519
-0.121
0.344
0.054
3.275
0.391
0.079
-0.253
-0.042
0.149
-0.052
-0.020
0.417
0.400
0.996
0.238
0.128
1.579
2.823
2.284
3.327
3.701
0.846
3.112
0.279
1.679
0.798
0.658
0.054
0.138
-0.169
0.429
0.392
-0.011
1.118
0.973
-0.516
0.054
-0.058
0.940
2.001
0.269
0.227
0.148
0.753
-0.005
2.648
-0.284
0.593
0.555
0.106
0.457
0.285
0.106
-0.087
0.054
0.599
-0.035
0.177
0.054
-0.483
0.350
0.553
0.054
0.121
0.293
0.289
-0.035
0.370
0.411
0.081
4.592
4.902
1.015
-0.147
0.822
-0.049
-0.380
0.263
0.460
-0.215
-0.554
-0.006
2.550
3.307
1.982
2.664
0.054
0.574
1.885
1.490
1.686
1.248
1.479
1.471
1.396
2.661
2.866
1.449
3.273
-0.158
-0.518
0.886
0.016
0.322
0.754
0.101
0.305
0.572
4.685
-0.112
1.448
-0.005
1.735
2.229
-0.717
1.451
0.476
0.023
1.280
0.299
2.606
0.093
0.133
1.569
1.624
0.136
0.638
1.445
-2.337
0.054
-0.954
0.491
-0.773
1.676
-0.444
0.040
-0.331
-0.025
1.249
0.054
0.514
0.068
0.054
1.633
-0.274
1.298
0.363
2.186
1.408
0.040
0.513
0.090
0.054
0.054
2.921
0.023
0.054
-0.003
0.001
0.054
-0.201
-0.084
4.780
0.693
-0.025
0.828
0.617
1.054
-0.275
-0.290
-1.366
-2.358
-0.322
0.038
-0.103
-0.355
0.295
-0.717
1.495
3.137
1.520
0.052
0.210
-0.224
-0.035
-0.102
0.150
0.035
0.323
-0.152
0.518
0.203
0.021
2.448
2.040
0.183
0.210
1.414
0.370
0.812
0.273
0.880
-0.053
-0.063
0.882
0.598
-0.880
0.291
0.110
0.136
0.695
-0.153
-0.041
3.235
1.828
1.431
1.026
0.769
0.851
0.615
2.124
4.120
2.251
0.054
0.054
0.025
0.054
0.472
1.024
0.054
0.054
-0.190
0.017
0.054
1.368
0.824
2.550
0.808
1.454
0.133
0.058
0.030
0.054
0.196
0.054
-0.052
-0.840
0.300
0.102
0.054
0.060
0.042
1.235
-0.309
-0.752
-0.437
0.054
0.086
0.240
0.934
0.237
0.347
-0.621
0.948
1.391
0.054
0.089
0.767
0.243
0.983
0.080
0.221
3.244
-0.184
0.844
-0.315
0.479
0.036
0.317
0.109
0.346
0.666
-0.196
2.215
0.581
1.120
-0.209
0.264
0.157
1.181
0.249
0.239
-0.027
-0.010
0.393
0.054
-0.069
0.115
0.054
2.212
1.484
-0.488
-0.231
-2.348
-0.693
-0.629
-0.108
-0.133
0.463
-0.568
-0.321
-0.447
0.054
0.054
0.112
-0.246
-0.261
-0.082
0.054
-0.144
2.827
-0.316
-0.279
1.559
-0.451
-0.161
1.786
-0.518
-0.891
0.239
0.338
-0.310
0.209
0.862
0.349
0.024
0.691
2.447
0.141
3.628
0.393
0.236
0.054
1.140
2.040
0.049
-0.048
0.091
0.331
0.007
1.565
0.306
1.438
0.673
3.126
1.764
0.087
0.311
0.928
0.850
0.118
0.424
0.323
1.770
1.215
2.029
-0.244
0.240
0.277
0.039
0.128
-0.001
-0.114
0.304
0.267
0.162
0.167
-0.043
0.363
0.252
0.054
0.296
0.690
0.718
2.091
0.797
0.054
0.037
-0.061
0.115
0.449
0.445
-0.023
0.115
0.494
0.170
0.048
0.148
1.114
0.946
1.254
0.621
1.105
1.011
2.142
1.349
0.759
0.247
0.849
0.302
1.293
0.054
0.431
-0.125
0.310
0.559
1.079
0.232
0.281
0.466
0.212
0.576
0.417
-0.019
0.301
0.874
0.062
0.696
0.516
0.094
0.014
1.754
-0.197
4.133
1.357
1.664
0.121
0.654
2.156
-0.003
1.164
-0.207
0.054
-0.108
0.023
-0.103
0.054
0.185
-0.560
-0.298
-0.118
-0.876
2.928
1.369
0.078
0.085
-0.001
0.051
0.186
0.154
0.753
0.033
0.264
-0.081
1.042
0.779
0.096
1.613
1.180
0.467
1.081
1.002
0.015
1.095
0.090
1.492
0.859
1.602
3.639
1.026
0.207
0.835
0.272
-0.189
-0.528
0.958
-0.187
-0.304
0.299
0.176
0.666
0.060
0.237
1.919
0.881
-0.878
0.347
-0.274
-0.979
-0.039
0.618
-1.351
1.808
-0.091
0.013
0.707
0.362
-0.148
-0.045
-0.521
-0.902
0.847
0.200
1.121
0.443
0.760
0.635
-0.297
0.147
-0.127
0.272
-0.174
1.534
0.054
