-0.257
0.226
-0.137
-0.025
0.016
0.008
-0.172
0.058
-0.366
-0.633
-0.291
-1.185
-0.508
-0.190
0.619
0.091
0.171
0.281
-0.372
-0.575
-0.480
1.965
0.169
-0.019
0.012
-0.276
-0.414
-0.444
-0.076
-0.055
0.030
0.086
0.565
0.138
0.310
-3.245
-2.526
-2.958
-0.490
-2.128
-2.482
-3.521
0.018
0.098
-0.140
0.003
-0.721
-0.041
-1.537
-1.530
-2.369
-1.203
-1.309
-4.430
-2.617
-1.605
-1.391
0.098
-0.263
-3.714
-0.971
-1.309
-1.770
-1.996
-2.286
-3.167
-2.679
-0.197
-0.050
-0.308
-1.057
-0.019
0.049
-0.370
0.098
-2.463
0.098
0.247
-3.020
0.052
0.678
-1.464
-0.084
-0.177
0.129
-0.179
-1.390
-2.510
-0.522
-0.134
0.484
0.092
-0.519
-0.876
-0.220
0.140
-0.066
0.072
-2.830
-1.726
-0.206
-0.178
-0.649
-0.958
-0.081
0.121
-0.051
0.339
0.100
0.124
0.081
0.236
0.183
0.154
0.172
0.098
0.066
0.098
0.168
0.225
0.098
0.060
0.134
0.210
0.129
-0.777
0.324
0.084
-0.336
-0.478
-0.122
0.114
-1.600
-0.247
-0.520
-0.925
0.240
-0.430
0.163
-0.409
-1.197
0.717
0.146
-0.514
-0.293
0.037
-0.073
-0.488
-1.165
-2.223
-0.818
0.247
-1.630
-1.448
-1.571
-2.641
-2.582
-3.491
-2.849
-0.412
-0.795
-3.292
-2.021
0.098
0.359
-0.055
-1.531
-0.548
0.019
-0.548
-2.197
0.547
-1.050
0.110
-1.362
-1.609
-0.851
-0.545
-1.695
-0.779
-0.015
-1.684
0.098
-0.631
-0.757
-0.991
-0.763
0.098
-0.007
-0.113
0.027
-0.631
0.330
-0.253
-0.129
0.287
-0.098
-0.377
-0.576
-0.415
0.005
-0.050
0.130
-0.525
-0.538
-0.625
-1.894
-2.379
-1.113
0.031
0.342
-0.044
0.234
-0.080
-0.104
0.151
0.728
0.064
-2.343
-1.836
-1.054
-2.448
-0.977
-2.546
-1.707
-0.082
-0.356
-1.169
-1.551
-0.477
-0.570
-2.108
-1.584
-1.481
-3.996
0.652
1.159
-0.377
-0.099
-0.728
-0.422
-0.909
0.284
-0.003
-4.164
-0.275
-1.493
-0.423
-0.685
-2.449
0.098
-0.973
-0.331
-0.228
-1.784
-0.214
-1.076
0.231
0.438
-1.371
-0.857
0.055
-1.331
-0.401
1.342
-0.443
0.169
0.630
0.074
-0.864
0.098
-0.357
-0.154
0.343
-0.677
0.098
-0.648
-0.315
-0.082
0.519
0.209
-1.139
-0.539
-0.949
-1.261
-0.318
-1.270
0.115
0.098
-1.200
-1.043
-0.146
-0.028
-0.121
0.229
-1.320
-0.219
0.603
-2.596
0.964
-0.232
-0.782
-0.623
-0.496
0.128
-0.221
0.178
2.369
3.153
0.342
-0.477
0.863
-0.587
-0.176
-0.361
-1.841
-0.654
0.575
-0.205
0.182
-0.025
0.031
0.062
0.164
-0.380
-0.026
-1.054
0.024
0.060
-1.123
-0.572
-0.335
-0.223
-0.536
-0.061
-1.548
-0.783
-0.421
-0.034
0.041
-0.332
-1.236
0.333
-0.291
-0.061
-0.046
-0.523
0.364
0.081
-3.154
-2.369
-0.976
-1.161
-1.276
-1.577
-0.304
-1.049
-1.863
-0.429
-0.305
-0.614
-0.180
-0.080
-1.308
-1.407
-1.705
-2.629
0.094
-3.965
0.189
-1.955
-1.720
-1.398
-0.311
-1.485
-0.085
-0.700
-0.893
-0.062
0.013
0.008
0.284
0.277
0.285
0.080
-0.007
0.098
0.067
-0.807
-0.269
-0.252
0.208
-0.006
-0.051
-0.378
-1.110
-0.389
-1.369
0.156
-0.261
-1.101
0.459
-0.420
-0.810
-1.399
-1.700
-0.019
-3.260
-3.579
-0.526
-1.377
-0.387
0.009
0.053
-0.290
-0.085
-0.211
-1.002
0.049
-0.982
-0.602
-0.352
0.055
-0.456
-0.041
-0.302
-0.007
0.036
0.887
1.157
0.091
0.104
0.141
-0.133
0.576
-0.928
-1.094
0.366
0.088
0.534
0.336
-0.102
0.128
0.268
-0.124
0.098
0.342
0.398
0.138
0.682
-0.064
0.193
0.322
-0.007
-0.739
0.636
-2.107
0.486
0.143
-1.445
-0.093
-0.187
-1.609
-0.147
-1.498
0.073
-0.193
0.642
0.038
-0.138
-0.988
0.114
-0.426
-3.299
-0.156
-1.694
-1.592
0.079
0.098
-1.359
-2.934
-0.052
0.089
-0.694
-0.241
-0.016
-2.043
-0.897
-1.687
-0.626
-3.255
-1.317
-0.413
-0.111
0.019
-1.247
0.016
-0.700
-0.469
-1.257
-0.639
-1.032
-0.112
0.098
0.056
-0.124
-0.588
-0.280
-0.062
-0.116
-0.384
-0.665
-0.467
-0.901
-0.412
-0.172
-0.980
0.011
-0.389
-0.288
-1.566
-0.786
-0.660
-0.090
0.138
-0.033
-0.073
-0.681
0.004
-0.093
-0.016
-0.004
-0.244
-0.230
-1.080
-0.319
-0.795
0.771
-0.498
-1.590
-2.523
-0.537
-0.878
0.095
-0.026
-0.374
-1.395
0.051
-0.076
-0.305
-0.108
-0.920
-0.502
-0.203
-0.063
-0.368
-0.171
0.032
0.045
-0.114
-0.677
-0.040
-0.085
-0.088
-0.768
0.135
0.028
-0.754
-0.100
-3.628
-1.686
0.064
-0.230
-0.222
-0.255
0.399
-1.344
0.112
-0.439
-0.255
-0.159
0.063
0.569
0.098
0.109
0.098
0.123
0.098
-2.991
-1.464
0.001
0.091
-0.398
-0.052
-0.074
-0.267
0.228
-0.006
-0.833
-0.115
-0.465
-0.197
-0.445
-2.272
-0.553
0.149
-1.478
-0.557
0.007
-1.869
-0.343
-1.598
-0.487
-0.234
-2.841
0.064
0.221
0.020
-0.496
0.170
-0.292
-0.695
0.077
0.092
-0.619
-0.358
-2.195
0.143
0.149
-1.780
-0.332
0.359
-0.926
0.245
0.549
0.453
-0.966
-0.772
0.098
-0.105
0.153
-0.796
-2.189
0.174
0.121
0.313
1.444
-0.486
-0.152
-0.265
-0.995
-0.324
0.082
-0.101
0.095
0.095
-1.146
0.095
-0.032
0.115
