0.176
-0.072
-0.119
-0.654
0.067
-0.624
-0.289
-0.060
-0.154
-0.666
0.455
0.072
-0.040
-0.223
0.015
-0.055
0.796
0.528
0.487
0.518
-1.129
0.834
0.215
-0.607
-0.044
-0.282
-1.190
-1.175
-0.406
0.089
-0.302
0.626
-0.070
0.072
-0.104
-1.976
-2.550
-1.230
-0.049
-1.817
-2.623
-2.297
-0.036
0.212
-0.161
-0.079
-0.414
-0.251
-1.605
-2.598
-2.697
-2.622
-1.475
-3.088
-1.554
-1.598
-2.222
-0.500
-1.832
-3.963
-1.717
-1.986
-2.380
-1.694
-0.998
-2.487
-0.932
-0.971
-0.340
-0.682
-2.391
0.613
-0.090
0.030
-1.125
-0.506
-0.529
-0.239
-4.532
0.346
0.876
-0.725
-0.399
-1.003
0.478
0.831
0.304
-1.288
0.620
0.091
0.356
0.264
0.221
-1.368
-1.401
0.761
0.441
0.409
-1.323
-0.610
0.026
-0.316
-0.304
-0.355
-0.318
0.974
0.012
0.175
0.133
0.525
0.086
0.100
0.140
0.071
0.098
0.276
0.060
0.248
0.085
0.155
0.101
-0.028
0.130
0.062
0.299
-1.733
0.403
-0.610
0.393
0.479
0.124
1.024
-0.031
0.623
1.138
0.442
-0.659
-0.102
0.023
-1.231
-1.533
1.518
0.170
-1.747
-0.093
-0.648
-0.311
-0.049
0.105
-3.799
-0.981
-0.232
-0.446
-2.575
-1.842
-3.688
-2.599
-3.355
-2.223
3.032
0.442
-0.875
-1.660
-0.541
0.240
-0.227
-1.849
-0.771
-0.140
-0.332
-0.881
0.386
0.641
0.896
-1.143
-3.804
-2.515
-1.105
-0.642
-0.964
0.513
-2.219
-0.055
0.035
-0.755
-0.616
-0.507
0.336
0.069
0.490
-0.056
-1.284
-0.275
-1.674
-0.340
-0.033
-0.179
0.225
-0.276
-0.021
-0.355
-0.196
0.454
-0.156
-0.023
-0.257
-3.106
-2.054
-2.740
-0.040
0.660
0.316
0.340
-0.791
-0.569
0.551
-0.011
0.476
-1.530
-3.171
-1.087
-0.804
-0.623
-1.045
-0.416
-0.718
-0.700
-1.557
-1.982
-1.005
-2.093
-3.904
-2.101
-4.972
-2.712
0.288
0.558
-1.862
-0.829
-0.223
-0.244
-2.127
-0.039
0.364
-0.377
-0.669
-0.241
-0.039
-2.931
-0.705
0.274
-0.012
-1.412
-0.077
-0.624
-0.873
-0.993
0.480
-0.356
-2.166
-1.008
-0.670
-0.811
-0.358
2.030
-0.625
0.904
-0.252
0.930
-0.753
0.052
-2.566
-0.056
-0.010
-2.697
0.720
-0.550
0.914
0.097
0.230
0.420
-0.339
-1.054
-0.862
-1.352
0.311
-0.420
-0.004
0.092
0.114
0.205
0.089
0.014
-0.226
0.781
-0.150
-1.629
0.194
-1.348
0.271
0.181
-0.024
-0.424
-1.877
-1.142
-0.422
1.320
0.422
1.080
-0.290
0.021
0.466
-1.060
0.532
-0.116
-3.569
-1.403
-0.128
0.571
0.100
-0.111
-0.149
-0.199
-0.037
-0.626
0.317
-1.021
-0.517
-0.114
-1.868
-0.367
1.568
0.177
-0.838
-0.101
-0.630
-0.423
-0.575
-0.358
-0.973
0.112
-0.118
0.072
-0.770
-2.224
-0.079
-0.116
-0.100
0.021
-2.384
-2.090
-3.611
-1.595
-2.453
-0.126
0.080
-1.611
-2.764
-1.343
0.146
0.290
0.041
-0.233
-0.450
0.200
-0.528
-0.313
-0.034
-2.236
0.169
-0.463
-0.715
-0.734
-0.268
-1.207
-0.449
-0.085
0.115
0.125
-1.036
-0.096
0.010
0.125
0.103
-0.411
-0.327
0.245
-2.050
-0.453
0.304
0.360
0.176
0.043
0.202
-0.276
-0.432
-0.437
-1.123
-0.789
-0.862
-2.363
-0.471
-0.919
0.483
0.203
-0.369
-0.727
-0.578
-4.008
0.425
0.154
-0.108
0.056
0.170
-0.161
0.071
-0.433
-1.475
-0.244
-2.052
-0.471
-1.432
0.005
-0.281
0.002
-1.160
0.337
0.494
-0.253
-0.026
-0.150
-1.453
-0.274
-0.573
-0.498
-0.484
-0.771
0.072
-0.430
1.136
-0.171
-0.239
0.025
1.452
0.013
1.250
0.839
0.055
1.267
0.143
0.219
0.292
0.055
0.175
-0.484
0.448
0.358
0.406
0.337
-0.795
0.907
-0.247
-0.151
1.003
-1.020
0.224
-0.246
0.256
-0.684
-0.576
0.006
0.394
0.405
-0.479
0.220
-1.190
0.176
-0.791
-1.212
-1.014
-1.216
-0.905
0.196
0.239
-0.198
-0.550
-2.715
0.456
-2.023
-1.169
-2.373
-1.194
0.087
-0.808
0.109
-0.072
-0.002
-0.305
-0.242
-2.868
-0.986
-2.386
0.166
0.069
-0.198
0.026
0.218
0.072
0.389
-0.296
-0.277
-0.423
0.172
-0.547
0.097
-1.050
-0.044
-0.067
-1.158
-0.488
-2.504
-0.885
1.094
-0.147
0.542
0.247
0.257
0.207
-0.275
-0.298
-0.221
0.051
0.008
0.616
-0.304
-0.082
-0.620
-0.090
-1.234
0.076
-3.491
-1.328
-1.002
-0.053
-0.987
0.007
-0.118
-0.613
-0.659
-0.492
-0.691
-0.195
-0.807
-0.238
-0.839
-0.061
0.124
0.118
0.018
-0.369
-0.468
-0.470
-0.474
-0.030
-0.876
0.356
-0.414
-1.370
-0.340
-0.683
-0.567
-0.706
0.554
-1.061
1.217
0.069
-0.125
-0.355
-0.781
-0.391
-0.407
0.068
0.291
0.177
0.225
0.633
0.360
0.288
-0.594
-0.482
0.808
-0.007
-0.719
-0.194
0.012
-0.390
-0.077
-0.460
-1.227
-0.497
-0.440
-1.563
-0.023
-3.000
-0.732
-0.709
-1.845
-0.836
-1.082
-1.400
-1.016
-1.485
-2.075
0.089
-1.057
-0.931
0.162
0.196
-2.133
0.219
-0.113
-0.687
0.146
0.388
-0.135
0.145
0.147
0.546
0.171
-2.645
-1.621
0.275
-2.972
1.724
-0.120
0.134
0.079
-0.409
0.986
0.039
0.525
-0.654
-1.295
-0.097
-0.058
0.414
0.093
-1.346
-0.176
-1.356
-1.193
-0.860
-0.678
0.630
0.343
0.961
-2.088
0.184
0.462
-0.021
