0.093
0.117
0.205
0.312
0.335
0.072
0.593
0.110
1.290
0.277
0.432
0.643
0.376
0.131
0.080
0.117
-0.039
-0.089
-0.614
-0.324
0.296
-2.470
-0.565
0.226
0.042
1.074
0.292
0.658
1.034
0.081
0.115
-0.005
0.150
1.102
0.062
2.277
1.790
1.917
0.559
1.601
1.831
3.795
-0.044
-0.006
0.085
0.241
0.373
0.078
2.565
1.575
2.527
1.863
3.001
2.694
2.669
1.534
1.172
0.064
0.881
3.619
1.285
0.727
1.719
1.883
0.928
2.949
1.783
0.424
0.171
0.062
1.022
-0.226
-0.517
0.416
0.078
1.413
0.078
-0.541
4.184
0.024
-0.336
0.969
0.157
0.201
-0.264
0.070
1.168
2.156
0.617
-0.294
0.078
0.522
0.187
0.623
0.307
0.001
0.531
-0.187
0.804
0.547
0.081
-0.320
0.113
1.000
0.290
-0.267
0.140
-0.767
0.056
-0.247
0.114
0.173
-0.184
-0.001
-0.083
-0.019
0.073
-0.034
-0.042
-0.376
0.067
0.109
-0.019
0.069
-0.027
2.080
-0.886
-0.387
-0.093
0.053
0.154
-0.130
0.096
0.043
-0.327
-0.197
-0.188
-0.017
-0.707
0.133
0.087
-1.852
-1.015
0.102
0.328
-0.029
0.374
0.448
0.865
1.326
0.361
-0.054
0.676
2.315
1.180
3.050
2.738
3.040
3.023
0.282
0.875
2.263
2.361
0.033
0.992
-0.036
0.804
0.706
0.387
0.343
1.762
-0.017
-0.109
-0.218
1.111
1.511
1.574
0.690
1.750
0.498
0.190
1.306
0.114
0.414
0.559
-0.031
0.038
-0.459
0.322
0.122
0.222
1.379
0.076
0.122
0.070
-1.378
0.725
0.881
0.496
0.404
0.119
0.216
0.033
0.194
0.153
0.709
3.084
1.871
1.180
0.064
0.938
-0.157
-0.424
-0.373
0.506
-3.936
-0.086
0.102
3.467
2.811
1.152
2.592
0.478
2.116
1.691
0.276
0.388
0.759
0.969
0.702
0.100
1.969
1.167
1.205
3.894
0.133
-2.223
0.463
-0.099
0.606
0.225
0.845
0.555
0.032
2.104
0.213
0.446
0.051
1.644
1.320
-0.838
0.843
0.403
-0.010
0.865
0.405
2.029
-0.168
-0.139
0.798
0.605
0.887
1.142
0.852
-1.577
0.126
0.005
-0.492
-0.113
0.847
-0.061
1.588
0.088
0.059
0.522
0.111
0.373
0.314
0.477
0.193
0.004
0.340
0.093
0.667
0.280
0.135
0.167
0.210
0.014
0.733
1.873
-1.450
0.169
0.007
0.124
0.018
0.509
-0.063
3.496
-0.426
0.164
0.414
0.078
0.534
0.273
0.873
-1.691
-2.533
-1.339
-4.625
-0.727
-0.134
1.095
-0.177
0.381
1.814
0.759
0.305
0.239
-0.040
0.139
0.117
0.016
0.077
0.207
0.135
0.544
0.194
0.119
1.592
1.873
-0.019
0.458
0.622
0.349
0.828
0.393
0.276
0.097
-0.103
0.309
1.308
-0.876
0.657
-0.165
0.033
0.102
-0.124
0.087
2.596
1.235
0.882
0.929
1.297
0.687
0.098
1.422
2.007
1.039
0.105
-0.004
0.113
1.157
0.709
0.593
0.607
1.955
-0.077
2.101
0.343
1.154
1.210
0.746
0.420
1.155
0.079
-0.032
0.173
0.127
0.388
-0.178
-0.802
-0.183
0.078
0.079
0.042
-0.015
-0.158
0.590
0.080
-1.272
0.079
0.117
-0.018
-0.176
0.995
0.271
1.193
0.040
1.397
1.886
-0.161
1.390
1.372
1.729
0.749
0.616
2.303
1.874
0.082
0.215
0.163
0.581
-0.441
0.275
-0.003
0.420
0.702
0.197
1.068
0.182
0.413
0.119
0.233
0.216
1.116
0.045
0.476
0.125
-0.885
0.592
-1.023
0.055
0.209
-0.518
1.639
0.745
0.045
0.075
-1.112
-0.214
-0.064
-0.112
-0.151
0.132
-0.697
-0.819
-0.626
-3.378
-0.536
-0.063
-0.171
-0.294
-0.121
0.554
-0.426
1.182
-0.269
-0.047
0.385
-0.654
0.542
0.571
-1.026
0.233
-0.029
0.157
0.301
0.049
0.091
0.409
0.052
0.220
1.901
0.080
2.392
1.279
0.078
0.365
1.435
2.215
0.096
-0.025
0.100
0.145
0.186
1.300
0.273
1.333
0.632
2.044
1.239
0.776
0.177
0.040
0.776
0.255
0.284
0.453
1.410
0.369
0.945
0.290
0.089
-0.014
-0.147
-0.191
0.087
-0.392
-0.467
0.261
0.210
0.073
0.081
0.272
0.030
0.463
0.070
0.595
0.478
1.795
1.494
0.559
0.225
-0.119
0.002
0.259
0.524
0.319
0.315
0.311
0.123
0.304
0.066
1.198
0.217
0.662
0.108
1.266
0.977
2.316
0.952
0.968
-0.895
0.990
0.020
0.668
0.495
0.059
-0.272
0.231
0.791
0.675
0.284
0.764
0.302
-0.200
0.222
-0.011
0.224
0.210
0.218
0.173
0.404
0.395
0.004
0.129
0.910
-0.444
4.440
0.807
0.222
5.444
0.466
1.223
-0.465
1.139
0.134
0.227
0.062
0.203
-0.278
-0.226
0.322
-0.092
-0.289
-0.240
0.005
0.744
1.139
-0.222
-0.061
0.340
0.240
0.156
0.684
0.166
0.390
0.558
0.208
1.000
-0.001
0.211
2.209
0.821
0.159
0.515
0.190
0.078
1.321
0.120
0.893
0.406
0.605
3.150
0.524
0.174
1.833
0.602
0.129
0.025
0.257
-0.729
0.353
0.407
0.357
0.815
0.222
-0.062
1.494
0.568
-0.625
0.697
-0.299
-0.291
-0.603
0.215
-0.076
1.183
0.180
-0.848
0.533
0.694
0.201
0.032
-0.216
-1.284
0.277
0.144
0.332
0.296
0.172
0.228
0.128
-0.854
-0.592
1.604
-0.134
0.330
0.078
