-0.249
0.699
0.147
0.358
-0.179
0.332
0.197
0.377
1.008
0.195
0.408
0.337
0.193
0.282
-0.589
-0.107
-0.569
-0.491
-0.103
-0.232
1.262
-1.774
-0.613
0.026
-0.127
-0.332
0.318
0.357
0.485
0.148
-0.227
0.101
-0.061
-0.223
-0.103
2.811
2.119
3.115
1.029
0.859
2.052
3.123
0.510
-0.090
0.229
0.449
0.978
1.396
2.956
1.155
2.150
1.710
3.264
3.171
2.624
1.578
2.083
-0.027
1.260
3.316
1.183
1.439
1.083
2.695
2.280
1.992
1.654
1.539
0.595
0.693
0.887
-0.360
-0.336
0.628
1.148
1.782
1.779
-1.881
4.804
-0.093
-0.653
2.340
0.019
0.575
-0.459
-0.247
1.305
2.712
1.322
0.469
-0.077
0.060
0.057
0.944
0.880
-0.227
-0.092
-0.018
2.582
1.195
0.652
0.069
2.805
1.716
0.428
-0.353
-0.031
-0.236
-0.045
0.067
-0.183
-0.063
-0.135
-0.127
-0.088
-0.139
-0.030
-0.256
-0.078
-0.052
-0.049
-0.061
-0.095
-0.164
0.021
1.853
-0.483
-0.947
-0.589
0.806
0.113
0.044
-0.013
-0.368
-1.083
0.626
1.326
0.144
-0.874
-0.059
0.112
-1.282
-1.004
0.084
0.349
-0.648
0.752
0.579
1.077
2.312
0.014
-0.066
0.428
2.156
1.814
4.425
2.790
3.372
2.538
0.562
1.123
3.543
0.952
-0.018
0.245
0.026
1.109
1.126
0.028
0.080
2.020
-0.357
0.384
-0.091
0.525
1.805
1.943
0.569
2.282
0.943
0.003
1.515
-0.105
1.172
0.944
0.464
0.348
-0.881
-0.348
-0.524
-0.064
-0.096
-1.608
1.001
1.426
-0.869
0.740
0.664
0.619
-0.043
0.030
0.331
-0.426
0.567
0.180
0.112
3.614
2.443
0.853
-0.482
0.202
0.014
-2.011
0.811
0.360
-0.486
-0.303
-0.063
1.920
2.196
1.838
2.084
0.331
1.358
1.194
1.039
0.369
0.572
1.076
0.797
1.069
2.881
1.396
1.579
5.227
-0.042
-1.494
0.451
-0.195
0.479
-0.059
1.208
-0.501
-0.637
3.996
0.424
0.858
0.180
1.014
0.815
-1.048
0.510
0.528
0.193
1.666
0.613
0.588
-0.281
1.063
1.315
0.889
1.432
0.257
0.741
-2.352
-0.251
-0.115
-0.188
-0.200
0.398
-0.088
0.485
0.121
-0.079
1.694
-0.059
0.086
1.055
1.294
-0.113
-0.015
0.597
1.118
1.302
1.768
0.058
0.028
-0.606
-0.059
0.551
1.724
-0.314
-0.006
-0.366
-0.059
-0.434
-0.123
-0.843
3.458
-0.649
-0.236
0.228
0.783
0.958
0.438
0.678
-1.198
-3.770
-3.505
0.678
-0.114
-1.065
1.704
-1.236
-0.547
2.118
0.483
-0.243
0.664
0.095
0.131
-0.027
0.576
0.169
0.689
0.003
0.757
0.254
-0.140
2.227
0.707
0.112
-0.065
0.910
0.282
1.085
0.569
0.609
0.165
0.128
0.488
0.493
-0.341
0.444
0.398
-0.066
0.836
-0.287
-0.058
2.978
0.942
1.205
0.861
1.287
0.871
0.480
1.324
2.782
1.612
-0.166
1.189
0.155
0.618
1.211
0.666
0.793
2.043
-0.133
3.454
-0.559
1.407
0.671
0.824
0.124
1.922
-0.162
-0.278
-0.024
0.553
0.017
0.186
0.038
-2.231
0.129
0.221
0.228
0.096
-0.082
2.432
2.769
-0.358
0.172
0.242
0.610
0.097
1.211
-0.067
1.654
-0.405
2.524
0.897
-0.071
0.661
1.408
0.773
0.765
-0.317
2.377
2.010
-0.185
0.250
-0.038
0.865
0.514
0.530
0.202
0.350
1.113
-0.099
1.224
0.548
1.140
0.433
0.473
-0.213
0.638
0.641
0.144
0.029
-0.219
-0.012
-0.212
-0.884
1.108
-0.786
2.204
0.491
1.116
-0.297
-1.501
-0.267
-0.098
-0.529
-0.902
0.557
-0.760
-0.830
-1.023
-1.385
-0.506
-0.265
-1.439
-0.150
-0.136
0.052
-0.084
2.021
-0.838
-0.259
1.298
-0.344
-0.362
0.754
-0.106
0.166
0.253
0.156
-0.216
0.184
0.544
0.702
-0.344
0.240
2.618
0.402
1.538
1.404
1.953
-0.105
-0.016
0.621
0.124
-0.197
0.190
0.118
0.619
1.944
0.766
1.949
1.235
3.037
1.237
0.480
0.697
0.294
1.472
0.669
0.243
0.528
2.083
1.387
1.549
0.514
-0.042
-0.409
0.175
0.148
0.090
-0.788
-0.456
1.013
0.051
0.357
-0.080
0.112
0.139
0.134
0.740
0.319
0.320
1.806
1.868
1.294
0.050
-0.387
-0.501
0.252
0.072
0.049
-0.051
-0.059
-0.059
0.391
0.110
0.924
0.301
1.777
-0.012
0.700
1.477
3.909
1.304
0.860
-0.059
0.655
0.524
0.844
0.382
0.224
0.055
0.425
0.995
1.298
0.305
1.064
0.199
0.111
-0.026
0.093
-0.053
0.880
0.340
0.058
0.333
0.011
0.133
-0.095
2.154
-0.295
0.761
1.774
1.708
0.249
0.013
1.435
0.025
2.311
-0.118
-0.026
-0.096
-0.105
-0.321
-0.273
0.245
-0.028
0.026
0.085
0.144
2.397
1.821
-0.786
0.015
0.037
1.004
-0.138
-0.017
-0.714
0.138
0.571
0.218
0.697
0.122
0.177
2.286
1.243
0.161
1.182
2.723
0.373
1.487
1.014
1.403
0.523
1.048
1.320
1.070
-0.007
1.659
1.463
-1.455
0.267
0.747
-0.849
-0.074
0.386
0.295
1.294
-0.059
0.130
2.178
0.710
-1.335
0.472
-0.378
-0.915
-1.699
1.394
-1.043
0.454
-0.422
-0.443
0.899
1.518
-0.083
-0.106
-0.249
-0.524
0.507
0.461
0.170
0.131
1.089
0.238
0.119
-0.084
-0.734
3.450
-0.356
-0.960
-0.089
