0.493
0.012
0.014
-0.060
0.067
0.008
0.298
0.047
0.524
0.132
0.094
0.576
0.132
0.212
-0.086
-0.196
-0.171
-0.174
0.022
0.069
0.160
-1.947
-0.413
0.405
-0.000
0.057
0.154
0.118
1.354
0.055
-0.030
0.206
-0.337
0.318
-0.249
2.820
2.290
2.924
1.034
2.397
2.569
3.202
-0.029
-0.157
-0.031
-0.069
0.089
-0.020
1.960
1.290
2.311
1.262
2.677
3.551
2.000
1.354
0.998
-0.029
0.803
3.846
1.111
1.886
1.916
1.959
1.691
2.397
1.572
0.409
0.252
0.226
1.126
0.012
0.084
0.340
2.223
2.713
1.511
-0.746
2.972
-0.235
-0.365
1.085
0.257
0.336
-0.280
-0.088
1.647
2.997
0.891
-0.175
-0.122
0.192
0.148
0.720
0.081
-0.029
-0.098
-0.033
1.678
0.348
0.056
0.041
0.741
0.787
0.175
-0.198
0.054
-0.002
-0.219
-0.128
-0.029
0.134
-0.367
-0.191
-0.520
-0.192
-0.035
-0.029
-0.322
-0.142
0.027
-0.097
-0.369
-0.155
-0.225
1.500
-0.094
-1.227
-0.469
0.075
0.051
-0.497
0.858
0.877
-0.904
0.394
-0.099
0.901
-0.029
1.526
1.221
-0.029
-2.457
0.243
0.505
0.568
0.295
-0.002
0.996
2.264
1.184
0.135
0.839
2.290
1.541
3.427
2.997
2.638
0.913
-0.029
0.301
1.379
2.138
0.827
0.003
0.199
1.779
0.594
0.442
1.130
0.864
-0.388
0.230
-0.177
1.301
2.236
1.910
0.741
0.563
0.997
0.029
2.393
-0.245
0.496
0.417
1.155
0.418
-0.519
-0.426
-0.096
0.007
0.616
-0.109
2.043
1.780
-0.029
0.887
0.548
0.760
0.169
0.245
0.261
-0.050
-0.004
0.160
-0.024
3.352
2.467
0.441
0.020
0.223
-0.029
-0.571
0.689
0.733
-0.503
-1.119
-0.147
2.185
3.227
1.382
2.754
0.663
1.709
1.670
1.288
1.186
0.511
1.863
0.190
0.291
2.407
1.058
1.069
2.637
-0.190
-0.521
1.319
0.410
1.089
0.420
1.209
-0.071
0.207
3.125
0.029
0.454
0.081
0.837
1.095
-0.325
1.151
0.329
0.354
1.266
0.512
1.790
0.345
-0.070
1.789
0.818
0.026
0.811
0.274
-1.299
-0.329
-0.735
0.171
-0.042
0.906
-0.122
1.258
0.065
-0.485
0.128
-0.029
0.099
0.482
0.777
-0.120
-0.114
0.270
1.610
1.458
0.826
-0.040
0.487
0.103
-0.029
0.028
1.582
-0.151
-0.040
-0.428
0.007
-0.029
0.089
-0.498
1.446
-0.409
-0.098
0.886
0.389
0.517
0.080
1.141
-0.988
-1.857
-1.567
0.034
0.427
-0.413
0.739
-0.073
0.821
2.791
0.776
-0.091
-0.026
0.055
0.119
-0.153
0.680
-0.001
0.913
0.085
1.149
0.056
0.060
1.915
1.075
0.806
0.850
1.132
0.329
1.282
0.572
0.553
-0.013
-0.029
0.661
1.332
-0.475
0.147
-0.029
-0.024
0.006
-0.283
-0.052
3.754
1.432
1.305
1.027
1.477
0.729
0.051
1.958
2.589
1.016
2.250
1.806
0.010
1.063
1.565
1.108
0.259
1.157
0.268
2.097
-0.302
1.778
1.111
1.078
0.419
1.837
0.716
0.232
-0.064
0.090
0.407
0.510
-0.487
-1.796
0.043
0.022
0.168
0.054
1.146
1.661
1.032
-0.403
0.173
-0.019
-0.051
0.121
0.587
0.142
1.119
-0.269
1.413
0.667
0.784
0.291
0.262
0.908
0.736
0.077
2.068
2.157
-0.007
1.335
0.198
0.591
-0.196
0.253
-0.031
0.046
0.859
0.003
1.480
0.589
1.222
-0.007
0.104
-0.029
1.514
0.331
-0.137
0.223
0.027
0.554
-0.106
-0.057
1.160
-0.029
1.887
1.607
0.029
-0.452
-1.134
-0.348
-0.213
-0.412
-0.481
-0.068
-0.182
-0.205
-0.631
-0.118
-1.461
-0.001
-0.029
-0.146
-0.120
-0.039
-0.285
1.813
-0.684
-0.543
1.943
-0.471
1.184
1.436
-0.045
0.860
0.398
0.234
0.029
0.198
0.620
1.172
-0.170
0.249
2.240
0.132
0.984
0.707
0.883
0.518
1.103
2.494
0.405
-0.480
1.209
0.741
0.872
1.996
0.876
1.635
0.670
2.639
1.350
0.247
0.264
0.127
0.559
0.245
0.415
0.583
2.369
1.192
1.653
0.402
0.085
0.175
0.465
0.131
0.205
0.136
0.177
0.606
0.122
0.112
0.960
0.361
0.526
0.212
0.488
0.264
0.979
1.417
1.291
1.033
0.123
-0.316
-0.025
0.412
0.807
0.247
0.479
0.262
-0.094
-0.032
0.651
1.262
0.481
0.886
0.403
0.378
1.473
3.200
0.972
1.089
0.237
1.546
0.365
1.620
0.478
0.383
0.072
0.181
0.802
0.302
0.412
0.135
0.190
-0.156
0.117
-0.034
-0.049
0.310
0.489
0.067
0.740
1.575
-0.549
-0.962
0.680
-0.315
2.423
0.917
0.059
0.396
0.923
1.462
0.137
1.056
0.115
0.252
-0.476
0.023
-0.029
-0.022
0.076
-0.403
-0.266
-0.096
-0.286
1.371
1.977
-0.070
0.076
0.373
-0.078
-0.045
0.362
0.820
0.098
0.267
-0.029
0.504
0.326
0.185
1.995
0.605
0.115
0.599
-0.002
-0.056
1.185
0.339
1.356
1.415
0.736
2.866
0.521
0.039
-0.127
0.980
-0.115
-0.057
0.608
-0.846
-0.850
0.679
0.227
1.258
-0.029
0.986
1.016
0.625
-0.289
0.971
-0.881
-0.972
-0.055
0.692
-0.327
0.328
-0.064
-0.456
0.545
0.682
-0.360
-0.013
-0.172
-0.823
0.728
0.255
0.497
1.057
0.739
0.156
0.148
-0.116
-0.354
1.764
-0.160
0.657
0.223
