-0.154
-0.157
-0.142
0.001
-0.157
0.005
-0.157
-0.157
-0.157
-0.072
-0.240
-0.157
-0.084
0.093
-1.435
0.024
0.877
-0.028
0.556
-0.069
0.295
1.761
-0.022
-0.705
-0.240
-0.148
-0.062
-0.157
-0.176
-0.145
0.027
-0.469
-0.029
-0.800
0.345
-1.381
-0.212
-2.294
-1.373
-0.110
-2.125
-1.402
-0.157
-0.033
-0.318
-0.157
-0.166
0.033
-1.148
-1.469
-1.061
-0.518
-0.655
-1.305
-3.103
-2.093
-0.763
0.544
-0.821
-1.420
-0.275
-0.998
-0.816
-2.024
-1.843
-1.140
-2.133
-0.147
-0.163
-0.199
-1.836
0.104
0.868
-0.432
0.505
-2.810
0.204
1.516
-0.092
0.047
0.532
-0.714
0.284
-0.158
0.070
0.064
-0.074
-1.024
-0.446
0.125
0.885
0.132
-0.157
-0.335
-0.588
-0.305
-0.109
-0.156
-1.295
-0.294
-0.235
-0.982
-0.569
-0.713
-1.023
-0.036
-0.157
-0.023
-0.157
-0.157
-0.157
-0.157
-0.054
-0.084
0.033
-0.072
-0.157
-0.041
-0.142
0.141
-0.157
-0.014
-0.061
-0.026
-0.157
0.658
0.214
1.288
0.036
-0.157
-0.112
0.471
0.337
0.470
0.387
-0.202
-0.115
-0.121
1.027
-0.181
0.126
0.629
-0.144
-0.074
0.153
0.164
-0.582
2.677
-0.032
-0.331
-0.398
-0.134
-1.189
-0.290
-0.407
-2.163
-1.373
-0.627
-0.127
0.574
0.109
-0.405
0.085
-0.157
-0.251
-0.240
-0.036
-0.368
-0.392
-0.384
-0.355
0.839
-0.159
-0.112
-0.657
-1.118
0.045
-0.247
-0.157
-3.481
-1.339
-0.471
-0.153
-0.248
-0.453
-0.315
-0.868
-0.019
-0.251
-1.095
-0.368
0.672
0.773
0.412
-0.097
1.142
-1.064
-1.912
0.081
-0.157
-0.310
-0.159
0.367
-0.339
-0.786
-0.823
-1.630
-0.548
-0.594
0.114
0.212
0.310
2.319
-0.616
0.297
2.234
0.687
-0.033
-0.585
-2.470
-0.579
-0.972
-1.112
-0.631
-0.622
-0.563
-0.857
-0.726
-0.742
-0.187
0.156
-2.200
-0.412
-1.297
-2.542
-0.038
1.340
-0.122
-0.157
0.237
-0.465
-0.258
0.145
-0.556
-0.759
-0.157
0.195
-0.157
-0.890
-0.600
-1.418
-1.121
-2.225
-1.274
-0.986
-0.177
-1.124
-0.433
-1.893
-1.557
-0.251
-0.660
-1.424
-1.878
1.381
-0.051
0.645
-1.252
0.309
-3.451
0.076
-1.582
-0.201
0.286
-0.829
0.173
-0.200
-0.106
-0.350
2.371
-0.039
-0.157
-0.230
-0.961
-0.571
-0.174
-0.911
-0.460
-0.060
0.425
-1.841
-0.157
-0.157
-0.157
0.072
0.581
-0.733
0.150
-0.922
0.487
0.384
-1.123
1.250
-0.970
-0.221
0.260
1.749
2.136
0.740
-0.566
-0.642
1.330
-0.253
0.146
-0.916
-0.836
0.276
0.041
-0.157
-0.023
0.022
-0.094
-0.101
-0.054
-0.296
-0.491
-0.462
-0.147
-0.459
-1.321
-0.033
0.485
-0.311
-0.157
-1.076
-1.411
-1.545
-1.956
-0.234
-0.062
-0.308
-0.581
-0.020
-0.168
-0.155
-0.157
-0.906
0.096
-0.123
-1.478
-1.182
-1.496
-1.306
-1.823
0.456
-0.260
-1.942
-2.421
-0.340
-0.174
-0.081
-0.157
-0.925
-0.448
0.246
-0.654
-0.369
-0.159
-0.474
3.119
-0.194
-0.783
-0.302
0.268
-0.900
0.239
-0.722
-0.651
-0.025
-0.246
-0.127
-0.157
1.149
-0.406
-0.346
-0.264
0.005
0.260
-1.104
-1.294
0.363
-0.498
-0.017
-0.280
-0.226
-0.058
-0.440
-1.129
0.096
-0.958
0.016
0.215
0.329
0.061
0.210
-1.587
-0.155
-0.057
-1.838
-0.908
-1.006
-0.930
-0.693
-0.521
-0.157
-0.125
-0.326
-0.326
-0.440
-0.157
-0.167
-0.820
-0.138
-0.064
0.581
-0.169
-0.076
-0.515
-0.129
2.458
-0.270
-0.157
0.114
-1.458
0.398
-1.311
-0.271
0.657
0.021
0.200
0.385
-0.170
0.666
1.950
-0.383
0.010
-0.086
0.971
1.753
-0.142
0.083
1.564
-0.018
0.006
0.271
0.066
-0.700
0.343
0.117
-0.829
0.360
-0.352
0.497
-0.157
-0.480
-0.319
-0.427
-0.123
-0.208
0.327
-0.675
-0.157
0.472
-0.513
0.107
-0.173
-0.212
-0.264
-0.157
-2.248
-0.039
-0.157
-0.132
-0.261
-0.429
-0.286
-1.137
-0.641
-1.652
-0.879
-1.398
-0.748
-0.125
-0.286
-0.157
-0.167
-0.124
-1.159
-1.136
0.088
-1.857
-2.122
-0.350
-0.403
-0.437
-0.664
-0.356
-0.098
0.270
-0.188
-0.253
-0.303
-0.157
-0.157
0.443
-0.655
-0.397
-0.539
-0.039
-0.166
-0.247
-0.636
-0.138
-0.135
0.035
-0.157
-0.345
0.039
-0.196
-0.087
-0.256
-0.230
-0.068
-0.549
-0.804
-0.611
-0.504
-0.377
-0.868
-0.204
-1.758
-0.413
-0.437
0.255
1.271
-0.157
-1.011
0.190
-0.121
-0.076
-0.322
-0.178
-0.362
-0.918
-1.877
0.042
-0.947
-0.119
-0.122
-0.090
-1.392
-0.471
-0.247
-0.210
-1.392
0.052
1.271
-1.405
0.035
-1.893
0.200
-0.143
-2.636
-0.353
-0.066
-0.398
0.058
-0.031
-0.639
-0.223
-0.157
1.140
0.377
0.041
0.091
0.195
0.009
0.006
0.151
-0.202
-0.605
-0.108
-0.002
-0.141
-1.582
0.296
-0.001
-0.110
-0.454
-0.203
-0.053
-0.374
0.086
-0.897
-0.471
-1.438
-0.210
-0.286
0.005
-0.982
0.341
-1.355
-0.302
0.067
-0.522
-0.983
-0.395
-1.010
-0.111
0.492
-2.050
-0.185
1.407
0.320
0.566
-0.157
-0.740
0.089
-0.131
-0.032
-0.117
0.109
2.198
-0.081
0.210
0.179
0.070
1.582
-0.226
-0.181
0.408
-0.317
-0.971
0.020
-0.157
-0.042
1.001
-0.475
-0.113
-0.203
-0.501
-2.662
-1.224
0.159
-0.157
0.588
-2.905
-0.890
-0.583
-0.513
