0.007
0.104
-0.022
0.010
0.262
-0.230
-0.171
0.007
-1.074
0.022
-0.134
-0.117
-0.069
-0.274
-0.136
0.078
0.350
0.069
-0.679
-1.222
-0.020
0.977
-0.913
-0.117
0.154
-0.349
-0.063
-0.887
0.075
0.007
0.007
-0.506
-0.565
-0.264
-0.582
-2.372
-2.930
-2.427
-0.717
-1.128
-1.396
-5.211
-0.014
0.282
-0.019
-0.182
-0.364
0.007
-1.523
-1.214
-2.287
-1.864
-0.528
-3.389
-2.458
-1.681
-2.028
0.501
-0.876
-3.412
-0.858
-1.430
-0.639
-1.196
-0.213
-2.655
-1.605
-0.432
0.167
0.007
-2.000
-0.434
-0.534
-0.056
-0.058
-0.623
0.073
2.271
-3.787
-0.104
0.007
-1.692
0.015
0.027
0.361
-0.089
-0.695
-2.052
-1.496
0.533
-0.165
-0.485
-0.269
-0.207
0.128
0.774
0.208
-0.400
-0.666
-0.140
0.074
0.007
-0.083
-0.037
-0.081
0.007
-0.035
0.025
-0.055
-0.317
0.007
-0.032
0.038
-0.383
-0.017
-0.094
-0.008
0.007
0.006
0.020
0.007
0.007
0.007
-0.254
-0.052
-1.480
0.007
0.232
0.008
-0.569
0.007
0.200
-0.008
0.643
0.365
0.887
0.385
-0.443
1.128
-0.060
-0.786
1.667
0.647
-0.125
0.168
-0.151
-0.835
0.007
-1.739
-1.469
-0.879
0.000
-2.057
-1.631
-1.562
-3.393
-2.380
-2.762
-2.783
0.106
-1.082
-1.637
-0.338
0.007
0.023
-0.315
-0.279
-0.452
-0.059
-0.944
-0.420
0.901
-0.324
0.010
-0.070
-0.321
-0.325
-0.192
-1.015
-0.689
-0.102
-2.058
-0.071
-0.293
-1.039
-1.825
-0.670
0.062
0.050
0.475
-0.173
-0.614
0.697
1.291
-2.226
0.202
-0.685
-0.547
-0.122
0.007
-0.442
-0.000
0.007
0.120
0.135
-0.028
-2.311
-3.220
-0.961
0.007
0.101
0.007
1.555
0.007
-0.395
0.744
1.041
0.036
-4.888
-2.367
-0.939
-2.645
-0.119
-1.555
-1.172
-0.958
-2.540
-1.321
-1.029
-0.699
-0.111
-3.063
-1.476
-3.671
-3.989
-0.370
0.161
-0.254
0.705
-0.499
-0.970
-0.284
0.047
0.177
-1.943
0.007
-0.082
0.007
-0.012
-1.099
-0.515
-0.739
-0.155
-0.696
-0.726
-0.471
-1.499
-0.037
-0.490
-1.175
-1.070
-1.388
-2.212
-1.637
0.280
-1.089
0.159
0.062
0.054
-0.606
0.083
-1.301
0.007
0.191
-0.038
1.152
0.048
-0.157
0.007
1.045
0.007
-0.199
-1.966
-2.484
-0.428
0.102
0.137
-0.130
0.007
0.007
-1.717
0.007
-0.008
0.044
0.364
0.025
0.018
-0.485
-3.205
0.768
0.555
-0.132
0.214
-1.468
-0.248
-1.321
0.628
1.988
1.564
0.344
-0.085
0.393
-0.068
0.049
-1.593
-3.084
-0.308
0.366
0.288
0.107
-0.126
-0.180
-0.182
0.007
0.007
0.007
-0.765
-0.048
0.111
-2.398
-0.042
-0.296
-0.114
-1.714
-0.126
-2.241
-0.359
-0.803
0.007
-0.159
-0.834
-1.578
1.044
-0.152
0.007
0.083
-0.154
-0.174
-0.154
-2.951
-2.828
-1.531
-1.560
-1.581
-0.861
-0.381
-0.139
-2.609
-0.360
-0.049
-0.134
0.007
-0.111
-0.814
-0.582
-0.186
0.166
-0.398
-2.124
0.007
-0.114
-0.515
-0.539
-0.103
-0.351
-0.087
-0.175
-0.030
-0.647
-0.848
-0.212
0.699
2.465
-0.129
-0.002
-0.816
-0.988
-1.031
-2.285
-0.762
-1.195
-0.809
-0.591
0.007
-0.059
-0.132
-0.661
-1.117
0.056
-0.546
-1.158
-0.251
-0.305
-0.205
-1.015
0.099
-0.185
-3.123
-2.243
0.026
-0.343
0.058
-1.311
-0.006
-0.251
0.017
-0.832
-1.550
-0.079
-1.307
-0.163
-1.262
-0.176
-0.003
0.007
-0.752
-0.052
-0.214
0.054
0.517
0.048
-1.807
0.938
-0.164
0.348
-1.911
-0.793
-0.263
0.011
0.547
1.169
0.007
0.007
1.561
-0.082
0.652
0.065
-0.066
1.384
0.415
0.138
0.102
0.391
0.850
-0.009
0.427
1.301
0.181
0.111
-0.511
0.404
-0.220
-0.804
0.007
-2.593
-0.588
0.188
-0.313
0.026
0.018
-0.082
0.120
0.007
-2.655
0.140
-2.878
-1.295
-0.145
-0.655
-0.707
-0.776
-0.086
0.124
-0.038
0.025
0.024
-0.405
-0.429
-0.025
0.088
-1.259
-0.624
-0.192
-0.637
-0.046
-0.453
-0.133
0.007
-1.629
-2.252
-1.496
-0.985
-0.403
-0.431
0.013
-0.032
-0.411
-0.182
0.007
-0.174
-0.575
-0.633
-1.035
-0.114
-0.553
-0.161
-0.378
0.084
0.007
-0.387
-1.697
-0.201
-0.610
0.037
-0.059
0.061
-0.210
-0.384
-0.418
-0.138
-0.044
0.195
-0.008
-0.401
-1.281
-0.214
-1.032
-0.135
-1.802
-0.537
-3.269
-1.006
-1.004
0.007
-0.074
0.007
-0.105
-0.326
0.095
0.686
-0.136
-1.586
-0.266
-0.578
0.007
-0.495
-0.582
-0.042
-0.017
0.007
-0.602
-0.479
-0.864
-0.150
-0.524
0.266
-0.184
-0.938
0.038
-2.253
-0.401
0.007
0.118
-0.117
-0.395
0.309
-0.098
0.072
0.007
0.066
0.091
0.052
0.058
-0.053
-0.003
0.105
-0.006
0.007
-1.019
-1.328
0.342
0.013
0.007
-0.055
0.150
0.291
0.897
0.097
-0.186
-0.112
-0.884
-0.277
-0.023
-1.588
-0.552
-0.464
-0.645
0.007
0.091
-1.241
-0.095
-0.110
-0.586
-1.827
-1.696
-0.529
0.035
-0.005
-0.951
0.092
0.022
-0.299
0.086
0.312
-0.087
0.132
-0.441
0.659
0.007
-0.583
-0.208
0.045
-0.244
0.129
0.457
0.484
0.596
0.746
-0.320
-0.221
0.652
-1.195
-1.507
0.018
-0.103
0.007
0.166
-0.877
0.038
-1.557
-2.695
-0.154
0.064
0.000
0.007
0.055
-0.681
0.145
-0.863
-0.234
