-0.243
0.117
-0.098
0.421
-0.030
-0.212
0.079
0.049
0.165
0.171
-0.165
-0.081
0.159
-0.186
-0.095
0.004
-0.162
0.067
-0.165
-0.196
1.926
-1.231
-0.550
-0.112
-0.123
-0.392
-0.225
-0.042
0.346
-0.165
0.257
0.022
0.428
0.177
-0.165
2.505
0.903
2.428
0.850
1.279
2.353
3.378
-0.163
-0.170
-0.002
-0.282
0.023
-0.129
1.599
1.490
2.349
1.019
1.739
2.942
2.689
2.401
1.397
-0.094
0.881
2.714
1.079
1.695
0.887
2.057
1.582
1.989
0.726
0.523
-0.130
0.002
1.545
-0.088
-0.519
0.028
0.503
1.905
0.025
-0.271
3.433
-0.177
-0.465
0.793
-0.133
-0.150
-0.383
-0.350
0.026
2.472
-0.047
0.578
-0.196
0.407
-0.031
0.396
0.223
-0.012
-0.101
-0.376
0.636
0.181
0.185
-0.043
0.234
0.040
-0.152
-0.172
-0.093
-0.099
-0.081
-0.109
-0.032
-0.202
-0.171
-0.080
-0.190
-0.087
-0.098
-0.218
-0.080
-0.172
-0.094
-0.082
-0.102
-0.200
-0.113
1.303
-0.358
-0.634
-0.165
0.045
0.047
-0.016
0.771
1.540
-0.608
0.757
0.022
-0.137
-0.165
1.501
0.642
-0.165
-0.588
0.197
-0.050
-0.091
-0.041
0.060
0.172
1.541
0.029
-0.167
-0.085
2.609
1.022
2.968
1.865
1.106
0.686
-0.123
0.038
1.463
0.823
2.139
-0.328
-0.136
0.295
1.011
0.626
0.717
1.232
-0.025
0.256
0.138
0.377
1.133
2.009
-0.007
0.780
0.511
-0.195
0.741
0.056
0.140
0.226
-0.052
-0.123
-0.175
-0.494
-0.146
-0.089
0.074
0.258
3.027
1.441
0.034
0.512
-0.160
0.318
-0.166
0.755
-0.047
-0.132
-0.001
-0.050
-0.082
3.029
2.383
1.411
-0.188
0.180
0.125
-1.327
0.215
0.060
0.425
-0.337
-0.081
2.738
1.907
0.925
2.233
0.527
1.512
0.772
0.157
0.799
0.361
0.791
0.911
0.224
1.859
1.200
1.513
2.620
-0.136
-0.843
1.035
-0.106
0.250
-0.141
-0.033
-0.087
-0.091
2.693
0.098
0.896
0.003
0.945
1.344
-0.541
0.996
0.079
-0.042
1.519
0.462
1.564
-0.092
-0.559
0.591
0.920
0.124
-0.122
0.236
-1.679
-0.165
-0.604
-0.177
0.261
0.371
-0.137
0.157
-0.230
-0.169
0.412
-0.050
0.425
0.326
0.443
-0.153
-0.083
0.347
0.617
0.923
0.618
-0.126
0.265
0.243
-0.165
-0.151
1.450
-0.165
-0.143
-0.165
0.021
-0.077
-0.277
-0.230
1.435
-0.616
-0.448
1.782
-0.164
1.180
-0.138
-0.031
-0.993
-1.264
-0.809
-0.063
0.024
-1.465
-0.027
-0.113
-0.168
1.451
0.977
0.313
0.076
-0.146
-0.050
-0.112
-0.115
-0.169
0.196
-0.137
0.502
-0.141
-0.154
1.184
0.874
-0.050
0.041
0.446
0.320
1.164
0.125
0.489
-0.053
-0.185
0.247
1.285
-0.312
0.737
0.765
-0.137
-0.137
-0.165
-0.126
2.516
0.504
0.656
0.820
0.874
0.173
-0.105
1.037
1.881
0.336
1.913
1.468
-0.021
0.037
0.875
0.219
0.162
0.669
0.028
1.504
-0.212
-0.005
0.130
0.988
0.187
1.442
0.124
-0.120
-0.128
-0.108
1.362
-0.095
-0.192
-0.574
0.007
-0.165
-0.136
-0.165
0.628
0.226
0.200
-0.020
0.179
-0.087
-0.062
-0.093
-0.088
1.342
0.632
-0.165
0.594
-0.045
-0.096
-0.250
-0.175
0.917
0.873
0.235
1.132
0.924
-0.141
0.466
-0.343
0.083
-0.119
0.037
-0.754
-0.106
0.417
-0.011
0.321
0.395
0.221
-0.366
0.004
0.079
0.523
-0.108
-0.186
-0.184
-0.954
-0.032
0.060
-0.144
-0.113
-0.170
1.134
0.905
0.195
0.021
-0.758
-0.956
-0.324
-0.159
-0.212
-0.007
-0.574
-0.613
-0.739
-0.277
-0.278
0.009
-1.244
-0.239
0.127
-0.025
0.291
0.181
-0.739
-0.271
0.670
-0.484
0.402
0.389
-0.082
-0.509
0.147
-0.117
0.191
0.233
0.056
-0.075
-0.365
0.277
1.491
0.304
2.116
0.521
1.302
-0.214
0.563
2.727
0.029
-0.135
0.071
0.275
0.312
1.043
-0.122
1.666
0.847
1.507
0.267
-0.103
-0.093
0.279
-0.142
0.115
0.237
0.547
1.769
0.562
1.444
-0.162
-0.164
-0.126
-0.059
0.162
0.178
-0.019
-0.247
-0.146
0.034
0.013
0.065
-0.009
-0.133
0.219
-0.164
0.045
0.075
0.410
1.097
0.686
0.686
-0.456
-0.352
-0.093
0.452
0.175
0.252
-0.125
-0.137
-0.250
0.057
1.260
0.172
0.576
0.307
0.411
-0.016
2.674
0.927
0.740
-0.168
-0.124
0.051
1.094
0.195
-0.118
-0.394
-0.081
0.121
-0.121
0.640
0.209
-0.029
0.219
0.008
-0.137
-0.128
-0.063
-0.154
-0.006
0.111
-0.333
-0.182
-0.363
0.588
-0.168
2.468
0.741
1.415
0.043
-0.165
1.555
-0.148
1.100
-0.132
-0.153
-0.066
-0.066
-0.184
-0.482
-0.112
-0.261
-0.197
-0.169
-0.167
1.301
1.035
-0.284
-0.189
-0.084
-0.102
-0.095
-0.112
-0.271
-0.061
0.213
-0.124
0.122
0.081
-0.114
1.250
0.964
0.252
0.028
0.140
-0.329
0.941
0.297
0.447
1.108
0.066
2.477
0.484
0.259
1.098
0.740
-0.226
-0.076
0.175
-1.062
-0.194
0.017
0.096
0.399
-0.237
-0.100
1.312
0.461
-0.173
-0.133
0.070
-0.853
-0.328
0.092
-0.369
0.126
-0.159
-0.219
0.362
0.312
-0.167
-0.433
-0.256
-0.778
0.480
0.437
0.275
-0.109
0.168
-0.122
-0.192
-0.076
-0.260
0.799
-0.206
-0.053
-0.152
